7.8378e-01 6.0920e-01 8.3333e-01 7.3864e-01 2.4658e-01 0.0000e+00 3.7778e-01 1.9737e-01 9.8462e-01 9.6552e-01 9.2308e-01 9.7101e-01 7.6829e-01 8.9394e-01 7.5362e-01 4.3750e-01 7.5000e-01 4.9315e-01 6.9512e-01 5.0000e-01 5.5556e-01 9.8592e-01 1.0000e+00 9.8734e-01 5.8209e-01 8.3721e-01 7.1233e-01 6.0494e-01 4.7059e-01 8.5185e-01 8.6441e-01 3.8710e-01 8.8506e-01 9.8734e-01 3.5294e-01 5.3731e-01 8.3951e-01 6.4151e-01 5.4167e-01 9.1139e-01 9.0411e-01 3.2500e-01 9.8592e-01 9.7297e-01 2.5000e-01 2.7692e-01 2.6582e-01 4.9296e-01 4.1892e-01 7.1667e-01
1.0000e-01 3.5821e-01 4.3103e-01 4.4776e-02 9.5890e-02 2.5926e-01 5.7143e-02 5.2381e-01 1.9355e-01 2.9091e-01 2.3529e-01 1.3043e-01 2.3188e-01 4.2857e-02 6.1333e-01 2.9412e-02 2.6923e-01 5.8696e-01 4.0000e-01 1.7910e-01 3.0769e-01 5.1667e-01 4.1379e-01 1.0938e-01 3.7647e-01 3.3766e-01 3.0556e-01 1.5854e-01 5.0588e-01 1.2162e-01 3.8667e-01 5.4545e-01 1.5714e-01 2.6389e-01 3.4091e-01 5.2000e-01 1.4062e-01 1.3559e-01 2.4561e-01 1.4754e-01 8.0000e-02 1.6176e-01 5.4930e-01 5.0685e-01 1.9231e-01 2.3611e-01 2.8169e-02 1.5385e-02 1.5068e-01 5.3030e-01
8.5294e-01 7.2727e-01 9.7403e-01 1.6456e-01 1.1111e-01 3.2432e-01 1.0000e+00 5.5769e-01 1.9481e-01 2.7941e-01 9.7059e-01 1.1667e-01 1.5789e-01 1.3433e-01 4.8810e-01 0.0000e+00 1.2987e-01 8.0000e-02 6.1111e-01 6.2766e-01 2.3611e-01 2.0000e-01 6.3158e-01 7.4074e-02 7.7083e-01 5.3165e-01 6.4062e-01 3.1325e-01 8.8406e-01 2.8986e-01 5.3086e-01 1.0000e+00 7.5581e-01 4.4444e-01 2.6761e-01 5.0000e-01 1.2987e-01 7.0588e-01 2.3810e-01 8.1818e-01 2.0270e-01 2.1622e-01 6.5574e-02 5.5000e-01 5.8065e-01 2.3171e-01 1.3115e-01 9.8529e-01 5.0685e-01 9.1139e-01
3.2099e-01 4.1026e-01 4.8193e-02 2.1333e-01 8.2192e-02 5.0000e-01 2.0482e-01 6.3492e-02 3.0769e-02 4.0000e-01 4.2857e-01 4.2667e-01 2.8788e-01 4.8485e-01 8.8608e-02 1.2658e-01 8.3333e-02 3.5714e-01 3.9189e-01 5.0685e-01 7.8313e-01 4.2029e-01 4.5333e-01 5.0000e-01 6.8519e-01 7.2308e-01 8.8060e-01 6.4000e-01 4.5055e-01 4.3860e-01 8.9333e-01 4.8276e-01 5.6667e-01 8.0303e-01 6.4865e-01 5.8824e-01 4.2254e-01 4.0845e-01 6.4815e-01 2.4590e-01 3.6000e-01 5.9091e-01 2.6667e-01 1.3514e-01 6.1842e-01 7.6389e-01 6.9841e-01 5.0725e-01 5.9259e-01 4.6269e-01
5.7746e-01 6.6667e-01 6.3333e-01 4.5455e-01 5.3521e-01 6.5753e-01 4.5122e-01 8.0000e-01 1.7188e-01 4.2466e-01 7.0769e-01 6.0714e-01 7.8873e-01 3.2967e-01 4.2683e-01 3.7500e-01 7.3846e-01 4.0299e-01 4.7619e-01 6.1194e-01 7.6250e-01 5.0746e-01 2.7941e-01 2.8947e-01 4.9020e-01 5.0000e-01 8.7838e-01 5.8667e-01 8.0000e-01 3.5088e-01 5.6410e-01 8.1579e-01 5.1667e-01 4.4776e-01 9.0123e-01 7.2973e-01 6.5714e-01 5.3425e-01 6.7059e-01 3.7143e-01 5.5556e-01 6.5714e-01 4.1096e-01 2.3077e-01 6.0656e-01 4.5161e-01 6.0759e-01 4.0909e-01 6.1290e-01 8.4211e-01
1.0000e+00 1.0000e+00 1.0000e+00 9.0123e-01 8.2258e-01 4.9275e-01 7.2500e-01 9.2405e-01 8.0000e-01 9.8529e-01 6.1972e-01 8.3077e-01 9.7368e-01 7.2857e-01 5.4054e-01 3.2258e-02 7.6316e-01 1.5854e-01 6.2162e-01 5.9701e-02 9.7333e-01 1.0000e+00 1.0000e+00 9.7753e-01 1.0000e+00 6.9565e-01 9.7297e-01 5.9459e-01 9.3651e-01 1.3158e-01 9.6610e-01 7.7500e-01 6.0870e-01 8.7097e-01 9.8305e-01 1.0000e+00 9.1667e-01 9.5312e-01 9.7101e-01 9.8701e-01 9.8507e-01 9.8529e-01 9.4872e-01 1.0000e+00 1.0000e+00 6.7901e-01 3.6709e-01 9.2063e-01 4.9275e-01 5.3012e-01
9.8246e-01 1.4444e-01 8.9552e-01 7.1250e-01 9.4203e-01 2.5000e-01 9.6774e-01 9.3506e-01 1.9737e-01 9.4667e-01 1.8750e-01 1.7143e-01 1.0345e-01 4.9333e-01 2.6866e-01 7.4648e-01 6.3768e-01 2.9412e-02 1.1842e-01 5.9155e-01 7.9245e-01 2.8169e-02 4.4615e-01 2.8000e-01 7.7966e-01 3.4921e-01 4.0000e-02 6.0920e-01 7.8205e-01 2.4615e-01 2.9487e-01 6.9118e-01 3.5821e-01 4.1096e-02 2.4096e-02 8.4375e-01 3.6986e-01 5.4054e-02 4.8101e-01 6.7164e-01 8.0000e-01 2.9091e-01 8.9610e-01 1.8841e-01 3.9216e-02 4.3373e-01 2.4242e-01 9.6721e-01 7.8313e-01 7.6923e-02
2.6582e-01 5.3623e-01 7.2000e-01 3.2857e-01 7.6056e-01 2.9412e-01 3.7681e-01 5.5556e-01 6.6667e-01 6.1644e-01 3.2877e-01 7.7465e-01 3.1667e-01 7.3973e-01 7.3134e-01 4.9231e-01 4.4048e-01 4.2424e-01 1.3699e-01 5.2381e-01 8.1928e-01 3.7037e-01 3.2500e-01 3.1081e-01 4.5455e-01 3.4328e-01 9.0000e-01 5.1471e-01 8.6420e-01 3.7879e-01 4.0580e-01 5.4667e-01 7.6562e-01 9.2647e-01 8.5484e-01 7.8788e-01 7.5758e-02 5.3947e-01 5.3012e-01 3.9286e-01 6.9355e-01 2.6027e-01 2.1875e-01 3.5135e-01 2.3529e-01 6.9231e-01 5.0000e-01 3.0769e-01 7.0968e-01 8.3051e-01
6.7568e-01 9.0411e-01 7.0423e-01 9.6000e-01 8.4722e-01 8.8406e-01 7.2464e-01 6.3380e-01 5.8667e-01 6.2857e-01 7.2727e-01 6.1538e-01 8.0822e-01 7.9167e-01 5.6164e-01 4.9231e-01 5.7143e-01 4.2188e-01 6.8966e-01 5.8750e-01 5.8442e-01 5.3968e-01 8.4507e-01 5.3731e-01 6.8182e-01 8.5938e-01 8.6486e-01 6.5625e-01 8.2759e-01 7.7500e-01 5.7333e-01 7.0000e-01 6.8116e-01 5.8621e-01 8.5135e-01 6.9880e-01 9.0123e-01 6.0000e-01 3.9286e-01 5.7500e-01 6.8421e-01 5.3947e-01 6.7949e-01 9.5455e-01 7.5281e-01 6.1842e-01 7.5342e-01 6.1017e-01 6.1429e-01 7.8667e-01
6.1644e-01 1.0769e-01 6.3934e-01 9.0909e-02 2.1622e-01 7.7333e-01 2.4242e-01 3.1169e-01 8.4507e-02 6.4474e-01 5.9701e-01 8.4146e-01 2.5000e-01 4.2857e-01 8.4507e-02 3.3333e-01 5.8904e-01 4.5122e-01 5.3947e-01 5.9091e-01 7.8378e-01 2.1875e-01 4.3333e-01 2.4194e-01 4.6377e-01 7.9747e-01 7.9032e-01 3.9130e-01 4.1250e-01 5.5932e-01 5.6716e-01 6.0526e-01 8.4507e-02 4.8148e-01 5.8824e-01 2.8358e-01 8.8235e-02 5.6579e-01 7.6712e-01 1.5789e-01 5.1515e-01 4.0260e-01 4.5161e-01 3.3333e-01 5.6716e-01 4.1176e-01 5.2459e-01 5.5738e-01 5.0725e-01 6.3750e-01
