5.5000e+01 2.3000e+01 1.1600e+02 4.3000e+01 2.3400e+02 7.7000e+01 4.5000e+01 4.8800e+02 2.4100e+02 1.2400e+02 6.4000e+01 3.0000e+01 1.2000e+01 3.2000e+01 3.4000e+01 3.7000e+01 1.2000e+01 1.1000e+01 1.9000e+01 1.8000e+01 7.4000e+01 8.0000e+00 1.2300e+02 2.8000e+01 2.2000e+01 1.4000e+01 1.0800e+02 3.7000e+01 3.0700e+02 1.8600e+02 5.5470e+03 9.4200e+02 7.7000e+01 1.5400e+02 6.8000e+01 2.9000e+01 1.1000e+01 2.1000e+01 2.8000e+01 8.8000e+01 1.2000e+01 1.2000e+01 7.0000e+00 2.8000e+01 1.8000e+02 1.0000e+01 3.2000e+01 4.1000e+01 1.9000e+01 7.6000e+01
9.0000e+00 7.9000e+01 7.0000e+00 1.1000e+01 4.4070e+03 8.0000e+00 1.0000e+01 4.0000e+01 2.2000e+01 8.0000e+00 1.2000e+01 8.0000e+00 1.0000e+01 1.1000e+01 1.5000e+01 7.6000e+01 1.2000e+01 8.0000e+00 1.9000e+01 2.0000e+01 7.0000e+00 2.8000e+01 5.1400e+02 7.0000e+00 1.9000e+01 1.4000e+01 1.1000e+01 1.7000e+01 1.5900e+02 4.8600e+02 2.2000e+01 9.0000e+00 9.0000e+00 1.7000e+01 1.8000e+01 9.0000e+00 8.0000e+00 9.0000e+00 1.5000e+01 1.4000e+01 8.0000e+00 3.2000e+01 9.0000e+00 1.0000e+01 5.7340e+03 8.3000e+01 7.0000e+00 1.1000e+01 9.0000e+00 1.1000e+01
7.0000e+00 3.3000e+01 1.3000e+01 9.3000e+01 6.4000e+01 9.6000e+01 3.8000e+01 6.2000e+01 3.1500e+02 3.0000e+01 5.6060e+03 1.1000e+01 1.6400e+02 3.4600e+02 1.2000e+01 4.4800e+02 4.2000e+01 3.1000e+01 9.7000e+01 3.6000e+01 5.7000e+01 1.6000e+01 3.2000e+01 6.9000e+01 5.6040e+03 3.0000e+01 2.2000e+01 7.1000e+01 3.6100e+02 9.3000e+01 6.8000e+01 4.0000e+01 8.0000e+01 7.7000e+01 1.1190e+03 2.9000e+01 3.3000e+01 1.0000e+01 4.5000e+01 4.6000e+01 1.4800e+02 3.7000e+01 2.5800e+02 5.3000e+01 0.0000e+00 1.0000e+01 2.6000e+01 2.3000e+01 3.4000e+01 3.2000e+01
5.9390e+03 3.1000e+01 5.7990e+03 5.6390e+03 2.5000e+01 5.2840e+03 5.9050e+03 2.3800e+02 4.4960e+03 5.6790e+03 2.8000e+01 5.0000e+03 5.1690e+03 4.9250e+03 1.2000e+01 4.5250e+03 2.9000e+01 4.2200e+02 8.2100e+02 1.8000e+01 5.7220e+03 5.7480e+03 2.6000e+01 5.9120e+03 1.4000e+01 2.4490e+03 3.8900e+03 2.1200e+02 3.5000e+01 1.8610e+03 2.4000e+01 1.5200e+02 3.0100e+02 9.0000e+00 2.2000e+01 7.0000e+00 3.4610e+03 2.6720e+03 3.4000e+01 1.7000e+01 5.8040e+03 5.6720e+03 1.8000e+01 7.1400e+02 0.0000e+00 5.9210e+03 5.3620e+03 5.2140e+03 5.8970e+03 1.1000e+01
0.0000e+00 1.3000e+01 7.0000e+00 1.1000e+01 2.1000e+01 8.0000e+00 0.0000e+00 9.0000e+00 1.3000e+01 8.0000e+00 1.7000e+01 1.6000e+01 1.0000e+01 1.1000e+01 1.2000e+01 5.7000e+01 2.3000e+01 8.0000e+00 1.2000e+01 3.8000e+01 3.0000e+01 8.0000e+00 8.3000e+01 0.0000e+00 2.2000e+01 1.6000e+01 1.1000e+01 1.7000e+01 1.5000e+01 1.5000e+01 2.8000e+01 6.0000e+01 9.0000e+00 1.3000e+01 2.0000e+01 7.0000e+00 8.0000e+00 7.0000e+00 1.0360e+03 1.4000e+01 8.0000e+00 1.2000e+01 9.0000e+00 1.0000e+01 0.0000e+00 0.0000e+00 9.0000e+00 3.2800e+02 9.0000e+00 9.0000e+00
0.0000e+00 3.1000e+01 1.7000e+01 1.3000e+01 1.1000e+01 1.8000e+01 0.0000e+00 9.0000e+00 1.3000e+01 8.0000e+00 7.5000e+01 1.3000e+01 1.2000e+01 1.8000e+01 4.7000e+01 1.2800e+02 2.1000e+01 1.1000e+01 1.5000e+01 1.4000e+01 1.9000e+01 8.0000e+00 1.9000e+01 0.0000e+00 3.5000e+01 1.4000e+01 1.1000e+01 1.7000e+01 6.0000e+01 2.8420e+03 1.9000e+01 5.7000e+01 1.5000e+01 9.0000e+00 1.5000e+01 7.0000e+00 8.0000e+00 3.2570e+03 4.9640e+03 2.7000e+01 1.0000e+01 3.4000e+01 5.8550e+03 1.0000e+01 0.0000e+00 0.0000e+00 1.4000e+01 1.5000e+01 9.0000e+00 9.0000e+00
0.0000e+00 1.5000e+01 1.9000e+01 1.5000e+01 2.3000e+01 1.2000e+01 0.0000e+00 1.3000e+01 1.3000e+01 1.3000e+01 1.7000e+01 1.0000e+01 1.2000e+01 1.6000e+01 1.2000e+01 1.9700e+02 1.2000e+01 1.4000e+01 1.2000e+01 1.4000e+01 7.0000e+00 8.0000e+00 2.6000e+01 0.0000e+00 1.7000e+01 1.9000e+01 1.1000e+01 2.1000e+01 1.5000e+01 1.2800e+02 1.6000e+01 1.7000e+01 9.0000e+00 9.0000e+00 2.7000e+01 9.0000e+00 1.0000e+01 0.0000e+00 0.0000e+00 2.2000e+01 8.0000e+00 1.2000e+01 0.0000e+00 1.7000e+01 0.0000e+00 0.0000e+00 1.1000e+01 3.2000e+01 7.0000e+00 9.0000e+00
0.0000e+00 1.0800e+02 2.6000e+01 1.1800e+02 7.7000e+01 1.7000e+01 0.0000e+00 6.8000e+01 9.0700e+02 7.7000e+01 3.0000e+01 1.1000e+01 2.9000e+01 1.6000e+01 2.5600e+02 4.5500e+02 2.5800e+02 1.5500e+02 3.0000e+01 9.7000e+01 1.3000e+01 8.0000e+00 5.0860e+03 0.0000e+00 1.0200e+02 3.3700e+03 3.2000e+01 5.4790e+03 2.9500e+02 1.2000e+02 6.1000e+01 3.3000e+01 1.9000e+01 1.5000e+01 2.2400e+02 9.3000e+01 4.4000e+01 0.0000e+00 0.0000e+00 8.3400e+02 2.7000e+01 1.1000e+02 0.0000e+00 3.2000e+01 0.0000e+00 0.0000e+00 6.8000e+01 2.5900e+02 1.3000e+01 2.5000e+01
0.0000e+00 1.5000e+01 1.9000e+01 6.7000e+01 8.0000e+01 1.3000e+01 0.0000e+00 3.2000e+01 3.1000e+01 8.0000e+00 2.4000e+01 3.8000e+01 1.7000e+01 1.1000e+01 1.2000e+01 3.2000e+01 2.1000e+01 1.1000e+01 2.8000e+01 1.4000e+01 9.0000e+00 4.1000e+01 8.8000e+01 0.0000e+00 3.1000e+01 3.0000e+01 1.1000e+01 2.1000e+01 2.8000e+01 8.4000e+01 1.6000e+01 1.7000e+01 9.0000e+00 9.0000e+00 9.4000e+01 4.0000e+01 1.3000e+01 0.0000e+00 0.0000e+00 1.7000e+01 1.0000e+01 1.5000e+01 0.0000e+00 3.2000e+01 0.0000e+00 0.0000e+00 7.2000e+01 1.6000e+01 7.0000e+00 1.8000e+01
0.0000e+00 5.6290e+03 9.0000e+00 1.7000e+01 1.0780e+03 4.2200e+02 0.0000e+00 5.0160e+03 8.8000e+01 1.5000e+01 4.1000e+01 7.9700e+02 3.9800e+02 6.6100e+02 5.6240e+03 1.9000e+01 5.7210e+03 5.3060e+03 4.9760e+03 5.8780e+03 1.5000e+02 8.0000e+00 3.2000e+01 0.0000e+00 1.4400e+02 1.0700e+02 1.9570e+03 8.2000e+01 4.6630e+03 1.7000e+01 7.7000e+01 4.6220e+03 5.5490e+03 5.6890e+03 4.2930e+03 5.7220e+03 2.3880e+03 0.0000e+00 0.0000e+00 4.9890e+03 1.2000e+01 3.2000e+01 0.0000e+00 5.1800e+03 0.0000e+00 0.0000e+00 3.8800e+02 2.0000e+01 1.7000e+01 5.6890e+03
