2.0000e+00 1.0000e+00 1.0000e+00 1.4000e+01 1.0000e+00 2.0000e+00 1.0000e+00 1.0000e+00 6.5000e+01 9.7860e+03
1.0000e+00 1.0000e+00 1.0000e+00 9.7480e+03 1.0000e+00 1.0000e+00 6.0000e+00 1.0000e+00 1.0000e+00 1.0200e+02
6.8100e+02 1.0000e+00 1.0000e+00 1.0000e+01 9.7540e+03 1.0000e+00 8.5100e+02 1.0000e+00 1.0000e+00 2.0000e+00
3.0000e+00 2.0000e+00 3.0000e+00 1.0000e+00 4.0000e+00 1.0094e+04 2.0000e+00 1.0000e+00 4.0000e+00 2.0000e+00
1.0000e+00 1.0000e+00 1.0025e+04 1.0000e+00 1.0000e+00 1.0000e+00 1.0000e+00 2.0000e+00 1.0000e+00 5.0000e+00
1.0000e+00 1.0000e+00 2.0000e+00 3.0000e+00 1.0000e+00 7.0000e+00 9.2290e+03 1.0600e+02 1.0000e+00 1.0000e+00
9.4050e+03 1.0000e+00 2.0000e+00 1.0000e+00 6.0000e+00 4.0000e+00 1.0000e+00 1.0000e+00 2.0000e+00 7.0000e+00
2.0000e+00 8.3400e+02 9.0000e+00 1.0000e+00 2.0000e+00 2.0000e+00 1.0000e+01 9.8750e+03 2.0000e+00 1.0000e+00
1.0000e+00 5.0000e+00 1.0000e+00 2.0000e+00 1.5000e+01 1.0000e+00 2.0000e+00 1.2000e+01 9.9460e+03 1.1000e+01
1.0000e+00 9.2770e+03 1.0000e+00 1.0000e+00 2.0000e+00 1.0000e+00 1.0000e+00 2.0000e+00 1.0000e+00 2.0000e+00
