5.0000e-01 0.0000e+00 0.0000e+00 8.5714e-01 0.0000e+00 5.0000e-01 0.0000e+00 0.0000e+00 8.9231e-01 9.7323e-01
0.0000e+00 0.0000e+00 0.0000e+00 9.9703e-01 0.0000e+00 0.0000e+00 8.3333e-01 0.0000e+00 0.0000e+00 9.9020e-01
9.7063e-01 0.0000e+00 0.0000e+00 8.0000e-01 7.7937e-01 0.0000e+00 9.7415e-01 0.0000e+00 0.0000e+00 5.0000e-01
6.6667e-01 5.0000e-01 6.6667e-01 0.0000e+00 7.5000e-01 9.7910e-01 5.0000e-01 0.0000e+00 7.5000e-01 5.0000e-01
0.0000e+00 0.0000e+00 8.7481e-01 0.0000e+00 0.0000e+00 0.0000e+00 0.0000e+00 5.0000e-01 0.0000e+00 6.0000e-01
0.0000e+00 0.0000e+00 5.0000e-01 6.6667e-01 0.0000e+00 7.1429e-01 9.6771e-01 8.1132e-01 0.0000e+00 0.0000e+00
8.3052e-01 0.0000e+00 5.0000e-01 0.0000e+00 5.0000e-01 5.0000e-01 0.0000e+00 0.0000e+00 5.0000e-01 7.1429e-01
5.0000e-01 9.7122e-01 8.8889e-01 0.0000e+00 5.0000e-01 5.0000e-01 8.0000e-01 8.3372e-01 5.0000e-01 0.0000e+00
0.0000e+00 6.0000e-01 0.0000e+00 5.0000e-01 4.6667e-01 0.0000e+00 5.0000e-01 5.8333e-01 7.3195e-01 5.4545e-01
0.0000e+00 9.9289e-01 0.0000e+00 0.0000e+00 5.0000e-01 0.0000e+00 0.0000e+00 5.0000e-01 0.0000e+00 5.0000e-01
