7.2560e-01 4.6064e-01 8.7656e-01 7.6421e-01 3.9123e-01 1.4109e-02 4.8214e-01 2.5429e-01 9.8264e-01 9.9674e-01 8.5345e-01 9.5907e-01 7.1501e-01 9.1214e-01 7.5499e-01 4.6050e-01 7.4437e-01 4.8377e-01 7.2556e-01 4.5312e-01 5.5095e-01 9.7517e-01 9.6239e-01 9.9295e-01 5.0960e-01 8.9402e-01 7.5338e-01 5.9259e-01 4.7804e-01 8.6877e-01 8.7340e-01 4.9578e-01 8.8361e-01 9.9178e-01 4.2496e-01 5.6449e-01 8.9384e-01 7.1824e-01 5.0709e-01 9.3966e-01 9.4128e-01 3.3449e-01 9.6091e-01 9.9316e-01 3.0853e-01 3.7361e-01 2.4581e-01 4.3380e-01 4.4857e-01 7.2556e-01
1.6803e-01 3.5877e-01 5.1747e-01 8.5714e-02 1.4527e-01 2.8431e-01 6.3333e-02 4.6805e-01 1.7481e-01 4.4695e-01 1.4596e-01 1.9262e-01 2.4415e-01 7.0812e-02 5.0329e-01 3.6907e-02 3.1786e-01 3.6129e-01 4.1385e-01 2.0714e-01 3.5050e-01 4.8936e-01 3.6442e-01 1.0697e-01 3.8120e-01 4.3449e-01 2.7895e-01 2.0994e-01 4.7861e-01 1.5210e-01 3.0833e-01 4.8571e-01 1.6813e-01 2.1261e-01 4.5356e-01 4.7148e-01 1.8425e-01 9.8569e-02 2.4914e-01 1.5835e-01 5.0536e-02 1.0167e-01 5.7941e-01 4.4982e-01 1.9936e-01 3.0667e-01 2.0513e-02 1.6892e-03 1.3876e-01 4.7735e-01
8.7544e-01 6.8111e-01 9.9124e-01 1.9310e-01 8.6614e-02 3.9936e-01 1.0000e+00 6.2848e-01 2.2259e-01 3.1333e-01 9.4894e-01 8.3882e-02 1.6107e-01 7.6106e-02 5.5178e-01 0.0000e+00 1.5188e-01 1.5257e-01 5.7994e-01 5.1420e-01 2.6399e-01 1.1943e-01 5.7993e-01 9.3023e-02 6.9217e-01 5.3199e-01 6.6784e-01 3.3890e-01 9.0725e-01 2.9451e-01 5.0931e-01 1.0000e+00 8.4300e-01 3.2727e-01 2.0930e-01 5.6331e-01 1.4023e-01 6.7732e-01 1.6225e-01 8.0813e-01 1.6506e-01 3.1606e-01 5.2101e-02 5.8644e-01 4.6266e-01 2.9841e-01 5.0083e-02 9.8905e-01 5.0720e-01 8.8777e-01
3.3005e-01 3.4418e-01 2.7419e-02 1.5807e-01 5.8252e-02 5.1628e-01 2.5167e-01 3.8591e-02 1.0294e-01 4.2974e-01 3.4206e-01 5.0263e-01 2.6699e-01 4.5586e-01 6.5990e-02 1.6418e-01 5.0633e-02 3.6893e-01 3.4477e-01 4.9758e-01 7.0930e-01 4.5407e-01 5.5342e-01 5.7539e-01 7.2793e-01 6.9529e-01 7.5567e-01 6.5536e-01 6.1002e-01 5.0685e-01 8.4130e-01 5.2467e-01 4.8885e-01 7.2598e-01 6.8421e-01 5.6303e-01 3.4775e-01 4.1452e-01 7.3096e-01 3.1525e-01 4.4724e-01 5.9302e-01 2.7365e-01 1.4384e-01 5.9247e-01 7.7424e-01 6.0000e-01 4.9763e-01 5.5839e-01 5.3141e-01
5.7166e-01 5.8216e-01 6.5609e-01 3.4074e-01 5.5044e-01 5.6699e-01 4.7705e-01 7.8369e-01 1.3300e-01 4.6434e-01 7.1157e-01 5.7401e-01 8.0105e-01 3.5750e-01 4.2903e-01 4.1113e-01 8.0826e-01 4.4536e-01 4.5738e-01 5.7550e-01 6.2832e-01 5.3147e-01 2.8861e-01 2.7656e-01 4.2965e-01 4.6102e-01 9.3641e-01 5.1570e-01 8.1571e-01 3.6661e-01 5.2421e-01 7.0962e-01 5.0617e-01 2.8785e-01 9.2941e-01 7.6166e-01 6.5705e-01 5.3734e-01 5.4483e-01 3.9628e-01 5.4417e-01 6.5139e-01 3.9280e-01 2.6841e-01 5.1248e-01 4.4667e-01 6.2007e-01 4.4234e-01 6.2709e-01 8.7370e-01
9.9851e-01 1.0000e+00 1.0000e+00 9.4428e-01 9.0182e-01 5.5302e-01 7.0310e-01 9.3894e-01 8.2234e-01 9.8490e-01 7.1615e-01 8.1561e-01 9.7479e-01 8.7234e-01 5.8805e-01 3.4072e-02 6.7753e-01 1.2981e-01 7.3947e-01 1.3499e-01 9.3388e-01 9.9640e-01 9.9324e-01 9.8822e-01 1.0000e+00 7.2605e-01 9.6926e-01 5.9898e-01 9.0084e-01 1.5183e-01 9.8413e-01 8.8448e-01 5.7555e-01 8.8908e-01 9.7368e-01 9.7364e-01 8.9020e-01 9.4192e-01 9.6091e-01 9.9214e-01 9.3390e-01 9.6684e-01 9.3710e-01 9.9667e-01 9.8765e-01 6.8028e-01 3.6204e-01 9.0598e-01 5.7288e-01 5.1759e-01
9.7549e-01 2.1107e-01 8.1944e-01 7.5204e-01 9.1843e-01 2.2411e-01 9.6916e-01 9.8336e-01 1.8887e-01 9.0404e-01 2.7373e-01 1.2969e-01 1.5228e-01 3.8898e-01 3.1810e-01 7.2193e-01 7.6509e-01 6.0177e-02 1.1695e-01 5.3822e-01 7.9019e-01 1.6750e-02 4.6711e-01 2.7721e-01 7.5622e-01 3.4053e-01 4.1885e-02 5.9213e-01 7.7504e-01 2.5043e-01 3.5170e-01 7.2605e-01 3.4591e-01 1.6129e-02 1.8333e-02 8.6522e-01 3.5000e-01 8.0328e-02 6.0763e-01 7.0894e-01 7.7651e-01 2.8361e-01 9.3115e-01 2.6480e-01 1.0873e-01 3.6602e-01 2.2843e-01 9.7727e-01 7.7974e-01 7.2056e-02
3.6928e-01 6.0540e-01 6.3489e-01 3.2850e-01 6.9565e-01 3.8319e-01 3.7876e-01 4.9839e-01 6.5303e-01 5.8120e-01 3.9464e-01 8.3559e-01 2.7288e-01 7.5832e-01 6.5016e-01 5.1356e-01 5.4443e-01 4.0275e-01 1.6724e-01 5.0569e-01 8.1369e-01 4.3866e-01 3.3333e-01 2.9027e-01 2.9432e-01 3.9145e-01 7.9863e-01 4.4481e-01 8.4386e-01 3.5264e-01 5.8374e-01 5.2821e-01 7.1115e-01 8.7585e-01 8.0409e-01 7.8522e-01 9.9668e-02 5.4045e-01 6.1063e-01 4.7030e-01 5.6655e-01 2.3344e-01 1.8740e-01 2.9797e-01 3.2512e-01 6.8657e-01 5.6158e-01 3.2069e-01 7.4172e-01 7.7187e-01
6.7726e-01 9.1806e-01 7.4227e-01 9.6000e-01 7.5793e-01 9.1424e-01 6.1489e-01 5.9277e-01 5.5238e-01 5.7095e-01 6.8700e-01 7.2397e-01 7.7483e-01 7.8559e-01 6.3403e-01 5.0249e-01 5.7562e-01 4.5307e-01 6.2399e-01 5.9594e-01 5.7027e-01 4.9518e-01 8.1993e-01 4.9916e-01 6.5154e-01 7.7258e-01 8.7097e-01 5.4355e-01 8.4000e-01 7.9288e-01 5.1713e-01 6.6837e-01 7.0167e-01 6.6810e-01 8.0796e-01 6.5625e-01 8.8408e-01 6.2375e-01 4.0599e-01 5.4310e-01 6.8685e-01 5.8506e-01 6.9231e-01 9.0833e-01 6.7077e-01 7.0656e-01 8.1431e-01 6.2589e-01 6.3937e-01 7.6199e-01
6.0883e-01 1.2821e-01 7.1315e-01 5.6782e-02 1.9145e-01 7.9602e-01 2.4828e-01 2.8713e-01 5.7096e-02 6.2520e-01 5.6885e-01 8.0878e-01 2.2425e-01 4.9591e-01 1.5033e-01 2.2071e-01 5.6766e-01 4.4314e-01 4.5357e-01 5.1993e-01 8.3850e-01 3.6301e-01 5.2445e-01 3.0442e-01 5.0000e-01 8.1552e-01 8.2524e-01 4.7550e-01 4.4884e-01 6.1395e-01 5.1238e-01 6.2303e-01 6.6775e-02 4.8480e-01 5.4412e-01 2.3248e-01 5.7756e-02 4.7778e-01 6.6435e-01 1.3980e-01 6.2017e-01 5.2990e-01 4.2654e-01 2.6246e-01 5.9390e-01 4.7359e-01 5.4801e-01 7.1405e-01 4.9911e-01 6.6782e-01
