6.0000e-01 2.2222e-01 8.5714e-01 7.2464e-01 4.2857e-01 0.0000e+00 5.3333e-01 0.0000e+00 9.8062e-01 1.0000e+00 1.0000e+00 9.2857e-01 6.0526e-01 9.0568e-01 5.8333e-01 4.0000e-01 6.3158e-01 2.7273e-01 6.7769e-01 4.7917e-01 5.4545e-01 9.6498e-01 9.5218e-01 9.9383e-01 5.6757e-01 7.8571e-01 5.8333e-01 4.2424e-01 4.5455e-01 8.8533e-01 9.0909e-01 7.5000e-01 8.9505e-01 9.5833e-01 3.3333e-01 5.7143e-01 8.6860e-01 6.7188e-01 4.1176e-01 9.3482e-01 9.2089e-01 2.5000e-01 1.0000e+00 9.8438e-01 2.5000e-01 1.6667e-01 4.0741e-01 6.6667e-01 4.2308e-01 9.1667e-01
1.0345e-01 3.3088e-01 5.3437e-01 7.4074e-02 7.1429e-02 1.9048e-01 0.0000e+00 4.6171e-01 1.4634e-01 4.2260e-01 1.0000e-01 1.3333e-01 2.8866e-01 9.3750e-02 5.4364e-01 2.7778e-02 3.1746e-01 4.0646e-01 4.0028e-01 1.5741e-01 3.4043e-01 4.9758e-01 3.5294e-01 4.0000e-02 4.4113e-01 3.2558e-01 2.3913e-01 1.7391e-01 5.0000e-01 8.3333e-02 1.4286e-01 4.6653e-01 1.4583e-01 2.0513e-01 3.9231e-01 4.4382e-01 1.9643e-01 3.8462e-02 2.3881e-01 1.7021e-01 1.2500e-01 1.1111e-01 5.6324e-01 4.4547e-01 2.0690e-01 2.3636e-01 5.7143e-02 0.0000e+00 8.3333e-02 4.8287e-01
8.6207e-01 7.0270e-01 9.9418e-01 3.1250e-01 0.0000e+00 3.3333e-01 1.0000e+00 6.2500e-01 1.0000e-01 2.3077e-01 9.4233e-01 1.4286e-01 0.0000e+00 0.0000e+00 4.0000e-01 0.0000e+00 2.9412e-01 1.2500e-01 5.1786e-01 5.0273e-01 4.3750e-01 0.0000e+00 6.1194e-01 1.0000e-01 7.0803e-01 4.5000e-01 8.3333e-01 1.8750e-01 8.9974e-01 9.0909e-02 4.7059e-01 1.0000e+00 8.2096e-01 1.4286e-01 0.0000e+00 5.5556e-01 1.0000e-01 6.2667e-01 2.6667e-01 8.1569e-01 1.0000e-01 4.0000e-01 0.0000e+00 4.6429e-01 4.6875e-01 3.0769e-01 8.3333e-02 9.8052e-01 5.3571e-01 9.2857e-01
8.3333e-02 2.8571e-01 8.3333e-02 2.8000e-01 1.2500e-01 3.5484e-01 0.0000e+00 0.0000e+00 7.1429e-02 5.0549e-01 4.0000e-01 5.5682e-01 3.4286e-01 5.0000e-01 8.3333e-02 1.2000e-01 0.0000e+00 3.9695e-01 3.7838e-01 4.9260e-01 7.2944e-01 3.5897e-01 5.0962e-01 5.7143e-01 7.0639e-01 6.6019e-01 7.3621e-01 6.3524e-01 5.7273e-01 3.7705e-01 8.5065e-01 3.9474e-01 5.1875e-01 7.4651e-01 5.8333e-01 5.9722e-01 3.4211e-01 1.2500e-01 7.4018e-01 2.1739e-01 4.0678e-01 5.5758e-01 2.2222e-01 1.6667e-01 5.1724e-01 7.8441e-01 5.9552e-01 4.8333e-01 5.7790e-01 5.7143e-01
3.1579e-01 5.7778e-01 6.9939e-01 4.1935e-01 6.4336e-01 4.7059e-01 5.0000e-01 7.8416e-01 0.0000e+00 4.3590e-01 7.2243e-01 6.4045e-01 8.1224e-01 2.5000e-01 3.7500e-01 3.9130e-01 8.0837e-01 4.7712e-01 4.9143e-01 5.4026e-01 6.8317e-01 5.0000e-01 0.0000e+00 2.6316e-01 4.9123e-01 5.0000e-01 9.0279e-01 4.3478e-01 8.1006e-01 2.0000e-01 5.4054e-01 7.3896e-01 4.5902e-01 3.3333e-01 9.1739e-01 8.1370e-01 5.9483e-01 2.5000e-01 5.4930e-01 4.0541e-01 5.8871e-01 5.9649e-01 3.5000e-01 9.0909e-02 4.5652e-01 5.2273e-01 6.3270e-01 5.3191e-01 6.3668e-01 8.6743e-01
1.0000e+00 1.0000e+00 1.0000e+00 1.0000e+00 1.0000e+00 5.2941e-01 8.4615e-01 9.0000e-01 8.4375e-01 1.0000e+00 7.3333e-01 9.1667e-01 9.7406e-01 8.5382e-01 4.7059e-01 0.0000e+00 6.6667e-01 1.8750e-01 7.2950e-01 1.1765e-01 8.5714e-01 9.9574e-01 9.9593e-01 9.8483e-01 1.0000e+00 1.0000e+00 1.0000e+00 6.3462e-01 7.5000e-01 2.3077e-01 1.0000e+00 1.0000e+00 6.1667e-01 8.6957e-01 1.0000e+00 1.0000e+00 8.9870e-01 9.6454e-01 9.6154e-01 9.9430e-01 9.3619e-01 9.6681e-01 8.5714e-01 1.0000e+00 9.8978e-01 6.6667e-01 4.0741e-01 1.0000e+00 5.8824e-01 5.3846e-01
9.7488e-01 2.6667e-01 8.0000e-01 6.9512e-01 9.1789e-01 1.1111e-01 9.6313e-01 9.6445e-01 1.0000e-01 9.0858e-01 2.5000e-01 0.0000e+00 2.6667e-01 5.2632e-01 4.5455e-01 7.4403e-01 8.0556e-01 0.0000e+00 1.6667e-01 5.5263e-01 9.2857e-01 0.0000e+00 4.6667e-01 2.9412e-01 7.8344e-01 3.5714e-01 1.4286e-01 6.1111e-01 8.1818e-01 9.0909e-02 0.0000e+00 8.0469e-01 1.5385e-01 0.0000e+00 0.0000e+00 8.6935e-01 3.5000e-01 1.0000e-01 5.6818e-01 7.2671e-01 7.7778e-01 2.9412e-01 9.3738e-01 4.4000e-01 1.6667e-01 2.5000e-01 2.2222e-01 9.8214e-01 7.8147e-01 2.2222e-01
3.6000e-01 6.2264e-01 5.8537e-01 3.0435e-01 6.9382e-01 3.9286e-01 2.7778e-01 5.1020e-01 6.4186e-01 5.2703e-01 2.0000e-01 8.0216e-01 1.4286e-01 7.7733e-01 6.7045e-01 5.1250e-01 5.5435e-01 4.0206e-01 1.0000e-01 5.0575e-01 8.2365e-01 4.6154e-01 3.7143e-01 3.2143e-01 7.6923e-02 4.7222e-01 8.1022e-01 4.7826e-01 8.3247e-01 3.9216e-01 3.8095e-01 4.0000e-01 6.6818e-01 8.8494e-01 7.9265e-01 8.2848e-01 2.1053e-01 3.0769e-01 6.2963e-01 2.9167e-01 4.4444e-01 2.9167e-01 3.1579e-01 1.4286e-01 3.2143e-01 6.8984e-01 5.3333e-01 3.9286e-01 7.2211e-01 8.0038e-01
5.1724e-01 9.1229e-01 6.4583e-01 9.4352e-01 7.2131e-01 9.2060e-01 3.5294e-01 4.5833e-01 5.6250e-01 6.0345e-01 7.0238e-01 6.0000e-01 7.8967e-01 7.6955e-01 7.0732e-01 4.7222e-01 5.5556e-01 3.3333e-01 6.5997e-01 5.3282e-01 4.2857e-01 1.6667e-01 8.0786e-01 5.3488e-01 6.8750e-01 6.6667e-01 7.0000e-01 5.8475e-01 1.0000e+00 8.0044e-01 4.1667e-01 7.1831e-01 5.8333e-01 6.4286e-01 9.0000e-01 6.7692e-01 8.8678e-01 5.2381e-01 4.1667e-01 5.2381e-01 7.1515e-01 5.0000e-01 6.4286e-01 9.2252e-01 6.1972e-01 7.0000e-01 8.0638e-01 5.5882e-01 7.0233e-01 8.1250e-01
5.9459e-01 1.7647e-01 7.0085e-01 8.3333e-02 1.3333e-01 8.0560e-01 3.0435e-01 3.5714e-01 0.0000e+00 6.8650e-01 5.9542e-01 8.1578e-01 2.0000e-01 3.7500e-01 1.8750e-01 9.5238e-02 5.6618e-01 4.4624e-01 4.2029e-01 5.2250e-01 8.2806e-01 4.2000e-01 5.1961e-01 2.6923e-01 4.8718e-01 8.2637e-01 8.1743e-01 4.8428e-01 5.0820e-01 5.5652e-01 6.2025e-01 5.8879e-01 0.0000e+00 3.4783e-01 5.5556e-01 1.4286e-01 0.0000e+00 4.4262e-01 6.3347e-01 1.6667e-01 6.1224e-01 5.6028e-01 2.8571e-01 3.3333e-01 6.4416e-01 4.5652e-01 5.3052e-01 6.8551e-01 5.3049e-01 6.3576e-01
