9.0000e+00 2.0000e+00 6.0000e+00 5.0000e+01 6.0000e+00 0.0000e+00 8.0000e+00 0.0000e+00 5.4150e+03 1.4000e+01 1.1000e+01 1.3000e+01 2.3000e+01 7.0100e+02 7.0000e+00 1.4000e+01 1.2000e+01 6.0000e+00 2.4600e+02 4.6000e+01 6.0000e+00 2.0390e+03 3.9030e+03 4.6740e+03 2.1000e+01 1.1000e+01 7.0000e+00 1.4000e+01 5.0000e+00 3.6440e+03 1.0000e+01 6.0000e+00 2.7460e+03 2.3000e+01 3.0000e+00 4.0000e+00 3.9000e+02 4.3000e+01 7.0000e+00 1.9220e+03 2.0370e+03 3.0000e+00 1.6000e+01 1.2600e+02 3.0000e+00 1.0000e+00 1.1000e+01 8.0000e+00 1.1000e+01 1.1000e+01
3.0000e+00 4.5000e+01 1.5080e+03 2.0000e+00 2.0000e+00 8.0000e+00 0.0000e+00 2.1100e+02 6.0000e+00 1.7200e+02 3.0000e+00 4.0000e+00 2.8000e+01 3.0000e+00 3.0020e+03 1.0000e+00 4.0000e+01 2.1880e+03 1.4410e+03 1.7000e+01 3.2000e+01 1.5420e+03 6.6000e+01 1.0000e+00 2.9600e+02 2.8000e+01 1.1000e+01 1.2000e+01 4.8000e+02 3.0000e+00 4.0000e+00 2.3000e+02 7.0000e+00 8.0000e+00 5.1000e+01 1.5800e+02 1.1000e+01 1.0000e+00 1.6000e+01 8.0000e+00 5.0000e+00 4.0000e+00 3.0370e+03 2.4100e+02 1.2000e+01 1.3000e+01 2.0000e+00 0.0000e+00 3.0000e+00 2.9600e+02
3.2500e+02 7.8000e+01 2.3930e+03 5.0000e+00 0.0000e+00 5.0000e+00 5.6160e+03 3.0000e+01 1.0000e+00 3.0000e+00 5.0330e+03 1.0000e+00 0.0000e+00 0.0000e+00 8.0000e+00 0.0000e+00 5.0000e+00 2.0000e+00 5.8000e+01 9.2000e+01 7.0000e+00 0.0000e+00 4.1000e+01 1.0000e+00 9.7000e+01 9.0000e+00 2.0000e+01 3.0000e+00 3.4100e+02 1.0000e+00 8.0000e+00 4.9500e+03 1.5590e+03 1.0000e+00 0.0000e+00 2.0000e+01 1.0000e+00 4.7000e+01 4.0000e+00 4.4700e+02 1.0000e+00 1.0000e+01 0.0000e+00 1.3000e+01 1.5000e+01 4.0000e+00 1.0000e+00 5.1340e+03 3.0000e+01 2.6000e+01
1.0000e+00 8.0000e+00 1.0000e+00 7.0000e+00 2.0000e+00 1.1000e+01 0.0000e+00 0.0000e+00 1.0000e+00 4.6000e+01 1.6000e+01 4.9000e+01 1.2000e+01 4.7000e+01 1.0000e+00 3.0000e+00 0.0000e+00 5.2000e+01 4.2000e+01 6.3200e+02 3.3700e+02 1.4000e+01 5.3000e+01 1.0000e+02 1.7250e+03 1.3600e+02 3.0700e+02 3.2810e+03 6.3000e+01 2.3000e+01 4.8640e+03 1.5000e+01 8.3000e+01 3.7400e+02 4.9000e+01 8.6000e+01 1.3000e+01 2.0000e+00 3.8460e+03 5.0000e+00 2.4000e+01 9.2000e+01 4.0000e+00 3.0000e+00 6.0000e+01 4.2860e+03 4.5200e+02 2.9000e+01 2.0400e+02 6.0000e+01
6.0000e+00 5.2000e+01 1.1400e+02 1.3000e+01 9.2000e+01 1.6000e+01 2.1000e+01 3.9600e+02 0.0000e+00 1.7000e+01 1.9000e+02 5.7000e+01 4.1140e+03 5.0000e+00 9.0000e+00 2.7000e+01 4.1550e+03 7.3000e+01 8.6000e+01 4.6300e+02 6.9000e+01 2.9000e+01 0.0000e+00 5.0000e+00 2.8000e+01 1.8000e+01 2.8510e+03 3.0000e+01 6.4400e+02 4.0000e+00 2.0000e+01 1.8400e+02 2.8000e+01 6.0000e+00 4.9860e+03 8.0800e+02 6.9000e+01 5.0000e+00 3.9000e+01 1.5000e+01 7.3000e+01 6.8000e+01 7.0000e+00 1.0000e+00 2.1000e+01 2.3000e+01 2.6700e+02 2.5000e+01 1.8400e+02 3.4220e+03
1.4000e+01 2.9000e+01 7.0000e+00 4.7000e+01 1.5000e+01 9.0000e+00 1.1000e+01 9.0000e+00 2.1600e+02 8.0000e+00 1.1000e+01 1.1000e+01 3.3800e+02 2.5700e+02 8.0000e+00 0.0000e+00 6.0000e+00 3.0000e+00 5.9600e+02 2.0000e+00 6.0000e+00 4.6700e+02 9.7900e+02 9.0900e+02 2.1740e+03 2.0000e+00 8.0000e+00 6.6000e+01 9.0000e+00 3.0000e+00 1.2000e+01 4.0000e+00 3.7000e+01 2.0000e+01 1.1000e+01 9.0000e+00 6.2100e+02 5.4670e+03 7.5000e+01 2.9630e+03 2.6410e+03 5.2150e+03 6.0000e+00 4.9000e+01 5.2310e+03 8.0000e+00 1.1000e+01 1.2000e+01 3.0000e+01 7.0000e+00
5.2400e+03 4.0000e+00 4.0000e+01 5.7000e+01 4.8960e+03 1.0000e+00 2.0900e+02 4.7480e+03 1.0000e+00 4.2140e+03 3.0000e+00 0.0000e+00 4.0000e+00 2.0000e+01 1.0000e+01 4.0810e+03 2.9000e+02 0.0000e+00 3.0000e+00 1.8900e+02 1.3000e+01 0.0000e+00 1.4000e+01 5.0000e+00 2.4600e+02 5.0000e+00 1.0000e+00 8.8000e+01 1.8000e+01 1.0000e+00 0.0000e+00 1.0300e+02 2.0000e+00 0.0000e+00 0.0000e+00 3.4600e+02 7.0000e+00 1.0000e+00 2.5000e+01 1.1700e+02 2.7300e+02 5.0000e+00 4.9400e+02 1.1000e+01 2.0000e+00 3.0000e+00 4.0000e+00 1.6500e+02 5.6500e+02 2.0000e+00
9.0000e+00 9.9000e+01 4.8000e+01 7.0000e+00 2.4700e+02 1.1000e+01 5.0000e+00 2.5000e+01 1.3800e+02 3.9000e+01 3.0000e+00 6.6900e+02 2.0000e+00 3.4980e+03 1.1800e+02 1.2300e+02 5.1000e+01 3.9000e+01 2.0000e+00 3.5200e+02 7.8000e+02 2.4000e+01 1.3000e+01 9.0000e+00 1.0000e+00 1.7000e+01 4.4400e+02 5.5000e+01 3.0360e+03 2.0000e+01 8.0000e+00 1.2000e+01 4.4100e+02 4.8300e+03 3.0200e+02 3.4150e+03 4.0000e+00 8.0000e+00 1.0200e+02 7.0000e+00 2.4000e+01 7.0000e+00 6.0000e+00 2.0000e+00 9.0000e+00 1.2900e+02 8.8000e+01 1.1000e+01 2.9000e+03 8.5000e+02
1.5000e+01 4.9820e+03 3.1000e+01 5.3290e+03 8.8000e+01 3.7100e+02 6.0000e+00 1.1000e+01 2.7000e+01 3.5000e+01 5.9000e+01 6.0000e+00 2.1400e+02 1.8700e+02 5.8000e+01 3.4000e+01 2.5000e+01 1.2000e+01 4.2700e+02 1.3800e+02 3.0000e+00 2.0000e+00 3.7000e+02 2.3000e+01 7.7000e+01 1.0000e+01 7.0000e+00 6.9000e+01 4.0000e+00 1.1030e+03 5.0000e+00 5.1000e+01 4.2000e+01 1.8000e+01 9.0000e+00 4.4000e+01 4.0180e+03 2.2000e+01 1.0000e+01 2.2000e+01 1.1800e+02 1.8000e+01 9.0000e+00 4.7510e+03 4.4000e+01 4.9000e+01 3.4610e+03 1.9000e+01 1.5100e+02 1.3000e+01
6.6000e+01 3.0000e+00 2.4600e+02 1.0000e+00 2.0000e+00 4.4010e+03 7.0000e+00 1.0000e+01 0.0000e+00 4.2700e+02 7.8000e+01 4.0430e+03 4.0000e+00 1.5000e+01 3.0000e+00 2.0000e+00 7.7000e+01 8.3000e+01 5.8000e+01 1.1380e+03 3.4530e+03 2.1000e+01 5.3000e+01 7.0000e+00 3.8000e+01 4.6880e+03 1.3880e+03 7.7000e+01 3.1000e+01 1.2800e+02 4.9000e+01 6.3000e+01 0.0000e+00 8.0000e+00 3.5000e+01 2.0000e+00 0.0000e+00 2.7000e+01 1.5900e+02 3.0000e+00 1.8000e+02 7.9000e+01 6.0000e+00 1.0000e+01 2.4800e+02 2.1000e+01 1.1300e+02 1.9400e+02 8.7000e+01 9.6000e+01
