6.2000e+01 7.2000e+01 1.3500e+02 7.5000e+01 7.8000e+01 5.5120e+03 7.2000e+01 5.3960e+03 8.4000e+01 6.7000e+01 8.1000e+01 8.7000e+01 6.5000e+01 6.7000e+01 6.4000e+01 6.9000e+01 6.7000e+01 7.3000e+01 6.8000e+01 7.1000e+01 6.6000e+01 7.7000e+01 5.8000e+01 6.5000e+01 7.7000e+01 6.0000e+01 5.3320e+03 5.9000e+01 5.4400e+03 7.3000e+01 5.3720e+03 9.1000e+01 5.3980e+03 9.2600e+02 7.7000e+01 7.5000e+01 7.4000e+01 7.7000e+01 7.5000e+01 5.9000e+01 8.4000e+01 6.1000e+01 6.6000e+01 6.7000e+01 5.2000e+01 7.4000e+01 8.9000e+01 7.1000e+01 7.8000e+01 6.0000e+01
8.2000e+01 3.0190e+03 9.1000e+01 7.1000e+01 5.2260e+03 8.0000e+01 7.7000e+01 6.2000e+01 8.1000e+01 7.3000e+01 7.7000e+01 7.8000e+01 7.1000e+01 7.0000e+01 7.6000e+01 7.3000e+01 6.6000e+01 8.2000e+01 6.2000e+01 6.3000e+01 7.2000e+01 7.6000e+01 5.4080e+03 6.7000e+01 6.8000e+01 7.0000e+01 7.2000e+01 9.7000e+01 6.9000e+01 6.0000e+01 7.2000e+01 6.3000e+01 6.0000e+01 6.9000e+01 6.2000e+01 6.5000e+01 6.7000e+01 7.8000e+01 7.4000e+01 6.5000e+01 7.6000e+01 7.1000e+01 5.9000e+01 6.9000e+01 5.3650e+03 5.3250e+03 8.0000e+01 6.9000e+01 9.3000e+01 6.5000e+01
7.1000e+01 6.8000e+01 6.6000e+01 6.9000e+01 6.4000e+01 6.7000e+01 5.5000e+01 8.6000e+01 4.7840e+03 6.1000e+01 8.4000e+01 6.8000e+01 5.3090e+03 5.2930e+03 7.3000e+01 5.9000e+01 5.2600e+03 6.4000e+01 6.7000e+01 7.7000e+01 9.9000e+01 6.4000e+01 7.1000e+01 1.0100e+02 5.3680e+03 7.2000e+01 8.9000e+01 6.2000e+01 6.6000e+01 9.5000e+01 7.2000e+01 7.8000e+01 7.9000e+01 2.3480e+03 6.2000e+01 6.5000e+01 8.5000e+01 7.5000e+01 7.0000e+01 5.4000e+01 5.3210e+03 6.1000e+01 7.7000e+01 8.3000e+01 7.0000e+01 8.8000e+01 7.1000e+01 6.8000e+01 6.7000e+01 5.8000e+01
8.4000e+01 6.8000e+01 5.2890e+03 7.3000e+01 7.0000e+01 7.8000e+01 7.7000e+01 7.0000e+01 7.3000e+01 5.3920e+03 7.5000e+01 8.7000e+01 8.0000e+01 6.4000e+01 5.6000e+01 7.8000e+01 6.7000e+01 7.7000e+01 6.3000e+01 5.9000e+01 5.2770e+03 5.3490e+03 7.1000e+01 7.9000e+01 8.2000e+01 7.7000e+01 8.8000e+01 8.3000e+01 6.1000e+01 6.6000e+01 8.0000e+01 7.3000e+01 8.0000e+01 7.1000e+01 7.8000e+01 7.1000e+01 7.5000e+01 5.8000e+01 5.8000e+01 8.9000e+01 9.8000e+01 5.3480e+03 7.0000e+01 6.0000e+01 7.5000e+01 7.2000e+01 5.8000e+01 6.6000e+01 5.3460e+03 5.9000e+01
7.0000e+01 9.1000e+01 6.0000e+01 7.6000e+01 7.4000e+01 7.2000e+01 5.3740e+03 5.6000e+01 7.1000e+01 7.3000e+01 7.4000e+01 6.1000e+01 8.4000e+01 6.9000e+01 7.2000e+01 6.7000e+01 7.2000e+01 5.9000e+01 5.8000e+01 6.4000e+01 6.0000e+01 7.5000e+01 6.8000e+01 7.4000e+01 7.4000e+01 6.2000e+01 6.4000e+01 7.3000e+01 7.0000e+01 5.7000e+01 8.0000e+01 5.3510e+03 7.6000e+01 7.2000e+01 6.8000e+01 7.3000e+01 6.4000e+01 7.1000e+01 3.2030e+03 7.9000e+01 7.4000e+01 6.8000e+01 6.6000e+01 6.6000e+01 6.1000e+01 6.8000e+01 8.7000e+01 5.3970e+03 7.5000e+01 6.8000e+01
6.6000e+01 8.8000e+01 7.1000e+01 8.1000e+01 8.6000e+01 8.0000e+01 6.3000e+01 6.4000e+01 9.0000e+01 7.6000e+01 5.3110e+03 6.0000e+01 7.6000e+01 6.2000e+01 6.0000e+01 7.3000e+01 7.3000e+01 6.9000e+01 6.7000e+01 6.2000e+01 8.0000e+01 6.7000e+01 6.6000e+01 7.8000e+01 7.2000e+01 7.8000e+01 7.1000e+01 7.1000e+01 7.7000e+01 7.8000e+01 6.3000e+01 7.2000e+01 7.8000e+01 7.7000e+01 7.1000e+01 6.5000e+01 7.9000e+01 5.2450e+03 2.2960e+03 6.9000e+01 6.9000e+01 7.8000e+01 5.3490e+03 5.9000e+01 6.8000e+01 6.6000e+01 7.4000e+01 7.3000e+01 7.4000e+01 7.8000e+01
6.4000e+01 8.1000e+01 6.1000e+01 5.9000e+01 6.7000e+01 8.6000e+01 8.7000e+01 7.5000e+01 6.6000e+01 7.3000e+01 8.0000e+01 5.0000e+01 7.7000e+01 8.6000e+01 7.2000e+01 5.4480e+03 7.9000e+01 7.4000e+01 5.7000e+01 7.5000e+01 7.3000e+01 8.2000e+01 6.9000e+01 7.3000e+01 6.7000e+01 8.6000e+01 8.3000e+01 7.5000e+01 8.0000e+01 5.3900e+03 6.2000e+01 7.4000e+01 7.7000e+01 7.6000e+01 6.6000e+01 8.6000e+01 6.5000e+01 6.4000e+01 6.3000e+01 6.8000e+01 6.1000e+01 7.9000e+01 6.8000e+01 6.4000e+01 7.1000e+01 6.5000e+01 8.3000e+01 8.1000e+01 5.6000e+01 6.3000e+01
5.2320e+03 7.8000e+01 7.3000e+01 6.5000e+01 7.0000e+01 5.1000e+01 6.2000e+01 8.4000e+01 6.4400e+02 7.3000e+01 7.2000e+01 7.4000e+01 7.9000e+01 7.1000e+01 7.2000e+01 7.8000e+01 7.0000e+01 5.3740e+03 7.3000e+01 1.1100e+02 8.3000e+01 8.0000e+01 7.6000e+01 5.3560e+03 6.8000e+01 5.4030e+03 7.9000e+01 5.3350e+03 6.2000e+01 6.4000e+01 7.9000e+01 8.4000e+01 7.6000e+01 6.3000e+01 5.8000e+01 8.6000e+01 6.1000e+01 7.7000e+01 6.7000e+01 5.3120e+03 6.7000e+01 9.7000e+01 6.4000e+01 7.4000e+01 6.1000e+01 7.2000e+01 7.4000e+01 6.2000e+01 4.9000e+01 7.3000e+01
6.2000e+01 6.7000e+01 5.8000e+01 5.4200e+03 7.7000e+01 6.7000e+01 6.4000e+01 7.4000e+01 7.5000e+01 5.6000e+01 6.8000e+01 5.4370e+03 5.5000e+01 5.9000e+01 7.2000e+01 8.2000e+01 7.0000e+01 8.0000e+01 7.6000e+01 7.6000e+01 8.0000e+01 6.7000e+01 8.2000e+01 6.4000e+01 7.8000e+01 7.4000e+01 8.3000e+01 5.9000e+01 6.5000e+01 7.0000e+01 8.5000e+01 8.6000e+01 6.8000e+01 6.8000e+01 5.2700e+03 5.4100e+03 7.8000e+01 7.0000e+01 7.1000e+01 7.0000e+01 6.3000e+01 7.3000e+01 5.3000e+01 8.1000e+01 6.6000e+01 6.4000e+01 5.5630e+03 7.0000e+01 7.2000e+01 7.5000e+01
8.4000e+01 2.3800e+03 7.8000e+01 6.6000e+01 7.2000e+01 6.3000e+01 7.5000e+01 7.4000e+01 7.4000e+01 7.3000e+01 6.9000e+01 7.0000e+01 8.4000e+01 6.6000e+01 5.3500e+03 7.3000e+01 8.7000e+01 9.0000e+01 5.3600e+03 5.2500e+03 7.9000e+01 8.2000e+01 7.3000e+01 7.2000e+01 6.0000e+01 6.7000e+01 9.8000e+01 7.8000e+01 6.9000e+01 7.1000e+01 6.9000e+01 6.7000e+01 6.8000e+01 2.2020e+03 6.3000e+01 7.3000e+01 5.2670e+03 5.9000e+01 7.0000e+01 6.1000e+01 6.6000e+01 7.8000e+01 6.4000e+01 5.3070e+03 7.1000e+01 6.4000e+01 6.7000e+01 7.5000e+01 6.9000e+01 5.3990e+03
