1.2000e+01 2.7000e+01 1.3000e+01 1.0800e+02 7.0000e+00 5.0000e+00 5.0000e+00 1.0000e+01 5.0900e+03 1.5000e+01 1.1000e+01 1.3000e+01 7.3000e+01 1.2200e+03 1.4000e+02 6.7000e+01 7.7000e+01 9.8000e+01 2.2700e+02 1.1600e+02 9.0000e+00 3.4370e+03 3.6660e+03 4.9060e+03 1.8000e+01 1.2000e+01 1.3000e+01 4.0000e+01 7.0000e+00 3.7340e+03 2.7000e+01 1.2000e+01 2.6550e+03 1.8000e+01 7.0000e+00 8.0000e+00 6.3000e+02 5.2000e+01 1.4000e+01 1.8260e+03 1.7730e+03 1.2000e+01 7.0000e+00 1.1100e+02 1.2000e+01 1.3000e+01 8.0000e+00 7.0000e+00 4.0000e+01 1.6000e+01
3.4000e+01 1.3500e+02 3.1040e+03 3.0000e+01 3.9000e+01 7.6000e+01 2.2000e+01 2.0600e+02 4.3000e+01 3.9100e+02 2.9000e+01 2.7000e+01 8.5000e+01 2.6000e+01 5.3830e+03 3.8000e+01 1.0800e+02 5.1300e+03 3.6640e+03 9.5000e+01 5.7000e+01 1.8660e+03 2.8900e+02 3.2000e+01 1.3100e+02 1.8600e+02 3.6000e+01 6.2000e+01 8.2700e+02 7.5000e+01 7.5000e+01 8.0900e+02 3.9000e+01 5.2000e+01 1.6000e+02 1.2740e+03 5.0000e+01 2.9000e+01 4.2000e+01 4.1000e+01 2.9000e+01 3.8000e+01 5.7890e+03 5.2900e+02 6.8000e+01 5.4000e+01 3.4000e+01 1.9000e+01 5.0000e+01 9.6800e+02
2.9800e+02 1.2800e+02 1.9250e+03 1.1000e+01 7.0000e+00 7.0000e+00 5.6420e+03 3.5000e+01 8.0000e+00 1.6000e+01 5.3730e+03 6.0000e+00 1.3000e+01 1.0000e+01 5.9000e+01 1.1000e+01 8.0000e+00 2.4000e+01 1.5300e+02 2.4300e+02 1.0000e+01 1.0000e+01 3.0000e+01 1.0000e+01 1.1500e+02 1.8000e+01 2.4000e+01 4.5000e+01 5.6000e+01 1.7000e+01 1.3000e+01 4.6570e+03 2.0990e+03 1.3000e+01 7.0000e+00 5.9000e+01 8.0000e+00 1.4100e+02 1.3000e+01 6.3700e+02 1.4000e+01 1.4000e+01 6.0000e+00 4.0000e+01 2.5000e+01 2.9000e+01 1.2000e+01 5.2590e+03 7.3000e+01 7.7600e+02
3.6000e+01 5.6000e+01 1.0000e+01 1.3000e+01 1.1000e+01 1.0100e+02 1.8000e+01 1.0000e+01 1.1000e+01 3.5000e+01 2.5000e+01 2.8000e+01 3.6000e+01 1.2200e+02 1.3000e+01 2.4000e+01 1.4000e+01 3.7000e+01 5.9000e+01 9.3900e+02 2.7900e+02 2.8000e+01 1.1000e+02 1.8000e+02 3.9180e+03 1.3800e+02 6.0300e+02 5.1860e+03 1.1200e+02 9.9000e+01 5.7400e+03 3.7000e+01 1.2900e+02 2.6500e+02 1.1800e+02 5.4000e+01 2.1000e+01 3.1000e+01 4.4110e+03 1.6000e+01 6.6000e+01 2.1100e+02 1.6000e+01 1.1000e+01 1.9000e+02 5.5180e+03 5.9600e+02 1.0400e+02 2.0600e+02 1.0700e+02
5.9000e+01 8.7000e+01 1.1100e+02 2.5000e+01 6.6000e+01 4.4000e+01 8.0000e+00 4.7000e+02 9.0000e+00 3.1000e+01 3.4200e+02 1.5000e+01 5.0170e+03 5.1000e+01 4.7000e+01 1.0200e+02 5.0730e+03 3.3700e+02 2.1000e+02 2.9980e+03 3.9000e+01 3.8000e+01 3.0000e+01 2.5000e+01 6.7000e+01 3.4000e+01 2.7430e+03 8.8000e+01 1.5180e+03 4.4000e+01 3.7000e+01 2.2000e+02 7.2000e+01 9.0000e+00 5.0490e+03 7.3300e+02 2.5800e+02 9.9000e+01 8.6000e+01 3.7000e+01 6.2000e+01 8.5000e+01 3.5000e+01 2.4000e+01 6.9000e+01 3.3000e+01 3.1700e+02 1.6000e+01 1.4000e+02 2.9620e+03
9.0000e+00 6.1000e+01 8.0000e+00 6.5000e+01 1.4000e+01 2.2000e+01 2.5000e+01 1.3000e+01 1.7100e+02 1.5000e+01 8.0000e+00 1.5000e+01 5.3000e+02 4.0900e+02 1.3000e+01 9.0000e+00 4.5000e+01 1.5000e+01 1.0000e+03 1.1000e+01 1.0000e+01 5.0500e+02 8.4500e+02 7.2700e+02 1.2990e+03 7.0000e+00 1.3000e+01 9.1000e+01 4.0000e+00 1.0000e+01 2.3000e+01 9.0000e+00 4.1000e+01 1.3000e+01 1.9000e+01 8.0000e+00 4.9000e+02 5.5400e+03 4.6400e+02 3.1570e+03 3.3270e+03 5.3390e+03 8.0000e+00 5.1000e+01 5.3050e+03 4.4000e+01 3.5000e+01 2.3000e+01 2.8000e+01 6.0000e+00
5.2930e+03 1.5000e+01 1.1300e+02 1.1800e+02 4.9870e+03 1.2000e+01 2.8700e+02 5.1410e+03 2.3000e+01 4.9490e+03 1.4000e+01 7.0000e+00 1.3000e+01 2.9000e+01 1.8000e+01 5.6670e+03 3.1900e+02 1.5000e+01 1.7000e+01 2.9700e+02 2.4000e+01 8.0000e+00 2.2000e+01 1.8000e+01 2.2900e+02 1.2000e+01 5.0000e+00 1.6800e+02 2.0000e+01 1.3000e+01 7.0000e+00 1.0700e+02 1.3000e+01 5.0000e+00 5.0000e+00 2.3100e+02 2.3000e+01 1.0000e+01 8.7000e+01 1.5300e+02 3.7700e+02 1.0000e+01 9.2000e+01 1.8000e+01 1.4000e+01 1.2000e+01 9.0000e+00 2.7100e+02 7.2700e+02 9.0000e+00
2.4000e+01 1.8800e+02 1.5000e+02 2.5000e+01 6.5900e+02 1.7000e+01 2.7000e+01 4.2000e+01 6.0700e+02 2.4800e+02 2.8000e+01 1.2620e+03 3.3000e+01 3.8680e+03 1.9200e+02 1.0500e+02 4.8000e+01 6.9000e+01 3.5000e+01 3.7300e+02 5.9100e+02 2.8000e+01 3.2000e+01 2.1000e+01 3.2000e+01 2.8000e+01 5.4600e+02 1.9800e+02 3.3440e+03 3.8000e+01 4.6000e+01 4.8000e+01 7.3200e+02 5.6740e+03 5.5900e+02 3.5650e+03 1.3000e+01 3.3000e+01 2.2900e+02 3.3000e+01 8.3000e+01 1.7000e+01 1.0000e+01 2.2000e+01 2.6000e+01 1.8500e+02 2.1100e+02 3.9000e+01 4.5380e+03 8.6500e+02
8.0000e+00 5.2120e+03 5.0000e+00 5.6680e+03 1.0200e+02 1.2500e+02 2.7000e+01 1.7000e+01 3.7000e+01 5.2000e+01 6.3000e+01 2.1000e+01 3.0900e+02 1.8300e+02 5.9000e+01 3.0000e+01 6.8000e+01 5.6000e+01 2.8600e+02 3.0800e+02 1.1000e+01 3.0000e+01 9.1600e+02 5.9000e+01 7.7000e+01 1.2000e+01 1.0000e+01 1.1400e+02 7.0000e+00 1.4810e+03 1.7000e+01 6.0000e+00 1.9000e+02 9.0000e+00 7.0000e+00 6.7000e+01 4.4660e+03 3.2000e+01 2.2000e+01 8.8000e+01 9.7000e+01 4.4000e+01 5.0000e+00 5.2090e+03 1.1400e+02 8.7000e+01 4.5710e+03 1.7000e+01 6.3000e+01 2.0000e+01
1.5000e+02 1.1000e+01 5.3700e+02 1.2000e+01 2.5000e+01 5.6870e+03 1.4000e+01 2.3000e+01 1.3000e+01 2.5800e+02 7.4000e+01 4.5780e+03 2.0000e+01 8.4000e+01 2.1000e+01 2.8000e+01 7.6000e+01 2.4200e+02 2.7400e+02 7.2000e+02 4.9360e+03 6.3000e+01 5.9000e+01 2.8000e+01 1.3400e+02 5.5960e+03 1.9900e+03 2.0900e+02 4.4000e+01 4.9500e+02 4.4000e+01 4.6000e+01 1.2000e+01 2.8000e+01 4.5000e+01 1.9000e+01 1.4000e+01 4.9000e+01 5.7300e+02 1.8000e+01 2.2900e+02 1.8600e+02 2.4000e+01 2.9000e+01 8.3000e+01 8.6000e+01 1.8700e+02 1.4200e+02 8.2000e+01 3.2600e+02
