9.0000e+00 1.5000e+01 1.0000e+01 8.8000e+01 1.0000e+00 0.0000e+00 0.0000e+00 3.0000e+00 4.9840e+03 1.5000e+01 1.0000e+01 1.2000e+01 5.1000e+01 1.1050e+03 1.0700e+02 3.6000e+01 5.8000e+01 5.2000e+01 1.4400e+02 6.1000e+01 6.0000e+00 3.3220e+03 3.4830e+03 4.8790e+03 7.0000e+00 1.1000e+01 9.0000e+00 1.9000e+01 3.0000e+00 3.3070e+03 2.5000e+01 8.0000e+00 2.3460e+03 1.8000e+01 1.0000e+00 4.0000e+00 5.6100e+02 3.3000e+01 5.0000e+00 1.7010e+03 1.6300e+03 3.0000e+00 6.0000e+00 1.1100e+02 3.0000e+00 5.0000e+00 0.0000e+00 5.0000e+00 2.2000e+01 1.2000e+01
5.0000e+00 4.5000e+01 1.6770e+03 3.0000e+00 6.0000e+00 2.2000e+01 1.0000e+00 8.4000e+01 7.0000e+00 1.6600e+02 3.0000e+00 3.0000e+00 2.3000e+01 1.0000e+00 2.8490e+03 2.0000e+00 3.3000e+01 2.0660e+03 1.4770e+03 1.5000e+01 1.5000e+01 9.1200e+02 1.1400e+02 3.0000e+00 4.2000e+01 7.7000e+01 7.0000e+00 1.0000e+01 4.1600e+02 1.6000e+01 2.5000e+01 4.0200e+02 4.0000e+00 1.4000e+01 6.6000e+01 6.3100e+02 9.0000e+00 2.0000e+00 7.0000e+00 6.0000e+00 2.0000e+00 5.0000e+00 3.3060e+03 2.3600e+02 1.6000e+01 1.3000e+01 2.0000e+00 0.0000e+00 8.0000e+00 4.8800e+02
2.5200e+02 9.2000e+01 1.9130e+03 2.0000e+00 0.0000e+00 0.0000e+00 5.6420e+03 2.0000e+01 0.0000e+00 5.0000e+00 5.0480e+03 0.0000e+00 3.0000e+00 1.0000e+00 3.6000e+01 0.0000e+00 0.0000e+00 5.0000e+00 8.3000e+01 1.3300e+02 3.0000e+00 1.0000e+00 1.4000e+01 1.0000e+00 7.9000e+01 8.0000e+00 1.8000e+01 2.0000e+01 5.0000e+01 4.0000e+00 5.0000e+00 4.6570e+03 1.7150e+03 5.0000e+00 1.0000e+00 3.7000e+01 0.0000e+00 1.0000e+02 3.0000e+00 5.2500e+02 3.0000e+00 3.0000e+00 0.0000e+00 2.2000e+01 1.0000e+01 1.5000e+01 1.0000e+00 5.1540e+03 4.3000e+01 7.0700e+02
1.4000e+01 2.4000e+01 0.0000e+00 1.0000e+00 0.0000e+00 5.7000e+01 4.0000e+00 0.0000e+00 0.0000e+00 1.2000e+01 7.0000e+00 1.0000e+01 1.2000e+01 6.4000e+01 1.0000e+00 3.0000e+00 1.0000e+00 7.0000e+00 1.7000e+01 4.7000e+02 1.9200e+02 8.0000e+00 5.7000e+01 1.0400e+02 2.8150e+03 8.6000e+01 4.6400e+02 3.3540e+03 6.5000e+01 4.5000e+01 4.8350e+03 1.5000e+01 6.3000e+01 1.8900e+02 7.4000e+01 2.4000e+01 4.0000e+00 9.0000e+00 3.2940e+03 2.0000e+00 2.9000e+01 1.2300e+02 3.0000e+00 0.0000e+00 1.0900e+02 4.3470e+03 3.5100e+02 5.9000e+01 1.1400e+02 6.1000e+01
3.3000e+01 5.0000e+01 7.3000e+01 9.0000e+00 3.6000e+01 2.2000e+01 0.0000e+00 3.6600e+02 0.0000e+00 1.2000e+01 2.5200e+02 4.0000e+00 4.0270e+03 2.4000e+01 2.3000e+01 4.7000e+01 4.0840e+03 1.7600e+02 1.0500e+02 1.7730e+03 2.0000e+01 1.6000e+01 1.1000e+01 8.0000e+00 3.5000e+01 1.6000e+01 2.4860e+03 4.1000e+01 1.2680e+03 1.7000e+01 2.0000e+01 1.6000e+02 3.5000e+01 1.0000e+00 4.5770e+03 5.6800e+02 1.7400e+02 5.7000e+01 5.0000e+01 1.5000e+01 3.1000e+01 4.7000e+01 1.7000e+01 8.0000e+00 3.6000e+01 1.5000e+01 1.9500e+02 4.0000e+00 8.2000e+01 2.5200e+03
9.0000e+00 6.1000e+01 8.0000e+00 6.2000e+01 1.2000e+01 1.3000e+01 2.0000e+01 1.2000e+01 1.3900e+02 1.5000e+01 6.0000e+00 1.4000e+01 5.1500e+02 3.5100e+02 4.0000e+00 0.0000e+00 3.1000e+01 2.0000e+00 7.3000e+02 0.0000e+00 1.0000e+01 5.0400e+02 8.4200e+02 7.1500e+02 1.2990e+03 4.0000e+00 1.3000e+01 5.6000e+01 3.0000e+00 1.0000e+00 2.3000e+01 7.0000e+00 2.2000e+01 1.0000e+01 1.9000e+01 8.0000e+00 4.4700e+02 5.3500e+03 4.5000e+02 3.1400e+03 3.1460e+03 5.1560e+03 7.0000e+00 5.0000e+01 5.2470e+03 3.1000e+01 1.7000e+01 2.2000e+01 1.3000e+01 4.0000e+00
5.1690e+03 4.0000e+00 9.5000e+01 8.7000e+01 4.6040e+03 3.0000e+00 2.7900e+02 4.9560e+03 9.0000e+00 4.4970e+03 4.0000e+00 1.0000e+00 3.0000e+00 1.3000e+01 6.0000e+00 4.2950e+03 2.5300e+02 1.0000e+00 2.0000e+00 1.6700e+02 1.9000e+01 0.0000e+00 8.0000e+00 6.0000e+00 1.7300e+02 4.0000e+00 0.0000e+00 1.0500e+02 1.6000e+01 2.0000e+00 1.0000e+00 8.1000e+01 2.0000e+00 0.0000e+00 0.0000e+00 1.8500e+02 9.0000e+00 1.0000e+00 5.9000e+01 1.1000e+02 2.9600e+02 1.0000e+00 8.7000e+01 6.0000e+00 3.0000e+00 3.0000e+00 0.0000e+00 2.6900e+02 5.7500e+02 1.0000e+00
8.0000e+00 1.1900e+02 9.9000e+01 8.0000e+00 4.8300e+02 4.0000e+00 1.0000e+01 2.0000e+01 4.3000e+02 1.6300e+02 1.0000e+01 1.0280e+03 1.2000e+01 2.9340e+03 1.2500e+02 4.6000e+01 2.1000e+01 2.3000e+01 8.0000e+00 1.8100e+02 4.6400e+02 9.0000e+00 1.1000e+01 5.0000e+00 1.1000e+01 1.1000e+01 4.4400e+02 1.0600e+02 2.7660e+03 1.3000e+01 2.5000e+01 2.4000e+01 4.8500e+02 5.0260e+03 4.4900e+02 2.8400e+03 1.0000e+00 1.2000e+01 1.5100e+02 1.2000e+01 4.3000e+01 3.0000e+00 1.0000e+00 6.0000e+00 8.0000e+00 1.2600e+02 1.1800e+02 1.8000e+01 3.3460e+03 6.7600e+02
4.0000e+00 4.7560e+03 4.0000e+00 5.3450e+03 7.2000e+01 1.1900e+02 1.9000e+01 8.0000e+00 1.9000e+01 3.1000e+01 4.1000e+01 1.3000e+01 2.4400e+02 1.3400e+02 3.7000e+01 1.0000e+01 4.3000e+01 2.2000e+01 1.7300e+02 1.7500e+02 5.0000e+00 1.4000e+01 7.7500e+02 3.6000e+01 4.9000e+01 1.0000e+01 7.0000e+00 6.7000e+01 7.0000e+00 1.1900e+03 8.0000e+00 4.0000e+00 1.3100e+02 2.0000e+00 5.0000e+00 4.4000e+01 3.9840e+03 1.5000e+01 9.0000e+00 5.8000e+01 6.4000e+01 2.4000e+01 3.0000e+00 4.7880e+03 7.9000e+01 6.3000e+01 3.7050e+03 9.0000e+00 3.6000e+01 1.7000e+01
9.4000e+01 0.0000e+00 3.8900e+02 1.0000e+00 7.0000e+00 4.5320e+03 2.0000e+00 7.0000e+00 1.0000e+00 1.6200e+02 3.8000e+01 3.7260e+03 4.0000e+00 4.1000e+01 5.0000e+00 5.0000e+00 3.7000e+01 1.1000e+02 1.3000e+02 3.5800e+02 4.0490e+03 2.9000e+01 2.6000e+01 8.0000e+00 7.4000e+01 4.6060e+03 1.6500e+03 1.0700e+02 2.0000e+01 3.0100e+02 2.2000e+01 2.1000e+01 0.0000e+00 1.1000e+01 2.2000e+01 4.0000e+00 1.0000e+00 2.0000e+01 3.9500e+02 3.0000e+00 1.3600e+02 1.0900e+02 8.0000e+00 9.0000e+00 4.1000e+01 4.8000e+01 9.7000e+01 8.8000e+01 3.8000e+01 2.2600e+02
