7.5000e+01 5.7000e+01 5.4350e+03 8.1000e+01 7.7000e+01 6.4000e+01 6.2000e+01 5.2810e+03 9.1000e+01 9.7000e+01 6.3000e+01 7.7000e+01 8.2000e+01 5.5000e+01 8.2000e+01 7.5000e+01 5.9000e+01 7.0000e+01 5.6000e+01 6.0000e+01 7.4000e+01 6.4000e+01 1.3200e+02 6.5000e+01 8.3000e+01 8.5000e+01 5.2880e+03 6.7000e+01 7.4000e+01 6.0000e+01 5.3660e+03 4.9290e+03 7.2000e+01 5.5000e+01 6.8000e+01 9.2000e+01 6.7000e+01 6.6000e+01 7.9000e+01 6.2000e+01 9.1000e+01 7.1000e+01 7.6000e+01 6.2000e+01 6.0000e+01 7.9000e+01 6.5000e+01 8.4000e+01 6.8000e+01 4.6560e+03
6.0000e+01 6.4000e+01 6.8000e+01 6.8000e+01 4.8090e+03 8.5000e+01 7.7000e+01 7.7000e+01 9.0000e+01 7.5000e+01 7.9000e+01 5.5000e+01 8.9000e+01 7.1000e+01 8.7000e+01 7.9000e+01 1.0000e+02 5.8000e+01 6.9000e+01 6.7000e+01 7.8000e+01 8.1000e+01 5.2780e+03 7.3000e+01 6.5000e+01 6.9000e+01 7.0000e+01 5.7000e+01 5.4350e+03 8.1000e+01 6.8000e+01 9.2000e+01 6.2000e+01 6.6000e+01 7.4000e+01 7.3000e+01 7.5000e+01 7.3000e+01 7.0000e+01 5.4000e+01 6.8000e+01 7.7000e+01 7.8000e+01 6.4000e+01 5.2880e+03 5.3720e+03 6.7000e+01 6.4000e+01 8.7000e+01 5.1000e+01
7.3000e+01 8.0000e+01 7.4000e+01 7.4000e+01 6.5000e+01 4.7390e+03 7.6000e+01 7.8000e+01 6.8000e+01 7.4000e+01 5.2710e+03 7.0000e+01 5.4180e+03 1.0500e+02 7.4000e+01 6.4000e+01 1.6600e+02 8.1000e+01 6.8000e+01 6.8000e+01 6.6000e+01 6.9000e+01 6.7000e+01 8.1000e+01 5.4110e+03 8.3000e+01 6.8000e+01 7.2000e+01 8.2000e+01 8.2000e+01 6.4000e+01 7.0000e+01 5.3550e+03 1.7460e+03 8.0000e+01 6.6000e+01 5.3080e+03 7.3000e+01 6.3000e+01 5.1000e+01 7.5000e+01 7.4000e+01 7.8000e+01 6.3000e+01 7.1000e+01 6.9000e+01 6.4000e+01 7.0000e+01 1.5400e+02 6.1000e+01
5.4800e+03 7.9000e+01 7.7000e+01 7.0000e+01 9.0000e+01 7.7000e+01 5.2520e+03 7.6000e+01 6.9000e+01 5.4180e+03 7.4000e+01 2.6500e+02 7.5000e+01 8.7000e+01 6.8000e+01 7.3000e+01 7.3000e+01 7.4000e+01 7.4000e+01 6.4000e+01 6.9000e+01 9.7000e+01 7.9000e+01 6.1400e+02 7.2000e+01 7.0000e+01 7.2000e+01 7.8000e+01 7.5000e+01 7.3000e+01 7.0000e+01 6.9000e+01 7.6000e+01 5.1000e+01 6.3000e+01 6.8000e+01 6.7000e+01 5.6000e+01 6.4000e+01 6.9000e+01 5.4320e+03 5.3030e+03 7.7000e+01 6.5000e+01 7.1000e+01 7.3000e+01 7.5000e+01 7.6000e+01 5.2930e+03 6.6000e+01
6.4000e+01 6.7000e+01 7.7000e+01 8.3000e+01 5.8000e+01 7.7000e+01 8.0000e+01 5.7000e+01 8.0000e+01 7.3000e+01 7.1000e+01 6.8000e+01 7.0000e+01 7.6000e+01 6.7000e+01 6.6000e+01 5.5000e+01 7.1000e+01 7.8000e+01 5.3820e+03 5.4300e+03 6.3000e+01 7.7000e+01 8.5000e+01 6.7000e+01 5.9000e+01 8.6000e+01 6.7000e+01 6.8000e+01 8.6000e+01 6.7000e+01 5.0700e+02 6.6000e+01 6.6000e+01 6.8000e+01 7.0000e+01 7.1000e+01 7.6000e+01 5.2890e+03 7.5000e+01 7.1000e+01 7.1000e+01 6.0000e+01 6.7000e+01 5.7000e+01 6.1000e+01 7.6000e+01 5.3770e+03 6.9000e+01 6.4000e+01
6.1000e+01 9.0000e+01 6.7000e+01 7.7000e+01 7.5000e+01 6.7800e+02 5.8000e+01 7.4000e+01 7.2000e+01 7.4000e+01 8.5000e+01 8.2000e+01 7.6000e+01 6.7000e+01 8.0000e+01 7.3000e+01 8.9000e+01 7.7000e+01 7.2000e+01 7.5000e+01 8.1000e+01 6.5000e+01 7.4000e+01 6.9000e+01 8.2000e+01 7.8000e+01 8.8000e+01 7.5000e+01 7.1000e+01 5.3850e+03 6.6000e+01 5.5000e+01 5.3000e+01 6.4000e+01 5.6000e+01 7.4000e+01 6.4000e+01 5.3430e+03 9.0000e+01 7.8000e+01 6.8000e+01 7.6000e+01 5.3490e+03 7.9000e+01 7.6000e+01 7.9000e+01 7.3000e+01 7.1000e+01 6.9000e+01 8.0000e+01
7.2000e+01 8.2000e+01 7.3000e+01 6.9000e+01 6.8000e+01 7.2000e+01 7.1000e+01 5.9000e+01 7.7000e+01 6.7000e+01 7.4000e+01 8.2000e+01 7.9000e+01 5.2000e+01 6.2000e+01 5.2890e+03 7.0000e+01 7.2000e+01 6.3000e+01 7.3000e+01 7.8000e+01 7.5000e+01 6.8000e+01 7.8000e+01 6.0000e+01 5.9000e+01 6.6000e+01 8.0000e+01 6.8000e+01 1.0600e+02 5.9000e+01 6.9000e+01 5.4000e+01 7.7000e+01 6.0000e+01 7.5000e+01 6.3000e+01 7.0000e+01 5.9000e+01 6.3000e+01 7.0000e+01 8.0000e+01 7.0000e+01 6.7000e+01 7.7000e+01 6.2000e+01 8.6000e+01 6.7000e+01 5.7000e+01 7.0000e+01
6.8000e+01 5.3550e+03 6.5000e+01 6.7000e+01 7.9000e+01 8.0000e+01 5.9000e+01 7.0000e+01 5.3150e+03 6.9000e+01 7.7000e+01 7.1000e+01 6.6000e+01 6.9000e+01 7.0000e+01 7.7000e+01 5.2350e+03 2.0100e+02 8.1000e+01 8.6000e+01 6.7000e+01 7.8000e+01 8.8000e+01 4.8460e+03 9.3000e+01 5.3530e+03 6.8000e+01 5.3300e+03 7.3000e+01 6.3000e+01 7.8000e+01 6.3000e+01 7.0000e+01 6.7000e+01 8.0000e+01 7.3000e+01 8.0000e+01 6.2000e+01 7.8000e+01 5.4180e+03 8.4000e+01 7.5000e+01 6.7000e+01 6.8000e+01 7.0000e+01 7.2000e+01 7.6000e+01 6.1000e+01 8.3000e+01 9.1000e+01
7.3000e+01 8.7000e+01 7.3000e+01 5.3940e+03 4.7700e+02 6.4000e+01 8.4000e+01 7.1000e+01 8.6000e+01 6.8000e+01 7.7000e+01 7.7000e+01 5.7000e+01 6.6000e+01 5.8000e+01 8.4000e+01 6.9000e+01 6.9000e+01 7.3000e+01 7.0000e+01 6.2000e+01 5.3250e+03 8.0000e+01 7.0000e+01 6.9000e+01 8.1000e+01 7.5000e+01 8.3000e+01 9.4000e+01 7.4000e+01 7.2000e+01 5.9000e+01 7.6000e+01 6.7000e+01 5.3980e+03 5.2980e+03 6.7000e+01 7.2000e+01 8.3000e+01 8.6000e+01 7.1000e+01 7.2000e+01 8.7000e+01 6.8000e+01 7.6000e+01 7.6000e+01 5.3240e+03 6.1000e+01 7.7000e+01 8.1000e+01
6.1000e+01 1.1500e+02 8.0000e+01 7.3000e+01 6.9000e+01 7.1000e+01 6.5000e+01 8.0000e+01 8.1000e+01 7.4000e+01 7.5000e+01 5.2000e+03 7.4000e+01 5.1490e+03 5.3610e+03 6.8000e+01 6.5000e+01 5.2040e+03 5.4480e+03 7.4000e+01 6.8000e+01 7.3000e+01 7.9000e+01 7.3000e+01 7.0000e+01 5.3000e+01 6.9000e+01 7.3000e+01 6.4000e+01 7.1000e+01 6.5000e+01 8.4000e+01 6.6000e+01 3.7570e+03 7.1000e+01 6.9000e+01 1.2200e+02 6.5000e+01 7.0000e+01 5.7000e+01 7.2000e+01 6.3000e+01 6.3000e+01 5.3630e+03 7.2000e+01 5.9000e+01 7.0000e+01 5.6000e+01 7.6000e+01 7.0000e+02
