5.1351e-01 2.8070e-01 7.2414e-01 2.4691e-01 6.3636e-01 6.0938e-01 5.9016e-01 7.2603e-01 6.2195e-01 6.6250e-01 4.6032e-01 4.6753e-01 3.6585e-01 3.8182e-01 3.5366e-01 4.6667e-01 1.8644e-01 2.0000e-01 2.5000e-01 3.6667e-01 4.9315e-01 1.8750e-01 4.9333e-01 2.9231e-01 2.2892e-01 2.5882e-01 6.0870e-01 1.6418e-01 6.6216e-01 4.6667e-01 7.3494e-01 7.7632e-01 5.2113e-01 5.0909e-01 3.9706e-01 4.5652e-01 2.8358e-01 5.7576e-01 5.4430e-01 4.0323e-01 6.0000e-01 0.0000e+00 2.3684e-01 4.5161e-01 8.0000e-01 2.0253e-01 4.1538e-01 7.3810e-01 2.9412e-01 6.4912e-01
3.1667e-01 4.1379e-01 0.0000e+00 0.0000e+00 7.5676e-01 0.0000e+00 2.8571e-01 4.1558e-01 7.7778e-02 2.5333e-01 0.0000e+00 0.0000e+00 7.8652e-02 0.0000e+00 1.2644e-01 5.5128e-01 1.1000e-01 0.0000e+00 1.8841e-01 3.5821e-01 2.5641e-01 3.5802e-01 4.3077e-01 9.5890e-02 6.1538e-02 1.3043e-01 2.7143e-01 0.0000e+00 6.1765e-01 7.0513e-01 1.3235e-01 0.0000e+00 0.0000e+00 2.5758e-01 2.0270e-01 1.9178e-01 2.9333e-01 2.3288e-01 3.5714e-01 0.0000e+00 0.0000e+00 2.5974e-01 2.1795e-01 1.7188e-01 1.0000e+00 6.8919e-01 0.0000e+00 2.1875e-01 5.1807e-01 7.8431e-02
2.7397e-01 2.8750e-01 2.7027e-01 4.8649e-01 4.1538e-01 7.5309e-01 6.0000e-01 3.9744e-01 6.0606e-01 5.8904e-01 6.9863e-01 2.0000e-01 5.8974e-01 6.0256e-01 2.1622e-01 5.4688e-01 5.9701e-01 4.2500e-01 4.9180e-01 4.1176e-01 6.2500e-01 3.9130e-01 2.9851e-01 5.8025e-01 6.6250e-01 3.9759e-01 3.5294e-01 3.7500e-01 6.5854e-01 3.5366e-01 3.4375e-01 3.8571e-01 6.4789e-01 6.0294e-01 6.3514e-01 4.3939e-01 6.5672e-01 3.6986e-01 6.5079e-01 4.3137e-01 5.6164e-01 3.1081e-01 8.5897e-01 3.8095e-01 4.2254e-01 3.1884e-01 3.5938e-01 3.8571e-01 6.4516e-01 4.7541e-01
1.0000e+00 3.0380e-01 9.2105e-01 7.7143e-01 3.4444e-01 9.3243e-01 1.0000e+00 6.9737e-01 7.7941e-01 9.6296e-01 3.6486e-01 9.6825e-01 7.9710e-01 7.1264e-01 1.0294e-01 6.1644e-01 2.4658e-01 7.8378e-01 6.9118e-01 1.7188e-01 9.2424e-01 8.8235e-01 1.1392e-01 9.8667e-01 5.5556e-02 5.5714e-01 7.5000e-01 4.6154e-01 3.8667e-01 8.2192e-01 1.2857e-01 7.6812e-01 6.5789e-01 9.8039e-02 3.0159e-01 2.9412e-02 8.5075e-01 9.4643e-01 7.1875e-01 1.0145e-01 8.7838e-01 7.7778e-01 3.1169e-01 7.3846e-01 8.7324e-01 1.0000e+00 9.2000e-01 7.8947e-01 9.2500e-01 2.7273e-01
7.8125e-02 1.3433e-01 0.0000e+00 0.0000e+00 1.5517e-01 0.0000e+00 3.5000e-01 3.5088e-02 0.0000e+00 0.0000e+00 5.6338e-02 1.7647e-01 0.0000e+00 2.6316e-02 0.0000e+00 2.7273e-01 2.7273e-01 0.0000e+00 6.4103e-02 4.1379e-01 4.5312e-01 7.9365e-02 2.8571e-01 1.4118e-01 5.9701e-02 1.6949e-02 0.0000e+00 0.0000e+00 1.7647e-01 1.9767e-01 1.4925e-01 5.0847e-01 3.0303e-02 6.0606e-02 2.7941e-01 0.0000e+00 0.0000e+00 1.3158e-01 9.2958e-01 0.0000e+00 1.4085e-01 0.0000e+00 1.6667e-01 0.0000e+00 1.9298e-01 1.1475e-01 3.9474e-02 7.3846e-01 1.1594e-01 0.0000e+00
1.1475e-01 1.8889e-01 1.7910e-01 5.1948e-02 0.0000e+00 5.4054e-01 0.0000e+00 0.0000e+00 0.0000e+00 8.1081e-02 4.9315e-01 2.8049e-01 1.5789e-01 1.6418e-01 4.0845e-01 4.9315e-01 1.6854e-01 1.0390e-01 1.3889e-01 1.0667e-01 2.4691e-01 0.0000e+00 0.0000e+00 0.0000e+00 2.1951e-01 7.6923e-02 0.0000e+00 0.0000e+00 3.9437e-01 7.7215e-01 1.3636e-01 3.4545e-01 2.4528e-01 0.0000e+00 2.6786e-01 6.7568e-02 3.1250e-02 1.0000e+00 1.0000e+00 1.5385e-01 8.8235e-02 2.6316e-01 1.0000e+00 0.0000e+00 7.1053e-01 0.0000e+00 2.4658e-01 8.4507e-02 8.6957e-02 0.0000e+00
2.2222e-01 2.4390e-02 3.2877e-01 1.4493e-01 1.9118e-01 2.3611e-01 2.9577e-01 8.4746e-02 0.0000e+00 2.3881e-01 1.0811e-01 1.0976e-01 2.5316e-02 9.6154e-02 3.2258e-02 5.8228e-01 5.7143e-02 6.9444e-02 9.5238e-02 9.5890e-02 1.5385e-01 1.3333e-01 2.7941e-01 3.9744e-01 5.0000e-02 1.1864e-01 4.5455e-02 1.7500e-01 1.0294e-01 6.8056e-01 8.4746e-02 1.7391e-01 5.5556e-02 7.7922e-02 2.1667e-01 8.0000e-02 6.3492e-02 4.2857e-02 5.4237e-01 1.4286e-01 1.0000e-01 1.6250e-01 2.5714e-01 2.9851e-02 1.6883e-01 1.7742e-01 1.2791e-01 2.5373e-01 1.7544e-02 2.8571e-02
6.7647e-01 5.6897e-01 3.3846e-01 4.0299e-01 4.3038e-01 4.8750e-01 3.2203e-01 4.1429e-01 7.1186e-01 6.8116e-01 2.3377e-01 2.6761e-01 4.5455e-01 3.0435e-01 4.8571e-01 4.9351e-01 6.6265e-01 7.5000e-01 3.3333e-01 6.7532e-01 5.4545e-01 4.1026e-01 5.3846e-01 7.6667e-01 4.5161e-01 7.0769e-01 3.2353e-01 5.5769e-01 7.2222e-01 5.2381e-01 4.6154e-01 4.4444e-01 1.4286e-01 3.2836e-01 5.6250e-01 5.7534e-01 4.5000e-01 6.1290e-01 4.3590e-01 6.5476e-01 3.4524e-01 5.0667e-01 6.7164e-01 4.8529e-01 6.4286e-01 6.3889e-01 6.3158e-01 6.8852e-01 5.0602e-01 3.4066e-01
1.2329e-01 5.7471e-02 2.7397e-01 5.8571e-01 6.0563e-01 1.5625e-01 4.2857e-01 3.9437e-01 1.8605e-01 1.6176e-01 2.4675e-01 4.5333e-01 1.2281e-01 1.9697e-01 8.6207e-02 4.6429e-01 2.4638e-01 1.1594e-01 1.3699e-01 1.8571e-01 4.8387e-02 4.8000e-01 2.7500e-01 3.8571e-01 2.7536e-01 3.5802e-01 2.6667e-02 7.2289e-02 2.8723e-01 5.9459e-01 3.6111e-01 3.7288e-01 1.4474e-01 2.0896e-01 5.0667e-01 5.7812e-01 7.4627e-02 5.5556e-01 2.5301e-01 1.3953e-01 2.3944e-01 1.1111e-01 7.7907e-01 3.6765e-01 9.2105e-02 3.9474e-02 8.1081e-01 8.1967e-02 7.7922e-02 2.7160e-01
4.4262e-01 6.7797e-01 1.6250e-01 3.1507e-01 6.6667e-01 8.3099e-01 5.5385e-01 8.0000e-01 5.5556e-01 4.8649e-01 3.7333e-01 9.0278e-01 6.3014e-01 8.0392e-01 7.6056e-01 3.6765e-01 7.3846e-01 9.0476e-01 6.6234e-01 7.9167e-01 7.7941e-01 1.5068e-01 1.2658e-01 2.3288e-01 5.4286e-01 5.2830e-01 6.6667e-01 3.6986e-01 7.9688e-01 3.8028e-01 2.1538e-01 6.9048e-01 7.7419e-01 8.0000e-01 5.6338e-01 9.1176e-01 8.6441e-01 6.7692e-01 2.5714e-01 6.1404e-01 2.7778e-01 3.1746e-01 4.2857e-01 7.6812e-01 4.5833e-01 4.5763e-01 7.8571e-01 2.5000e-01 2.6316e-01 8.6301e-01
