0.0000e+00 4.0000e-01 3.3333e-01 5.0000e-01 6.6667e-01 5.0000e-01 0.0000e+00 0.0000e+00 6.1357e-01 0.0000e+00 2.0000e-01 3.3333e-01 0.0000e+00 3.3333e-01 3.9901e-01 5.0000e-01 0.0000e+00 0.0000e+00 0.0000e+00 4.6154e-01 0.0000e+00 5.0000e-01 0.0000e+00 0.0000e+00 0.0000e+00 0.0000e+00 5.9620e-01 0.0000e+00 5.7143e-01 0.0000e+00 6.5546e-01 0.0000e+00 0.0000e+00 6.2281e-01 0.0000e+00 0.0000e+00 0.0000e+00 0.0000e+00 1.0000e+00 0.0000e+00 5.7270e-01 0.0000e+00 1.0000e+00 0.0000e+00 1.0000e+00 0.0000e+00 0.0000e+00 7.0754e-01 0.0000e+00 4.2857e-01
0.0000e+00 4.0726e-01 0.0000e+00 0.0000e+00 7.1668e-01 0.0000e+00 3.3333e-01 0.0000e+00 3.3333e-01 0.0000e+00 0.0000e+00 0.0000e+00 0.0000e+00 0.0000e+00 0.0000e+00 3.3333e-01 2.5000e-01 0.0000e+00 0.0000e+00 3.3333e-01 0.0000e+00 4.1667e-01 0.0000e+00 0.0000e+00 3.3333e-01 0.0000e+00 0.0000e+00 0.0000e+00 3.3333e-01 6.8578e-01 0.0000e+00 0.0000e+00 0.0000e+00 3.3333e-01 0.0000e+00 0.0000e+00 0.0000e+00 5.0000e-01 5.0000e-01 0.0000e+00 0.0000e+00 0.0000e+00 0.0000e+00 0.0000e+00 1.0000e+00 0.0000e+00 0.0000e+00 0.0000e+00 0.0000e+00 0.0000e+00
0.0000e+00 4.4444e-01 0.0000e+00 0.0000e+00 0.0000e+00 0.0000e+00 0.0000e+00 0.0000e+00 0.0000e+00 0.0000e+00 0.0000e+00 0.0000e+00 0.0000e+00 6.4222e-01 0.0000e+00 0.0000e+00 4.4000e-01 0.0000e+00 0.0000e+00 0.0000e+00 6.9357e-01 0.0000e+00 2.8206e-01 0.0000e+00 6.5020e-01 0.0000e+00 2.8571e-01 0.0000e+00 6.8003e-01 0.0000e+00 3.2258e-01 0.0000e+00 3.3333e-01 3.3333e-01 5.0000e-01 0.0000e+00 6.4006e-01 0.0000e+00 0.0000e+00 3.3333e-01 0.0000e+00 3.3333e-01 5.0000e-01 0.0000e+00 1.0000e+00 0.0000e+00 4.4444e-01 5.0000e-01 5.8648e-01 0.0000e+00
1.0000e+00 5.0000e-01 9.2796e-01 0.0000e+00 1.0000e+00 8.9286e-01 1.0000e+00 0.0000e+00 0.0000e+00 9.1583e-01 0.0000e+00 9.1305e-01 0.0000e+00 8.0769e-01 0.0000e+00 0.0000e+00 0.0000e+00 1.0000e+00 5.0000e-01 0.0000e+00 9.7468e-01 0.0000e+00 0.0000e+00 5.0000e-01 0.0000e+00 0.0000e+00 5.6667e-01 0.0000e+00 1.0000e+00 1.0000e+00 5.0000e-01 7.5000e-01 5.0000e-01 0.0000e+00 1.0000e+00 0.0000e+00 1.0000e+00 1.0000e+00 1.0000e+00 0.0000e+00 6.0000e-01 7.2436e-01 0.0000e+00 7.5000e-01 1.0000e+00 9.9052e-01 9.2727e-01 1.0000e+00 9.2727e-01 5.0000e-01
0.0000e+00 0.0000e+00 0.0000e+00 0.0000e+00 0.0000e+00 0.0000e+00 3.3333e-01 0.0000e+00 0.0000e+00 0.0000e+00 0.0000e+00 0.0000e+00 0.0000e+00 0.0000e+00 0.0000e+00 0.0000e+00 0.0000e+00 0.0000e+00 0.0000e+00 2.5000e-01 0.0000e+00 0.0000e+00 0.0000e+00 0.0000e+00 0.0000e+00 0.0000e+00 0.0000e+00 0.0000e+00 0.0000e+00 0.0000e+00 0.0000e+00 0.0000e+00 0.0000e+00 0.0000e+00 3.3333e-01 0.0000e+00 0.0000e+00 0.0000e+00 0.0000e+00 0.0000e+00 0.0000e+00 0.0000e+00 0.0000e+00 0.0000e+00 0.0000e+00 0.0000e+00 0.0000e+00 3.3333e-01 0.0000e+00 0.0000e+00
5.0000e-01 3.3333e-01 0.0000e+00 0.0000e+00 0.0000e+00 5.1077e-01 0.0000e+00 0.0000e+00 0.0000e+00 0.0000e+00 0.0000e+00 0.0000e+00 0.0000e+00 0.0000e+00 0.0000e+00 5.0513e-01 0.0000e+00 0.0000e+00 0.0000e+00 0.0000e+00 0.0000e+00 0.0000e+00 0.0000e+00 0.0000e+00 0.0000e+00 0.0000e+00 0.0000e+00 0.0000e+00 5.0000e-01 5.0000e-01 0.0000e+00 0.0000e+00 0.0000e+00 0.0000e+00 0.0000e+00 0.0000e+00 5.0000e-01 1.0000e+00 1.0000e+00 0.0000e+00 0.0000e+00 0.0000e+00 1.0000e+00 0.0000e+00 1.0000e+00 0.0000e+00 3.3333e-01 0.0000e+00 0.0000e+00 0.0000e+00
0.0000e+00 0.0000e+00 0.0000e+00 0.0000e+00 0.0000e+00 0.0000e+00 0.0000e+00 0.0000e+00 0.0000e+00 0.0000e+00 1.2821e-01 0.0000e+00 5.7543e-02 0.0000e+00 0.0000e+00 0.0000e+00 0.0000e+00 0.0000e+00 0.0000e+00 0.0000e+00 0.0000e+00 0.0000e+00 0.0000e+00 3.3333e-01 0.0000e+00 0.0000e+00 0.0000e+00 0.0000e+00 0.0000e+00 3.3333e-01 1.6667e-01 0.0000e+00 0.0000e+00 0.0000e+00 0.0000e+00 0.0000e+00 0.0000e+00 0.0000e+00 5.0000e-01 0.0000e+00 0.0000e+00 0.0000e+00 0.0000e+00 2.5000e-01 0.0000e+00 0.0000e+00 2.5000e-01 0.0000e+00 0.0000e+00 0.0000e+00
5.0000e-01 0.0000e+00 0.0000e+00 0.0000e+00 1.0000e+00 5.0000e-01 0.0000e+00 5.0000e-01 0.0000e+00 5.0000e-01 0.0000e+00 5.0000e-01 0.0000e+00 0.0000e+00 0.0000e+00 5.8786e-01 5.0000e-01 7.2893e-01 0.0000e+00 6.2055e-01 6.2500e-01 5.0000e-01 0.0000e+00 7.6628e-01 0.0000e+00 6.3658e-01 0.0000e+00 5.8297e-01 5.0000e-01 5.0000e-01 0.0000e+00 0.0000e+00 0.0000e+00 6.0000e-01 6.6667e-01 6.1706e-01 6.6667e-01 1.0000e+00 1.0000e+00 6.2112e-01 0.0000e+00 4.0000e-01 0.0000e+00 0.0000e+00 1.0000e+00 6.2500e-01 0.0000e+00 5.0000e-01 0.0000e+00 5.0000e-01
3.3333e-01 0.0000e+00 0.0000e+00 5.1539e-01 5.0000e-01 0.0000e+00 0.0000e+00 3.0769e-01 0.0000e+00 0.0000e+00 0.0000e+00 0.0000e+00 0.0000e+00 0.0000e+00 0.0000e+00 0.0000e+00 0.0000e+00 0.0000e+00 0.0000e+00 0.0000e+00 0.0000e+00 4.0608e-01 0.0000e+00 0.0000e+00 0.0000e+00 0.0000e+00 0.0000e+00 0.0000e+00 4.0000e-01 5.5319e-01 0.0000e+00 0.0000e+00 0.0000e+00 0.0000e+00 5.1971e-01 0.0000e+00 0.0000e+00 6.2500e-01 0.0000e+00 0.0000e+00 0.0000e+00 0.0000e+00 0.0000e+00 0.0000e+00 0.0000e+00 0.0000e+00 0.0000e+00 0.0000e+00 0.0000e+00 0.0000e+00
0.0000e+00 5.0000e-01 0.0000e+00 0.0000e+00 1.0000e+00 7.5000e-01 0.0000e+00 8.3187e-01 0.0000e+00 5.0000e-01 3.5323e-01 5.0000e-01 0.0000e+00 6.6667e-01 0.0000e+00 0.0000e+00 7.1968e-01 8.0000e-01 7.0662e-01 5.0000e-01 8.0000e-01 0.0000e+00 0.0000e+00 0.0000e+00 7.5000e-01 0.0000e+00 3.3333e-01 0.0000e+00 8.3333e-01 0.0000e+00 0.0000e+00 8.1981e-01 8.1579e-01 0.0000e+00 1.0000e+00 0.0000e+00 6.6667e-01 1.0000e+00 0.0000e+00 0.0000e+00 5.0000e-01 0.0000e+00 0.0000e+00 7.7013e-01 1.0000e+00 0.0000e+00 8.3561e-01 0.0000e+00 0.0000e+00 8.4862e-01
