1.0000e+01 1.8000e+01 1.0500e+02 9.0000e+00 1.7700e+02 5.9000e+01 2.7000e+01 4.3300e+02 3.8100e+02 1.8000e+01 1.9000e+01 3.0000e+00 5.0000e+00 1.2000e+01 1.1000e+01 3.3000e+01 7.0000e+00 9.0000e+00 3.0000e+00 3.0000e+00 1.1000e+01 1.0000e+00 3.6000e+01 7.0000e+00 1.0000e+01 0.0000e+00 1.7800e+02 2.0000e+00 1.9100e+02 5.4000e+01 3.6670e+03 2.6200e+02 4.1000e+01 2.0000e+01 2.4000e+01 1.0000e+01 8.0000e+00 1.3000e+01 2.2000e+01 1.5000e+01 2.9000e+01 0.0000e+00 3.0000e+00 3.7000e+01 4.5000e+01 1.0000e+00 5.0000e+00 7.8000e+01 2.0000e+00 4.1000e+01
1.4000e+01 2.9000e+01 0.0000e+00 0.0000e+00 3.6530e+03 0.0000e+00 8.0000e+00 2.4000e+01 1.0000e+00 5.0000e+00 0.0000e+00 0.0000e+00 3.0000e+00 0.0000e+00 0.0000e+00 1.2200e+02 4.0000e+00 0.0000e+00 1.0000e+00 7.0000e+00 1.0000e+00 4.0000e+00 2.1700e+02 0.0000e+00 2.0000e+00 0.0000e+00 6.0000e+00 0.0000e+00 5.9000e+01 4.3100e+02 5.0000e+00 0.0000e+00 0.0000e+00 4.0000e+00 8.0000e+00 3.0000e+00 0.0000e+00 1.0000e+00 6.0000e+00 0.0000e+00 0.0000e+00 1.0000e+00 3.0000e+00 1.0000e+00 5.9230e+03 5.6000e+01 0.0000e+00 1.0000e+00 1.0000e+01 1.0000e+00
7.0000e+00 2.4000e+01 6.0000e+00 8.5000e+01 1.5000e+01 2.4000e+01 3.2000e+01 4.0000e+00 2.4000e+02 7.5000e+01 3.9830e+03 4.0000e+00 9.0000e+00 1.0100e+02 7.0000e+00 9.6000e+01 5.9000e+01 1.8000e+01 4.2000e+01 9.0000e+00 4.5000e+01 1.0000e+01 3.0000e+01 3.9000e+01 3.5740e+03 1.2000e+01 1.0000e+01 3.1000e+01 1.4200e+02 1.0000e+01 1.7000e+01 1.0000e+01 5.1000e+01 4.4000e+01 8.2500e+02 1.5000e+01 2.3000e+01 4.0000e+00 3.4000e+01 4.7000e+01 1.0600e+02 1.6000e+01 2.9800e+02 2.7000e+01 0.0000e+00 1.0000e+01 1.5000e+01 4.0000e+00 3.3000e+01 5.0000e+00
5.9300e+03 2.2000e+01 5.2830e+03 4.2770e+03 4.0000e+00 4.8840e+03 5.8020e+03 2.5700e+02 2.6440e+03 5.3570e+03 9.0000e+00 4.7440e+03 4.4130e+03 3.4700e+03 2.0000e+00 2.9750e+03 4.0000e+00 1.4500e+02 2.2600e+02 3.0000e+00 5.4850e+03 5.3660e+03 5.0000e+00 5.8640e+03 1.0000e+00 2.0530e+03 3.2490e+03 7.1000e+01 1.4000e+01 1.2850e+03 3.0000e+00 1.3300e+02 1.5700e+02 0.0000e+00 1.5000e+01 0.0000e+00 3.1250e+03 3.2610e+03 5.6000e+01 2.0000e+00 4.8850e+03 4.1030e+03 8.0000e+00 6.3100e+02 0.0000e+00 5.9290e+03 5.0670e+03 4.3860e+03 5.3160e+03 6.0000e+00
0.0000e+00 6.0000e+00 0.0000e+00 0.0000e+00 3.0000e+00 0.0000e+00 0.0000e+00 0.0000e+00 0.0000e+00 0.0000e+00 2.0000e+00 2.0000e+00 0.0000e+00 0.0000e+00 0.0000e+00 2.4000e+01 6.0000e+00 0.0000e+00 0.0000e+00 2.0000e+01 1.3000e+01 0.0000e+00 4.4000e+01 0.0000e+00 2.0000e+00 2.0000e+00 0.0000e+00 0.0000e+00 2.0000e+00 1.0000e+00 2.0000e+00 7.0000e+00 2.0000e+00 0.0000e+00 4.0000e+00 0.0000e+00 0.0000e+00 0.0000e+00 9.0800e+02 0.0000e+00 0.0000e+00 0.0000e+00 3.0000e+00 0.0000e+00 0.0000e+00 0.0000e+00 0.0000e+00 1.9000e+02 0.0000e+00 0.0000e+00
0.0000e+00 2.0000e+00 0.0000e+00 3.0000e+00 0.0000e+00 3.0000e+01 0.0000e+00 0.0000e+00 0.0000e+00 0.0000e+00 1.7000e+01 1.0000e+00 2.0000e+00 2.0000e+00 8.0000e+00 3.4000e+01 2.0000e+00 0.0000e+00 0.0000e+00 0.0000e+00 3.0000e+00 0.0000e+00 0.0000e+00 0.0000e+00 5.0000e+00 1.0000e+00 0.0000e+00 0.0000e+00 1.2000e+01 2.4590e+03 0.0000e+00 2.0000e+00 0.0000e+00 0.0000e+00 6.0000e+00 1.0000e+00 0.0000e+00 2.5350e+03 4.8740e+03 3.0000e+00 5.0000e+00 2.0000e+00 5.5630e+03 0.0000e+00 0.0000e+00 0.0000e+00 1.0000e+00 4.0000e+00 0.0000e+00 0.0000e+00
0.0000e+00 0.0000e+00 4.0000e+00 2.0000e+00 0.0000e+00 2.0000e+00 0.0000e+00 2.0000e+00 0.0000e+00 2.0000e+00 1.0000e+00 0.0000e+00 1.0000e+00 2.0000e+00 2.0000e+00 3.3500e+02 0.0000e+00 2.0000e+00 3.0000e+00 2.0000e+00 2.0000e+00 0.0000e+00 7.0000e+00 0.0000e+00 1.0000e+00 1.0000e+00 0.0000e+00 0.0000e+00 6.0000e+00 1.6000e+01 1.0000e+00 1.0000e+00 0.0000e+00 0.0000e+00 1.0000e+00 0.0000e+00 0.0000e+00 0.0000e+00 0.0000e+00 0.0000e+00 2.0000e+00 1.0000e+00 0.0000e+00 0.0000e+00 0.0000e+00 0.0000e+00 1.0000e+00 4.0000e+00 1.0000e+00 0.0000e+00
0.0000e+00 2.3000e+01 5.0000e+00 4.1000e+01 1.3000e+01 2.7000e+01 0.0000e+00 1.7000e+01 5.8600e+02 8.0000e+00 1.0000e+01 2.0000e+00 1.8000e+01 6.0000e+00 7.7000e+01 2.3100e+02 4.3700e+02 1.2900e+02 7.0000e+00 3.2000e+01 1.8000e+01 1.4000e+01 2.7470e+03 0.0000e+00 4.9000e+01 1.7340e+03 2.8000e+01 3.2190e+03 2.4000e+02 4.6000e+01 5.9000e+01 1.4000e+01 3.0000e+00 4.0000e+00 1.2900e+02 3.9000e+01 1.3000e+01 0.0000e+00 0.0000e+00 7.6800e+02 6.0000e+00 2.5000e+01 0.0000e+00 1.0000e+01 0.0000e+00 0.0000e+00 3.9000e+01 2.0100e+02 1.4000e+01 7.0000e+00
0.0000e+00 2.0000e+00 6.0000e+00 2.6000e+01 1.6000e+01 5.0000e+00 0.0000e+00 9.0000e+00 6.0000e+00 2.0000e+00 8.0000e+00 2.5000e+01 0.0000e+00 1.0000e+00 0.0000e+00 4.7000e+01 1.5000e+01 3.0000e+00 1.0000e+00 1.0000e+00 2.0000e+00 1.2000e+01 2.3000e+01 0.0000e+00 6.0000e+00 7.0000e+01 4.0000e+00 3.0000e+00 4.0000e+00 2.3000e+01 1.2000e+01 0.0000e+00 1.0000e+00 1.2000e+01 1.3200e+02 2.1000e+01 0.0000e+00 0.0000e+00 0.0000e+00 7.0000e+00 4.0000e+00 4.0000e+00 0.0000e+00 0.0000e+00 0.0000e+00 0.0000e+00 4.9000e+01 4.0000e+00 3.0000e+00 1.0000e+00
0.0000e+00 3.8770e+03 2.0000e+00 7.0000e+00 2.9800e+02 4.3600e+02 0.0000e+00 4.0350e+03 6.6000e+01 8.0000e+00 1.2000e+01 5.6400e+02 1.7800e+02 6.5800e+02 3.9990e+03 7.0000e+00 3.5360e+03 4.7260e+03 3.9410e+03 4.5950e+03 7.8000e+01 3.0000e+00 5.0000e+00 0.0000e+00 1.2100e+02 7.6000e+01 8.4300e+02 3.9000e+01 3.8520e+03 1.0000e+01 5.0000e+00 4.2700e+03 4.5550e+03 4.7390e+03 2.5460e+03 5.3120e+03 2.0880e+03 0.0000e+00 0.0000e+00 2.8610e+03 1.1000e+01 9.0000e+00 0.0000e+00 3.8720e+03 0.0000e+00 0.0000e+00 3.2100e+02 7.0000e+00 7.0000e+00 4.9910e+03
