7.7612e-01 5.0794e-01 8.8406e-01 7.6744e-01 4.2857e-01 0.0000e+00 4.0299e-01 2.6389e-01 1.0000e+00 1.0000e+00 8.6905e-01 9.8529e-01 7.9762e-01 9.0164e-01 7.8788e-01 5.7746e-01 7.9012e-01 5.3086e-01 7.1429e-01 4.0580e-01 5.4688e-01 9.7183e-01 9.5312e-01 9.8333e-01 5.6790e-01 9.0164e-01 7.8788e-01 6.0256e-01 4.1270e-01 8.2192e-01 8.8312e-01 5.4795e-01 8.8136e-01 9.8592e-01 4.7500e-01 5.8824e-01 9.3056e-01 5.8621e-01 4.6154e-01 9.2308e-01 9.2308e-01 2.8049e-01 1.0000e+00 9.6104e-01 4.0789e-01 4.5946e-01 2.4286e-01 5.1852e-01 4.5833e-01 7.3684e-01
2.5843e-01 3.8462e-01 6.1972e-01 6.8493e-02 1.4493e-01 1.0169e-01 6.8966e-02 4.5161e-01 1.6176e-01 2.7941e-01 2.5000e-01 2.0270e-01 2.1687e-01 6.0976e-02 5.6250e-01 4.6875e-02 3.6620e-01 4.3750e-01 2.9114e-01 2.4590e-01 3.3898e-01 5.3086e-01 4.6032e-01 4.4118e-02 3.4783e-01 3.8889e-01 2.3684e-01 1.6667e-01 5.6322e-01 9.8361e-02 3.8028e-01 4.2593e-01 1.9672e-01 2.2727e-01 4.8148e-01 4.6269e-01 1.7143e-01 1.6216e-01 2.0225e-01 1.8519e-01 2.8169e-02 7.6923e-02 6.8421e-01 3.5821e-01 2.5373e-01 3.0000e-01 0.0000e+00 0.0000e+00 1.9355e-01 5.3030e-01
8.6957e-01 6.5714e-01 1.0000e+00 2.2414e-01 1.1594e-01 4.0909e-01 1.0000e+00 6.9492e-01 1.9697e-01 1.6667e-01 9.8551e-01 5.3333e-02 1.4634e-01 1.2329e-01 6.4000e-01 0.0000e+00 1.5385e-01 1.9048e-01 5.1190e-01 4.9333e-01 2.5714e-01 2.1622e-01 6.1194e-01 7.8125e-02 7.8261e-01 4.9275e-01 7.5000e-01 4.1892e-01 8.5938e-01 2.7273e-01 4.0000e-01 1.0000e+00 7.7027e-01 4.0000e-01 2.8000e-01 5.3731e-01 2.2619e-01 5.7143e-01 1.6667e-01 8.2667e-01 1.7949e-01 3.2143e-01 1.7241e-02 5.6098e-01 4.4615e-01 2.5882e-01 8.0645e-02 9.8684e-01 5.3012e-01 9.3939e-01
2.9630e-01 2.7941e-01 1.3333e-02 1.6667e-01 4.2857e-02 4.5902e-01 1.7500e-01 4.6154e-02 1.3846e-01 3.7705e-01 3.6207e-01 5.2239e-01 2.9167e-01 4.9315e-01 1.4925e-02 1.1111e-01 4.9383e-02 3.2394e-01 2.8302e-01 5.1190e-01 7.0149e-01 4.6429e-01 5.2632e-01 5.9420e-01 6.7105e-01 5.8209e-01 8.0769e-01 5.8621e-01 5.3425e-01 4.6667e-01 8.5075e-01 5.2174e-01 4.3284e-01 7.8571e-01 5.7627e-01 5.3448e-01 2.6316e-01 4.2857e-01 7.1053e-01 3.2857e-01 4.8611e-01 5.3846e-01 2.1053e-01 1.5190e-01 5.6944e-01 7.1622e-01 6.4935e-01 4.6835e-01 5.2113e-01 6.5625e-01
4.8101e-01 5.0000e-01 6.8000e-01 4.9206e-01 4.6032e-01 5.8065e-01 4.2045e-01 7.3333e-01 7.8947e-02 5.1667e-01 6.8571e-01 6.1039e-01 7.9545e-01 3.2857e-01 4.2857e-01 4.4231e-01 7.7941e-01 5.8824e-01 3.8356e-01 6.1290e-01 6.4384e-01 5.5405e-01 3.1429e-01 3.8333e-01 5.2542e-01 4.6753e-01 9.3220e-01 5.0667e-01 8.0597e-01 2.1918e-01 5.5714e-01 6.9444e-01 5.2542e-01 2.9487e-01 9.3243e-01 8.0952e-01 6.1039e-01 5.9091e-01 5.6000e-01 3.5135e-01 5.3947e-01 6.2069e-01 5.0000e-01 3.5526e-01 5.0746e-01 3.5088e-01 5.9524e-01 4.5000e-01 6.9697e-01 8.7097e-01
1.0000e+00 1.0000e+00 1.0000e+00 9.3056e-01 8.6420e-01 5.7500e-01 7.3529e-01 8.7013e-01 7.4324e-01 9.7297e-01 7.7922e-01 8.0822e-01 9.5946e-01 8.4043e-01 5.1429e-01 4.6875e-02 6.6234e-01 3.6585e-02 7.8873e-01 1.4815e-01 9.5455e-01 9.8734e-01 1.0000e+00 9.8649e-01 1.0000e+00 7.6316e-01 9.5455e-01 6.5060e-01 9.4872e-01 2.0000e-01 9.7297e-01 8.1333e-01 5.4167e-01 9.1429e-01 9.7500e-01 9.5455e-01 9.1045e-01 9.5556e-01 9.3846e-01 1.0000e+00 9.5588e-01 9.6703e-01 9.6721e-01 9.7403e-01 9.8361e-01 5.5224e-01 4.6667e-01 8.9535e-01 6.1728e-01 5.0000e-01
9.8485e-01 2.8070e-01 8.3784e-01 7.5000e-01 8.8000e-01 2.7941e-01 9.8361e-01 9.8551e-01 2.8571e-01 9.8611e-01 2.3611e-01 2.0000e-01 1.7391e-01 4.3548e-01 3.2836e-01 7.7143e-01 8.3544e-01 9.0909e-02 1.0938e-01 5.6962e-01 7.6812e-01 2.8169e-02 5.0000e-01 1.9231e-01 8.1250e-01 5.0820e-01 1.4085e-02 5.5172e-01 7.2527e-01 1.7722e-01 3.3721e-01 7.8261e-01 3.2308e-01 1.3699e-02 3.0303e-02 9.3846e-01 3.1169e-01 1.0959e-01 5.0000e-01 7.4324e-01 7.9570e-01 3.0882e-01 9.4828e-01 2.5000e-01 9.4595e-02 3.8028e-01 2.4286e-01 9.5890e-01 8.4211e-01 5.1282e-02
2.9577e-01 6.1194e-01 5.0847e-01 2.6471e-01 8.1928e-01 4.1270e-01 3.7500e-01 5.1613e-01 6.6667e-01 5.9322e-01 3.5443e-01 8.3117e-01 3.3766e-01 7.5641e-01 6.5714e-01 2.5862e-01 5.0746e-01 4.5205e-01 1.2658e-01 5.0000e-01 8.0769e-01 3.6923e-01 4.4048e-01 2.3188e-01 3.6111e-01 4.5312e-01 8.5366e-01 4.4872e-01 7.7143e-01 3.9726e-01 5.5556e-01 5.4930e-01 6.5385e-01 9.4521e-01 8.1159e-01 7.2500e-01 6.1538e-02 5.1190e-01 6.6667e-01 4.3103e-01 6.0870e-01 2.0968e-01 1.5714e-01 2.8358e-01 3.4118e-01 6.1290e-01 5.6923e-01 2.2727e-01 8.2857e-01 7.6923e-01
6.7606e-01 8.5294e-01 6.7089e-01 9.8182e-01 7.9121e-01 8.7654e-01 6.3077e-01 6.7532e-01 5.2055e-01 6.2651e-01 7.4324e-01 8.1707e-01 8.5542e-01 8.2456e-01 6.3291e-01 4.0964e-01 5.3226e-01 4.8649e-01 5.6061e-01 6.1667e-01 5.0633e-01 4.4444e-01 8.1013e-01 5.2308e-01 6.4179e-01 6.5152e-01 7.7922e-01 5.5882e-01 8.4000e-01 7.8571e-01 4.5946e-01 6.3235e-01 6.7647e-01 6.4835e-01 7.2857e-01 6.6102e-01 9.0278e-01 4.8611e-01 2.9167e-01 5.4762e-01 7.7778e-01 5.2857e-01 7.6056e-01 9.0909e-01 6.6197e-01 7.3529e-01 7.8788e-01 5.5385e-01 5.4098e-01 6.3235e-01
6.5385e-01 1.6216e-01 6.8750e-01 1.2821e-01 1.4286e-01 8.0282e-01 1.3115e-01 2.5974e-01 7.0423e-02 5.0000e-01 6.1728e-01 8.4375e-01 2.2973e-01 4.6154e-01 2.0690e-01 1.7188e-01 5.7576e-01 4.4118e-01 4.4000e-01 5.8462e-01 8.9831e-01 3.5593e-01 5.1429e-01 2.3438e-01 5.5556e-01 8.2258e-01 8.8462e-01 4.3333e-01 5.3968e-01 4.9231e-01 5.3030e-01 5.6944e-01 7.3171e-02 4.5205e-01 4.7368e-01 2.3684e-01 5.0000e-02 4.4068e-01 7.4242e-01 1.2121e-01 5.5128e-01 4.9231e-01 4.3038e-01 3.5088e-01 6.0563e-01 5.5932e-01 6.2319e-01 6.9880e-01 5.0588e-01 6.8919e-01
