5.3000e+01 3.2000e+01 6.1000e+01 6.6000e+01 2.7000e+01 0.0000e+00 2.7000e+01 1.9000e+01 5.2990e+03 6.7000e+01 7.3000e+01 6.8000e+01 6.7000e+01 5.6000e+01 5.2000e+01 4.1000e+01 6.4000e+01 4.3000e+01 4.7000e+01 2.8000e+01 3.5000e+01 1.2840e+03 5.1030e+03 5.2070e+03 4.6000e+01 5.5000e+01 5.2000e+01 4.7000e+01 2.6000e+01 6.2000e+01 6.8000e+01 4.0000e+01 4.7470e+03 7.0000e+01 3.8000e+01 4.0000e+01 6.8000e+01 3.4000e+01 3.6000e+01 7.6000e+01 4.9100e+03 2.3000e+01 8.2000e+01 7.7000e+01 3.1000e+01 3.4000e+01 1.7000e+01 4.2000e+01 3.3000e+01 5.6000e+01
2.3000e+01 3.0000e+01 2.4240e+03 5.0000e+00 1.0000e+01 6.0000e+00 4.0000e+00 2.8000e+01 1.1000e+01 1.9000e+01 1.9000e+01 1.5000e+01 1.8000e+01 5.0000e+00 2.9300e+03 3.0000e+00 2.6000e+01 2.1350e+03 2.3000e+01 1.5000e+01 2.0000e+01 2.1140e+03 2.9000e+01 3.0000e+00 2.4000e+01 2.8000e+01 1.8000e+01 1.1000e+01 1.8510e+03 6.0000e+00 2.7000e+01 2.3000e+01 1.2000e+01 1.5000e+01 3.9000e+01 3.1000e+01 1.2000e+01 1.2000e+01 1.8000e+01 1.5000e+01 2.0000e+00 6.0000e+00 3.0850e+03 2.4000e+01 1.7000e+01 2.1000e+01 0.0000e+00 0.0000e+00 1.2000e+01 3.5000e+01
6.1000e+01 4.6000e+01 9.9000e+02 1.3000e+01 8.0000e+00 2.7000e+01 5.3650e+03 4.1000e+01 1.3000e+01 1.1000e+01 5.0050e+03 4.0000e+00 1.2000e+01 9.0000e+00 4.8000e+01 0.0000e+00 1.0000e+01 1.2000e+01 4.3000e+01 3.7000e+01 1.8000e+01 1.6000e+01 4.1000e+01 5.0000e+00 5.4000e+01 3.4000e+01 4.8000e+01 3.1000e+01 5.5000e+01 1.8000e+01 2.8000e+01 5.3760e+03 7.7000e+01 2.8000e+01 2.1000e+01 3.6000e+01 1.9000e+01 4.4000e+01 1.2000e+01 1.5100e+03 1.4000e+01 1.8000e+01 1.0000e+00 4.6000e+01 2.9000e+01 2.2000e+01 5.0000e+00 5.2330e+03 4.4000e+01 7.7000e+01
2.4000e+01 1.9000e+01 1.0000e+00 9.0000e+00 3.0000e+00 2.8000e+01 1.4000e+01 3.0000e+00 9.0000e+00 2.3000e+01 2.1000e+01 3.5000e+01 2.1000e+01 3.6000e+01 1.0000e+00 7.0000e+00 4.0000e+00 2.3000e+01 1.5000e+01 4.3000e+01 4.7000e+01 3.9000e+01 4.0000e+01 4.1000e+01 1.1700e+02 3.9000e+01 6.4000e+01 3.5050e+03 3.9000e+01 3.5000e+01 4.5220e+03 3.6000e+01 2.9000e+01 5.6000e+01 3.4000e+01 3.1000e+01 2.0000e+01 3.9000e+01 3.6680e+03 2.3000e+01 3.5000e+01 4.2000e+01 1.6000e+01 1.2000e+01 4.1000e+01 4.2410e+03 3.2640e+03 3.7000e+01 3.7000e+01 4.2000e+01
3.8000e+01 3.5000e+01 5.1000e+01 3.1000e+01 2.9000e+01 3.6000e+01 3.7000e+01 5.6000e+01 6.0000e+00 3.1000e+01 4.8000e+01 4.7000e+01 4.3690e+03 2.3000e+01 2.7000e+01 4.6000e+01 4.2950e+03 4.4000e+01 2.8000e+01 1.1900e+02 4.7000e+01 4.1000e+01 2.2000e+01 2.3000e+01 3.1000e+01 3.6000e+01 3.2650e+03 3.8000e+01 5.6000e+01 1.6000e+01 3.9000e+01 5.0000e+01 3.1000e+01 2.3000e+01 4.6810e+03 8.9000e+01 4.7000e+01 4.1000e+01 2.8000e+01 2.6000e+01 4.1000e+01 3.6000e+01 3.6000e+01 2.7000e+01 3.4000e+01 2.0000e+01 5.1000e+01 3.6000e+01 4.6000e+01 4.5510e+03
8.8000e+01 1.1800e+02 6.9000e+01 6.7000e+01 7.0000e+01 4.6000e+01 5.0000e+01 6.7000e+01 5.5000e+01 7.3000e+01 6.0000e+01 5.9000e+01 7.1000e+01 7.9000e+01 3.6000e+01 3.0000e+00 5.1000e+01 3.0000e+00 3.7940e+03 1.2000e+01 6.3000e+01 8.0000e+01 7.6000e+01 7.4000e+01 5.2210e+03 5.8000e+01 6.3000e+01 5.4000e+01 7.4000e+01 1.4000e+01 7.2000e+01 6.1000e+01 3.9000e+01 6.4000e+01 7.9000e+01 6.3000e+01 6.1000e+01 5.1530e+03 6.2000e+01 3.5560e+03 6.8000e+01 5.1590e+03 5.9000e+01 7.7000e+01 5.4120e+03 3.7000e+01 3.5000e+01 7.7000e+01 5.0000e+01 4.4000e+01
5.2450e+03 1.6000e+01 6.2000e+01 6.0000e+01 6.6000e+01 1.9000e+01 7.1000e+01 5.1850e+03 1.6000e+01 4.8740e+03 1.7000e+01 1.2000e+01 1.2000e+01 2.7000e+01 2.2000e+01 4.1280e+03 6.8000e+01 6.0000e+00 7.0000e+00 4.5000e+01 5.3000e+01 2.0000e+00 3.5000e+01 1.5000e+01 6.6000e+01 3.1000e+01 1.0000e+00 4.8000e+01 6.6000e+01 1.4000e+01 2.9000e+01 5.4000e+01 2.1000e+01 1.0000e+00 2.0000e+00 4.5110e+03 2.4000e+01 8.0000e+00 4.1000e+01 5.5000e+01 7.5000e+01 2.1000e+01 5.5000e+01 1.6000e+01 7.0000e+00 2.7000e+01 1.7000e+01 7.9000e+01 4.9000e+01 4.0000e+00
2.1000e+01 4.1000e+01 3.0000e+01 1.8000e+01 3.9830e+03 2.6000e+01 2.7000e+01 3.2000e+01 4.6000e+01 3.5000e+01 2.8000e+01 1.8150e+03 2.6000e+01 4.0540e+03 4.6000e+01 1.5000e+01 3.4000e+01 3.3000e+01 1.0000e+01 3.4000e+01 6.5000e+01 2.4000e+01 3.7000e+01 1.6000e+01 2.6000e+01 2.9000e+01 7.1000e+01 3.6000e+01 1.3250e+03 2.9000e+01 3.5000e+01 3.9000e+01 8.0000e+01 4.7600e+03 5.7000e+01 5.8000e+01 4.0000e+00 4.3000e+01 4.0000e+01 2.5000e+01 4.2000e+01 1.3000e+01 1.1000e+01 1.9000e+01 2.9000e+01 3.8000e+01 3.7000e+01 1.5000e+01 4.0030e+03 6.1000e+01
4.8000e+01 4.9420e+03 5.3000e+01 5.1770e+03 7.2000e+01 7.4000e+01 4.1000e+01 5.2000e+01 3.9000e+01 5.2000e+01 5.5000e+01 6.7000e+01 7.3000e+01 4.9000e+01 5.0000e+01 3.4000e+01 3.3000e+01 3.6000e+01 3.7000e+01 3.8000e+01 4.0000e+01 3.6000e+01 6.4000e+01 3.4000e+01 4.3000e+01 4.3000e+01 6.0000e+01 3.9000e+01 6.4000e+01 4.2210e+03 3.4000e+01 4.3000e+01 4.6000e+01 5.9000e+01 5.1000e+01 3.9000e+01 4.7500e+03 3.5000e+01 2.1000e+01 4.6000e+01 5.8000e+01 3.7000e+01 5.4000e+01 4.8090e+03 4.7000e+01 5.0000e+01 6.4000e+01 3.6000e+01 3.3000e+01 4.3000e+01
5.1000e+01 1.2000e+01 4.5000e+01 1.0000e+01 1.0000e+01 4.2460e+03 8.0000e+00 2.0000e+01 5.0000e+00 2.6000e+01 5.0000e+01 2.6700e+03 1.7000e+01 3.0000e+01 1.2000e+01 1.1000e+01 3.8000e+01 3.0000e+01 3.3000e+01 2.6380e+03 4.4240e+03 2.1000e+01 3.6000e+01 1.5000e+01 4.0000e+01 4.3310e+03 1.5810e+03 3.9000e+01 3.4000e+01 3.3000e+01 3.5000e+01 4.1000e+01 6.0000e+00 3.3000e+01 3.6000e+01 1.8000e+01 3.0000e+00 2.6000e+01 3.7200e+02 8.0000e+00 4.3000e+01 3.2000e+01 3.4000e+01 2.0000e+01 4.3000e+01 3.3000e+01 4.6000e+01 5.9000e+01 4.3000e+01 5.1000e+01
