2.3000e+01 4.0000e+00 6.0000e+00 7.4000e+01 5.0000e+01 2.7000e+01 6.0000e+00 1.6000e+01 4.2730e+03 5.6710e+03
7.0000e+00 1.4000e+01 8.0000e+00 5.5260e+03 1.5000e+01 1.2000e+01 4.9000e+01 7.0000e+00 9.0000e+00 4.1430e+03
1.3120e+03 1.0000e+01 4.0000e+00 6.4000e+01 8.1630e+03 3.4000e+01 7.4800e+02 8.2700e+02 7.0000e+00 2.8000e+01
1.5000e+01 4.0000e+00 1.4000e+01 8.0000e+00 2.9700e+02 9.7250e+03 7.0000e+00 3.0000e+01 8.0000e+00 7.0000e+00
8.0000e+00 1.2000e+01 8.9390e+03 1.5500e+02 4.1000e+01 2.1000e+01 8.0000e+00 1.6800e+02 1.2000e+01 1.5000e+01
1.8000e+01 1.4000e+01 5.0000e+00 1.1000e+01 6.6000e+01 1.1000e+01 8.9930e+03 3.7900e+02 1.7000e+01 5.8000e+01
8.4810e+03 2.4000e+01 1.6000e+01 2.0000e+01 1.0710e+03 6.0000e+01 3.5000e+01 2.2000e+01 1.0000e+01 8.4000e+01
3.2000e+01 9.7000e+02 1.1270e+03 1.6000e+01 1.0000e+01 2.5000e+01 6.3000e+01 8.2050e+03 1.5000e+01 7.0000e+00
1.5000e+01 2.8000e+01 1.4000e+01 4.2480e+03 1.9100e+02 1.5000e+01 1.5000e+01 1.8700e+02 5.6840e+03 3.7000e+01
7.0000e+00 8.9170e+03 2.0000e+01 9.0000e+00 1.2000e+01 1.0000e+01 8.0000e+00 2.3000e+01 1.9000e+01 4.5000e+01
