8.6957e-01 0.0000e+00 1.6667e-01 7.1622e-01 5.0000e-01 4.8148e-01 1.6667e-01 3.1250e-01 9.1481e-01 9.7143e-01
1.4286e-01 6.4286e-01 2.5000e-01 9.9873e-01 2.0000e-01 2.5000e-01 7.7551e-01 0.0000e+00 1.1111e-01 9.6741e-01
9.7332e-01 4.0000e-01 0.0000e+00 6.4062e-01 7.8574e-01 5.0000e-01 9.7193e-01 7.9323e-01 0.0000e+00 5.0000e-01
7.3333e-01 7.5000e-01 8.5714e-01 5.0000e-01 7.3064e-01 9.7799e-01 2.8571e-01 5.0000e-01 1.2500e-01 7.1429e-01
0.0000e+00 1.6667e-01 8.8019e-01 6.4516e-01 3.4146e-01 2.8571e-01 0.0000e+00 5.8929e-01 8.3333e-02 2.0000e-01
3.8889e-01 4.2857e-01 0.0000e+00 1.8182e-01 5.0000e-01 1.8182e-01 9.6464e-01 7.4406e-01 2.9412e-01 6.2069e-01
8.1913e-01 3.7500e-01 2.5000e-01 2.5000e-01 6.1158e-01 4.6667e-01 4.2857e-01 2.2727e-01 0.0000e+00 5.3571e-01
5.3125e-01 9.7010e-01 9.5386e-01 3.1250e-01 0.0000e+00 4.0000e-01 6.6667e-01 8.3010e-01 2.6667e-01 0.0000e+00
2.0000e-01 3.9286e-01 2.1429e-01 7.6601e-01 5.0785e-01 1.3333e-01 2.0000e-01 5.6150e-01 7.3293e-01 4.0541e-01
0.0000e+00 9.9338e-01 4.5000e-01 1.1111e-01 8.3333e-02 1.0000e-01 1.2500e-01 3.4783e-01 3.1579e-01 5.5556e-01
