2.0000e+01 0.0000e+00 1.0000e+00 5.3000e+01 2.5000e+01 1.3000e+01 1.0000e+00 5.0000e+00 3.9090e+03 5.5090e+03
1.0000e+00 9.0000e+00 2.0000e+00 5.5190e+03 3.0000e+00 3.0000e+00 3.8000e+01 0.0000e+00 1.0000e+00 4.0080e+03
1.2770e+03 4.0000e+00 0.0000e+00 4.1000e+01 6.4140e+03 1.7000e+01 7.2700e+02 6.5600e+02 0.0000e+00 1.4000e+01
1.1000e+01 3.0000e+00 1.2000e+01 4.0000e+00 2.1700e+02 9.5110e+03 2.0000e+00 1.5000e+01 1.0000e+00 5.0000e+00
0.0000e+00 2.0000e+00 7.8680e+03 1.0000e+02 1.4000e+01 6.0000e+00 0.0000e+00 9.9000e+01 1.0000e+00 3.0000e+00
7.0000e+00 6.0000e+00 0.0000e+00 2.0000e+00 3.3000e+01 2.0000e+00 8.6750e+03 2.8200e+02 5.0000e+00 3.6000e+01
6.9470e+03 9.0000e+00 4.0000e+00 5.0000e+00 6.5500e+02 2.8000e+01 1.5000e+01 5.0000e+00 0.0000e+00 4.5000e+01
1.7000e+01 9.4100e+02 1.0750e+03 5.0000e+00 0.0000e+00 1.0000e+01 4.2000e+01 6.8110e+03 4.0000e+00 0.0000e+00
3.0000e+00 1.1000e+01 3.0000e+00 3.2540e+03 9.7000e+01 2.0000e+00 3.0000e+00 1.0500e+02 4.1660e+03 1.5000e+01
0.0000e+00 8.8580e+03 9.0000e+00 1.0000e+00 1.0000e+00 1.0000e+00 1.0000e+00 8.0000e+00 6.0000e+00 2.5000e+01
