5.4878e-01 3.4545e-01 7.3131e-01 3.2353e-01 6.4634e-01 6.4545e-01 6.5320e-01 7.1158e-01 6.0260e-01 5.8559e-01 4.2647e-01 3.5135e-01 2.6667e-01 3.3333e-01 3.7226e-01 3.5294e-01 2.1622e-01 1.8182e-01 1.4706e-01 3.1111e-01 5.9043e-01 1.0526e-01 3.5537e-01 3.3333e-01 1.6667e-01 3.5484e-01 5.7695e-01 2.6866e-01 7.0065e-01 1.0000e+00 6.5366e-01 7.6672e-01 6.2314e-01 6.3555e-01 5.2101e-01 4.2593e-01 3.2500e-01 6.0000e-01 0.0000e+00 2.7778e-01 5.8222e-01 0.0000e+00 0.0000e+00 4.6473e-01 1.0000e+00 1.5385e-01 5.0000e-01 8.3333e-01 1.8182e-01 5.7564e-01
4.6961e-01 3.9589e-01 0.0000e+00 0.0000e+00 7.1953e-01 0.0000e+00 2.3404e-01 5.0085e-01 1.1429e-01 2.3214e-01 0.0000e+00 0.0000e+00 3.7037e-02 0.0000e+00 3.1250e-02 5.2000e-01 3.5714e-02 0.0000e+00 1.4754e-01 3.7097e-01 2.7451e-01 3.8172e-01 4.3127e-01 8.6957e-02 1.1765e-01 1.7391e-01 2.2619e-01 0.0000e+00 5.8930e-01 6.9600e-01 1.1765e-01 0.0000e+00 0.0000e+00 2.7381e-01 2.6415e-01 2.4444e-01 2.2449e-01 1.4286e-01 1.6667e-01 0.0000e+00 0.0000e+00 2.4265e-01 2.5000e-01 2.3256e-01 1.0000e+00 6.7911e-01 0.0000e+00 1.6667e-01 4.1346e-01 7.4074e-02
1.5789e-01 3.1522e-01 1.9048e-01 6.1092e-01 4.0000e-01 6.0814e-01 5.3548e-01 4.9038e-01 6.0011e-01 6.0391e-01 6.9763e-01 3.5000e-01 6.0205e-01 6.3745e-01 7.6923e-02 6.4615e-01 5.7050e-01 3.6538e-01 4.3582e-01 3.8961e-01 6.8307e-01 4.2857e-01 3.1034e-01 6.6531e-01 6.4851e-01 3.1373e-01 3.0303e-01 3.5766e-01 6.7246e-01 6.6667e-01 3.0435e-01 4.7761e-01 5.8929e-01 6.1463e-01 6.4000e-01 4.4615e-01 5.5602e-01 5.0000e-01 0.0000e+00 3.7838e-01 6.5047e-01 4.2025e-01 5.0000e-01 3.9844e-01 1.0000e+00 3.6000e-01 3.3333e-01 1.0000e+00 5.4286e-01 1.6667e-01
1.0000e+00 7.6923e-02 9.4980e-01 7.5000e-01 2.0000e-01 9.1201e-01 1.0000e+00 3.0769e-01 7.0918e-01 9.0391e-01 2.5000e-01 9.0291e-01 7.7946e-01 6.7969e-01 7.6923e-02 6.6667e-01 9.0909e-02 7.3504e-01 6.5582e-01 1.6667e-01 1.0000e+00 9.0347e-01 7.6923e-02 1.0000e+00 0.0000e+00 6.6364e-01 7.1595e-01 2.2727e-01 6.6667e-01 1.0000e+00 1.6667e-01 6.0000e-01 5.9420e-01 2.5000e-01 1.2500e-01 0.0000e+00 8.9122e-01 1.0000e+00 1.0000e+00 1.8750e-01 8.7649e-01 7.1925e-01 1.0000e+00 7.0000e-01 1.0000e+00 1.0000e+00 1.0000e+00 1.0000e+00 9.3677e-01 0.0000e+00
1.4815e-01 2.1226e-01 0.0000e+00 0.0000e+00 2.1429e-01 0.0000e+00 3.3463e-01 0.0000e+00 0.0000e+00 0.0000e+00 7.6923e-02 2.2892e-01 0.0000e+00 0.0000e+00 0.0000e+00 2.4390e-01 2.2485e-01 0.0000e+00 2.0408e-02 4.1049e-01 4.7609e-01 2.9412e-02 3.1276e-01 8.3333e-02 1.1111e-01 0.0000e+00 0.0000e+00 0.0000e+00 6.2500e-02 2.1429e-01 2.0561e-01 3.5714e-01 2.7027e-02 1.1864e-01 2.7820e-01 0.0000e+00 0.0000e+00 9.0909e-02 9.1629e-01 0.0000e+00 5.2632e-02 0.0000e+00 2.7778e-01 0.0000e+00 0.0000e+00 4.3478e-02 0.0000e+00 7.1691e-01 7.5000e-02 0.0000e+00
2.5352e-01 1.7708e-01 4.3478e-02 1.0345e-01 0.0000e+00 5.1147e-01 0.0000e+00 0.0000e+00 0.0000e+00 1.3953e-01 3.6269e-01 1.7073e-01 7.6923e-02 1.0000e-01 3.6150e-01 4.7826e-01 5.4054e-02 1.4634e-01 1.0169e-01 6.2500e-02 2.2000e-01 0.0000e+00 0.0000e+00 0.0000e+00 3.5039e-01 3.4483e-02 0.0000e+00 0.0000e+00 3.1522e-01 7.4927e-01 6.2500e-02 3.2584e-01 1.9403e-01 0.0000e+00 3.1429e-01 4.3478e-02 3.8462e-02 1.0000e+00 1.0000e+00 8.8889e-02 3.7037e-02 2.0979e-01 1.0000e+00 0.0000e+00 7.5403e-01 0.0000e+00 2.3810e-01 8.3333e-02 6.8966e-02 0.0000e+00
3.1925e-01 3.7736e-02 3.1720e-01 2.1795e-01 1.1538e-01 2.3762e-01 2.0988e-01 1.0811e-01 0.0000e+00 2.1698e-01 5.7143e-02 0.0000e+00 7.6923e-02 8.3333e-02 1.2088e-01 6.0322e-01 4.3478e-02 1.0638e-01 7.4627e-02 6.9767e-02 0.0000e+00 1.2500e-01 2.1461e-01 2.3596e-01 2.8571e-02 9.6154e-02 5.7692e-02 1.5000e-01 1.5686e-01 6.2481e-01 6.8182e-02 2.4051e-01 1.1864e-01 5.0000e-02 1.9718e-01 1.1905e-01 0.0000e+00 0.0000e+00 3.6842e-01 1.1268e-01 8.6957e-02 1.6883e-01 3.3333e-01 1.2000e-01 0.0000e+00 1.4706e-01 1.0526e-01 1.1765e-01 1.2000e-01 0.0000e+00
6.9036e-01 5.5628e-01 2.9630e-01 5.3608e-01 3.6842e-01 5.2427e-01 2.5000e-01 4.0816e-01 6.3847e-01 6.2231e-01 7.1429e-02 1.7647e-01 3.6765e-01 2.6471e-01 5.5550e-01 6.6667e-01 6.1137e-01 7.1679e-01 2.5926e-01 6.2468e-01 5.9712e-01 3.7255e-01 5.1252e-01 7.6419e-01 3.0769e-01 6.7093e-01 3.5897e-01 5.6839e-01 3.3333e-01 5.0000e-01 3.8710e-01 5.2857e-01 6.2500e-02 3.7500e-01 6.1321e-01 6.3203e-01 4.9474e-01 2.5000e-01 5.0000e-01 6.1854e-01 3.3333e-01 4.9803e-01 5.0000e-01 2.2857e-01 0.0000e+00 7.3786e-01 7.5000e-01 8.0000e-01 4.6835e-01 3.4694e-01
1.2500e-01 2.3810e-02 2.8571e-01 5.0777e-01 4.7475e-01 1.8182e-01 3.7809e-01 4.0783e-01 1.9277e-01 1.4000e-01 1.7857e-01 5.0804e-01 1.1111e-01 1.6667e-01 2.3810e-02 5.2549e-01 2.5000e-01 1.4583e-01 2.4107e-01 1.8310e-01 4.0000e-02 3.9494e-01 2.4554e-01 3.3557e-01 1.4545e-01 4.1030e-01 6.5217e-02 1.3253e-01 3.3088e-01 3.5714e-01 2.7815e-01 2.1154e-01 7.6923e-02 2.6812e-01 5.0085e-01 5.0710e-01 1.0256e-01 4.8387e-01 6.0000e-01 2.2857e-01 1.3725e-01 9.8592e-02 8.3622e-01 2.8736e-01 3.4783e-01 8.6957e-02 7.1732e-01 1.7647e-01 1.1905e-01 3.4304e-01
2.6667e-01 6.9783e-01 1.8182e-01 0.0000e+00 1.0000e+00 8.2921e-01 5.1515e-01 8.0370e-01 5.3846e-01 5.4717e-01 2.9412e-01 8.5570e-01 6.5351e-01 6.9643e-01 6.9946e-01 0.0000e+00 7.3803e-01 8.6899e-01 7.0460e-01 8.1337e-01 7.1429e-01 1.6667e-01 1.1765e-01 4.0000e-01 4.4444e-01 2.0000e-01 7.3003e-01 2.5000e-01 7.3118e-01 1.0000e+00 2.3529e-01 1.0000e+00 8.1793e-01 8.0880e-01 5.0000e-01 9.1851e-01 8.8931e-01 1.0000e+00 0.0000e+00 6.6760e-01 2.1429e-01 2.7273e-01 6.6667e-01 7.6722e-01 0.0000e+00 6.6667e-01 1.0000e+00 0.0000e+00 2.6667e-01 8.4436e-01
