9.0000e+01 3.8000e+01 3.7670e+03 1.1000e+01 5.3000e+01 4.2600e+02 4.6900e+02 3.0840e+03 9.2800e+02 2.6000e+02 2.9000e+01 1.3000e+01 1.2000e+01 1.8000e+01 5.1000e+01 6.0000e+00 8.0000e+00 4.0000e+00 5.0000e+00 1.4000e+01 1.1100e+02 2.0000e+00 4.3000e+01 1.2000e+01 4.0000e+00 2.2000e+01 1.9570e+03 1.8000e+01 7.4900e+02 1.0000e+00 3.5350e+03 4.0690e+03 1.2980e+03 1.4980e+03 6.2000e+01 2.3000e+01 1.3000e+01 3.0000e+00 0.0000e+00 1.5000e+01 2.6200e+02 0.0000e+00 0.0000e+00 1.1200e+02 1.0000e+00 2.0000e+00 3.0000e+00 5.0000e+00 4.0000e+00 2.9300e+02
1.7000e+02 4.0500e+02 0.0000e+00 0.0000e+00 4.0560e+03 0.0000e+00 1.1000e+01 2.9300e+02 4.0000e+00 1.3000e+01 0.0000e+00 0.0000e+00 1.0000e+00 0.0000e+00 1.0000e+00 5.2000e+01 1.0000e+00 0.0000e+00 9.0000e+00 6.9000e+01 1.4000e+01 7.1000e+01 1.4400e+03 2.0000e+00 4.0000e+00 8.0000e+00 1.9000e+01 0.0000e+00 2.3030e+03 1.7400e+02 4.0000e+00 0.0000e+00 0.0000e+00 2.3000e+01 1.4000e+01 1.1000e+01 1.1000e+01 1.0000e+00 1.0000e+00 0.0000e+00 0.0000e+00 3.3000e+01 2.0000e+00 2.0000e+01 5.7530e+03 3.8010e+03 0.0000e+00 2.0000e+00 8.6000e+01 2.0000e+00
3.0000e+00 2.9000e+01 4.0000e+00 1.7900e+02 1.0000e+01 2.3900e+02 8.3000e+01 5.1000e+01 1.0820e+03 4.3300e+02 3.8530e+03 1.4000e+01 2.4660e+03 3.4040e+03 2.0000e+00 4.2000e+01 1.0480e+03 1.9000e+01 1.4600e+02 3.0000e+01 5.6900e+02 3.9000e+01 2.7000e+01 4.8900e+02 3.5130e+03 1.6000e+01 2.0000e+01 4.9000e+01 4.6400e+02 2.0000e+00 1.4000e+01 3.2000e+01 5.6100e+02 1.0080e+03 3.5200e+02 2.9000e+01 1.3400e+02 2.0000e+00 0.0000e+00 4.2000e+01 2.2890e+03 1.3700e+02 1.0000e+00 5.1000e+01 1.0000e+00 9.0000e+00 2.0000e+00 0.0000e+00 1.1400e+02 4.0000e+00
4.3130e+03 1.0000e+00 4.7300e+02 3.0000e+00 1.0000e+00 8.8100e+02 4.2570e+03 4.0000e+00 1.3900e+02 3.6030e+03 3.0000e+00 9.3000e+01 1.0780e+03 8.7000e+01 1.0000e+00 2.0000e+00 1.0000e+00 8.6000e+01 3.8300e+02 2.0000e+00 2.8000e+01 4.5020e+03 1.0000e+00 1.9000e+01 0.0000e+00 7.3000e+01 3.6800e+02 5.0000e+00 2.0000e+00 2.0000e+00 2.0000e+00 6.0000e+00 4.1000e+01 4.0000e+00 1.0000e+00 0.0000e+00 8.9300e+02 3.0000e+00 3.0000e+00 3.0000e+00 1.5470e+03 3.0410e+03 0.0000e+00 2.5200e+02 4.0000e+00 5.0000e+00 3.0000e+00 2.0000e+00 5.0370e+03 0.0000e+00
8.0000e+00 4.5000e+01 0.0000e+00 0.0000e+00 9.0000e+00 0.0000e+00 8.6000e+01 0.0000e+00 0.0000e+00 0.0000e+00 3.0000e+00 1.9000e+01 0.0000e+00 0.0000e+00 0.0000e+00 1.0000e+01 3.8000e+01 0.0000e+00 1.0000e+00 1.3620e+03 2.1800e+03 1.0000e+00 3.7500e+02 3.0000e+00 6.0000e+00 0.0000e+00 0.0000e+00 0.0000e+00 2.0000e+00 6.0000e+00 2.2000e+01 8.0000e+01 1.0000e+00 7.0000e+00 3.7000e+01 0.0000e+00 0.0000e+00 1.0000e+00 5.5390e+03 0.0000e+00 2.0000e+00 0.0000e+00 5.0000e+00 0.0000e+00 0.0000e+00 1.0000e+00 0.0000e+00 4.2520e+03 3.0000e+00 0.0000e+00
1.8000e+01 1.7000e+01 1.0000e+00 3.0000e+00 0.0000e+00 1.7390e+03 0.0000e+00 0.0000e+00 0.0000e+00 6.0000e+00 7.0000e+01 7.0000e+00 3.0000e+00 4.0000e+00 4.1500e+02 5.5000e+01 2.0000e+00 6.0000e+00 6.0000e+00 2.0000e+00 1.1000e+01 0.0000e+00 0.0000e+00 0.0000e+00 8.9000e+01 1.0000e+00 0.0000e+00 0.0000e+00 2.9000e+01 3.3290e+03 2.0000e+00 2.9000e+01 1.3000e+01 0.0000e+00 3.3000e+01 1.0000e+00 1.0000e+00 5.7730e+03 3.0000e+00 4.0000e+00 1.0000e+00 3.0000e+01 5.4460e+03 0.0000e+00 1.8700e+02 0.0000e+00 5.0000e+00 1.0000e+00 2.0000e+00 0.0000e+00
6.8000e+01 2.0000e+00 5.9000e+01 1.7000e+01 3.0000e+00 2.4000e+01 1.7000e+01 4.0000e+00 0.0000e+00 2.3000e+01 2.0000e+00 0.0000e+00 4.0000e+00 4.0000e+00 1.1000e+01 3.2580e+03 2.0000e+00 5.0000e+00 5.0000e+00 3.0000e+00 0.0000e+00 7.0000e+00 4.7000e+01 2.1000e+01 1.0000e+00 5.0000e+00 3.0000e+00 1.8000e+01 8.0000e+00 8.1100e+02 3.0000e+00 1.9000e+01 7.0000e+00 2.0000e+00 1.4000e+01 5.0000e+00 0.0000e+00 0.0000e+00 7.0000e+00 8.0000e+00 4.0000e+00 2.6000e+01 7.0000e+00 9.0000e+00 0.0000e+00 5.0000e+00 2.0000e+00 2.0000e+00 6.0000e+00 0.0000e+00
5.7300e+02 1.1960e+03 8.0000e+00 5.2000e+01 7.0000e+00 5.4000e+01 6.0000e+00 2.0000e+01 1.3510e+03 3.1800e+02 1.0000e+00 3.0000e+00 2.5000e+01 9.0000e+00 1.1510e+03 3.8000e+01 1.5480e+03 2.7840e+03 1.4000e+01 4.8100e+02 8.3000e+01 1.9000e+01 3.4800e+02 3.7430e+03 1.2000e+01 2.9360e+03 2.8000e+01 3.0170e+03 1.0000e+01 2.0000e+00 2.4000e+01 3.7000e+01 1.0000e+00 2.1000e+01 1.3000e+02 1.4600e+02 4.7000e+01 1.0000e+00 2.0000e+00 3.1620e+03 1.4000e+01 3.8000e+02 1.0000e+00 8.0000e+00 0.0000e+00 1.5200e+02 3.0000e+00 4.0000e+00 3.7000e+01 1.7000e+01
5.0000e+00 1.0000e+00 2.8000e+01 2.7110e+03 9.4000e+01 1.0000e+01 1.0700e+02 1.7700e+02 1.6000e+01 7.0000e+00 1.0000e+01 2.6850e+03 6.0000e+00 1.1000e+01 1.0000e+00 1.3400e+02 4.0000e+01 7.0000e+00 5.4000e+01 1.3000e+01 1.0000e+00 2.5000e+02 5.5000e+01 5.0000e+01 8.0000e+00 5.2600e+02 3.0000e+00 1.1000e+01 4.5000e+01 1.5000e+01 4.2000e+01 1.1000e+01 3.0000e+00 3.7000e+01 2.3660e+03 1.9290e+03 4.0000e+00 1.5000e+01 3.0000e+00 3.2000e+01 7.0000e+00 7.0000e+00 4.3400e+02 7.5000e+01 8.0000e+00 2.0000e+00 4.2960e+03 3.0000e+00 5.0000e+00 1.0600e+02
4.0000e+00 1.5450e+03 2.0000e+00 0.0000e+00 3.0000e+00 3.6900e+02 1.7000e+01 2.1700e+02 3.5000e+01 2.9000e+01 5.0000e+00 3.3800e+02 1.4900e+02 1.5600e+02 1.6990e+03 0.0000e+00 8.1700e+02 1.5190e+03 3.1890e+03 1.2290e+03 6.0000e+01 2.0000e+00 2.0000e+00 8.0000e+00 1.6000e+01 3.0000e+00 1.2520e+03 7.0000e+00 6.8000e+01 1.0000e+00 4.0000e+00 2.0000e+00 2.0890e+03 1.2690e+03 1.5000e+01 1.6230e+03 3.9450e+03 1.0000e+00 0.0000e+00 2.3900e+02 3.0000e+00 9.0000e+00 2.0000e+00 3.6650e+03 0.0000e+00 4.0000e+00 6.0000e+00 0.0000e+00 4.0000e+00 4.2100e+03
