7.0000e+00 1.0000e+00 2.0000e+00 1.2000e+01 4.0000e+00 6.5000e+01 7.0400e+02 1.0000e+00 2.0000e+00 5.0000e+00 1.6000e+01 3.0000e+00 0.0000e+00 1.0000e+00 1.0000e+01 1.3000e+01 1.0000e+00 1.0000e+00 1.0000e+00 0.0000e+00 5.0000e+00 2.0000e+00 0.0000e+00 7.0000e+00 1.0000e+00 0.0000e+00 6.0000e+00 0.0000e+00 1.2000e+01 4.0000e+00 1.0000e+00 1.1000e+01 3.0000e+00 2.4000e+01 1.2000e+01 1.5000e+01 0.0000e+00 1.3000e+01 6.6400e+02 3.1000e+01 1.0000e+00 1.0000e+00 3.2000e+01 1.0000e+00 1.7000e+01 2.0000e+00 1.0000e+01 1.1000e+01 2.0000e+00 3.0000e+00
5.0000e+00 0.0000e+00 0.0000e+00 1.9000e+01 3.0000e+00 1.7000e+01 4.0000e+00 2.0000e+00 5.0000e+00 1.6000e+01 4.0000e+00 4.9000e+01 3.0000e+00 1.0000e+00 3.0000e+00 7.0000e+00 4.0000e+01 1.0000e+00 1.0000e+00 1.0000e+00 4.5000e+01 8.0000e+00 3.0000e+00 1.0000e+00 9.0000e+00 5.0000e+00 1.0000e+00 5.0000e+00 5.0000e+00 7.8000e+01 0.0000e+00 1.1360e+03 8.0000e+00 1.0000e+00 5.8310e+03 1.0000e+00 2.0000e+00 4.1000e+01 5.3160e+03 1.0000e+00 0.0000e+00 0.0000e+00 1.7900e+02 2.6000e+01 1.0400e+02 1.0000e+00 1.0000e+00 2.0000e+00 1.0000e+00 1.0000e+00
3.0000e+00 2.0000e+00 0.0000e+00 3.0000e+00 3.0000e+00 1.1000e+01 6.0000e+00 0.0000e+00 0.0000e+00 0.0000e+00 6.0000e+00 0.0000e+00 1.0000e+00 1.0000e+00 0.0000e+00 1.3000e+01 1.0000e+00 1.0000e+00 0.0000e+00 1.0000e+00 5.0000e+00 1.3000e+01 1.0000e+00 6.0000e+00 0.0000e+00 4.0000e+00 2.0000e+00 0.0000e+00 3.0000e+00 9.4000e+01 3.0000e+00 1.0000e+00 0.0000e+00 1.0000e+00 0.0000e+00 1.0000e+00 0.0000e+00 1.2000e+01 0.0000e+00 8.0000e+00 0.0000e+00 0.0000e+00 2.9000e+01 7.0000e+00 4.0000e+00 1.0000e+00 8.0000e+00 1.0000e+00 1.0000e+00 0.0000e+00
5.0000e+00 0.0000e+00 0.0000e+00 0.0000e+00 2.0000e+00 0.0000e+00 3.8000e+01 1.0000e+00 3.0000e+00 0.0000e+00 1.0000e+00 0.0000e+00 0.0000e+00 5.0000e+00 1.0000e+00 5.0000e+00 2.0000e+00 1.0000e+00 0.0000e+00 1.0000e+00 0.0000e+00 1.0000e+00 3.0000e+00 2.0000e+00 1.0000e+00 1.0000e+00 2.0000e+00 0.0000e+00 0.0000e+00 2.8000e+01 1.0000e+00 0.0000e+00 0.0000e+00 0.0000e+00 0.0000e+00 0.0000e+00 0.0000e+00 0.0000e+00 0.0000e+00 1.4000e+01 0.0000e+00 0.0000e+00 1.3000e+01 0.0000e+00 0.0000e+00 4.0000e+00 1.0000e+00 1.0000e+00 0.0000e+00 1.0000e+00
4.0000e+00 3.0000e+00 2.0000e+00 4.0000e+00 4.0000e+00 2.0000e+00 5.0530e+03 1.0000e+00 4.0000e+00 4.0000e+00 3.0000e+00 3.0000e+00 0.0000e+00 1.0000e+00 7.0000e+00 3.0000e+00 1.0000e+00 2.0000e+00 1.0000e+00 1.0000e+00 4.0000e+00 3.0000e+00 7.0000e+00 7.0000e+00 3.0000e+00 2.0000e+00 3.0000e+00 4.0000e+00 3.3800e+02 1.7000e+01 0.0000e+00 0.0000e+00 1.0000e+00 1.0000e+00 0.0000e+00 2.0000e+00 0.0000e+00 5.0000e+00 0.0000e+00 6.0000e+00 0.0000e+00 0.0000e+00 2.7000e+01 2.0000e+00 2.0000e+00 1.0000e+00 2.0000e+00 3.0000e+00 1.0000e+00 3.0000e+00
0.0000e+00 0.0000e+00 0.0000e+00 4.0000e+00 5.0000e+00 0.0000e+00 0.0000e+00 1.0000e+00 1.0000e+00 2.0000e+00 1.0000e+00 2.0000e+00 0.0000e+00 0.0000e+00 2.0000e+00 3.0000e+00 0.0000e+00 0.0000e+00 0.0000e+00 0.0000e+00 0.0000e+00 4.0000e+00 5.0000e+00 1.0000e+00 0.0000e+00 0.0000e+00 0.0000e+00 0.0000e+00 0.0000e+00 1.0000e+00 0.0000e+00 1.0000e+00 1.0000e+00 0.0000e+00 0.0000e+00 5.0000e+00 0.0000e+00 0.0000e+00 0.0000e+00 2.0800e+02 1.0000e+00 0.0000e+00 3.0000e+00 1.0000e+00 2.0000e+01 5.0000e+00 1.2000e+01 5.0000e+00 2.0000e+00 0.0000e+00
2.5000e+01 0.0000e+00 3.0000e+00 1.0000e+00 0.0000e+00 6.0000e+00 0.0000e+00 0.0000e+00 0.0000e+00 0.0000e+00 4.0000e+00 0.0000e+00 1.0000e+00 0.0000e+00 0.0000e+00 1.0000e+00 0.0000e+00 0.0000e+00 0.0000e+00 0.0000e+00 0.0000e+00 0.0000e+00 5.0000e+00 0.0000e+00 0.0000e+00 0.0000e+00 0.0000e+00 0.0000e+00 2.0000e+00 0.0000e+00 0.0000e+00 0.0000e+00 0.0000e+00 3.0000e+00 0.0000e+00 0.0000e+00 0.0000e+00 1.0000e+00 0.0000e+00 2.0000e+00 0.0000e+00 0.0000e+00 1.0000e+00 0.0000e+00 0.0000e+00 3.2000e+01 0.0000e+00 4.0000e+00 0.0000e+00 2.0000e+00
1.0000e+00 1.0000e+00 0.0000e+00 4.0000e+00 6.0000e+00 0.0000e+00 0.0000e+00 0.0000e+00 0.0000e+00 1.0000e+00 0.0000e+00 0.0000e+00 0.0000e+00 1.0000e+00 1.0000e+00 1.0000e+00 0.0000e+00 0.0000e+00 0.0000e+00 0.0000e+00 0.0000e+00 0.0000e+00 1.0000e+00 1.0000e+00 1.0000e+00 0.0000e+00 1.0000e+00 0.0000e+00 3.0000e+00 7.0000e+00 1.0000e+00 6.0000e+00 2.0000e+00 0.0000e+00 0.0000e+00 1.0000e+00 0.0000e+00 4.0000e+00 0.0000e+00 2.0000e+00 0.0000e+00 1.0000e+00 1.0000e+00 1.0000e+00 0.0000e+00 0.0000e+00 3.0000e+00 1.0000e+00 0.0000e+00 0.0000e+00
0.0000e+00 0.0000e+00 0.0000e+00 0.0000e+00 4.0000e+00 0.0000e+00 0.0000e+00 3.0000e+00 0.0000e+00 0.0000e+00 1.0000e+00 0.0000e+00 1.0000e+00 0.0000e+00 0.0000e+00 3.0000e+00 2.0000e+00 1.0000e+00 0.0000e+00 0.0000e+00 0.0000e+00 4.0000e+00 1.0000e+00 1.0000e+00 0.0000e+00 5.0000e+00 1.0000e+00 1.0000e+00 1.0000e+00 1.0000e+00 1.0000e+00 0.0000e+00 1.0000e+00 3.0000e+00 0.0000e+00 2.0000e+00 1.0000e+00 7.0000e+00 0.0000e+00 0.0000e+00 1.0000e+00 4.0000e+00 2.0000e+00 0.0000e+00 1.3000e+01 0.0000e+00 1.0000e+00 1.0000e+00 0.0000e+00 4.0000e+00
2.0000e+00 1.0000e+00 0.0000e+00 2.0000e+00 1.4000e+01 4.0000e+00 0.0000e+00 6.0000e+00 0.0000e+00 0.0000e+00 1.0000e+01 0.0000e+00 1.0000e+00 2.0000e+00 1.0000e+00 1.3000e+01 0.0000e+00 2.0000e+00 2.0000e+00 0.0000e+00 1.0000e+00 1.8000e+01 2.0000e+00 4.0000e+00 3.0000e+00 0.0000e+00 5.0000e+00 1.0000e+00 2.0000e+00 0.0000e+00 0.0000e+00 1.0000e+00 0.0000e+00 0.0000e+00 0.0000e+00 1.0000e+00 1.0000e+00 1.1000e+01 0.0000e+00 0.0000e+00 0.0000e+00 1.0000e+00 0.0000e+00 1.0000e+00 0.0000e+00 2.0000e+00 3.0000e+00 0.0000e+00 3.0000e+00 2.0000e+00
8.0500e+02 1.0000e+00 0.0000e+00 4.0600e+02 0.0000e+00 9.0000e+00 0.0000e+00 0.0000e+00 4.0000e+00 1.0000e+00 1.0000e+00 1.0000e+01 2.0000e+00 1.0000e+00 7.4900e+02 2.4000e+01 4.0000e+00 4.0000e+00 2.1000e+01 0.0000e+00 3.3000e+01 2.0100e+02 1.9000e+01 8.7600e+02 1.0000e+01 4.0000e+00 3.6000e+01 4.0000e+00 3.0000e+00 1.3000e+01 4.9000e+01 1.1800e+02 9.0000e+00 2.4000e+01 0.0000e+00 7.7000e+01 4.0000e+00 2.3000e+01 0.0000e+00 2.4800e+02 0.0000e+00 1.2400e+02 4.1000e+01 2.1000e+01 2.4000e+01 3.6000e+01 7.0000e+00 2.2000e+01 1.6000e+01 1.0000e+00
3.0000e+00 1.0000e+00 0.0000e+00 1.0000e+00 1.0000e+00 3.2000e+01 0.0000e+00 0.0000e+00 0.0000e+00 5.0000e+00 1.0000e+00 3.0000e+00 1.0000e+00 0.0000e+00 7.0000e+00 2.9000e+01 1.0000e+00 0.0000e+00 4.0000e+00 2.0000e+00 1.0000e+00 3.0000e+00 4.0000e+00 1.0000e+00 1.0000e+00 1.0000e+00 2.0000e+01 1.0000e+00 3.0000e+01 1.0000e+00 4.0000e+00 1.0000e+00 0.0000e+00 0.0000e+00 0.0000e+00 8.0000e+00 0.0000e+00 1.7000e+01 0.0000e+00 0.0000e+00 0.0000e+00 3.0000e+00 3.0000e+00 0.0000e+00 0.0000e+00 0.0000e+00 0.0000e+00 7.0000e+00 0.0000e+00 0.0000e+00
8.6000e+01 2.7000e+01 7.4000e+01 1.8000e+01 8.2000e+01 8.1000e+01 0.0000e+00 9.4000e+01 1.2000e+01 9.8000e+01 1.2000e+01 2.4000e+01 3.5000e+01 1.6900e+02 3.3000e+01 8.0000e+00 1.0000e+02 1.7000e+01 1.3000e+02 6.7000e+01 2.3000e+01 2.3000e+01 2.7000e+01 5.5000e+01 2.2900e+02 1.7900e+02 1.5000e+01 6.0000e+00 3.5000e+01 3.3000e+01 1.1200e+02 2.1300e+02 1.4000e+02 6.0000e+00 0.0000e+00 1.9000e+01 2.2000e+02 1.0100e+02 0.0000e+00 2.7800e+02 2.6000e+01 1.3100e+02 5.0000e+00 2.6900e+02 6.0000e+00 5.2000e+01 3.3000e+01 2.0000e+00 3.5000e+01 3.7000e+01
2.0000e+00 0.0000e+00 0.0000e+00 3.0000e+00 1.1000e+01 3.0000e+00 0.0000e+00 1.0000e+00 1.0000e+00 8.0000e+00 0.0000e+00 9.0000e+00 1.0000e+00 1.0000e+00 1.0000e+01 3.0000e+00 1.0000e+00 2.0000e+00 0.0000e+00 0.0000e+00 0.0000e+00 7.7000e+01 3.0000e+00 5.0000e+00 4.0000e+00 2.0000e+00 4.0000e+00 0.0000e+00 0.0000e+00 8.0000e+00 1.0000e+00 0.0000e+00 2.0000e+00 2.0000e+00 0.0000e+00 1.0000e+00 0.0000e+00 2.0000e+01 0.0000e+00 4.8000e+01 0.0000e+00 2.0000e+00 5.0000e+00 0.0000e+00 8.0000e+00 3.6000e+01 3.0000e+00 2.0000e+00 0.0000e+00 2.0000e+00
1.0000e+00 0.0000e+00 1.0000e+00 3.0000e+00 1.4000e+01 2.0000e+00 0.0000e+00 2.0000e+00 2.0000e+00 3.0000e+00 1.1000e+01 2.0000e+00 9.0000e+00 1.0000e+01 3.0000e+00 1.3000e+01 1.0000e+00 2.0000e+00 5.0000e+00 2.0000e+00 5.0000e+00 1.0000e+00 4.0000e+00 4.0000e+00 1.0000e+00 1.0000e+00 2.0000e+00 3.0000e+00 4.0000e+00 2.0000e+00 3.0000e+00 3.0000e+00 1.0000e+00 0.0000e+00 0.0000e+00 1.0000e+00 1.0000e+00 1.3000e+01 0.0000e+00 4.0000e+00 3.0000e+00 0.0000e+00 9.0000e+00 5.0000e+00 2.8000e+01 1.0000e+00 1.4000e+01 4.0000e+00 2.5000e+01 0.0000e+00
1.0000e+00 0.0000e+00 3.0000e+00 0.0000e+00 3.0000e+00 2.0000e+00 0.0000e+00 0.0000e+00 2.0000e+00 2.0000e+00 0.0000e+00 4.0000e+00 0.0000e+00 0.0000e+00 1.3000e+01 3.0000e+00 0.0000e+00 0.0000e+00 1.0000e+00 1.0000e+00 8.0000e+00 1.0000e+00 0.0000e+00 0.0000e+00 0.0000e+00 0.0000e+00 9.0000e+00 2.0000e+00 0.0000e+00 4.0000e+00 0.0000e+00 3.0000e+00 0.0000e+00 9.5000e+01 0.0000e+00 0.0000e+00 0.0000e+00 8.1000e+01 0.0000e+00 2.0000e+00 0.0000e+00 0.0000e+00 1.2000e+01 1.0000e+00 2.8000e+01 0.0000e+00 0.0000e+00 3.5000e+01 1.0000e+00 0.0000e+00
0.0000e+00 0.0000e+00 2.0000e+00 0.0000e+00 0.0000e+00 1.0000e+00 0.0000e+00 2.0000e+00 0.0000e+00 0.0000e+00 7.0000e+00 0.0000e+00 0.0000e+00 2.0000e+00 3.0000e+00 0.0000e+00 2.0000e+00 0.0000e+00 0.0000e+00 1.0000e+00 1.0000e+00 0.0000e+00 1.0000e+00 0.0000e+00 1.0000e+00 0.0000e+00 0.0000e+00 0.0000e+00 1.0000e+00 3.0000e+00 0.0000e+00 0.0000e+00 2.0000e+00 0.0000e+00 0.0000e+00 0.0000e+00 0.0000e+00 0.0000e+00 0.0000e+00 0.0000e+00 0.0000e+00 0.0000e+00 0.0000e+00 0.0000e+00 0.0000e+00 4.0000e+00 1.0000e+00 0.0000e+00 0.0000e+00 1.0000e+00
9.0000e+00 1.0600e+02 0.0000e+00 1.4000e+01 5.2000e+01 3.3000e+01 0.0000e+00 2.1000e+02 2.0000e+00 0.0000e+00 1.0500e+02 1.9000e+01 1.2000e+01 1.1700e+02 0.0000e+00 7.5000e+01 1.6000e+01 0.0000e+00 2.0000e+00 0.0000e+00 0.0000e+00 0.0000e+00 1.0000e+00 1.0000e+00 4.5000e+01 2.6000e+01 1.0000e+00 2.0000e+00 3.0000e+00 2.0000e+00 0.0000e+00 3.0000e+00 2.0000e+00 5.0000e+00 0.0000e+00 3.5000e+01 1.5800e+02 0.0000e+00 0.0000e+00 3.0000e+00 0.0000e+00 1.0000e+00 8.2000e+01 0.0000e+00 5.4820e+03 3.6000e+01 2.0000e+00 3.6000e+01 7.0000e+00 2.4000e+01
3.0000e+00 1.0000e+00 0.0000e+00 1.0000e+00 2.0000e+00 0.0000e+00 0.0000e+00 0.0000e+00 0.0000e+00 0.0000e+00 1.6000e+01 1.0000e+00 0.0000e+00 0.0000e+00 4.0000e+00 1.3000e+01 0.0000e+00 0.0000e+00 0.0000e+00 0.0000e+00 0.0000e+00 0.0000e+00 0.0000e+00 1.0000e+00 0.0000e+00 1.0000e+00 0.0000e+00 0.0000e+00 1.0000e+00 4.0000e+00 0.0000e+00 0.0000e+00 2.0000e+00 0.0000e+00 0.0000e+00 2.0000e+00 0.0000e+00 0.0000e+00 0.0000e+00 1.0000e+00 0.0000e+00 2.0000e+00 2.0000e+00 0.0000e+00 0.0000e+00 5.0000e+00 3.0000e+00 0.0000e+00 0.0000e+00 0.0000e+00
5.0000e+00 0.0000e+00 0.0000e+00 1.0000e+00 2.0000e+00 0.0000e+00 0.0000e+00 1.0000e+00 1.0000e+00 0.0000e+00 3.0000e+00 3.0000e+00 2.0000e+00 1.0000e+00 7.0000e+00 1.0000e+01 0.0000e+00 0.0000e+00 0.0000e+00 1.0000e+00 0.0000e+00 0.0000e+00 0.0000e+00 0.0000e+00 1.0000e+00 1.0000e+00 1.0000e+00 1.0000e+00 4.0000e+00 0.0000e+00 0.0000e+00 0.0000e+00 0.0000e+00 0.0000e+00 0.0000e+00 0.0000e+00 0.0000e+00 2.0000e+00 0.0000e+00 1.0000e+00 0.0000e+00 0.0000e+00 3.0000e+00 4.0000e+00 0.0000e+00 0.0000e+00 3.0000e+00 0.0000e+00 0.0000e+00 0.0000e+00
1.0000e+00 1.0000e+00 2.0000e+00 1.0000e+00 0.0000e+00 1.5000e+01 0.0000e+00 0.0000e+00 2.0000e+00 0.0000e+00 2.0000e+00 0.0000e+00 0.0000e+00 4.0000e+00 0.0000e+00 1.3700e+02 1.0000e+00 2.0000e+00 0.0000e+00 0.0000e+00 1.0000e+01 0.0000e+00 1.0000e+00 0.0000e+00 1.0000e+00 0.0000e+00 0.0000e+00 0.0000e+00 2.0000e+00 1.0000e+00 2.0000e+00 6.0000e+00 1.0000e+00 0.0000e+00 0.0000e+00 3.0000e+00 8.0000e+00 1.0000e+00 0.0000e+00 0.0000e+00 1.0000e+00 2.0000e+00 1.2000e+01 1.3000e+01 0.0000e+00 4.0000e+00 3.0000e+00 3.0000e+00 1.0000e+00 5.1000e+01
1.1000e+01 0.0000e+00 0.0000e+00 1.0000e+01 1.3000e+01 2.0000e+00 0.0000e+00 1.0000e+00 1.0000e+00 0.0000e+00 2.0000e+00 0.0000e+00 0.0000e+00 0.0000e+00 5.0000e+00 1.4000e+01 2.0000e+00 2.0000e+00 0.0000e+00 0.0000e+00 2.0000e+00 1.0000e+00 2.0000e+00 9.0000e+00 0.0000e+00 0.0000e+00 8.0000e+00 0.0000e+00 5.0000e+00 6.0000e+00 0.0000e+00 1.0000e+00 1.0000e+00 5.6660e+03 0.0000e+00 2.0000e+00 0.0000e+00 1.9000e+01 0.0000e+00 5.0000e+00 4.0000e+00 3.0000e+00 5.0000e+00 0.0000e+00 0.0000e+00 3.0000e+00 0.0000e+00 4.0000e+00 0.0000e+00 1.0000e+00
1.3000e+01 2.0000e+00 1.3000e+01 1.0000e+01 6.0000e+00 2.0000e+00 0.0000e+00 1.0000e+00 2.0000e+00 4.0000e+00 4.0000e+00 0.0000e+00 0.0000e+00 2.0000e+00 3.0000e+00 1.6000e+01 2.0000e+01 4.0000e+00 0.0000e+00 3.0000e+00 1.0000e+00 3.0000e+00 4.3000e+01 4.2000e+01 1.0000e+00 2.0000e+00 2.0000e+00 1.3000e+01 1.5000e+01 3.5000e+01 2.0000e+00 8.3000e+01 7.0000e+00 0.0000e+00 0.0000e+00 1.0000e+01 2.0000e+00 6.5000e+01 0.0000e+00 1.5000e+01 1.0000e+00 0.0000e+00 3.3000e+01 1.0000e+00 0.0000e+00 6.0000e+00 0.0000e+00 4.0000e+00 1.0000e+00 0.0000e+00
0.0000e+00 0.0000e+00 0.0000e+00 1.0000e+00 0.0000e+00 1.0000e+01 0.0000e+00 5.0000e+00 1.0000e+01 0.0000e+00 1.5000e+01 0.0000e+00 0.0000e+00 0.0000e+00 5.0000e+00 1.0000e+00 1.3000e+01 0.0000e+00 0.0000e+00 1.2000e+01 3.0000e+00 8.8000e+01 4.6000e+01 0.0000e+00 0.0000e+00 9.7000e+01 0.0000e+00 1.0000e+00 0.0000e+00 2.0000e+00 1.2000e+01 0.0000e+00 1.0000e+00 0.0000e+00 0.0000e+00 9.0000e+01 3.0000e+00 0.0000e+00 0.0000e+00 3.0000e+00 0.0000e+00 0.0000e+00 2.0000e+00 0.0000e+00 0.0000e+00 0.0000e+00 2.3000e+01 9.0000e+00 1.3000e+01 5.0000e+00
0.0000e+00 0.0000e+00 0.0000e+00 1.0000e+00 5.0000e+00 0.0000e+00 0.0000e+00 0.0000e+00 3.0000e+00 2.5000e+01 3.0000e+00 8.0000e+00 0.0000e+00 0.0000e+00 4.0000e+00 8.0000e+00 0.0000e+00 0.0000e+00 0.0000e+00 0.0000e+00 2.0000e+00 0.0000e+00 0.0000e+00 4.0000e+00 0.0000e+00 3.0000e+00 4.0000e+00 2.2000e+01 0.0000e+00 0.0000e+00 0.0000e+00 3.0000e+00 2.0000e+00 0.0000e+00 0.0000e+00 8.0000e+00 0.0000e+00 5.2070e+03 0.0000e+00 1.0000e+00 0.0000e+00 9.0000e+00 2.3000e+01 1.0000e+00 0.0000e+00 2.0000e+00 1.0000e+00 0.0000e+00 0.0000e+00 0.0000e+00
8.4000e+01 0.0000e+00 4.0000e+00 5.1000e+01 1.7200e+02 7.5000e+01 0.0000e+00 1.0000e+00 4.0000e+00 6.8000e+01 3.0000e+00 3.5000e+01 6.0000e+00 1.0000e+00 5.0000e+00 1.0000e+01 1.0000e+00 0.0000e+00 2.0000e+00 0.0000e+00 5.0000e+00 2.0000e+00 5.0000e+00 5.4000e+01 2.1000e+01 7.0000e+00 2.0000e+00 3.0000e+00 1.0000e+00 7.0000e+00 0.0000e+00 1.3000e+01 4.0000e+00 0.0000e+00 0.0000e+00 4.2000e+01 0.0000e+00 0.0000e+00 0.0000e+00 1.2400e+02 2.0000e+00 1.0000e+00 9.5000e+01 4.0000e+00 0.0000e+00 6.0000e+01 0.0000e+00 2.6000e+01 1.2000e+01 2.0000e+00
5.0000e+00 1.0000e+00 0.0000e+00 0.0000e+00 5.0000e+00 7.0000e+00 0.0000e+00 1.0000e+00 0.0000e+00 0.0000e+00 2.0000e+00 1.0000e+00 2.0000e+00 0.0000e+00 5.0000e+00 5.0000e+00 0.0000e+00 1.0000e+00 0.0000e+00 0.0000e+00 2.0000e+00 0.0000e+00 0.0000e+00 2.0000e+00 0.0000e+00 5.0000e+00 0.0000e+00 1.0000e+00 0.0000e+00 1.6000e+01 0.0000e+00 0.0000e+00 0.0000e+00 0.0000e+00 0.0000e+00 3.0000e+00 0.0000e+00 0.0000e+00 0.0000e+00 0.0000e+00 0.0000e+00 3.0000e+00 3.0000e+00 0.0000e+00 0.0000e+00 0.0000e+00 1.0000e+00 0.0000e+00 1.0000e+00 0.0000e+00
3.0000e+00 0.0000e+00 0.0000e+00 0.0000e+00 0.0000e+00 1.0000e+00 0.0000e+00 0.0000e+00 0.0000e+00 0.0000e+00 6.0000e+00 2.0000e+00 0.0000e+00 1.0000e+00 1.0000e+00 1.0000e+00 1.0000e+00 0.0000e+00 0.0000e+00 0.0000e+00 0.0000e+00 0.0000e+00 0.0000e+00 0.0000e+00 0.0000e+00 2.0000e+00 0.0000e+00 3.0000e+00 0.0000e+00 0.0000e+00 0.0000e+00 0.0000e+00 0.0000e+00 0.0000e+00 0.0000e+00 0.0000e+00 0.0000e+00 0.0000e+00 0.0000e+00 0.0000e+00 2.0000e+00 1.0000e+00 6.0000e+00 2.0000e+00 0.0000e+00 2.3000e+01 1.0000e+00 4.0000e+00 1.0000e+00 0.0000e+00
7.0000e+00 3.0000e+00 1.1000e+01 2.7000e+01 4.5000e+01 1.9000e+01 0.0000e+00 1.1000e+01 5.0000e+00 2.8000e+01 1.1000e+01 7.0000e+00 4.0000e+00 4.0000e+00 8.0000e+00 9.0000e+00 4.0000e+00 8.0000e+00 1.0000e+00 2.0000e+00 1.0000e+01 6.0000e+00 4.0000e+00 1.5000e+01 1.5000e+01 5.0000e+00 8.0000e+00 3.0000e+00 1.9000e+01 6.0000e+00 1.2000e+01 1.2000e+01 9.0000e+00 0.0000e+00 0.0000e+00 1.6000e+01 3.0000e+00 0.0000e+00 0.0000e+00 2.8000e+01 1.5000e+01 3.0000e+00 2.0000e+00 1.0000e+01 0.0000e+00 3.0000e+00 7.0000e+00 6.0000e+00 3.0000e+00 2.0000e+00
0.0000e+00 1.0000e+00 0.0000e+00 4.0000e+00 1.0000e+00 1.0000e+00 0.0000e+00 2.0000e+00 2.0000e+00 1.0000e+01 1.3000e+01 8.0000e+00 3.0000e+00 3.0000e+00 6.0000e+00 2.1000e+01 1.0000e+00 2.0000e+00 0.0000e+00 1.0000e+00 5.0000e+00 7.0000e+00 0.0000e+00 6.0000e+00 2.0000e+00 1.0000e+00 1.1000e+01 3.0000e+00 2.1000e+01 1.9000e+01 0.0000e+00 4.0000e+00 2.0000e+00 0.0000e+00 0.0000e+00 4.0000e+00 1.0000e+00 0.0000e+00 0.0000e+00 1.0000e+00 1.0000e+00 3.0000e+00 7.0000e+00 8.0000e+00 0.0000e+00 2.0000e+00 1.0000e+01 5.0000e+00 0.0000e+00 5.0000e+00
0.0000e+00 0.0000e+00 0.0000e+00 3.0000e+00 4.0000e+00 0.0000e+00 0.0000e+00 2.0000e+00 3.0000e+00 1.7900e+02 1.1610e+03 3.0000e+00 1.0000e+00 2.0000e+00 4.8000e+01 3.1500e+02 0.0000e+00 3.0000e+00 5.0000e+00 4.0000e+00 4.1000e+01 1.0000e+00 0.0000e+00 0.0000e+00 5.0000e+01 5.0000e+00 0.0000e+00 1.0000e+00 1.3000e+01 2.9000e+01 1.0000e+00 5.0000e+00 4.0000e+00 0.0000e+00 0.0000e+00 5.1000e+01 0.0000e+00 0.0000e+00 0.0000e+00 1.1000e+01 3.0000e+00 2.0000e+00 1.0100e+02 2.0000e+00 0.0000e+00 0.0000e+00 7.3000e+01 2.2000e+02 7.0000e+00 1.0000e+00
2.0000e+00 2.0000e+00 4.0000e+00 5.0000e+00 1.0000e+00 8.0000e+00 0.0000e+00 4.0000e+00 3.0000e+00 9.0000e+00 3.0000e+00 1.2000e+01 1.2000e+01 4.0000e+00 8.9000e+01 1.8100e+02 4.0000e+00 0.0000e+00 2.0000e+00 1.0000e+00 0.0000e+00 2.0000e+00 0.0000e+00 3.0000e+00 1.0000e+00 1.0000e+00 2.0000e+00 2.0000e+00 2.0000e+00 6.6000e+01 5.0000e+00 1.0000e+00 0.0000e+00 0.0000e+00 0.0000e+00 1.6000e+01 2.0000e+00 0.0000e+00 0.0000e+00 1.1000e+01 1.0000e+00 2.0000e+00 8.5000e+01 1.0000e+00 0.0000e+00 0.0000e+00 2.0000e+00 5.4000e+01 3.0000e+00 5.0000e+00
4.0000e+00 0.0000e+00 6.0000e+00 1.2000e+01 8.0000e+00 3.2000e+01 0.0000e+00 1.0000e+00 0.0000e+00 0.0000e+00 3.0000e+00 5.0000e+00 5.0000e+00 1.0000e+00 7.0000e+00 2.6000e+01 1.0000e+00 0.0000e+00 0.0000e+00 0.0000e+00 4.0000e+00 1.0000e+00 2.0000e+00 0.0000e+00 0.0000e+00 2.0000e+00 9.0000e+00 0.0000e+00 3.0000e+00 2.8000e+01 2.0000e+00 2.0000e+00 1.0000e+00 0.0000e+00 0.0000e+00 2.0000e+00 0.0000e+00 0.0000e+00 0.0000e+00 0.0000e+00 0.0000e+00 1.0000e+00 1.0000e+00 0.0000e+00 0.0000e+00 1.1000e+01 0.0000e+00 2.0000e+00 1.0000e+00 0.0000e+00
6.0000e+01 1.6000e+01 4.6000e+01 4.5000e+01 1.2200e+02 3.2000e+01 0.0000e+00 3.7400e+02 7.2000e+01 7.4000e+01 1.3000e+01 1.6000e+01 1.9700e+02 5.3000e+01 1.9000e+01 1.1300e+02 1.2000e+01 3.5000e+01 1.9000e+01 4.7000e+01 1.0000e+01 4.1000e+01 1.4000e+01 7.8000e+01 1.4000e+01 5.4000e+01 3.0000e+00 8.0000e+00 6.7000e+01 4.4000e+01 3.8000e+01 4.0000e+00 1.0000e+02 0.0000e+00 0.0000e+00 6.4000e+01 2.5000e+01 0.0000e+00 0.0000e+00 1.4600e+02 2.8000e+01 3.0000e+00 5.2000e+01 6.8000e+01 0.0000e+00 1.1200e+02 3.0000e+01 1.8000e+01 3.3000e+01 2.7000e+01
5.0000e+00 0.0000e+00 0.0000e+00 9.0000e+00 0.0000e+00 2.0000e+00 0.0000e+00 0.0000e+00 0.0000e+00 3.0000e+00 1.0000e+00 1.0000e+00 0.0000e+00 0.0000e+00 0.0000e+00 3.0000e+00 0.0000e+00 0.0000e+00 0.0000e+00 0.0000e+00 1.0000e+00 1.0000e+00 0.0000e+00 0.0000e+00 0.0000e+00 0.0000e+00 0.0000e+00 1.0000e+00 2.0000e+00 0.0000e+00 7.0000e+00 0.0000e+00 5.0000e+00 0.0000e+00 0.0000e+00 3.0000e+00 0.0000e+00 0.0000e+00 0.0000e+00 2.0000e+00 0.0000e+00 0.0000e+00 1.0000e+00 5.0000e+00 0.0000e+00 0.0000e+00 0.0000e+00 1.0000e+00 2.0000e+00 0.0000e+00
7.9000e+01 6.5000e+01 1.1700e+02 2.7700e+02 2.3340e+03 5.2640e+03 0.0000e+00 1.3000e+02 9.0000e+01 1.1180e+03 3.0500e+02 1.7840e+03 5.2100e+02 8.5000e+01 4.3580e+03 1.2900e+02 1.4700e+03 1.8500e+02 5.5160e+03 8.2800e+02 5.5870e+03 1.8100e+02 1.6980e+03 5.8000e+02 1.7000e+02 5.2600e+03 2.0500e+02 1.4800e+02 1.9760e+03 4.9130e+03 4.8600e+02 3.7720e+03 2.0300e+02 0.0000e+00 0.0000e+00 1.8800e+02 2.2980e+03 0.0000e+00 0.0000e+00 1.3500e+02 1.6000e+02 3.9100e+03 9.0000e+01 3.4000e+02 0.0000e+00 3.7300e+02 5.3000e+01 1.1100e+02 1.4400e+02 5.5420e+03
4.0000e+00 0.0000e+00 0.0000e+00 1.0000e+00 0.0000e+00 0.0000e+00 0.0000e+00 1.0000e+00 0.0000e+00 5.0000e+00 2.0000e+00 0.0000e+00 0.0000e+00 0.0000e+00 0.0000e+00 2.0000e+00 0.0000e+00 1.2000e+01 0.0000e+00 5.0000e+00 0.0000e+00 2.0000e+00 0.0000e+00 1.0000e+01 3.0000e+00 0.0000e+00 7.0000e+00 0.0000e+00 0.0000e+00 0.0000e+00 0.0000e+00 0.0000e+00 4.0000e+00 0.0000e+00 0.0000e+00 1.0000e+00 0.0000e+00 0.0000e+00 0.0000e+00 1.2000e+01 0.0000e+00 6.0000e+00 4.0000e+00 1.0000e+00 0.0000e+00 0.0000e+00 0.0000e+00 0.0000e+00 0.0000e+00 0.0000e+00
1.0000e+00 1.0000e+00 4.0000e+00 7.0000e+00 1.0000e+00 0.0000e+00 0.0000e+00 1.0000e+01 1.0000e+00 1.0000e+01 1.7000e+01 5.0000e+00 1.0000e+00 4.0000e+00 0.0000e+00 2.3000e+01 0.0000e+00 1.0000e+00 0.0000e+00 4.0000e+00 0.0000e+00 2.0000e+00 0.0000e+00 4.6000e+01 1.2000e+01 0.0000e+00 4.0000e+00 0.0000e+00 3.0000e+00 0.0000e+00 0.0000e+00 0.0000e+00 7.0000e+00 0.0000e+00 0.0000e+00 3.0000e+00 3.0000e+00 0.0000e+00 0.0000e+00 3.1000e+01 0.0000e+00 1.0000e+00 2.0500e+02 3.0000e+00 0.0000e+00 0.0000e+00 1.0000e+01 8.0000e+00 8.0000e+00 0.0000e+00
7.4000e+01 3.7600e+02 1.5300e+02 2.9000e+01 5.0000e+00 0.0000e+00 0.0000e+00 2.0000e+00 5.7000e+01 3.1100e+02 1.0000e+00 1.4200e+02 2.9000e+02 7.1100e+02 0.0000e+00 7.2200e+02 2.0000e+00 5.7600e+02 0.0000e+00 2.2300e+02 0.0000e+00 2.0000e+00 4.0000e+00 2.7200e+02 4.9800e+02 0.0000e+00 2.8000e+01 5.4000e+01 7.9000e+01 0.0000e+00 1.0000e+00 0.0000e+00 2.0000e+00 0.0000e+00 0.0000e+00 4.7530e+03 4.0000e+00 0.0000e+00 0.0000e+00 1.0000e+00 3.8000e+01 8.3000e+01 1.1900e+02 3.0000e+00 0.0000e+00 0.0000e+00 7.4000e+01 2.3100e+02 0.0000e+00 0.0000e+00
1.3700e+02 1.2000e+01 3.8550e+03 1.4790e+03 4.6000e+01 0.0000e+00 0.0000e+00 1.2100e+02 3.9000e+01 2.1700e+02 7.3000e+01 4.0000e+01 2.9000e+01 2.7700e+02 0.0000e+00 3.7200e+02 1.9200e+02 1.9800e+02 0.0000e+00 3.5000e+01 0.0000e+00 1.5300e+02 8.3000e+01 4.1100e+02 5.8000e+01 0.0000e+00 2.7400e+02 6.7000e+01 3.5400e+02 0.0000e+00 4.7000e+03 0.0000e+00 1.4800e+02 0.0000e+00 0.0000e+00 0.0000e+00 2.1300e+02 0.0000e+00 0.0000e+00 3.5600e+02 5.3000e+01 1.3600e+02 8.1000e+01 2.5000e+02 0.0000e+00 1.3610e+03 1.1100e+02 1.0200e+02 2.3100e+02 0.0000e+00
7.6000e+01 0.0000e+00 9.0000e+00 0.0000e+00 1.1000e+01 0.0000e+00 0.0000e+00 2.0000e+00 1.0000e+00 3.0000e+00 3.0000e+00 0.0000e+00 1.0000e+00 4.0000e+00 0.0000e+00 1.0000e+00 2.0000e+00 0.0000e+00 0.0000e+00 1.0000e+00 0.0000e+00 0.0000e+00 3.0000e+00 0.0000e+00 8.0000e+00 0.0000e+00 1.0000e+00 0.0000e+00 5.0000e+00 0.0000e+00 0.0000e+00 0.0000e+00 3.0000e+00 0.0000e+00 0.0000e+00 0.0000e+00 2.0000e+00 0.0000e+00 0.0000e+00 0.0000e+00 0.0000e+00 2.1000e+01 3.0000e+00 2.0000e+00 0.0000e+00 1.0000e+01 6.0000e+00 8.0000e+00 1.0000e+01 0.0000e+00
3.5230e+03 4.8710e+03 7.6100e+02 2.1360e+03 1.6220e+03 0.0000e+00 0.0000e+00 4.1180e+03 4.9220e+03 1.3270e+03 3.2550e+03 2.9070e+03 3.8910e+03 3.4960e+03 0.0000e+00 2.6530e+03 2.5620e+03 4.1860e+03 0.0000e+00 4.1790e+03 0.0000e+00 4.2160e+03 2.8560e+03 2.4750e+03 3.8840e+03 0.0000e+00 4.9310e+03 5.1080e+03 1.4670e+03 0.0000e+00 0.0000e+00 0.0000e+00 4.1180e+03 0.0000e+00 0.0000e+00 0.0000e+00 2.0890e+03 0.0000e+00 0.0000e+00 2.8580e+03 5.0700e+03 6.4300e+02 3.4430e+03 4.0280e+03 0.0000e+00 2.8440e+03 5.0610e+03 4.4570e+03 4.8310e+03 0.0000e+00
0.0000e+00 0.0000e+00 0.0000e+00 0.0000e+00 5.0000e+00 0.0000e+00 0.0000e+00 1.0000e+00 0.0000e+00 5.0000e+00 0.0000e+00 0.0000e+00 0.0000e+00 1.0000e+00 0.0000e+00 0.0000e+00 0.0000e+00 0.0000e+00 0.0000e+00 0.0000e+00 0.0000e+00 3.0000e+00 0.0000e+00 0.0000e+00 0.0000e+00 0.0000e+00 0.0000e+00 0.0000e+00 5.0000e+00 0.0000e+00 0.0000e+00 0.0000e+00 0.0000e+00 0.0000e+00 0.0000e+00 0.0000e+00 1.0000e+00 0.0000e+00 0.0000e+00 0.0000e+00 0.0000e+00 0.0000e+00 1.0000e+01 0.0000e+00 0.0000e+00 2.0000e+00 0.0000e+00 0.0000e+00 0.0000e+00 0.0000e+00
0.0000e+00 0.0000e+00 0.0000e+00 1.0000e+00 1.0000e+00 0.0000e+00 0.0000e+00 2.0000e+00 0.0000e+00 4.0000e+00 1.0000e+01 1.0000e+00 0.0000e+00 1.0000e+00 0.0000e+00 0.0000e+00 2.0000e+00 3.0000e+00 0.0000e+00 0.0000e+00 0.0000e+00 0.0000e+00 5.0000e+00 0.0000e+00 1.0000e+00 0.0000e+00 0.0000e+00 0.0000e+00 1.0000e+00 0.0000e+00 0.0000e+00 0.0000e+00 0.0000e+00 0.0000e+00 0.0000e+00 0.0000e+00 0.0000e+00 0.0000e+00 0.0000e+00 6.9000e+01 0.0000e+00 0.0000e+00 0.0000e+00 0.0000e+00 0.0000e+00 4.0000e+00 0.0000e+00 0.0000e+00 0.0000e+00 0.0000e+00
3.0000e+00 0.0000e+00 1.0000e+00 1.1000e+01 1.0000e+00 0.0000e+00 0.0000e+00 0.0000e+00 0.0000e+00 1.0000e+00 1.0000e+00 7.0000e+00 0.0000e+00 1.0000e+00 0.0000e+00 1.6000e+01 0.0000e+00 2.0000e+00 0.0000e+00 0.0000e+00 0.0000e+00 2.0000e+00 0.0000e+00 3.0000e+00 6.0000e+00 0.0000e+00 0.0000e+00 0.0000e+00 4.0000e+00 0.0000e+00 0.0000e+00 0.0000e+00 2.0000e+00 0.0000e+00 0.0000e+00 0.0000e+00 0.0000e+00 0.0000e+00 0.0000e+00 4.0000e+00 0.0000e+00 0.0000e+00 1.4000e+01 2.0000e+00 0.0000e+00 5.0000e+00 0.0000e+00 0.0000e+00 0.0000e+00 0.0000e+00
0.0000e+00 0.0000e+00 8.0000e+00 6.0000e+00 2.9000e+01 0.0000e+00 0.0000e+00 0.0000e+00 0.0000e+00 0.0000e+00 7.0000e+00 4.0000e+00 1.0000e+00 2.0000e+00 0.0000e+00 4.0000e+00 3.0000e+00 6.0000e+00 0.0000e+00 0.0000e+00 0.0000e+00 2.0000e+00 3.0000e+00 5.0000e+00 0.0000e+00 0.0000e+00 0.0000e+00 0.0000e+00 1.0000e+01 0.0000e+00 0.0000e+00 0.0000e+00 4.0000e+00 0.0000e+00 0.0000e+00 0.0000e+00 2.0000e+00 0.0000e+00 0.0000e+00 3.5000e+01 0.0000e+00 5.0000e+00 0.0000e+00 1.1000e+01 0.0000e+00 1.0000e+00 0.0000e+00 0.0000e+00 0.0000e+00 0.0000e+00
1.0000e+00 0.0000e+00 0.0000e+00 0.0000e+00 7.0000e+00 0.0000e+00 0.0000e+00 3.0000e+00 2.0000e+00 0.0000e+00 0.0000e+00 0.0000e+00 1.0000e+00 0.0000e+00 0.0000e+00 1.0000e+00 0.0000e+00 0.0000e+00 0.0000e+00 0.0000e+00 0.0000e+00 0.0000e+00 0.0000e+00 0.0000e+00 2.0000e+00 0.0000e+00 0.0000e+00 0.0000e+00 3.0000e+00 0.0000e+00 0.0000e+00 0.0000e+00 0.0000e+00 0.0000e+00 0.0000e+00 0.0000e+00 0.0000e+00 0.0000e+00 0.0000e+00 0.0000e+00 0.0000e+00 0.0000e+00 2.0000e+00 0.0000e+00 0.0000e+00 4.0000e+00 0.0000e+00 0.0000e+00 0.0000e+00 0.0000e+00
3.6000e+01 0.0000e+00 6.0000e+00 2.5000e+01 1.2000e+01 0.0000e+00 0.0000e+00 4.0000e+00 1.2000e+01 8.0000e+00 6.0000e+00 1.3000e+01 6.0000e+00 3.0000e+00 0.0000e+00 1.8000e+01 8.0000e+00 0.0000e+00 0.0000e+00 0.0000e+00 0.0000e+00 4.0000e+01 1.5000e+01 2.0000e+00 2.0000e+00 0.0000e+00 0.0000e+00 0.0000e+00 3.0000e+00 0.0000e+00 0.0000e+00 0.0000e+00 1.0000e+00 0.0000e+00 0.0000e+00 0.0000e+00 7.0000e+00 0.0000e+00 0.0000e+00 6.0000e+00 0.0000e+00 1.0000e+00 1.2000e+01 5.0000e+00 0.0000e+00 0.0000e+00 0.0000e+00 0.0000e+00 0.0000e+00 0.0000e+00
1.0000e+00 0.0000e+00 5.0000e+00 1.7000e+01 1.0000e+00 0.0000e+00 0.0000e+00 2.0000e+00 1.0000e+00 6.0000e+00 7.0000e+00 0.0000e+00 0.0000e+00 3.0000e+00 0.0000e+00 2.0000e+00 1.0000e+00 2.0000e+00 0.0000e+00 0.0000e+00 0.0000e+00 3.0000e+00 2.0000e+00 0.0000e+00 8.0000e+00 0.0000e+00 0.0000e+00 0.0000e+00 5.0000e+00 0.0000e+00 0.0000e+00 0.0000e+00 2.0000e+00 0.0000e+00 0.0000e+00 0.0000e+00 1.0000e+00 0.0000e+00 0.0000e+00 1.0000e+00 0.0000e+00 0.0000e+00 7.0000e+00 3.0000e+00 0.0000e+00 1.0000e+00 0.0000e+00 0.0000e+00 0.0000e+00 0.0000e+00
1.0000e+01 0.0000e+00 0.0000e+00 6.0000e+00 6.1000e+01 0.0000e+00 0.0000e+00 0.0000e+00 4.0000e+00 1.1260e+03 2.0000e+00 7.0000e+00 1.0000e+00 1.0000e+00 0.0000e+00 3.0000e+00 1.0000e+00 0.0000e+00 0.0000e+00 0.0000e+00 0.0000e+00 6.0000e+00 8.0000e+00 1.0000e+00 1.0000e+00 0.0000e+00 0.0000e+00 0.0000e+00 6.2000e+01 0.0000e+00 0.0000e+00 0.0000e+00 7.5000e+01 0.0000e+00 0.0000e+00 0.0000e+00 4.0000e+00 0.0000e+00 0.0000e+00 1.0000e+00 0.0000e+00 1.3000e+01 1.1300e+02 1.0000e+01 0.0000e+00 5.0000e+00 0.0000e+00 0.0000e+00 0.0000e+00 0.0000e+00
