8.2000e+01 8.1000e+01 7.1000e+01 7.6000e+01 6.6000e+01 7.5000e+01 5.2000e+01 7.4000e+01 5.5220e+03 8.5000e+01 7.5000e+01 6.7000e+01 5.9000e+01 7.4000e+01 5.7000e+01 6.9000e+01 5.9000e+01 8.5000e+01 7.6000e+01 7.7000e+01 6.2000e+01 5.5200e+02 9.0000e+01 5.3280e+03 7.6000e+01 6.6000e+01 8.0000e+01 8.4000e+01 7.7000e+01 4.1710e+03 7.2000e+01 6.5000e+01 5.1020e+03 5.8000e+01 5.6000e+01 7.6000e+01 7.7000e+01 7.0000e+01 7.9000e+01 3.1880e+03 5.4010e+03 6.7000e+01 7.7000e+01 8.8000e+01 6.0000e+01 8.1000e+01 7.6000e+01 7.3000e+01 8.4000e+01 6.7000e+01
7.2000e+01 7.9000e+01 7.4000e+01 7.3000e+01 6.7000e+01 7.6000e+01 8.2000e+01 7.7000e+01 6.2000e+01 7.6000e+01 7.0000e+01 6.8000e+01 5.3000e+01 6.5000e+01 5.2810e+03 7.9000e+01 6.7000e+01 5.3320e+03 5.3540e+03 6.6000e+01 7.6000e+01 7.6000e+01 7.1000e+01 6.4000e+01 8.0000e+01 7.7000e+01 7.5000e+01 6.9000e+01 4.7230e+03 6.1000e+01 6.0000e+01 1.5900e+02 6.5000e+01 6.6000e+01 6.8000e+01 6.3000e+01 7.5000e+01 7.3000e+01 7.1000e+01 6.0000e+01 7.7000e+01 8.6000e+01 5.5070e+03 7.4000e+01 7.2000e+01 7.4000e+01 6.2000e+01 8.8000e+01 7.7000e+01 6.9000e+01
5.7000e+01 8.1000e+01 5.4020e+03 6.7000e+01 5.9000e+01 7.8000e+01 5.3240e+03 7.1000e+01 7.1000e+01 6.3000e+01 5.2850e+03 6.4000e+01 7.3000e+01 6.2000e+01 7.3000e+01 8.2000e+01 6.5000e+01 7.2000e+01 7.7000e+01 7.7000e+01 6.8000e+01 6.0000e+01 5.9000e+01 8.0000e+01 7.4000e+01 6.0000e+01 7.9000e+01 6.9000e+01 7.7000e+01 7.5000e+01 6.6000e+01 5.2370e+03 3.8500e+02 7.2000e+01 5.8000e+01 7.8000e+01 7.1000e+01 6.7000e+01 6.0000e+01 8.6000e+01 7.3000e+01 6.8000e+01 7.6000e+01 6.9000e+01 6.7000e+01 7.1000e+01 7.9000e+01 3.8890e+03 7.6000e+01 7.0000e+01
6.6000e+01 8.4000e+01 6.9000e+01 6.8000e+01 8.0000e+01 5.8000e+01 8.7000e+01 9.1000e+01 7.0000e+01 6.1000e+01 6.9000e+01 7.6000e+01 6.6000e+01 6.3000e+01 6.3000e+01 7.5000e+01 5.8000e+01 6.5000e+01 6.5000e+01 6.3000e+01 7.4000e+01 7.0000e+01 7.7000e+01 8.3000e+01 5.2770e+03 7.6000e+01 6.1000e+01 5.3090e+03 8.2000e+01 6.6000e+01 5.2860e+03 7.2000e+01 6.8000e+01 7.6000e+01 7.9000e+01 6.9000e+01 7.2000e+01 7.5000e+01 4.9400e+02 5.9000e+01 6.7000e+01 5.9000e+01 6.0000e+01 6.9000e+01 7.6000e+01 5.4010e+03 7.9000e+01 6.6000e+01 5.3440e+03 6.8000e+01
6.0000e+01 6.7000e+01 7.4000e+01 6.7000e+01 7.1000e+01 7.7000e+01 6.9000e+01 8.5000e+01 6.0000e+01 5.9000e+01 6.3000e+01 6.7000e+01 5.2220e+03 7.1000e+01 7.1000e+01 5.9000e+01 5.5340e+03 7.4000e+01 8.3000e+01 1.0620e+03 7.6000e+01 7.7000e+01 7.2000e+01 8.7000e+01 6.8000e+01 7.5000e+01 1.4970e+03 7.3000e+01 6.3000e+02 7.3000e+01 6.3000e+01 7.9000e+01 9.2000e+01 9.0000e+01 5.2980e+03 7.4000e+01 8.7000e+01 7.4000e+01 7.0000e+01 7.5000e+01 7.4000e+01 7.5000e+01 6.0000e+01 8.1000e+01 7.4000e+01 7.6000e+01 6.7000e+01 7.0000e+01 7.4000e+01 5.2850e+03
7.3000e+01 2.6700e+02 6.2000e+01 5.0000e+01 6.3000e+01 6.8000e+01 8.9000e+01 8.6000e+01 7.4000e+01 7.3000e+01 7.1000e+01 8.4000e+01 7.4000e+01 8.3000e+01 8.2000e+01 6.4000e+01 6.3000e+01 6.9000e+01 7.7000e+01 7.1000e+01 6.8000e+01 4.7620e+03 5.3570e+03 7.8000e+01 1.5900e+02 7.9000e+01 7.9000e+01 8.0000e+01 7.6000e+01 5.6000e+01 6.0000e+01 7.1000e+01 6.9000e+01 8.5000e+01 6.9000e+01 6.9000e+01 7.8000e+01 5.3190e+03 7.3000e+01 2.3320e+03 6.1000e+01 5.3320e+03 8.0000e+01 6.5000e+01 5.2890e+03 7.4000e+01 5.8000e+01 5.6000e+01 6.6000e+01 5.9000e+01
5.3660e+03 6.7000e+01 6.7000e+01 9.0000e+01 4.4120e+03 5.8000e+01 8.1000e+01 5.2930e+03 7.0000e+01 5.3520e+03 7.6000e+01 6.4000e+01 6.8000e+01 7.0000e+01 7.1000e+01 5.3100e+03 8.7000e+01 8.0000e+01 6.0000e+01 7.2000e+01 6.9000e+01 7.1000e+01 6.7000e+01 7.2000e+01 7.2000e+01 6.5000e+01 8.7000e+01 7.8000e+01 6.0000e+01 7.4000e+01 7.0000e+01 6.8000e+01 7.8000e+01 7.3000e+01 7.5000e+01 7.3000e+01 7.4000e+01 7.4000e+01 9.6000e+01 6.9000e+01 8.4000e+01 7.6000e+01 8.4000e+01 5.4000e+01 7.3000e+01 6.5000e+01 6.2000e+01 1.5250e+03 9.2000e+01 7.8000e+01
7.2000e+01 8.0000e+01 7.7000e+01 7.2000e+01 1.0620e+03 6.4000e+01 7.1000e+01 7.1000e+01 7.5000e+01 6.4000e+01 6.6000e+01 5.2980e+03 5.4000e+01 5.4270e+03 2.1300e+02 7.5000e+01 7.2000e+01 6.7000e+01 7.5000e+01 4.5140e+03 8.0000e+01 6.5000e+01 4.7000e+01 7.7000e+01 6.6000e+01 7.3000e+01 7.3000e+01 6.0000e+01 7.0000e+01 6.3000e+01 7.0000e+01 6.4000e+01 7.4000e+01 5.3380e+03 6.2000e+01 5.3060e+03 6.7000e+01 8.3000e+01 5.7000e+01 6.0000e+01 7.1000e+01 7.2000e+01 8.4000e+01 6.8000e+01 6.3000e+01 6.7000e+01 7.5000e+01 7.3000e+01 5.6000e+01 7.2000e+01
8.2000e+01 5.1040e+03 6.3000e+01 5.3930e+03 7.3000e+01 7.0000e+01 6.6000e+01 6.2000e+01 6.2000e+01 6.9000e+01 6.9000e+01 5.6000e+01 8.5000e+01 5.8000e+01 6.5000e+01 8.2000e+01 7.1000e+01 7.7000e+01 7.0000e+01 7.8000e+01 7.6000e+01 7.1000e+01 1.2500e+02 7.5000e+01 6.8000e+01 7.3000e+01 6.5000e+01 8.0000e+01 8.1000e+01 1.1350e+03 7.1000e+01 6.6000e+01 7.4000e+01 7.0000e+01 7.1000e+01 6.8000e+01 5.3100e+03 6.8000e+01 6.9000e+01 7.6000e+01 7.9000e+01 8.0000e+01 6.5000e+01 5.4420e+03 6.2000e+01 6.5000e+01 5.3650e+03 6.7000e+01 7.3000e+01 5.6000e+01
8.0000e+01 6.7000e+01 7.3000e+01 7.1000e+01 6.7000e+01 5.3310e+03 7.7000e+01 6.5000e+01 7.3000e+01 6.8000e+01 7.0000e+01 9.0000e+01 7.9000e+01 7.4000e+01 6.0000e+01 7.9000e+01 7.5000e+01 5.6000e+01 9.2000e+01 6.7000e+01 5.4390e+03 7.7000e+01 6.4000e+01 7.2000e+01 7.0000e+01 5.4190e+03 3.9680e+03 7.2000e+01 6.2000e+01 5.8000e+01 6.0000e+01 6.8000e+01 7.0000e+01 7.3000e+01 6.4000e+01 7.6000e+01 7.3000e+01 7.3000e+01 5.0530e+03 6.3000e+01 6.0000e+01 5.3000e+01 6.3000e+01 7.6000e+01 7.8000e+01 5.0000e+01 6.6000e+01 5.2000e+01 7.9000e+01 6.5000e+01
