6.7000e+01 4.5000e+01 6.2000e+01 5.2000e+01 2.1000e+01 1.0000e+00 2.1000e+01 1.7000e+01 5.3950e+03 8.5000e+01 6.3000e+01 6.3000e+01 4.3000e+01 6.7000e+01 4.3000e+01 2.8000e+01 4.8000e+01 4.7000e+01 5.2000e+01 3.2000e+01 3.9000e+01 5.3500e+02 8.4000e+01 5.2920e+03 3.9000e+01 6.1000e+01 6.0000e+01 4.6000e+01 3.8000e+01 3.6770e+03 6.2000e+01 3.0000e+01 4.5810e+03 5.8000e+01 3.0000e+01 3.5000e+01 6.7000e+01 5.2000e+01 4.0000e+01 2.9630e+03 4.9680e+03 2.0000e+01 7.6000e+01 8.6000e+01 1.2000e+01 2.8000e+01 1.3000e+01 3.9000e+01 3.6000e+01 4.9000e+01
1.8000e+01 3.6000e+01 3.8000e+01 4.0000e+00 1.3000e+01 1.7000e+01 4.0000e+00 3.5000e+01 1.0000e+01 3.3000e+01 1.2000e+01 2.5000e+01 1.3000e+01 2.0000e+00 2.9060e+03 1.3000e+01 1.6000e+01 2.1820e+03 2.1170e+03 1.3000e+01 3.5000e+01 3.5000e+01 3.3000e+01 7.0000e+00 2.5000e+01 2.9000e+01 1.8000e+01 1.0000e+01 2.3050e+03 1.3000e+01 1.8000e+01 8.0000e+01 1.1000e+01 1.6000e+01 3.2000e+01 2.8000e+01 1.3000e+01 6.0000e+00 2.4000e+01 1.5000e+01 2.0000e+00 1.2000e+01 3.1530e+03 3.4000e+01 1.5000e+01 2.0000e+01 1.0000e+00 0.0000e+00 8.0000e+00 3.4000e+01
4.8000e+01 5.5000e+01 5.3750e+03 1.3000e+01 3.0000e+00 2.5000e+01 5.3240e+03 3.7000e+01 1.9000e+01 2.1000e+01 4.9870e+03 8.0000e+00 1.4000e+01 5.0000e+00 4.3000e+01 0.0000e+00 1.0000e+01 1.3000e+01 4.2000e+01 4.4000e+01 2.1000e+01 6.0000e+00 3.5000e+01 9.0000e+00 5.9000e+01 2.7000e+01 6.2000e+01 2.4000e+01 7.1000e+01 2.0000e+01 3.4000e+01 5.2370e+03 3.1000e+02 1.5000e+01 1.6000e+01 4.6000e+01 1.0000e+01 3.9000e+01 1.4000e+01 7.2000e+01 5.0000e+00 2.4000e+01 6.0000e+00 4.4000e+01 3.0000e+01 1.8000e+01 0.0000e+00 3.8050e+03 4.5000e+01 7.0000e+01
2.1000e+01 2.6000e+01 0.0000e+00 1.1000e+01 8.0000e+00 3.1000e+01 1.9000e+01 7.0000e+00 9.0000e+00 2.6000e+01 2.7000e+01 3.8000e+01 1.9000e+01 3.0000e+01 3.0000e+00 1.3000e+01 5.0000e+00 2.9000e+01 2.7000e+01 2.3000e+01 5.5000e+01 3.1000e+01 4.2000e+01 5.4000e+01 3.7750e+03 4.6000e+01 4.4000e+01 3.3800e+03 4.8000e+01 3.7000e+01 4.5110e+03 3.4000e+01 3.8000e+01 5.9000e+01 5.1000e+01 3.2000e+01 2.2000e+01 2.9000e+01 3.6400e+02 1.9000e+01 3.3000e+01 3.1000e+01 1.7000e+01 8.0000e+00 4.6000e+01 4.1970e+03 4.4000e+01 3.6000e+01 2.9380e+03 4.1000e+01
4.0000e+01 4.1000e+01 4.7000e+01 3.4000e+01 4.4000e+01 4.5000e+01 3.0000e+01 6.6000e+01 6.0000e+00 1.9000e+01 4.2000e+01 4.7000e+01 4.2270e+03 2.3000e+01 2.8000e+01 2.2000e+01 4.4680e+03 3.5000e+01 3.8000e+01 6.4000e+02 4.7000e+01 4.3000e+01 2.7000e+01 2.8000e+01 3.3000e+01 2.4000e+01 1.3720e+03 3.1000e+01 5.0800e+02 2.1000e+01 3.8000e+01 6.0000e+01 4.3000e+01 2.5000e+01 4.8650e+03 6.2000e+01 5.2000e+01 4.8000e+01 3.7000e+01 3.2000e+01 4.1000e+01 4.9000e+01 3.2000e+01 2.4000e+01 3.4000e+01 4.0000e+01 3.6000e+01 3.6000e+01 4.2000e+01 4.5530e+03
7.3000e+01 2.6700e+02 6.2000e+01 4.7000e+01 6.0000e+01 3.3000e+01 5.6000e+01 8.1000e+01 6.0000e+01 7.0000e+01 4.9000e+01 6.9000e+01 6.9000e+01 7.1000e+01 5.3000e+01 4.0000e+00 4.3000e+01 1.1000e+01 5.5000e+01 1.5000e+01 6.5000e+01 4.7470e+03 5.3460e+03 7.6000e+01 1.5900e+02 6.7000e+01 7.7000e+01 5.2000e+01 7.0000e+01 6.0000e+00 5.9000e+01 6.4000e+01 4.3000e+01 7.8000e+01 6.6000e+01 6.6000e+01 7.2000e+01 5.1240e+03 7.0000e+01 2.3190e+03 5.8000e+01 5.1110e+03 7.8000e+01 6.5000e+01 5.2410e+03 4.6000e+01 2.0000e+01 5.1000e+01 4.0000e+01 2.2000e+01
5.2360e+03 1.8000e+01 5.8000e+01 6.2000e+01 4.0680e+03 1.5000e+01 8.0000e+01 5.0830e+03 1.6000e+01 4.8750e+03 2.4000e+01 6.0000e+00 8.0000e+00 2.6000e+01 1.9000e+01 4.0130e+03 5.9000e+01 3.0000e+00 5.0000e+00 3.6000e+01 5.6000e+01 3.0000e+00 3.2000e+01 1.4000e+01 5.3000e+01 1.7000e+01 3.0000e+00 5.2000e+01 3.7000e+01 1.2000e+01 2.4000e+01 4.5000e+01 2.2000e+01 1.0000e+00 1.0000e+00 6.3000e+01 1.9000e+01 5.0000e+00 5.9000e+01 5.2000e+01 6.5000e+01 2.2000e+01 7.8000e+01 1.7000e+01 9.0000e+00 1.8000e+01 1.2000e+01 1.4880e+03 6.9000e+01 5.0000e+00
2.2000e+01 5.3000e+01 4.8000e+01 2.4000e+01 7.8700e+02 2.2000e+01 3.3000e+01 2.6000e+01 4.2000e+01 4.2000e+01 3.3000e+01 4.2560e+03 1.1000e+01 4.1490e+03 1.3400e+02 3.3000e+01 3.1000e+01 2.6000e+01 1.6000e+01 2.3040e+03 5.8000e+01 2.2000e+01 1.5000e+01 2.5000e+01 2.3000e+01 2.9000e+01 6.1000e+01 3.2000e+01 5.2000e+01 2.1000e+01 3.1000e+01 3.3000e+01 5.1000e+01 4.7070e+03 5.0000e+01 4.3690e+03 7.0000e+00 4.7000e+01 2.8000e+01 3.5000e+01 3.2000e+01 2.2000e+01 1.1000e+01 1.9000e+01 2.2000e+01 4.8000e+01 4.0000e+01 2.8000e+01 4.1000e+01 5.8000e+01
5.6000e+01 4.6620e+03 4.6000e+01 5.0890e+03 5.4000e+01 6.3000e+01 3.9000e+01 3.6000e+01 3.3000e+01 4.2000e+01 5.0000e+01 4.0000e+01 7.0000e+01 4.4000e+01 4.4000e+01 4.3000e+01 4.5000e+01 3.0000e+01 4.1000e+01 4.2000e+01 5.0000e+01 4.0000e+01 1.0800e+02 3.3000e+01 4.4000e+01 5.7000e+01 5.1000e+01 4.3000e+01 6.4000e+01 9.1800e+02 3.9000e+01 4.5000e+01 5.2000e+01 4.0000e+01 5.6000e+01 4.4000e+01 4.7600e+03 4.3000e+01 2.6000e+01 3.8000e+01 4.7000e+01 4.6000e+01 4.8000e+01 5.0050e+03 3.8000e+01 4.8000e+01 4.3430e+03 4.2000e+01 4.0000e+01 4.3000e+01
4.9000e+01 7.0000e+00 5.0000e+01 2.0000e+00 1.0000e+01 4.1890e+03 1.9000e+01 1.6000e+01 7.0000e+00 4.1000e+01 4.5000e+01 7.2000e+01 1.8000e+01 3.4000e+01 1.0000e+01 1.8000e+01 3.9000e+01 2.4000e+01 5.0000e+01 3.7000e+01 4.4620e+03 2.4000e+01 2.6000e+01 2.1000e+01 3.7000e+01 4.4690e+03 3.2890e+03 3.8000e+01 3.1000e+01 3.0000e+01 3.1000e+01 4.2000e+01 2.0000e+00 4.1000e+01 3.4000e+01 1.8000e+01 5.0000e+00 4.4000e+01 3.4130e+03 1.2000e+01 3.2000e+01 2.4000e+01 3.4000e+01 2.0000e+01 4.5000e+01 2.4000e+01 3.5000e+01 3.3000e+01 3.7000e+01 3.9000e+01
