2.0700e+02 1.0000e+00 1.0000e+00 2.0000e+00 4.7000e+01 1.0000e+00 1.0000e+00 2.0000e+00 7.6300e+02 9.3410e+03
1.0000e+00 1.0000e+00 3.0000e+00 9.9710e+03 1.0000e+00 1.0000e+00 2.0000e+00 1.0000e+00 1.0000e+00 2.4300e+02
9.9330e+03 0.0000e+00 1.0000e+00 6.0000e+00 1.6000e+01 3.0000e+00 1.5200e+03 1.0000e+00 2.0000e+00 1.0000e+00
2.0000e+00 0.0000e+00 3.0000e+00 2.0000e+00 8.6000e+01 1.0086e+04 1.0000e+00 1.0000e+00 1.0000e+00 4.0000e+00
1.0000e+00 1.0000e+00 7.3530e+03 2.0000e+00 1.0000e+00 1.0000e+00 1.0000e+00 1.0000e+00 3.0000e+00 4.0000e+00
2.0000e+00 0.0000e+00 1.0000e+00 1.0000e+00 1.3000e+01 1.0000e+00 5.4760e+03 7.5860e+03 2.0000e+00 1.8000e+01
2.0000e+00 2.0000e+00 2.0000e+00 1.0000e+00 9.7210e+03 1.0000e+00 1.0000e+00 1.0000e+00 1.0000e+00 4.1900e+02
2.0000e+00 2.6930e+03 2.7970e+03 1.0000e+00 1.0000e+00 6.0000e+00 2.8210e+03 1.0000e+00 1.0000e+00 1.0000e+00
1.0000e+00 1.0000e+00 1.0000e+00 1.0000e+00 1.0000e+00 1.0000e+00 3.0000e+00 2.4130e+03 9.0920e+03 1.0000e+00
1.0000e+00 7.2670e+03 1.0000e+00 2.0000e+00 1.0000e+00 1.0000e+00 1.0000e+00 3.0000e+00 4.0000e+00 1.0000e+00
