1.8000e+02 0.0000e+00 0.0000e+00 1.0000e+00 2.6000e+01 0.0000e+00 0.0000e+00 1.0000e+00 6.8700e+02 9.0690e+03
0.0000e+00 1.0000e+00 2.0000e+00 9.9530e+03 0.0000e+00 0.0000e+00 1.0000e+00 0.0000e+00 0.0000e+00 2.3800e+02
9.6610e+03 0.0000e+00 0.0000e+00 5.0000e+00 9.0000e+00 2.0000e+00 1.4750e+03 0.0000e+00 1.0000e+00 0.0000e+00
1.0000e+00 0.0000e+00 3.0000e+00 1.0000e+00 6.3000e+01 9.8870e+03 0.0000e+00 0.0000e+00 0.0000e+00 3.0000e+00
0.0000e+00 0.0000e+00 6.4700e+03 1.0000e+00 0.0000e+00 0.0000e+00 0.0000e+00 0.0000e+00 1.0000e+00 2.0000e+00
1.0000e+00 0.0000e+00 0.0000e+00 0.0000e+00 6.0000e+00 0.0000e+00 5.2950e+03 5.7630e+03 1.0000e+00 1.4000e+01
1.0000e+00 1.0000e+00 1.0000e+00 0.0000e+00 6.1500e+03 0.0000e+00 0.0000e+00 0.0000e+00 0.0000e+00 2.5500e+02
1.0000e+00 2.6150e+03 2.6780e+03 0.0000e+00 0.0000e+00 3.0000e+00 1.7360e+03 0.0000e+00 0.0000e+00 0.0000e+00
0.0000e+00 0.0000e+00 0.0000e+00 0.0000e+00 0.0000e+00 0.0000e+00 2.0000e+00 1.3230e+03 6.6600e+03 0.0000e+00
0.0000e+00 7.2210e+03 0.0000e+00 1.0000e+00 0.0000e+00 0.0000e+00 0.0000e+00 1.0000e+00 2.0000e+00 0.0000e+00
