5.4870e-01 3.3118e-01 7.5355e-01 3.2143e-01 6.0000e-01 6.4818e-01 6.4736e-01 7.4182e-01 6.3816e-01 6.1211e-01 3.9831e-01 4.3981e-01 2.7045e-01 3.1650e-01 3.9496e-01 4.3040e-01 1.7114e-01 1.5753e-01 1.8053e-01 3.5691e-01 5.6645e-01 2.3355e-01 3.9328e-01 3.9631e-01 1.6852e-01 3.0756e-01 5.9701e-01 2.4382e-01 6.7851e-01 5.9854e-01 6.5203e-01 7.5747e-01 5.9480e-01 6.3131e-01 4.0728e-01 4.4646e-01 3.7000e-01 6.0384e-01 5.6119e-01 3.7440e-01 6.0582e-01 0.0000e+00 2.0192e-01 4.5189e-01 7.8400e-01 2.2185e-01 4.5987e-01 6.9012e-01 2.1725e-01 6.4075e-01
4.1946e-01 4.2122e-01 0.0000e+00 0.0000e+00 7.1572e-01 0.0000e+00 2.8059e-01 4.9300e-01 1.1607e-01 1.8720e-01 0.0000e+00 0.0000e+00 3.6566e-02 0.0000e+00 1.0309e-01 4.9117e-01 1.0035e-01 0.0000e+00 1.9595e-01 3.9828e-01 2.1599e-01 3.7562e-01 4.1385e-01 8.9194e-02 8.8926e-02 9.4241e-02 1.8090e-01 0.0000e+00 5.5979e-01 6.9771e-01 1.8562e-01 0.0000e+00 0.0000e+00 2.3794e-01 2.8076e-01 2.6516e-01 1.8696e-01 2.0333e-01 4.1460e-01 0.0000e+00 0.0000e+00 1.8367e-01 1.6721e-01 2.0578e-01 1.0000e+00 6.2478e-01 0.0000e+00 1.8076e-01 3.8819e-01 9.9526e-02
2.5779e-01 2.8183e-01 2.2975e-01 5.6623e-01 3.8671e-01 6.3571e-01 6.0129e-01 4.4764e-01 5.8433e-01 6.3819e-01 6.8924e-01 3.0716e-01 5.9022e-01 6.7720e-01 2.3390e-01 5.8549e-01 5.0169e-01 4.1207e-01 4.7959e-01 4.3706e-01 6.9412e-01 4.1438e-01 2.9549e-01 6.5169e-01 6.5365e-01 4.0558e-01 4.2341e-01 3.5859e-01 6.7089e-01 5.0645e-01 3.5387e-01 4.2953e-01 6.0317e-01 5.7484e-01 7.0328e-01 3.9101e-01 6.3736e-01 3.9206e-01 6.3790e-01 3.2070e-01 6.5000e-01 3.9339e-01 8.3993e-01 4.1014e-01 3.6745e-01 3.7643e-01 3.6486e-01 3.2424e-01 5.8466e-01 3.3211e-01
1.0000e+00 3.1675e-01 9.1765e-01 7.4881e-01 3.0182e-01 9.1746e-01 1.0000e+00 6.8439e-01 6.8264e-01 9.2243e-01 2.5000e-01 9.0690e-01 8.0836e-01 7.5719e-01 9.9187e-02 6.8839e-01 2.4311e-01 7.5413e-01 6.1692e-01 1.4630e-01 9.5000e-01 9.1364e-01 8.8926e-02 9.7826e-01 3.9931e-02 6.1720e-01 7.6129e-01 4.3214e-01 3.9008e-01 7.1503e-01 1.6529e-01 7.1659e-01 7.1122e-01 8.5987e-02 3.5433e-01 2.1314e-02 8.9348e-01 9.4444e-01 7.1000e-01 1.2358e-01 8.8183e-01 7.5500e-01 3.0333e-01 7.0275e-01 8.3170e-01 9.8884e-01 9.3416e-01 8.6090e-01 9.5374e-01 2.4464e-01
1.6897e-01 1.8087e-01 0.0000e+00 0.0000e+00 1.8981e-01 0.0000e+00 3.8031e-01 6.3492e-03 0.0000e+00 0.0000e+00 7.1212e-02 2.6746e-01 0.0000e+00 2.4752e-02 0.0000e+00 3.9075e-01 2.3856e-01 2.4961e-02 7.4503e-02 4.2078e-01 4.9236e-01 1.0316e-01 2.9623e-01 2.1827e-01 9.2150e-02 2.2569e-02 0.0000e+00 0.0000e+00 1.3355e-01 1.9634e-01 2.3455e-01 3.9005e-01 4.7138e-02 7.0724e-02 3.0213e-01 0.0000e+00 0.0000e+00 1.0309e-01 9.3051e-01 0.0000e+00 1.2310e-01 0.0000e+00 1.8760e-01 0.0000e+00 1.5913e-01 1.0297e-01 6.3018e-02 7.2964e-01 7.8947e-02 0.0000e+00
2.1927e-01 1.8291e-01 2.0200e-01 1.0048e-01 0.0000e+00 5.1680e-01 0.0000e+00 0.0000e+00 0.0000e+00 1.0806e-01 4.2982e-01 1.8116e-01 1.1775e-01 1.6503e-01 4.0000e-01 4.9103e-01 1.2480e-01 1.1000e-01 9.2715e-02 9.1052e-02 2.1700e-01 0.0000e+00 0.0000e+00 0.0000e+00 3.3061e-01 9.1216e-02 0.0000e+00 0.0000e+00 3.3667e-01 7.2026e-01 9.1057e-02 3.4328e-01 1.9487e-01 0.0000e+00 3.2841e-01 8.0537e-02 3.7520e-02 1.0000e+00 1.0000e+00 1.0811e-01 9.7808e-02 2.5282e-01 1.0000e+00 0.0000e+00 7.7021e-01 0.0000e+00 1.9652e-01 9.5986e-02 8.7667e-02 0.0000e+00
2.4956e-01 3.5413e-02 2.9983e-01 1.7921e-01 1.5484e-01 1.2290e-01 3.0127e-01 9.6618e-02 0.0000e+00 2.2120e-01 1.0282e-01 1.0299e-01 5.3834e-02 1.0252e-01 7.8727e-02 5.8929e-01 3.5654e-02 9.1696e-02 8.8542e-02 9.7808e-02 1.5771e-01 1.1273e-01 2.4126e-01 3.0584e-01 1.1254e-01 1.0279e-01 4.0128e-02 8.6957e-02 1.2664e-01 6.2540e-01 5.1195e-02 1.9388e-01 3.1546e-02 8.9600e-02 2.1212e-01 9.9338e-02 5.9829e-02 9.1803e-02 3.9028e-01 9.5890e-02 1.0135e-01 1.5345e-01 2.6333e-01 7.9867e-02 1.9015e-01 2.5694e-01 7.9526e-02 2.5535e-01 8.5515e-02 8.0871e-02
6.7418e-01 5.6888e-01 3.8537e-01 5.0328e-01 4.2424e-01 4.6281e-01 2.9968e-01 4.3573e-01 6.4527e-01 6.0413e-01 1.8589e-01 2.1331e-01 3.9353e-01 2.5410e-01 5.7673e-01 5.9928e-01 6.1786e-01 7.1176e-01 2.8916e-01 6.2346e-01 5.9283e-01 3.8079e-01 5.2881e-01 7.8634e-01 4.5380e-01 6.3272e-01 3.1379e-01 5.9265e-01 6.7823e-01 4.7196e-01 4.4781e-01 4.1833e-01 1.7559e-01 3.3746e-01 6.0033e-01 6.1726e-01 4.2032e-01 6.0258e-01 4.9457e-01 6.2721e-01 3.4154e-01 4.3556e-01 5.8173e-01 4.2376e-01 7.1176e-01 6.9603e-01 6.3567e-01 7.4035e-01 4.2953e-01 3.3953e-01
8.9810e-02 9.8993e-02 3.2591e-01 5.1562e-01 5.1685e-01 2.0401e-01 3.8852e-01 3.6923e-01 1.9421e-01 1.8966e-01 1.8524e-01 5.0886e-01 8.4142e-02 2.1336e-01 9.7603e-02 5.3173e-01 3.0185e-01 1.8905e-01 2.2651e-01 1.8792e-01 1.1498e-01 3.8816e-01 3.2305e-01 2.9611e-01 1.9637e-01 3.9130e-01 7.9935e-02 1.1512e-01 2.6825e-01 5.2441e-01 2.9433e-01 2.0942e-01 1.1948e-01 2.9675e-01 5.1707e-01 5.2182e-01 8.6817e-02 4.7602e-01 2.8549e-01 1.7813e-01 2.3794e-01 1.0169e-01 8.3570e-01 2.8333e-01 1.1624e-01 9.4737e-02 7.2508e-01 1.8499e-01 1.1148e-01 3.4950e-01
2.7258e-01 7.1336e-01 1.6814e-01 1.9224e-01 6.5397e-01 8.2968e-01 5.3459e-01 8.1773e-01 5.0562e-01 5.1987e-01 3.7908e-01 8.4531e-01 6.4943e-01 6.6032e-01 6.9044e-01 2.1795e-01 7.2006e-01 8.8293e-01 7.0636e-01 7.8930e-01 7.6167e-01 1.5598e-01 1.9469e-01 3.3506e-01 5.2257e-01 5.3301e-01 7.3856e-01 2.9054e-01 7.4554e-01 2.7959e-01 2.3220e-01 8.2047e-01 8.1021e-01 8.5565e-01 6.7797e-01 9.1734e-01 9.1693e-01 6.9244e-01 2.1987e-01 6.5116e-01 2.8986e-01 2.7019e-01 5.1585e-01 7.6349e-01 5.1771e-01 4.3007e-01 8.4991e-01 2.7022e-01 2.9452e-01 8.4654e-01
