1.0000e+00 1.0000e+00 1.0000e+00 3.0000e+00 4.0000e+00 1.0000e+00 2.0000e+00 1.0000e+00 1.0001e+04 2.7980e+03
1.0000e+00 1.0000e+00 1.0000e+00 5.1960e+03 2.0000e+00 1.0000e+00 1.1000e+01 1.0000e+00 1.0000e+00 6.8340e+03
2.3000e+01 0.0000e+00 1.0000e+00 3.0000e+00 1.0035e+04 1.0000e+00 2.1000e+01 3.9030e+03 1.0000e+00 2.0000e+00
1.0000e+00 1.0000e+00 7.0000e+00 3.0000e+00 2.5000e+01 9.9490e+03 1.0000e+00 2.0000e+00 1.0000e+00 1.8300e+02
1.0000e+00 1.0000e+00 2.0460e+03 4.8920e+03 1.0000e+00 1.0000e+00 1.0000e+00 5.0430e+03 1.0000e+00 2.0000e+00
5.0000e+00 1.0000e+00 1.0000e+00 1.0000e+00 2.0000e+00 1.0000e+00 1.0188e+04 9.0500e+02 1.0000e+00 1.6000e+01
9.9230e+03 5.0000e+00 1.0000e+00 6.0000e+00 3.0000e+00 1.0000e+00 1.0000e+00 5.0000e+00 1.0000e+00 1.0000e+00
1.0000e+00 1.0010e+03 7.9620e+03 1.0000e+00 1.0000e+00 1.0000e+00 2.0000e+01 1.0000e+00 1.0000e+00 1.0000e+00
1.0000e+00 6.0000e+00 1.0000e+00 5.0000e+00 1.0000e+00 1.0000e+00 5.0000e+00 1.3000e+01 1.0000e+00 1.0000e+00
1.0000e+00 8.8770e+03 1.0000e+00 1.0000e+00 1.0000e+00 8.0000e+00 1.0000e+00 1.0000e+00 1.0000e+00 1.0000e+00
