0.0000e+00 0.0000e+00 0.0000e+00 6.6667e-01 5.0000e-01 0.0000e+00 5.0000e-01 0.0000e+00 9.0451e-01 9.6819e-01
0.0000e+00 0.0000e+00 0.0000e+00 9.9788e-01 5.0000e-01 0.0000e+00 9.0909e-01 0.0000e+00 0.0000e+00 9.7000e-01
9.5652e-01 1.0000e+00 0.0000e+00 6.6667e-01 7.9073e-01 0.0000e+00 9.5238e-01 7.7991e-01 0.0000e+00 5.0000e-01
0.0000e+00 1.0000e+00 8.5714e-01 6.6667e-01 6.8000e-01 9.7799e-01 0.0000e+00 5.0000e-01 0.0000e+00 8.0874e-01
0.0000e+00 0.0000e+00 8.7977e-01 6.6844e-01 0.0000e+00 0.0000e+00 0.0000e+00 5.5840e-01 0.0000e+00 5.0000e-01
8.0000e-01 0.0000e+00 0.0000e+00 0.0000e+00 5.0000e-01 0.0000e+00 9.6378e-01 7.4254e-01 0.0000e+00 8.1250e-01
8.2596e-01 6.0000e-01 0.0000e+00 5.0000e-01 3.3333e-01 0.0000e+00 0.0000e+00 4.0000e-01 0.0000e+00 0.0000e+00
0.0000e+00 9.7203e-01 9.5993e-01 0.0000e+00 0.0000e+00 0.0000e+00 7.0000e-01 0.0000e+00 0.0000e+00 0.0000e+00
0.0000e+00 5.0000e-01 0.0000e+00 4.0000e-01 0.0000e+00 0.0000e+00 4.0000e-01 3.0769e-01 0.0000e+00 0.0000e+00
0.0000e+00 9.9583e-01 0.0000e+00 0.0000e+00 0.0000e+00 6.2500e-01 0.0000e+00 0.0000e+00 0.0000e+00 0.0000e+00
