0.0000e+00 0.0000e+00 0.0000e+00 2.0000e+00 2.0000e+00 0.0000e+00 1.0000e+00 0.0000e+00 9.0460e+03 2.7090e+03
0.0000e+00 0.0000e+00 0.0000e+00 5.1850e+03 1.0000e+00 0.0000e+00 1.0000e+01 0.0000e+00 0.0000e+00 6.6290e+03
2.2000e+01 0.0000e+00 0.0000e+00 2.0000e+00 7.9350e+03 0.0000e+00 2.0000e+01 3.0440e+03 0.0000e+00 1.0000e+00
0.0000e+00 1.0000e+00 6.0000e+00 2.0000e+00 1.7000e+01 9.7300e+03 0.0000e+00 1.0000e+00 0.0000e+00 1.4800e+02
0.0000e+00 0.0000e+00 1.8000e+03 3.2700e+03 0.0000e+00 0.0000e+00 0.0000e+00 2.8160e+03 0.0000e+00 1.0000e+00
4.0000e+00 0.0000e+00 0.0000e+00 0.0000e+00 1.0000e+00 0.0000e+00 9.8190e+03 6.7200e+02 0.0000e+00 1.3000e+01
8.1960e+03 3.0000e+00 0.0000e+00 3.0000e+00 1.0000e+00 0.0000e+00 0.0000e+00 2.0000e+00 0.0000e+00 0.0000e+00
0.0000e+00 9.7300e+02 7.6430e+03 0.0000e+00 0.0000e+00 0.0000e+00 1.4000e+01 0.0000e+00 0.0000e+00 0.0000e+00
0.0000e+00 3.0000e+00 0.0000e+00 2.0000e+00 0.0000e+00 0.0000e+00 2.0000e+00 4.0000e+00 0.0000e+00 0.0000e+00
0.0000e+00 8.8400e+03 0.0000e+00 0.0000e+00 0.0000e+00 5.0000e+00 0.0000e+00 0.0000e+00 0.0000e+00 0.0000e+00
