8.6489e-01 1.7040e-01 2.3649e-01 7.5217e-01 4.9324e-01 5.3730e-01 3.4040e-01 2.1686e-01 9.0976e-01 9.7275e-01
1.6716e-01 5.6765e-01 2.3944e-01 9.9896e-01 5.5992e-01 3.1113e-01 7.9021e-01 5.8882e-02 1.0417e-01 9.7624e-01
9.6432e-01 4.7262e-01 5.1948e-02 6.0440e-01 7.8325e-01 5.6000e-01 9.7295e-01 7.7452e-01 5.6917e-01 4.9532e-01
7.8297e-01 7.6240e-01 7.7219e-01 5.2953e-01 7.1414e-01 9.8197e-01 1.8084e-01 4.6418e-01 3.7430e-01 8.1095e-01
9.0361e-03 1.5055e-01 8.8013e-01 6.4309e-01 2.6511e-01 2.9039e-01 5.9314e-02 5.6128e-01 1.8156e-01 3.5172e-01
6.8880e-01 4.0980e-01 1.0790e-01 1.4383e-01 5.0157e-01 3.9359e-01 9.6477e-01 7.5221e-01 1.9436e-01 5.8422e-01
7.9826e-01 4.5566e-01 2.9342e-01 3.4056e-01 5.9697e-01 5.5470e-01 4.8163e-01 2.2612e-01 4.6468e-01 6.0930e-01
5.1901e-01 9.7542e-01 9.5935e-01 3.0343e-01 1.2770e-02 3.9002e-01 5.8692e-01 8.3080e-01 4.9093e-01 1.6178e-02
2.1644e-01 4.6548e-01 1.5502e-01 7.5869e-01 4.8949e-01 4.3478e-02 4.3868e-01 5.2420e-01 7.3679e-01 4.4341e-01
5.5000e-02 9.9608e-01 2.1827e-01 1.6139e-01 1.0200e-01 2.5477e-01 2.0429e-01 4.8434e-01 4.3198e-01 5.5128e-01
