8.7700e+02 1.7500e+02 2.3200e+02 7.8000e+02 5.1100e+02 5.3300e+02 3.2100e+02 2.1100e+02 8.6700e+02 9.2800e+02
1.7000e+02 5.5800e+02 2.3800e+02 9.5900e+02 5.5600e+02 3.2700e+02 7.9100e+02 5.9000e+01 1.0500e+02 9.8600e+02
9.4600e+02 4.6600e+02 5.2000e+01 6.0500e+02 7.9500e+02 5.3200e+02 9.7100e+02 7.6600e+02 5.3900e+02 4.7600e+02
7.5400e+02 7.3800e+02 7.8300e+02 5.4700e+02 6.8700e+02 1.0350e+03 1.8500e+02 4.6000e+02 3.9900e+02 8.1500e+02
9.0000e+00 1.5100e+02 8.3700e+02 6.0000e+02 2.7200e+02 2.9300e+02 6.4000e+01 5.4500e+02 1.9100e+02 3.3800e+02
6.9500e+02 3.9300e+02 1.1200e+02 1.4800e+02 4.7900e+02 4.0500e+02 9.8600e+02 7.6500e+02 2.0000e+02 6.0700e+02
8.2700e+02 4.4700e+02 2.9900e+02 3.3000e+02 5.9100e+02 5.7800e+02 4.7200e+02 2.3200e+02 4.6700e+02 6.1600e+02
5.0500e+02 9.9200e+02 9.4400e+02 3.0100e+02 1.3000e+01 3.8300e+02 6.2800e+02 8.7400e+02 4.8700e+02 1.6000e+01
2.0800e+02 4.4500e+02 1.5300e+02 7.6400e+02 4.8900e+02 4.2000e+01 4.4000e+02 5.0900e+02 7.1100e+02 4.2700e+02
5.5000e+01 1.0170e+03 2.1500e+02 1.6300e+02 1.0700e+02 2.6700e+02 2.1900e+02 4.9500e+02 4.3500e+02 5.1600e+02
