1.8000e+01 2.6000e+01 2.6000e+01 2.6000e+01 2.4000e+01 1.8000e+01 2.5000e+01 2.2000e+01 1.7800e+02 9.5680e+03
2.9000e+01 2.1000e+01 2.8000e+01 9.4130e+03 2.0000e+01 1.9000e+01 2.4000e+01 2.0000e+01 2.5000e+01 2.7300e+02
7.9500e+02 2.7000e+01 2.1000e+01 1.8000e+01 9.8220e+03 2.2000e+01 5.1200e+02 1.9000e+01 1.6000e+01 1.7000e+01
1.7000e+01 2.1000e+01 2.1000e+01 1.5000e+01 2.6000e+01 9.7700e+03 1.9000e+01 1.9000e+01 1.4000e+01 2.9000e+01
1.7000e+01 2.0000e+01 9.6200e+03 1.6000e+01 1.8000e+01 1.9000e+01 2.5000e+01 2.7000e+01 2.3000e+01 2.1000e+01
2.5000e+01 2.0000e+01 2.3000e+01 2.5000e+01 1.5000e+01 2.2000e+01 9.2710e+03 3.1000e+01 2.6000e+01 2.1000e+01
9.1480e+03 2.0000e+01 1.7000e+01 2.7000e+01 1.6000e+01 2.2000e+01 2.3000e+01 2.8000e+01 2.4000e+01 3.1000e+01
2.5000e+01 6.5000e+02 1.1200e+02 3.0000e+01 2.0000e+01 2.1000e+01 2.2000e+01 9.8340e+03 2.4000e+01 1.9000e+01
2.3000e+01 2.4000e+01 2.1000e+01 5.5300e+02 2.0000e+01 1.9000e+01 1.8000e+01 2.0000e+01 9.4970e+03 1.7000e+01
2.5000e+01 9.1610e+03 2.5000e+01 1.4000e+01 2.5000e+01 2.3000e+01 2.5000e+01 2.1000e+01 2.5000e+01 2.3000e+01
