1.5000e+01 2.0000e+00 7.0000e+00 2.1000e+01 1.2000e+01 1.2000e+01 9.0000e+00 2.0000e+00 1.6200e+02 9.3030e+03
4.0000e+00 1.0000e+01 4.0000e+00 9.3850e+03 1.1000e+01 6.0000e+00 1.7000e+01 0.0000e+00 5.0000e+00 2.6800e+02
7.6800e+02 1.3000e+01 3.0000e+00 7.0000e+00 7.6610e+03 1.1000e+01 4.9200e+02 1.4000e+01 1.1000e+01 7.0000e+00
1.4000e+01 1.8000e+01 1.7000e+01 7.0000e+00 1.5000e+01 9.5850e+03 2.0000e+00 4.0000e+00 7.0000e+00 2.5000e+01
0.0000e+00 2.0000e+00 8.4630e+03 7.0000e+00 5.0000e+00 7.0000e+00 2.0000e+00 1.5000e+01 3.0000e+00 7.0000e+00
2.1000e+01 1.1000e+01 2.0000e+00 4.0000e+00 7.0000e+00 9.0000e+00 8.9790e+03 2.3000e+01 4.0000e+00 1.1000e+01
7.5740e+03 1.0000e+01 4.0000e+00 1.1000e+01 8.0000e+00 1.5000e+01 1.1000e+01 3.0000e+00 1.2000e+01 2.3000e+01
1.4000e+01 6.3900e+02 1.0400e+02 1.1000e+01 0.0000e+00 5.0000e+00 1.1000e+01 8.2100e+03 1.4000e+01 0.0000e+00
6.0000e+00 1.5000e+01 2.0000e+00 4.2400e+02 1.1000e+01 1.0000e+00 5.0000e+00 1.0000e+01 6.9280e+03 1.0000e+01
3.0000e+00 9.1070e+03 5.0000e+00 3.0000e+00 4.0000e+00 6.0000e+00 5.0000e+00 9.0000e+00 1.3000e+01 1.2000e+01
