9.1228e-01 1.6667e-01 0.0000e+00 7.8676e-01 4.4737e-01 5.4286e-01 2.5000e-01 0.0000e+00 9.1326e-01 9.7196e-01
0.0000e+00 8.0000e-01 0.0000e+00 9.9782e-01 6.0194e-01 4.8000e-01 7.7465e-01 0.0000e+00 0.0000e+00 9.6890e-01
9.8047e-01 1.6667e-01 1.6667e-01 6.1224e-01 7.8332e-01 5.4762e-01 9.7059e-01 7.6600e-01 5.9259e-01 4.0000e-01
7.7778e-01 2.8571e-01 9.1667e-01 5.3846e-01 6.3717e-01 9.7668e-01 2.0000e-01 4.6154e-01 3.7500e-01 8.6667e-01
0.0000e+00 1.0000e-01 8.8289e-01 6.8627e-01 3.8462e-01 2.3529e-01 0.0000e+00 6.1321e-01 2.3529e-01 3.6000e-01
6.8657e-01 5.3333e-01 0.0000e+00 1.1111e-01 5.2055e-01 2.6667e-01 9.6464e-01 7.7355e-01 1.8182e-01 5.6410e-01
8.2163e-01 4.8780e-01 3.3333e-01 3.0435e-01 6.3061e-01 4.8438e-01 4.6154e-01 2.8571e-01 4.2857e-01 6.3333e-01
5.0000e-01 9.7400e-01 9.5243e-01 2.5000e-01 8.3333e-02 3.5000e-01 6.4912e-01 8.3519e-01 3.6364e-01 0.0000e+00
1.5385e-01 4.6341e-01 1.5385e-01 7.5607e-01 5.3376e-01 0.0000e+00 4.6667e-01 4.4444e-01 7.3522e-01 5.1389e-01
1.2500e-01 9.9561e-01 4.2105e-01 4.6154e-01 0.0000e+00 1.8182e-01 3.3333e-01 5.5385e-01 4.8571e-01 5.2941e-01
