5.2000e+01 1.0000e+00 0.0000e+00 1.0700e+02 1.7000e+01 1.9000e+01 2.0000e+00 0.0000e+00 2.9270e+03 6.3790e+03
0.0000e+00 1.2000e+01 0.0000e+00 6.4000e+03 6.2000e+01 1.2000e+01 5.5000e+01 0.0000e+00 0.0000e+00 2.9600e+03
1.9080e+03 1.0000e+00 1.0000e+00 3.0000e+01 5.8060e+03 2.3000e+01 9.5700e+02 3.4700e+02 3.2000e+01 8.0000e+00
1.4000e+01 2.0000e+00 1.1000e+01 7.0000e+00 7.2000e+01 9.6730e+03 1.0000e+00 1.2000e+01 6.0000e+00 1.3000e+01
0.0000e+00 1.0000e+00 7.8330e+03 1.4000e+02 2.0000e+01 4.0000e+00 0.0000e+00 1.3000e+02 4.0000e+00 9.0000e+00
4.6000e+01 8.0000e+00 0.0000e+00 1.0000e+00 3.8000e+01 4.0000e+00 8.4840e+03 4.6800e+02 2.0000e+00 2.2000e+01
6.4120e+03 2.0000e+01 7.0000e+00 7.0000e+00 1.1660e+03 3.1000e+01 1.8000e+01 8.0000e+00 2.1000e+01 1.1400e+02
1.3000e+01 1.0490e+03 8.4100e+02 3.0000e+00 1.0000e+00 7.0000e+00 3.7000e+01 6.9680e+03 8.0000e+00 0.0000e+00
2.0000e+00 1.9000e+01 2.0000e+00 2.4270e+03 1.6600e+02 0.0000e+00 2.1000e+01 3.2000e+01 4.8620e+03 3.7000e+01
1.0000e+00 8.8540e+03 8.0000e+00 1.2000e+01 0.0000e+00 2.0000e+00 5.0000e+00 3.6000e+01 1.7000e+01 1.8000e+01
