2.9900e+02 1.0000e+01 1.2000e+01 9.8000e+01 9.5000e+01 2.8000e+01 1.3000e+01 1.2000e+01 9.6770e+03 7.7660e+03
6.0000e+00 2.9000e+01 1.2000e+01 9.9980e+03 7.7000e+01 8.0000e+00 3.9000e+01 8.0000e+00 9.0000e+00 2.2440e+03
9.2360e+03 2.1000e+01 1.0000e+01 0.0000e+00 8.6940e+03 2.0000e+01 5.3110e+03 5.7100e+02 5.3000e+01 0.0000e+00
1.4100e+02 1.0600e+02 3.1000e+01 0.0000e+00 6.8800e+02 1.0087e+04 1.1000e+01 5.5000e+01 1.1000e+01 0.0000e+00
6.0000e+00 6.0000e+00 7.1400e+02 0.0000e+00 1.6000e+01 0.0000e+00 6.0000e+00 3.7000e+01 1.4000e+01 0.0000e+00
3.6000e+01 1.1000e+01 8.0000e+00 0.0000e+00 7.7000e+01 0.0000e+00 4.6490e+03 3.2100e+02 1.3000e+01 0.0000e+00
1.9900e+02 2.5000e+01 1.3000e+01 0.0000e+00 2.5200e+02 0.0000e+00 0.0000e+00 2.0000e+01 2.4000e+01 0.0000e+00
1.3000e+01 7.2870e+03 9.0180e+03 0.0000e+00 1.2000e+01 0.0000e+00 0.0000e+00 8.6770e+03 3.6000e+01 0.0000e+00
8.0000e+00 2.1000e+01 8.0000e+00 0.0000e+00 4.8000e+01 0.0000e+00 0.0000e+00 8.1000e+01 1.5700e+02 0.0000e+00
8.0000e+00 2.5950e+03 1.3000e+01 0.0000e+00 1.4000e+01 0.0000e+00 0.0000e+00 3.6000e+01 3.5000e+01 0.0000e+00
