2.6900e+02 6.0000e+00 8.0000e+00 1.0800e+02 1.1400e+02 2.5000e+01 1.4000e+01 1.6000e+01 9.7610e+03 7.2950e+03
6.0000e+00 1.6000e+01 1.3000e+01 9.6610e+03 7.7000e+01 1.4000e+01 7.2000e+01 8.0000e+00 1.1000e+01 2.5940e+03
9.0710e+03 2.0000e+01 6.0000e+00 0.0000e+00 8.9160e+03 4.4000e+01 8.3870e+03 8.1500e+02 5.9000e+01 0.0000e+00
1.5000e+02 1.0500e+02 1.0500e+02 0.0000e+00 5.1300e+02 1.0009e+04 1.0000e+01 1.8000e+01 7.0000e+00 0.0000e+00
6.0000e+00 8.0000e+00 5.7200e+02 0.0000e+00 1.8000e+01 0.0000e+00 8.0000e+00 9.4000e+01 9.0000e+00 0.0000e+00
1.0300e+02 2.0000e+01 8.0000e+00 0.0000e+00 8.0000e+01 0.0000e+00 1.4610e+03 8.7100e+02 1.1000e+01 0.0000e+00
3.1000e+02 1.1000e+01 1.2000e+01 0.0000e+00 2.3000e+02 0.0000e+00 0.0000e+00 2.1000e+01 2.2000e+01 0.0000e+00
2.7000e+01 6.7840e+03 9.3930e+03 0.0000e+00 1.2000e+01 0.0000e+00 0.0000e+00 8.1180e+03 3.2000e+01 0.0000e+00
1.0000e+01 2.8000e+01 1.3000e+01 0.0000e+00 8.6000e+01 0.0000e+00 0.0000e+00 1.4100e+02 5.5000e+01 0.0000e+00
8.0000e+00 3.0340e+03 6.0000e+00 0.0000e+00 9.0000e+00 0.0000e+00 0.0000e+00 1.4000e+01 3.2000e+01 0.0000e+00
