8.5130e-01 0.0000e+00 1.2500e-01 7.6852e-01 5.7895e-01 5.2000e-01 3.5714e-01 2.5000e-01 9.0298e-01 9.7190e-01
0.0000e+00 3.7500e-01 3.0769e-01 9.9834e-01 5.3247e-01 3.5714e-01 7.0833e-01 0.0000e+00 1.8182e-01 9.7224e-01
9.7387e-01 4.5000e-01 0.0000e+00 1.0000e+00 7.8286e-01 6.3636e-01 9.7377e-01 7.7423e-01 6.1017e-01 1.0000e+00
8.0000e-01 7.6190e-01 7.4286e-01 1.0000e+00 7.0175e-01 9.7812e-01 2.0000e-01 2.7778e-01 0.0000e+00 1.0000e+00
0.0000e+00 1.2500e-01 8.7937e-01 1.0000e+00 2.2222e-01 1.0000e+00 1.2500e-01 6.0638e-01 1.1111e-01 1.0000e+00
7.5728e-01 4.5000e-01 1.2500e-01 1.0000e+00 5.3750e-01 1.0000e+00 9.6304e-01 7.7727e-01 1.8182e-01 1.0000e+00
8.6129e-01 2.7273e-01 2.5000e-01 1.0000e+00 6.4783e-01 1.0000e+00 1.0000e+00 3.3333e-01 4.0909e-01 1.0000e+00
5.1852e-01 9.7081e-01 9.5667e-01 1.0000e+00 8.3333e-02 1.0000e+00 1.0000e+00 8.3198e-01 5.0000e-01 1.0000e+00
2.0000e-01 5.3571e-01 3.0769e-01 1.0000e+00 5.4651e-01 1.0000e+00 1.0000e+00 6.5248e-01 6.0000e-01 1.0000e+00
1.2500e-01 9.9572e-01 0.0000e+00 1.0000e+00 0.0000e+00 1.0000e+00 1.0000e+00 2.1429e-01 5.0000e-01 1.0000e+00
