2.2900e+02 0.0000e+00 1.0000e+00 8.3000e+01 6.6000e+01 1.3000e+01 5.0000e+00 4.0000e+00 8.8140e+03 7.0900e+03
0.0000e+00 6.0000e+00 4.0000e+00 9.6450e+03 4.1000e+01 5.0000e+00 5.1000e+01 0.0000e+00 2.0000e+00 2.5220e+03
8.8340e+03 9.0000e+00 0.0000e+00 0.0000e+00 6.9800e+03 2.8000e+01 8.1670e+03 6.3100e+02 3.6000e+01 0.0000e+00
1.2000e+02 8.0000e+01 7.8000e+01 0.0000e+00 3.6000e+02 9.7900e+03 2.0000e+00 5.0000e+00 0.0000e+00 0.0000e+00
0.0000e+00 1.0000e+00 5.0300e+02 0.0000e+00 4.0000e+00 0.0000e+00 1.0000e+00 5.7000e+01 1.0000e+00 0.0000e+00
7.8000e+01 9.0000e+00 1.0000e+00 0.0000e+00 4.3000e+01 0.0000e+00 1.4070e+03 6.7700e+02 2.0000e+00 0.0000e+00
2.6700e+02 3.0000e+00 3.0000e+00 0.0000e+00 1.4900e+02 0.0000e+00 0.0000e+00 7.0000e+00 9.0000e+00 0.0000e+00
1.4000e+01 6.5860e+03 8.9860e+03 0.0000e+00 1.0000e+00 0.0000e+00 0.0000e+00 6.7540e+03 1.6000e+01 0.0000e+00
2.0000e+00 1.5000e+01 4.0000e+00 0.0000e+00 4.7000e+01 0.0000e+00 0.0000e+00 9.2000e+01 3.3000e+01 0.0000e+00
1.0000e+00 3.0210e+03 0.0000e+00 0.0000e+00 0.0000e+00 0.0000e+00 0.0000e+00 3.0000e+00 1.6000e+01 0.0000e+00
