2.3000e+01 1.8000e+01 7.1000e+01 8.3000e+01 3.6000e+01 3.9400e+02 1.1860e+03 4.2000e+01 9.5000e+01 2.7000e+01 1.2200e+02 4.1000e+01 2.4000e+01 3.8000e+01 3.6000e+01 3.4000e+01 6.9000e+01 2.9000e+01 3.4000e+01 3.2000e+01 2.9000e+01 3.2000e+01 3.8000e+01 8.7000e+01 2.3000e+01 3.6000e+01 1.5200e+02 2.9000e+01 6.2000e+01 1.6000e+01 3.6000e+01 4.6000e+01 7.7000e+01 3.7000e+01 2.9000e+01 2.5400e+02 2.3000e+01 8.0000e+01 1.5880e+03 5.0000e+01 3.5000e+01 2.9000e+01 7.0000e+01 4.5000e+01 2.3000e+01 3.9000e+01 5.0900e+02 1.1100e+02 3.1000e+01 2.0000e+01
1.0000e+01 1.9000e+01 1.3000e+01 2.9000e+01 2.9000e+01 1.1000e+01 5.0000e+00 2.9000e+01 3.5000e+01 5.6000e+01 1.3000e+01 1.8400e+02 1.6000e+01 2.3000e+01 1.0000e+01 6.0000e+00 4.2500e+02 2.3000e+01 2.0000e+01 2.3000e+01 1.1350e+03 1.8000e+01 2.6000e+01 2.4000e+01 2.9000e+01 2.8000e+01 2.7000e+01 1.3000e+01 9.0000e+00 7.0000e+00 1.5000e+01 3.6470e+03 8.9000e+01 7.0000e+00 1.0000e+01 1.0000e+01 2.3000e+01 6.0000e+00 1.1000e+01 1.0000e+01 1.3000e+01 1.2000e+01 1.8900e+02 8.5000e+01 3.0000e+00 1.8000e+01 1.4000e+01 1.1000e+01 1.5000e+01 1.2000e+01
4.2000e+01 3.3000e+01 4.5000e+01 2.2000e+01 3.4000e+01 1.9500e+02 3.6000e+01 7.1000e+01 3.6000e+01 3.8000e+01 2.2000e+01 2.8000e+01 3.7000e+01 2.8000e+01 1.7000e+01 8.9000e+01 3.7000e+01 6.3000e+01 5.1000e+01 3.5000e+01 7.7000e+01 2.1900e+02 5.0000e+01 6.8000e+01 9.0000e+01 8.9000e+01 2.5000e+01 3.2000e+01 2.4000e+01 2.7570e+03 6.3000e+01 2.7000e+01 3.8000e+01 2.2000e+01 2.6000e+01 6.3000e+01 2.8000e+01 9.3000e+01 3.5900e+02 2.9000e+01 2.8000e+01 2.9000e+01 6.3500e+02 2.5700e+02 3.0000e+01 2.9000e+01 9.7000e+01 3.8000e+01 2.8000e+01 2.9000e+01
1.0000e+02 3.5000e+01 3.6000e+01 4.3000e+01 4.4000e+01 1.7000e+01 1.4300e+02 4.1000e+01 5.3000e+01 3.4000e+01 1.9000e+01 4.7000e+01 3.4000e+01 7.1000e+01 2.7000e+01 6.4000e+01 3.8000e+01 5.7000e+01 6.2000e+01 4.9000e+01 4.8000e+01 4.5000e+01 2.6810e+03 3.7000e+01 3.7000e+01 3.7000e+01 5.2000e+01 3.8000e+01 2.1000e+01 7.0400e+02 5.1000e+01 1.9000e+01 3.6000e+01 2.3000e+01 3.4000e+01 3.9000e+01 5.4000e+01 1.5000e+01 3.6000e+01 5.3000e+01 3.3000e+01 3.0000e+01 6.6000e+01 2.6000e+01 1.6000e+01 9.1000e+01 3.3000e+01 8.5000e+01 3.6000e+01 2.1000e+01
2.4000e+01 2.0000e+01 5.4000e+01 2.2000e+01 2.5000e+01 1.9000e+01 1.1000e+02 2.8000e+01 2.8000e+01 2.1000e+01 1.5000e+01 5.3000e+01 1.9000e+01 2.8000e+01 6.5000e+01 3.9000e+01 2.2000e+01 2.5000e+01 4.9000e+01 1.8000e+01 2.6000e+01 1.4000e+01 2.0000e+01 2.0000e+01 3.0000e+01 2.7000e+01 3.3000e+01 3.9000e+01 4.6270e+03 7.2000e+01 2.1000e+01 1.1000e+01 2.1000e+01 1.2000e+01 7.9000e+01 2.2000e+01 1.9000e+01 1.8000e+01 2.0000e+01 2.3000e+01 2.8000e+01 5.2000e+01 1.4100e+02 2.0000e+01 1.5000e+01 1.7000e+01 5.7000e+01 2.4000e+01 2.0000e+01 1.4000e+01
4.1000e+01 2.6000e+01 3.4000e+01 5.0000e+01 5.1000e+01 2.8000e+01 3.1000e+01 2.5000e+01 9.0000e+01 2.7000e+01 5.9000e+01 2.8000e+01 3.3000e+01 2.5000e+01 2.5000e+01 4.5000e+01 2.5000e+01 2.5000e+01 3.0000e+01 2.8000e+01 2.3000e+01 3.3000e+01 5.3000e+01 3.9000e+01 2.5000e+01 3.1000e+01 1.9000e+01 5.1000e+01 1.6000e+01 2.4000e+01 4.6000e+01 2.7000e+01 3.0000e+01 1.2000e+01 1.3000e+01 2.2100e+02 4.8000e+01 1.1000e+01 1.1400e+02 3.6860e+03 4.2000e+01 2.2000e+01 6.4000e+01 3.7000e+01 2.3000e+01 3.5000e+01 1.1900e+02 2.7000e+01 1.9000e+01 1.5000e+01
1.2720e+03 4.6000e+01 1.5500e+02 2.2000e+01 1.9000e+01 6.7000e+01 1.2000e+01 2.9000e+01 4.2000e+01 2.4000e+01 5.6000e+01 2.8000e+01 3.4000e+01 6.8000e+01 2.0000e+01 3.1000e+01 3.4000e+01 3.3000e+01 3.1000e+01 5.3000e+01 3.8000e+01 2.1000e+01 7.0000e+01 3.3000e+01 3.3000e+01 5.1000e+01 2.5000e+01 3.8000e+01 2.7000e+01 6.5000e+01 3.1000e+01 1.9000e+01 3.2000e+01 2.3000e+01 1.4000e+01 2.9000e+01 3.3000e+01 3.3000e+01 1.2000e+01 3.3000e+01 3.8000e+01 3.0000e+01 1.7000e+01 2.6000e+01 1.6000e+01 3.0820e+03 1.0600e+02 2.5000e+01 2.5000e+01 3.0000e+01
3.2000e+01 3.1000e+01 6.9000e+01 5.4000e+01 2.8000e+01 2.5000e+01 1.2000e+01 4.8000e+01 4.2000e+01 2.4000e+01 3.9000e+01 4.7000e+01 7.7000e+01 5.4000e+01 2.3000e+01 5.3000e+01 5.8000e+01 6.8000e+01 5.1000e+01 4.5000e+01 3.4000e+01 3.3000e+01 5.3000e+01 3.0000e+01 5.1000e+01 3.7000e+01 3.2000e+01 6.5000e+01 2.7000e+01 5.6000e+01 5.1000e+01 2.8000e+01 4.8000e+01 1.7000e+01 1.7000e+01 3.5000e+01 3.8000e+01 3.3000e+01 5.2000e+01 1.2000e+01 4.2000e+01 3.4000e+01 2.0000e+01 3.0000e+01 1.9000e+01 1.8000e+01 4.1000e+01 2.9000e+01 3.6000e+01 3.0000e+01
2.6000e+01 9.2000e+01 4.4000e+01 2.5000e+01 4.4000e+01 3.0000e+01 3.8100e+02 6.2000e+01 8.8000e+01 2.4000e+01 2.2000e+01 2.8000e+01 5.5000e+01 4.6000e+01 3.8000e+01 1.1100e+02 4.7000e+01 6.8000e+01 5.8000e+01 3.3000e+01 4.1000e+01 5.3000e+01 4.3000e+01 1.3000e+02 5.1000e+01 8.2000e+01 2.5000e+01 1.1700e+02 3.0000e+01 2.1000e+01 4.4000e+01 3.4000e+01 7.5000e+01 2.3000e+01 2.0000e+01 9.3000e+01 5.7000e+01 4.0000e+01 1.2000e+01 1.2000e+01 3.8000e+01 6.2000e+01 2.0000e+01 3.7000e+01 6.7800e+02 2.1000e+01 8.6000e+01 3.2000e+01 2.9000e+01 4.4000e+01
4.0000e+01 5.0000e+01 4.8000e+01 4.3000e+01 3.4850e+03 5.4000e+01 3.1000e+01 2.8200e+02 4.2000e+01 4.4000e+01 1.4800e+02 5.1000e+01 1.1300e+02 6.4000e+01 3.5000e+01 9.0000e+01 6.5000e+01 9.2000e+01 6.8000e+01 2.8300e+02 7.2000e+01 1.5700e+02 1.2200e+02 5.6000e+01 3.3000e+01 1.0000e+02 5.8000e+01 5.0000e+01 6.4000e+01 2.3000e+01 5.1000e+01 7.5000e+01 6.2000e+01 4.1000e+01 5.9000e+01 1.3100e+02 4.6000e+01 7.1000e+01 1.8800e+02 1.9000e+01 8.8000e+01 3.4000e+01 3.4000e+01 6.3000e+01 2.6000e+01 2.1000e+01 8.3000e+01 7.3000e+01 6.1000e+01 6.0000e+01
2.0000e+00 1.9000e+01 1.8000e+01 1.1000e+01 7.0000e+00 1.0000e+00 4.0000e+00 9.0000e+00 1.2000e+01 2.1000e+01 5.0000e+00 2.0000e+01 1.3000e+01 2.4000e+01 6.0000e+00 3.0000e+00 1.9000e+01 3.8000e+01 5.2000e+01 1.2000e+01 1.2300e+02 1.6000e+01 4.5000e+01 2.7710e+03 4.3000e+01 1.5000e+01 1.1600e+02 1.5000e+01 3.0000e+00 8.0000e+00 4.6100e+02 9.0000e+00 1.6000e+01 5.0000e+00 1.2000e+01 5.8000e+01 2.1000e+01 4.0000e+00 5.0000e+00 6.0000e+00 1.0000e+01 2.9300e+03 6.0000e+00 4.6000e+01 8.0000e+00 6.0000e+00 2.5000e+01 6.7000e+01 2.2000e+01 1.3000e+01
5.3000e+01 2.7000e+01 6.3000e+01 2.3000e+01 4.5000e+01 2.3070e+03 6.3000e+01 4.4000e+01 2.9000e+01 3.1000e+01 5.4000e+01 2.0000e+02 5.3000e+01 2.9000e+01 5.4000e+01 1.1460e+03 4.2000e+01 4.5000e+01 7.8000e+01 3.7000e+01 1.2800e+02 4.3000e+01 7.6000e+01 2.6000e+01 5.6000e+01 7.3000e+01 3.2600e+02 4.5000e+01 1.2100e+02 2.5000e+01 1.1200e+02 1.7000e+01 2.8000e+01 1.5000e+01 1.6700e+02 5.2000e+01 2.9000e+01 2.3500e+02 2.4700e+02 1.5000e+01 2.9000e+01 2.7500e+02 1.5000e+01 2.7000e+01 1.4000e+01 2.2000e+01 5.6000e+01 2.6000e+01 1.5100e+02 3.8000e+01
5.0000e+00 1.0700e+02 4.3200e+02 6.0000e+00 2.0000e+00 2.0000e+00 5.0000e+00 1.4400e+02 3.6000e+01 6.0000e+00 5.0000e+00 4.4000e+01 8.3000e+01 8.1100e+02 6.0000e+00 3.0000e+00 2.9900e+02 3.2000e+01 6.2900e+02 1.1170e+03 8.1000e+01 2.0000e+00 4.7000e+01 9.9000e+01 6.7100e+02 2.9100e+02 2.1000e+01 4.3000e+01 9.0000e+00 8.0000e+00 6.0200e+02 2.0000e+00 2.8700e+02 5.0000e+00 7.0000e+00 3.1000e+01 5.8300e+02 4.0000e+00 5.0000e+00 2.0000e+00 1.6900e+02 7.0000e+02 5.0000e+00 1.6500e+02 3.0000e+00 6.0000e+00 9.0000e+01 6.0000e+00 1.6800e+02 8.0000e+00
3.7000e+01 2.9000e+01 2.0000e+01 7.1000e+01 4.9000e+01 3.1000e+01 8.0000e+00 3.9000e+01 4.5000e+01 4.9000e+01 2.2000e+01 2.1800e+02 4.1000e+01 5.1000e+01 6.0000e+01 2.0000e+01 3.8000e+01 4.0000e+01 3.0000e+01 3.1000e+01 1.7000e+01 3.9330e+03 5.8000e+01 6.4000e+01 4.1000e+01 5.8000e+01 6.3000e+01 1.1300e+02 1.9000e+01 5.0000e+01 3.3000e+01 5.2000e+01 4.9000e+01 1.1000e+01 2.8000e+01 2.2000e+01 2.8000e+01 2.3800e+02 1.4400e+02 6.4000e+01 2.8000e+01 2.8000e+01 9.1000e+01 2.3000e+01 4.6000e+01 5.9900e+02 1.9000e+01 3.1000e+01 2.2000e+01 2.3000e+01
3.7000e+01 4.5000e+01 4.4000e+01 4.1000e+01 5.4000e+01 1.5000e+01 5.0000e+01 4.1000e+01 2.1300e+02 2.8000e+01 8.0000e+01 1.8000e+01 2.1400e+02 4.2800e+02 2.7000e+01 2.4000e+01 3.8000e+01 5.4000e+01 7.8000e+01 1.4200e+02 2.3000e+01 5.0000e+01 7.0000e+01 6.6000e+01 4.6000e+01 5.8000e+01 4.6000e+01 1.4200e+02 2.5000e+01 2.2000e+01 8.5000e+01 3.9000e+01 1.3900e+02 2.0000e+01 1.4000e+01 6.3000e+01 3.4000e+01 5.9000e+01 8.0000e+01 1.0000e+01 5.9000e+01 3.9000e+01 9.2000e+01 1.6500e+02 1.3800e+02 2.7000e+01 2.8700e+02 6.5000e+01 4.2060e+03 1.8000e+01
1.1000e+01 1.7000e+01 3.2000e+01 1.5000e+01 1.5000e+01 1.4000e+01 1.7000e+01 3.0000e+01 2.4000e+01 2.1000e+01 1.7000e+01 1.6000e+01 2.2000e+01 1.8000e+01 1.0500e+02 2.3000e+01 2.5000e+01 2.2000e+01 1.7000e+01 4.0000e+01 4.9000e+01 2.3000e+01 1.7000e+01 4.0000e+01 2.2000e+01 1.6000e+01 3.3000e+01 3.3000e+01 1.2000e+01 8.0000e+00 1.7000e+01 2.7000e+01 1.7000e+01 3.9800e+02 1.6130e+03 2.1000e+01 1.8000e+01 7.6800e+02 8.0000e+00 7.0000e+00 1.8000e+01 1.6000e+01 5.9000e+01 2.0000e+01 3.0900e+02 1.0000e+01 1.9000e+01 2.0330e+03 1.4000e+01 2.3000e+01
2.0000e+01 3.9000e+01 5.2000e+01 2.9000e+01 2.5000e+01 2.8000e+01 1.4000e+01 3.7000e+01 3.3000e+01 3.8000e+01 6.9500e+02 4.0000e+01 1.1000e+02 9.5000e+01 5.6000e+01 1.6000e+01 4.7000e+01 5.0000e+01 4.0000e+01 5.6000e+01 8.1000e+01 2.1000e+01 3.9000e+01 3.0000e+01 4.4000e+01 3.7000e+01 2.5000e+01 9.8000e+01 2.4000e+01 1.9000e+01 5.1000e+01 3.9000e+01 4.4000e+01 1.7000e+01 1.4000e+01 2.9000e+01 5.0000e+01 1.5000e+01 1.7000e+01 1.2000e+01 3.3000e+01 3.0000e+01 1.7000e+01 7.5000e+01 1.6000e+01 3.5000e+01 4.4000e+01 7.0000e+01 4.9000e+01 2.4000e+01
6.0000e+00 3.5360e+03 1.5000e+01 1.2000e+01 5.0000e+00 4.0000e+00 7.0000e+00 8.4200e+02 2.3000e+01 7.0000e+00 5.0000e+00 4.0000e+01 2.5000e+01 7.7700e+02 5.0000e+00 3.0000e+00 4.9000e+01 9.0000e+00 3.3000e+01 9.0000e+00 1.2000e+01 6.0000e+00 9.0000e+00 1.8000e+01 2.6300e+02 2.7000e+01 7.0000e+00 4.3000e+01 7.0000e+00 8.0000e+00 9.0000e+00 3.0000e+00 9.0000e+00 7.0000e+00 5.0000e+00 9.8000e+01 1.4920e+03 5.0000e+00 6.0000e+00 5.0000e+00 9.0000e+00 1.4000e+01 7.0000e+00 8.0000e+00 7.0000e+00 5.0000e+00 8.0000e+00 8.0000e+00 2.8000e+01 1.7000e+01
6.8000e+01 3.9000e+01 4.0000e+01 8.5000e+01 3.9000e+01 1.7000e+01 2.9000e+01 2.9000e+01 5.7000e+01 2.4000e+01 1.3120e+03 3.6000e+01 3.4000e+01 4.6000e+01 7.3000e+01 2.9600e+02 5.8000e+01 3.3000e+01 3.1000e+01 4.1000e+01 4.1000e+01 2.4000e+01 3.0000e+01 3.7000e+01 4.4000e+01 4.0000e+01 3.2000e+01 5.4000e+01 3.0000e+01 7.8000e+01 4.0000e+01 1.9000e+01 4.8000e+01 1.7000e+01 2.3000e+01 3.2000e+01 3.3000e+01 1.5000e+01 9.5000e+01 2.1000e+01 4.2000e+01 4.2000e+01 2.0100e+02 2.6000e+01 2.4000e+01 3.8000e+01 4.8000e+01 2.2000e+01 2.5000e+01 2.4000e+01
5.3000e+01 3.1000e+01 4.4000e+01 2.9000e+01 2.2000e+01 3.5000e+01 2.1000e+01 4.8000e+01 3.3000e+01 2.4000e+01 9.7000e+01 6.0000e+01 3.9000e+01 3.3000e+01 9.2000e+01 2.6000e+01 3.8000e+01 4.2000e+01 3.1000e+01 3.3000e+01 3.8000e+01 3.0000e+01 3.0000e+01 4.3000e+01 2.9000e+01 4.4000e+01 2.5000e+01 5.4000e+01 3.8000e+01 1.9000e+01 3.1000e+01 2.8000e+01 3.2000e+01 1.7000e+01 1.4000e+01 3.5000e+01 3.3000e+01 1.5000e+01 2.1000e+01 1.4000e+01 3.3000e+01 3.8000e+01 2.0000e+01 5.4000e+01 2.4000e+01 2.4000e+01 6.0000e+01 2.5000e+01 2.5000e+01 2.1000e+01
3.3000e+01 1.5000e+01 3.0000e+01 1.6000e+01 1.0000e+01 1.0300e+02 2.5000e+01 1.5000e+01 1.7000e+01 1.2000e+01 3.9000e+01 1.7000e+01 1.7000e+01 5.4000e+01 1.0000e+01 3.6700e+02 2.9000e+01 3.3000e+01 1.9000e+01 1.6000e+01 7.3000e+01 2.1000e+01 1.8000e+01 1.6000e+01 2.0000e+01 2.0000e+01 1.3000e+01 2.0000e+01 1.4000e+01 9.0000e+00 5.0000e+01 1.4000e+01 3.4000e+01 9.0000e+00 1.8000e+01 3.6000e+01 6.9000e+01 8.0000e+00 5.0000e+00 8.0000e+00 1.0200e+02 1.5000e+01 2.3000e+01 1.0200e+02 1.4000e+01 2.1000e+01 7.7000e+01 1.6000e+01 1.3000e+01 4.8300e+03
8.0000e+00 1.5000e+01 1.8000e+01 2.3000e+01 3.6000e+01 1.0000e+01 1.1000e+01 1.4000e+01 1.3000e+01 1.8000e+01 1.2000e+01 1.1000e+01 1.4000e+01 1.6000e+01 1.6000e+01 1.1000e+01 1.9000e+01 2.3000e+01 1.2000e+01 1.8000e+01 1.1000e+01 1.2000e+01 3.6000e+01 3.3000e+01 1.9000e+01 2.3000e+01 3.8000e+01 1.8000e+01 1.3000e+01 6.0000e+00 1.5000e+01 1.0000e+01 1.2000e+01 4.6960e+03 2.7000e+01 2.7000e+01 2.1000e+01 1.8000e+01 9.0000e+00 7.0000e+00 3.2000e+01 1.9000e+01 2.0000e+01 1.3000e+01 1.5000e+01 1.2000e+01 1.4000e+01 3.0000e+01 1.0000e+01 1.0000e+01
1.8000e+01 2.9000e+01 4.3000e+01 1.5000e+02 9.0000e+01 3.4000e+01 2.1000e+01 3.8000e+01 8.0000e+01 1.4000e+01 2.6000e+01 1.7000e+01 2.9000e+01 4.7000e+01 2.5000e+01 3.7000e+01 2.3310e+03 2.6000e+01 3.8000e+01 1.9100e+02 2.1000e+01 1.7000e+01 7.1200e+02 3.3300e+02 3.6000e+01 5.8000e+01 5.9000e+01 1.0100e+02 4.8000e+01 1.4000e+02 6.0000e+01 1.0780e+03 2.9000e+02 1.0000e+01 4.2300e+02 3.8000e+01 4.2000e+01 3.3500e+02 9.0000e+00 2.0000e+01 6.2000e+01 2.6000e+01 1.0800e+02 3.1000e+01 6.9000e+01 2.7000e+01 2.5000e+01 7.3000e+01 4.5000e+01 1.2000e+01
8.0000e+00 1.2000e+01 1.3000e+01 9.0000e+00 8.0000e+00 5.5000e+01 3.0000e+00 2.3000e+01 3.0000e+01 1.0000e+01 3.9000e+01 1.4000e+01 1.4000e+01 3.0000e+01 6.1000e+01 0.0000e+00 1.1900e+02 1.9000e+01 1.8000e+01 1.2700e+02 2.4000e+01 2.4600e+02 1.9800e+02 1.3000e+01 1.7000e+01 2.5570e+03 7.3000e+01 5.4000e+01 9.0000e+00 6.0000e+00 8.5000e+01 8.0000e+00 1.3000e+01 7.0000e+00 1.3000e+01 2.4820e+03 1.3000e+01 5.0000e+00 7.0000e+00 7.0000e+00 1.3000e+01 1.2000e+01 9.0000e+00 1.1000e+01 1.2000e+01 8.0000e+00 7.1400e+02 2.0000e+01 3.4000e+01 1.8000e+01
1.4000e+01 1.6000e+01 1.6000e+01 9.0000e+00 2.7000e+01 1.1000e+01 2.1000e+01 1.3000e+01 2.0000e+01 4.8000e+01 1.0000e+01 1.7000e+01 1.5000e+01 3.1000e+01 3.6000e+01 6.0000e+00 2.3000e+01 1.4000e+01 1.3000e+01 1.4000e+01 1.6000e+01 2.0000e+01 1.3000e+01 2.0000e+01 1.7000e+01 1.7000e+01 2.5000e+01 1.2500e+03 8.0000e+00 7.0000e+00 1.6000e+01 1.2000e+01 2.6000e+01 7.0000e+00 3.0000e+01 1.7000e+01 1.4000e+01 4.2900e+02 8.0000e+00 6.0000e+00 1.4000e+01 1.8000e+01 7.8000e+01 2.8000e+01 3.3030e+03 1.8000e+01 2.6000e+01 1.8000e+01 1.1000e+01 9.0000e+00
3.9500e+02 1.3000e+01 4.2000e+01 1.5000e+02 8.3100e+02 1.2700e+02 2.0000e+00 2.5000e+01 3.4000e+01 2.4100e+02 1.3000e+01 2.2280e+03 3.9000e+01 2.7000e+01 4.5000e+01 4.2000e+01 1.5000e+01 4.1000e+01 3.1000e+01 1.7000e+01 3.5000e+01 1.1000e+01 2.8000e+01 2.7800e+02 5.2000e+01 7.3000e+01 1.1000e+01 2.5000e+01 1.0000e+01 5.0000e+00 1.4000e+01 3.3000e+01 2.2000e+01 2.1000e+01 9.0000e+00 1.8300e+02 1.5000e+01 8.9500e+02 2.0000e+00 3.0000e+00 2.7000e+01 1.6000e+01 2.2100e+02 4.0000e+01 2.9000e+01 4.5000e+01 2.2000e+01 3.6900e+02 5.7000e+01 9.0000e+00
5.7000e+01 6.2000e+01 3.1000e+01 2.1000e+01 5.5000e+01 1.4000e+02 2.8140e+03 2.8000e+01 5.5000e+01 2.3000e+01 5.8000e+01 3.9000e+01 5.0000e+01 3.2000e+01 2.0700e+02 8.0000e+01 3.3000e+01 4.1000e+01 3.9000e+01 4.0000e+01 3.0000e+01 2.0000e+01 3.0000e+01 3.2000e+01 3.2000e+01 5.3000e+01 2.4000e+01 4.5000e+01 4.7000e+01 7.8000e+01 5.0000e+01 1.8000e+01 3.0000e+01 2.5000e+01 7.6800e+02 1.2600e+02 3.2000e+01 1.8100e+02 2.8000e+01 1.2000e+01 3.2000e+01 2.6200e+02 3.8000e+01 8.7000e+01 1.5000e+01 3.3000e+01 6.3000e+01 5.6000e+01 3.9000e+01 2.0000e+01
2.9000e+01 3.9000e+01 7.3000e+01 2.9000e+01 2.5000e+01 2.5000e+01 2.1000e+01 3.3000e+01 4.6000e+01 5.3000e+01 3.4000e+01 5.1000e+01 3.4000e+01 3.8000e+01 2.3000e+01 2.1000e+01 3.8000e+01 3.3000e+01 3.6000e+01 1.2700e+02 6.4000e+01 2.4000e+01 3.0000e+01 3.3000e+01 4.8000e+01 5.1000e+01 2.5000e+01 5.4000e+01 2.7000e+01 2.3000e+01 7.2000e+01 3.4000e+01 4.0000e+01 1.7000e+01 2.3000e+01 2.5000e+01 4.6000e+01 3.3000e+01 3.8000e+01 1.2000e+01 5.0000e+01 1.2000e+02 8.7000e+01 6.6000e+01 2.1000e+01 8.3600e+02 6.4000e+01 4.6000e+01 2.5000e+01 2.1000e+01
8.3000e+01 2.7000e+01 1.0500e+02 1.9020e+03 6.5000e+01 8.7000e+01 3.6100e+02 4.1000e+01 6.7000e+01 3.1000e+02 1.1900e+02 2.2100e+02 4.6000e+01 7.6000e+01 1.9500e+02 2.6000e+01 3.6500e+02 5.0000e+01 4.6000e+01 1.8400e+02 6.4000e+01 2.6000e+01 3.7000e+01 7.4000e+01 9.1600e+02 1.0000e+02 1.1900e+02 6.7000e+01 2.7000e+01 1.5000e+01 5.5000e+01 4.2000e+01 2.0000e+02 4.4000e+01 8.3000e+01 1.0700e+02 3.7000e+01 8.4000e+01 3.4000e+01 3.2000e+01 2.0400e+02 4.6000e+01 2.6000e+01 1.0400e+02 1.2900e+02 9.9000e+01 1.7400e+02 3.7000e+01 5.3000e+01 3.7000e+01
2.8000e+01 5.2000e+01 5.4000e+01 8.0000e+01 1.7000e+01 3.9000e+01 5.0000e+01 8.5000e+01 1.0230e+03 4.6000e+01 1.5200e+02 1.1900e+02 1.0800e+02 2.9000e+01 6.2000e+01 5.5000e+01 6.2000e+01 4.6000e+01 3.1000e+01 2.5000e+01 8.7000e+01 4.6000e+01 2.3000e+01 3.5000e+01 4.7000e+01 5.8000e+01 2.1060e+03 3.3000e+01 7.1000e+01 2.0800e+02 2.8000e+01 1.7000e+01 6.8000e+01 1.8000e+01 9.2200e+02 4.7000e+01 3.7000e+01 2.5000e+01 2.3900e+02 1.2000e+01 4.6000e+01 4.8000e+01 2.8600e+02 4.4000e+01 3.0900e+02 2.2000e+01 2.7900e+02 8.8000e+01 2.6000e+01 5.4000e+01
1.3000e+01 2.8000e+01 1.1000e+01 1.4000e+01 9.0000e+00 1.0000e+00 4.0000e+00 2.3000e+01 1.4000e+01 1.3000e+02 1.9870e+03 2.1000e+01 1.5000e+01 2.9000e+01 1.6800e+02 1.0000e+00 1.7000e+01 1.9000e+01 1.1000e+01 1.7000e+01 4.9000e+02 8.0000e+00 1.6000e+01 1.4000e+01 1.5010e+03 2.8000e+01 1.3000e+01 1.7000e+01 1.2000e+01 4.0000e+00 1.1000e+01 1.7000e+01 4.8000e+01 9.0000e+00 5.0000e+00 5.0000e+01 1.2000e+01 1.1000e+01 2.0000e+00 1.3000e+01 1.9000e+01 2.0000e+01 3.0000e+00 2.8000e+01 6.0000e+00 1.2000e+01 1.5770e+03 3.6600e+02 9.0000e+00 1.5000e+01
3.9000e+01 3.1000e+01 5.2000e+01 5.0000e+01 3.5000e+01 2.6000e+01 3.0000e+00 2.3000e+01 8.1000e+01 4.1000e+01 3.2000e+01 3.5500e+02 8.5000e+01 2.0000e+01 1.7350e+03 8.4300e+02 2.0000e+01 3.3000e+01 2.1000e+01 3.5000e+01 1.9000e+01 2.1000e+01 4.2000e+01 3.1000e+01 3.2000e+01 8.3900e+02 2.0000e+01 4.7000e+01 1.9000e+01 2.0500e+02 5.8000e+01 1.4000e+01 3.6000e+01 1.0800e+02 1.3800e+02 2.3900e+02 2.0000e+01 2.4400e+02 7.0000e+00 9.0000e+00 1.7000e+01 1.5000e+01 1.4200e+02 5.9000e+01 6.5000e+01 1.6000e+01 8.4000e+01 7.0300e+02 1.3000e+01 2.1000e+01
6.3000e+01 3.1000e+01 3.6000e+01 2.5900e+02 3.7000e+01 4.4000e+02 1.7000e+01 7.0000e+01 6.7000e+01 2.8000e+01 3.0000e+01 6.9000e+01 6.7000e+01 9.0000e+01 7.0000e+01 9.0900e+02 4.1000e+01 3.0000e+01 2.4000e+01 2.9000e+01 2.7000e+01 2.7000e+01 3.1000e+01 3.8000e+01 2.3000e+01 1.5500e+02 8.6000e+01 3.3000e+01 4.2000e+01 8.8000e+01 5.1000e+01 2.0000e+01 2.4000e+01 2.3000e+01 5.8500e+02 2.6000e+01 3.0000e+01 1.7000e+01 2.0790e+03 1.2000e+01 3.7000e+01 6.8000e+01 1.6000e+01 2.4000e+01 3.6000e+01 6.8000e+01 3.6000e+01 3.4000e+01 2.6000e+01 1.9000e+01
0.0000e+00 5.4000e+01 1.5100e+02 1.0000e+00 5.0000e+00 5.0000e+00 0.0000e+00 2.9710e+03 1.0200e+02 4.0000e+00 0.0000e+00 9.1000e+01 1.9660e+03 2.1600e+02 2.0000e+00 1.0000e+00 3.1000e+01 1.5100e+02 9.0000e+01 1.0900e+02 4.3000e+01 3.0000e+00 1.1300e+02 5.2000e+01 2.7000e+01 1.2900e+02 1.9000e+01 2.3000e+01 3.0000e+00 1.0000e+00 7.8000e+01 8.0000e+00 4.1800e+02 3.0000e+00 0.0000e+00 4.2000e+01 1.8300e+02 1.0000e+00 4.0000e+00 3.0000e+00 2.9800e+02 2.2000e+01 0.0000e+00 1.5500e+02 3.0000e+00 1.0000e+00 7.2000e+01 3.0000e+00 6.6000e+01 3.0000e+00
8.8000e+01 3.1000e+01 3.2000e+01 4.1000e+01 1.9000e+01 4.2000e+01 1.4000e+01 4.1000e+01 6.1000e+01 5.3000e+01 2.2000e+01 3.3000e+01 3.4000e+01 3.3000e+01 2.0000e+01 4.1000e+01 3.4000e+01 3.3000e+01 3.1000e+01 3.3000e+01 3.1000e+01 6.5000e+01 3.0000e+01 3.7000e+01 2.9000e+01 3.3000e+01 2.5000e+01 7.2000e+01 2.7000e+01 1.3000e+01 6.2000e+01 1.9000e+01 1.7400e+02 1.7000e+01 3.8000e+01 2.9000e+01 3.3000e+01 1.5000e+01 1.2000e+01 1.9000e+01 3.3000e+01 3.0000e+01 5.5000e+01 8.9800e+02 2.6000e+01 4.8000e+01 4.8000e+01 3.5000e+01 3.3000e+01 2.1000e+01
3.0000e+00 4.7000e+01 1.4300e+02 0.0000e+00 3.0000e+00 1.0000e+00 3.0000e+00 1.8000e+01 6.6000e+01 1.0000e+00 0.0000e+00 5.0000e+00 4.0700e+02 1.3900e+02 1.0000e+00 3.0000e+00 2.9800e+02 2.4200e+02 3.1400e+03 7.3300e+02 6.0000e+00 3.0000e+00 1.6700e+02 3.0000e+00 2.0000e+00 1.0000e+01 1.0000e+01 2.1400e+02 2.0000e+00 0.0000e+00 6.5000e+01 2.0000e+00 6.4000e+01 0.0000e+00 0.0000e+00 4.0000e+00 1.3250e+03 3.0000e+00 0.0000e+00 1.0000e+00 2.4700e+02 2.4000e+01 1.0000e+00 2.0000e+00 0.0000e+00 2.0000e+00 2.0000e+00 2.0000e+00 3.1000e+01 3.0000e+00
2.3000e+01 3.1000e+01 3.2000e+01 1.1400e+02 1.9000e+01 4.0000e+01 1.4000e+01 5.2000e+01 3.7000e+01 1.7900e+02 1.9000e+01 2.8000e+01 5.1000e+01 3.3000e+01 1.1670e+03 2.4000e+01 4.2000e+01 6.3800e+02 1.0000e+02 9.3000e+01 2.2100e+02 4.5000e+01 3.0000e+01 8.5000e+01 4.4000e+01 5.4000e+01 1.1200e+02 3.8000e+01 1.8000e+01 1.6000e+01 3.1000e+01 8.0000e+01 2.4500e+02 1.7000e+01 1.7000e+01 6.9000e+01 3.3000e+01 2.3000e+01 1.1800e+02 5.8000e+01 3.3000e+01 2.3000e+02 1.3500e+02 3.0000e+01 1.0900e+02 2.7000e+01 2.1700e+02 6.0000e+01 2.5000e+01 9.1000e+01
1.5000e+01 2.0000e+01 2.6000e+01 1.9000e+01 1.3000e+01 1.3650e+03 2.0000e+00 9.3000e+01 2.7000e+01 2.5000e+01 1.1500e+02 6.8000e+01 2.5000e+01 5.9000e+01 1.2000e+02 5.8000e+01 2.5000e+01 6.4000e+01 2.6000e+01 3.2000e+01 3.6000e+01 6.5000e+01 2.8000e+01 6.5000e+02 2.1800e+02 6.8000e+01 4.7000e+01 3.8000e+01 4.9000e+01 1.1000e+01 2.3000e+01 3.2000e+01 4.1000e+01 9.0000e+00 6.3000e+01 7.6000e+01 1.3200e+02 2.4000e+01 1.0000e+00 3.9000e+01 2.7000e+01 2.2000e+01 2.3310e+03 3.6000e+01 2.6000e+01 2.3000e+01 1.1900e+02 7.5000e+01 3.3000e+01 3.4000e+01
0.0000e+00 8.2400e+02 5.5400e+02 0.0000e+00 2.0000e+00 3.0000e+00 2.0000e+00 1.5000e+01 9.5000e+01 1.0000e+00 1.0000e+00 1.1300e+02 6.8100e+02 1.2330e+03 0.0000e+00 0.0000e+00 1.4000e+01 1.9330e+03 9.0000e+00 1.3320e+03 4.0000e+00 5.0000e+00 1.1000e+01 4.0000e+00 4.4100e+02 2.1000e+01 2.0000e+00 1.0800e+02 4.0000e+00 1.0000e+00 7.0000e+00 1.0000e+00 9.0000e+00 5.0000e+00 3.0000e+00 3.0000e+00 8.0000e+00 0.0000e+00 1.0000e+00 1.0000e+00 4.4000e+01 8.1000e+01 5.0000e+00 5.0000e+00 1.0000e+00 4.0000e+00 8.7000e+01 2.0000e+00 8.0000e+00 2.0000e+00
1.0000e+00 3.9000e+01 2.5710e+03 0.0000e+00 6.0000e+00 0.0000e+00 2.0000e+00 1.6000e+01 6.0000e+01 1.0000e+00 4.0000e+00 7.5000e+01 2.0100e+02 2.5100e+02 2.0000e+00 0.0000e+00 1.7200e+02 4.7500e+02 8.2000e+01 9.7000e+01 1.0000e+00 2.0000e+00 5.5000e+01 1.0000e+00 0.0000e+00 2.0000e+01 3.0000e+00 6.2000e+01 2.0000e+00 1.0000e+00 2.8720e+03 1.0000e+00 1.2700e+02 6.0000e+00 0.0000e+00 2.0000e+00 6.7000e+01 3.0000e+00 2.0000e+00 4.0000e+00 9.8000e+01 3.7000e+01 1.0000e+00 6.0000e+00 3.0000e+00 1.0000e+00 0.0000e+00 1.0000e+00 5.2000e+01 1.0000e+00
2.5260e+03 2.4000e+01 9.2000e+01 1.3000e+01 7.8000e+01 1.4000e+01 9.0000e+00 2.0000e+01 4.2000e+01 5.9000e+01 5.9000e+01 2.3000e+01 2.0000e+01 1.3700e+02 3.8000e+01 1.1000e+01 3.5000e+01 2.3000e+01 9.1000e+01 1.9000e+01 1.5570e+03 1.9000e+01 1.0800e+02 1.5000e+01 2.5600e+02 1.1600e+02 2.3000e+01 1.9000e+01 2.5000e+01 1.5000e+01 5.0000e+01 1.1000e+01 1.8000e+01 1.0000e+01 2.0000e+01 3.6000e+01 2.3000e+01 9.0000e+00 7.0000e+00 7.0000e+00 1.9000e+01 9.2000e+01 1.0000e+01 1.5000e+01 8.4000e+01 1.6600e+02 1.1600e+02 7.6600e+02 4.3000e+01 2.8000e+01
2.0000e+00 3.8000e+01 3.0000e+01 0.0000e+00 2.0000e+00 2.0000e+00 0.0000e+00 1.0000e+01 2.1680e+03 0.0000e+00 1.0000e+00 1.0000e+00 5.6700e+02 9.6000e+01 2.0000e+00 3.0000e+00 2.1800e+02 4.7200e+02 1.1900e+02 3.3000e+01 1.0000e+00 2.0000e+00 6.4000e+01 3.0000e+00 4.0000e+00 3.0000e+00 1.1000e+01 2.0220e+03 0.0000e+00 1.0000e+00 3.2000e+01 1.0000e+00 1.1000e+01 5.0000e+00 3.0000e+00 2.0000e+00 7.1600e+02 0.0000e+00 1.0000e+00 1.0000e+00 7.0200e+02 2.0000e+01 0.0000e+00 3.0000e+00 0.0000e+00 2.0000e+00 1.0000e+00 3.0000e+00 3.1000e+01 1.0000e+00
2.0000e+01 3.1000e+01 4.0000e+01 2.2000e+01 8.6000e+01 3.0000e+01 1.9000e+01 3.3000e+01 4.6000e+01 7.0000e+01 1.9000e+01 4.4000e+01 5.1000e+01 3.8000e+01 4.1000e+01 5.3000e+01 7.2000e+01 3.3000e+01 4.4000e+01 4.5000e+01 1.8600e+02 3.6000e+01 3.0000e+01 3.0000e+01 4.8000e+01 3.7000e+01 8.8000e+01 9.5000e+01 2.4000e+01 1.9000e+01 4.7000e+01 4.9000e+01 3.1000e+01 1.7000e+01 2.3000e+01 6.0000e+01 5.7000e+01 1.5000e+01 4.5000e+01 1.2000e+01 3.3000e+01 3.0000e+01 1.4900e+02 2.6000e+01 8.6000e+01 1.8000e+01 2.9000e+01 5.5000e+01 2.5000e+01 2.7000e+01
2.9000e+01 4.6000e+01 4.4000e+01 2.9000e+01 1.9000e+01 3.5000e+01 2.4100e+02 4.8000e+01 5.3000e+01 4.1000e+01 6.1000e+01 3.3000e+01 3.4000e+01 7.1000e+01 3.0000e+01 4.7000e+01 7.2000e+01 3.6000e+02 4.7000e+01 4.1000e+01 3.4000e+01 3.0000e+01 2.8200e+02 3.0000e+01 4.8000e+01 4.7000e+01 8.0000e+01 3.3000e+01 2.7000e+01 3.6000e+01 7.5000e+01 2.2000e+01 3.1000e+01 2.6000e+01 3.2000e+01 8.2000e+01 3.3000e+01 4.6000e+01 1.2000e+01 1.4550e+03 3.3000e+01 3.0000e+01 2.0000e+01 2.6000e+01 1.9000e+01 5.7000e+01 7.7000e+01 4.4000e+01 3.9000e+01 2.4000e+01
1.0000e+02 3.5000e+01 3.6000e+01 3.1000e+02 4.9000e+01 3.8000e+01 3.5000e+01 6.2000e+01 8.8000e+01 9.1000e+01 4.9000e+01 7.9600e+02 3.9000e+01 8.2000e+01 3.1900e+02 1.1510e+03 5.8000e+01 8.8000e+01 9.1000e+01 6.0000e+01 2.3400e+02 5.5000e+01 8.3000e+01 5.3000e+01 2.5800e+02 7.0000e+01 1.1200e+02 5.7000e+01 3.5000e+01 6.6200e+02 7.2000e+01 3.6000e+01 7.5000e+01 2.0000e+01 2.8900e+02 5.7300e+02 6.5000e+01 6.5000e+01 1.4700e+02 2.3000e+01 8.5000e+01 5.6000e+01 1.4100e+02 5.4000e+01 7.0000e+01 1.5100e+02 1.2300e+02 3.5000e+01 6.7000e+01 6.0000e+01
2.4000e+01 2.8000e+01 1.7900e+02 1.2300e+02 1.0000e+02 8.1000e+01 1.0900e+02 4.3000e+01 6.6000e+01 3.7000e+01 9.4000e+01 3.6000e+01 5.6000e+01 8.4000e+01 4.4300e+02 6.8000e+01 4.5000e+01 1.5400e+02 2.5000e+01 5.0000e+01 6.7000e+01 4.0000e+01 9.0000e+01 9.6000e+01 4.0000e+01 7.0000e+01 1.5830e+03 4.5000e+01 7.9000e+01 3.1000e+01 2.5000e+01 1.5000e+01 6.8400e+02 1.9000e+01 1.4000e+01 3.2000e+01 3.8000e+01 2.4000e+01 1.8000e+01 2.7000e+01 5.7000e+01 7.5000e+01 3.3000e+01 2.5700e+03 2.4000e+01 2.3000e+01 1.0200e+02 1.5500e+02 3.0000e+01 2.3000e+01
3.2000e+01 3.9000e+01 5.9000e+01 2.2000e+01 4.4000e+01 2.3000e+01 1.2000e+01 1.1000e+02 2.1000e+02 2.8000e+01 2.2000e+01 4.7000e+01 4.3000e+01 3.8000e+01 9.0000e+01 2.4000e+01 3.8000e+01 3.3000e+01 4.0000e+01 4.1000e+01 1.1400e+02 2.1000e+01 3.5000e+01 4.0000e+01 4.4000e+01 2.9000e+01 3.6000e+01 3.3000e+01 3.5000e+01 3.8000e+01 5.5000e+01 2.5000e+01 3.6000e+01 1.7000e+01 2.0000e+01 3.5000e+01 3.3000e+01 2.8000e+01 2.5000e+01 1.2000e+01 3.3000e+01 3.8000e+01 5.3000e+01 4.1000e+01 1.6000e+01 1.8000e+01 5.1000e+01 2.2000e+01 3.6000e+01 3.6000e+01
2.8900e+02 1.7000e+01 5.8000e+01 1.8310e+03 3.0000e+01 1.5000e+01 2.0000e+00 6.7000e+01 2.2500e+02 4.9000e+01 1.0100e+02 5.8000e+01 4.7000e+01 5.7000e+01 1.2000e+02 7.5000e+01 6.5000e+01 1.8000e+01 3.1000e+01 2.4000e+01 2.8400e+02 2.8200e+02 4.0000e+01 5.2000e+01 3.2000e+01 5.8000e+01 4.9000e+01 2.1000e+01 2.4000e+01 7.5000e+01 3.1000e+01 1.5500e+02 2.6000e+01 4.8000e+01 4.4000e+01 3.9000e+01 1.8000e+01 2.9000e+01 1.0000e+00 1.5000e+01 2.6600e+03 3.7000e+01 7.1000e+01 6.7000e+01 1.5000e+01 2.1000e+01 6.7000e+01 2.8000e+01 3.3000e+01 1.6000e+01
2.3000e+01 4.3000e+01 6.2000e+01 8.5000e+01 2.8000e+01 6.9000e+01 2.3000e+01 6.5000e+01 6.4000e+01 9.1000e+01 5.4000e+01 1.9100e+02 9.4000e+01 5.0000e+01 1.2600e+02 2.1000e+01 9.3000e+01 5.0000e+01 1.5300e+02 1.3600e+02 5.7000e+01 5.8000e+01 6.4000e+01 1.9700e+02 9.2000e+01 3.7000e+01 7.5000e+01 3.8000e+01 1.3000e+02 3.1600e+02 6.5000e+01 7.5000e+01 4.4000e+01 2.8000e+01 6.7000e+01 7.7000e+01 5.4000e+01 1.5430e+03 1.6600e+02 1.2000e+01 8.8000e+01 3.8000e+01 1.0300e+02 6.3000e+01 1.6000e+01 2.4000e+01 1.0300e+02 6.5000e+01 4.3000e+01 5.8000e+01
1.2000e+01 3.6000e+01 2.0000e+01 1.8000e+01 7.8000e+01 1.0000e+00 1.0000e+00 2.6000e+01 2.9000e+01 3.7450e+03 1.2000e+01 2.4000e+01 5.5000e+01 1.4000e+01 1.3000e+01 0.0000e+00 1.4000e+01 1.9000e+01 2.0000e+01 7.3000e+01 1.6000e+01 1.6000e+01 2.1000e+01 1.3000e+01 1.0000e+01 3.8000e+01 3.0000e+01 1.9800e+02 3.3000e+01 4.0000e+00 2.9000e+01 2.2000e+01 2.0060e+03 2.0000e+00 0.0000e+00 1.6700e+02 1.9000e+01 3.0000e+00 0.0000e+00 1.0000e+00 1.9000e+01 2.1000e+01 2.0000e+00 6.1000e+01 1.0000e+00 1.2000e+01 7.6000e+01 1.7000e+01 1.3000e+01 1.1000e+01
