9.0476e-01 1.6667e-01 0.0000e+00 7.5258e-01 5.4795e-01 5.5556e-01 0.0000e+00 1.6667e-01 9.0611e-01 9.7475e-01
3.0000e-01 3.8462e-01 1.6667e-01 9.9849e-01 5.8333e-01 2.5000e-01 7.5342e-01 1.0000e-01 0.0000e+00 9.6688e-01
9.7663e-01 2.5000e-01 0.0000e+00 6.7164e-01 7.8698e-01 5.8000e-01 9.7099e-01 7.8676e-01 5.6250e-01 3.8889e-01
9.0000e-01 1.0000e+00 8.1250e-01 5.5556e-01 6.3107e-01 9.7867e-01 0.0000e+00 3.6842e-01 5.3333e-01 7.2414e-01
0.0000e+00 2.6667e-01 8.8118e-01 6.8396e-01 2.3077e-01 9.0909e-02 1.0000e-01 6.0664e-01 0.0000e+00 4.7619e-01
6.0976e-01 5.0000e-01 1.4286e-01 2.8571e-01 5.7759e-01 4.4000e-01 9.6524e-01 7.4380e-01 2.9412e-01 5.7500e-01
8.2385e-01 3.1579e-01 2.1429e-01 1.5385e-01 6.2310e-01 5.2439e-01 5.0000e-01 3.0000e-01 2.6087e-01 3.8710e-01
5.6410e-01 9.6617e-01 9.6296e-01 2.3077e-01 0.0000e+00 3.3333e-01 6.8421e-01 8.2815e-01 4.5455e-01 0.0000e+00
2.0000e-01 4.4118e-01 0.0000e+00 7.7657e-01 4.7586e-01 0.0000e+00 9.0909e-02 5.0450e-01 7.3429e-01 4.2105e-01
0.0000e+00 9.9439e-01 2.7273e-01 1.1111e-01 1.4286e-01 2.6667e-01 2.8571e-01 3.0000e-01 3.7500e-01 4.6429e-01
