8.4000e+01 8.4000e+01 7.3000e+01 6.0000e+01 7.0000e+01 7.0000e+01 6.6000e+01 7.5000e+01 5.3470e+03 7.6000e+01 7.1000e+01 7.4000e+01 8.0000e+01 8.2000e+01 8.7000e+01 5.9000e+01 6.7000e+01 7.4000e+01 7.5000e+01 6.5000e+01 7.5000e+01 5.3360e+03 2.2830e+03 5.3270e+03 6.9000e+01 7.6000e+01 9.1000e+01 5.4000e+01 7.1000e+01 5.1610e+03 6.6000e+01 6.4000e+01 7.5000e+01 7.4000e+01 7.8000e+01 6.0000e+01 7.9000e+01 6.9000e+01 6.7000e+01 7.1000e+01 5.3240e+03 8.0000e+01 6.6000e+01 6.5000e+01 5.2000e+01 6.6000e+01 7.2000e+01 8.0000e+01 7.3000e+01 8.3000e+01
7.4000e+01 7.0000e+01 9.1000e+01 7.8000e+01 7.6000e+01 7.0000e+01 7.3000e+01 5.3430e+03 6.4000e+01 7.8000e+01 6.2000e+01 7.1000e+01 6.0000e+01 5.5000e+01 5.3890e+03 6.4000e+01 6.6000e+01 5.4340e+03 7.9000e+01 6.8000e+01 7.9000e+01 7.4000e+01 8.7000e+01 7.6000e+01 8.5000e+01 7.2000e+01 7.5000e+01 7.7000e+01 7.5000e+01 5.9000e+01 6.5000e+01 6.9000e+01 6.5000e+01 7.1000e+01 7.5000e+01 1.8210e+03 7.5000e+01 7.3000e+01 8.1000e+01 6.3000e+01 6.2000e+01 9.5000e+01 5.3010e+03 7.1000e+01 5.3000e+01 5.4000e+01 5.5000e+01 4.8000e+01 7.9000e+01 4.8000e+01
9.2000e+01 7.5000e+01 5.3530e+03 7.2000e+01 8.4000e+01 7.9000e+01 5.0580e+03 6.5000e+01 6.8000e+01 6.8000e+01 5.4770e+03 6.5000e+01 6.5000e+01 8.2000e+01 6.4000e+01 6.2000e+01 7.7000e+01 6.2000e+01 7.5000e+01 7.2000e+01 7.5000e+01 6.5000e+01 6.6000e+01 6.1000e+01 7.2000e+01 6.8000e+01 7.0000e+01 6.8000e+01 7.3000e+01 8.2000e+01 6.6000e+01 5.4300e+03 5.2940e+03 5.5000e+01 7.0000e+01 8.0000e+01 6.3000e+01 7.2000e+01 8.0000e+01 7.1000e+01 7.4000e+01 7.4000e+01 5.9000e+01 7.2000e+01 9.7000e+01 6.8000e+01 7.9000e+01 8.9000e+01 6.3000e+01 9.3000e+01
6.9000e+01 6.9000e+01 9.0000e+01 6.0000e+01 5.7000e+01 7.7000e+01 8.8000e+01 8.1000e+01 7.2000e+01 6.1000e+01 7.6000e+01 8.8000e+01 8.0000e+01 6.7000e+01 6.1000e+01 6.3000e+01 7.0000e+01 7.3000e+01 7.3000e+01 7.3000e+01 7.5000e+01 7.6000e+01 6.2000e+01 1.4100e+02 5.3630e+03 6.8000e+01 6.9000e+01 5.3230e+03 9.4000e+01 6.5000e+01 5.3650e+03 6.0000e+01 6.2000e+01 7.8000e+01 7.0000e+01 6.7000e+01 8.0000e+01 7.2000e+01 5.1150e+03 7.1000e+01 8.0000e+01 7.5000e+01 6.8000e+01 7.8000e+01 7.3000e+01 5.3460e+03 7.3000e+01 6.2000e+01 8.2000e+01 6.6000e+01
6.6000e+01 7.0000e+01 4.9000e+01 7.7000e+01 8.6000e+01 6.0000e+01 7.0000e+01 6.7000e+01 7.0000e+01 7.1000e+01 7.1000e+01 8.1000e+01 5.3800e+03 7.7000e+01 6.3000e+01 6.4000e+01 5.3910e+03 7.9000e+01 8.2000e+01 3.1620e+03 6.8000e+01 8.1000e+01 8.0000e+01 6.3000e+01 6.6000e+01 6.1000e+01 2.6510e+03 8.6000e+01 6.8000e+01 8.4000e+01 5.7000e+01 7.7000e+01 7.2000e+01 6.9000e+01 5.2170e+03 6.9000e+01 7.6000e+01 6.8000e+01 7.5000e+01 8.0000e+01 6.2000e+01 7.5000e+01 8.6000e+01 6.1000e+01 7.2000e+01 7.3000e+01 6.3000e+01 7.2000e+01 8.1000e+01 5.3540e+03
7.0000e+01 7.5000e+01 8.2000e+01 7.8000e+01 8.0000e+01 7.2000e+01 7.5000e+01 6.9000e+01 5.9000e+01 6.0000e+01 6.6000e+01 7.2000e+01 7.1000e+01 7.9000e+01 6.5000e+01 6.3000e+01 7.5000e+01 5.3000e+01 5.3470e+03 6.1000e+01 7.1000e+01 7.4000e+01 3.0070e+03 6.0000e+01 7.6000e+01 7.7000e+01 7.1000e+01 7.0000e+01 7.6000e+01 6.1000e+01 7.2000e+01 6.9000e+01 5.3000e+01 7.3000e+01 8.3000e+01 7.2000e+01 1.1700e+02 5.4140e+03 1.0800e+02 5.4370e+03 9.3000e+01 5.3330e+03 5.1000e+01 7.9000e+01 5.4180e+03 7.5000e+01 6.3000e+01 7.5000e+01 8.9000e+01 7.9000e+01
5.3050e+03 7.3000e+01 7.1000e+01 7.1000e+01 5.3130e+03 7.7000e+01 5.7300e+02 7.5000e+01 7.0000e+01 5.2150e+03 8.4000e+01 8.3000e+01 6.4000e+01 5.5000e+01 8.0000e+01 5.2860e+03 6.5000e+01 6.6000e+01 6.9000e+01 7.5000e+01 7.8000e+01 5.5000e+01 6.3000e+01 6.7000e+01 7.3000e+01 6.8000e+01 6.1000e+01 8.2000e+01 7.3000e+01 6.7000e+01 7.1000e+01 6.8000e+01 7.7000e+01 8.2000e+01 7.3000e+01 8.4000e+01 6.7000e+01 7.9000e+01 6.2000e+01 6.3000e+01 7.5000e+01 8.2000e+01 6.5000e+01 6.9000e+01 5.9000e+01 8.7000e+01 8.8000e+01 5.2360e+03 8.0000e+01 7.3000e+01
7.5000e+01 9.2000e+01 7.4000e+01 7.4000e+01 6.7000e+01 7.4000e+01 7.7000e+01 7.2000e+01 8.1000e+01 6.7000e+01 7.2000e+01 1.1700e+02 8.1000e+01 5.3660e+03 6.0000e+01 8.0000e+01 7.4000e+01 7.4000e+01 7.5000e+01 2.2250e+03 9.8000e+01 7.3000e+01 5.9000e+01 8.2000e+01 7.2000e+01 6.8000e+01 7.7000e+01 6.3000e+01 5.4920e+03 7.3000e+01 9.2000e+01 6.8000e+01 8.5000e+01 5.2690e+03 7.3000e+01 3.4830e+03 8.8000e+01 8.2000e+01 7.7000e+01 8.5000e+01 8.3000e+01 5.8000e+01 7.5000e+01 8.2000e+01 7.9000e+01 8.0000e+01 6.1000e+01 5.2000e+01 5.4980e+03 6.9000e+01
7.2000e+01 5.2870e+03 7.6000e+01 5.1740e+03 5.2000e+01 7.3000e+01 6.8000e+01 7.2000e+01 8.1000e+01 6.4000e+01 7.2000e+01 6.4000e+01 6.2000e+01 7.3000e+01 5.9000e+01 7.5000e+01 6.3000e+01 7.6000e+01 7.3000e+01 7.2000e+01 6.6000e+01 7.9000e+01 6.8000e+01 6.2000e+01 7.3000e+01 7.3000e+01 7.4000e+01 5.4000e+01 6.7000e+01 8.5000e+01 8.4000e+01 6.8000e+01 7.6000e+01 6.6000e+01 6.6000e+01 8.1000e+01 5.3440e+03 6.1000e+01 7.7000e+01 6.9000e+01 6.5000e+01 7.4000e+01 6.8000e+01 5.2150e+03 6.4000e+01 6.9000e+01 5.4950e+03 7.1000e+01 6.8000e+01 7.2000e+01
6.5000e+01 6.9000e+01 8.3000e+01 8.0000e+01 7.3000e+01 5.4120e+03 6.9000e+01 7.1000e+01 6.3000e+01 7.5000e+01 7.7000e+01 5.2350e+03 7.7000e+01 7.2000e+01 5.7000e+01 9.3000e+01 6.0000e+01 7.5000e+01 6.8000e+01 7.2000e+01 5.4250e+03 8.3000e+01 8.0000e+01 8.5000e+01 7.6000e+01 5.3970e+03 2.8180e+03 8.4000e+01 5.4000e+01 2.5600e+02 5.9000e+01 7.9000e+01 8.0000e+01 6.6000e+01 7.3000e+01 7.0000e+01 6.5000e+01 7.1000e+01 3.5700e+02 7.6000e+01 6.7000e+01 6.4000e+01 7.6000e+01 6.6000e+01 7.5000e+01 7.3000e+01 7.5000e+01 6.0000e+01 8.1000e+01 7.5000e+01
