5.9000e+01 4.1000e+01 5.7000e+01 4.7000e+01 2.8000e+01 0.0000e+00 3.5000e+01 1.9000e+01 5.2450e+03 7.6000e+01 5.9000e+01 7.1000e+01 6.0000e+01 7.4000e+01 6.4000e+01 3.2000e+01 5.0000e+01 3.8000e+01 4.9000e+01 3.2000e+01 3.9000e+01 5.1730e+03 2.1760e+03 5.2960e+03 3.6000e+01 7.2000e+01 7.1000e+01 3.3000e+01 3.5000e+01 4.5410e+03 5.5000e+01 3.0000e+01 6.3000e+01 7.4000e+01 3.9000e+01 3.0000e+01 6.8000e+01 5.4000e+01 3.2000e+01 6.6000e+01 4.9120e+03 3.3000e+01 6.5000e+01 6.4000e+01 1.3000e+01 2.2000e+01 2.2000e+01 3.8000e+01 3.2000e+01 5.9000e+01
2.2000e+01 1.8000e+01 4.8000e+01 2.0000e+00 1.2000e+01 2.0000e+01 3.0000e+00 2.5760e+03 1.4000e+01 3.0000e+01 1.2000e+01 1.4000e+01 1.7000e+01 2.0000e+00 2.8810e+03 7.0000e+00 2.4000e+01 2.1990e+03 2.4000e+01 2.0000e+01 2.8000e+01 3.0000e+01 3.2000e+01 1.2000e+01 2.9000e+01 2.5000e+01 1.6000e+01 1.6000e+01 4.0000e+01 9.0000e+00 2.0000e+01 3.2000e+01 1.1000e+01 1.7000e+01 3.3000e+01 9.2200e+02 1.4000e+01 1.2000e+01 1.6000e+01 1.0000e+01 6.0000e+00 7.0000e+00 3.0230e+03 3.1000e+01 1.0000e+01 1.3000e+01 2.0000e+00 0.0000e+00 8.0000e+00 2.2000e+01
7.9000e+01 5.0000e+01 5.3100e+03 1.5000e+01 5.0000e+00 3.7000e+01 5.0580e+03 3.4000e+01 1.7000e+01 2.5000e+01 5.1790e+03 4.0000e+00 8.0000e+00 1.1000e+01 4.2000e+01 0.0000e+00 8.0000e+00 9.0000e+00 4.5000e+01 3.8000e+01 2.2000e+01 7.0000e+00 3.8000e+01 3.0000e+00 5.0000e+01 3.5000e+01 4.7000e+01 2.0000e+01 6.8000e+01 2.3000e+01 3.6000e+01 5.4300e+03 4.3350e+03 2.4000e+01 1.3000e+01 5.2000e+01 1.4000e+01 4.9000e+01 1.5000e+01 6.0000e+01 1.4000e+01 1.9000e+01 2.0000e+00 3.6000e+01 4.8000e+01 1.9000e+01 4.0000e+00 8.9000e+01 3.4000e+01 8.5000e+01
2.7000e+01 2.8000e+01 5.0000e+00 1.2000e+01 3.0000e+00 4.2000e+01 2.0000e+01 7.0000e+00 6.0000e+00 2.5000e+01 2.6000e+01 4.6000e+01 2.0000e+01 3.2000e+01 3.0000e+00 6.0000e+00 6.0000e+00 2.2000e+01 2.3000e+01 3.2000e+01 5.5000e+01 3.7000e+01 3.1000e+01 9.0000e+01 3.8440e+03 4.7000e+01 4.7000e+01 3.3290e+03 5.2000e+01 3.0000e+01 4.5490e+03 3.5000e+01 3.6000e+01 5.5000e+01 5.0000e+01 4.0000e+01 2.3000e+01 3.4000e+01 3.8420e+03 1.7000e+01 3.7000e+01 4.3000e+01 1.6000e+01 1.4000e+01 3.8000e+01 4.1310e+03 3.4000e+01 3.6000e+01 5.0000e+01 3.7000e+01
3.4000e+01 5.5000e+01 3.4000e+01 3.2000e+01 5.3000e+01 3.3000e+01 2.8000e+01 5.2000e+01 1.0000e+01 3.3000e+01 4.7000e+01 4.9000e+01 4.3580e+03 2.0000e+01 2.5000e+01 2.7000e+01 4.3430e+03 3.4000e+01 3.3000e+01 1.8510e+03 4.5000e+01 4.2000e+01 2.0000e+01 1.3000e+01 2.7000e+01 2.9000e+01 2.3910e+03 3.6000e+01 5.7000e+01 2.6000e+01 2.7000e+01 5.5000e+01 3.9000e+01 2.1000e+01 4.7290e+03 5.1000e+01 4.1000e+01 3.4000e+01 4.4000e+01 3.1000e+01 3.9000e+01 5.2000e+01 2.8000e+01 2.3000e+01 3.0000e+01 3.0000e+01 4.2000e+01 3.6000e+01 5.1000e+01 4.6330e+03
7.0000e+01 7.5000e+01 8.2000e+01 7.6000e+01 7.1000e+01 3.3000e+01 4.7000e+01 6.5000e+01 4.9000e+01 5.9000e+01 5.2000e+01 5.8000e+01 6.7000e+01 5.8000e+01 3.8000e+01 2.0000e+00 5.2000e+01 7.0000e+00 3.8010e+03 4.0000e+00 6.8000e+01 7.4000e+01 3.0010e+03 5.9000e+01 7.6000e+01 6.3000e+01 6.8000e+01 4.6000e+01 7.3000e+01 5.0000e+00 6.9000e+01 5.7000e+01 3.2000e+01 6.5000e+01 8.2000e+01 7.0000e+01 1.0800e+02 5.2110e+03 1.0700e+02 5.4100e+03 8.8000e+01 5.1450e+03 4.7000e+01 7.8000e+01 5.3750e+03 5.0000e+01 2.6000e+01 6.8000e+01 5.3000e+01 4.2000e+01
5.1780e+03 2.1000e+01 6.0000e+01 4.8000e+01 4.8700e+03 2.2000e+01 5.5300e+02 7.5000e+01 1.7000e+01 4.7730e+03 2.3000e+01 7.0000e+00 1.4000e+01 2.6000e+01 2.0000e+01 3.9370e+03 4.9000e+01 3.0000e+00 5.0000e+00 3.8000e+01 6.0000e+01 0.0000e+00 2.8000e+01 1.5000e+01 5.8000e+01 2.5000e+01 2.0000e+00 4.5000e+01 6.1000e+01 1.4000e+01 2.2000e+01 4.9000e+01 2.1000e+01 3.0000e+00 1.0000e+00 7.5000e+01 2.2000e+01 4.0000e+00 3.7000e+01 5.0000e+01 5.7000e+01 2.5000e+01 5.9000e+01 1.2000e+01 6.0000e+00 2.9000e+01 2.4000e+01 5.1460e+03 6.2000e+01 5.0000e+00
2.4000e+01 5.2000e+01 4.8000e+01 2.9000e+01 5.1000e+01 3.1000e+01 3.5000e+01 4.0000e+01 5.8000e+01 4.2000e+01 3.2000e+01 9.4000e+01 1.5000e+01 4.1330e+03 4.1000e+01 3.2000e+01 3.7000e+01 3.0000e+01 1.8000e+01 1.1190e+03 7.8000e+01 2.5000e+01 1.7000e+01 2.2000e+01 2.1000e+01 2.2000e+01 6.2000e+01 3.0000e+01 4.6290e+03 2.3000e+01 5.2000e+01 3.8000e+01 5.5000e+01 4.6480e+03 5.6000e+01 2.8800e+03 1.1000e+01 4.2000e+01 5.2000e+01 3.6000e+01 5.4000e+01 1.3000e+01 1.3000e+01 1.3000e+01 2.7000e+01 6.0000e+01 3.4000e+01 1.8000e+01 4.0290e+03 5.3000e+01
5.0000e+01 4.8580e+03 5.7000e+01 4.9000e+03 4.1000e+01 6.7000e+01 4.8000e+01 5.2000e+01 4.0000e+01 3.6000e+01 4.8000e+01 5.4000e+01 4.5000e+01 6.2000e+01 4.2000e+01 2.9000e+01 4.1000e+01 3.7000e+01 4.4000e+01 3.7000e+01 4.4000e+01 3.9000e+01 5.1000e+01 3.5000e+01 4.9000e+01 5.1000e+01 6.0000e+01 2.3000e+01 5.2000e+01 6.2000e+01 4.3000e+01 4.5000e+01 5.6000e+01 4.3000e+01 5.7000e+01 5.0000e+01 4.7370e+03 3.6000e+01 2.4000e+01 4.1000e+01 4.3000e+01 4.3000e+01 5.5000e+01 4.8030e+03 4.1000e+01 5.2000e+01 4.4110e+03 4.8000e+01 4.6000e+01 5.1000e+01
4.3000e+01 1.2000e+01 6.3000e+01 6.0000e+00 9.0000e+00 4.3290e+03 1.9000e+01 1.8000e+01 6.0000e+00 5.1000e+01 4.8000e+01 4.2910e+03 1.2000e+01 2.6000e+01 8.0000e+00 2.0000e+01 3.3000e+01 3.7000e+01 2.8000e+01 3.1000e+01 4.4760e+03 2.7000e+01 3.7000e+01 2.3000e+01 4.7000e+01 4.4220e+03 2.3450e+03 4.3000e+01 2.5000e+01 1.4900e+02 2.9000e+01 5.5000e+01 5.0000e+00 3.8000e+01 3.6000e+01 1.6000e+01 5.0000e+00 3.9000e+01 2.5100e+02 1.0000e+01 3.8000e+01 3.0000e+01 3.2000e+01 1.8000e+01 4.9000e+01 3.4000e+01 3.6000e+01 3.9000e+01 3.8000e+01 5.5000e+01
