2.0200e+02 8.0000e+00 1.0000e+01 1.1200e+02 5.9000e+01 4.7000e+01 1.3000e+01 8.0000e+00 9.6860e+03 6.2970e+03
8.0000e+00 8.0000e+00 6.0000e+00 1.0004e+04 1.2100e+02 8.0000e+00 1.1100e+02 8.0000e+00 7.0000e+00 3.6700e+03
9.3800e+03 2.0000e+01 1.0000e+01 0.0000e+00 8.7120e+03 2.1000e+01 6.7390e+03 3.2300e+02 6.1000e+01 0.0000e+00
8.2000e+01 8.4000e+01 1.7100e+02 0.0000e+00 8.4500e+02 9.7170e+03 1.6000e+01 6.7000e+01 1.3000e+01 0.0000e+00
6.0000e+00 8.0000e+00 4.8400e+02 0.0000e+00 1.4000e+01 0.0000e+00 6.0000e+00 8.3000e+01 1.1000e+01 0.0000e+00
6.2000e+01 1.9000e+01 8.0000e+00 0.0000e+00 3.0000e+01 0.0000e+00 3.1990e+03 5.1700e+02 1.1000e+01 0.0000e+00
1.8500e+02 2.4000e+01 8.0000e+00 0.0000e+00 2.5500e+02 0.0000e+00 0.0000e+00 1.8000e+01 2.9000e+01 0.0000e+00
3.1000e+01 6.9700e+03 9.3560e+03 0.0000e+00 9.0000e+00 0.0000e+00 0.0000e+00 8.8220e+03 2.3000e+01 0.0000e+00
1.0000e+01 1.6000e+01 1.2000e+01 0.0000e+00 4.0000e+01 0.0000e+00 0.0000e+00 7.6000e+01 1.0800e+02 0.0000e+00
6.0000e+00 2.8310e+03 8.0000e+00 0.0000e+00 9.0000e+00 0.0000e+00 0.0000e+00 2.0000e+01 2.2000e+01 0.0000e+00
