9.3243e-01 3.3333e-01 5.0000e-01 7.6364e-01 5.5696e-01 4.8148e-01 1.4286e-01 2.3077e-01 9.0973e-01 9.7186e-01
0.0000e+00 6.6667e-01 1.6667e-01 9.9720e-01 5.7778e-01 0.0000e+00 8.3673e-01 0.0000e+00 0.0000e+00 9.7118e-01
9.7228e-01 5.7143e-01 0.0000e+00 5.0000e-01 7.8154e-01 6.0714e-01 9.6856e-01 7.8625e-01 5.5556e-01 4.5455e-01
7.6471e-01 8.5714e-01 7.1429e-01 6.6667e-01 7.1478e-01 9.7740e-01 0.0000e+00 5.2632e-01 1.2500e-01 9.1667e-01
0.0000e+00 0.0000e+00 8.8100e-01 6.5563e-01 3.5417e-01 2.3529e-01 0.0000e+00 5.6738e-01 1.8750e-01 3.4783e-01
7.0833e-01 4.5455e-01 1.6667e-01 0.0000e+00 4.2857e-01 4.6154e-01 9.6935e-01 7.7164e-01 1.1111e-01 4.5833e-01
8.2817e-01 4.3750e-01 2.5000e-01 1.5385e-01 6.3450e-01 5.7009e-01 5.0000e-01 1.6667e-01 5.6250e-01 5.6250e-01
5.8140e-01 9.7321e-01 9.6176e-01 1.8182e-01 8.3333e-02 3.6364e-01 3.8889e-01 8.2860e-01 4.2308e-01 0.0000e+00
1.4286e-01 3.3333e-01 1.5385e-01 7.5441e-01 4.8387e-01 7.6923e-02 1.4286e-01 5.5556e-01 7.2505e-01 4.4898e-01
0.0000e+00 9.9527e-01 0.0000e+00 2.3077e-01 2.3810e-01 1.0000e-01 2.5000e-01 5.0000e-01 4.0000e-01 6.5789e-01
