2.0000e+01 3.1000e+01 9.0000e+00 6.6000e+01 1.2000e+01 5.0000e+00 1.1000e+01 1.1000e+01 5.2900e+03 6.1000e+01 8.0000e+00 1.0000e+01 6.4000e+01 8.1300e+02 2.6000e+01 3.0000e+01 8.2000e+01 4.7000e+01 5.3700e+02 5.7000e+01 1.2000e+01 3.1050e+03 4.1000e+03 4.9390e+03 4.7000e+01 1.3000e+01 8.0000e+00 1.2500e+02 7.0000e+00 3.7120e+03 1.0000e+01 1.4000e+01 2.7390e+03 1.6000e+01 9.0000e+00 1.0000e+01 8.1600e+02 1.0700e+02 3.5000e+01 1.1050e+03 2.2530e+03 1.2000e+01 1.1000e+01 1.0500e+02 9.0000e+00 7.0000e+00 1.0000e+01 7.0000e+00 2.5000e+01 6.0000e+00
3.9000e+01 1.1300e+02 2.7570e+03 2.3000e+01 3.9000e+01 6.8000e+01 1.9000e+01 5.2300e+02 3.1000e+01 3.8200e+02 2.6000e+01 3.7000e+01 8.0000e+01 2.2000e+01 5.6100e+03 3.5000e+01 8.9000e+01 5.3900e+03 3.9790e+03 8.5000e+01 1.1900e+02 2.2730e+03 4.2000e+02 5.9000e+01 4.2400e+02 1.5900e+02 4.5000e+01 7.9000e+01 7.1300e+02 7.8000e+01 9.2000e+01 4.4200e+02 4.2000e+01 3.1000e+01 2.7100e+02 9.2100e+02 3.8000e+01 3.5000e+01 3.4000e+01 2.5000e+01 2.6000e+01 2.9000e+01 5.7170e+03 2.9900e+02 4.1000e+01 6.3000e+01 2.7000e+01 2.2000e+01 4.7000e+01 5.4100e+02
5.2800e+02 7.0000e+01 2.1550e+03 9.0000e+00 1.3000e+01 1.2000e+01 5.2640e+03 2.2000e+01 1.7000e+01 1.2000e+01 5.4260e+03 7.0000e+00 1.1000e+01 1.0000e+01 5.6000e+01 1.1000e+01 8.0000e+00 1.7000e+01 8.5000e+01 2.1400e+02 7.0000e+00 8.0000e+00 5.6000e+01 1.2000e+01 8.7000e+01 2.4000e+01 2.8000e+01 3.6000e+01 1.2560e+03 2.7000e+01 2.0000e+01 5.0440e+03 1.5550e+03 7.0000e+00 5.0000e+00 1.8000e+01 1.0000e+01 1.1600e+02 1.5000e+01 2.5300e+02 1.2000e+01 1.5000e+01 8.0000e+00 1.3000e+01 2.7000e+01 7.0000e+00 9.0000e+00 4.9580e+03 5.2000e+01 5.1200e+02
3.4000e+01 3.1000e+01 1.0000e+01 1.0000e+01 1.6000e+01 7.6000e+01 1.8000e+01 1.0000e+01 1.4000e+01 7.3000e+01 5.8000e+01 4.3000e+01 1.1000e+01 3.2000e+01 1.0000e+01 3.0000e+01 1.6000e+01 8.8000e+01 1.1100e+02 8.0100e+02 5.0900e+02 4.3000e+01 1.5800e+02 1.3600e+02 3.0770e+03 1.4300e+02 5.4800e+02 4.7910e+03 1.3500e+02 1.6300e+02 5.6460e+03 1.0000e+01 1.0700e+02 5.6000e+02 1.2600e+02 1.2400e+02 5.1000e+01 6.2000e+01 4.7930e+03 1.9000e+01 7.7000e+01 2.1300e+02 1.2000e+01 1.6000e+01 8.7000e+01 5.6710e+03 1.0950e+03 4.6000e+01 1.4100e+02 3.4000e+01
9.1000e+01 5.4000e+01 9.5000e+01 4.7000e+01 4.7000e+01 8.0000e+01 3.3000e+01 3.1200e+02 1.2000e+01 5.2000e+01 2.1900e+02 1.1700e+02 5.4090e+03 3.0000e+01 3.3000e+01 6.9000e+01 5.1170e+03 1.3100e+02 2.9000e+02 3.5610e+03 1.1100e+02 7.1000e+01 2.2000e+01 2.3000e+01 3.7000e+01 4.7000e+01 2.3850e+03 1.3300e+02 9.3500e+02 1.6000e+01 4.9000e+01 1.3800e+02 6.1000e+01 1.1000e+01 4.9500e+03 4.1200e+02 2.1300e+02 3.8000e+01 1.2300e+02 3.3000e+01 5.1000e+01 1.2400e+02 3.6000e+01 2.6000e+01 4.8000e+01 1.9000e+01 5.2000e+02 3.3000e+01 2.5600e+02 3.4380e+03
1.5000e+01 7.1000e+01 7.0000e+00 4.4000e+01 1.5000e+01 8.0000e+00 1.3000e+01 1.4000e+01 2.3900e+02 5.0000e+00 1.0000e+01 5.0000e+00 1.9700e+02 1.9600e+02 1.2000e+01 9.0000e+00 1.0000e+01 1.7000e+01 4.5200e+02 1.6000e+01 7.0000e+00 4.9600e+02 6.3100e+02 7.5000e+02 1.7970e+03 8.0000e+00 5.0000e+00 1.6300e+02 8.0000e+00 8.0000e+00 1.1000e+01 8.0000e+00 3.1000e+01 1.8000e+01 7.0000e+00 7.0000e+00 6.9700e+02 5.3420e+03 2.9100e+02 4.3010e+03 2.7600e+03 5.3440e+03 1.2000e+01 5.6000e+01 5.4730e+03 1.2000e+01 1.9000e+01 1.2000e+01 5.4000e+01 8.0000e+00
5.2360e+03 1.3000e+01 2.0100e+02 7.7000e+01 5.1140e+03 9.0000e+00 4.5600e+02 4.9060e+03 1.5000e+01 4.9510e+03 1.2000e+01 5.0000e+00 7.0000e+00 3.3000e+01 1.5000e+01 5.6840e+03 1.7400e+02 1.5000e+01 1.1000e+01 3.8700e+02 1.7000e+01 8.0000e+00 1.8000e+01 1.5000e+01 3.0000e+02 1.4000e+01 5.0000e+00 8.9000e+01 1.1600e+02 1.5000e+01 1.2000e+01 1.7500e+02 2.8000e+01 5.0000e+00 5.0000e+00 3.8100e+02 1.4000e+01 1.2000e+01 6.2000e+01 1.5100e+02 2.8000e+02 2.2000e+01 1.6400e+02 1.9000e+01 1.2000e+01 1.0000e+01 2.8000e+01 4.9300e+02 4.2400e+02 7.0000e+00
3.3000e+01 6.8000e+01 7.1000e+01 1.4000e+01 6.2500e+02 3.6000e+01 3.3000e+01 2.0000e+01 2.7800e+02 4.3000e+01 2.9000e+01 6.6400e+02 1.4000e+01 4.6900e+03 1.9600e+02 1.1400e+02 1.1900e+02 1.2900e+02 1.5000e+01 3.2600e+02 6.0300e+02 2.6000e+01 3.8000e+01 3.0000e+01 2.3000e+01 1.9000e+01 6.4100e+02 1.5300e+02 2.6470e+03 2.7000e+01 3.0000e+01 3.6000e+01 1.1410e+03 5.2780e+03 5.5500e+02 4.1180e+03 1.3000e+01 2.6000e+01 1.4500e+02 5.9000e+01 1.3200e+02 4.7000e+01 1.1000e+01 2.2000e+01 4.6000e+01 1.2000e+02 2.1900e+02 1.1000e+01 4.9110e+03 1.2060e+03
3.5000e+01 5.5430e+03 5.0000e+00 5.6230e+03 1.5300e+02 9.9600e+02 1.3000e+01 3.8000e+01 2.3000e+01 2.7000e+01 5.6000e+01 2.0000e+01 2.1900e+02 1.3500e+02 6.1000e+01 3.6000e+01 4.1000e+01 3.9000e+01 3.1500e+02 2.6500e+02 1.3000e+01 3.7000e+01 4.4100e+02 3.7000e+01 8.3000e+01 7.0000e+00 9.0000e+00 7.8000e+01 2.5500e+02 1.7170e+03 7.0000e+00 1.0000e+01 1.7300e+02 1.3000e+01 9.0000e+00 6.1000e+01 4.1180e+03 7.3000e+01 2.3000e+01 1.3000e+01 6.2000e+01 5.6000e+01 1.2000e+01 5.4310e+03 8.4000e+01 1.3000e+01 3.8230e+03 1.5000e+01 7.9000e+01 1.3000e+01
5.0000e+01 1.1000e+01 7.4700e+02 1.0000e+01 1.7000e+01 4.8780e+03 1.6000e+01 1.8000e+01 1.1000e+01 3.9000e+02 1.3100e+02 5.1350e+03 1.5000e+01 2.6000e+01 1.4000e+01 3.8000e+01 3.0800e+02 1.3300e+02 1.9800e+02 3.5300e+02 4.6040e+03 2.2000e+01 4.8000e+01 2.4000e+01 8.1000e+01 5.6210e+03 2.3420e+03 2.2600e+02 3.2000e+01 3.0900e+02 3.6000e+01 3.9000e+01 2.0000e+01 4.5000e+01 6.8000e+01 1.0000e+01 1.4000e+01 3.7000e+01 5.6900e+02 1.1000e+01 3.1900e+02 5.8000e+01 4.0000e+01 4.3000e+01 2.2700e+02 2.5000e+01 3.2600e+02 4.0700e+02 8.3000e+01 2.3400e+02
