7.0000e-01 5.8065e-01 7.7778e-01 7.1212e-01 5.8333e-01 0.0000e+00 6.3636e-01 3.6364e-01 9.7996e-01 1.0000e+00 1.0000e+00 1.0000e+00 6.8750e-01 9.0652e-01 6.1538e-01 3.6667e-01 7.1951e-01 4.0426e-01 7.0019e-01 4.2105e-01 5.0000e-01 9.6232e-01 9.5561e-01 9.9555e-01 6.1702e-01 1.0000e+00 8.7500e-01 6.4000e-01 2.8571e-01 8.8039e-01 7.0000e-01 4.2857e-01 8.8645e-01 1.0000e+00 7.7778e-01 3.0000e-01 9.0196e-01 7.4766e-01 6.0000e-01 9.1765e-01 9.3032e-01 2.5000e-01 1.0000e+00 9.8095e-01 1.1111e-01 1.4286e-01 1.0000e-01 2.8571e-01 4.4000e-01 8.3333e-01
1.7949e-01 3.1858e-01 5.3863e-01 4.3478e-02 1.5385e-01 2.7941e-01 0.0000e+00 4.7419e-01 9.6774e-02 4.1885e-01 7.6923e-02 1.8919e-01 2.7500e-01 0.0000e+00 5.5294e-01 2.8571e-02 2.8090e-01 4.0853e-01 4.0538e-01 1.4118e-01 3.7815e-01 4.9494e-01 4.2143e-01 2.2034e-01 4.2217e-01 4.0881e-01 2.4444e-01 1.8987e-01 4.8808e-01 2.1795e-01 3.6957e-01 4.6606e-01 1.1905e-01 1.6129e-01 4.6494e-01 4.9294e-01 1.3158e-01 1.1429e-01 1.1765e-01 4.0000e-02 3.8462e-02 6.8966e-02 5.7005e-01 4.1472e-01 1.4634e-01 2.6984e-01 0.0000e+00 4.5455e-02 1.4894e-01 4.8244e-01
8.8826e-01 6.4286e-01 9.9629e-01 1.1111e-01 2.3077e-01 2.5000e-01 1.0000e+00 4.5455e-01 2.9412e-01 1.6667e-01 9.4526e-01 1.4286e-01 1.8182e-01 1.0000e-01 6.4286e-01 0.0000e+00 0.0000e+00 1.1765e-01 4.8235e-01 5.3271e-01 1.4286e-01 0.0000e+00 5.8929e-01 1.6667e-01 6.5517e-01 5.0000e-01 7.8571e-01 3.8889e-01 9.2118e-01 3.7037e-01 5.0000e-01 1.0000e+00 8.0836e-01 1.4286e-01 0.0000e+00 3.8889e-01 1.0000e-01 6.8966e-01 2.6667e-01 7.7075e-01 1.6667e-01 2.6667e-01 1.2500e-01 2.3077e-01 4.4444e-01 1.4286e-01 0.0000e+00 9.8608e-01 5.3846e-01 9.0430e-01
3.8235e-01 3.2258e-01 0.0000e+00 0.0000e+00 1.2500e-01 5.2632e-01 2.2222e-01 0.0000e+00 7.1429e-02 4.6575e-01 4.6552e-01 4.4186e-01 0.0000e+00 3.1250e-01 0.0000e+00 1.6667e-01 1.2500e-01 3.4091e-01 3.7838e-01 4.8564e-01 7.3477e-01 3.7209e-01 5.5696e-01 5.4412e-01 7.1336e-01 6.3636e-01 7.5912e-01 6.2346e-01 5.9259e-01 5.0307e-01 8.5104e-01 0.0000e+00 4.6729e-01 7.5714e-01 6.3492e-01 5.7258e-01 3.9216e-01 4.3548e-01 7.3274e-01 1.5789e-01 4.5455e-01 5.8216e-01 8.3333e-02 1.2500e-01 4.8276e-01 7.8893e-01 6.0639e-01 4.3478e-01 5.1064e-01 3.8235e-01
6.2637e-01 5.0000e-01 6.3158e-01 5.1064e-01 4.8936e-01 6.1250e-01 4.5455e-01 7.5000e-01 8.3333e-02 4.8077e-01 7.0776e-01 6.8376e-01 8.1882e-01 3.6667e-01 4.5455e-01 3.9130e-01 8.0457e-01 4.4275e-01 5.3103e-01 5.9056e-01 6.9369e-01 5.3521e-01 2.7273e-01 3.0435e-01 4.0541e-01 5.5319e-01 9.0356e-01 5.0376e-01 8.0856e-01 1.2500e-01 6.1224e-01 6.8116e-01 4.5902e-01 1.8182e-01 9.1212e-01 7.5485e-01 6.5728e-01 4.2105e-01 6.1789e-01 3.9394e-01 4.7059e-01 6.0484e-01 5.0000e-01 3.4615e-01 4.5833e-01 3.1579e-01 6.4038e-01 4.5455e-01 6.4062e-01 8.5544e-01
1.0000e+00 1.0000e+00 1.0000e+00 9.0909e-01 9.3333e-01 6.2500e-01 3.8462e-01 8.5714e-01 8.4100e-01 1.0000e+00 6.0000e-01 8.0000e-01 9.5939e-01 8.5204e-01 6.6667e-01 0.0000e+00 6.0000e-01 1.7647e-01 6.9469e-01 1.2500e-01 1.0000e+00 9.9798e-01 9.9683e-01 9.8933e-01 1.0000e+00 8.7500e-01 1.0000e+00 6.6871e-01 1.0000e+00 0.0000e+00 1.0000e+00 6.2500e-01 4.8387e-01 9.4444e-01 1.0000e+00 1.0000e+00 9.0100e-01 9.6256e-01 9.5189e-01 9.9581e-01 9.4094e-01 9.6295e-01 1.0000e+00 1.0000e+00 9.9050e-01 5.8333e-01 3.1579e-01 8.3333e-01 6.1111e-01 3.7500e-01
9.7250e-01 2.3077e-01 8.2090e-01 6.8831e-01 9.2100e-01 1.1111e-01 9.7368e-01 9.6148e-01 2.6667e-01 9.0002e-01 2.5000e-01 0.0000e+00 0.0000e+00 4.8485e-01 3.3333e-01 7.4824e-01 7.4138e-01 6.6667e-02 0.0000e+00 5.7623e-01 5.8824e-01 0.0000e+00 3.3333e-01 2.6667e-01 7.8333e-01 3.5714e-01 0.0000e+00 5.3933e-01 7.5862e-01 2.0000e-01 3.3333e-01 8.0571e-01 3.9286e-01 0.0000e+00 0.0000e+00 8.4514e-01 2.1429e-01 1.6667e-01 6.1290e-01 7.2185e-01 7.6786e-01 3.6364e-01 9.3902e-01 3.6842e-01 1.6667e-01 3.0000e-01 3.5714e-01 9.8377e-01 7.6651e-01 0.0000e+00
4.2424e-01 5.1471e-01 5.6338e-01 1.4286e-01 7.2800e-01 4.4444e-01 4.2424e-01 3.0000e-01 6.5827e-01 4.1860e-01 3.7931e-01 7.9217e-01 1.4286e-01 7.7036e-01 6.8367e-01 4.3860e-01 5.7983e-01 4.1860e-01 0.0000e+00 4.7239e-01 7.9934e-01 3.0769e-01 3.9474e-01 3.3333e-01 2.6087e-01 3.1579e-01 8.2371e-01 4.9673e-01 8.1337e-01 2.5926e-01 4.6667e-01 4.4444e-01 6.8186e-01 8.8556e-01 8.0901e-01 8.1277e-01 7.6923e-02 3.0769e-01 6.0690e-01 4.7458e-01 5.7576e-01 4.2553e-01 9.0909e-02 2.7273e-01 4.3478e-01 6.4167e-01 5.5251e-01 9.0909e-02 7.3794e-01 7.9353e-01
7.1429e-01 9.1918e-01 6.0000e-01 9.4736e-01 7.5163e-01 9.2771e-01 6.9231e-01 5.7895e-01 3.9130e-01 4.4444e-01 6.4286e-01 6.0000e-01 7.7626e-01 7.1111e-01 6.7213e-01 3.6111e-01 5.3659e-01 3.3333e-01 6.1587e-01 5.5094e-01 5.3846e-01 5.1351e-01 8.0952e-01 5.1351e-01 6.5060e-01 5.7143e-01 7.7778e-01 5.2564e-01 8.3529e-01 8.0373e-01 1.4286e-01 6.0000e-01 6.8208e-01 5.3846e-01 7.7778e-01 6.5574e-01 8.8805e-01 6.3014e-01 3.9130e-01 2.3077e-01 5.9677e-01 5.8929e-01 5.8333e-01 9.2303e-01 6.5476e-01 3.8462e-01 7.9833e-01 6.6667e-01 6.0759e-01 7.6923e-01
4.6000e-01 0.0000e+00 7.3360e-01 0.0000e+00 1.7647e-01 7.9028e-01 1.8750e-01 2.2222e-01 0.0000e+00 6.4359e-01 5.8779e-01 8.1422e-01 1.3333e-01 2.6923e-01 1.4286e-01 2.3684e-01 6.2987e-01 3.9850e-01 4.4444e-01 4.5042e-01 8.2189e-01 2.2727e-01 3.9583e-01 2.5000e-01 4.8148e-01 8.2548e-01 8.2792e-01 5.0000e-01 3.7500e-01 5.6634e-01 4.7222e-01 4.1026e-01 1.5000e-01 4.8889e-01 5.5882e-01 0.0000e+00 7.1429e-02 3.5135e-01 6.7311e-01 0.0000e+00 6.1755e-01 4.3103e-01 4.5000e-01 3.9535e-01 5.9912e-01 3.2000e-01 5.5215e-01 7.0025e-01 4.5783e-01 6.6239e-01
