1.4000e+01 1.8000e+01 7.0000e+00 4.7000e+01 7.0000e+00 0.0000e+00 7.0000e+00 4.0000e+00 5.1840e+03 6.1000e+01 8.0000e+00 1.0000e+01 4.4000e+01 7.3700e+02 1.6000e+01 1.1000e+01 5.9000e+01 1.9000e+01 3.7600e+02 2.4000e+01 6.0000e+00 2.9880e+03 3.9180e+03 4.9170e+03 2.9000e+01 1.3000e+01 7.0000e+00 8.0000e+01 2.0000e+00 3.2680e+03 7.0000e+00 6.0000e+00 2.4280e+03 1.6000e+01 7.0000e+00 3.0000e+00 7.3600e+02 8.0000e+01 2.1000e+01 1.0140e+03 2.0960e+03 3.0000e+00 1.1000e+01 1.0300e+02 1.0000e+00 1.0000e+00 1.0000e+00 2.0000e+00 1.1000e+01 5.0000e+00
7.0000e+00 3.6000e+01 1.4850e+03 1.0000e+00 6.0000e+00 1.9000e+01 0.0000e+00 2.4800e+02 3.0000e+00 1.6000e+02 2.0000e+00 7.0000e+00 2.2000e+01 0.0000e+00 3.1020e+03 1.0000e+00 2.5000e+01 2.2020e+03 1.6130e+03 1.2000e+01 4.5000e+01 1.1250e+03 1.7700e+02 1.3000e+01 1.7900e+02 6.5000e+01 1.1000e+01 1.5000e+01 3.4800e+02 1.7000e+01 3.4000e+01 2.0600e+02 5.0000e+00 5.0000e+00 1.2600e+02 4.5400e+02 5.0000e+00 4.0000e+00 4.0000e+00 1.0000e+00 1.0000e+00 2.0000e+00 3.2590e+03 1.2400e+02 6.0000e+00 1.7000e+01 0.0000e+00 1.0000e+00 7.0000e+00 2.6100e+02
4.6900e+02 4.5000e+01 2.1470e+03 1.0000e+00 3.0000e+00 3.0000e+00 5.2640e+03 1.0000e+01 5.0000e+00 2.0000e+00 5.1290e+03 1.0000e+00 2.0000e+00 1.0000e+00 3.6000e+01 0.0000e+00 0.0000e+00 2.0000e+00 4.1000e+01 1.1400e+02 1.0000e+00 0.0000e+00 3.3000e+01 2.0000e+00 5.7000e+01 1.2000e+01 2.2000e+01 1.4000e+01 1.1570e+03 1.0000e+01 1.0000e+01 5.0440e+03 1.2570e+03 1.0000e+00 0.0000e+00 7.0000e+00 1.0000e+00 8.0000e+01 4.0000e+00 1.9500e+02 2.0000e+00 4.0000e+00 1.0000e+00 3.0000e+00 1.2000e+01 1.0000e+00 0.0000e+00 4.8890e+03 2.8000e+01 4.6300e+02
1.3000e+01 1.0000e+01 0.0000e+00 0.0000e+00 2.0000e+00 4.0000e+01 4.0000e+00 0.0000e+00 1.0000e+00 3.4000e+01 2.7000e+01 1.9000e+01 0.0000e+00 1.0000e+01 0.0000e+00 5.0000e+00 2.0000e+00 3.0000e+01 4.2000e+01 3.8900e+02 3.7400e+02 1.6000e+01 8.8000e+01 7.4000e+01 2.1950e+03 9.1000e+01 4.1600e+02 2.9870e+03 8.0000e+01 8.2000e+01 4.8050e+03 0.0000e+00 5.0000e+01 4.2400e+02 8.0000e+01 7.1000e+01 2.0000e+01 2.7000e+01 3.5120e+03 3.0000e+00 3.5000e+01 1.2400e+02 1.0000e+00 2.0000e+00 4.2000e+01 4.4740e+03 6.6400e+02 2.0000e+01 7.2000e+01 1.3000e+01
5.7000e+01 2.7000e+01 6.0000e+01 2.4000e+01 2.3000e+01 4.9000e+01 1.5000e+01 2.3400e+02 1.0000e+00 2.5000e+01 1.5500e+02 8.0000e+01 4.4290e+03 1.1000e+01 1.5000e+01 2.7000e+01 4.1170e+03 5.8000e+01 1.5400e+02 2.1030e+03 7.7000e+01 3.8000e+01 6.0000e+00 7.0000e+00 1.5000e+01 2.6000e+01 2.1550e+03 6.7000e+01 7.5600e+02 2.0000e+00 3.0000e+01 9.4000e+01 2.8000e+01 2.0000e+00 4.5150e+03 3.1100e+02 1.4000e+02 1.6000e+01 7.6000e+01 1.3000e+01 2.4000e+01 7.5000e+01 1.8000e+01 9.0000e+00 2.2000e+01 6.0000e+00 3.3300e+02 1.5000e+01 1.6400e+02 2.9410e+03
1.5000e+01 7.1000e+01 7.0000e+00 4.0000e+01 1.4000e+01 5.0000e+00 5.0000e+00 1.2000e+01 2.0100e+02 5.0000e+00 6.0000e+00 4.0000e+00 1.8900e+02 1.6700e+02 8.0000e+00 0.0000e+00 6.0000e+00 3.0000e+00 3.1400e+02 2.0000e+00 7.0000e+00 4.9500e+02 6.2900e+02 7.4200e+02 1.7970e+03 7.0000e+00 5.0000e+00 1.0900e+02 8.0000e+00 0.0000e+00 1.1000e+01 5.0000e+00 1.5000e+01 1.7000e+01 7.0000e+00 7.0000e+00 6.2800e+02 5.1420e+03 2.7700e+02 4.2830e+03 2.5970e+03 5.1460e+03 1.2000e+01 5.6000e+01 5.4210e+03 7.0000e+00 6.0000e+00 1.0000e+01 3.3000e+01 3.0000e+00
5.0920e+03 3.0000e+00 1.6500e+02 5.3000e+01 4.7100e+03 1.0000e+00 4.4400e+02 4.7170e+03 4.0000e+00 4.4560e+03 3.0000e+00 0.0000e+00 0.0000e+00 1.6000e+01 5.0000e+00 4.2530e+03 1.2900e+02 1.0000e+00 0.0000e+00 2.2300e+02 1.0000e+01 0.0000e+00 6.0000e+00 4.0000e+00 2.3500e+02 5.0000e+00 0.0000e+00 4.8000e+01 8.8000e+01 3.0000e+00 4.0000e+00 1.4100e+02 1.1000e+01 0.0000e+00 0.0000e+00 3.2200e+02 3.0000e+00 2.0000e+00 3.8000e+01 1.0900e+02 2.1500e+02 8.0000e+00 1.5400e+02 7.0000e+00 2.0000e+00 3.0000e+00 1.0000e+01 4.8500e+02 3.2500e+02 0.0000e+00
1.4000e+01 3.5000e+01 4.0000e+01 2.0000e+00 4.5500e+02 1.6000e+01 1.4000e+01 6.0000e+00 1.8300e+02 1.8000e+01 1.1000e+01 5.2600e+02 2.0000e+00 3.6130e+03 1.3400e+02 5.0000e+01 6.9000e+01 5.4000e+01 0.0000e+00 1.5400e+02 4.8200e+02 8.0000e+00 1.5000e+01 1.0000e+01 6.0000e+00 6.0000e+00 5.2800e+02 7.6000e+01 2.1530e+03 7.0000e+00 1.4000e+01 1.6000e+01 7.7800e+02 4.6740e+03 4.4900e+02 3.3470e+03 1.0000e+00 8.0000e+00 8.8000e+01 2.8000e+01 7.6000e+01 2.0000e+01 1.0000e+00 6.0000e+00 2.0000e+01 7.7000e+01 1.2100e+02 1.0000e+00 3.6240e+03 9.5700e+02
2.5000e+01 5.0950e+03 3.0000e+00 5.3270e+03 1.1500e+02 9.2400e+02 9.0000e+00 2.2000e+01 9.0000e+00 1.2000e+01 3.6000e+01 1.2000e+01 1.7000e+02 9.6000e+01 4.1000e+01 1.3000e+01 2.2000e+01 1.3000e+01 1.9400e+02 1.4600e+02 7.0000e+00 1.9000e+01 3.5700e+02 1.9000e+01 5.4000e+01 4.0000e+00 7.0000e+00 4.1000e+01 2.1300e+02 1.3800e+03 1.0000e+00 6.0000e+00 1.1800e+02 7.0000e+00 7.0000e+00 4.0000e+01 3.6570e+03 4.6000e+01 9.0000e+00 3.0000e+00 3.7000e+01 3.3000e+01 7.0000e+00 5.0130e+03 5.5000e+01 5.0000e+00 3.0520e+03 1.0000e+01 4.8000e+01 1.0000e+01
2.3000e+01 0.0000e+00 5.4800e+02 0.0000e+00 3.0000e+00 3.8550e+03 3.0000e+00 4.0000e+00 0.0000e+00 2.5100e+02 7.7000e+01 4.1810e+03 2.0000e+00 7.0000e+00 2.0000e+00 9.0000e+00 1.9400e+02 5.3000e+01 8.8000e+01 1.5900e+02 3.7840e+03 5.0000e+00 1.9000e+01 6.0000e+00 3.9000e+01 4.6400e+03 1.9390e+03 1.1300e+02 1.2000e+01 1.7500e+02 1.7000e+01 1.6000e+01 3.0000e+00 2.2000e+01 3.8000e+01 0.0000e+00 1.0000e+00 1.3000e+01 3.8300e+02 0.0000e+00 1.9700e+02 2.5000e+01 1.8000e+01 1.7000e+01 1.3600e+02 8.0000e+00 1.8000e+02 2.8500e+02 3.8000e+01 1.5500e+02
