1.2200e+02 6.0000e+00 6.0000e+00 1.2500e+02 6.7000e+01 4.3000e+01 1.5000e+01 1.0000e+01 3.9250e+03 5.7530e+03
7.0000e+00 8.0000e+00 1.0000e+01 5.3980e+03 1.2100e+02 1.4000e+01 6.5000e+01 8.0000e+00 9.0000e+00 4.0270e+03
1.1240e+03 1.1000e+01 5.0000e+00 6.5000e+01 8.2150e+03 6.3000e+01 8.2600e+02 9.4000e+02 1.8000e+01 8.0000e+00
1.8000e+01 2.5000e+01 3.3000e+01 9.0000e+00 2.4700e+02 9.6750e+03 1.1000e+01 2.4000e+01 1.0000e+01 3.0000e+01
8.0000e+00 1.7000e+01 8.8410e+03 2.8400e+02 2.8000e+01 1.5000e+01 1.2000e+01 6.4000e+01 2.0000e+01 1.4000e+01
9.6000e+01 1.9000e+01 5.0000e+00 1.0000e+01 7.2000e+01 3.3000e+01 8.9550e+03 4.1700e+02 1.6000e+01 7.3000e+01
8.4510e+03 2.2000e+01 1.0000e+01 2.4000e+01 1.1030e+03 9.4000e+01 8.1000e+01 3.2000e+01 7.2000e+01 4.6000e+01
3.9000e+01 9.9400e+02 1.0810e+03 2.2000e+01 1.0000e+01 3.2000e+01 4.6000e+01 8.2510e+03 2.5000e+01 7.0000e+00
1.3000e+01 1.8000e+01 1.1000e+01 4.1010e+03 8.6000e+01 1.0000e+01 5.8000e+01 1.8800e+02 5.8490e+03 3.5000e+01
7.0000e+00 8.8980e+03 1.0000e+01 1.1000e+01 1.2000e+01 9.0000e+00 1.0000e+01 6.1000e+01 2.5000e+01 5.1000e+01
