7.2973e-01 0.0000e+00 3.6364e-01 5.0000e-01 3.9394e-01 5.7692e-01 4.2857e-01 2.1429e-01 9.0252e-01 9.6762e-01
4.1667e-01 6.1111e-01 2.5000e-01 9.9892e-01 5.3030e-01 1.1111e-01 7.6812e-01 0.0000e+00 1.1111e-01 9.6484e-01
9.7057e-01 5.4545e-01 0.0000e+00 5.1724e-01 7.8555e-01 5.1282e-01 9.7430e-01 7.1705e-01 2.3077e-01 4.2105e-01
9.4737e-01 6.6667e-01 6.4706e-01 4.0000e-01 7.4096e-01 9.7887e-01 1.6667e-01 2.8571e-01 3.3333e-01 8.4615e-01
0.0000e+00 0.0000e+00 8.8014e-01 6.9192e-01 2.6667e-01 3.3333e-01 0.0000e+00 4.9333e-01 1.4286e-01 1.0000e-01
6.6071e-01 1.6667e-01 0.0000e+00 1.1111e-01 4.2857e-01 3.1250e-01 9.6681e-01 7.6461e-01 2.3077e-01 6.5000e-01
8.2336e-01 4.7368e-01 3.8462e-01 3.9394e-01 6.0316e-01 5.1250e-01 4.4737e-01 2.0000e-01 4.6774e-01 5.0847e-01
5.3333e-01 9.6711e-01 9.5778e-01 0.0000e+00 0.0000e+00 4.7059e-01 5.8974e-01 8.2936e-01 5.5769e-01 0.0000e+00
2.6316e-01 3.9286e-01 2.0000e-01 7.7872e-01 4.8780e-01 7.6923e-02 4.9020e-01 5.0833e-01 7.3511e-01 4.2105e-01
0.0000e+00 9.9489e-01 2.0000e-01 1.1111e-01 8.3333e-02 2.3077e-01 2.5000e-01 3.4783e-01 2.3077e-01 3.8889e-01
