8.7879e-01 1.2500e-01 3.7500e-01 7.1014e-01 5.1471e-01 5.9459e-01 1.2500e-01 2.7778e-01 9.0968e-01 9.6613e-01
1.2500e-01 4.7619e-01 0.0000e+00 9.9829e-01 5.9055e-01 2.0000e-01 7.7869e-01 1.5385e-01 2.3077e-01 9.6352e-01
9.7511e-01 2.7273e-01 0.0000e+00 1.0000e+00 7.8144e-01 4.7826e-01 9.7087e-01 7.6436e-01 6.2295e-01 2.7273e-01
7.5000e-01 7.9433e-01 7.5424e-01 1.0000e+00 7.0260e-01 9.7677e-01 0.0000e+00 4.4118e-01 2.8571e-01 7.9259e-01
0.0000e+00 1.2500e-01 8.9398e-01 1.0000e+00 3.4483e-01 1.0000e+00 1.2500e-01 5.6944e-01 0.0000e+00 3.7500e-01
6.9355e-01 3.0769e-01 2.5000e-01 1.0000e+00 5.3247e-01 1.0000e+00 9.5828e-01 7.4583e-01 0.0000e+00 4.7826e-01
8.0769e-01 3.0769e-01 0.0000e+00 1.0000e+00 6.2360e-01 1.0000e+00 1.0000e+00 9.0909e-02 3.6842e-01 5.4839e-01
1.0000e+00 9.6913e-01 9.5547e-01 1.0000e+00 0.0000e+00 1.0000e+00 1.0000e+00 8.3132e-01 5.5814e-01 0.0000e+00
1.0000e+00 4.2105e-01 0.0000e+00 1.0000e+00 3.0435e-01 1.0000e+00 1.0000e+00 5.8824e-01 7.1074e-01 4.7826e-01
1.0000e+00 9.9261e-01 2.0000e-01 1.0000e+00 8.3333e-02 1.0000e+00 1.0000e+00 3.3333e-01 3.6842e-01 5.7576e-01
