3.4800e+02 1.0000e+00 6.0000e+00 4.9000e+01 3.5000e+01 2.2000e+01 1.0000e+00 5.0000e+00 8.8830e+03 5.0770e+03
1.0000e+00 1.0000e+01 0.0000e+00 9.9280e+03 7.5000e+01 2.0000e+00 9.5000e+01 2.0000e+00 3.0000e+00 4.3850e+03
9.1300e+03 3.0000e+00 0.0000e+00 0.0000e+00 7.0470e+03 1.1000e+01 6.5990e+03 5.1900e+02 3.8000e+01 3.0000e+00
7.2000e+01 1.1200e+02 8.9000e+01 0.0000e+00 3.7800e+02 9.6730e+03 0.0000e+00 1.5000e+01 4.0000e+00 1.0700e+02
0.0000e+00 1.0000e+00 6.8300e+02 0.0000e+00 1.0000e+01 0.0000e+00 1.0000e+00 4.1000e+01 0.0000e+00 6.0000e+00
4.3000e+01 4.0000e+00 3.0000e+00 0.0000e+00 4.1000e+01 0.0000e+00 2.8940e+03 3.5800e+02 0.0000e+00 1.1000e+01
2.1000e+01 4.0000e+00 0.0000e+00 0.0000e+00 1.1100e+02 0.0000e+00 0.0000e+00 1.0000e+00 7.0000e+00 1.7000e+01
0.0000e+00 5.8710e+03 8.5190e+03 0.0000e+00 0.0000e+00 0.0000e+00 0.0000e+00 7.0720e+03 2.4000e+01 0.0000e+00
0.0000e+00 8.0000e+00 0.0000e+00 0.0000e+00 7.0000e+00 0.0000e+00 0.0000e+00 5.0000e+01 8.6000e+01 1.1000e+01
0.0000e+00 3.7630e+03 2.0000e+00 0.0000e+00 1.0000e+00 0.0000e+00 0.0000e+00 7.0000e+00 7.0000e+00 1.9000e+01
