1.0220e+03 1.0320e+03 1.0090e+03 9.9900e+02 9.7900e+02 9.9600e+02 9.9000e+02 1.0270e+03 1.0170e+03 9.3600e+02
9.0200e+02 9.7600e+02 9.7900e+02 1.0050e+03 1.0030e+03 9.8800e+02 1.0280e+03 9.5400e+02 9.9200e+02 1.0010e+03
1.0540e+03 9.9300e+02 1.0400e+03 9.8900e+02 9.4400e+02 1.0080e+03 9.6600e+02 1.0010e+03 1.0240e+03 1.0000e+03
1.0040e+03 9.7300e+02 1.0270e+03 1.0980e+03 9.6500e+02 1.0210e+03 1.0020e+03 1.0120e+03 9.9900e+02 1.0220e+03
9.8900e+02 9.6800e+02 9.9300e+02 1.0030e+03 1.0050e+03 9.9400e+02 1.0450e+03 1.0420e+03 9.8500e+02 9.7000e+02
9.5400e+02 1.0110e+03 1.0350e+03 1.0130e+03 1.0050e+03 9.9900e+02 1.0030e+03 9.7300e+02 1.0180e+03 1.0580e+03
1.0190e+03 1.1020e+03 9.0200e+02 1.0330e+03 1.0390e+03 9.8300e+02 1.0630e+03 9.8800e+02 1.0030e+03 9.9100e+02
9.4800e+02 1.0200e+03 9.8300e+02 1.0250e+03 9.9500e+02 9.5800e+02 9.3400e+02 9.7600e+02 9.9300e+02 9.7400e+02
9.9000e+02 1.0520e+03 9.8200e+02 9.8500e+02 1.0210e+03 1.0410e+03 9.7700e+02 9.5200e+02 9.9300e+02 1.0090e+03
9.6200e+02 1.0320e+03 9.8300e+02 1.0410e+03 9.8500e+02 1.0250e+03 9.5800e+02 9.8600e+02 1.0010e+03 1.0560e+03
