6.6667e-01 5.2000e-01 8.1818e-01 7.2222e-01 1.4286e-01 0.0000e+00 3.0000e-01 0.0000e+00 9.7781e-01 9.9652e-01 9.4118e-01 9.2857e-01 6.7692e-01 9.0593e-01 7.5000e-01 5.1667e-01 7.5630e-01 2.8000e-01 6.4883e-01 3.5000e-01 4.6154e-01 9.6256e-01 9.5031e-01 9.9527e-01 5.5556e-01 8.8889e-01 9.0000e-01 5.7895e-01 0.0000e+00 8.8420e-01 9.0909e-01 5.0000e-01 8.8047e-01 1.0000e+00 5.3333e-01 1.4286e-01 8.6184e-01 7.0930e-01 5.1852e-01 9.2508e-01 9.2356e-01 2.8571e-01 9.3750e-01 9.8333e-01 3.3333e-01 5.2000e-01 2.1429e-01 4.7059e-01 4.1667e-01 3.8462e-01
1.6216e-01 2.4638e-01 5.4476e-01 4.3478e-02 4.1667e-02 1.7949e-01 4.5455e-02 4.1441e-01 1.6279e-01 4.4288e-01 1.4286e-01 3.0000e-01 2.5676e-01 6.8966e-02 5.4267e-01 5.2632e-02 3.2308e-01 4.0821e-01 3.9224e-01 2.6136e-01 3.4343e-01 5.0000e-01 3.9936e-01 7.1429e-02 3.7037e-01 3.2955e-01 1.4286e-01 2.2105e-01 4.8513e-01 3.4483e-02 9.0909e-02 5.1209e-01 1.9355e-01 2.0513e-01 4.2690e-01 4.7293e-01 2.1311e-01 1.5909e-01 2.3333e-01 9.3750e-02 6.8966e-02 1.1429e-01 5.6107e-01 4.3685e-01 2.5000e-01 3.2632e-01 3.3333e-02 0.0000e+00 1.2195e-01 4.8874e-01
8.6375e-01 6.1905e-01 9.9502e-01 1.1111e-01 0.0000e+00 4.7619e-01 1.0000e+00 3.5294e-01 0.0000e+00 2.3077e-01 9.4796e-01 3.3333e-01 3.3333e-01 0.0000e+00 4.6154e-01 0.0000e+00 1.0000e-01 1.1765e-01 5.7872e-01 4.9640e-01 0.0000e+00 1.0000e-01 5.8182e-01 1.0000e-01 7.3256e-01 4.1176e-01 6.8000e-01 3.8235e-01 9.0116e-01 3.1818e-01 1.4286e-01 1.0000e+00 8.2799e-01 4.0000e-01 1.4286e-01 6.5000e-01 0.0000e+00 6.8966e-01 3.6842e-01 8.1212e-01 2.6667e-01 4.4828e-01 0.0000e+00 5.1429e-01 4.6875e-01 3.3333e-01 0.0000e+00 9.8198e-01 3.0000e-01 9.0231e-01
2.7273e-01 3.8636e-01 0.0000e+00 1.3333e-01 1.6667e-01 5.1429e-01 3.2143e-01 8.3333e-02 0.0000e+00 4.4262e-01 3.5294e-01 5.5556e-01 2.2727e-01 3.7209e-01 0.0000e+00 1.7241e-01 0.0000e+00 2.5490e-01 3.5354e-01 4.8972e-01 6.8836e-01 3.4211e-01 5.6425e-01 5.2212e-01 7.1472e-01 6.4205e-01 7.6726e-01 6.3226e-01 6.0284e-01 5.2174e-01 8.4100e-01 4.4681e-01 4.9624e-01 6.9928e-01 5.6944e-01 5.2809e-01 3.0303e-01 4.1071e-01 7.4451e-01 7.1429e-02 3.9216e-01 5.4667e-01 2.5000e-01 2.8571e-01 5.2846e-01 7.8324e-01 5.3875e-01 3.4483e-01 5.4589e-01 5.5446e-01
5.3061e-01 6.3504e-01 7.2464e-01 3.6000e-01 4.4444e-01 4.2857e-01 4.1379e-01 7.7419e-01 0.0000e+00 4.7917e-01 7.0952e-01 6.3514e-01 8.0959e-01 4.4186e-01 4.7500e-01 2.9730e-01 8.0481e-01 5.2901e-01 4.7134e-01 5.9261e-01 6.2667e-01 4.6667e-01 3.6667e-01 2.3529e-01 4.8000e-01 5.3488e-01 9.1424e-01 5.1200e-01 8.3979e-01 2.9630e-01 6.0784e-01 7.3333e-01 4.1667e-01 2.6667e-01 9.2179e-01 7.7091e-01 6.5919e-01 4.5652e-01 5.8140e-01 3.3333e-01 5.5914e-01 6.1194e-01 3.5000e-01 2.0000e-01 5.2308e-01 4.7059e-01 6.2046e-01 5.3061e-01 6.1458e-01 8.4615e-01
1.0000e+00 1.0000e+00 1.0000e+00 9.2135e-01 8.3871e-01 5.4167e-01 7.2222e-01 9.5000e-01 8.4167e-01 1.0000e+00 8.3333e-01 8.7500e-01 9.8293e-01 7.6230e-01 5.9375e-01 9.0909e-02 7.1250e-01 1.3333e-01 7.3755e-01 1.2500e-01 1.0000e+00 9.9167e-01 1.0000e+00 9.8868e-01 1.0000e+00 5.0000e-01 8.7500e-01 5.6716e-01 9.0909e-01 1.6667e-01 1.0000e+00 8.8889e-01 4.1667e-01 1.0000e+00 8.6667e-01 1.0000e+00 8.9355e-01 9.6373e-01 1.0000e+00 9.9392e-01 9.4678e-01 9.6501e-01 9.0909e-01 1.0000e+00 9.8960e-01 6.8750e-01 4.2857e-01 8.6667e-01 3.8095e-01 5.4545e-01
9.7712e-01 1.8182e-01 8.3333e-01 6.8421e-01 9.2426e-01 1.2500e-01 9.6923e-01 9.6542e-01 3.5000e-01 8.9713e-01 4.0000e-01 1.4286e-01 3.3333e-01 4.0000e-01 2.5000e-01 7.6168e-01 7.2109e-01 0.0000e+00 0.0000e+00 5.0336e-01 6.8750e-01 0.0000e+00 5.3488e-01 2.9412e-01 7.9639e-01 4.4444e-01 0.0000e+00 5.8261e-01 7.4757e-01 3.7931e-01 3.0000e-01 7.4490e-01 3.1818e-01 0.0000e+00 0.0000e+00 8.6847e-01 2.6667e-01 1.0000e-01 5.9615e-01 7.4619e-01 7.4888e-01 4.2308e-01 9.3151e-01 1.0000e-01 0.0000e+00 3.3333e-01 3.0435e-01 9.7541e-01 8.0066e-01 1.1111e-01
3.1818e-01 6.1151e-01 6.5079e-01 3.1818e-01 7.0349e-01 3.9286e-01 3.1818e-01 4.7619e-01 6.8343e-01 6.4815e-01 4.2857e-01 8.1176e-01 1.8750e-01 7.7598e-01 5.1852e-01 4.8611e-01 4.9180e-01 3.9130e-01 1.5385e-01 5.3325e-01 8.2230e-01 2.9167e-01 3.7143e-01 2.2222e-01 4.1860e-01 4.5455e-01 7.9193e-01 5.0694e-01 8.2907e-01 1.6667e-01 4.1667e-01 5.3448e-01 6.8769e-01 8.8229e-01 7.9893e-01 8.1563e-01 1.3333e-01 4.3478e-01 6.1654e-01 1.3333e-01 4.7458e-01 0.0000e+00 2.7778e-01 3.4483e-01 2.1053e-01 6.1702e-01 5.9934e-01 2.7778e-01 7.3719e-01 8.0089e-01
8.0000e-01 9.1579e-01 5.0000e-01 9.4937e-01 5.2941e-01 9.2366e-01 6.3333e-01 3.3333e-01 5.1429e-01 6.2687e-01 6.1702e-01 8.8889e-01 7.9612e-01 7.6423e-01 6.2000e-01 5.1250e-01 5.2632e-01 3.7209e-01 5.5747e-01 5.0360e-01 7.5000e-01 5.2632e-01 8.2163e-01 5.7143e-01 5.7143e-01 7.3333e-01 9.2857e-01 5.9677e-01 7.5000e-01 8.1299e-01 3.0000e-01 6.8421e-01 6.9892e-01 6.0000e-01 8.1250e-01 7.0930e-01 8.8737e-01 6.0000e-01 4.3478e-01 5.8182e-01 6.5591e-01 3.3333e-01 7.1429e-01 9.1502e-01 6.5000e-01 7.3913e-01 8.1969e-01 6.3636e-01 6.7626e-01 6.2222e-01
5.7692e-01 0.0000e+00 7.2969e-01 1.7647e-01 7.6923e-02 7.9687e-01 2.2222e-01 8.3333e-02 0.0000e+00 6.0274e-01 3.7143e-01 8.1577e-01 3.2258e-01 4.5588e-01 8.3333e-02 1.5385e-01 6.2252e-01 4.7279e-01 4.8328e-01 5.1307e-01 8.0871e-01 3.4286e-01 5.2294e-01 2.5000e-01 4.6667e-01 8.1080e-01 8.1946e-01 4.8276e-01 4.5833e-01 5.7622e-01 2.0000e-01 5.4762e-01 0.0000e+00 3.4615e-01 3.0000e-01 2.6087e-01 7.1429e-02 5.1818e-01 6.6813e-01 0.0000e+00 5.6571e-01 3.9130e-01 4.5652e-01 1.2500e-01 5.8621e-01 4.4186e-01 5.4032e-01 6.9167e-01 5.1773e-01 6.3441e-01
