1.7900e+02 0.0000e+00 2.0000e+00 5.1000e+01 4.2000e+01 1.0000e+01 5.0000e+00 4.0000e+00 2.1450e+03 7.0130e+03
0.0000e+00 1.4000e+01 2.0000e+00 7.0720e+03 4.6000e+01 5.0000e+00 2.2000e+01 0.0000e+00 1.0000e+00 2.2830e+03
1.4170e+03 4.0000e+00 2.0000e+00 7.2000e+01 6.0320e+03 1.6000e+01 1.0010e+03 5.1800e+02 4.9000e+01 2.7000e+01
8.0000e+00 6.0000e+00 2.3000e+01 4.0000e+00 2.0800e+02 9.5670e+03 0.0000e+00 5.0000e+00 6.0000e+00 7.0000e+00
0.0000e+00 1.0000e+00 7.8620e+03 1.4700e+02 9.0000e+00 4.0000e+00 0.0000e+00 9.4000e+01 4.0000e+00 6.0000e+00
4.3000e+01 1.1000e+01 0.0000e+00 1.0000e+00 4.5000e+01 1.0000e+00 8.5250e+03 4.2600e+02 1.0000e+00 1.1000e+01
6.6930e+03 1.7000e+01 3.0000e+00 3.0000e+00 8.8600e+02 5.7000e+01 1.1000e+01 5.0000e+00 9.0000e+00 8.7000e+01
9.0000e+00 7.6700e+02 1.0460e+03 1.0000e+00 1.0000e+00 1.1000e+01 4.9000e+01 7.0070e+03 5.0000e+00 0.0000e+00
1.0000e+00 2.9000e+01 4.0000e+00 1.8490e+03 1.3300e+02 1.0000e+00 2.1000e+01 7.3000e+01 5.4460e+03 2.6000e+01
0.0000e+00 8.8280e+03 2.0000e+00 1.0000e+00 1.0000e+00 4.0000e+00 0.0000e+00 1.9000e+01 1.3000e+01 9.0000e+00
