2.4100e+02 6.0000e+00 1.2000e+01 3.9000e+01 4.2000e+01 1.9000e+01 1.9000e+01 1.1000e+01 9.5980e+03 6.9350e+03
6.0000e+00 1.9000e+01 1.2000e+01 9.8010e+03 9.1000e+01 1.3000e+01 1.5600e+02 1.1000e+01 1.1000e+01 2.9140e+03
9.3780e+03 1.0000e+01 7.0000e+00 0.0000e+00 9.2400e+03 3.9000e+01 7.1960e+03 5.8300e+02 3.7000e+01 0.0000e+00
1.3800e+02 6.6000e+01 1.2000e+02 0.0000e+00 3.6500e+02 9.8780e+03 1.4000e+01 1.4000e+01 1.9000e+01 0.0000e+00
6.0000e+00 1.4000e+01 5.5400e+02 0.0000e+00 3.0000e+01 0.0000e+00 6.0000e+00 1.0500e+02 7.0000e+00 0.0000e+00
7.4000e+01 1.3000e+01 7.0000e+00 0.0000e+00 3.3000e+01 0.0000e+00 2.7370e+03 5.9500e+02 9.0000e+00 0.0000e+00
1.7800e+02 6.0000e+00 8.0000e+00 0.0000e+00 1.6200e+02 0.0000e+00 0.0000e+00 1.6000e+01 4.7000e+01 0.0000e+00
2.8000e+01 4.7290e+03 9.5040e+03 0.0000e+00 9.0000e+00 0.0000e+00 0.0000e+00 8.5160e+03 4.9000e+01 0.0000e+00
1.0000e+01 1.1000e+01 7.0000e+00 0.0000e+00 4.0000e+01 0.0000e+00 0.0000e+00 6.5000e+01 7.2000e+01 0.0000e+00
6.0000e+00 5.1840e+03 1.2000e+01 0.0000e+00 1.2000e+01 0.0000e+00 0.0000e+00 4.9000e+01 3.0000e+01 0.0000e+00
