8.3817e-01 0.0000e+00 2.5000e-01 6.1538e-01 4.2857e-01 4.2105e-01 4.2105e-01 9.0909e-02 9.1394e-01 9.7116e-01
0.0000e+00 4.2105e-01 2.5000e-01 9.9867e-01 5.6044e-01 3.0769e-01 8.0769e-01 9.0909e-02 1.8182e-01 9.7461e-01
9.7089e-01 2.0000e-01 0.0000e+00 1.0000e+00 7.8853e-01 6.1538e-01 9.7165e-01 7.5643e-01 5.4054e-01 1.0000e+00
7.8986e-01 6.9697e-01 7.5833e-01 1.0000e+00 6.8767e-01 9.7661e-01 3.5714e-01 2.1429e-01 3.6842e-01 1.0000e+00
0.0000e+00 3.5714e-01 8.7545e-01 1.0000e+00 3.6667e-01 1.0000e+00 0.0000e+00 6.1905e-01 0.0000e+00 1.0000e+00
7.1622e-01 3.0769e-01 0.0000e+00 1.0000e+00 3.9394e-01 1.0000e+00 9.6054e-01 7.5798e-01 1.1111e-01 1.0000e+00
8.1461e-01 0.0000e+00 1.2500e-01 1.0000e+00 6.2346e-01 1.0000e+00 1.0000e+00 2.5000e-01 5.7447e-01 1.0000e+00
5.3571e-01 9.6511e-01 9.5349e-01 1.0000e+00 0.0000e+00 1.0000e+00 1.0000e+00 8.3102e-01 5.9184e-01 1.0000e+00
2.0000e-01 2.7273e-01 0.0000e+00 1.0000e+00 4.2500e-01 1.0000e+00 1.0000e+00 5.5385e-01 6.5278e-01 1.0000e+00
0.0000e+00 9.9383e-01 2.5000e-01 1.0000e+00 8.3333e-02 1.0000e+00 1.0000e+00 5.1020e-01 5.0000e-01 1.0000e+00
