8.8462e-01 0.0000e+00 3.6364e-01 6.3830e-01 5.6322e-01 2.8571e-01 2.5000e-01 2.9412e-01 9.0893e-01 9.7267e-01
2.5000e-01 5.0000e-01 2.5000e-01 9.9702e-01 3.4615e-01 3.8889e-01 7.3846e-01 1.8182e-01 0.0000e+00 9.7023e-01
9.8338e-01 8.5714e-01 0.0000e+00 5.6757e-01 7.7220e-01 1.8182e-01 9.7836e-01 7.8227e-01 5.3659e-01 5.6757e-01
1.0000e+00 1.0000e+00 6.0000e-01 7.7778e-01 7.3034e-01 9.7899e-01 4.2857e-01 5.0000e-01 5.0000e-01 7.5000e-01
0.0000e+00 0.0000e+00 8.7802e-01 6.9685e-01 3.1707e-01 2.8571e-01 0.0000e+00 5.6429e-01 8.3333e-02 4.6154e-01
6.6667e-01 5.3846e-01 0.0000e+00 0.0000e+00 5.3684e-01 4.6667e-01 9.6179e-01 7.6114e-01 1.0000e-01 4.8148e-01
8.3027e-01 3.6364e-01 2.9412e-01 4.6809e-01 5.8398e-01 5.2941e-01 4.7500e-01 2.0000e-01 4.8485e-01 5.5128e-01
5.7895e-01 9.6911e-01 9.5579e-01 1.1111e-01 0.0000e+00 3.5000e-01 5.0000e-01 8.2885e-01 4.2857e-01 1.1111e-01
2.8571e-01 5.4839e-01 9.0909e-02 7.6864e-01 5.2733e-01 0.0000e+00 2.0000e-01 4.7059e-01 7.3360e-01 4.6000e-01
0.0000e+00 9.9517e-01 1.2500e-01 2.8571e-01 2.3810e-01 1.0000e-01 3.5294e-01 2.7778e-01 3.5000e-01 4.8387e-01
