8.6673e-01 1.2842e-01 2.3077e-01 7.5632e-01 4.7768e-01 5.6704e-01 3.5114e-01 1.9959e-01 8.8708e-01 9.7169e-01
1.8330e-01 5.9509e-01 2.2373e-01 9.9805e-01 5.6765e-01 2.6635e-01 7.9132e-01 6.1553e-02 9.2999e-02 9.6834e-01
9.7751e-01 4.6735e-01 5.8000e-02 6.4566e-01 8.0390e-01 5.7083e-01 9.6934e-01 7.8441e-01 5.6307e-01 4.9598e-01
7.7126e-01 7.9084e-01 7.9034e-01 5.4286e-01 7.2774e-01 9.7507e-01 1.6879e-01 4.7739e-01 3.4121e-01 8.2793e-01
4.0816e-03 1.2978e-01 8.6952e-01 6.6931e-01 2.7291e-01 2.7014e-01 5.6853e-02 5.8144e-01 1.4945e-01 3.1365e-01
7.0512e-01 4.0829e-01 1.2097e-01 1.4756e-01 5.3635e-01 4.0387e-01 9.7015e-01 7.4558e-01 2.0431e-01 5.7754e-01
8.2524e-01 4.5902e-01 2.6179e-01 3.4040e-01 6.3429e-01 5.7059e-01 4.8664e-01 2.1501e-01 4.9655e-01 5.9499e-01
5.1610e-01 9.7018e-01 9.5402e-01 2.9990e-01 2.3969e-02 3.8333e-01 6.1507e-01 8.0923e-01 5.0574e-01 1.8887e-02
2.4403e-01 5.0188e-01 1.3374e-01 7.9265e-01 5.0047e-01 4.1945e-02 4.2815e-01 5.2335e-01 7.4157e-01 4.2407e-01
3.7811e-02 9.9714e-01 2.1619e-01 1.9254e-01 1.0736e-01 2.8337e-01 1.8281e-01 4.9496e-01 4.5644e-01 5.6681e-01
