3.0000e+01 2.4000e+01 2.7000e+01 2.5000e+01 3.3000e+01 2.7000e+01 2.3000e+01 1.9000e+01 1.9000e+01 2.0000e+01 2.8000e+01 2.7000e+01 1.3000e+01 2.6000e+01 2.0000e+01 1.7000e+01 2.1000e+01 3.9000e+01 3.0000e+01 2.4000e+01 2.0000e+01 2.3000e+01 2.8000e+01 2.2000e+01 2.2000e+01 2.3000e+01 2.7000e+01 2.0000e+01 1.9000e+01 1.9000e+01 2.4000e+01 2.5000e+01 2.8000e+01 2.3000e+01 2.9000e+01 2.8000e+01 3.1000e+01 2.1000e+01 1.5630e+03 2.4000e+01 3.0000e+01 3.2000e+01 3.4000e+01 2.1000e+01 2.6000e+01 1.8000e+01 3.5710e+03 3.0000e+01 1.5000e+01 3.2000e+01
2.9000e+01 2.8000e+01 2.1000e+01 2.3000e+01 1.8000e+01 2.8000e+01 2.5000e+01 2.8000e+01 2.2000e+01 2.5000e+01 2.9000e+01 3.8000e+01 2.4000e+01 2.0000e+01 3.1000e+01 1.9000e+01 2.6000e+01 2.5000e+01 2.0000e+01 2.8000e+01 2.2000e+01 2.1000e+01 1.8000e+01 2.4000e+01 2.5000e+01 2.3000e+01 1.8000e+01 3.0000e+01 2.4000e+01 1.4000e+01 1.5000e+01 4.5440e+03 2.8000e+01 1.8000e+01 1.7000e+02 3.0000e+01 2.7000e+01 2.3000e+01 2.5000e+01 2.8000e+01 1.9000e+01 2.6000e+01 2.3000e+01 2.2000e+01 2.1000e+01 2.0000e+01 2.5000e+01 2.2000e+01 2.2000e+01 2.1000e+01
2.9000e+01 1.9000e+01 2.3000e+01 2.7000e+01 2.2000e+01 3.0000e+01 3.0000e+01 2.1000e+01 2.0000e+01 2.9000e+01 2.6000e+01 2.3000e+01 2.3000e+01 2.7000e+01 3.0000e+01 1.9000e+01 2.1000e+01 2.6000e+01 1.6000e+01 2.6000e+01 2.1000e+01 2.3000e+01 2.0000e+01 1.7000e+01 1.5000e+01 2.6000e+01 2.4000e+01 2.7000e+01 2.3000e+01 4.4480e+03 2.7000e+01 2.8000e+01 2.4000e+01 2.9000e+01 2.5000e+01 2.5000e+01 2.6000e+01 2.0000e+01 3.9000e+01 1.8000e+01 2.3000e+01 2.3000e+01 3.0000e+01 2.4000e+01 3.0000e+01 3.5000e+01 2.7000e+01 2.1000e+01 2.9000e+01 2.7000e+01
1.2000e+01 2.6000e+01 2.5000e+01 2.3000e+01 2.0000e+01 3.0000e+01 9.7100e+02 2.3000e+01 2.2000e+01 2.7000e+01 2.0000e+01 1.7000e+01 2.3000e+01 2.1000e+01 2.5000e+01 2.3000e+01 3.0000e+01 2.0000e+01 3.4000e+01 2.1000e+01 3.6000e+01 2.3000e+01 4.8680e+03 2.6000e+01 2.1000e+01 2.9000e+01 3.3000e+01 2.0000e+01 2.2000e+01 2.1000e+01 1.5000e+01 3.1000e+01 2.6000e+01 2.2000e+01 2.5000e+01 2.7000e+01 2.9000e+01 1.5000e+01 3.6000e+01 2.2000e+01 1.7000e+01 2.2000e+01 2.4000e+01 2.2000e+01 1.8000e+01 3.0000e+01 2.7000e+01 3.2000e+01 2.2000e+01 2.7000e+01
1.9000e+01 1.9000e+01 2.2000e+01 2.8000e+01 1.6000e+01 2.8000e+01 2.1340e+03 2.0000e+01 2.2000e+01 2.0000e+01 2.7000e+01 3.0000e+01 2.7000e+01 2.1000e+01 2.9000e+01 2.5000e+01 2.6000e+01 2.5000e+01 2.6000e+01 3.2000e+01 2.6000e+01 2.6000e+01 2.4000e+01 2.4000e+01 3.0000e+01 2.8000e+01 2.1000e+01 2.9000e+01 2.9000e+01 2.5000e+01 2.6000e+01 1.6000e+01 1.8000e+01 2.1000e+01 2.8000e+01 2.2000e+01 1.5000e+01 2.5000e+01 1.2910e+03 2.7000e+01 1.9000e+01 2.8000e+01 2.7000e+01 1.7000e+01 1.7000e+01 2.3000e+01 2.0000e+01 2.7000e+01 2.4000e+01 2.7000e+01
2.8000e+01 2.3000e+01 3.1000e+01 1.9000e+01 3.5000e+01 2.8000e+01 2.3000e+01 1.9000e+01 1.5000e+01 3.4000e+01 2.5000e+01 2.4000e+01 2.0000e+01 2.6000e+01 1.8000e+01 2.2000e+01 3.0000e+01 2.9000e+01 3.6000e+01 2.7000e+01 3.1000e+01 3.2000e+01 2.5000e+01 2.6000e+01 2.5000e+01 2.4000e+01 1.8000e+01 2.4000e+01 2.1000e+01 2.2000e+01 1.7000e+01 2.6000e+01 2.2000e+01 2.4000e+01 1.9000e+01 3.0000e+01 2.7000e+01 3.0000e+01 2.6000e+01 4.9510e+03 1.9000e+01 2.0000e+01 3.0000e+01 2.4000e+01 1.9000e+01 1.8000e+01 2.8000e+01 1.8000e+01 2.9000e+01 2.0000e+01
3.2000e+01 2.1000e+01 3.2000e+01 2.1000e+01 2.7000e+01 3.3000e+01 2.1000e+01 2.2000e+01 1.8000e+01 2.0000e+01 2.8000e+01 2.3000e+01 2.5000e+01 3.2000e+01 1.9000e+01 3.2000e+01 2.5000e+01 1.9000e+01 3.1000e+01 2.5000e+01 2.5000e+01 2.1000e+01 1.5000e+01 2.0000e+01 2.3000e+01 1.9000e+01 2.9000e+01 1.8000e+01 2.1000e+01 1.7000e+01 2.6000e+01 2.8000e+01 2.6000e+01 2.0000e+01 1.8000e+01 2.0000e+01 2.4000e+01 3.4000e+01 2.1000e+01 1.8000e+01 2.5000e+01 2.6000e+01 3.0000e+01 2.1000e+01 2.7000e+01 4.8210e+03 2.5000e+01 2.8000e+01 2.1000e+01 1.4000e+01
2.9000e+01 1.9000e+01 2.8000e+01 2.9000e+01 1.7000e+01 2.0000e+01 2.1000e+01 2.7000e+01 2.4000e+01 2.2000e+01 2.6000e+01 2.1000e+01 2.5000e+01 1.7000e+01 2.1000e+01 2.4000e+01 3.7000e+01 2.2000e+01 2.0000e+01 3.2000e+01 1.4000e+01 2.7000e+01 3.0000e+01 1.7000e+01 2.7000e+01 2.3000e+01 3.1000e+01 3.0000e+01 3.0000e+01 1.7000e+01 2.7000e+01 2.0000e+01 1.9000e+01 3.8000e+01 2.4000e+01 2.6000e+01 1.8000e+01 1.9000e+01 2.9000e+01 2.4000e+01 2.2000e+01 2.0000e+01 3.4000e+01 3.1000e+01 2.2000e+01 2.4000e+01 2.0000e+01 2.1000e+01 3.0000e+01 2.1000e+01
2.3000e+01 2.6000e+01 2.5000e+01 2.0000e+01 2.2000e+01 1.9000e+01 2.6000e+01 1.7000e+01 1.5000e+01 2.2000e+01 2.5000e+01 2.0000e+01 2.2000e+01 2.9000e+01 2.9000e+01 1.7000e+01 2.2000e+01 2.7000e+01 2.3000e+01 2.1000e+01 2.5000e+01 2.4000e+01 2.4000e+01 2.7000e+01 2.3000e+01 2.9000e+01 1.9000e+01 2.1000e+01 2.6000e+01 2.6000e+01 2.0000e+01 2.2000e+01 2.3000e+01 3.1000e+01 2.9000e+01 2.4000e+01 2.0000e+01 2.1000e+01 2.2000e+01 2.0000e+01 3.2000e+01 2.4000e+01 3.2000e+01 2.5000e+01 4.7200e+03 3.4000e+01 2.8000e+01 2.0000e+01 3.0000e+01 2.4000e+01
2.8000e+01 3.2000e+01 2.3000e+01 2.3000e+01 4.8130e+03 2.4000e+01 1.9000e+01 1.2000e+01 1.8000e+01 2.7000e+01 2.6000e+01 3.2000e+01 2.2000e+01 1.9000e+01 2.9000e+01 3.4000e+01 2.9000e+01 3.1000e+01 2.3000e+01 2.1000e+01 2.8000e+01 2.2000e+01 3.0000e+01 1.5000e+01 2.3000e+01 2.8000e+01 2.8000e+01 2.5000e+01 2.7000e+01 1.7000e+01 2.6000e+01 2.7000e+01 2.8000e+01 1.6000e+01 2.9000e+01 2.6000e+01 2.2000e+01 3.0000e+01 2.6000e+01 2.6000e+01 2.4000e+01 2.0000e+01 3.1000e+01 2.6000e+01 2.2000e+01 2.7000e+01 2.3000e+01 2.2000e+01 3.0000e+01 2.6000e+01
3.0000e+01 2.8000e+01 3.1000e+01 3.1000e+01 2.8000e+01 3.6000e+01 2.3000e+01 2.9000e+01 2.4000e+01 2.1000e+01 2.3000e+01 2.2000e+01 2.8000e+01 2.2000e+01 2.2000e+01 2.1000e+01 2.8000e+01 2.2000e+01 3.1000e+01 2.0000e+01 2.3000e+01 2.9000e+01 2.3000e+01 1.9060e+03 1.6000e+01 2.4000e+01 2.5000e+01 2.8000e+01 3.0000e+01 1.1000e+01 4.4000e+01 2.6000e+01 2.1000e+01 2.5000e+01 3.0000e+01 2.2000e+01 2.5000e+01 1.9000e+01 2.6000e+01 2.3000e+01 2.9000e+01 4.4950e+03 2.5000e+01 1.8000e+01 2.9000e+01 2.1000e+01 2.6000e+01 2.8000e+01 2.5000e+01 1.7000e+01
2.9000e+01 2.1000e+01 1.8000e+01 2.8000e+01 1.9000e+01 2.4000e+01 2.4000e+01 2.5000e+01 2.0000e+01 2.4000e+01 2.9000e+01 1.6000e+01 2.6000e+01 2.1000e+01 1.4000e+01 2.9000e+01 2.3000e+01 3.8000e+01 3.0000e+01 3.1000e+01 2.4000e+01 1.9000e+01 2.5000e+01 2.5000e+01 3.2000e+01 2.0000e+01 2.6510e+03 2.2000e+01 4.7330e+03 2.3000e+01 2.9000e+01 2.4000e+01 1.5000e+01 2.3000e+01 2.6000e+01 1.8000e+01 2.3000e+01 2.5000e+01 2.2000e+01 3.1000e+01 1.6000e+01 2.3000e+01 2.7000e+01 2.1000e+01 2.4000e+01 2.3000e+01 3.5000e+01 2.6000e+01 3.4000e+01 2.5000e+01
2.4000e+01 2.1000e+01 2.8000e+01 4.1000e+01 2.4000e+01 2.7000e+01 1.7000e+01 5.1000e+01 2.6000e+01 1.4000e+01 2.7000e+01 1.7000e+01 2.6000e+01 2.3000e+01 2.8000e+01 2.3000e+01 2.7000e+01 2.8000e+01 2.8000e+01 2.9580e+03 2.5000e+01 3.1000e+01 1.6000e+01 2.3000e+01 2.8000e+01 3.0000e+01 1.9000e+01 2.9000e+01 1.5000e+01 2.4000e+01 4.6000e+01 2.7000e+01 1.7000e+01 2.0000e+01 3.2000e+01 2.6000e+01 2.3000e+01 2.4000e+01 2.7000e+01 2.5000e+01 2.3000e+01 2.4000e+01 2.3000e+01 2.5000e+01 2.8000e+01 2.5000e+01 3.1000e+01 2.0000e+01 4.6270e+03 2.3000e+01
2.0000e+01 2.5000e+01 1.8000e+01 2.9000e+01 2.7000e+01 1.6000e+01 2.4000e+01 2.3000e+01 2.1000e+01 2.1000e+01 1.1000e+01 2.9000e+01 2.6000e+01 1.9000e+01 3.2000e+01 2.0000e+01 1.8000e+01 2.6000e+01 2.7000e+01 3.0000e+01 2.3000e+01 4.7800e+03 2.6000e+01 1.9000e+01 1.4000e+01 2.9000e+01 2.2000e+01 1.8000e+01 2.7000e+01 2.9000e+01 1.7000e+01 2.0000e+01 2.2000e+01 2.6000e+01 1.4000e+01 2.9000e+01 2.9000e+01 1.8000e+01 2.5000e+01 2.7000e+01 1.7000e+01 3.1000e+01 2.8000e+01 2.3000e+01 2.3000e+01 3.8000e+01 2.0000e+01 2.9000e+01 1.9000e+01 2.2000e+01
2.6000e+01 2.8000e+01 2.4000e+01 3.2000e+01 2.1000e+01 2.3000e+01 3.0000e+01 2.8000e+01 1.5000e+01 2.2000e+01 3.5000e+01 2.9000e+01 3.4000e+01 4.4200e+03 2.3000e+01 1.8000e+01 1.7000e+01 2.1000e+01 1.9000e+01 4.2000e+01 2.0000e+01 2.9000e+01 1.5000e+01 2.8000e+01 2.1000e+01 2.8000e+01 2.3000e+01 2.3000e+01 2.2000e+01 2.1000e+01 2.4000e+01 3.0000e+01 1.9540e+03 1.8000e+01 3.5000e+01 3.2000e+01 2.2000e+01 1.8000e+01 3.3000e+01 3.0000e+01 2.2000e+01 2.5000e+01 2.7000e+01 1.1550e+03 3.1000e+01 2.2000e+01 2.7000e+01 1.9000e+01 2.3000e+01 2.6000e+01
2.5000e+01 2.6000e+01 2.4000e+01 2.1000e+01 2.1000e+01 2.7000e+01 2.9000e+01 2.9000e+01 1.9000e+01 2.2000e+01 2.6000e+01 2.0000e+01 3.3000e+01 2.0000e+01 3.3000e+01 3.1000e+01 3.1000e+01 2.1000e+01 2.6000e+01 2.3000e+01 2.7000e+01 2.1000e+01 2.3000e+01 2.8000e+01 2.9000e+01 2.5000e+01 1.5000e+01 2.0000e+01 2.0000e+01 2.9000e+01 3.1000e+01 2.5000e+01 2.2000e+01 2.8000e+01 2.0600e+02 2.5000e+01 3.5000e+01 1.7000e+01 2.1000e+01 2.0000e+01 2.3000e+01 2.3000e+01 2.6000e+01 2.7000e+01 3.0000e+01 2.1000e+01 2.7000e+01 4.6830e+03 1.7000e+01 2.3000e+01
2.5000e+01 2.7000e+01 2.7000e+01 3.0000e+01 2.3000e+01 2.4000e+01 2.5000e+01 1.7000e+01 2.5000e+01 1.9000e+01 3.6270e+03 2.2000e+01 2.3000e+01 2.9000e+01 2.7000e+01 2.5000e+01 2.6000e+01 2.2000e+01 2.0000e+01 3.1000e+01 2.1000e+01 2.9000e+01 1.9000e+01 2.1000e+01 2.6000e+01 2.2000e+01 2.6000e+01 2.1000e+01 2.6000e+01 2.0000e+01 3.4000e+01 2.2000e+01 3.0000e+01 2.5000e+01 1.6000e+01 2.4000e+01 3.4000e+01 3.0000e+01 2.6000e+01 2.1000e+01 2.4000e+01 2.4000e+01 2.0000e+01 2.8000e+01 2.8000e+01 2.2000e+01 2.9000e+01 2.8000e+01 2.7000e+01 2.9000e+01
3.3000e+01 2.7730e+03 3.8000e+01 2.4000e+01 2.6000e+01 3.2000e+01 2.0000e+01 2.5000e+01 2.3000e+01 2.6000e+01 2.9000e+01 2.8000e+01 2.2000e+01 2.9000e+01 2.0000e+01 2.2000e+01 2.1000e+01 1.9000e+01 2.0000e+01 2.3000e+01 3.3000e+01 2.8000e+01 2.5000e+01 2.4000e+01 2.0000e+01 2.7000e+01 2.8000e+01 2.9000e+01 2.4000e+01 2.0000e+01 2.2000e+01 3.0000e+01 2.4000e+01 3.0000e+01 3.7000e+01 2.2000e+01 4.8110e+03 2.5000e+01 3.2000e+01 2.2000e+01 2.7000e+01 3.1000e+01 1.8000e+01 3.2000e+01 1.7000e+01 2.6000e+01 2.6000e+01 2.0000e+01 2.9000e+01 2.6000e+01
2.9000e+01 2.3000e+01 3.3000e+01 2.3000e+01 2.4000e+01 2.7000e+01 3.1000e+01 2.8000e+01 1.9000e+01 2.0000e+01 1.1820e+03 2.8000e+01 2.7000e+01 2.7000e+01 1.8000e+01 2.2000e+01 2.7000e+01 2.1000e+01 2.2000e+01 2.0000e+01 2.7000e+01 2.6000e+01 2.7000e+01 2.4000e+01 2.2000e+01 2.3000e+01 2.8000e+01 2.6000e+01 3.1000e+01 2.2000e+01 2.8000e+01 2.3000e+01 3.1000e+01 3.2000e+01 2.0000e+01 2.1000e+01 1.9000e+01 2.3000e+01 2.2000e+01 1.6000e+01 2.7000e+01 2.2000e+01 4.7630e+03 2.2000e+01 2.5000e+01 2.8000e+01 1.1000e+01 2.6000e+01 2.4000e+01 2.7000e+01
2.0000e+01 3.5000e+01 1.6000e+01 2.5000e+01 2.3000e+01 2.6000e+01 1.9000e+01 2.8000e+01 2.7000e+01 3.2000e+01 2.3000e+01 2.5000e+01 1.8000e+01 3.2000e+01 2.4000e+01 2.5000e+01 1.9000e+01 2.3000e+01 2.9000e+01 2.1000e+01 2.3000e+01 2.7000e+01 1.8000e+01 2.3000e+01 1.6000e+01 3.4000e+01 2.3000e+01 2.7000e+01 2.9000e+01 2.3000e+01 2.6000e+01 3.1000e+01 3.2000e+01 2.7000e+01 2.9000e+01 1.8000e+01 1.8000e+01 2.0000e+01 2.6000e+01 3.6000e+01 3.4000e+01 2.7000e+01 3.1000e+01 2.1000e+01 1.8000e+01 2.8000e+01 2.4000e+01 2.2000e+01 1.4000e+01 2.8000e+01
3.0000e+01 2.8000e+01 1.9000e+01 3.4000e+01 2.1000e+01 3.0000e+01 2.4000e+01 2.9000e+01 2.7000e+01 2.1000e+01 2.6000e+01 2.2000e+01 3.2000e+01 3.1000e+01 1.9000e+01 2.6000e+01 2.2000e+01 1.9000e+01 2.7000e+01 3.0000e+01 2.1000e+01 2.1000e+01 1.9000e+01 2.2000e+01 3.1000e+01 2.2000e+01 2.0000e+01 2.6000e+01 3.2000e+01 2.1000e+01 2.3000e+01 3.1000e+01 3.8000e+01 2.3000e+01 1.9000e+01 3.3000e+01 3.6000e+01 2.3000e+01 3.0000e+01 2.9000e+01 2.4000e+01 3.1000e+01 2.2000e+01 3.5000e+01 3.1000e+01 2.9000e+01 2.8000e+01 1.9000e+01 2.9000e+01 4.7960e+03
2.1000e+01 2.8000e+01 2.4000e+01 2.6000e+01 3.1000e+01 2.2000e+01 2.8000e+01 2.5000e+01 2.7000e+01 3.0000e+01 2.8000e+01 2.6000e+01 2.2000e+01 2.1000e+01 2.7000e+01 2.3000e+01 2.1000e+01 1.8000e+01 2.2000e+01 2.8000e+01 2.7000e+01 2.3000e+01 2.2000e+01 2.9000e+01 2.4000e+01 3.2000e+01 2.7000e+01 2.6000e+01 2.4000e+01 2.3000e+01 2.6000e+01 2.5000e+01 3.1000e+01 4.7790e+03 3.0000e+01 2.1000e+01 3.3000e+01 2.5000e+01 2.9000e+01 2.6000e+01 2.4000e+01 2.5000e+01 2.5000e+01 2.1000e+01 3.3000e+01 2.3000e+01 3.0000e+01 2.3000e+01 2.6000e+01 2.2000e+01
2.1000e+01 1.9000e+01 1.9000e+01 2.6000e+01 3.8000e+01 2.8000e+01 2.8000e+01 2.2000e+01 1.7000e+01 2.1000e+01 2.9000e+01 3.1000e+01 2.8000e+01 3.2000e+01 2.1000e+01 2.5000e+01 4.7900e+03 2.4000e+01 3.4000e+01 2.5000e+01 3.3000e+01 1.7000e+01 2.3000e+01 1.7630e+03 2.2000e+01 2.2000e+01 2.6000e+01 2.8000e+01 2.2000e+01 3.0000e+01 1.6000e+01 2.9300e+02 2.4000e+01 2.8000e+01 1.8000e+01 2.3000e+01 1.7000e+01 2.7000e+01 1.7000e+01 3.4000e+01 2.0000e+01 2.1000e+01 2.9000e+01 2.3000e+01 2.6000e+01 2.0000e+01 3.4000e+01 2.5000e+01 1.9000e+01 1.8000e+01
1.8000e+01 2.9000e+01 3.6000e+01 3.2000e+01 2.2000e+01 2.1000e+01 2.2000e+01 2.7000e+01 2.3000e+01 2.7000e+01 2.3000e+01 2.3000e+01 2.2000e+01 3.7000e+01 1.9000e+01 1.7000e+01 2.2000e+01 2.2000e+01 3.0000e+01 2.2000e+01 2.4000e+01 1.7000e+01 3.2000e+01 2.1000e+01 1.7000e+01 1.9000e+01 3.1000e+01 2.9000e+01 2.9000e+01 2.6000e+01 2.0000e+01 1.8000e+01 9.0000e+00 2.1000e+01 2.9000e+01 4.7750e+03 2.2000e+01 2.3000e+01 1.6000e+01 2.3000e+01 3.0000e+01 2.9000e+01 2.8000e+01 1.9000e+01 1.9000e+01 3.2000e+01 6.2600e+02 2.4000e+01 3.1000e+01 2.8000e+01
2.1000e+01 1.9000e+01 2.7000e+01 2.1000e+01 2.4000e+01 3.0000e+01 1.8000e+01 2.1000e+01 2.7000e+01 3.1000e+01 2.6000e+01 2.9000e+01 1.7000e+01 1.4000e+01 2.0000e+01 2.4000e+01 2.8000e+01 2.0000e+01 2.2000e+01 1.8000e+01 2.3000e+01 2.1000e+01 1.8000e+01 2.8000e+01 1.7000e+01 2.1000e+01 2.0000e+01 4.6780e+03 2.5000e+01 2.0000e+01 2.3000e+01 2.2000e+01 2.4000e+01 2.8000e+01 2.9000e+01 2.5000e+01 2.8000e+01 7.1500e+02 2.3000e+01 2.9000e+01 1.8000e+01 2.4000e+01 2.0000e+01 3.3000e+01 1.7500e+02 1.3000e+01 3.1000e+01 2.4000e+01 2.4000e+01 2.6000e+01
1.4650e+03 3.3000e+01 2.4000e+01 2.3000e+01 2.0000e+01 2.1000e+01 2.3000e+01 2.4000e+01 2.2000e+01 3.3000e+01 2.8000e+01 4.7700e+03 2.7000e+01 2.3000e+01 3.0000e+01 2.8000e+01 2.8000e+01 3.4000e+01 2.3000e+01 2.3000e+01 2.5000e+01 2.4000e+01 2.9000e+01 2.6000e+01 2.1000e+01 2.2000e+01 2.7000e+01 2.9000e+01 2.8000e+01 2.0000e+01 1.6000e+01 2.5000e+01 2.4000e+01 3.0000e+01 2.4000e+01 3.0000e+01 3.4000e+01 2.7000e+01 1.7000e+01 2.6000e+01 3.6000e+01 1.4000e+01 3.0000e+01 1.9000e+01 2.2000e+01 2.7000e+01 2.0000e+01 2.2000e+01 1.5000e+01 1.4000e+01
2.0000e+01 2.3000e+01 2.0000e+01 3.2000e+01 3.3000e+01 2.5000e+01 2.0000e+01 3.7000e+01 2.5000e+01 3.5000e+01 2.2000e+01 3.3000e+01 3.0000e+01 2.3000e+01 2.1000e+01 2.7000e+01 2.9000e+01 2.8000e+01 2.5000e+01 2.6000e+01 3.0000e+01 3.0000e+01 2.0000e+01 2.4000e+01 2.2000e+01 2.0000e+01 1.9000e+01 3.3000e+01 3.4000e+01 2.5000e+01 1.4000e+01 2.0000e+01 2.8000e+01 2.8000e+01 2.0000e+01 2.3000e+01 2.3000e+01 2.1000e+01 2.2000e+01 2.7000e+01 2.7000e+01 2.8000e+01 1.9000e+01 2.2000e+01 2.3000e+01 2.7000e+01 2.7000e+01 2.4000e+01 1.9000e+01 3.1000e+01
2.8000e+01 1.9000e+01 1.6000e+01 1.9000e+01 1.7000e+01 2.4000e+01 2.3000e+01 3.0000e+01 3.4000e+01 2.1000e+01 2.7000e+01 2.2000e+01 2.4000e+01 2.5000e+01 2.6000e+01 3.0000e+01 1.8000e+01 3.0000e+01 1.4000e+01 2.0000e+01 3.6000e+01 2.2000e+01 2.8000e+01 2.1000e+01 2.7000e+01 2.6000e+01 2.1000e+01 3.2000e+01 3.9000e+01 2.6000e+01 1.7000e+01 2.4000e+01 2.7000e+01 3.0000e+01 2.9000e+01 2.9000e+01 2.8000e+01 3.1000e+01 2.7000e+01 2.4000e+01 2.6000e+01 2.4000e+01 2.3000e+01 3.3000e+01 2.3000e+01 2.8000e+01 2.6000e+01 2.3000e+01 2.8000e+01 2.9000e+01
2.2000e+01 2.1000e+01 3.3000e+01 4.7940e+03 2.7000e+01 3.1000e+01 2.4000e+01 2.3000e+01 2.3000e+01 3.1000e+01 2.6000e+01 2.6000e+01 2.6000e+01 2.7000e+01 1.7000e+01 2.1000e+01 1.7000e+01 2.7000e+01 3.1000e+01 2.5000e+01 2.8000e+01 1.5000e+01 2.0000e+01 2.7000e+01 2.2000e+01 1.7000e+01 2.3000e+01 2.3000e+01 2.7000e+01 2.0000e+01 2.6000e+01 2.7000e+01 2.7000e+01 2.4000e+01 2.2000e+01 2.4000e+01 2.6000e+01 2.8000e+01 2.4000e+01 1.7000e+01 1.5480e+03 2.1000e+01 3.3000e+01 2.2000e+01 3.4000e+01 2.8000e+01 2.3000e+01 2.3000e+01 2.0000e+01 1.8000e+01
3.4000e+01 2.7000e+01 3.2000e+01 2.9000e+01 2.9000e+01 3.4000e+01 2.3000e+01 2.0000e+01 4.9660e+03 1.5000e+01 2.3000e+01 2.7000e+01 2.9000e+01 2.3000e+01 2.3000e+01 2.4000e+01 2.9000e+01 2.4000e+01 3.6000e+01 2.6000e+01 1.8000e+01 2.3000e+01 2.7000e+01 3.3000e+01 2.0000e+01 1.7000e+01 2.2000e+01 2.6000e+01 3.5000e+01 1.7000e+01 3.9000e+01 2.4000e+01 3.2000e+01 3.5000e+01 6.4300e+02 1.4000e+01 2.3000e+01 2.7000e+01 2.7000e+01 2.5000e+01 1.9000e+01 3.0000e+01 2.4000e+01 2.8000e+01 3.5000e+01 2.4000e+01 6.9300e+02 2.1000e+01 3.1000e+01 2.2000e+01
1.6000e+01 1.7000e+01 2.0000e+01 1.5000e+01 2.6000e+01 2.9000e+01 1.5000e+01 2.0000e+01 1.7000e+01 1.2150e+03 3.2000e+01 1.9000e+01 2.8000e+01 2.0000e+01 2.1000e+01 3.3000e+01 2.2000e+01 2.5000e+01 2.6000e+01 2.0000e+01 2.5000e+01 2.6000e+01 1.8000e+01 2.0000e+01 4.7010e+03 2.0000e+01 2.7000e+01 1.3000e+01 3.1000e+01 2.8000e+01 1.9000e+01 1.9000e+01 3.1000e+01 1.4000e+01 2.7000e+01 2.7000e+01 2.0000e+01 2.4000e+01 2.9000e+01 2.2000e+01 2.3000e+01 2.9000e+01 2.1000e+01 2.0000e+01 2.0000e+01 2.4000e+01 2.3000e+01 3.4000e+01 1.4000e+01 2.8000e+01
2.1000e+01 2.1000e+01 3.0000e+01 2.8000e+01 2.4000e+01 2.9000e+01 3.5000e+01 2.5000e+01 2.8000e+01 2.3000e+01 2.3000e+01 2.9000e+01 1.4000e+01 3.0000e+01 1.0650e+03 2.3000e+01 2.7000e+01 1.9000e+01 3.8000e+01 2.4000e+01 2.3000e+01 2.4000e+01 2.0000e+01 2.4000e+01 2.0000e+01 4.7880e+03 2.3000e+01 3.1000e+01 2.9000e+01 3.1000e+01 2.9000e+01 3.6000e+01 2.4000e+01 2.4000e+01 2.6000e+01 1.9000e+01 2.3000e+01 3.4000e+01 2.7000e+01 2.3000e+01 2.6000e+01 2.3000e+01 2.6000e+01 1.3000e+01 1.6000e+01 1.8000e+01 1.8000e+01 2.5000e+01 3.4000e+01 2.0000e+01
3.0000e+01 2.8000e+01 2.0000e+01 1.8000e+01 1.8000e+01 4.1900e+02 2.6000e+01 3.2000e+01 2.8000e+01 2.2000e+01 2.4000e+01 3.3000e+01 2.2000e+01 2.3000e+01 2.7000e+01 2.1000e+01 3.1000e+01 1.4000e+01 1.9000e+01 2.5000e+01 2.2000e+01 1.7000e+01 3.7000e+01 3.2000e+01 1.9000e+01 3.4000e+01 2.2000e+01 1.9000e+01 2.0000e+01 3.7900e+02 2.3000e+01 1.7000e+01 2.8000e+01 2.7000e+01 3.7370e+03 2.7000e+01 2.7000e+01 2.4000e+01 3.6000e+01 1.6000e+01 2.3000e+01 2.5000e+01 3.0000e+01 3.0000e+01 2.2000e+01 2.7000e+01 2.9000e+01 2.5000e+01 2.9000e+01 3.1000e+01
2.3000e+01 1.4000e+01 2.9000e+01 2.7000e+01 2.3000e+01 1.6000e+01 2.9000e+01 3.0810e+03 2.6000e+01 2.7000e+01 2.5000e+01 2.1000e+01 3.8770e+03 2.9000e+01 2.5000e+01 2.5000e+01 1.6000e+01 2.7000e+01 2.0000e+01 2.4000e+01 2.4000e+01 1.7000e+01 1.2000e+01 2.2000e+01 3.3000e+01 1.4000e+01 2.5000e+01 2.8000e+01 3.0000e+01 2.0000e+01 2.5000e+01 3.0000e+01 1.8000e+01 2.9000e+01 2.1000e+01 2.4000e+01 2.8000e+01 1.7000e+01 2.5000e+01 3.3000e+01 3.4000e+01 2.0000e+01 3.1000e+01 3.1000e+01 2.4000e+01 2.3000e+01 2.3000e+01 2.6000e+01 2.3000e+01 1.8000e+01
2.6000e+01 2.5000e+01 2.7000e+01 3.1000e+01 2.7000e+01 2.7000e+01 2.4000e+01 2.3000e+01 2.6000e+01 2.2000e+01 2.2000e+01 2.1000e+01 2.1000e+01 2.2000e+01 2.9000e+01 1.4000e+01 2.7000e+01 2.9000e+01 3.3000e+01 3.3000e+01 2.2000e+01 2.4000e+01 2.8000e+01 2.8000e+01 3.1000e+01 2.1000e+01 2.3000e+01 2.6000e+01 2.0000e+01 2.2000e+01 2.6000e+01 3.1000e+01 2.6000e+01 2.7000e+01 1.8000e+01 2.5000e+01 1.9000e+01 2.9000e+01 3.0000e+01 2.5000e+01 2.4000e+01 2.1000e+01 2.5000e+01 2.7000e+01 2.3000e+01 2.7000e+01 1.3000e+01 2.2000e+01 2.4000e+01 2.6000e+01
2.4000e+01 2.0000e+01 3.0000e+01 3.4000e+01 2.0000e+01 2.1000e+01 1.7000e+01 2.3000e+01 3.3000e+01 2.4000e+01 2.0000e+01 2.4000e+01 2.9000e+01 3.0000e+01 2.7000e+01 2.3000e+01 2.4000e+01 2.4000e+01 4.8400e+03 2.5000e+01 3.1000e+01 2.6000e+01 1.9000e+01 1.0990e+03 1.3000e+01 2.0000e+01 2.6000e+01 2.5000e+01 2.1000e+01 2.3000e+01 1.4000e+01 2.5000e+01 2.4000e+01 3.1000e+01 3.3000e+01 1.7000e+01 2.3000e+01 2.9000e+01 1.8000e+01 2.6000e+01 2.7100e+02 2.7000e+01 1.7000e+01 2.5000e+01 3.1000e+01 3.5000e+01 2.4000e+01 2.1000e+01 2.4000e+01 1.6000e+01
2.0000e+01 2.3000e+01 2.6000e+01 2.7000e+01 1.9000e+01 2.6000e+01 2.6000e+01 2.2000e+01 2.3000e+01 2.9000e+01 2.4000e+01 2.3000e+01 2.2000e+01 3.0000e+01 3.8310e+03 2.8000e+01 3.0000e+01 2.4000e+01 3.0000e+01 2.8000e+01 2.1000e+01 2.5000e+01 3.0000e+01 2.0000e+01 1.6000e+01 2.5000e+01 2.4000e+01 3.0000e+01 2.5000e+01 2.9000e+01 2.6000e+01 2.7000e+01 2.8000e+01 2.5000e+01 2.5000e+01 2.0000e+01 2.4000e+01 2.2000e+01 2.5000e+01 3.4000e+01 2.4000e+01 2.0000e+01 2.5000e+01 2.3000e+01 2.1000e+01 2.3000e+01 1.9000e+01 1.6000e+01 2.2000e+01 2.2000e+01
2.8000e+01 2.2000e+01 2.1000e+01 3.1000e+01 2.4000e+01 4.4990e+03 2.1000e+01 1.4000e+01 3.4000e+01 1.6000e+01 1.8000e+01 3.4000e+01 2.5000e+01 2.2000e+01 1.7000e+01 2.1000e+01 2.2000e+01 2.6000e+01 2.4000e+01 1.8000e+01 2.5000e+01 2.0000e+01 2.7000e+01 2.7000e+01 2.4000e+01 1.7000e+01 3.4000e+01 2.3000e+01 2.4000e+01 1.8000e+01 2.0000e+01 2.4000e+01 2.2000e+01 2.1000e+01 2.5000e+01 1.6000e+01 2.3000e+01 3.0000e+01 2.4000e+01 2.8000e+01 2.8000e+01 3.0000e+01 2.2000e+01 2.0000e+01 3.0000e+01 1.4000e+01 2.6000e+01 2.3000e+01 2.6000e+01 3.7000e+01
2.2000e+01 2.6000e+01 3.6100e+03 2.2000e+01 3.1000e+01 2.3000e+01 2.3000e+01 2.8000e+01 1.4000e+01 3.4000e+01 2.4000e+01 3.0000e+01 9.9400e+02 3.8000e+02 2.6000e+01 2.7000e+01 2.7000e+01 4.1000e+01 1.6000e+01 1.7130e+03 1.8000e+01 3.3000e+01 2.3000e+01 2.6000e+01 1.3000e+01 1.8000e+01 2.2000e+01 2.6000e+01 2.9000e+01 3.7000e+01 2.2000e+01 1.7000e+01 2.2000e+01 1.4000e+01 2.8000e+01 2.1000e+01 2.2000e+01 3.1000e+01 3.0000e+01 2.6000e+01 3.1000e+01 2.1000e+01 1.4000e+01 2.6000e+01 2.5000e+01 2.9000e+01 2.3000e+01 2.2000e+01 2.7000e+01 2.9000e+01
2.4000e+01 2.8000e+01 1.2100e+03 3.2000e+01 2.4000e+01 2.2000e+01 2.4000e+01 2.0000e+01 2.5000e+01 2.2000e+01 2.3000e+01 2.4000e+01 3.0000e+01 2.3000e+01 2.4000e+01 1.6000e+01 2.3000e+01 3.1000e+01 2.5000e+01 3.0000e+01 2.3000e+01 2.5000e+01 1.6000e+01 1.9000e+01 2.5000e+01 2.1000e+01 2.9000e+01 2.9000e+01 1.7000e+01 3.0000e+01 4.8020e+03 2.2000e+01 2.6000e+01 2.7000e+01 2.2000e+01 2.8000e+01 3.0000e+01 2.0000e+01 2.1000e+01 2.2000e+01 2.9000e+01 1.9000e+01 1.9000e+01 2.9000e+01 2.3000e+01 1.6000e+01 2.0000e+01 2.3000e+01 2.5000e+01 1.8000e+01
6.1600e+02 2.1000e+01 3.2000e+01 2.5000e+01 1.7000e+01 1.9000e+01 2.7000e+01 2.3000e+01 1.9000e+01 3.1000e+01 3.1000e+01 3.1000e+01 2.3000e+01 2.6000e+01 2.4000e+01 2.4000e+01 2.4000e+01 3.1000e+01 2.2000e+01 2.1000e+01 4.8070e+03 2.7000e+01 3.1000e+01 2.5000e+01 2.6000e+01 3.5000e+01 2.6000e+01 2.7000e+01 2.0000e+01 2.8000e+01 2.1000e+01 2.6000e+01 1.8000e+01 2.6000e+01 1.6000e+01 2.6000e+01 3.1000e+01 2.3000e+01 3.1000e+01 3.3000e+01 2.5000e+01 3.4000e+01 2.3000e+01 2.0000e+01 2.4000e+01 3.1000e+01 1.8000e+01 1.8000e+01 1.9000e+01 3.1000e+01
2.0000e+01 1.9330e+03 2.6000e+01 1.7000e+01 2.0000e+01 3.2000e+01 2.1000e+01 1.8340e+03 2.5000e+01 1.7000e+01 2.1000e+01 3.3000e+01 3.0000e+01 2.4000e+01 2.7000e+01 2.8000e+01 2.4000e+01 2.1000e+01 2.8000e+01 2.4000e+01 2.0000e+01 2.0000e+01 2.7000e+01 1.7000e+01 3.1000e+01 1.7000e+01 2.6000e+01 2.8000e+01 2.1000e+01 2.0000e+01 2.9000e+01 2.0000e+01 3.3000e+01 2.2000e+01 3.0000e+01 2.4000e+01 3.5000e+01 2.5000e+01 2.0000e+01 2.3000e+01 2.9960e+03 2.4000e+01 2.4000e+01 2.1000e+01 1.9000e+01 2.2000e+01 2.9000e+01 2.4000e+01 1.7700e+02 2.3000e+01
2.2000e+01 2.9000e+01 2.1000e+01 2.6000e+01 2.4000e+01 1.8000e+01 2.7000e+01 2.7000e+01 2.8000e+01 2.3000e+01 2.8000e+01 1.7000e+01 2.1000e+01 2.6000e+01 2.1000e+01 3.0000e+01 1.7000e+01 1.6000e+01 1.5000e+01 2.7000e+01 2.1000e+01 2.7000e+01 2.7000e+01 2.9000e+01 2.4000e+01 2.5000e+01 2.0000e+01 3.2000e+01 2.8000e+01 1.8000e+01 2.4000e+01 1.6000e+01 2.3000e+01 2.1000e+01 2.6000e+01 2.1000e+01 2.5000e+01 3.9000e+01 1.8000e+01 2.5000e+01 2.9000e+01 2.4000e+01 2.2000e+01 1.6000e+01 2.3000e+01 2.1000e+01 2.4000e+01 1.8000e+01 2.8000e+01 1.8000e+01
2.7000e+01 2.7000e+01 2.5000e+01 2.4000e+01 2.7000e+01 3.1000e+01 1.8040e+03 2.0000e+01 2.4000e+01 2.7000e+01 2.4000e+01 1.7000e+01 2.6000e+01 2.4000e+01 2.9000e+01 2.7000e+01 2.4000e+01 4.7650e+03 3.5000e+01 2.7000e+01 3.5000e+01 1.5000e+01 3.3000e+01 2.6000e+01 2.1000e+01 3.2000e+01 2.5000e+01 4.2000e+01 2.8000e+01 2.3000e+01 2.0000e+01 1.7000e+01 3.0000e+01 1.4000e+01 3.0000e+01 2.5000e+01 2.8000e+01 2.1000e+01 2.1000e+01 2.7000e+01 3.0000e+01 2.6000e+01 2.4000e+01 2.5000e+01 3.1000e+01 2.1000e+01 2.0000e+01 2.5000e+01 2.0000e+01 3.4000e+01
1.9000e+01 1.9000e+01 2.3000e+01 2.5000e+01 2.8000e+01 1.9000e+01 2.3000e+01 2.9000e+01 2.2000e+01 2.0000e+01 2.5000e+01 1.8000e+01 2.9000e+01 2.9000e+01 3.5000e+01 4.8150e+03 3.5000e+01 2.7000e+01 1.6000e+01 2.2000e+01 3.6000e+01 2.8000e+01 2.9000e+01 2.3000e+01 2.4000e+01 2.6000e+01 2.7000e+01 2.8000e+01 2.4000e+01 2.4000e+01 2.5000e+01 2.2000e+01 2.6000e+01 2.7000e+01 1.5000e+01 3.3000e+01 2.8000e+01 2.4000e+01 3.1000e+01 2.6000e+01 1.9000e+01 1.8000e+01 2.3000e+01 1.8000e+01 2.8000e+01 2.4000e+01 2.1000e+01 2.5000e+01 2.5000e+01 1.8000e+01
3.1000e+01 2.6000e+01 2.4000e+01 2.8000e+01 2.6000e+01 2.4000e+01 2.9000e+01 2.2000e+01 3.5000e+01 2.0000e+01 2.8000e+01 2.0000e+01 2.4000e+01 2.1000e+01 3.2000e+01 2.9000e+01 2.9000e+01 2.3000e+01 2.3000e+01 1.9000e+01 1.5000e+01 2.6000e+01 2.1000e+01 2.4000e+01 1.9000e+01 2.8000e+01 2.2160e+03 2.1000e+01 2.3000e+01 1.5000e+01 2.0000e+01 2.2000e+01 2.5000e+01 2.0000e+01 3.5000e+01 2.4000e+01 2.3000e+01 2.2000e+01 2.4000e+01 2.1000e+01 2.7000e+01 3.3100e+02 2.3000e+01 3.6580e+03 2.2000e+01 3.2000e+01 2.0000e+01 2.4000e+01 1.9000e+01 2.1000e+01
2.2000e+01 2.4000e+01 2.7000e+01 2.3000e+01 2.6000e+01 3.3000e+01 2.2000e+01 2.4000e+01 2.2000e+01 2.2000e+01 2.4000e+01 1.8000e+01 2.3000e+01 2.6000e+01 2.3000e+01 1.8000e+01 2.3000e+01 3.1000e+01 2.5000e+01 2.8000e+01 2.2000e+01 2.2000e+01 2.1000e+01 2.4000e+01 1.6000e+01 1.7000e+01 2.9000e+01 1.8000e+01 1.6000e+01 2.4000e+01 3.1000e+01 1.6000e+01 1.9000e+01 2.5000e+01 2.0000e+01 2.5000e+01 2.2000e+01 2.6000e+01 1.2000e+01 2.9000e+01 2.2000e+01 2.5000e+01 1.8000e+01 2.7000e+01 3.4000e+01 2.3000e+01 2.9000e+01 2.7000e+01 2.0000e+01 2.6000e+01
2.7070e+03 2.3000e+01 2.8000e+01 2.3000e+01 2.4000e+01 2.5000e+01 2.5000e+01 2.8000e+01 3.0000e+01 1.6000e+01 2.3000e+01 1.8000e+01 1.9000e+01 2.6000e+01 1.8000e+01 2.6000e+01 2.4000e+01 2.1000e+01 3.4000e+01 3.2000e+01 2.9000e+01 4.1000e+01 2.7000e+01 2.0000e+01 2.8000e+01 1.7000e+01 1.3000e+01 1.7000e+01 3.5000e+01 1.9000e+01 1.8000e+01 3.6000e+01 2.6000e+01 2.1000e+01 2.2000e+01 2.9000e+01 2.3000e+01 1.5000e+01 1.9180e+03 2.1000e+01 2.6000e+01 2.8000e+01 2.9000e+01 2.3000e+01 2.1000e+01 2.2000e+01 2.8000e+01 2.1000e+01 2.6000e+01 1.5000e+01
2.6000e+01 3.2000e+01 2.6000e+01 2.6000e+01 2.9000e+01 2.9000e+01 2.4000e+01 2.5000e+01 1.1000e+01 2.7000e+01 2.3000e+01 2.6000e+01 2.4000e+01 2.5000e+01 2.1000e+01 2.3000e+01 3.1000e+01 2.7000e+01 3.4000e+01 2.3000e+01 1.8000e+01 1.4000e+01 2.1000e+01 2.5000e+01 4.0000e+01 2.6000e+01 2.8000e+01 1.4000e+01 4.8000e+01 2.3000e+01 2.6000e+01 2.4000e+01 2.3000e+01 1.9000e+01 1.6400e+02 2.6000e+01 2.0000e+01 4.1110e+03 3.2000e+01 2.9000e+01 2.6000e+01 2.4000e+01 2.3000e+01 2.5000e+01 2.2000e+01 3.4000e+01 2.5000e+01 2.1000e+01 2.3000e+01 2.2000e+01
2.7000e+01 2.6000e+01 2.6000e+01 2.1000e+01 1.7000e+01 1.6000e+01 1.6000e+01 3.1000e+01 2.4000e+01 3.5770e+03 2.8000e+01 2.1000e+01 2.0000e+01 2.4000e+01 2.5000e+01 2.1000e+01 2.6000e+01 3.1000e+01 1.7000e+01 2.0000e+01 2.9000e+01 2.1000e+01 2.5000e+01 2.2000e+01 3.1000e+01 2.8000e+01 2.0000e+01 3.4000e+01 1.0000e+01 2.3000e+01 3.3000e+01 2.9000e+01 2.9030e+03 2.5000e+01 2.3000e+01 2.5000e+01 3.0000e+01 1.5000e+01 2.5000e+01 1.7000e+01 2.9000e+01 2.6000e+01 2.7000e+01 2.3000e+01 2.8000e+01 2.6000e+01 2.4000e+01 2.4000e+01 2.3000e+01 2.0000e+01
