7.0000e+00 3.0000e+00 1.0000e+01 8.0000e+00 6.0000e+00 1.9000e+01 2.0000e+01 6.0000e+00 6.0000e+00 2.0000e+00 1.5000e+01 1.0000e+01 2.0000e+00 6.0000e+00 5.0000e+00 9.0000e+00 4.0000e+00 3.0000e+00 3.0000e+00 1.0000e+00 2.0000e+00 6.0000e+00 5.0000e+00 5.0000e+00 3.0000e+00 8.0000e+00 1.2000e+01 3.0000e+00 8.0000e+00 1.5000e+01 2.0000e+00 8.0000e+00 6.0000e+00 1.3000e+01 1.1000e+01 1.4000e+01 5.0000e+00 1.3000e+01 1.4200e+03 1.2000e+01 7.0000e+00 4.0000e+00 2.0000e+01 6.0000e+00 8.0000e+00 7.0000e+00 1.7720e+03 1.3000e+01 3.0000e+00 5.0000e+00
6.0000e+00 3.0000e+00 3.0000e+00 1.2000e+01 6.0000e+00 1.8000e+01 5.0000e+00 8.0000e+00 5.0000e+00 9.0000e+00 4.0000e+00 3.0000e+01 1.0000e+00 0.0000e+00 1.5000e+01 1.1000e+01 1.1000e+01 7.0000e+00 0.0000e+00 1.1000e+01 1.5000e+01 7.0000e+00 4.0000e+00 4.0000e+00 6.0000e+00 2.0000e+00 6.0000e+00 8.0000e+00 1.0000e+01 1.0000e+01 3.0000e+00 4.1590e+03 8.0000e+00 2.0000e+00 1.7000e+02 1.1000e+01 6.0000e+00 1.5000e+01 2.5000e+01 7.0000e+00 1.0000e+00 5.0000e+00 1.7000e+01 1.1000e+01 1.5000e+01 5.0000e+00 2.0000e+00 9.0000e+00 3.0000e+00 2.0000e+00
7.0000e+00 1.0000e+00 2.0000e+00 6.0000e+00 3.0000e+00 1.3000e+01 1.3000e+01 5.0000e+00 0.0000e+00 7.0000e+00 6.0000e+00 0.0000e+00 2.0000e+00 3.0000e+00 2.0000e+00 9.0000e+00 3.0000e+00 6.0000e+00 3.0000e+00 3.0000e+00 5.0000e+00 1.1000e+01 2.0000e+00 5.0000e+00 3.0000e+00 6.0000e+00 2.0000e+00 1.0000e+00 1.0000e+00 3.1600e+03 6.0000e+00 4.0000e+00 0.0000e+00 5.0000e+00 7.0000e+00 1.0000e+01 0.0000e+00 1.0000e+01 2.6000e+01 8.0000e+00 0.0000e+00 3.0000e+00 1.6000e+01 6.0000e+00 7.0000e+00 3.0000e+00 4.0000e+00 3.0000e+00 2.0000e+00 5.0000e+00
4.0000e+00 0.0000e+00 3.0000e+00 3.0000e+00 1.0000e+00 1.0000e+00 5.7700e+02 1.0000e+00 1.0000e+00 3.0000e+00 2.0000e+00 7.0000e+00 0.0000e+00 7.0000e+00 5.0000e+00 7.0000e+00 3.0000e+00 0.0000e+00 4.0000e+00 4.0000e+00 5.0000e+00 5.0000e+00 1.9540e+03 7.0000e+00 0.0000e+00 0.0000e+00 6.0000e+00 0.0000e+00 0.0000e+00 1.3000e+01 0.0000e+00 3.0000e+00 0.0000e+00 1.0000e+00 1.3000e+01 3.0000e+00 1.0000e+00 0.0000e+00 1.6000e+01 1.1000e+01 0.0000e+00 0.0000e+00 7.0000e+00 0.0000e+00 0.0000e+00 1.0000e+01 0.0000e+00 5.0000e+00 0.0000e+00 3.0000e+00
5.0000e+00 1.0000e+00 4.0000e+00 7.0000e+00 4.0000e+00 1.1000e+01 2.1340e+03 7.0000e+00 7.0000e+00 3.0000e+00 5.0000e+00 4.0000e+00 2.0000e+00 3.0000e+00 8.0000e+00 1.0000e+01 1.0000e+00 1.0000e+00 7.0000e+00 1.0000e+00 6.0000e+00 6.0000e+00 9.0000e+00 8.0000e+00 4.0000e+00 5.0000e+00 3.0000e+00 6.0000e+00 1.8000e+01 1.5000e+01 2.0000e+00 1.0000e+00 4.0000e+00 2.0000e+00 1.8000e+01 4.0000e+00 1.0000e+00 6.0000e+00 1.2910e+03 6.0000e+00 0.0000e+00 6.0000e+00 1.2000e+01 2.0000e+00 6.0000e+00 4.0000e+00 7.0000e+00 2.0000e+00 5.0000e+00 4.0000e+00
8.0000e+00 0.0000e+00 0.0000e+00 5.0000e+00 8.0000e+00 3.0000e+00 7.0000e+00 5.0000e+00 5.0000e+00 1.0000e+00 8.0000e+00 3.0000e+00 0.0000e+00 0.0000e+00 4.0000e+00 4.0000e+00 0.0000e+00 3.0000e+00 2.0000e+00 2.0000e+00 0.0000e+00 4.0000e+00 3.0000e+00 3.0000e+00 1.0000e+00 1.0000e+00 1.0000e+00 6.0000e+00 1.0000e+00 4.0000e+00 1.0000e+00 6.0000e+00 4.0000e+00 2.0000e+00 8.0000e+00 1.1000e+01 1.0000e+00 7.0000e+00 1.9000e+01 4.0290e+03 3.0000e+00 1.0000e+00 1.3000e+01 4.0000e+00 7.0000e+00 6.0000e+00 1.3000e+01 1.0000e+00 1.0000e+00 0.0000e+00
1.6000e+01 1.0000e+00 8.0000e+00 1.0000e+00 4.0000e+00 1.1000e+01 8.0000e+00 0.0000e+00 0.0000e+00 0.0000e+00 1.0000e+01 0.0000e+00 2.0000e+00 3.0000e+00 0.0000e+00 3.0000e+00 0.0000e+00 0.0000e+00 0.0000e+00 2.0000e+00 1.0000e+00 0.0000e+00 4.0000e+00 1.0000e+00 1.0000e+00 2.0000e+00 0.0000e+00 1.0000e+00 1.0000e+00 1.1000e+01 1.0000e+00 0.0000e+00 0.0000e+00 4.0000e+00 0.0000e+00 2.0000e+00 0.0000e+00 4.0000e+00 0.0000e+00 2.0000e+00 0.0000e+00 0.0000e+00 3.0000e+00 0.0000e+00 0.0000e+00 2.6720e+03 4.0000e+00 1.0000e+00 1.0000e+00 1.0000e+00
5.0000e+00 2.0000e+00 3.0000e+00 3.0000e+00 4.0000e+00 4.0000e+00 2.0000e+00 1.0000e+00 1.0000e+00 2.0000e+00 4.0000e+00 2.0000e+00 3.0000e+00 1.0000e+00 1.0000e+00 6.0000e+00 3.0000e+00 4.0000e+00 2.0000e+00 1.0000e+00 2.0000e+00 5.0000e+00 5.0000e+00 0.0000e+00 2.0000e+00 1.0000e+00 1.0000e+00 2.0000e+00 0.0000e+00 3.0000e+00 8.0000e+00 2.0000e+00 1.0000e+00 3.0000e+00 1.0000e+00 2.0000e+00 1.0000e+00 3.0000e+00 1.2000e+01 1.0000e+00 1.0000e+00 0.0000e+00 3.0000e+00 5.0000e+00 0.0000e+00 1.0000e+00 1.0000e+00 4.0000e+00 1.0000e+00 3.0000e+00
1.0000e+00 6.0000e+00 2.0000e+00 1.0000e+00 5.0000e+00 1.0000e+00 1.7000e+01 0.0000e+00 2.0000e+00 3.0000e+00 1.0000e+00 3.0000e+00 0.0000e+00 2.0000e+00 7.0000e+00 9.0000e+00 3.0000e+00 5.0000e+00 3.0000e+00 1.0000e+00 4.0000e+00 2.0000e+00 0.0000e+00 7.0000e+00 2.0000e+00 3.0000e+00 1.0000e+00 5.0000e+00 3.0000e+00 7.0000e+00 4.0000e+00 1.0000e+00 3.0000e+00 8.0000e+00 6.0000e+00 5.0000e+00 1.0000e+00 8.0000e+00 5.0000e+00 1.0000e+00 0.0000e+00 4.0000e+00 3.0000e+00 3.0000e+00 2.5230e+03 2.0000e+00 2.0000e+00 2.0000e+00 3.0000e+00 2.0000e+00
4.0000e+00 3.0000e+00 2.0000e+00 3.0000e+00 2.6220e+03 9.0000e+00 1.0000e+01 2.0000e+00 2.0000e+00 2.0000e+00 1.1000e+01 6.0000e+00 3.0000e+00 2.0000e+00 2.0000e+00 1.3000e+01 4.0000e+00 7.0000e+00 6.0000e+00 6.0000e+00 5.0000e+00 1.1000e+01 4.0000e+00 3.0000e+00 1.0000e+00 7.0000e+00 5.0000e+00 1.0000e+00 4.0000e+00 3.0000e+00 6.0000e+00 2.0000e+00 6.0000e+00 3.0000e+00 6.0000e+00 8.0000e+00 0.0000e+00 1.1000e+01 1.6000e+01 4.0000e+00 1.0000e+00 1.0000e+00 8.0000e+00 4.0000e+00 3.0000e+00 4.0000e+00 4.0000e+00 5.0000e+00 5.0000e+00 8.0000e+00
2.4000e+01 5.0000e+00 1.1000e+01 2.7000e+01 5.0000e+00 1.2000e+01 1.7000e+01 2.0000e+00 1.0000e+01 3.0000e+00 4.0000e+00 6.0000e+00 1.0000e+00 5.0000e+00 2.0000e+01 1.2000e+01 7.0000e+00 1.3000e+01 1.5000e+01 2.0000e+00 1.1000e+01 2.6000e+01 1.3000e+01 1.6610e+03 8.0000e+00 9.0000e+00 1.8000e+01 7.0000e+00 4.0000e+00 3.0000e+00 2.7000e+01 1.7000e+01 1.1000e+01 1.5000e+01 1.3000e+01 1.7000e+01 4.0000e+00 1.0000e+01 1.8000e+01 1.8000e+01 1.0000e+00 3.6370e+03 2.1000e+01 1.2000e+01 2.0000e+01 1.6000e+01 9.0000e+00 1.7000e+01 9.0000e+00 2.0000e+00
7.0000e+00 2.0000e+00 3.0000e+00 2.0000e+00 2.0000e+00 1.6000e+01 1.1000e+01 1.0000e+00 0.0000e+00 0.0000e+00 8.0000e+00 3.0000e+00 2.0000e+00 0.0000e+00 5.0000e+00 2.0000e+01 2.0000e+00 4.0000e+00 3.0000e+00 1.0000e+00 8.0000e+00 2.0000e+00 6.0000e+00 3.0000e+00 1.1000e+01 1.0000e+00 1.1150e+03 0.0000e+00 1.9880e+03 9.0000e+00 9.0000e+00 2.0000e+00 0.0000e+00 0.0000e+00 1.3000e+01 5.0000e+00 0.0000e+00 1.2000e+01 1.1000e+01 0.0000e+00 0.0000e+00 9.0000e+00 7.0000e+00 3.0000e+00 0.0000e+00 3.0000e+00 6.0000e+00 5.0000e+00 1.3000e+01 3.0000e+00
2.0000e+01 1.2000e+01 2.4000e+01 2.0000e+01 1.5000e+01 1.7000e+01 1.2000e+01 3.9000e+01 1.0000e+01 8.0000e+00 1.5000e+01 1.1000e+01 1.4000e+01 1.7000e+01 1.2000e+01 5.0000e+00 1.7000e+01 1.4000e+01 2.1000e+01 2.4170e+03 1.8000e+01 1.2000e+01 1.1000e+01 1.3000e+01 2.1000e+01 2.5000e+01 8.0000e+00 1.5000e+01 1.3000e+01 1.3000e+01 4.0000e+01 2.3000e+01 1.1000e+01 6.0000e+00 2.2000e+01 1.8000e+01 1.7000e+01 2.0000e+01 1.8000e+01 1.8000e+01 1.3000e+01 2.1000e+01 7.0000e+00 1.7000e+01 1.1000e+01 1.2000e+01 1.7000e+01 1.1000e+01 3.1930e+03 1.4000e+01
6.0000e+00 2.0000e+00 2.0000e+00 1.2000e+01 1.1000e+01 5.0000e+00 3.0000e+00 5.0000e+00 4.0000e+00 1.0000e+01 2.0000e+00 1.1000e+01 3.0000e+00 3.0000e+00 1.5000e+01 6.0000e+00 2.0000e+00 5.0000e+00 2.0000e+00 1.0000e+00 4.0000e+00 3.2130e+03 2.0000e+00 6.0000e+00 2.0000e+00 7.0000e+00 6.0000e+00 2.0000e+00 5.0000e+00 1.3000e+01 3.0000e+00 5.0000e+00 6.0000e+00 3.0000e+00 8.0000e+00 1.1000e+01 2.0000e+00 1.2000e+01 1.8000e+01 1.8000e+01 2.0000e+00 7.0000e+00 1.3000e+01 2.0000e+00 7.0000e+00 2.6000e+01 5.0000e+00 9.0000e+00 1.0000e+00 5.0000e+00
6.0000e+00 4.0000e+00 5.0000e+00 1.1000e+01 1.1000e+01 2.0000e+00 1.8000e+01 4.0000e+00 5.0000e+00 8.0000e+00 1.8000e+01 5.0000e+00 1.4000e+01 1.9830e+03 1.0000e+00 1.0000e+00 9.0000e+00 3.0000e+00 7.0000e+00 2.2000e+01 6.0000e+00 9.0000e+00 4.0000e+00 1.2000e+01 5.0000e+00 9.0000e+00 6.0000e+00 5.0000e+00 5.0000e+00 5.0000e+00 5.0000e+00 8.0000e+00 6.7400e+02 1.0000e+00 1.2000e+01 7.0000e+00 3.0000e+00 9.0000e+00 1.9000e+01 6.0000e+00 7.0000e+00 4.0000e+00 1.0000e+01 5.2100e+02 1.7000e+01 5.0000e+00 1.3000e+01 6.0000e+00 1.1000e+01 3.0000e+00
0.0000e+00 0.0000e+00 1.0000e+00 5.0000e+00 4.0000e+00 4.0000e+00 2.2000e+01 6.0000e+00 1.0000e+00 1.0000e+00 6.0000e+00 3.0000e+00 2.0000e+00 3.0000e+00 1.8000e+01 8.0000e+00 1.0000e+00 0.0000e+00 3.0000e+00 6.0000e+00 8.0000e+00 5.0000e+00 1.0000e+00 3.0000e+00 3.0000e+00 1.0000e+00 4.0000e+00 4.0000e+00 1.0000e+00 4.0000e+00 1.0000e+00 4.0000e+00 3.0000e+00 1.7000e+01 1.8100e+02 6.0000e+00 1.0000e+00 1.4000e+01 1.2000e+01 2.0000e+00 1.0000e+00 1.0000e+00 1.6000e+01 2.0000e+00 2.4000e+01 0.0000e+00 1.0000e+00 3.2810e+03 2.0000e+00 3.0000e+00
3.0000e+00 0.0000e+00 3.0000e+00 2.0000e+00 0.0000e+00 8.0000e+00 1.0000e+00 0.0000e+00 1.0000e+00 1.0000e+00 1.8420e+03 1.0000e+00 8.0000e+00 5.0000e+00 8.0000e+00 0.0000e+00 3.0000e+00 0.0000e+00 2.0000e+00 1.0000e+00 5.0000e+00 0.0000e+00 4.0000e+00 1.0000e+00 8.0000e+00 2.0000e+00 0.0000e+00 5.0000e+00 2.0000e+00 0.0000e+00 2.0000e+00 1.0000e+00 1.0000e+00 2.0000e+00 5.0000e+00 2.0000e+00 0.0000e+00 0.0000e+00 7.0000e+00 1.0000e+00 0.0000e+00 0.0000e+00 0.0000e+00 8.0000e+00 0.0000e+00 7.0000e+00 3.0000e+00 5.0000e+00 5.0000e+00 1.0000e+00
1.7000e+01 2.3380e+03 4.0000e+00 1.4000e+01 2.1000e+01 1.4000e+01 9.0000e+00 1.9000e+01 7.0000e+00 2.0000e+00 2.0000e+01 1.2000e+01 9.0000e+00 2.3000e+01 5.0000e+00 1.6000e+01 1.0000e+01 1.0000e+00 5.0000e+00 2.0000e+00 6.0000e+00 2.0000e+00 4.0000e+00 2.0000e+00 1.3000e+01 1.8000e+01 6.0000e+00 1.3000e+01 3.0000e+00 1.3000e+01 0.0000e+00 1.1000e+01 0.0000e+00 5.0000e+00 1.5000e+01 1.7000e+01 3.6940e+03 0.0000e+00 1.3000e+01 4.0000e+00 1.0000e+00 7.0000e+00 1.8000e+01 0.0000e+00 1.7000e+01 1.5000e+01 0.0000e+00 1.5000e+01 1.4000e+01 1.8000e+01
5.0000e+00 3.0000e+00 0.0000e+00 5.0000e+00 3.0000e+00 5.0000e+00 4.0000e+00 0.0000e+00 2.0000e+00 0.0000e+00 6.1900e+02 3.0000e+00 0.0000e+00 6.0000e+00 4.0000e+00 1.0000e+01 0.0000e+00 0.0000e+00 0.0000e+00 0.0000e+00 3.0000e+00 1.0000e+00 0.0000e+00 2.0000e+00 3.0000e+00 0.0000e+00 0.0000e+00 1.0000e+00 4.0000e+00 8.0000e+00 3.0000e+00 1.0000e+00 2.0000e+00 2.0000e+00 2.0000e+00 2.0000e+00 0.0000e+00 1.0000e+00 1.1000e+01 4.0000e+00 0.0000e+00 3.0000e+00 1.9680e+03 0.0000e+00 2.0000e+00 5.0000e+00 0.0000e+00 3.0000e+00 1.0000e+00 1.0000e+00
6.0000e+00 1.0000e+00 0.0000e+00 2.0000e+00 0.0000e+00 3.0000e+00 6.0000e+00 1.0000e+00 1.0000e+00 1.0000e+00 5.0000e+00 5.0000e+00 2.0000e+00 3.0000e+00 9.0000e+00 3.0000e+00 0.0000e+00 0.0000e+00 2.0000e+00 0.0000e+00 0.0000e+00 2.0000e+00 0.0000e+00 2.0000e+00 0.0000e+00 4.0000e+00 0.0000e+00 2.0000e+00 3.0000e+00 3.0000e+00 0.0000e+00 3.0000e+00 0.0000e+00 0.0000e+00 1.0000e+00 1.0000e+00 2.0000e+00 4.0000e+00 0.0000e+00 2.0000e+00 2.0000e+00 2.0000e+00 8.0000e+00 1.0000e+00 0.0000e+00 1.0000e+00 3.0000e+00 0.0000e+00 1.0000e+00 3.0000e+00
1.2000e+01 1.0000e+00 2.0000e+00 4.0000e+00 1.0000e+00 2.1000e+01 1.2000e+01 2.0000e+00 3.0000e+00 2.0000e+00 1.2000e+01 1.0000e+00 0.0000e+00 9.0000e+00 0.0000e+00 1.7000e+01 4.0000e+00 1.0000e+00 2.0000e+00 5.0000e+00 1.4000e+01 4.0000e+00 2.0000e+00 0.0000e+00 1.0000e+01 1.0000e+00 2.0000e+00 0.0000e+00 1.0000e+00 3.0000e+00 4.0000e+00 4.0000e+00 5.0000e+00 0.0000e+00 7.0000e+00 1.1000e+01 1.2000e+01 6.0000e+00 7.0000e+00 0.0000e+00 1.0000e+01 3.0000e+00 6.0000e+00 1.2000e+01 1.1000e+01 1.1000e+01 6.0000e+00 2.0000e+00 5.0000e+00 3.5260e+03
1.3000e+01 3.0000e+00 6.0000e+00 1.6000e+01 1.0000e+01 3.0000e+00 1.6000e+01 4.0000e+00 1.0000e+00 5.0000e+00 5.0000e+00 1.0000e+00 1.0000e+00 3.0000e+00 1.1000e+01 1.0000e+01 3.0000e+00 3.0000e+00 2.0000e+00 5.0000e+00 3.0000e+00 6.0000e+00 2.0000e+00 1.3000e+01 5.0000e+00 6.0000e+00 1.1000e+01 3.0000e+00 6.0000e+00 4.0000e+00 2.0000e+00 7.0000e+00 4.0000e+00 4.7790e+03 1.3000e+01 4.0000e+00 0.0000e+00 2.0000e+01 1.8000e+01 6.0000e+00 6.0000e+00 5.0000e+00 9.0000e+00 3.0000e+00 1.7000e+01 5.0000e+00 4.0000e+00 1.1000e+01 3.0000e+00 1.0000e+00
6.0000e+00 0.0000e+00 5.0000e+00 1.1000e+01 1.7000e+01 4.0000e+00 1.0000e+01 5.0000e+00 3.0000e+00 6.0000e+00 5.0000e+00 3.0000e+00 1.0000e+00 9.0000e+00 6.0000e+00 9.0000e+00 2.4140e+03 6.0000e+00 4.0000e+00 1.1000e+01 3.0000e+00 2.0000e+00 7.0000e+00 9.1700e+02 4.0000e+00 4.0000e+00 8.0000e+00 9.0000e+00 9.0000e+00 1.8000e+01 3.0000e+00 2.1900e+02 1.0000e+01 5.0000e+00 1.3000e+01 9.0000e+00 0.0000e+00 1.7000e+01 4.0000e+00 2.1000e+01 3.0000e+00 6.0000e+00 9.0000e+00 5.0000e+00 1.2000e+01 2.0000e+00 5.0000e+00 9.0000e+00 2.0000e+00 4.0000e+00
2.0000e+00 1.0000e+00 0.0000e+00 0.0000e+00 0.0000e+00 1.3000e+01 1.5000e+01 7.0000e+00 5.0000e+00 0.0000e+00 9.0000e+00 0.0000e+00 0.0000e+00 4.0000e+00 1.2000e+01 1.0000e+00 9.0000e+00 0.0000e+00 6.0000e+00 1.0000e+01 1.2000e+01 1.3000e+01 2.1000e+01 2.0000e+00 2.0000e+00 1.1000e+01 1.3000e+01 1.0000e+01 1.0000e+00 0.0000e+00 7.0000e+00 0.0000e+00 2.0000e+00 0.0000e+00 1.3000e+01 3.5800e+03 6.0000e+00 0.0000e+00 1.3000e+01 2.0000e+00 0.0000e+00 0.0000e+00 3.0000e+00 0.0000e+00 3.0000e+00 3.0000e+00 4.0600e+02 9.0000e+00 1.0000e+01 4.0000e+00
3.0000e+00 1.0000e+00 7.0000e+00 0.0000e+00 9.0000e+00 4.0000e+00 3.0000e+00 1.0000e+00 4.0000e+00 1.3000e+01 2.0000e+00 1.1000e+01 2.0000e+00 2.0000e+00 1.0000e+01 9.0000e+00 1.0000e+00 3.0000e+00 2.0000e+00 0.0000e+00 5.0000e+00 3.0000e+00 2.0000e+00 5.0000e+00 3.0000e+00 4.0000e+00 5.0000e+00 2.8090e+03 3.0000e+00 2.0000e+00 0.0000e+00 6.0000e+00 2.0000e+00 0.0000e+00 1.9000e+01 1.2000e+01 1.0000e+00 7.0700e+02 2.3000e+01 2.0000e+00 2.0000e+00 6.0000e+00 1.5000e+01 2.0000e+00 1.7500e+02 1.0000e+00 1.3000e+01 5.0000e+00 0.0000e+00 2.0000e+00
1.1020e+03 2.0000e+00 4.0000e+00 1.4000e+01 1.5000e+01 1.2000e+01 2.0000e+01 7.0000e+00 5.0000e+00 2.5000e+01 8.0000e+00 3.1470e+03 1.0000e+01 5.0000e+00 1.3000e+01 1.5000e+01 9.0000e+00 1.0000e+01 2.0000e+00 7.0000e+00 1.1000e+01 5.0000e+00 1.1000e+01 1.3000e+01 8.0000e+00 6.0000e+00 1.2000e+01 5.0000e+00 4.0000e+00 1.2000e+01 1.0000e+00 1.1000e+01 7.0000e+00 9.0000e+00 1.8000e+01 1.6000e+01 3.0000e+00 2.7000e+01 1.6000e+01 2.0000e+01 5.0000e+00 3.0000e+00 1.8000e+01 8.0000e+00 1.4000e+01 1.4000e+01 6.0000e+00 1.3000e+01 6.0000e+00 4.0000e+00
3.0000e+00 1.0000e+00 0.0000e+00 0.0000e+00 7.0000e+00 1.1000e+01 1.4000e+01 2.0000e+00 1.0000e+00 0.0000e+00 4.0000e+00 6.0000e+00 2.0000e+00 0.0000e+00 7.0000e+00 6.0000e+00 0.0000e+00 1.0000e+00 1.0000e+00 2.0000e+00 1.0000e+00 2.0000e+00 0.0000e+00 4.0000e+00 2.0000e+00 5.0000e+00 0.0000e+00 3.0000e+00 9.0000e+00 1.2000e+01 1.0000e+00 0.0000e+00 0.0000e+00 2.0000e+00 1.0000e+01 5.0000e+00 0.0000e+00 9.0000e+00 4.0000e+00 0.0000e+00 0.0000e+00 1.1000e+01 6.0000e+00 6.0000e+00 0.0000e+00 4.0000e+00 8.0000e+00 5.0000e+00 0.0000e+00 0.0000e+00
5.0000e+00 1.0000e+00 3.0000e+00 6.0000e+00 3.0000e+00 4.0000e+00 2.0000e+00 3.0000e+00 0.0000e+00 2.0000e+00 3.0000e+00 3.0000e+00 0.0000e+00 1.0000e+00 1.0000e+00 5.0000e+00 2.0000e+00 0.0000e+00 0.0000e+00 1.0000e+00 6.0000e+00 1.0000e+00 0.0000e+00 2.0000e+00 3.0000e+00 6.0000e+00 0.0000e+00 4.0000e+00 5.0000e+00 4.0000e+00 1.0000e+00 5.0000e+00 1.0000e+00 0.0000e+00 3.0000e+00 0.0000e+00 3.0000e+00 7.0000e+00 1.2000e+01 0.0000e+00 2.0000e+00 9.0000e+00 6.0000e+00 6.0000e+00 8.0000e+00 1.4000e+01 3.0000e+00 4.0000e+00 2.0000e+00 0.0000e+00
5.0000e+00 3.0000e+00 1.6000e+01 3.3260e+03 1.8000e+01 2.0000e+01 2.1000e+01 8.0000e+00 9.0000e+00 2.0000e+01 1.2000e+01 1.4000e+01 5.0000e+00 5.0000e+00 1.0000e+01 8.0000e+00 8.0000e+00 3.0000e+00 9.0000e+00 1.0000e+01 1.4000e+01 7.0000e+00 3.0000e+00 1.0000e+01 1.1000e+01 5.0000e+00 1.1000e+01 6.0000e+00 1.3000e+01 6.0000e+00 7.0000e+00 1.2000e+01 1.2000e+01 5.0000e+00 1.5000e+01 1.0000e+01 2.0000e+00 1.6000e+01 1.3000e+01 9.0000e+00 6.1100e+02 3.0000e+00 1.7000e+01 1.2000e+01 1.8000e+01 1.4000e+01 7.0000e+00 8.0000e+00 7.0000e+00 1.2000e+01
7.0000e+00 3.0000e+00 3.0000e+00 8.0000e+00 3.0000e+00 6.0000e+00 1.3000e+01 4.0000e+00 1.9960e+03 4.0000e+00 1.4000e+01 9.0000e+00 5.0000e+00 5.0000e+00 6.0000e+00 1.2000e+01 6.0000e+00 4.0000e+00 2.0000e+00 4.0000e+00 7.0000e+00 1.1000e+01 0.0000e+00 3.0000e+00 2.0000e+00 4.0000e+00 1.0000e+01 3.0000e+00 1.8000e+01 6.0000e+00 1.0000e+00 5.0000e+00 6.0000e+00 2.0000e+00 4.3400e+02 2.0000e+00 2.0000e+00 7.0000e+00 1.7000e+01 5.0000e+00 0.0000e+00 7.0000e+00 1.4000e+01 1.0000e+01 2.3000e+01 3.0000e+00 3.1000e+02 7.0000e+00 2.0000e+00 2.0000e+00
1.0000e+00 3.0000e+00 0.0000e+00 1.0000e+00 4.0000e+00 5.0000e+00 1.4000e+01 5.0000e+00 0.0000e+00 8.2900e+02 3.0000e+01 3.0000e+00 3.0000e+00 7.0000e+00 1.4000e+01 2.9000e+01 5.0000e+00 2.0000e+00 2.0000e+00 3.0000e+00 2.0000e+01 6.0000e+00 2.0000e+00 4.0000e+00 3.3790e+03 4.0000e+00 6.0000e+00 1.0000e+00 7.0000e+00 1.8000e+01 7.0000e+00 4.0000e+00 2.2000e+01 4.0000e+00 1.7000e+01 1.6000e+01 1.0000e+00 1.8000e+01 2.5000e+01 1.2000e+01 4.0000e+00 3.0000e+00 1.1000e+01 5.0000e+00 1.7000e+01 5.0000e+00 1.6000e+01 2.8000e+01 0.0000e+00 1.1000e+01
9.0000e+00 4.0000e+00 7.0000e+00 1.2000e+01 9.0000e+00 1.1000e+01 2.8000e+01 3.0000e+00 7.0000e+00 7.0000e+00 6.0000e+00 1.6000e+01 4.0000e+00 3.0000e+00 8.1300e+02 1.9000e+01 6.0000e+00 0.0000e+00 3.0000e+00 7.0000e+00 5.0000e+00 5.0000e+00 6.0000e+00 7.0000e+00 7.0000e+00 2.6480e+03 1.0000e+00 6.0000e+00 9.0000e+00 2.6000e+01 8.0000e+00 1.3000e+01 2.0000e+00 1.2000e+01 1.5000e+01 1.2000e+01 1.0000e+00 2.7000e+01 2.3000e+01 1.0000e+01 3.0000e+00 4.0000e+00 2.0000e+01 2.0000e+00 1.0000e+01 3.0000e+00 6.0000e+00 1.5000e+01 5.0000e+00 5.0000e+00
9.0000e+00 3.0000e+00 2.0000e+00 7.0000e+00 4.0000e+00 2.3200e+02 1.5000e+01 1.1000e+01 4.0000e+00 5.0000e+00 4.0000e+00 1.4000e+01 3.0000e+00 5.0000e+00 1.3000e+01 1.4000e+01 3.0000e+00 1.0000e+00 2.0000e+00 0.0000e+00 3.0000e+00 5.0000e+00 3.0000e+00 8.0000e+00 1.0000e+00 1.5000e+01 9.0000e+00 1.0000e+00 9.0000e+00 2.1300e+02 5.0000e+00 3.0000e+00 1.0000e+00 2.0000e+00 2.4390e+03 2.0000e+00 0.0000e+00 3.0000e+00 2.7000e+01 3.0000e+00 0.0000e+00 5.0000e+00 2.0000e+00 0.0000e+00 7.0000e+00 1.3000e+01 4.0000e+00 7.0000e+00 3.0000e+00 4.0000e+00
1.4000e+01 9.0000e+00 2.3000e+01 2.1000e+01 1.1000e+01 9.0000e+00 1.8000e+01 2.6540e+03 1.5000e+01 1.6000e+01 1.6000e+01 1.4000e+01 3.0560e+03 1.8000e+01 1.4000e+01 1.9000e+01 7.0000e+00 2.0000e+01 1.0000e+01 1.4000e+01 1.7000e+01 1.1000e+01 9.0000e+00 9.0000e+00 1.5000e+01 1.0000e+01 1.2000e+01 1.0000e+01 1.8000e+01 1.1000e+01 1.6000e+01 1.0000e+01 1.3000e+01 1.7000e+01 1.5000e+01 1.4000e+01 1.6000e+01 1.2000e+01 1.8000e+01 2.3000e+01 2.4000e+01 6.0000e+00 2.5000e+01 2.2000e+01 6.0000e+00 2.1000e+01 1.2000e+01 1.7000e+01 1.8000e+01 1.0000e+01
1.0000e+01 0.0000e+00 0.0000e+00 5.0000e+00 0.0000e+00 5.0000e+00 3.0000e+00 1.0000e+00 5.0000e+00 2.0000e+00 0.0000e+00 4.0000e+00 0.0000e+00 0.0000e+00 2.0000e+00 5.0000e+00 0.0000e+00 0.0000e+00 0.0000e+00 0.0000e+00 3.0000e+00 7.0000e+00 0.0000e+00 4.0000e+00 0.0000e+00 0.0000e+00 0.0000e+00 3.0000e+00 2.0000e+00 0.0000e+00 4.0000e+00 1.0000e+00 4.0000e+00 0.0000e+00 6.0000e+00 4.0000e+00 0.0000e+00 0.0000e+00 0.0000e+00 3.0000e+00 0.0000e+00 0.0000e+00 1.1000e+01 1.0000e+01 4.0000e+00 4.0000e+00 1.0000e+00 4.0000e+00 2.0000e+00 1.0000e+00
1.6000e+01 1.2000e+01 2.5000e+01 2.6000e+01 2.0000e+01 2.1000e+01 1.7000e+01 1.7000e+01 2.7000e+01 1.8000e+01 1.6000e+01 2.3000e+01 2.3000e+01 2.0000e+01 2.7000e+01 1.8000e+01 1.9000e+01 2.1000e+01 4.8400e+03 2.3000e+01 3.1000e+01 1.9000e+01 1.7000e+01 9.2700e+02 1.2000e+01 1.9000e+01 2.2000e+01 2.1000e+01 1.9000e+01 2.3000e+01 1.1000e+01 2.5000e+01 1.9000e+01 2.8000e+01 2.9000e+01 1.1000e+01 1.9000e+01 2.2000e+01 1.8000e+01 2.1000e+01 2.3400e+02 2.6000e+01 1.5000e+01 2.1000e+01 2.1000e+01 3.1000e+01 1.8000e+01 1.8000e+01 1.9000e+01 1.6000e+01
4.0000e+00 0.0000e+00 0.0000e+00 5.0000e+00 0.0000e+00 2.0000e+00 4.0000e+00 3.0000e+00 2.0000e+00 5.0000e+00 3.0000e+00 0.0000e+00 3.0000e+00 0.0000e+00 1.8820e+03 8.0000e+00 5.0000e+00 5.0000e+00 6.0000e+00 4.0000e+00 5.0000e+00 2.0000e+00 0.0000e+00 3.0000e+00 0.0000e+00 1.0000e+00 1.0000e+01 0.0000e+00 0.0000e+00 3.0000e+00 0.0000e+00 1.0000e+01 6.0000e+00 0.0000e+00 4.0000e+00 5.0000e+00 0.0000e+00 2.0000e+00 1.5000e+01 9.0000e+00 0.0000e+00 4.0000e+00 1.2000e+01 2.0000e+00 1.1000e+01 1.0000e+00 5.0000e+00 4.0000e+00 0.0000e+00 2.0000e+00
7.0000e+00 1.0000e+00 5.0000e+00 1.7000e+01 6.0000e+00 3.6150e+03 1.9000e+01 4.0000e+00 6.0000e+00 5.0000e+00 1.0000e+01 1.5000e+01 1.0000e+00 4.0000e+00 1.0000e+01 1.5000e+01 1.0000e+00 2.0000e+00 5.0000e+00 1.0000e+00 4.0000e+00 5.0000e+00 5.0000e+00 1.3000e+01 1.2000e+01 6.0000e+00 7.0000e+00 4.0000e+00 7.0000e+00 7.0000e+00 6.0000e+00 1.0000e+01 9.0000e+00 2.0000e+00 1.0000e+01 6.0000e+00 1.0000e+01 6.0000e+00 1.6000e+01 1.5000e+01 9.0000e+00 7.0000e+00 1.5000e+01 7.0000e+00 1.8000e+01 4.0000e+00 8.0000e+00 9.0000e+00 8.0000e+00 1.9000e+01
1.5000e+01 2.0000e+01 2.9590e+03 1.3000e+01 6.0000e+00 1.8000e+01 2.0000e+01 1.2000e+01 1.0000e+01 3.1000e+01 3.0000e+00 2.1000e+01 8.2700e+02 3.2600e+02 4.0000e+00 2.3000e+01 1.0000e+01 3.6000e+01 3.0000e+00 1.5080e+03 1.0000e+00 9.0000e+00 9.0000e+00 2.2000e+01 1.1000e+01 1.1000e+01 1.7000e+01 1.8000e+01 1.8000e+01 3.5000e+01 3.0000e+00 1.2000e+01 1.0000e+00 1.4000e+01 1.7000e+01 2.0000e+01 5.0000e+00 2.6000e+01 2.2000e+01 0.0000e+00 1.9000e+01 1.3000e+01 1.1000e+01 6.0000e+00 1.8000e+01 0.0000e+00 2.0000e+01 2.0000e+01 6.0000e+00 2.0000e+01
1.7000e+01 1.9000e+01 1.1470e+03 2.3000e+01 1.7000e+01 2.2000e+01 1.7000e+01 1.5000e+01 1.7000e+01 1.3000e+01 1.8000e+01 1.8000e+01 2.1000e+01 2.0000e+01 2.0000e+01 1.4000e+01 2.1000e+01 2.7000e+01 1.6000e+01 2.1000e+01 1.5000e+01 1.9000e+01 9.0000e+00 1.6000e+01 1.8000e+01 1.9000e+01 2.5000e+01 2.7000e+01 1.2000e+01 2.2000e+01 4.7260e+03 2.0000e+01 2.4000e+01 2.3000e+01 1.7000e+01 2.4000e+01 2.6000e+01 1.9000e+01 1.6000e+01 1.9000e+01 1.5000e+01 1.4000e+01 1.7000e+01 2.1000e+01 1.3000e+01 1.4000e+01 1.5000e+01 2.3000e+01 2.0000e+01 1.5000e+01
4.3200e+02 1.0000e+00 1.5000e+01 0.0000e+00 5.0000e+00 1.0000e+00 2.0000e+00 5.0000e+00 5.0000e+00 9.0000e+00 7.0000e+00 1.0000e+00 2.0000e+00 8.0000e+00 4.0000e+00 0.0000e+00 1.0000e+00 5.0000e+00 5.0000e+00 2.0000e+00 2.6490e+03 9.0000e+00 1.0000e+01 0.0000e+00 7.0000e+00 1.4000e+01 2.0000e+00 4.0000e+00 7.0000e+00 9.0000e+00 4.0000e+00 0.0000e+00 0.0000e+00 0.0000e+00 4.0000e+00 6.0000e+00 3.0000e+00 1.0000e+00 2.0000e+00 2.0000e+00 0.0000e+00 1.0000e+01 5.0000e+00 2.0000e+00 1.5000e+01 2.0000e+01 7.0000e+00 8.0000e+00 7.0000e+00 1.0000e+01
2.0000e+01 1.9220e+03 2.2000e+01 1.5000e+01 2.0000e+01 3.2000e+01 1.9000e+01 1.7040e+03 2.3000e+01 1.3000e+01 1.8000e+01 3.0000e+01 2.8000e+01 2.2000e+01 2.7000e+01 2.7000e+01 1.9000e+01 1.8000e+01 2.7000e+01 2.4000e+01 2.0000e+01 2.0000e+01 2.4000e+01 1.5000e+01 2.8000e+01 1.7000e+01 2.6000e+01 2.8000e+01 1.5000e+01 1.9000e+01 2.5000e+01 1.8000e+01 2.8000e+01 2.1000e+01 2.8000e+01 2.4000e+01 3.0000e+01 2.4000e+01 1.6000e+01 2.3000e+01 2.8990e+03 1.7000e+01 2.4000e+01 1.8000e+01 1.7000e+01 2.2000e+01 2.9000e+01 2.4000e+01 1.7700e+02 2.2000e+01
0.0000e+00 0.0000e+00 0.0000e+00 0.0000e+00 2.0000e+00 4.0000e+00 6.0000e+00 0.0000e+00 2.0000e+00 2.0000e+00 0.0000e+00 1.0000e+00 0.0000e+00 1.0000e+00 2.0000e+00 4.0000e+00 4.0000e+00 0.0000e+00 2.0000e+00 0.0000e+00 6.0000e+00 4.0000e+00 1.0000e+00 0.0000e+00 1.0000e+00 3.0000e+00 2.0000e+00 2.0000e+00 7.0000e+00 7.0000e+00 1.0000e+00 2.0000e+00 0.0000e+00 1.0000e+00 3.0000e+00 6.0000e+00 4.0000e+00 0.0000e+00 6.0000e+00 0.0000e+00 0.0000e+00 0.0000e+00 6.0000e+00 0.0000e+00 1.0000e+01 0.0000e+00 0.0000e+00 4.0000e+00 0.0000e+00 0.0000e+00
1.0000e+00 3.0000e+00 4.0000e+00 4.0000e+00 1.0000e+00 3.0000e+00 1.0670e+03 3.0000e+00 0.0000e+00 3.0000e+00 9.0000e+00 5.0000e+00 0.0000e+00 2.0000e+00 4.0000e+00 6.0000e+00 4.0000e+00 1.4360e+03 1.0000e+00 5.0000e+00 4.0000e+00 1.0000e+00 9.0000e+00 2.0000e+00 2.0000e+00 2.0000e+00 3.0000e+00 3.0000e+00 2.0000e+00 4.0000e+00 5.0000e+00 1.0000e+00 0.0000e+00 0.0000e+00 1.1000e+01 3.0000e+00 1.0000e+00 4.0000e+00 3.0000e+00 1.0000e+01 0.0000e+00 0.0000e+00 5.0000e+00 3.0000e+00 6.0000e+00 4.0000e+00 3.0000e+00 5.0000e+00 0.0000e+00 2.0000e+00
5.0000e+00 1.0000e+00 2.0000e+00 9.0000e+00 9.0000e+00 6.0000e+00 9.0000e+00 5.0000e+00 2.0000e+00 2.0000e+00 1.2000e+01 5.0000e+00 3.0000e+00 4.0000e+00 1.4000e+01 2.8250e+03 4.0000e+00 5.0000e+00 3.0000e+00 1.0000e+00 1.2000e+01 5.0000e+00 3.0000e+00 7.0000e+00 4.0000e+00 5.0000e+00 7.0000e+00 4.0000e+00 9.0000e+00 1.7000e+01 5.0000e+00 6.0000e+00 8.0000e+00 3.0000e+00 7.0000e+00 1.6000e+01 6.0000e+00 9.0000e+00 1.7000e+01 1.0000e+01 1.0000e+00 1.0000e+00 1.2000e+01 1.0000e+00 1.5000e+01 8.0000e+00 5.0000e+00 7.0000e+00 2.0000e+00 1.0000e+00
1.0000e+00 5.0000e+00 6.0000e+00 1.2000e+01 1.4000e+01 1.1000e+01 1.9000e+01 1.0000e+00 5.0000e+00 4.0000e+00 8.0000e+00 3.0000e+00 7.0000e+00 6.0000e+00 1.6000e+01 1.2000e+01 2.0000e+00 5.0000e+00 0.0000e+00 3.0000e+00 3.0000e+00 2.0000e+00 3.0000e+00 6.0000e+00 0.0000e+00 7.0000e+00 1.1670e+03 2.0000e+00 7.0000e+00 6.0000e+00 6.0000e+00 3.0000e+00 9.0000e+00 6.0000e+00 1.0000e+01 7.0000e+00 2.0000e+00 5.0000e+00 6.0000e+00 7.0000e+00 6.0000e+00 8.5000e+01 7.0000e+00 1.8480e+03 6.0000e+00 1.0000e+00 8.0000e+00 8.0000e+00 1.0000e+00 5.0000e+00
0.0000e+00 0.0000e+00 1.0000e+00 0.0000e+00 3.0000e+00 2.0000e+00 0.0000e+00 3.0000e+00 2.0000e+00 0.0000e+00 0.0000e+00 1.0000e+00 2.0000e+00 2.0000e+00 7.0000e+00 3.0000e+00 0.0000e+00 1.0000e+00 0.0000e+00 2.0000e+00 2.0000e+00 2.0000e+00 1.0000e+00 1.0000e+00 5.0000e+00 3.0000e+00 0.0000e+00 1.0000e+00 2.0000e+00 7.0000e+00 4.0000e+00 1.0000e+00 2.0000e+00 0.0000e+00 3.0000e+00 3.0000e+00 0.0000e+00 5.0000e+00 3.0000e+00 0.0000e+00 0.0000e+00 3.0000e+00 4.0000e+00 5.0000e+00 4.0000e+00 4.0000e+00 2.0000e+00 1.0000e+00 5.0000e+00 3.0000e+00
1.5580e+03 1.0000e+00 9.0000e+00 1.3000e+01 6.0000e+00 6.0000e+00 1.8000e+01 1.2000e+01 1.4000e+01 3.0000e+00 1.1000e+01 8.0000e+00 7.0000e+00 4.0000e+00 9.0000e+00 1.7000e+01 4.0000e+00 0.0000e+00 1.6000e+01 5.0000e+00 1.5000e+01 2.6000e+01 5.0000e+00 8.0000e+00 7.0000e+00 5.0000e+00 2.0000e+00 0.0000e+00 5.0000e+00 1.4000e+01 4.0000e+00 2.4000e+01 2.0000e+00 4.0000e+00 1.2000e+01 8.0000e+00 1.0000e+00 0.0000e+00 1.5340e+03 7.0000e+00 9.0000e+00 7.0000e+00 1.8000e+01 7.0000e+00 3.0000e+00 8.0000e+00 1.0000e+01 1.0000e+01 1.4000e+01 0.0000e+00
4.0000e+00 4.0000e+00 3.0000e+00 7.0000e+00 6.0000e+00 7.0000e+00 5.0000e+00 2.0000e+00 2.0000e+00 1.0000e+01 3.0000e+00 8.0000e+00 3.0000e+00 5.0000e+00 6.0000e+00 6.0000e+00 4.0000e+00 4.0000e+00 7.0000e+00 6.0000e+00 4.0000e+00 1.0000e+00 1.0000e+00 6.0000e+00 1.5000e+01 5.0000e+00 7.0000e+00 0.0000e+00 1.9000e+01 9.0000e+00 6.0000e+00 7.0000e+00 2.0000e+00 1.0000e+00 7.3000e+01 5.0000e+00 0.0000e+00 2.4870e+03 2.0000e+01 2.0000e+00 5.0000e+00 2.0000e+00 1.1000e+01 4.0000e+00 0.0000e+00 1.2000e+01 4.0000e+00 6.0000e+00 4.0000e+00 5.0000e+00
1.0000e+01 1.3000e+01 5.0000e+00 7.0000e+00 8.0000e+00 1.0000e+01 1.6000e+01 7.0000e+00 9.0000e+00 3.0280e+03 5.0000e+00 7.0000e+00 7.0000e+00 1.0000e+00 8.0000e+00 6.0000e+00 2.0000e+00 7.0000e+00 3.0000e+00 1.1000e+01 8.0000e+00 6.0000e+00 7.0000e+00 9.0000e+00 4.0000e+00 8.0000e+00 6.0000e+00 2.0000e+01 8.0000e+00 1.4000e+01 1.2000e+01 1.3000e+01 2.1070e+03 1.6000e+01 1.9000e+01 1.6000e+01 2.0000e+00 6.0000e+00 1.5000e+01 6.0000e+00 2.0000e+00 1.3000e+01 1.9000e+01 1.0000e+01 1.6000e+01 1.0000e+01 1.3000e+01 1.0000e+00 6.0000e+00 9.0000e+00
