8.7626e-01 1.6293e-01 2.1992e-01 7.3450e-01 5.0362e-01 5.2144e-01 3.2892e-01 2.1834e-01 9.0695e-01 9.7278e-01
1.9818e-01 5.6838e-01 2.3980e-01 9.9425e-01 5.7186e-01 3.1426e-01 7.5981e-01 6.2563e-02 1.0548e-01 9.7013e-01
9.8008e-01 4.8008e-01 5.7915e-02 6.0529e-01 7.7868e-01 5.4572e-01 9.6907e-01 7.9276e-01 5.6574e-01 5.0870e-01
7.7399e-01 7.7438e-01 7.8022e-01 5.5767e-01 7.1754e-01 9.8424e-01 1.6521e-01 4.4799e-01 3.7464e-01 8.0645e-01
9.2784e-03 1.1199e-01 8.8535e-01 6.6667e-01 2.6316e-01 2.9970e-01 6.6995e-02 5.8429e-01 1.8286e-01 3.2946e-01
7.1081e-01 4.1403e-01 1.0111e-01 1.6553e-01 4.9807e-01 4.0457e-01 9.6133e-01 7.3814e-01 2.0582e-01 5.8829e-01
8.3902e-01 4.7848e-01 2.7273e-01 3.2233e-01 6.4700e-01 5.5348e-01 5.2376e-01 2.5232e-01 4.9022e-01 6.1709e-01
4.9701e-01 9.6238e-01 9.5749e-01 2.8281e-01 1.4644e-02 3.8798e-01 6.1138e-01 8.5552e-01 4.9793e-01 1.7580e-02
2.3959e-01 4.6674e-01 1.4184e-01 7.7154e-01 4.9659e-01 5.0505e-02 4.2266e-01 5.4564e-01 7.3108e-01 4.7479e-01
4.5409e-02 9.9413e-01 2.2114e-01 1.9126e-01 1.1089e-01 2.7237e-01 1.6550e-01 5.1192e-01 4.2993e-01 5.5119e-01
