1.4000e+01 2.5000e+01 2.2000e+01 2.4000e+01 2.4000e+01 1.8000e+01 2.2000e+01 2.2000e+01 1.4100e+02 9.5370e+03
2.1000e+01 2.0000e+01 1.9000e+01 9.3790e+03 3.5000e+01 2.4000e+01 1.6000e+01 1.9000e+01 1.7000e+01 1.5800e+02
8.2890e+03 2.1000e+01 1.2000e+01 1.8000e+01 3.0000e+01 2.9000e+01 7.1400e+02 1.3000e+01 2.1000e+01 2.7000e+01
1.8000e+01 2.1000e+01 2.0000e+01 2.4000e+01 2.7000e+01 9.7900e+03 2.0000e+01 2.2000e+01 2.1000e+01 2.3000e+01
2.0000e+01 2.5000e+01 9.5360e+03 1.6000e+01 2.3000e+01 1.2000e+01 1.7000e+01 2.4000e+01 2.8000e+01 2.7000e+01
2.4000e+01 2.8000e+01 3.6000e+01 2.2000e+01 1.7000e+01 1.7000e+01 9.0940e+03 2.0000e+01 1.8000e+01 2.8000e+01
1.5790e+03 2.3000e+01 1.4000e+01 1.6000e+01 9.7960e+03 1.7000e+01 2.3000e+01 2.6000e+01 2.9000e+01 1.7000e+01
2.1000e+01 5.6400e+02 3.2400e+02 2.8000e+01 2.2000e+01 1.9000e+01 2.1000e+01 9.9450e+03 2.4000e+01 2.1000e+01
2.2000e+01 2.0000e+01 2.7000e+01 1.0700e+02 2.2000e+01 1.4000e+01 2.0000e+01 2.1000e+01 9.8860e+03 2.4000e+01
2.0000e+01 9.3730e+03 2.1000e+01 2.6000e+01 2.7000e+01 2.7000e+01 2.6000e+01 1.4000e+01 1.4000e+01 1.1000e+01
