8.3810e-01 1.1111e-01 3.4091e-01 7.5000e-01 4.8454e-01 5.6250e-01 2.8972e-01 2.3077e-01 8.8393e-01 9.7980e-01
1.6038e-01 6.2162e-01 1.9048e-01 1.0000e+00 5.3846e-01 2.6724e-01 8.4615e-01 5.3571e-02 7.9208e-02 9.4118e-01
9.6226e-01 4.5614e-01 5.5556e-02 5.7895e-01 7.7451e-01 5.1087e-01 9.8889e-01 8.5859e-01 5.8824e-01 4.7273e-01
7.5904e-01 7.2816e-01 7.8125e-01 5.2128e-01 7.0796e-01 1.0000e+00 1.6162e-01 5.2778e-01 3.9252e-01 8.4762e-01
0.0000e+00 1.0989e-01 8.8636e-01 6.7708e-01 4.3529e-01 3.3871e-01 7.6087e-02 5.6667e-01 1.9444e-01 2.7451e-01
6.7619e-01 4.2857e-01 1.0345e-01 1.2500e-01 5.0000e-01 3.5789e-01 9.6739e-01 8.0435e-01 2.4786e-01 4.9541e-01
8.5567e-01 5.4630e-01 2.0536e-01 3.7143e-01 6.4045e-01 5.4878e-01 4.7826e-01 2.3864e-01 5.2632e-01 5.7732e-01
4.4211e-01 9.6226e-01 9.2632e-01 2.1348e-01 0.0000e+00 4.0659e-01 6.0215e-01 7.8899e-01 5.2427e-01 3.4091e-02
2.0482e-01 5.1042e-01 1.2245e-01 7.8313e-01 4.5161e-01 3.1250e-02 4.3434e-01 5.7955e-01 8.4536e-01 5.0000e-01
5.2083e-02 1.0000e+00 1.9318e-01 1.7647e-01 1.3830e-01 2.7273e-01 1.4815e-01 4.4660e-01 3.7273e-01 5.4369e-01
