9.1000e+01 1.2000e+01 3.0000e+01 7.2000e+01 4.8000e+01 6.4000e+01 3.1000e+01 2.4000e+01 1.0500e+02 8.7430e+03
1.7000e+01 6.9000e+01 2.0000e+01 8.6220e+03 5.6000e+01 3.1000e+01 9.0000e+01 6.0000e+00 8.0000e+00 1.5300e+02
1.8200e+02 5.2000e+01 5.0000e+00 5.5000e+01 6.9260e+03 4.7000e+01 6.4500e+02 1.1140e+03 7.0000e+01 5.2000e+01
6.3000e+01 7.5000e+01 7.6000e+01 4.9000e+01 8.1000e+01 9.0000e+03 1.6000e+01 5.7000e+01 4.2000e+01 8.9000e+01
0.0000e+00 1.0000e+01 7.5460e+03 6.6000e+01 3.7000e+01 4.2000e+01 7.0000e+00 6.9000e+01 2.1000e+01 2.8000e+01
7.2000e+01 3.9000e+01 1.2000e+01 1.3000e+01 5.3000e+01 3.4000e+01 8.3820e+03 1.0400e+02 2.9000e+01 5.4000e+01
7.6060e+03 5.9000e+01 2.3000e+01 3.9000e+01 8.4000e+01 4.7000e+01 4.4000e+01 2.1000e+01 6.0000e+01 5.6000e+01
4.2000e+01 1.0310e+03 6.1100e+02 1.9000e+01 0.0000e+00 3.7000e+01 5.6000e+01 6.4570e+03 5.4000e+01 3.0000e+00
1.7000e+01 4.9000e+01 1.2000e+01 2.8400e+02 4.2000e+01 3.0000e+00 4.3000e+01 5.1000e+01 6.6000e+03 4.2000e+01
5.0000e+00 8.2020e+03 1.7000e+01 1.8000e+01 1.3000e+01 3.3000e+01 1.6000e+01 4.6000e+01 4.1000e+01 5.6000e+01
