2.8000e+01 7.0000e+00 3.0000e+00 1.6000e+01 8.0000e+00 1.0000e+01 6.0000e+00 6.0000e+00 6.8000e+01 9.4250e+03
5.0000e+00 9.0000e+00 6.0000e+00 9.6420e+03 1.2000e+01 5.0000e+00 1.7000e+01 0.0000e+00 1.0000e+00 9.0000e+01
6.3400e+02 1.0000e+01 2.0000e+00 1.0000e+01 7.6770e+03 1.6000e+01 6.5700e+02 2.4000e+01 9.0000e+00 1.0000e+01
1.3000e+01 1.9000e+01 1.4000e+01 8.0000e+00 2.0000e+01 9.7470e+03 6.0000e+00 8.0000e+00 6.0000e+00 2.2000e+01
2.0000e+00 4.0000e+00 8.1850e+03 1.7000e+01 1.1000e+01 6.0000e+00 2.0000e+00 5.0000e+00 4.0000e+00 8.0000e+00
8.0000e+00 4.0000e+00 4.0000e+00 3.0000e+00 1.2000e+01 2.0000e+00 8.8560e+03 3.3000e+01 6.0000e+00 1.5000e+01
7.5900e+03 8.0000e+00 5.0000e+00 6.0000e+00 9.0000e+00 1.4000e+01 1.0000e+01 2.0000e+00 6.0000e+00 1.7000e+01
1.1000e+01 3.1500e+02 6.3100e+02 5.0000e+00 0.0000e+00 1.0000e+01 1.1000e+01 8.1230e+03 1.2000e+01 1.0000e+00
2.0000e+00 7.0000e+00 1.0000e+00 7.1000e+01 1.9000e+01 1.0000e+00 1.0000e+01 1.5000e+01 7.2070e+03 1.1000e+01
1.0000e+00 9.2790e+03 6.0000e+00 3.0000e+00 2.0000e+00 4.0000e+00 6.0000e+00 5.0000e+00 1.5000e+01 1.5000e+01
