2.4000e+01 5.0000e+00 6.0000e+00 5.2000e+01 3.1000e+01 1.8000e+01 1.5000e+01 1.2000e+01 3.7910e+03 6.0400e+03
9.0000e+00 1.5000e+01 4.0000e+00 5.7520e+03 8.9000e+01 1.5000e+01 2.5000e+01 8.0000e+00 1.2000e+01 3.6700e+03
1.1960e+03 1.2000e+01 4.0000e+00 3.9000e+01 8.4070e+03 4.2000e+01 1.1030e+03 2.9500e+02 4.7000e+01 2.2000e+01
1.5000e+01 1.6000e+01 2.5000e+01 2.4000e+01 2.6000e+02 9.5920e+03 6.0000e+00 1.8000e+01 2.3000e+01 9.2000e+01
8.0000e+00 1.3000e+01 9.0770e+03 1.0300e+02 1.7000e+01 3.1000e+01 8.0000e+00 1.1200e+02 1.1000e+01 1.4000e+01
5.7000e+01 5.0000e+00 6.0000e+00 7.0000e+00 9.2000e+01 2.5000e+01 8.7920e+03 6.4200e+02 1.6000e+01 3.4000e+01
8.4350e+03 2.7000e+01 1.4000e+01 2.6000e+01 9.9100e+02 1.8600e+02 3.1000e+01 2.6000e+01 5.1000e+01 1.6600e+02
8.0000e+00 1.0890e+03 7.4600e+02 7.0000e+00 1.0000e+01 2.1000e+01 3.3000e+01 8.7190e+03 1.3000e+01 7.0000e+00
1.6000e+01 3.8000e+01 1.1000e+01 3.9570e+03 1.6700e+02 1.3000e+01 4.1000e+01 1.4100e+02 5.9580e+03 3.2000e+01
7.0000e+00 8.9770e+03 1.1000e+01 1.2000e+01 1.0000e+01 1.6000e+01 2.1000e+01 2.8000e+01 2.2000e+01 1.5000e+01
