8.7500e-01 0.0000e+00 1.6667e-01 6.5385e-01 3.8710e-01 3.8889e-01 4.6667e-01 1.6667e-01 9.0609e-01 9.7103e-01
3.3333e-01 4.6667e-01 0.0000e+00 9.9826e-01 5.7303e-01 3.3333e-01 5.6000e-01 0.0000e+00 2.5000e-01 9.6948e-01
9.6906e-01 4.1667e-01 0.0000e+00 5.8974e-01 7.8863e-01 5.7143e-01 9.6464e-01 7.2881e-01 5.7447e-01 4.5455e-01
8.6667e-01 6.8750e-01 8.4000e-01 5.4167e-01 7.1154e-01 9.8009e-01 1.6667e-01 3.3333e-01 4.7826e-01 8.1522e-01
0.0000e+00 2.3077e-01 8.8609e-01 6.3107e-01 1.1765e-01 3.8710e-01 0.0000e+00 5.4464e-01 9.0909e-02 2.1429e-01
6.6667e-01 2.0000e-01 1.6667e-01 0.0000e+00 5.5435e-01 4.4000e-01 9.6554e-01 7.6791e-01 3.1250e-01 5.5882e-01
8.2549e-01 4.0741e-01 2.1429e-01 3.4615e-01 6.1655e-01 6.2366e-01 4.1935e-01 2.6923e-01 4.5098e-01 6.4458e-01
1.2500e-01 9.7704e-01 9.4370e-01 0.0000e+00 0.0000e+00 3.8095e-01 5.4545e-01 8.2498e-01 2.3077e-01 0.0000e+00
1.8750e-01 4.4737e-01 9.0909e-02 7.6396e-01 4.7904e-01 7.6923e-02 4.3902e-01 5.1064e-01 7.3145e-01 3.7500e-01
0.0000e+00 9.9499e-01 2.7273e-01 2.5000e-01 0.0000e+00 3.1250e-01 4.2857e-01 3.9286e-01 3.6364e-01 3.3333e-01
