2.1000e+01 0.0000e+00 1.0000e+00 3.4000e+01 1.2000e+01 7.0000e+00 7.0000e+00 2.0000e+00 3.4350e+03 5.8650e+03
3.0000e+00 7.0000e+00 0.0000e+00 5.7420e+03 5.1000e+01 5.0000e+00 1.4000e+01 0.0000e+00 3.0000e+00 3.5580e+03
1.1590e+03 5.0000e+00 0.0000e+00 2.3000e+01 6.6300e+03 2.4000e+01 1.0640e+03 2.1500e+02 2.7000e+01 1.0000e+01
1.3000e+01 1.1000e+01 2.1000e+01 1.3000e+01 1.8500e+02 9.4010e+03 1.0000e+00 6.0000e+00 1.1000e+01 7.5000e+01
0.0000e+00 3.0000e+00 8.0430e+03 6.5000e+01 2.0000e+00 1.2000e+01 0.0000e+00 6.1000e+01 1.0000e+00 3.0000e+00
3.8000e+01 1.0000e+00 1.0000e+00 0.0000e+00 5.1000e+01 1.1000e+01 8.4890e+03 4.9300e+02 5.0000e+00 1.9000e+01
6.9630e+03 1.1000e+01 3.0000e+00 9.0000e+00 6.1100e+02 1.1600e+02 1.3000e+01 7.0000e+00 2.3000e+01 1.0700e+02
1.0000e+00 1.0640e+03 7.0400e+02 0.0000e+00 0.0000e+00 8.0000e+00 1.8000e+01 7.1930e+03 3.0000e+00 0.0000e+00
3.0000e+00 1.7000e+01 1.0000e+00 3.0230e+03 8.0000e+01 1.0000e+00 1.8000e+01 7.2000e+01 4.3580e+03 1.2000e+01
0.0000e+00 8.9320e+03 3.0000e+00 3.0000e+00 0.0000e+00 5.0000e+00 9.0000e+00 1.1000e+01 8.0000e+00 5.0000e+00
