1.0000e+00 3.0000e+00 4.0000e+00 4.0000e+00 1.0000e+00 2.0000e+00 0.0000e+00 1.0000e+00 2.0000e+00 1.6270e+03 1.0000e+00 1.0000e+00 2.0000e+00 5.0000e+00 4.0000e+00 3.0000e+00 1.0000e+00 1.0000e+00 2.4000e+01 1.0000e+00 1.0000e+00 5.7750e+03 8.4000e+01 5.9210e+03 2.0000e+00 7.0000e+00 2.0000e+00 1.0000e+00 1.0000e+00 6.0040e+03 5.0000e+00 1.0000e+00 2.0000e+00 1.0000e+00 1.0000e+00 1.0000e+00 5.6870e+03 5.0000e+00 5.0000e+00 3.2600e+02 5.7300e+03 5.0000e+00 2.0000e+00 5.9380e+03 1.0000e+00 1.0000e+00 3.0000e+00 1.0000e+00 3.0000e+00 2.0000e+00
3.0000e+00 5.0000e+00 3.0000e+00 1.0000e+00 1.0000e+00 1.0000e+00 1.0000e+00 2.6000e+01 1.0000e+00 7.0000e+00 1.0000e+00 1.0000e+00 3.0000e+00 1.0000e+00 6.0120e+03 1.0000e+00 1.6000e+01 3.0000e+00 3.3000e+01 1.0000e+00 1.0000e+00 1.0000e+00 1.0000e+00 1.0000e+00 1.0000e+00 4.0000e+00 1.0000e+00 1.0000e+00 2.0000e+00 1.0000e+00 1.0000e+00 6.0000e+00 1.0000e+00 1.0000e+00 3.0000e+00 3.0000e+00 1.0000e+00 1.0000e+00 1.0000e+00 1.0000e+00 1.0000e+00 1.0000e+00 1.0000e+00 1.0000e+00 1.0000e+00 1.0000e+00 1.0000e+00 1.0000e+00 3.0000e+00 1.0000e+00
8.5100e+02 1.1000e+01 6.1070e+03 1.0000e+00 1.0000e+00 1.0000e+00 6.0780e+03 1.0000e+00 2.0000e+00 1.0000e+00 1.0000e+00 1.0000e+00 1.0000e+00 1.0000e+00 2.0000e+00 1.0000e+00 1.0000e+00 1.0000e+00 5.8710e+03 1.0000e+00 1.0000e+00 1.0000e+00 2.4000e+01 1.0000e+00 3.0000e+00 1.0000e+00 1.0000e+00 1.0000e+00 3.0000e+00 1.0000e+00 2.0000e+00 6.0260e+03 1.0000e+00 2.0000e+00 1.0000e+00 8.0000e+00 4.0000e+00 2.0000e+00 1.0000e+00 2.0000e+00 1.0000e+00 1.0000e+00 1.0000e+00 2.0000e+00 1.0000e+00 2.0000e+00 1.0000e+00 5.9770e+03 4.0000e+00 2.0000e+01
2.0000e+00 2.0000e+00 1.0000e+00 1.0000e+00 1.0000e+00 4.0000e+00 2.0000e+00 1.0000e+00 1.0000e+00 1.0000e+00 1.0000e+00 1.0000e+00 1.0000e+00 1.0000e+00 1.0000e+00 1.0000e+00 1.0000e+00 1.0000e+00 1.0000e+00 5.9810e+03 4.0000e+00 1.0000e+00 1.6190e+03 1.5000e+01 5.9760e+03 3.0000e+00 9.0000e+00 4.0000e+00 3.0000e+00 1.3000e+01 1.0000e+00 1.4000e+01 1.0000e+00 5.9900e+03 1.0000e+00 1.0000e+00 1.0000e+00 1.0000e+00 1.0000e+00 2.0000e+00 1.0000e+00 3.7960e+03 1.0000e+00 1.0000e+00 4.0000e+00 5.9030e+03 1.0000e+00 1.0000e+00 1.0000e+00 1.0000e+00
1.0000e+00 1.0000e+00 3.0000e+00 2.0000e+00 1.0000e+00 2.0000e+00 1.0000e+00 6.0620e+03 1.0000e+00 1.0000e+00 1.0000e+00 1.0000e+00 5.9510e+03 1.0000e+00 1.0000e+00 1.0000e+00 6.0420e+03 2.0000e+00 1.2000e+01 1.6000e+01 1.0000e+00 2.0000e+00 1.0000e+00 2.0000e+00 1.0000e+00 1.0000e+00 5.8940e+03 1.0000e+00 2.6000e+01 1.0000e+00 1.0000e+00 7.0000e+00 1.0000e+00 1.0000e+00 1.0600e+02 2.0000e+00 1.0000e+00 1.8000e+01 1.0000e+00 2.0000e+00 8.5000e+01 2.1560e+03 1.0000e+00 2.0000e+00 2.0000e+00 2.0000e+00 1.0000e+00 1.0000e+00 1.0000e+00 1.0160e+03
4.0000e+00 1.0000e+00 1.0000e+00 1.4000e+01 2.0000e+00 2.0000e+00 2.0000e+00 0.0000e+00 5.9500e+03 2.0000e+00 1.0000e+00 8.0000e+00 1.4000e+01 8.0000e+00 1.0000e+00 1.0000e+00 2.0000e+00 1.0000e+00 2.1000e+01 1.0000e+00 2.0000e+00 2.6000e+01 4.1770e+03 7.0000e+00 0.0000e+00 1.0000e+00 2.0000e+00 9.3000e+01 1.0000e+00 1.0000e+00 6.0190e+03 1.0000e+00 3.0000e+00 2.0000e+00 2.0000e+00 1.6860e+03 2.8800e+02 6.0440e+03 1.6790e+03 5.7100e+03 1.6200e+02 2.0000e+01 2.0000e+00 1.5000e+01 5.9330e+03 0.0000e+00 1.0000e+00 1.0000e+00 1.0000e+00 1.0000e+00
5.2090e+03 1.0000e+00 9.0000e+00 2.0000e+00 5.9350e+03 4.0000e+00 3.0000e+00 3.0000e+00 1.0000e+00 4.3830e+03 2.0000e+00 1.0000e+00 1.0000e+00 1.0000e+00 1.0000e+00 1.0000e+00 3.0000e+00 1.0000e+00 1.0000e+00 7.0000e+00 0.0000e+00 1.0000e+00 1.0000e+00 1.0000e+00 6.0000e+00 1.0000e+00 1.0000e+00 5.7990e+03 9.0000e+00 2.0000e+00 1.0000e+00 2.0000e+00 2.0000e+00 1.0000e+00 1.0000e+00 4.2610e+03 1.0000e+00 1.0000e+00 5.0000e+00 2.0000e+00 1.1000e+01 2.0000e+00 5.9740e+03 1.0000e+00 1.0000e+00 2.0000e+00 1.0000e+00 6.0000e+00 5.9240e+03 1.0000e+00
1.0000e+00 4.2800e+03 2.0000e+00 1.0000e+00 2.0000e+00 4.0000e+00 3.0000e+00 1.0000e+00 1.0000e+00 2.0000e+00 1.0000e+00 5.9680e+03 1.0000e+00 3.0000e+00 1.3000e+01 5.9510e+03 2.0000e+00 1.0000e+00 1.0000e+00 3.5000e+01 5.0000e+00 2.0000e+00 4.0000e+00 1.0000e+00 1.0000e+00 3.0000e+00 2.0000e+00 1.0000e+00 5.9310e+03 1.0000e+00 4.9000e+01 3.0000e+00 1.0000e+01 4.0000e+00 5.8120e+03 1.0000e+00 1.0000e+00 1.0000e+00 2.0000e+00 4.0000e+00 4.0000e+00 1.0000e+00 1.0000e+00 2.0000e+00 1.0000e+00 1.2000e+01 1.0000e+00 1.0000e+00 5.0000e+00 1.0000e+00
3.0000e+00 1.6410e+03 0.0000e+00 5.9840e+03 1.0000e+00 6.0580e+03 4.0000e+00 3.0000e+00 3.0000e+00 3.0000e+00 6.0100e+03 2.0000e+00 7.0000e+00 5.9530e+03 1.0000e+00 4.0000e+01 5.0000e+00 2.0000e+00 6.4000e+01 6.0000e+00 1.0000e+00 3.0000e+00 2.0000e+01 2.0000e+00 0.0000e+00 1.0000e+00 3.0000e+00 1.0000e+00 2.0000e+00 1.0000e+00 1.0000e+00 0.0000e+00 6.0070e+03 0.0000e+00 1.0000e+00 2.0000e+00 1.0000e+00 1.0000e+00 1.0000e+00 3.0000e+00 2.0000e+00 1.0000e+00 1.0000e+00 1.3000e+01 3.0000e+00 3.0000e+00 5.9170e+03 0.0000e+00 1.0000e+00 1.0000e+00
2.0000e+00 1.0000e+00 2.0000e+00 1.0000e+00 3.0000e+00 2.0000e+00 2.0000e+00 1.0000e+00 1.0000e+00 1.0000e+00 1.0000e+00 9.0000e+00 1.0000e+00 1.0000e+00 1.0000e+00 1.0000e+00 1.0000e+00 6.0650e+03 1.0000e+00 1.0000e+00 5.9600e+03 2.0000e+01 1.0000e+00 1.0000e+00 4.0000e+00 6.0000e+03 2.0000e+00 1.1000e+01 1.0000e+00 1.0000e+00 7.0000e+00 2.0000e+00 1.0000e+00 2.0000e+01 1.0000e+00 1.0000e+00 1.0000e+00 1.0000e+00 4.3500e+03 5.0000e+00 1.0000e+00 1.0000e+00 1.0000e+00 5.0000e+00 1.0000e+00 2.0000e+00 5.0000e+00 2.0000e+00 1.0000e+00 4.8450e+03
