0.0000e+00 6.6667e-01 1.0000e+00 7.5000e-01 0.0000e+00 5.0000e-01 1.0000e+00 0.0000e+00 5.0000e-01 9.9447e-01 0.0000e+00 0.0000e+00 5.0000e-01 8.0000e-01 7.5000e-01 3.3333e-01 0.0000e+00 0.0000e+00 6.2500e-01 0.0000e+00 1.0000e+00 9.6900e-01 9.4048e-01 9.9510e-01 1.0000e+00 1.0000e+00 5.0000e-01 0.0000e+00 0.0000e+00 8.8058e-01 8.0000e-01 0.0000e+00 5.0000e-01 1.0000e+00 0.0000e+00 0.0000e+00 8.8940e-01 8.0000e-01 8.0000e-01 9.3558e-01 9.2565e-01 8.0000e-01 1.0000e+00 9.8552e-01 0.0000e+00 1.0000e+00 6.6667e-01 0.0000e+00 6.6667e-01 5.0000e-01
3.3333e-01 4.0000e-01 3.3333e-01 0.0000e+00 0.0000e+00 0.0000e+00 0.0000e+00 4.2308e-01 0.0000e+00 4.2857e-01 0.0000e+00 0.0000e+00 3.3333e-01 0.0000e+00 5.3743e-01 0.0000e+00 3.7500e-01 3.3333e-01 2.7273e-01 0.0000e+00 0.0000e+00 0.0000e+00 0.0000e+00 0.0000e+00 0.0000e+00 5.0000e-01 0.0000e+00 0.0000e+00 5.0000e-01 0.0000e+00 0.0000e+00 5.0000e-01 0.0000e+00 0.0000e+00 3.3333e-01 3.3333e-01 0.0000e+00 0.0000e+00 0.0000e+00 0.0000e+00 0.0000e+00 0.0000e+00 0.0000e+00 0.0000e+00 0.0000e+00 0.0000e+00 0.0000e+00 0.0000e+00 3.3333e-01 0.0000e+00
8.5546e-01 7.2727e-01 9.9443e-01 0.0000e+00 0.0000e+00 0.0000e+00 1.0000e+00 0.0000e+00 5.0000e-01 0.0000e+00 0.0000e+00 0.0000e+00 0.0000e+00 0.0000e+00 5.0000e-01 0.0000e+00 0.0000e+00 0.0000e+00 5.7350e-01 0.0000e+00 1.0000e+00 0.0000e+00 7.0833e-01 0.0000e+00 6.6667e-01 0.0000e+00 0.0000e+00 0.0000e+00 6.6667e-01 0.0000e+00 5.0000e-01 1.0000e+00 0.0000e+00 5.0000e-01 0.0000e+00 6.2500e-01 5.0000e-01 5.0000e-01 0.0000e+00 5.0000e-01 0.0000e+00 0.0000e+00 0.0000e+00 5.0000e-01 0.0000e+00 5.0000e-01 0.0000e+00 9.8427e-01 5.0000e-01 8.0000e-01
5.0000e-01 5.0000e-01 0.0000e+00 0.0000e+00 0.0000e+00 5.0000e-01 5.0000e-01 0.0000e+00 0.0000e+00 0.0000e+00 0.0000e+00 0.0000e+00 0.0000e+00 0.0000e+00 0.0000e+00 0.0000e+00 0.0000e+00 0.0000e+00 0.0000e+00 4.9657e-01 7.5000e-01 0.0000e+00 5.2872e-01 5.3333e-01 7.1335e-01 6.6667e-01 6.6667e-01 2.5000e-01 6.6667e-01 4.6154e-01 0.0000e+00 6.4286e-01 0.0000e+00 7.6694e-01 0.0000e+00 0.0000e+00 0.0000e+00 0.0000e+00 0.0000e+00 5.0000e-01 0.0000e+00 5.8799e-01 0.0000e+00 0.0000e+00 5.0000e-01 7.7876e-01 0.0000e+00 0.0000e+00 0.0000e+00 0.0000e+00
0.0000e+00 0.0000e+00 6.6667e-01 5.0000e-01 0.0000e+00 5.0000e-01 0.0000e+00 7.7813e-01 0.0000e+00 0.0000e+00 0.0000e+00 0.0000e+00 8.0155e-01 0.0000e+00 0.0000e+00 0.0000e+00 8.0487e-01 5.0000e-01 4.1667e-01 5.0000e-01 0.0000e+00 5.0000e-01 0.0000e+00 5.0000e-01 0.0000e+00 0.0000e+00 9.0804e-01 0.0000e+00 8.8462e-01 0.0000e+00 0.0000e+00 7.1429e-01 0.0000e+00 0.0000e+00 8.5849e-01 5.0000e-01 0.0000e+00 5.5556e-01 0.0000e+00 5.0000e-01 5.6471e-01 6.4239e-01 0.0000e+00 5.0000e-01 5.0000e-01 5.0000e-01 0.0000e+00 0.0000e+00 0.0000e+00 8.5728e-01
1.0000e+00 1.0000e+00 1.0000e+00 1.0000e+00 1.0000e+00 5.0000e-01 1.0000e+00 1.0000e+00 8.3546e-01 1.0000e+00 0.0000e+00 1.0000e+00 1.0000e+00 8.7500e-01 0.0000e+00 0.0000e+00 5.0000e-01 0.0000e+00 6.6667e-01 0.0000e+00 1.0000e+00 9.6154e-01 9.9665e-01 1.0000e+00 1.0000e+00 0.0000e+00 1.0000e+00 5.6989e-01 0.0000e+00 0.0000e+00 9.8438e-01 1.0000e+00 6.6667e-01 5.0000e-01 1.0000e+00 9.7390e-01 8.8889e-01 9.6377e-01 9.5771e-01 9.9299e-01 9.4444e-01 9.5000e-01 1.0000e+00 1.0000e+00 9.8955e-01 1.0000e+00 0.0000e+00 1.0000e+00 0.0000e+00 0.0000e+00
9.7293e-01 0.0000e+00 8.8889e-01 5.0000e-01 9.2317e-01 7.5000e-01 6.6667e-01 6.6667e-01 0.0000e+00 9.0714e-01 5.0000e-01 0.0000e+00 0.0000e+00 0.0000e+00 0.0000e+00 0.0000e+00 6.6667e-01 0.0000e+00 0.0000e+00 5.7143e-01 1.0000e+00 0.0000e+00 0.0000e+00 0.0000e+00 8.3333e-01 0.0000e+00 0.0000e+00 5.9665e-01 1.0000e+00 5.0000e-01 0.0000e+00 1.0000e+00 5.0000e-01 0.0000e+00 0.0000e+00 8.5801e-01 0.0000e+00 0.0000e+00 6.0000e-01 5.0000e-01 7.2727e-01 5.0000e-01 9.4593e-01 0.0000e+00 0.0000e+00 5.0000e-01 0.0000e+00 1.0000e+00 7.7887e-01 0.0000e+00
0.0000e+00 5.9322e-01 5.0000e-01 0.0000e+00 5.0000e-01 5.0000e-01 6.6667e-01 0.0000e+00 0.0000e+00 5.0000e-01 0.0000e+00 8.1769e-01 0.0000e+00 3.3333e-01 6.1538e-01 4.8227e-01 5.0000e-01 0.0000e+00 0.0000e+00 4.5714e-01 8.0000e-01 5.0000e-01 5.0000e-01 0.0000e+00 0.0000e+00 6.6667e-01 5.0000e-01 0.0000e+00 8.2769e-01 0.0000e+00 5.3061e-01 6.6667e-01 4.0000e-01 7.5000e-01 7.9628e-01 0.0000e+00 0.0000e+00 0.0000e+00 5.0000e-01 5.0000e-01 5.0000e-01 0.0000e+00 0.0000e+00 5.0000e-01 0.0000e+00 7.5000e-01 0.0000e+00 0.0000e+00 4.0000e-01 0.0000e+00
6.6667e-01 9.0920e-01 1.0000e+00 9.4953e-01 0.0000e+00 9.1746e-01 1.0000e+00 6.6667e-01 6.6667e-01 6.6667e-01 7.0566e-01 5.0000e-01 8.5714e-01 7.7558e-01 0.0000e+00 5.0000e-01 8.0000e-01 5.0000e-01 5.9375e-01 6.6667e-01 0.0000e+00 6.6667e-01 8.0000e-01 5.0000e-01 1.0000e+00 1.0000e+00 1.0000e+00 0.0000e+00 1.0000e+00 0.0000e+00 0.0000e+00 1.0000e+00 7.0484e-01 1.0000e+00 0.0000e+00 5.0000e-01 0.0000e+00 0.0000e+00 0.0000e+00 6.6667e-01 5.0000e-01 0.0000e+00 0.0000e+00 8.4615e-01 6.6667e-01 1.0000e+00 8.1376e-01 1.0000e+00 0.0000e+00 0.0000e+00
5.0000e-01 0.0000e+00 5.0000e-01 0.0000e+00 3.3333e-01 5.0000e-01 5.0000e-01 0.0000e+00 0.0000e+00 0.0000e+00 0.0000e+00 6.6667e-01 0.0000e+00 0.0000e+00 0.0000e+00 0.0000e+00 0.0000e+00 4.5458e-01 0.0000e+00 0.0000e+00 8.1963e-01 4.5000e-01 0.0000e+00 0.0000e+00 5.0000e-01 8.2217e-01 5.0000e-01 2.7273e-01 0.0000e+00 0.0000e+00 4.2857e-01 5.0000e-01 0.0000e+00 6.5000e-01 0.0000e+00 0.0000e+00 0.0000e+00 0.0000e+00 6.6437e-01 4.0000e-01 0.0000e+00 0.0000e+00 0.0000e+00 4.0000e-01 0.0000e+00 5.0000e-01 4.0000e-01 5.0000e-01 0.0000e+00 6.6646e-01
