1.0000e+00 1.0000e+00 0.0000e+00 1.0000e+00 5.0000e-01 0.0000e+00 0.0000e+00 5.0000e-01 9.0942e-01 9.7548e-01
0.0000e+00 5.0000e-01 0.0000e+00 9.9799e-01 6.6667e-01 0.0000e+00 1.0000e+00 0.0000e+00 0.0000e+00 9.6871e-01
9.7260e-01 0.0000e+00 0.0000e+00 0.0000e+00 7.8604e-01 5.0000e-01 9.5730e-01 7.5000e-01 0.0000e+00 0.0000e+00
0.0000e+00 0.0000e+00 5.0000e-01 0.0000e+00 7.1795e-01 9.7666e-01 0.0000e+00 6.6667e-01 5.0000e-01 6.6667e-01
0.0000e+00 0.0000e+00 8.7895e-01 8.0000e-01 0.0000e+00 8.0000e-01 5.0000e-01 5.0000e-01 0.0000e+00 0.0000e+00
0.0000e+00 0.0000e+00 0.0000e+00 0.0000e+00 0.0000e+00 0.0000e+00 9.6719e-01 6.9231e-01 0.0000e+00 0.0000e+00
8.3048e-01 0.0000e+00 6.6667e-01 0.0000e+00 0.0000e+00 7.0000e-01 7.0588e-01 5.0000e-01 5.0000e-01 6.6667e-01
0.0000e+00 9.7232e-01 9.5122e-01 0.0000e+00 0.0000e+00 6.6667e-01 0.0000e+00 8.2691e-01 5.0000e-01 0.0000e+00
0.0000e+00 6.6667e-01 0.0000e+00 7.6978e-01 0.0000e+00 0.0000e+00 6.6667e-01 0.0000e+00 5.0000e-01 6.6667e-01
0.0000e+00 9.9388e-01 0.0000e+00 5.0000e-01 0.0000e+00 0.0000e+00 0.0000e+00 0.0000e+00 0.0000e+00 0.0000e+00
