2.8571e-01 2.0000e-01 1.1111e-01 3.3333e-01 1.6667e-01 6.8182e-01 9.0775e-01 2.3077e-01 1.1111e-01 0.0000e+00 5.6757e-01 3.3333e-01 1.8182e-01 0.0000e+00 4.2857e-01 5.5882e-01 3.1818e-01 1.1111e-01 1.1111e-01 2.0000e-01 2.0000e-01 3.1250e-01 2.6667e-01 3.3333e-01 1.1111e-01 0.0000e+00 5.3333e-01 1.1111e-01 1.6667e-01 5.4839e-01 0.0000e+00 1.1111e-01 3.8095e-01 3.5294e-01 4.2857e-01 4.8000e-01 0.0000e+00 6.4706e-01 8.8713e-01 6.1538e-01 2.0000e-01 1.1111e-01 4.2857e-01 0.0000e+00 2.0000e-01 5.0000e-01 5.1724e-01 1.1111e-01 1.1111e-01 0.0000e+00
2.8571e-01 2.0000e-01 0.0000e+00 5.6250e-01 2.3077e-01 6.2500e-01 3.3333e-01 1.1111e-01 3.3333e-01 4.6875e-01 2.0000e-01 5.9524e-01 1.8182e-01 1.8182e-01 3.3333e-01 5.8537e-01 5.5000e-01 2.5000e-01 2.0000e-01 2.0000e-01 6.4815e-01 2.3077e-01 1.6667e-01 3.1250e-01 3.5294e-01 2.5000e-01 3.3333e-01 1.1111e-01 2.1429e-01 8.0240e-01 2.5000e-01 8.8802e-01 5.5814e-01 0.0000e+00 1.0000e+00 0.0000e+00 2.3077e-01 7.2727e-01 1.0000e+00 1.6667e-01 1.1111e-01 1.1111e-01 8.2979e-01 5.2941e-01 8.2297e-01 1.8182e-01 2.5000e-01 1.1111e-01 0.0000e+00 0.0000e+00
1.1111e-01 0.0000e+00 0.0000e+00 2.9412e-01 1.6667e-01 5.5882e-01 4.5455e-01 2.8571e-01 0.0000e+00 1.6667e-01 0.0000e+00 1.8182e-01 0.0000e+00 0.0000e+00 0.0000e+00 1.1111e-01 1.5385e-01 2.5000e-01 1.1111e-01 0.0000e+00 2.0000e-01 4.3478e-01 2.3077e-01 4.0909e-01 2.3077e-01 2.0000e-01 2.0000e-01 0.0000e+00 9.0909e-02 6.5455e-01 0.0000e+00 0.0000e+00 1.0000e-01 2.5000e-01 1.0000e+00 2.8571e-01 2.3077e-01 6.0000e-01 1.0000e+00 4.2308e-01 0.0000e+00 0.0000e+00 5.5556e-01 1.8182e-01 2.0000e-01 2.3077e-01 3.8889e-01 3.5294e-01 2.0000e-01 1.1111e-01
2.5000e-01 0.0000e+00 0.0000e+00 0.0000e+00 1.0000e-01 0.0000e+00 5.4839e-01 1.8182e-01 1.1111e-01 0.0000e+00 2.5000e-01 2.8571e-01 0.0000e+00 3.1250e-01 1.1111e-01 4.5833e-01 9.0909e-02 1.1111e-01 2.0000e-01 0.0000e+00 0.0000e+00 2.3077e-01 5.3659e-01 1.1111e-01 1.1111e-01 0.0000e+00 2.0000e-01 0.0000e+00 0.0000e+00 6.3265e-01 0.0000e+00 1.1111e-01 1.0000e-01 1.1111e-01 1.0000e+00 0.0000e+00 0.0000e+00 0.0000e+00 1.0000e+00 4.1667e-01 0.0000e+00 0.0000e+00 2.5000e-01 0.0000e+00 0.0000e+00 1.8182e-01 0.0000e+00 2.0000e-01 0.0000e+00 0.0000e+00
3.3333e-01 0.0000e+00 0.0000e+00 1.6667e-01 2.3077e-01 3.5294e-01 1.0000e+00 0.0000e+00 1.1111e-01 1.0000e-01 0.0000e+00 0.0000e+00 1.1111e-01 1.1111e-01 2.0000e-01 2.5000e-01 0.0000e+00 0.0000e+00 2.0000e-01 1.1111e-01 0.0000e+00 1.8182e-01 1.0000e-01 0.0000e+00 0.0000e+00 3.3333e-01 3.3333e-01 2.5000e-01 7.8143e-01 5.0000e-01 0.0000e+00 0.0000e+00 3.1250e-01 2.8571e-01 1.0000e+00 2.0000e-01 0.0000e+00 2.0000e-01 1.0000e+00 2.6667e-01 0.0000e+00 1.1111e-01 3.8889e-01 1.1111e-01 2.5000e-01 1.1111e-01 3.3333e-01 1.1111e-01 1.1111e-01 1.1111e-01
2.8571e-01 0.0000e+00 0.0000e+00 1.6667e-01 1.6667e-01 2.0000e-01 1.0000e+00 2.8571e-01 1.1111e-01 0.0000e+00 2.5000e-01 1.1111e-01 0.0000e+00 0.0000e+00 0.0000e+00 3.8889e-01 9.0909e-02 0.0000e+00 2.5000e-01 0.0000e+00 0.0000e+00 1.1111e-01 1.6667e-01 0.0000e+00 0.0000e+00 1.1111e-01 0.0000e+00 1.1111e-01 0.0000e+00 2.0000e-01 1.1111e-01 0.0000e+00 0.0000e+00 0.0000e+00 1.0000e+00 3.3333e-01 1.1111e-01 0.0000e+00 1.0000e+00 8.2649e-01 1.1111e-01 1.1111e-01 2.5000e-01 2.3077e-01 3.8889e-01 2.3077e-01 4.5455e-01 2.5000e-01 1.1111e-01 0.0000e+00
4.5833e-01 1.1111e-01 3.5294e-01 0.0000e+00 0.0000e+00 4.5455e-01 1.0000e+00 0.0000e+00 0.0000e+00 0.0000e+00 1.1111e-01 0.0000e+00 0.0000e+00 2.8571e-01 0.0000e+00 0.0000e+00 0.0000e+00 0.0000e+00 0.0000e+00 1.1111e-01 1.1111e-01 0.0000e+00 2.3077e-01 1.1111e-01 0.0000e+00 0.0000e+00 0.0000e+00 1.1111e-01 9.0909e-02 2.5000e-01 0.0000e+00 0.0000e+00 0.0000e+00 2.0000e-01 1.0000e+00 0.0000e+00 0.0000e+00 0.0000e+00 1.0000e+00 0.0000e+00 1.1111e-01 0.0000e+00 0.0000e+00 0.0000e+00 0.0000e+00 5.2941e-01 0.0000e+00 2.0000e-01 0.0000e+00 1.1111e-01
0.0000e+00 1.1111e-01 1.1111e-01 1.0000e-01 0.0000e+00 2.0000e-01 1.0000e+00 1.8182e-01 0.0000e+00 1.0000e-01 2.8571e-01 1.8182e-01 2.3077e-01 0.0000e+00 1.1111e-01 4.5455e-01 0.0000e+00 0.0000e+00 0.0000e+00 0.0000e+00 2.0000e-01 0.0000e+00 1.6667e-01 0.0000e+00 1.1111e-01 2.5000e-01 1.1111e-01 0.0000e+00 9.0909e-02 2.5000e-01 0.0000e+00 2.5000e-01 0.0000e+00 0.0000e+00 1.0000e+00 1.1111e-01 1.1111e-01 1.1111e-01 1.0000e+00 1.6667e-01 0.0000e+00 0.0000e+00 0.0000e+00 0.0000e+00 0.0000e+00 0.0000e+00 0.0000e+00 0.0000e+00 0.0000e+00 0.0000e+00
0.0000e+00 1.1111e-01 1.1111e-01 1.0000e-01 2.3077e-01 0.0000e+00 1.0000e+00 1.8182e-01 1.1111e-01 2.1429e-01 0.0000e+00 2.5000e-01 0.0000e+00 1.1111e-01 1.1111e-01 5.6757e-01 9.0909e-02 0.0000e+00 0.0000e+00 0.0000e+00 0.0000e+00 3.3333e-01 0.0000e+00 1.8182e-01 0.0000e+00 1.1111e-01 1.1111e-01 3.3333e-01 9.0909e-02 0.0000e+00 1.1111e-01 2.0000e-01 0.0000e+00 2.0000e-01 1.0000e+00 2.5000e-01 0.0000e+00 2.5000e-01 1.0000e+00 1.6667e-01 0.0000e+00 0.0000e+00 0.0000e+00 0.0000e+00 5.9524e-01 1.1111e-01 0.0000e+00 2.0000e-01 0.0000e+00 2.0000e-01
0.0000e+00 0.0000e+00 1.8182e-01 1.6667e-01 5.5556e-01 5.3333e-01 1.0000e+00 3.5294e-01 1.8182e-01 2.1429e-01 3.3333e-01 2.8571e-01 1.8182e-01 1.1111e-01 2.0000e-01 4.0000e-01 1.5385e-01 2.0000e-01 1.1111e-01 2.0000e-01 1.1111e-01 4.6154e-01 2.3077e-01 0.0000e+00 1.8182e-01 1.1111e-01 2.5000e-01 0.0000e+00 2.7778e-01 1.1111e-01 0.0000e+00 2.5000e-01 2.3077e-01 2.8571e-01 1.0000e+00 3.3333e-01 0.0000e+00 4.2105e-01 1.0000e+00 1.0000e-01 0.0000e+00 1.8182e-01 3.3333e-01 2.8571e-01 1.1111e-01 2.3077e-01 0.0000e+00 1.1111e-01 2.0000e-01 2.5000e-01
8.6747e-01 1.1111e-01 2.5000e-01 8.2828e-01 0.0000e+00 2.5000e-01 1.0000e+00 0.0000e+00 1.8182e-01 2.5000e-01 3.8889e-01 1.8182e-01 1.1111e-01 2.3077e-01 9.1325e-01 6.7213e-01 0.0000e+00 4.8000e-01 6.6071e-01 0.0000e+00 5.3333e-01 8.1544e-01 5.8182e-01 8.7984e-01 5.7500e-01 4.2105e-01 7.4227e-01 4.2857e-01 1.6667e-01 1.1111e-01 5.5882e-01 7.3626e-01 4.0909e-01 6.0000e-01 1.0000e+00 7.3684e-01 3.5294e-01 4.8000e-01 1.0000e+00 8.2136e-01 0.0000e+00 7.9581e-01 5.5556e-01 6.5152e-01 7.0270e-01 7.0213e-01 2.0000e-01 6.8254e-01 6.4000e-01 2.0000e-01
2.5000e-01 0.0000e+00 1.8182e-01 1.0000e-01 1.6667e-01 6.8254e-01 1.0000e+00 1.8182e-01 0.0000e+00 1.0000e-01 0.0000e+00 4.0000e-01 0.0000e+00 0.0000e+00 4.2105e-01 6.1364e-01 9.0909e-02 2.0000e-01 0.0000e+00 0.0000e+00 1.1111e-01 0.0000e+00 0.0000e+00 3.6842e-01 1.8182e-01 0.0000e+00 4.5833e-01 0.0000e+00 4.3333e-01 2.8571e-01 1.1111e-01 1.1111e-01 0.0000e+00 0.0000e+00 1.0000e+00 1.1111e-01 0.0000e+00 2.5000e-01 1.0000e+00 0.0000e+00 0.0000e+00 3.6842e-01 1.1111e-01 0.0000e+00 0.0000e+00 1.8182e-01 2.0000e-01 2.8571e-01 0.0000e+00 2.0000e-01
8.0541e-01 5.4545e-01 7.1111e-01 4.2308e-01 4.6667e-01 7.6471e-01 1.0000e+00 6.3934e-01 4.5833e-01 7.7160e-01 5.5882e-01 3.8889e-01 6.1404e-01 7.4265e-01 5.4545e-01 2.8571e-01 4.6154e-01 4.2857e-01 7.2414e-01 7.9054e-01 6.7213e-01 3.1250e-01 6.1290e-01 5.8696e-01 7.9808e-01 8.6630e-01 2.5000e-01 5.3333e-01 6.4078e-01 7.7165e-01 7.8723e-01 8.6630e-01 7.4847e-01 3.3333e-01 1.0000e+00 6.0465e-01 7.8191e-01 7.2289e-01 1.0000e+00 7.6577e-01 6.7742e-01 8.2375e-01 4.5833e-01 8.0451e-01 5.0000e-01 5.7143e-01 6.9118e-01 0.0000e+00 5.9524e-01 7.1053e-01
2.8571e-01 2.0000e-01 0.0000e+00 1.0000e-01 2.3077e-01 2.0000e-01 1.0000e+00 1.1111e-01 0.0000e+00 2.5000e-01 1.1111e-01 4.3478e-01 0.0000e+00 2.3077e-01 4.5455e-01 4.0000e-01 2.7778e-01 0.0000e+00 0.0000e+00 0.0000e+00 0.0000e+00 6.6667e-01 2.9412e-01 4.6154e-01 3.6842e-01 3.8889e-01 2.0000e-01 3.3333e-01 2.5000e-01 5.5882e-01 1.1111e-01 5.4839e-01 0.0000e+00 2.0000e-01 1.0000e+00 3.5294e-01 0.0000e+00 6.6667e-01 1.0000e+00 5.8491e-01 0.0000e+00 1.1111e-01 3.8889e-01 2.3077e-01 5.0000e-01 6.5753e-01 0.0000e+00 4.2105e-01 1.1111e-01 1.1111e-01
1.1111e-01 0.0000e+00 2.5000e-01 2.6667e-01 3.8095e-01 1.1111e-01 1.0000e+00 0.0000e+00 0.0000e+00 3.5000e-01 4.5455e-01 1.1111e-01 3.3333e-01 4.6154e-01 2.5000e-01 0.0000e+00 2.0000e-01 2.0000e-01 2.5000e-01 5.0000e-01 1.1111e-01 2.3077e-01 2.3077e-01 3.1250e-01 0.0000e+00 3.3333e-01 2.0000e-01 4.2105e-01 1.6667e-01 2.8571e-01 0.0000e+00 4.2105e-01 2.6667e-01 1.1111e-01 1.0000e+00 0.0000e+00 1.8182e-01 5.0000e-01 1.0000e+00 2.3077e-01 2.0000e-01 1.1111e-01 4.5833e-01 3.1250e-01 7.3626e-01 3.6842e-01 5.0000e-01 3.3333e-01 7.1951e-01 0.0000e+00
0.0000e+00 0.0000e+00 0.0000e+00 2.3077e-01 1.6667e-01 2.5000e-01 1.0000e+00 1.1111e-01 1.1111e-01 1.0000e-01 1.1111e-01 0.0000e+00 0.0000e+00 2.8571e-01 4.8000e-01 2.0000e-01 2.0000e-01 0.0000e+00 0.0000e+00 1.1111e-01 3.8889e-01 2.8571e-01 0.0000e+00 1.8182e-01 0.0000e+00 0.0000e+00 2.0000e-01 0.0000e+00 3.1579e-01 1.1111e-01 0.0000e+00 0.0000e+00 0.0000e+00 6.1364e-01 1.0000e+00 0.0000e+00 0.0000e+00 7.6106e-01 1.0000e+00 2.3077e-01 0.0000e+00 0.0000e+00 5.4286e-01 0.0000e+00 7.3034e-01 0.0000e+00 2.0000e-01 6.8254e-01 1.1111e-01 2.0000e-01
1.1111e-01 1.1111e-01 1.1111e-01 0.0000e+00 0.0000e+00 2.0000e-01 1.0000e+00 0.0000e+00 0.0000e+00 1.0000e-01 3.8889e-01 0.0000e+00 0.0000e+00 1.8182e-01 2.8571e-01 0.0000e+00 0.0000e+00 1.1111e-01 0.0000e+00 0.0000e+00 3.3333e-01 0.0000e+00 0.0000e+00 0.0000e+00 2.3077e-01 0.0000e+00 0.0000e+00 3.5294e-01 1.6667e-01 2.0000e-01 0.0000e+00 0.0000e+00 0.0000e+00 0.0000e+00 1.0000e+00 0.0000e+00 0.0000e+00 0.0000e+00 1.0000e+00 0.0000e+00 0.0000e+00 0.0000e+00 0.0000e+00 0.0000e+00 0.0000e+00 0.0000e+00 0.0000e+00 3.3333e-01 0.0000e+00 1.1111e-01
6.0000e-01 8.5185e-01 1.1111e-01 6.0656e-01 7.7459e-01 6.0465e-01 1.0000e+00 8.2637e-01 1.8182e-01 0.0000e+00 6.4815e-01 4.3478e-01 2.3077e-01 7.2034e-01 2.8571e-01 7.5229e-01 5.3448e-01 0.0000e+00 2.8571e-01 0.0000e+00 0.0000e+00 0.0000e+00 0.0000e+00 0.0000e+00 7.4167e-01 6.4000e-01 2.0000e-01 5.3333e-01 1.6667e-01 4.2857e-01 0.0000e+00 4.5833e-01 0.0000e+00 2.0000e-01 1.0000e+00 6.3265e-01 7.3770e-01 0.0000e+00 1.0000e+00 0.0000e+00 0.0000e+00 1.1111e-01 7.1111e-01 0.0000e+00 9.9131e-01 5.6098e-01 1.1111e-01 8.0120e-01 5.4545e-01 5.7895e-01
1.1111e-01 2.0000e-01 1.1111e-01 2.3077e-01 3.5000e-01 1.1111e-01 1.0000e+00 0.0000e+00 1.1111e-01 0.0000e+00 4.5455e-01 0.0000e+00 0.0000e+00 0.0000e+00 2.0000e-01 4.0000e-01 9.0909e-02 0.0000e+00 0.0000e+00 0.0000e+00 0.0000e+00 1.1111e-01 0.0000e+00 0.0000e+00 2.3077e-01 0.0000e+00 0.0000e+00 0.0000e+00 1.6667e-01 2.8571e-01 0.0000e+00 0.0000e+00 1.0000e-01 0.0000e+00 1.0000e+00 0.0000e+00 0.0000e+00 0.0000e+00 1.0000e+00 2.3077e-01 0.0000e+00 1.1111e-01 3.3333e-01 0.0000e+00 1.0000e+00 2.3077e-01 0.0000e+00 0.0000e+00 0.0000e+00 1.1111e-01
2.5000e-01 0.0000e+00 0.0000e+00 0.0000e+00 1.6667e-01 1.1111e-01 1.0000e+00 0.0000e+00 1.1111e-01 0.0000e+00 2.5000e-01 1.1111e-01 0.0000e+00 1.1111e-01 1.1111e-01 2.0000e-01 0.0000e+00 0.0000e+00 0.0000e+00 0.0000e+00 0.0000e+00 1.1111e-01 0.0000e+00 2.8571e-01 0.0000e+00 0.0000e+00 0.0000e+00 0.0000e+00 9.0909e-02 1.1111e-01 1.1111e-01 1.1111e-01 0.0000e+00 0.0000e+00 1.0000e+00 0.0000e+00 0.0000e+00 1.1111e-01 1.0000e+00 1.0000e-01 1.1111e-01 0.0000e+00 1.1111e-01 1.1111e-01 1.0000e+00 1.1111e-01 2.0000e-01 0.0000e+00 0.0000e+00 0.0000e+00
4.5833e-01 0.0000e+00 0.0000e+00 2.3077e-01 0.0000e+00 6.6667e-01 1.0000e+00 0.0000e+00 0.0000e+00 1.6667e-01 5.0000e-01 0.0000e+00 0.0000e+00 0.0000e+00 0.0000e+00 8.0233e-01 1.5385e-01 0.0000e+00 0.0000e+00 1.1111e-01 4.5455e-01 1.8182e-01 0.0000e+00 0.0000e+00 2.3077e-01 2.5000e-01 0.0000e+00 2.0000e-01 2.5000e-01 1.1111e-01 2.8571e-01 2.0000e-01 1.8182e-01 1.1111e-01 1.0000e+00 3.3333e-01 2.8571e-01 0.0000e+00 1.0000e+00 0.0000e+00 2.0000e-01 1.1111e-01 1.1111e-01 2.8571e-01 1.0000e+00 3.1250e-01 2.8571e-01 1.1111e-01 1.1111e-01 7.2289e-01
3.8889e-01 0.0000e+00 3.5294e-01 5.2500e-01 3.8095e-01 3.3333e-01 1.0000e+00 0.0000e+00 1.8182e-01 2.1429e-01 3.8889e-01 2.5000e-01 0.0000e+00 2.3077e-01 3.3333e-01 5.1724e-01 0.0000e+00 2.0000e-01 0.0000e+00 0.0000e+00 0.0000e+00 2.3077e-01 1.0000e-01 1.1111e-01 1.8182e-01 3.3333e-01 2.5000e-01 0.0000e+00 0.0000e+00 2.0000e-01 0.0000e+00 3.8889e-01 1.0000e-01 1.0000e+00 1.0000e+00 2.8571e-01 2.8571e-01 5.9524e-01 1.0000e+00 4.4444e-01 2.0000e-01 0.0000e+00 6.0000e-01 0.0000e+00 1.0000e+00 0.0000e+00 1.1111e-01 5.3333e-01 0.0000e+00 1.1111e-01
4.2857e-01 0.0000e+00 1.1111e-01 5.4545e-01 4.8387e-01 2.8571e-01 1.0000e+00 1.1111e-01 3.5294e-01 1.6667e-01 1.1111e-01 0.0000e+00 1.1111e-01 1.1111e-01 0.0000e+00 5.0000e-01 5.5556e-01 1.1111e-01 0.0000e+00 5.0000e-01 2.0000e-01 1.8182e-01 5.4545e-01 5.3846e-01 3.5294e-01 2.8571e-01 1.1111e-01 3.5294e-01 4.1379e-01 6.4815e-01 1.1111e-01 5.9524e-01 4.0909e-01 1.0000e+00 1.0000e+00 3.8889e-01 1.1111e-01 7.1053e-01 1.0000e+00 5.1351e-01 0.0000e+00 1.8182e-01 5.0000e-01 1.8182e-01 1.0000e+00 1.1111e-01 0.0000e+00 3.3333e-01 1.1111e-01 0.0000e+00
0.0000e+00 0.0000e+00 0.0000e+00 0.0000e+00 0.0000e+00 6.7742e-01 1.0000e+00 1.8182e-01 2.5000e-01 0.0000e+00 5.1724e-01 0.0000e+00 0.0000e+00 0.0000e+00 6.8657e-01 0.0000e+00 4.8889e-01 0.0000e+00 0.0000e+00 1.1111e-01 3.3333e-01 6.3934e-01 7.0248e-01 2.3077e-01 1.8182e-01 7.5229e-01 3.8889e-01 4.5833e-01 0.0000e+00 2.0000e-01 3.8889e-01 0.0000e+00 1.0000e-01 1.0000e+00 1.0000e+00 7.8873e-01 2.3077e-01 0.0000e+00 1.0000e+00 2.3077e-01 0.0000e+00 0.0000e+00 1.8182e-01 0.0000e+00 1.0000e+00 1.8182e-01 6.5455e-01 3.3333e-01 4.5455e-01 2.0000e-01
2.8571e-01 0.0000e+00 1.1111e-01 0.0000e+00 5.0000e-01 1.1111e-01 1.0000e+00 0.0000e+00 0.0000e+00 3.7500e-01 1.1111e-01 4.3478e-01 1.1111e-01 0.0000e+00 3.5294e-01 0.0000e+00 1.5385e-01 0.0000e+00 1.1111e-01 1.1111e-01 2.0000e-01 1.1111e-01 0.0000e+00 1.1111e-01 1.1111e-01 2.0000e-01 3.8889e-01 6.7742e-01 1.6667e-01 0.0000e+00 1.1111e-01 2.5000e-01 2.3077e-01 1.0000e+00 1.0000e+00 4.2105e-01 0.0000e+00 9.9259e-01 1.0000e+00 0.0000e+00 0.0000e+00 1.8182e-01 6.7647e-01 0.0000e+00 1.0000e+00 1.1111e-01 3.5294e-01 1.1111e-01 1.1111e-01 0.0000e+00
7.0886e-01 0.0000e+00 2.8571e-01 7.0543e-01 7.6957e-01 5.8974e-01 1.0000e+00 1.1111e-01 1.8182e-01 6.6964e-01 4.2857e-01 7.1910e-01 1.8182e-01 1.1111e-01 3.5294e-01 6.4815e-01 2.7778e-01 2.0000e-01 2.0000e-01 1.1111e-01 4.2105e-01 2.3077e-01 1.0000e-01 5.5000e-01 3.6842e-01 4.8000e-01 1.1111e-01 3.3333e-01 0.0000e+00 5.0000e-01 0.0000e+00 2.5000e-01 1.8182e-01 1.0000e+00 1.0000e+00 5.9524e-01 2.3077e-01 1.0000e+00 1.0000e+00 6.7708e-01 0.0000e+00 0.0000e+00 7.8824e-01 3.6842e-01 1.0000e+00 5.0000e-01 1.1111e-01 6.1702e-01 3.3333e-01 2.5000e-01
0.0000e+00 0.0000e+00 0.0000e+00 0.0000e+00 4.4444e-01 3.3333e-01 1.0000e+00 0.0000e+00 1.1111e-01 0.0000e+00 2.5000e-01 0.0000e+00 0.0000e+00 0.0000e+00 4.2857e-01 2.5000e-01 0.0000e+00 2.0000e-01 0.0000e+00 0.0000e+00 1.1111e-01 0.0000e+00 0.0000e+00 2.3077e-01 0.0000e+00 3.3333e-01 0.0000e+00 1.1111e-01 3.3333e-01 1.1111e-01 1.1111e-01 0.0000e+00 0.0000e+00 1.0000e+00 1.0000e+00 2.0000e-01 0.0000e+00 1.0000e+00 1.0000e+00 0.0000e+00 0.0000e+00 0.0000e+00 0.0000e+00 2.8571e-01 1.0000e+00 0.0000e+00 0.0000e+00 0.0000e+00 0.0000e+00 0.0000e+00
0.0000e+00 0.0000e+00 0.0000e+00 1.6667e-01 2.6667e-01 1.1111e-01 1.0000e+00 0.0000e+00 0.0000e+00 0.0000e+00 2.5000e-01 1.8182e-01 0.0000e+00 0.0000e+00 1.1111e-01 1.1111e-01 0.0000e+00 0.0000e+00 0.0000e+00 0.0000e+00 1.1111e-01 0.0000e+00 0.0000e+00 1.8182e-01 1.1111e-01 1.1111e-01 0.0000e+00 0.0000e+00 9.0909e-02 2.0000e-01 2.5000e-01 0.0000e+00 1.0000e-01 1.0000e+00 1.0000e+00 0.0000e+00 0.0000e+00 1.0000e+00 1.0000e+00 0.0000e+00 0.0000e+00 1.8182e-01 3.8889e-01 2.8571e-01 1.0000e+00 6.3333e-01 0.0000e+00 3.5294e-01 0.0000e+00 0.0000e+00
4.2857e-01 2.5000e-01 5.2941e-01 5.9649e-01 5.8491e-01 6.4000e-01 1.0000e+00 2.3077e-01 3.3333e-01 5.3333e-01 4.8000e-01 4.8000e-01 3.8095e-01 3.1250e-01 5.0000e-01 4.2857e-01 3.6000e-01 3.5294e-01 2.0000e-01 4.5455e-01 2.5000e-01 3.6842e-01 2.6667e-01 2.3077e-01 4.8148e-01 3.8889e-01 4.2105e-01 2.5000e-01 3.8462e-01 2.8571e-01 2.0000e-01 5.7143e-01 4.4444e-01 1.0000e+00 1.0000e+00 4.5833e-01 1.1111e-01 1.0000e+00 1.0000e+00 5.1351e-01 4.2857e-01 4.0000e-01 1.1111e-01 4.6154e-01 1.0000e+00 4.6154e-01 5.1724e-01 2.5000e-01 4.2857e-01 2.0000e-01
1.8182e-01 2.0000e-01 0.0000e+00 2.6667e-01 0.0000e+00 2.8571e-01 1.0000e+00 2.8571e-01 5.1724e-01 2.1429e-01 5.0000e-01 2.8571e-01 2.6667e-01 0.0000e+00 2.8571e-01 2.5000e-01 2.7778e-01 3.3333e-01 0.0000e+00 0.0000e+00 3.3333e-01 5.1515e-01 1.6667e-01 0.0000e+00 3.6842e-01 1.1111e-01 5.3333e-01 3.3333e-01 4.3750e-01 5.7895e-01 1.1111e-01 2.0000e-01 2.3077e-01 1.0000e+00 1.0000e+00 1.1111e-01 1.1111e-01 1.0000e+00 1.0000e+00 3.5000e-01 0.0000e+00 3.5294e-01 5.5556e-01 3.1250e-01 1.0000e+00 2.3077e-01 3.5294e-01 3.3333e-01 1.1111e-01 2.5000e-01
0.0000e+00 2.0000e-01 0.0000e+00 0.0000e+00 2.6667e-01 3.3333e-01 1.0000e+00 1.8182e-01 3.3333e-01 7.3367e-01 9.2128e-01 1.1111e-01 2.3077e-01 3.8095e-01 6.9863e-01 8.2819e-01 9.0909e-02 2.0000e-01 0.0000e+00 1.1111e-01 7.1053e-01 2.3077e-01 0.0000e+00 0.0000e+00 7.1717e-01 2.5000e-01 3.3333e-01 0.0000e+00 1.6667e-01 6.4000e-01 2.0000e-01 0.0000e+00 4.0909e-01 1.0000e+00 1.0000e+00 5.8974e-01 0.0000e+00 1.0000e+00 1.0000e+00 3.3333e-01 1.1111e-01 2.5000e-01 8.0660e-01 1.1111e-01 1.0000e+00 4.0000e-01 6.0000e-01 8.1771e-01 0.0000e+00 1.1111e-01
3.5294e-01 1.1111e-01 5.0000e-01 3.5000e-01 4.8387e-01 4.8000e-01 1.0000e+00 1.1111e-01 0.0000e+00 1.0000e-01 3.8889e-01 5.6757e-01 5.0000e-01 1.8182e-01 7.3333e-01 8.2969e-01 2.0000e-01 2.0000e-01 1.1111e-01 2.0000e-01 1.1111e-01 0.0000e+00 2.3077e-01 3.1250e-01 2.8571e-01 5.0000e-01 1.1111e-01 1.1111e-01 2.5000e-01 8.2727e-01 2.0000e-01 1.1111e-01 4.0909e-01 1.0000e+00 1.0000e+00 6.1702e-01 1.1111e-01 1.0000e+00 1.0000e+00 3.3333e-01 0.0000e+00 2.8571e-01 7.0930e-01 3.1250e-01 1.0000e+00 1.1111e-01 2.0000e-01 6.7213e-01 2.0000e-01 3.3333e-01
3.3333e-01 0.0000e+00 1.1111e-01 2.9412e-01 0.0000e+00 2.8571e-01 1.0000e+00 0.0000e+00 2.8571e-01 2.1429e-01 2.0000e-01 4.0000e-01 1.1111e-01 2.3077e-01 4.5455e-01 7.0886e-01 0.0000e+00 2.0000e-01 0.0000e+00 0.0000e+00 0.0000e+00 2.3077e-01 1.0000e-01 0.0000e+00 0.0000e+00 3.8889e-01 2.5000e-01 0.0000e+00 1.6667e-01 6.4000e-01 1.1111e-01 0.0000e+00 0.0000e+00 1.0000e+00 1.0000e+00 0.0000e+00 1.8182e-01 1.0000e+00 1.0000e+00 0.0000e+00 2.0000e-01 3.1250e-01 0.0000e+00 0.0000e+00 1.0000e+00 4.6429e-01 0.0000e+00 0.0000e+00 1.1111e-01 1.1111e-01
6.1702e-01 5.0000e-01 5.9091e-01 5.0000e-01 7.2340e-01 3.5294e-01 1.0000e+00 8.2875e-01 5.6757e-01 6.5657e-01 6.8182e-01 6.4912e-01 7.8027e-01 6.5714e-01 7.1250e-01 8.2488e-01 2.7778e-01 7.3118e-01 6.4815e-01 6.7213e-01 5.0000e-01 5.5000e-01 2.3077e-01 6.1404e-01 3.5294e-01 7.0270e-01 3.3333e-01 4.8000e-01 5.8904e-01 6.6071e-01 6.7213e-01 5.4839e-01 6.5333e-01 1.0000e+00 1.0000e+00 5.7143e-01 5.0000e-01 1.0000e+00 1.0000e+00 5.2632e-01 6.2500e-01 2.5000e-01 7.6923e-01 7.4286e-01 1.0000e+00 7.6836e-01 5.7895e-01 6.6667e-01 6.6071e-01 6.8254e-01
0.0000e+00 0.0000e+00 0.0000e+00 0.0000e+00 0.0000e+00 0.0000e+00 1.0000e+00 0.0000e+00 0.0000e+00 0.0000e+00 0.0000e+00 0.0000e+00 0.0000e+00 0.0000e+00 0.0000e+00 2.0000e-01 0.0000e+00 0.0000e+00 0.0000e+00 0.0000e+00 1.1111e-01 1.8182e-01 0.0000e+00 0.0000e+00 0.0000e+00 0.0000e+00 0.0000e+00 1.1111e-01 9.0909e-02 0.0000e+00 1.1111e-01 0.0000e+00 1.8182e-01 1.0000e+00 1.0000e+00 0.0000e+00 0.0000e+00 1.0000e+00 1.0000e+00 1.6667e-01 0.0000e+00 0.0000e+00 2.5000e-01 0.0000e+00 1.0000e+00 1.1111e-01 0.0000e+00 0.0000e+00 0.0000e+00 2.0000e-01
7.6230e-01 8.0571e-01 7.8804e-01 7.8246e-01 8.9004e-01 1.0000e+00 1.0000e+00 7.8142e-01 7.2093e-01 8.2397e-01 8.5960e-01 9.3161e-01 8.3757e-01 7.7551e-01 9.7964e-01 7.2826e-01 8.1479e-01 8.0978e-01 1.0000e+00 9.1122e-01 1.0000e+00 7.5796e-01 8.7769e-01 8.5575e-01 8.0672e-01 9.8247e-01 7.1053e-01 8.2870e-01 8.3858e-01 9.9268e-01 8.5121e-01 9.8889e-01 7.2388e-01 1.0000e+00 1.0000e+00 8.4127e-01 9.2263e-01 1.0000e+00 1.0000e+00 5.9649e-01 8.4411e-01 9.4290e-01 7.6761e-01 7.8995e-01 1.0000e+00 7.9279e-01 8.0120e-01 8.1865e-01 8.2870e-01 1.0000e+00
1.1111e-01 0.0000e+00 0.0000e+00 2.6667e-01 0.0000e+00 1.0000e+00 1.0000e+00 1.1111e-01 1.8182e-01 1.0000e-01 2.0000e-01 0.0000e+00 0.0000e+00 0.0000e+00 1.0000e+00 0.0000e+00 9.0909e-02 3.3333e-01 1.0000e+00 0.0000e+00 1.0000e+00 1.1111e-01 0.0000e+00 3.1250e-01 0.0000e+00 1.0000e+00 3.8889e-01 0.0000e+00 0.0000e+00 1.0000e+00 0.0000e+00 1.0000e+00 1.0000e-01 1.0000e+00 1.0000e+00 3.3333e-01 0.0000e+00 1.0000e+00 1.0000e+00 3.3333e-01 0.0000e+00 2.8571e-01 3.5294e-01 0.0000e+00 1.0000e+00 1.8182e-01 0.0000e+00 1.1111e-01 0.0000e+00 1.0000e+00
0.0000e+00 1.1111e-01 1.8182e-01 2.6667e-01 2.3077e-01 1.0000e+00 1.0000e+00 2.8571e-01 0.0000e+00 1.6667e-01 4.2857e-01 5.1724e-01 1.1111e-01 3.8095e-01 1.0000e+00 5.0000e-01 2.0000e-01 2.0000e-01 1.0000e+00 2.0000e-01 1.0000e+00 2.8571e-01 2.9412e-01 6.8235e-01 5.0000e-01 1.0000e+00 0.0000e+00 2.0000e-01 4.5455e-01 1.0000e+00 1.1111e-01 1.0000e+00 4.6667e-01 1.0000e+00 1.0000e+00 3.8889e-01 4.4000e-01 1.0000e+00 1.0000e+00 6.3889e-01 0.0000e+00 3.5294e-01 7.7083e-01 1.1111e-01 1.0000e+00 1.1111e-01 4.2857e-01 4.8000e-01 2.5000e-01 1.0000e+00
5.1724e-01 8.8618e-01 8.2562e-01 5.8929e-01 0.0000e+00 1.0000e+00 1.0000e+00 2.8571e-01 5.7895e-01 7.7477e-01 4.2857e-01 8.1308e-01 8.4848e-01 8.7929e-01 1.0000e+00 8.8521e-01 3.0000e-01 8.6842e-01 1.0000e+00 8.7927e-01 1.0000e+00 0.0000e+00 1.6667e-01 7.9923e-01 8.8571e-01 1.0000e+00 7.5472e-01 7.6522e-01 5.7812e-01 1.0000e+00 1.1111e-01 1.0000e+00 1.8182e-01 1.0000e+00 1.0000e+00 9.8038e-01 0.0000e+00 1.0000e+00 1.0000e+00 1.0000e-01 6.7742e-01 7.0787e-01 7.0588e-01 3.6842e-01 1.0000e+00 0.0000e+00 8.1675e-01 8.2870e-01 2.0000e-01 1.0000e+00
7.8289e-01 7.1053e-01 9.3787e-01 8.5775e-01 6.4935e-01 1.0000e+00 1.0000e+00 7.5540e-01 7.4000e-01 7.7515e-01 8.0117e-01 6.9333e-01 7.6344e-01 7.8469e-01 1.0000e+00 8.8636e-01 7.8214e-01 8.6297e-01 1.0000e+00 7.2414e-01 1.0000e+00 7.9747e-01 7.7432e-01 8.2254e-01 7.0115e-01 1.0000e+00 8.3186e-01 7.1250e-01 7.7590e-01 1.0000e+00 9.7721e-01 1.0000e+00 7.8868e-01 1.0000e+00 1.0000e+00 1.0000e+00 7.7901e-01 1.0000e+00 1.0000e+00 7.0000e-01 6.4706e-01 6.0000e-01 7.5200e-01 7.9221e-01 1.0000e+00 9.0067e-01 6.2222e-01 7.3333e-01 8.0899e-01 1.0000e+00
7.2917e-01 1.1111e-01 3.6842e-01 1.0000e-01 2.9412e-01 1.0000e+00 1.0000e+00 0.0000e+00 1.1111e-01 2.1429e-01 2.8571e-01 0.0000e+00 1.1111e-01 2.8571e-01 1.0000e+00 0.0000e+00 9.0909e-02 0.0000e+00 1.0000e+00 2.0000e-01 1.0000e+00 2.3077e-01 2.9412e-01 0.0000e+00 3.5294e-01 1.0000e+00 0.0000e+00 1.1111e-01 3.1579e-01 1.0000e+00 1.0000e+00 1.0000e+00 1.0000e-01 1.0000e+00 1.0000e+00 1.0000e+00 0.0000e+00 1.0000e+00 1.0000e+00 0.0000e+00 0.0000e+00 2.5000e-01 2.5000e-01 1.1111e-01 1.0000e+00 5.5263e-01 2.0000e-01 6.8657e-01 4.5455e-01 1.0000e+00
9.5378e-01 9.8954e-01 8.8834e-01 8.8481e-01 8.7410e-01 1.0000e+00 1.0000e+00 9.3208e-01 9.5807e-01 8.5735e-01 9.5264e-01 9.3959e-01 9.0941e-01 9.1898e-01 1.0000e+00 9.5106e-01 8.2857e-01 9.6161e-01 1.0000e+00 1.0000e+00 1.0000e+00 9.2415e-01 8.8464e-01 9.1194e-01 9.3242e-01 1.0000e+00 1.0000e+00 9.8277e-01 8.3405e-01 1.0000e+00 1.0000e+00 1.0000e+00 9.0924e-01 1.0000e+00 1.0000e+00 1.0000e+00 9.0875e-01 1.0000e+00 1.0000e+00 8.9430e-01 9.7185e-01 8.5681e-01 9.4062e-01 9.2399e-01 1.0000e+00 9.1607e-01 1.0000e+00 1.0000e+00 1.0000e+00 1.0000e+00
0.0000e+00 1.0000e+00 0.0000e+00 0.0000e+00 1.0000e-01 1.0000e+00 1.0000e+00 1.1111e-01 0.0000e+00 1.0000e-01 0.0000e+00 0.0000e+00 0.0000e+00 1.8182e-01 1.0000e+00 0.0000e+00 0.0000e+00 0.0000e+00 1.0000e+00 1.0000e+00 1.0000e+00 1.1111e-01 0.0000e+00 0.0000e+00 0.0000e+00 1.0000e+00 1.0000e+00 1.0000e+00 0.0000e+00 1.0000e+00 1.0000e+00 1.0000e+00 0.0000e+00 1.0000e+00 1.0000e+00 1.0000e+00 0.0000e+00 1.0000e+00 1.0000e+00 0.0000e+00 1.0000e+00 0.0000e+00 3.5294e-01 0.0000e+00 1.0000e+00 1.1111e-01 1.0000e+00 1.0000e+00 1.0000e+00 1.0000e+00
0.0000e+00 1.0000e+00 1.1111e-01 1.6667e-01 2.3077e-01 1.0000e+00 1.0000e+00 1.8182e-01 0.0000e+00 1.6667e-01 3.5294e-01 0.0000e+00 0.0000e+00 0.0000e+00 1.0000e+00 3.5294e-01 0.0000e+00 2.8571e-01 1.0000e+00 1.0000e+00 1.0000e+00 0.0000e+00 2.3077e-01 0.0000e+00 0.0000e+00 1.0000e+00 1.0000e+00 1.0000e+00 2.1429e-01 1.0000e+00 1.0000e+00 1.0000e+00 0.0000e+00 1.0000e+00 1.0000e+00 1.0000e+00 0.0000e+00 1.0000e+00 1.0000e+00 5.8491e-01 1.0000e+00 0.0000e+00 2.5000e-01 0.0000e+00 1.0000e+00 1.8182e-01 1.0000e+00 1.0000e+00 1.0000e+00 1.0000e+00
3.8889e-01 1.0000e+00 1.8182e-01 1.0000e-01 3.8095e-01 1.0000e+00 1.0000e+00 0.0000e+00 0.0000e+00 2.1429e-01 2.0000e-01 4.2857e-01 1.1111e-01 1.8182e-01 1.0000e+00 4.5833e-01 0.0000e+00 0.0000e+00 1.0000e+00 1.0000e+00 1.0000e+00 3.1250e-01 0.0000e+00 0.0000e+00 3.5294e-01 1.0000e+00 1.0000e+00 1.0000e+00 2.5000e-01 1.0000e+00 1.0000e+00 1.0000e+00 1.0000e-01 1.0000e+00 1.0000e+00 1.0000e+00 0.0000e+00 1.0000e+00 1.0000e+00 2.3077e-01 1.0000e+00 3.6842e-01 3.3333e-01 1.1111e-01 1.0000e+00 2.3077e-01 1.0000e+00 1.0000e+00 1.0000e+00 1.0000e+00
1.1111e-01 1.0000e+00 4.2857e-01 1.0000e-01 5.0000e-01 1.0000e+00 1.0000e+00 0.0000e+00 2.5000e-01 1.0000e-01 3.8889e-01 0.0000e+00 1.1111e-01 1.1111e-01 1.0000e+00 2.0000e-01 0.0000e+00 2.0000e-01 1.0000e+00 1.0000e+00 1.0000e+00 1.1111e-01 2.9412e-01 5.5814e-01 1.8182e-01 1.0000e+00 1.0000e+00 1.0000e+00 2.1429e-01 1.0000e+00 1.0000e+00 1.0000e+00 3.6842e-01 1.0000e+00 1.0000e+00 1.0000e+00 1.1111e-01 1.0000e+00 1.0000e+00 3.3333e-01 1.0000e+00 2.5000e-01 1.8182e-01 4.6154e-01 1.0000e+00 0.0000e+00 1.0000e+00 1.0000e+00 1.0000e+00 1.0000e+00
1.1111e-01 1.0000e+00 0.0000e+00 0.0000e+00 1.6667e-01 1.0000e+00 1.0000e+00 0.0000e+00 2.5000e-01 0.0000e+00 0.0000e+00 1.1111e-01 1.8182e-01 0.0000e+00 1.0000e+00 2.0000e-01 0.0000e+00 0.0000e+00 1.0000e+00 1.0000e+00 1.0000e+00 1.1111e-01 1.0000e-01 0.0000e+00 1.1111e-01 1.0000e+00 1.0000e+00 1.0000e+00 9.0909e-02 1.0000e+00 1.0000e+00 1.0000e+00 0.0000e+00 1.0000e+00 1.0000e+00 1.0000e+00 0.0000e+00 1.0000e+00 1.0000e+00 0.0000e+00 1.0000e+00 1.1111e-01 1.1111e-01 0.0000e+00 1.0000e+00 0.0000e+00 1.0000e+00 1.0000e+00 1.0000e+00 1.0000e+00
5.7500e-01 1.0000e+00 2.8571e-01 7.0635e-01 1.0000e-01 1.0000e+00 1.0000e+00 1.8182e-01 3.8889e-01 2.1429e-01 5.3125e-01 3.5294e-01 1.1111e-01 3.6842e-01 1.0000e+00 6.3462e-01 4.7619e-01 0.0000e+00 1.0000e+00 1.0000e+00 1.0000e+00 6.5152e-01 2.6667e-01 5.0000e-01 1.1111e-01 1.0000e+00 1.0000e+00 1.0000e+00 1.6667e-01 1.0000e+00 1.0000e+00 1.0000e+00 1.8182e-01 1.0000e+00 1.0000e+00 1.0000e+00 1.1111e-01 1.0000e+00 1.0000e+00 0.0000e+00 1.0000e+00 2.5000e-01 6.4912e-01 4.3478e-01 1.0000e+00 2.3077e-01 1.0000e+00 1.0000e+00 1.0000e+00 1.0000e+00
0.0000e+00 1.0000e+00 3.5294e-01 1.0000e-01 2.6667e-01 1.0000e+00 1.0000e+00 0.0000e+00 1.8182e-01 2.1429e-01 2.0000e-01 1.1111e-01 0.0000e+00 1.8182e-01 1.0000e+00 2.8571e-01 0.0000e+00 0.0000e+00 1.0000e+00 1.0000e+00 1.0000e+00 1.1111e-01 1.6667e-01 2.8571e-01 1.1111e-01 1.0000e+00 1.0000e+00 1.0000e+00 1.6667e-01 1.0000e+00 1.0000e+00 1.0000e+00 0.0000e+00 1.0000e+00 1.0000e+00 1.0000e+00 0.0000e+00 1.0000e+00 1.0000e+00 2.3077e-01 1.0000e+00 1.1111e-01 5.0000e-01 1.1111e-01 1.0000e+00 2.8571e-01 1.0000e+00 1.0000e+00 1.0000e+00 1.0000e+00
1.8182e-01 1.0000e+00 1.8182e-01 2.6667e-01 4.8485e-01 1.0000e+00 1.0000e+00 1.8182e-01 1.1111e-01 8.4098e-01 3.5294e-01 3.8889e-01 3.8095e-01 0.0000e+00 1.0000e+00 2.0000e-01 1.5385e-01 2.8571e-01 1.0000e+00 1.0000e+00 1.0000e+00 4.3478e-01 1.0000e-01 3.6842e-01 0.0000e+00 1.0000e+00 1.0000e+00 1.0000e+00 6.5179e-01 1.0000e+00 1.0000e+00 1.0000e+00 7.3239e-01 1.0000e+00 1.0000e+00 1.0000e+00 1.8182e-01 1.0000e+00 1.0000e+00 1.6667e-01 1.0000e+00 5.0000e-01 6.9880e-01 5.6098e-01 1.0000e+00 2.8571e-01 1.0000e+00 1.0000e+00 1.0000e+00 1.0000e+00
