4.0000e+00 2.0000e+00 1.0000e+00 6.0000e+00 2.0000e+00 4.5000e+01 6.7900e+02 3.0000e+00 1.0000e+00 0.0000e+00 2.1000e+01 5.0000e+00 2.0000e+00 0.0000e+00 9.0000e+00 1.9000e+01 7.0000e+00 1.0000e+00 1.0000e+00 2.0000e+00 2.0000e+00 5.0000e+00 4.0000e+00 6.0000e+00 1.0000e+00 0.0000e+00 1.6000e+01 1.0000e+00 2.0000e+00 1.7000e+01 0.0000e+00 1.0000e+00 8.0000e+00 6.0000e+00 9.0000e+00 1.2000e+01 0.0000e+00 3.3000e+01 4.4800e+02 4.0000e+01 2.0000e+00 1.0000e+00 9.0000e+00 0.0000e+00 2.0000e+00 1.5000e+01 1.5000e+01 1.0000e+00 1.0000e+00 0.0000e+00
4.0000e+00 2.0000e+00 0.0000e+00 2.7000e+01 3.0000e+00 3.0000e+01 5.0000e+00 1.0000e+00 5.0000e+00 1.5000e+01 2.0000e+00 2.5000e+01 2.0000e+00 2.0000e+00 5.0000e+00 2.4000e+01 3.3000e+01 3.0000e+00 2.0000e+00 2.0000e+00 3.5000e+01 3.0000e+00 2.0000e+00 5.0000e+00 6.0000e+00 3.0000e+00 5.0000e+00 1.0000e+00 3.0000e+00 1.3400e+02 3.0000e+00 4.5200e+02 2.4000e+01 0.0000e+00 6.0050e+03 0.0000e+00 3.0000e+00 6.4000e+01 5.3860e+03 2.0000e+00 1.0000e+00 1.0000e+00 2.3400e+02 1.8000e+01 1.7200e+02 2.0000e+00 3.0000e+00 1.0000e+00 0.0000e+00 0.0000e+00
1.0000e+00 0.0000e+00 0.0000e+00 5.0000e+00 2.0000e+00 1.9000e+01 1.0000e+01 4.0000e+00 0.0000e+00 2.0000e+00 0.0000e+00 2.0000e+00 0.0000e+00 0.0000e+00 0.0000e+00 1.0000e+00 2.0000e+00 3.0000e+00 1.0000e+00 0.0000e+00 2.0000e+00 1.0000e+01 3.0000e+00 9.0000e+00 3.0000e+00 2.0000e+00 2.0000e+00 0.0000e+00 1.0000e+00 3.6000e+01 0.0000e+00 0.0000e+00 1.0000e+00 3.0000e+00 0.0000e+00 4.0000e+00 3.0000e+00 2.4000e+01 0.0000e+00 1.1000e+01 0.0000e+00 0.0000e+00 2.0000e+01 2.0000e+00 2.0000e+00 3.0000e+00 7.0000e+00 6.0000e+00 2.0000e+00 1.0000e+00
3.0000e+00 0.0000e+00 0.0000e+00 0.0000e+00 1.0000e+00 0.0000e+00 1.7000e+01 2.0000e+00 1.0000e+00 0.0000e+00 3.0000e+00 4.0000e+00 0.0000e+00 5.0000e+00 1.0000e+00 1.1000e+01 1.0000e+00 1.0000e+00 2.0000e+00 0.0000e+00 0.0000e+00 3.0000e+00 2.2000e+01 1.0000e+00 1.0000e+00 0.0000e+00 2.0000e+00 0.0000e+00 0.0000e+00 3.1000e+01 0.0000e+00 1.0000e+00 1.0000e+00 1.0000e+00 0.0000e+00 0.0000e+00 0.0000e+00 0.0000e+00 0.0000e+00 1.0000e+01 0.0000e+00 0.0000e+00 3.0000e+00 0.0000e+00 0.0000e+00 2.0000e+00 0.0000e+00 2.0000e+00 0.0000e+00 0.0000e+00
5.0000e+00 0.0000e+00 0.0000e+00 2.0000e+00 3.0000e+00 6.0000e+00 5.2470e+03 0.0000e+00 1.0000e+00 1.0000e+00 0.0000e+00 0.0000e+00 1.0000e+00 1.0000e+00 2.0000e+00 3.0000e+00 0.0000e+00 0.0000e+00 2.0000e+00 1.0000e+00 0.0000e+00 2.0000e+00 1.0000e+00 0.0000e+00 0.0000e+00 5.0000e+00 5.0000e+00 3.0000e+00 4.0400e+02 1.3000e+01 0.0000e+00 0.0000e+00 5.0000e+00 4.0000e+00 0.0000e+00 2.0000e+00 0.0000e+00 2.0000e+00 0.0000e+00 4.0000e+00 0.0000e+00 1.0000e+00 7.0000e+00 1.0000e+00 3.0000e+00 1.0000e+00 5.0000e+00 1.0000e+00 1.0000e+00 1.0000e+00
4.0000e+00 0.0000e+00 0.0000e+00 2.0000e+00 2.0000e+00 2.0000e+00 0.0000e+00 4.0000e+00 1.0000e+00 0.0000e+00 3.0000e+00 1.0000e+00 0.0000e+00 0.0000e+00 0.0000e+00 7.0000e+00 1.0000e+00 0.0000e+00 3.0000e+00 0.0000e+00 0.0000e+00 1.0000e+00 2.0000e+00 0.0000e+00 0.0000e+00 1.0000e+00 0.0000e+00 1.0000e+00 0.0000e+00 2.0000e+00 1.0000e+00 0.0000e+00 0.0000e+00 0.0000e+00 0.0000e+00 5.0000e+00 1.0000e+00 0.0000e+00 0.0000e+00 4.4300e+02 1.0000e+00 1.0000e+00 3.0000e+00 3.0000e+00 7.0000e+00 3.0000e+00 1.0000e+01 3.0000e+00 1.0000e+00 0.0000e+00
1.1000e+01 1.0000e+00 6.0000e+00 0.0000e+00 0.0000e+00 1.0000e+01 0.0000e+00 0.0000e+00 0.0000e+00 0.0000e+00 1.0000e+00 0.0000e+00 0.0000e+00 4.0000e+00 0.0000e+00 0.0000e+00 0.0000e+00 0.0000e+00 0.0000e+00 1.0000e+00 1.0000e+00 0.0000e+00 3.0000e+00 1.0000e+00 0.0000e+00 0.0000e+00 0.0000e+00 1.0000e+00 1.0000e+00 3.0000e+00 0.0000e+00 0.0000e+00 0.0000e+00 2.0000e+00 0.0000e+00 0.0000e+00 0.0000e+00 0.0000e+00 0.0000e+00 0.0000e+00 1.0000e+00 0.0000e+00 0.0000e+00 0.0000e+00 0.0000e+00 1.8000e+01 0.0000e+00 2.0000e+00 0.0000e+00 1.0000e+00
0.0000e+00 1.0000e+00 1.0000e+00 1.0000e+00 0.0000e+00 2.0000e+00 0.0000e+00 2.0000e+00 0.0000e+00 1.0000e+00 4.0000e+00 2.0000e+00 3.0000e+00 0.0000e+00 1.0000e+00 1.0000e+01 0.0000e+00 0.0000e+00 0.0000e+00 0.0000e+00 2.0000e+00 0.0000e+00 2.0000e+00 0.0000e+00 1.0000e+00 3.0000e+00 1.0000e+00 0.0000e+00 1.0000e+00 3.0000e+00 0.0000e+00 3.0000e+00 0.0000e+00 0.0000e+00 0.0000e+00 1.0000e+00 1.0000e+00 1.0000e+00 0.0000e+00 2.0000e+00 0.0000e+00 0.0000e+00 0.0000e+00 0.0000e+00 0.0000e+00 0.0000e+00 0.0000e+00 0.0000e+00 0.0000e+00 0.0000e+00
0.0000e+00 1.0000e+00 1.0000e+00 1.0000e+00 3.0000e+00 0.0000e+00 0.0000e+00 2.0000e+00 1.0000e+00 3.0000e+00 0.0000e+00 3.0000e+00 0.0000e+00 1.0000e+00 1.0000e+00 2.1000e+01 1.0000e+00 0.0000e+00 0.0000e+00 0.0000e+00 0.0000e+00 6.0000e+00 0.0000e+00 2.0000e+00 0.0000e+00 1.0000e+00 1.0000e+00 5.0000e+00 1.0000e+00 0.0000e+00 1.0000e+00 2.0000e+00 0.0000e+00 2.0000e+00 0.0000e+00 3.0000e+00 0.0000e+00 3.0000e+00 0.0000e+00 2.0000e+00 0.0000e+00 0.0000e+00 0.0000e+00 0.0000e+00 2.5000e+01 1.0000e+00 0.0000e+00 2.0000e+00 0.0000e+00 2.0000e+00
0.0000e+00 0.0000e+00 2.0000e+00 2.0000e+00 2.5000e+01 1.6000e+01 0.0000e+00 6.0000e+00 2.0000e+00 3.0000e+00 5.0000e+00 4.0000e+00 2.0000e+00 1.0000e+00 2.0000e+00 8.0000e+00 2.0000e+00 2.0000e+00 1.0000e+00 2.0000e+00 1.0000e+00 1.2000e+01 3.0000e+00 0.0000e+00 2.0000e+00 1.0000e+00 3.0000e+00 0.0000e+00 5.0000e+00 1.0000e+00 0.0000e+00 3.0000e+00 3.0000e+00 4.0000e+00 0.0000e+00 5.0000e+00 0.0000e+00 8.0000e+00 0.0000e+00 1.0000e+00 0.0000e+00 2.0000e+00 5.0000e+00 4.0000e+00 1.0000e+00 3.0000e+00 0.0000e+00 1.0000e+00 2.0000e+00 3.0000e+00
3.6000e+02 1.0000e+00 3.0000e+00 4.9200e+02 0.0000e+00 3.0000e+00 0.0000e+00 0.0000e+00 2.0000e+00 4.0000e+00 7.0000e+00 2.0000e+00 1.0000e+00 3.0000e+00 7.7900e+02 4.1000e+01 0.0000e+00 1.2000e+01 3.7000e+01 0.0000e+00 1.6000e+01 2.4300e+02 3.2000e+01 9.0800e+02 2.3000e+01 8.0000e+00 7.2000e+01 9.0000e+00 2.0000e+00 1.0000e+00 1.9000e+01 6.7000e+01 9.0000e+00 2.4000e+01 0.0000e+00 7.0000e+01 6.0000e+00 1.2000e+01 0.0000e+00 4.0000e+02 0.0000e+00 1.5200e+02 2.0000e+01 4.3000e+01 5.2000e+01 6.6000e+01 2.0000e+00 4.3000e+01 3.2000e+01 2.0000e+00
3.0000e+00 0.0000e+00 2.0000e+00 1.0000e+00 2.0000e+00 4.3000e+01 0.0000e+00 2.0000e+00 0.0000e+00 1.0000e+00 0.0000e+00 8.0000e+00 0.0000e+00 0.0000e+00 8.0000e+00 2.7000e+01 1.0000e+00 2.0000e+00 0.0000e+00 0.0000e+00 1.0000e+00 0.0000e+00 0.0000e+00 7.0000e+00 2.0000e+00 0.0000e+00 1.1000e+01 0.0000e+00 1.3000e+01 4.0000e+00 1.0000e+00 1.0000e+00 0.0000e+00 0.0000e+00 0.0000e+00 1.0000e+00 0.0000e+00 3.0000e+00 0.0000e+00 0.0000e+00 0.0000e+00 7.0000e+00 1.0000e+00 0.0000e+00 0.0000e+00 2.0000e+00 2.0000e+00 4.0000e+00 0.0000e+00 2.0000e+00
1.4900e+02 1.8000e+01 6.4000e+01 1.1000e+01 1.4000e+01 9.1000e+01 0.0000e+00 3.9000e+01 1.1000e+01 2.5000e+02 1.9000e+01 7.0000e+00 3.5000e+01 1.0100e+02 1.8000e+01 4.0000e+00 1.8000e+01 9.0000e+00 6.3000e+01 1.1700e+02 4.1000e+01 5.0000e+00 3.8000e+01 2.7000e+01 1.6600e+02 3.1100e+02 3.0000e+00 1.6000e+01 6.6000e+01 9.8000e+01 1.1100e+02 3.1100e+02 1.2200e+02 5.0000e+00 0.0000e+00 2.6000e+01 1.4700e+02 6.0000e+01 0.0000e+00 1.7000e+02 4.2000e+01 2.1500e+02 1.1000e+01 2.1400e+02 1.3000e+01 2.4000e+01 4.7000e+01 0.0000e+00 2.5000e+01 5.4000e+01
4.0000e+00 2.0000e+00 0.0000e+00 1.0000e+00 3.0000e+00 2.0000e+00 0.0000e+00 1.0000e+00 0.0000e+00 4.0000e+00 1.0000e+00 1.0000e+01 0.0000e+00 3.0000e+00 1.0000e+01 8.0000e+00 5.0000e+00 0.0000e+00 0.0000e+00 0.0000e+00 0.0000e+00 5.0000e+01 5.0000e+00 1.2000e+01 7.0000e+00 7.0000e+00 2.0000e+00 5.0000e+00 4.0000e+00 1.9000e+01 1.0000e+00 1.7000e+01 0.0000e+00 2.0000e+00 0.0000e+00 6.0000e+00 0.0000e+00 3.8000e+01 0.0000e+00 3.1000e+01 0.0000e+00 1.0000e+00 7.0000e+00 3.0000e+00 1.4000e+01 4.8000e+01 0.0000e+00 8.0000e+00 1.0000e+00 1.0000e+00
1.0000e+00 0.0000e+00 3.0000e+00 4.0000e+00 8.0000e+00 1.0000e+00 0.0000e+00 0.0000e+00 0.0000e+00 7.0000e+00 1.0000e+01 1.0000e+00 6.0000e+00 1.2000e+01 3.0000e+00 0.0000e+00 3.0000e+00 2.0000e+00 3.0000e+00 1.3000e+01 1.0000e+00 3.0000e+00 3.0000e+00 5.0000e+00 0.0000e+00 5.0000e+00 2.0000e+00 8.0000e+00 2.0000e+00 4.0000e+00 0.0000e+00 8.0000e+00 4.0000e+00 1.0000e+00 0.0000e+00 0.0000e+00 2.0000e+00 1.4000e+01 0.0000e+00 3.0000e+00 2.0000e+00 1.0000e+00 1.1000e+01 5.0000e+00 6.7000e+01 7.0000e+00 1.3000e+01 5.0000e+00 5.9000e+01 0.0000e+00
0.0000e+00 0.0000e+00 0.0000e+00 3.0000e+00 2.0000e+00 3.0000e+00 0.0000e+00 1.0000e+00 1.0000e+00 1.0000e+00 1.0000e+00 0.0000e+00 0.0000e+00 4.0000e+00 1.2000e+01 2.0000e+00 3.0000e+00 0.0000e+00 0.0000e+00 1.0000e+00 7.0000e+00 4.0000e+00 0.0000e+00 2.0000e+00 0.0000e+00 0.0000e+00 2.0000e+00 0.0000e+00 6.0000e+00 1.0000e+00 0.0000e+00 0.0000e+00 0.0000e+00 2.7000e+01 0.0000e+00 0.0000e+00 0.0000e+00 8.6000e+01 0.0000e+00 3.0000e+00 0.0000e+00 0.0000e+00 1.9000e+01 0.0000e+00 6.5000e+01 0.0000e+00 2.0000e+00 4.3000e+01 1.0000e+00 2.0000e+00
1.0000e+00 1.0000e+00 1.0000e+00 0.0000e+00 0.0000e+00 2.0000e+00 0.0000e+00 0.0000e+00 0.0000e+00 1.0000e+00 7.0000e+00 0.0000e+00 0.0000e+00 2.0000e+00 4.0000e+00 0.0000e+00 0.0000e+00 1.0000e+00 0.0000e+00 0.0000e+00 5.0000e+00 0.0000e+00 0.0000e+00 0.0000e+00 3.0000e+00 0.0000e+00 0.0000e+00 6.0000e+00 2.0000e+00 2.0000e+00 0.0000e+00 0.0000e+00 0.0000e+00 0.0000e+00 0.0000e+00 0.0000e+00 0.0000e+00 0.0000e+00 0.0000e+00 0.0000e+00 0.0000e+00 0.0000e+00 0.0000e+00 0.0000e+00 0.0000e+00 0.0000e+00 0.0000e+00 5.0000e+00 0.0000e+00 1.0000e+00
2.7000e+01 2.5300e+02 1.0000e+00 3.7000e+01 1.8900e+02 2.6000e+01 0.0000e+00 2.5700e+02 2.0000e+00 0.0000e+00 3.5000e+01 1.0000e+01 3.0000e+00 8.5000e+01 4.0000e+00 8.2000e+01 3.1000e+01 0.0000e+00 4.0000e+00 0.0000e+00 0.0000e+00 0.0000e+00 0.0000e+00 0.0000e+00 8.9000e+01 3.2000e+01 2.0000e+00 1.6000e+01 2.0000e+00 9.0000e+00 0.0000e+00 1.1000e+01 0.0000e+00 2.0000e+00 0.0000e+00 3.1000e+01 9.0000e+01 0.0000e+00 0.0000e+00 0.0000e+00 0.0000e+00 1.0000e+00 6.4000e+01 0.0000e+00 5.2450e+03 2.3000e+01 1.0000e+00 1.3300e+02 1.8000e+01 2.2000e+01
1.0000e+00 2.0000e+00 1.0000e+00 3.0000e+00 7.0000e+00 1.0000e+00 0.0000e+00 0.0000e+00 1.0000e+00 0.0000e+00 1.0000e+01 0.0000e+00 0.0000e+00 0.0000e+00 2.0000e+00 8.0000e+00 1.0000e+00 0.0000e+00 0.0000e+00 0.0000e+00 0.0000e+00 1.0000e+00 0.0000e+00 0.0000e+00 3.0000e+00 0.0000e+00 0.0000e+00 0.0000e+00 2.0000e+00 4.0000e+00 0.0000e+00 0.0000e+00 1.0000e+00 0.0000e+00 0.0000e+00 0.0000e+00 0.0000e+00 0.0000e+00 0.0000e+00 3.0000e+00 0.0000e+00 1.0000e+00 5.0000e+00 0.0000e+00 0.0000e+00 3.0000e+00 0.0000e+00 0.0000e+00 0.0000e+00 1.0000e+00
3.0000e+00 0.0000e+00 0.0000e+00 0.0000e+00 2.0000e+00 1.0000e+00 0.0000e+00 0.0000e+00 1.0000e+00 0.0000e+00 3.0000e+00 1.0000e+00 0.0000e+00 1.0000e+00 1.0000e+00 2.0000e+00 0.0000e+00 0.0000e+00 0.0000e+00 0.0000e+00 0.0000e+00 1.0000e+00 0.0000e+00 4.0000e+00 0.0000e+00 0.0000e+00 0.0000e+00 0.0000e+00 1.0000e+00 1.0000e+00 1.0000e+00 1.0000e+00 0.0000e+00 0.0000e+00 0.0000e+00 0.0000e+00 0.0000e+00 1.0000e+00 0.0000e+00 1.0000e+00 1.0000e+00 0.0000e+00 1.0000e+00 1.0000e+00 0.0000e+00 1.0000e+00 2.0000e+00 0.0000e+00 0.0000e+00 0.0000e+00
1.1000e+01 0.0000e+00 0.0000e+00 3.0000e+00 0.0000e+00 3.8000e+01 0.0000e+00 0.0000e+00 0.0000e+00 2.0000e+00 1.3000e+01 0.0000e+00 0.0000e+00 0.0000e+00 0.0000e+00 1.3800e+02 2.0000e+00 0.0000e+00 0.0000e+00 1.0000e+00 1.0000e+01 2.0000e+00 0.0000e+00 0.0000e+00 3.0000e+00 3.0000e+00 0.0000e+00 2.0000e+00 4.0000e+00 1.0000e+00 4.0000e+00 2.0000e+00 2.0000e+00 1.0000e+00 0.0000e+00 5.0000e+00 4.0000e+00 0.0000e+00 0.0000e+00 0.0000e+00 2.0000e+00 1.0000e+00 1.0000e+00 4.0000e+00 0.0000e+00 5.0000e+00 4.0000e+00 1.0000e+00 1.0000e+00 6.0000e+01
7.0000e+00 0.0000e+00 6.0000e+00 2.1000e+01 8.0000e+00 5.0000e+00 0.0000e+00 0.0000e+00 2.0000e+00 3.0000e+00 7.0000e+00 3.0000e+00 0.0000e+00 3.0000e+00 5.0000e+00 1.5000e+01 0.0000e+00 2.0000e+00 0.0000e+00 0.0000e+00 0.0000e+00 3.0000e+00 1.0000e+00 1.0000e+00 2.0000e+00 5.0000e+00 3.0000e+00 0.0000e+00 0.0000e+00 2.0000e+00 0.0000e+00 7.0000e+00 1.0000e+00 5.5970e+03 0.0000e+00 4.0000e+00 4.0000e+00 2.5000e+01 0.0000e+00 1.2000e+01 2.0000e+00 0.0000e+00 2.7000e+01 0.0000e+00 0.0000e+00 0.0000e+00 1.0000e+00 1.6000e+01 0.0000e+00 1.0000e+00
9.0000e+00 0.0000e+00 1.0000e+00 2.4000e+01 1.5000e+01 4.0000e+00 0.0000e+00 1.0000e+00 6.0000e+00 2.0000e+00 1.0000e+00 0.0000e+00 1.0000e+00 1.0000e+00 0.0000e+00 1.3000e+01 3.5000e+01 1.0000e+00 0.0000e+00 1.3000e+01 2.0000e+00 2.0000e+00 2.4000e+01 2.1000e+01 6.0000e+00 4.0000e+00 1.0000e+00 6.0000e+00 1.2000e+01 3.5000e+01 1.0000e+00 2.5000e+01 9.0000e+00 0.0000e+00 0.0000e+00 7.0000e+00 1.0000e+00 5.4000e+01 0.0000e+00 1.9000e+01 0.0000e+00 2.0000e+00 1.5000e+01 2.0000e+00 0.0000e+00 1.0000e+00 0.0000e+00 5.0000e+00 1.0000e+00 0.0000e+00
0.0000e+00 0.0000e+00 0.0000e+00 0.0000e+00 0.0000e+00 4.2000e+01 0.0000e+00 2.0000e+00 3.0000e+00 0.0000e+00 1.5000e+01 0.0000e+00 0.0000e+00 0.0000e+00 4.6000e+01 0.0000e+00 2.2000e+01 0.0000e+00 0.0000e+00 1.0000e+00 5.0000e+00 3.9000e+01 8.5000e+01 3.0000e+00 2.0000e+00 8.2000e+01 7.0000e+00 1.1000e+01 0.0000e+00 2.0000e+00 7.0000e+00 0.0000e+00 1.0000e+00 0.0000e+00 0.0000e+00 1.1200e+02 3.0000e+00 0.0000e+00 0.0000e+00 3.0000e+00 0.0000e+00 0.0000e+00 2.0000e+00 0.0000e+00 0.0000e+00 2.0000e+00 3.6000e+01 5.0000e+00 1.0000e+01 2.0000e+00
4.0000e+00 0.0000e+00 1.0000e+00 0.0000e+00 1.7000e+01 1.0000e+00 0.0000e+00 0.0000e+00 0.0000e+00 9.0000e+00 1.0000e+00 1.0000e+01 1.0000e+00 0.0000e+00 6.0000e+00 0.0000e+00 2.0000e+00 0.0000e+00 1.0000e+00 1.0000e+00 2.0000e+00 1.0000e+00 0.0000e+00 1.0000e+00 1.0000e+00 2.0000e+00 7.0000e+00 4.2000e+01 2.0000e+00 0.0000e+00 1.0000e+00 3.0000e+00 3.0000e+00 0.0000e+00 0.0000e+00 8.0000e+00 0.0000e+00 5.3550e+03 0.0000e+00 0.0000e+00 0.0000e+00 2.0000e+00 4.6000e+01 0.0000e+00 0.0000e+00 1.0000e+00 6.0000e+00 1.0000e+00 1.0000e+00 0.0000e+00
5.6000e+01 0.0000e+00 4.0000e+00 9.1000e+01 1.7700e+02 2.3000e+01 0.0000e+00 1.0000e+00 2.0000e+00 7.5000e+01 9.0000e+00 6.4000e+01 2.0000e+00 1.0000e+00 6.0000e+00 3.5000e+01 5.0000e+00 2.0000e+00 2.0000e+00 1.0000e+00 8.0000e+00 3.0000e+00 1.0000e+00 2.2000e+01 7.0000e+00 1.2000e+01 1.0000e+00 5.0000e+00 0.0000e+00 1.3000e+01 0.0000e+00 3.0000e+00 2.0000e+00 0.0000e+00 0.0000e+00 2.5000e+01 3.0000e+00 0.0000e+00 0.0000e+00 6.5000e+01 0.0000e+00 0.0000e+00 1.3400e+02 7.0000e+00 0.0000e+00 1.5000e+01 1.0000e+00 2.9000e+01 5.0000e+00 3.0000e+00
0.0000e+00 0.0000e+00 0.0000e+00 0.0000e+00 1.2000e+01 5.0000e+00 0.0000e+00 0.0000e+00 1.0000e+00 0.0000e+00 3.0000e+00 0.0000e+00 0.0000e+00 0.0000e+00 9.0000e+00 3.0000e+00 0.0000e+00 2.0000e+00 0.0000e+00 0.0000e+00 1.0000e+00 0.0000e+00 0.0000e+00 3.0000e+00 0.0000e+00 5.0000e+00 0.0000e+00 1.0000e+00 7.0000e+00 1.0000e+00 1.0000e+00 0.0000e+00 0.0000e+00 0.0000e+00 0.0000e+00 2.0000e+00 0.0000e+00 0.0000e+00 0.0000e+00 0.0000e+00 0.0000e+00 0.0000e+00 0.0000e+00 4.0000e+00 0.0000e+00 0.0000e+00 0.0000e+00 0.0000e+00 0.0000e+00 0.0000e+00
0.0000e+00 0.0000e+00 0.0000e+00 2.0000e+00 4.0000e+00 1.0000e+00 0.0000e+00 0.0000e+00 0.0000e+00 0.0000e+00 3.0000e+00 2.0000e+00 0.0000e+00 0.0000e+00 1.0000e+00 1.0000e+00 0.0000e+00 0.0000e+00 0.0000e+00 0.0000e+00 1.0000e+00 0.0000e+00 0.0000e+00 2.0000e+00 1.0000e+00 1.0000e+00 0.0000e+00 0.0000e+00 1.0000e+00 2.0000e+00 3.0000e+00 0.0000e+00 1.0000e+00 0.0000e+00 0.0000e+00 0.0000e+00 0.0000e+00 0.0000e+00 0.0000e+00 0.0000e+00 0.0000e+00 2.0000e+00 7.0000e+00 4.0000e+00 0.0000e+00 3.8000e+01 0.0000e+00 6.0000e+00 0.0000e+00 0.0000e+00
9.0000e+00 3.0000e+00 1.8000e+01 3.4000e+01 3.1000e+01 3.2000e+01 0.0000e+00 3.0000e+00 5.0000e+00 2.4000e+01 1.2000e+01 1.2000e+01 8.0000e+00 5.0000e+00 1.3000e+01 9.0000e+00 9.0000e+00 6.0000e+00 2.0000e+00 1.0000e+01 3.0000e+00 7.0000e+00 4.0000e+00 3.0000e+00 1.3000e+01 7.0000e+00 8.0000e+00 3.0000e+00 1.0000e+01 4.0000e+00 2.0000e+00 2.0000e+01 1.2000e+01 0.0000e+00 0.0000e+00 1.1000e+01 1.0000e+00 0.0000e+00 0.0000e+00 1.9000e+01 9.0000e+00 8.0000e+00 1.0000e+00 1.2000e+01 0.0000e+00 1.2000e+01 1.5000e+01 3.0000e+00 9.0000e+00 2.0000e+00
2.0000e+00 2.0000e+00 0.0000e+00 4.0000e+00 0.0000e+00 4.0000e+00 0.0000e+00 4.0000e+00 1.5000e+01 3.0000e+00 1.4000e+01 4.0000e+00 4.0000e+00 0.0000e+00 4.0000e+00 3.0000e+00 5.0000e+00 5.0000e+00 0.0000e+00 0.0000e+00 5.0000e+00 1.7000e+01 2.0000e+00 0.0000e+00 7.0000e+00 1.0000e+00 1.6000e+01 5.0000e+00 1.4000e+01 2.2000e+01 1.0000e+00 2.0000e+00 3.0000e+00 0.0000e+00 0.0000e+00 1.0000e+00 1.0000e+00 0.0000e+00 0.0000e+00 7.0000e+00 0.0000e+00 6.0000e+00 2.0000e+01 5.0000e+00 0.0000e+00 3.0000e+00 6.0000e+00 5.0000e+00 1.0000e+00 3.0000e+00
0.0000e+00 2.0000e+00 0.0000e+00 0.0000e+00 4.0000e+00 5.0000e+00 0.0000e+00 2.0000e+00 5.0000e+00 1.4600e+02 1.0650e+03 1.0000e+00 3.0000e+00 8.0000e+00 5.1000e+01 1.8800e+02 1.0000e+00 2.0000e+00 0.0000e+00 1.0000e+00 5.4000e+01 3.0000e+00 0.0000e+00 0.0000e+00 7.1000e+01 3.0000e+00 5.0000e+00 0.0000e+00 2.0000e+00 3.2000e+01 2.0000e+00 0.0000e+00 9.0000e+00 0.0000e+00 0.0000e+00 2.3000e+01 0.0000e+00 0.0000e+00 0.0000e+00 6.0000e+00 1.0000e+00 3.0000e+00 1.7100e+02 1.0000e+00 0.0000e+00 8.0000e+00 2.4000e+01 1.5700e+02 0.0000e+00 1.0000e+00
6.0000e+00 1.0000e+00 1.4000e+01 7.0000e+00 1.5000e+01 1.2000e+01 0.0000e+00 1.0000e+00 0.0000e+00 1.0000e+00 7.0000e+00 2.1000e+01 1.6000e+01 2.0000e+00 6.6000e+01 1.9000e+02 3.0000e+00 2.0000e+00 1.0000e+00 2.0000e+00 1.0000e+00 0.0000e+00 3.0000e+00 5.0000e+00 4.0000e+00 1.3000e+01 1.0000e+00 1.0000e+00 4.0000e+00 1.8200e+02 2.0000e+00 1.0000e+00 9.0000e+00 0.0000e+00 0.0000e+00 2.9000e+01 1.0000e+00 0.0000e+00 0.0000e+00 6.0000e+00 0.0000e+00 4.0000e+00 6.1000e+01 5.0000e+00 0.0000e+00 1.0000e+00 2.0000e+00 4.1000e+01 2.0000e+00 5.0000e+00
5.0000e+00 0.0000e+00 1.0000e+00 5.0000e+00 0.0000e+00 4.0000e+00 0.0000e+00 0.0000e+00 4.0000e+00 3.0000e+00 2.0000e+00 8.0000e+00 1.0000e+00 3.0000e+00 1.0000e+01 5.6000e+01 0.0000e+00 2.0000e+00 0.0000e+00 0.0000e+00 0.0000e+00 3.0000e+00 1.0000e+00 0.0000e+00 0.0000e+00 7.0000e+00 3.0000e+00 0.0000e+00 2.0000e+00 3.2000e+01 1.0000e+00 0.0000e+00 0.0000e+00 0.0000e+00 0.0000e+00 0.0000e+00 2.0000e+00 0.0000e+00 0.0000e+00 0.0000e+00 2.0000e+00 5.0000e+00 0.0000e+00 0.0000e+00 0.0000e+00 1.3000e+01 0.0000e+00 0.0000e+00 1.0000e+00 1.0000e+00
2.9000e+01 1.3000e+01 2.6000e+01 1.7000e+01 1.0200e+02 6.0000e+00 0.0000e+00 2.7100e+02 2.1000e+01 6.5000e+01 4.5000e+01 3.7000e+01 1.7400e+02 4.6000e+01 5.7000e+01 1.7900e+02 5.0000e+00 6.8000e+01 3.5000e+01 4.1000e+01 1.3000e+01 2.2000e+01 3.0000e+00 3.5000e+01 6.0000e+00 5.2000e+01 5.0000e+00 1.2000e+01 4.3000e+01 3.7000e+01 4.1000e+01 1.7000e+01 4.9000e+01 0.0000e+00 0.0000e+00 2.0000e+01 1.5000e+01 0.0000e+00 0.0000e+00 2.0000e+01 3.0000e+01 3.0000e+00 1.1000e+02 1.0400e+02 0.0000e+00 1.3600e+02 2.2000e+01 4.0000e+01 3.7000e+01 4.3000e+01
0.0000e+00 0.0000e+00 0.0000e+00 0.0000e+00 0.0000e+00 0.0000e+00 0.0000e+00 0.0000e+00 0.0000e+00 0.0000e+00 0.0000e+00 0.0000e+00 0.0000e+00 0.0000e+00 0.0000e+00 2.0000e+00 0.0000e+00 0.0000e+00 0.0000e+00 0.0000e+00 1.0000e+00 2.0000e+00 0.0000e+00 0.0000e+00 0.0000e+00 0.0000e+00 0.0000e+00 1.0000e+00 1.0000e+00 0.0000e+00 1.0000e+00 0.0000e+00 2.0000e+00 0.0000e+00 0.0000e+00 0.0000e+00 0.0000e+00 0.0000e+00 0.0000e+00 2.0000e+00 0.0000e+00 0.0000e+00 3.0000e+00 0.0000e+00 0.0000e+00 1.0000e+00 0.0000e+00 0.0000e+00 0.0000e+00 2.0000e+00
9.3000e+01 1.4100e+02 1.4500e+02 2.2300e+02 2.5740e+03 5.1860e+03 0.0000e+00 1.4300e+02 6.2000e+01 6.6000e+02 3.0000e+02 1.9070e+03 4.2800e+02 1.5200e+02 4.3780e+03 6.7000e+01 1.4210e+03 1.4900e+02 5.4160e+03 7.3900e+02 5.4780e+03 1.1900e+02 1.8730e+03 5.2800e+02 1.9200e+02 4.9870e+03 5.4000e+01 1.7900e+02 1.8130e+03 4.8830e+03 2.4600e+02 4.4490e+03 9.7000e+01 0.0000e+00 0.0000e+00 2.1200e+02 3.0410e+03 0.0000e+00 0.0000e+00 3.4000e+01 2.2200e+02 4.2110e+03 1.0900e+02 1.7300e+02 0.0000e+00 1.7600e+02 1.3300e+02 1.5800e+02 1.7900e+02 5.5280e+03
1.0000e+00 0.0000e+00 0.0000e+00 4.0000e+00 0.0000e+00 0.0000e+00 0.0000e+00 1.0000e+00 2.0000e+00 1.0000e+00 2.0000e+00 0.0000e+00 0.0000e+00 0.0000e+00 0.0000e+00 0.0000e+00 1.0000e+00 5.0000e+00 0.0000e+00 0.0000e+00 0.0000e+00 1.0000e+00 0.0000e+00 5.0000e+00 0.0000e+00 0.0000e+00 7.0000e+00 0.0000e+00 0.0000e+00 0.0000e+00 0.0000e+00 0.0000e+00 1.0000e+00 0.0000e+00 0.0000e+00 5.0000e+00 0.0000e+00 0.0000e+00 0.0000e+00 6.0000e+00 0.0000e+00 4.0000e+00 6.0000e+00 0.0000e+00 0.0000e+00 2.0000e+00 0.0000e+00 1.0000e+00 0.0000e+00 0.0000e+00
0.0000e+00 1.0000e+00 2.0000e+00 4.0000e+00 3.0000e+00 0.0000e+00 0.0000e+00 4.0000e+00 0.0000e+00 2.0000e+00 9.0000e+00 1.5000e+01 1.0000e+00 8.0000e+00 0.0000e+00 1.3000e+01 3.0000e+00 2.0000e+00 0.0000e+00 2.0000e+00 0.0000e+00 4.0000e+00 5.0000e+00 5.8000e+01 1.5000e+01 0.0000e+00 0.0000e+00 2.0000e+00 1.5000e+01 0.0000e+00 1.0000e+00 0.0000e+00 1.4000e+01 0.0000e+00 0.0000e+00 7.0000e+00 1.1000e+01 0.0000e+00 0.0000e+00 4.6000e+01 0.0000e+00 6.0000e+00 1.1100e+02 1.0000e+00 0.0000e+00 1.0000e+00 9.0000e+00 1.2000e+01 3.0000e+00 0.0000e+00
1.5000e+01 4.3600e+02 2.3200e+02 3.3000e+01 0.0000e+00 0.0000e+00 0.0000e+00 4.0000e+00 2.2000e+01 2.5800e+02 9.0000e+00 1.7400e+02 5.3200e+02 8.9600e+02 0.0000e+00 4.5500e+02 6.0000e+00 3.3000e+02 0.0000e+00 3.8600e+02 0.0000e+00 0.0000e+00 2.0000e+00 2.0700e+02 7.4400e+02 0.0000e+00 8.0000e+01 8.8000e+01 3.7000e+01 0.0000e+00 1.0000e+00 0.0000e+00 2.0000e+00 0.0000e+00 0.0000e+00 4.7470e+03 0.0000e+00 0.0000e+00 0.0000e+00 1.0000e+00 4.2000e+01 6.3000e+01 6.0000e+01 7.0000e+00 0.0000e+00 0.0000e+00 1.5600e+02 1.7900e+02 2.0000e+00 0.0000e+00
1.1900e+02 5.4000e+01 3.8190e+03 1.0070e+03 5.0000e+01 0.0000e+00 0.0000e+00 1.0500e+02 7.4000e+01 2.6200e+02 1.3700e+02 5.2000e+01 1.4200e+02 1.6400e+02 0.0000e+00 4.6800e+02 5.7800e+02 2.9600e+02 0.0000e+00 6.3000e+01 0.0000e+00 1.8900e+02 1.9900e+02 2.9200e+02 6.1000e+01 0.0000e+00 1.8800e+02 5.7000e+01 3.6700e+02 0.0000e+00 5.1030e+03 0.0000e+00 2.0900e+02 0.0000e+00 0.0000e+00 0.0000e+00 1.4100e+02 0.0000e+00 0.0000e+00 8.4000e+01 3.3000e+01 2.7000e+01 9.4000e+01 1.8300e+02 0.0000e+00 1.4870e+03 2.8000e+01 6.6000e+01 1.4400e+02 0.0000e+00
7.0000e+01 1.0000e+00 7.0000e+00 1.0000e+00 5.0000e+00 0.0000e+00 0.0000e+00 0.0000e+00 1.0000e+00 3.0000e+00 4.0000e+00 0.0000e+00 1.0000e+00 4.0000e+00 0.0000e+00 0.0000e+00 1.0000e+00 0.0000e+00 0.0000e+00 2.0000e+00 0.0000e+00 3.0000e+00 5.0000e+00 0.0000e+00 6.0000e+00 0.0000e+00 0.0000e+00 1.0000e+00 6.0000e+00 0.0000e+00 0.0000e+00 0.0000e+00 1.0000e+00 0.0000e+00 0.0000e+00 0.0000e+00 0.0000e+00 0.0000e+00 0.0000e+00 0.0000e+00 0.0000e+00 3.0000e+00 3.0000e+00 1.0000e+00 0.0000e+00 2.1000e+01 2.0000e+00 4.6000e+01 1.0000e+01 0.0000e+00
4.1270e+03 4.5410e+03 7.1600e+02 2.5810e+03 1.4510e+03 0.0000e+00 0.0000e+00 4.2130e+03 5.0720e+03 1.7370e+03 3.2790e+03 2.7530e+03 3.6040e+03 3.4710e+03 0.0000e+00 2.9150e+03 2.1460e+03 4.4080e+03 0.0000e+00 4.1140e+03 0.0000e+00 4.1790e+03 2.4770e+03 2.7030e+03 3.6150e+03 0.0000e+00 4.9340e+03 4.9620e+03 1.5430e+03 0.0000e+00 0.0000e+00 0.0000e+00 4.3080e+03 0.0000e+00 0.0000e+00 0.0000e+00 1.6930e+03 0.0000e+00 0.0000e+00 3.3250e+03 5.1780e+03 3.6500e+02 3.4850e+03 4.2060e+03 0.0000e+00 2.8160e+03 5.0150e+03 4.5290e+03 5.0280e+03 0.0000e+00
0.0000e+00 0.0000e+00 0.0000e+00 0.0000e+00 1.0000e+00 0.0000e+00 0.0000e+00 1.0000e+00 0.0000e+00 1.0000e+00 0.0000e+00 0.0000e+00 0.0000e+00 2.0000e+00 0.0000e+00 0.0000e+00 0.0000e+00 0.0000e+00 0.0000e+00 0.0000e+00 0.0000e+00 1.0000e+00 0.0000e+00 0.0000e+00 0.0000e+00 0.0000e+00 0.0000e+00 0.0000e+00 0.0000e+00 0.0000e+00 0.0000e+00 0.0000e+00 0.0000e+00 0.0000e+00 0.0000e+00 0.0000e+00 0.0000e+00 0.0000e+00 0.0000e+00 0.0000e+00 0.0000e+00 0.0000e+00 6.0000e+00 0.0000e+00 0.0000e+00 1.0000e+00 0.0000e+00 0.0000e+00 0.0000e+00 0.0000e+00
0.0000e+00 0.0000e+00 1.0000e+00 2.0000e+00 3.0000e+00 0.0000e+00 0.0000e+00 2.0000e+00 0.0000e+00 2.0000e+00 6.0000e+00 0.0000e+00 0.0000e+00 0.0000e+00 0.0000e+00 6.0000e+00 0.0000e+00 4.0000e+00 0.0000e+00 0.0000e+00 0.0000e+00 0.0000e+00 3.0000e+00 0.0000e+00 0.0000e+00 0.0000e+00 0.0000e+00 0.0000e+00 3.0000e+00 0.0000e+00 0.0000e+00 0.0000e+00 0.0000e+00 0.0000e+00 0.0000e+00 0.0000e+00 0.0000e+00 0.0000e+00 0.0000e+00 3.1000e+01 0.0000e+00 0.0000e+00 3.0000e+00 0.0000e+00 0.0000e+00 2.0000e+00 0.0000e+00 0.0000e+00 0.0000e+00 0.0000e+00
7.0000e+00 0.0000e+00 2.0000e+00 1.0000e+00 8.0000e+00 0.0000e+00 0.0000e+00 0.0000e+00 0.0000e+00 3.0000e+00 2.0000e+00 9.0000e+00 1.0000e+00 2.0000e+00 0.0000e+00 1.1000e+01 0.0000e+00 0.0000e+00 0.0000e+00 0.0000e+00 0.0000e+00 5.0000e+00 0.0000e+00 0.0000e+00 6.0000e+00 0.0000e+00 0.0000e+00 0.0000e+00 4.0000e+00 0.0000e+00 0.0000e+00 0.0000e+00 1.0000e+00 0.0000e+00 0.0000e+00 0.0000e+00 0.0000e+00 0.0000e+00 0.0000e+00 3.0000e+00 0.0000e+00 7.0000e+00 5.0000e+00 1.0000e+00 0.0000e+00 3.0000e+00 0.0000e+00 0.0000e+00 0.0000e+00 0.0000e+00
1.0000e+00 0.0000e+00 9.0000e+00 1.0000e+00 1.8000e+01 0.0000e+00 0.0000e+00 0.0000e+00 3.0000e+00 1.0000e+00 7.0000e+00 0.0000e+00 1.0000e+00 1.0000e+00 0.0000e+00 2.0000e+00 0.0000e+00 2.0000e+00 0.0000e+00 0.0000e+00 0.0000e+00 1.0000e+00 5.0000e+00 2.4000e+01 2.0000e+00 0.0000e+00 0.0000e+00 0.0000e+00 3.0000e+00 0.0000e+00 0.0000e+00 0.0000e+00 7.0000e+00 0.0000e+00 0.0000e+00 0.0000e+00 1.0000e+00 0.0000e+00 0.0000e+00 6.0000e+00 0.0000e+00 3.0000e+00 2.0000e+00 1.2000e+01 0.0000e+00 0.0000e+00 0.0000e+00 0.0000e+00 0.0000e+00 0.0000e+00
1.0000e+00 0.0000e+00 0.0000e+00 0.0000e+00 2.0000e+00 0.0000e+00 0.0000e+00 0.0000e+00 3.0000e+00 0.0000e+00 0.0000e+00 1.0000e+00 2.0000e+00 0.0000e+00 0.0000e+00 2.0000e+00 0.0000e+00 0.0000e+00 0.0000e+00 0.0000e+00 0.0000e+00 1.0000e+00 1.0000e+00 0.0000e+00 1.0000e+00 0.0000e+00 0.0000e+00 0.0000e+00 1.0000e+00 0.0000e+00 0.0000e+00 0.0000e+00 0.0000e+00 0.0000e+00 0.0000e+00 0.0000e+00 0.0000e+00 0.0000e+00 0.0000e+00 0.0000e+00 0.0000e+00 1.0000e+00 1.0000e+00 0.0000e+00 0.0000e+00 0.0000e+00 0.0000e+00 0.0000e+00 0.0000e+00 0.0000e+00
2.3000e+01 0.0000e+00 4.0000e+00 8.9000e+01 1.0000e+00 0.0000e+00 0.0000e+00 2.0000e+00 7.0000e+00 3.0000e+00 1.7000e+01 6.0000e+00 1.0000e+00 7.0000e+00 0.0000e+00 3.3000e+01 2.0000e+01 0.0000e+00 0.0000e+00 0.0000e+00 0.0000e+00 4.3000e+01 4.0000e+00 1.6000e+01 1.0000e+00 0.0000e+00 0.0000e+00 0.0000e+00 2.0000e+00 0.0000e+00 0.0000e+00 0.0000e+00 2.0000e+00 0.0000e+00 0.0000e+00 0.0000e+00 1.0000e+00 0.0000e+00 0.0000e+00 0.0000e+00 0.0000e+00 3.0000e+00 3.7000e+01 1.0000e+01 0.0000e+00 3.0000e+00 0.0000e+00 0.0000e+00 0.0000e+00 0.0000e+00
0.0000e+00 0.0000e+00 6.0000e+00 1.0000e+00 4.0000e+00 0.0000e+00 0.0000e+00 0.0000e+00 2.0000e+00 3.0000e+00 2.0000e+00 1.0000e+00 0.0000e+00 2.0000e+00 0.0000e+00 4.0000e+00 0.0000e+00 0.0000e+00 0.0000e+00 0.0000e+00 0.0000e+00 1.0000e+00 2.0000e+00 4.0000e+00 1.0000e+00 0.0000e+00 0.0000e+00 0.0000e+00 2.0000e+00 0.0000e+00 0.0000e+00 0.0000e+00 0.0000e+00 0.0000e+00 0.0000e+00 0.0000e+00 0.0000e+00 0.0000e+00 0.0000e+00 3.0000e+00 0.0000e+00 1.0000e+00 1.4000e+01 1.0000e+00 0.0000e+00 4.0000e+00 0.0000e+00 0.0000e+00 0.0000e+00 0.0000e+00
2.0000e+00 0.0000e+00 2.0000e+00 4.0000e+00 1.6000e+01 0.0000e+00 0.0000e+00 2.0000e+00 1.0000e+00 1.0260e+03 6.0000e+00 7.0000e+00 8.0000e+00 0.0000e+00 0.0000e+00 2.0000e+00 2.0000e+00 4.0000e+00 0.0000e+00 0.0000e+00 0.0000e+00 1.0000e+01 1.0000e+00 7.0000e+00 0.0000e+00 0.0000e+00 0.0000e+00 0.0000e+00 7.3000e+01 0.0000e+00 0.0000e+00 0.0000e+00 1.0400e+02 0.0000e+00 0.0000e+00 0.0000e+00 2.0000e+00 0.0000e+00 0.0000e+00 2.0000e+00 0.0000e+00 1.4000e+01 5.8000e+01 2.3000e+01 0.0000e+00 4.0000e+00 0.0000e+00 0.0000e+00 0.0000e+00 0.0000e+00
