4.7674e-01 2.7273e-01 7.3354e-01 3.8298e-01 5.9615e-01 6.4385e-01 6.2751e-01 7.2204e-01 6.2021e-01 6.0034e-01 4.5977e-01 4.1818e-01 3.1250e-01 3.1111e-01 4.1414e-01 4.5833e-01 1.4286e-01 1.5000e-01 1.9512e-01 3.6066e-01 5.5140e-01 2.3333e-01 2.2449e-01 3.8298e-01 6.2500e-02 3.1579e-01 5.8643e-01 2.9487e-01 7.1464e-01 1.0000e+00 6.4883e-01 7.5314e-01 5.9562e-01 6.3607e-01 5.2336e-01 2.8571e-01 3.2500e-01 4.0000e-01 5.0000e-01 2.2500e-01 5.8547e-01 0.0000e+00 4.2857e-01 3.6842e-01 6.0000e-01 2.5000e-01 2.5000e-01 8.1818e-01 1.5789e-01 5.5742e-01
4.1361e-01 3.8824e-01 0.0000e+00 0.0000e+00 7.2426e-01 0.0000e+00 1.3333e-01 4.7765e-01 1.1111e-01 1.3889e-01 0.0000e+00 0.0000e+00 0.0000e+00 0.0000e+00 1.1765e-01 3.7500e-01 3.3333e-02 0.0000e+00 1.1765e-01 2.5974e-01 2.4390e-01 4.1538e-01 4.1637e-01 0.0000e+00 0.0000e+00 1.8966e-01 1.4000e-01 0.0000e+00 6.0190e-01 6.9643e-01 2.5641e-01 0.0000e+00 0.0000e+00 2.2581e-01 2.9032e-01 2.7586e-01 2.5000e-01 1.4286e-01 6.6667e-01 0.0000e+00 0.0000e+00 1.9355e-01 2.2222e-01 1.8462e-01 1.0000e+00 6.8423e-01 0.0000e+00 0.0000e+00 4.0704e-01 1.1765e-01
2.7586e-01 3.8788e-01 3.3333e-01 6.2439e-01 3.6842e-01 5.9639e-01 6.3180e-01 4.0741e-01 5.9318e-01 6.3974e-01 6.9777e-01 2.5926e-01 5.9136e-01 6.5528e-01 2.4528e-01 3.6842e-01 5.3855e-01 3.7500e-01 4.7292e-01 3.5088e-01 6.5875e-01 4.4860e-01 2.3077e-01 6.5674e-01 6.5815e-01 3.7931e-01 3.5556e-01 2.2000e-01 6.6572e-01 2.5000e-01 3.2692e-01 4.5902e-01 6.2002e-01 6.0711e-01 6.5564e-01 3.0000e-01 6.4815e-01 0.0000e+00 8.0000e-01 2.7451e-01 6.6071e-01 4.1667e-01 5.0000e-01 4.4022e-01 3.3333e-01 4.1379e-01 4.0000e-01 6.0000e-01 4.9107e-01 3.6508e-01
1.0000e+00 2.5000e-01 1.0000e+00 7.9545e-01 0.0000e+00 9.1014e-01 1.0000e+00 7.1951e-01 7.3585e-01 8.9178e-01 2.8571e-01 9.7917e-01 7.7778e-01 7.5646e-01 0.0000e+00 6.6667e-01 3.3333e-01 7.2000e-01 6.4577e-01 0.0000e+00 8.7500e-01 8.9647e-01 7.6923e-02 9.8016e-01 1.6667e-01 6.5468e-01 7.2067e-01 3.1034e-01 1.0000e+00 1.0000e+00 0.0000e+00 8.7500e-01 6.8293e-01 0.0000e+00 0.0000e+00 0.0000e+00 8.5688e-01 1.0000e+00 1.0000e+00 0.0000e+00 8.7357e-01 7.2881e-01 0.0000e+00 6.9281e-01 1.0000e+00 1.0000e+00 1.0000e+00 7.1429e-01 9.4786e-01 1.0000e-01
9.7561e-02 1.1494e-01 0.0000e+00 0.0000e+00 1.4286e-01 0.0000e+00 3.1250e-01 3.3333e-02 0.0000e+00 0.0000e+00 3.2258e-02 2.7559e-01 0.0000e+00 6.9767e-02 0.0000e+00 3.6905e-01 1.2658e-01 0.0000e+00 2.1277e-02 4.1847e-01 4.9991e-01 1.2500e-01 3.0172e-01 1.3725e-01 5.1282e-02 2.5641e-02 0.0000e+00 0.0000e+00 6.6667e-02 2.4242e-01 2.3571e-01 4.0777e-01 0.0000e+00 5.0000e-02 2.3864e-01 0.0000e+00 0.0000e+00 9.0909e-02 9.2106e-01 0.0000e+00 1.3559e-01 0.0000e+00 2.3529e-01 0.0000e+00 1.4286e-01 4.5455e-02 6.2500e-02 7.1058e-01 1.4286e-01 0.0000e+00
2.2222e-01 1.4286e-01 2.1277e-01 1.2500e-01 0.0000e+00 5.1794e-01 0.0000e+00 0.0000e+00 0.0000e+00 1.5556e-01 4.0502e-01 1.6216e-01 1.4286e-01 1.2500e-01 3.8593e-01 5.4375e-01 1.1765e-01 6.8966e-02 2.7778e-02 3.7037e-02 2.6415e-01 0.0000e+00 0.0000e+00 0.0000e+00 2.7273e-01 1.2766e-01 0.0000e+00 0.0000e+00 3.2000e-01 7.5284e-01 8.5714e-02 2.6667e-01 1.9672e-01 0.0000e+00 3.4513e-01 1.4706e-01 4.0000e-02 1.0000e+00 1.0000e+00 7.5000e-02 6.6667e-02 2.4862e-01 1.0000e+00 0.0000e+00 7.8632e-01 0.0000e+00 1.8750e-01 9.0909e-02 4.1667e-02 0.0000e+00
2.7132e-01 0.0000e+00 1.1628e-01 1.8182e-01 2.2500e-01 3.2258e-02 2.8571e-01 1.1364e-01 0.0000e+00 2.4818e-01 7.6923e-02 0.0000e+00 4.3478e-02 6.9767e-02 6.5574e-02 6.1196e-01 2.3256e-02 7.3171e-02 1.1628e-01 1.1111e-01 3.8462e-02 1.2500e-01 2.6328e-01 3.0508e-01 1.2281e-01 1.0169e-01 9.3750e-02 1.5574e-01 1.6327e-01 5.9979e-01 2.7778e-02 1.9672e-01 1.2903e-01 2.7778e-02 1.6364e-01 6.2500e-02 9.3023e-02 2.3529e-01 5.1429e-01 1.2821e-01 1.5152e-01 9.0909e-02 3.1818e-01 1.2821e-01 2.2222e-01 3.0769e-01 0.0000e+00 2.4000e-01 1.5517e-01 6.9767e-02
6.7327e-01 5.6819e-01 4.6429e-01 3.8462e-01 3.8889e-01 4.9398e-01 3.1034e-01 3.9535e-01 6.4824e-01 5.9561e-01 2.2727e-01 0.0000e+00 4.3333e-01 2.2222e-01 5.6632e-01 1.0000e+00 6.1513e-01 7.0954e-01 2.7778e-01 6.2225e-01 5.2308e-01 3.5556e-01 5.4768e-01 7.5038e-01 4.1791e-01 6.4232e-01 1.5385e-01 5.7877e-01 6.8978e-01 3.3333e-01 3.5294e-01 4.2857e-01 1.5000e-01 4.0625e-01 4.9231e-01 6.3636e-01 3.2353e-01 0.0000e+00 5.0000e-01 6.2777e-01 2.0833e-01 4.9745e-01 5.0000e-01 3.8636e-01 4.0000e-01 7.0000e-01 6.0000e-01 8.1818e-01 3.0000e-01 4.6316e-01
1.1111e-01 2.4390e-02 3.3099e-01 5.0237e-01 5.1064e-01 2.2059e-01 4.2254e-01 3.7118e-01 2.0238e-01 1.8033e-01 1.8182e-01 5.0601e-01 1.2903e-01 1.9444e-01 6.1224e-02 5.3419e-01 2.4359e-01 1.5686e-01 2.1477e-01 1.8841e-01 1.2500e-01 3.3610e-01 2.9587e-01 2.9730e-01 1.8841e-01 4.1505e-01 4.8780e-02 1.4286e-01 2.7143e-01 3.3333e-01 3.2806e-01 1.5385e-01 9.5238e-02 1.9444e-01 5.1401e-01 5.0965e-01 0.0000e+00 4.8387e-01 0.0000e+00 1.7073e-01 2.1053e-01 1.5464e-01 8.2466e-01 2.8070e-01 1.0000e-01 5.2632e-02 7.3422e-01 0.0000e+00 1.7308e-01 2.9630e-01
4.0909e-01 6.8357e-01 1.1111e-01 0.0000e+00 5.0000e-01 8.0601e-01 6.2903e-01 8.3521e-01 6.1261e-01 4.0741e-01 1.0000e-01 8.5930e-01 6.6866e-01 6.7816e-01 6.9747e-01 5.0000e-01 6.9904e-01 8.5150e-01 7.1495e-01 8.1295e-01 1.0000e+00 9.0909e-02 6.6667e-02 4.6429e-01 5.1020e-01 5.5000e-01 6.9553e-01 2.6667e-01 6.6667e-01 0.0000e+00 9.0909e-02 7.6613e-01 8.2374e-01 8.2148e-01 7.0455e-01 9.1436e-01 8.8283e-01 5.0000e-01 3.3333e-01 5.3763e-01 1.6667e-01 2.5000e-01 5.0000e-01 7.6364e-01 6.6667e-01 6.2500e-01 3.3333e-01 1.0000e+00 3.9130e-01 8.4465e-01
