4.1000e+01 1.8000e+01 4.1680e+03 1.8000e+01 3.1000e+01 4.6100e+02 2.1900e+02 3.2860e+03 1.3440e+03 3.5600e+02 4.0000e+01 2.3000e+01 2.0000e+01 1.4000e+01 8.2000e+01 1.1000e+01 4.0000e+00 3.0000e+00 8.0000e+00 2.2000e+01 5.9000e+01 7.0000e+00 1.1000e+01 1.8000e+01 1.0000e+00 1.8000e+01 2.5850e+03 2.3000e+01 5.7100e+02 1.0000e+00 3.5160e+03 3.7220e+03 4.8900e+02 1.5590e+03 5.6000e+01 8.0000e+00 1.3000e+01 2.0000e+00 1.0000e+00 9.0000e+00 2.7400e+02 0.0000e+00 3.0000e+00 3.5000e+01 3.0000e+00 4.0000e+00 1.0000e+00 9.0000e+00 3.0000e+00 1.9900e+02
7.9000e+01 3.9600e+02 0.0000e+00 0.0000e+00 3.9950e+03 0.0000e+00 4.0000e+00 2.0300e+02 4.0000e+00 5.0000e+00 0.0000e+00 0.0000e+00 0.0000e+00 0.0000e+00 6.0000e+00 1.5000e+01 1.0000e+00 0.0000e+00 6.0000e+00 2.0000e+01 1.0000e+01 1.3500e+02 1.0680e+03 0.0000e+00 0.0000e+00 1.1000e+01 7.0000e+00 0.0000e+00 2.6640e+03 2.7300e+02 2.0000e+01 0.0000e+00 0.0000e+00 1.4000e+01 1.8000e+01 1.6000e+01 1.5000e+01 1.0000e+00 4.0000e+00 0.0000e+00 0.0000e+00 1.8000e+01 2.0000e+00 1.2000e+01 5.6200e+03 3.9090e+03 0.0000e+00 0.0000e+00 8.1000e+01 4.0000e+00
8.0000e+00 6.4000e+01 1.2000e+01 2.5600e+02 7.0000e+00 1.9800e+02 3.0200e+02 2.2000e+01 6.7800e+02 1.0850e+03 3.7840e+03 7.0000e+00 2.2720e+03 3.5490e+03 1.3000e+01 7.0000e+00 4.9600e+02 2.1000e+01 2.2700e+02 2.0000e+01 2.2200e+02 4.8000e+01 1.2000e+01 5.0700e+02 3.5810e+03 3.3000e+01 3.2000e+01 1.1000e+01 2.3500e+02 1.0000e+00 1.7000e+01 2.8000e+01 1.0590e+03 6.4900e+02 3.3700e+02 9.0000e+00 7.0000e+02 0.0000e+00 4.0000e+00 1.4000e+01 2.4050e+03 1.1000e+02 1.0000e+00 8.1000e+01 1.0000e+00 1.2000e+01 2.0000e+00 6.0000e+00 5.5000e+01 2.3000e+01
4.9460e+03 6.0000e+00 3.2000e+01 1.4000e+02 0.0000e+00 1.0230e+03 4.1850e+03 5.9000e+01 1.9500e+02 2.7030e+03 4.0000e+00 4.7000e+01 1.1060e+03 2.0500e+02 0.0000e+00 2.0000e+00 9.0000e+00 9.0000e+01 2.0600e+02 0.0000e+00 7.0000e+00 4.4420e+03 1.0000e+00 2.4700e+02 2.0000e+00 9.1000e+01 3.8700e+02 9.0000e+00 0.0000e+00 1.0000e+00 0.0000e+00 7.0000e+00 8.4000e+01 0.0000e+00 0.0000e+00 0.0000e+00 4.6700e+02 2.0000e+00 2.0000e+00 0.0000e+00 1.5270e+03 3.3620e+03 0.0000e+00 2.1200e+02 0.0000e+00 9.0000e+00 5.0000e+00 5.0000e+00 5.1990e+03 1.0000e+00
4.0000e+00 1.0000e+01 0.0000e+00 0.0000e+00 4.0000e+00 0.0000e+00 6.0000e+01 1.0000e+00 0.0000e+00 0.0000e+00 1.0000e+00 3.5000e+01 0.0000e+00 3.0000e+00 0.0000e+00 3.1000e+01 1.0000e+01 0.0000e+00 1.0000e+00 1.2960e+03 2.6560e+03 7.0000e+00 2.8000e+02 7.0000e+00 2.0000e+00 1.0000e+00 0.0000e+00 0.0000e+00 2.0000e+00 8.0000e+00 3.3000e+01 2.1000e+02 0.0000e+00 2.0000e+00 2.1000e+01 0.0000e+00 0.0000e+00 1.0000e+00 5.4840e+03 0.0000e+00 8.0000e+00 0.0000e+00 4.0000e+00 0.0000e+00 2.0000e+00 1.0000e+00 1.0000e+00 4.1960e+03 7.0000e+00 0.0000e+00
1.2000e+01 1.0000e+01 1.0000e+01 4.0000e+00 0.0000e+00 1.6600e+03 0.0000e+00 0.0000e+00 0.0000e+00 7.0000e+00 1.1300e+02 6.0000e+00 8.0000e+00 5.0000e+00 5.6500e+02 8.7000e+01 6.0000e+00 2.0000e+00 1.0000e+00 1.0000e+00 1.4000e+01 0.0000e+00 0.0000e+00 0.0000e+00 2.7000e+01 6.0000e+00 0.0000e+00 0.0000e+00 2.4000e+01 3.4510e+03 3.0000e+00 1.6000e+01 1.2000e+01 0.0000e+00 3.9000e+01 5.0000e+00 1.0000e+00 5.9260e+03 8.0000e+00 3.0000e+00 2.0000e+00 4.5000e+01 5.4200e+03 0.0000e+00 1.8400e+02 0.0000e+00 3.0000e+00 1.0000e+00 1.0000e+00 0.0000e+00
3.5000e+01 0.0000e+00 5.0000e+00 1.2000e+01 9.0000e+00 1.0000e+00 4.2000e+01 5.0000e+00 0.0000e+00 3.4000e+01 3.0000e+00 0.0000e+00 2.0000e+00 3.0000e+00 4.0000e+00 3.3370e+03 1.0000e+00 3.0000e+00 1.0000e+01 6.0000e+00 1.0000e+00 7.0000e+00 1.1400e+02 5.4000e+01 7.0000e+00 6.0000e+00 6.0000e+00 1.9000e+01 8.0000e+00 5.5900e+02 1.0000e+00 1.2000e+01 8.0000e+00 1.0000e+00 9.0000e+00 2.0000e+00 4.0000e+00 4.0000e+00 1.8000e+01 1.0000e+01 1.0000e+01 7.0000e+00 7.0000e+00 1.0000e+01 4.0000e+00 2.4000e+01 0.0000e+00 6.0000e+00 9.0000e+00 3.0000e+00
3.4000e+02 1.6290e+03 2.6000e+01 1.5000e+01 7.0000e+00 4.1000e+01 9.0000e+00 1.7000e+01 1.3840e+03 1.9000e+02 5.0000e+00 0.0000e+00 5.2000e+01 6.0000e+00 1.1570e+03 1.0000e+00 2.4550e+03 2.6700e+03 1.5000e+01 4.2500e+02 3.4000e+01 1.6000e+01 8.5000e+02 3.4360e+03 2.8000e+01 2.0400e+03 4.0000e+00 3.1630e+03 1.8900e+02 2.0000e+00 1.8000e+01 1.8000e+01 3.0000e+00 2.6000e+01 3.2000e+01 1.4000e+02 1.1000e+01 0.0000e+00 1.0000e+00 3.4270e+03 5.0000e+00 2.9300e+02 1.0000e+00 3.4000e+01 2.0000e+00 7.7000e+01 3.0000e+00 9.0000e+00 9.0000e+00 4.4000e+01
4.0000e+00 1.0000e+00 4.7000e+01 2.6500e+03 1.2000e+02 1.5000e+01 2.1000e+02 8.5000e+01 1.7000e+01 1.1000e+01 1.0000e+01 2.5690e+03 8.0000e+00 1.4000e+01 3.0000e+00 1.2500e+02 3.8000e+01 8.0000e+00 3.2000e+01 1.3000e+01 4.0000e+00 8.1000e+01 1.2900e+02 3.3000e+01 1.3000e+01 9.8200e+02 2.0000e+00 1.2000e+01 1.9000e+01 1.3000e+01 8.3000e+01 6.0000e+00 4.0000e+00 1.4000e+01 2.4760e+03 1.9540e+03 0.0000e+00 1.5000e+01 0.0000e+00 1.4000e+01 1.6000e+01 1.5000e+01 4.2800e+02 6.4000e+01 1.0000e+00 1.0000e+00 4.2460e+03 0.0000e+00 9.0000e+00 4.8000e+01
9.0000e+00 1.1190e+03 1.0000e+00 0.0000e+00 2.0000e+00 2.9500e+02 3.9000e+01 3.7000e+02 6.8000e+01 1.1000e+01 1.0000e+00 5.1300e+02 2.2400e+02 1.1800e+02 1.3510e+03 1.0000e+00 5.1100e+02 1.6170e+03 3.3760e+03 1.5820e+03 3.0000e+00 1.0000e+00 1.0000e+00 1.3000e+01 2.5000e+01 4.4000e+01 4.8200e+02 8.0000e+00 2.0000e+00 0.0000e+00 1.0000e+00 9.5000e+01 2.4910e+03 1.8130e+03 6.2000e+01 1.6550e+03 3.6090e+03 1.0000e+00 1.0000e+00 5.0000e+01 2.0000e+00 7.0000e+00 2.0000e+00 3.7090e+03 2.0000e+00 5.0000e+00 1.0000e+00 3.0000e+00 9.0000e+00 4.3660e+03
