8.4689e-01 1.5172e-01 2.1956e-01 7.2736e-01 4.8427e-01 5.5967e-01 3.4956e-01 2.0914e-01 9.1522e-01 9.6226e-01
1.6535e-01 5.6189e-01 2.4880e-01 9.9797e-01 5.6232e-01 2.6817e-01 7.6823e-01 5.1653e-02 7.7236e-02 9.6223e-01
9.6673e-01 4.7881e-01 6.0311e-02 6.2129e-01 7.9435e-01 5.7409e-01 9.7428e-01 7.8376e-01 5.6309e-01 4.8218e-01
7.4762e-01 7.7073e-01 7.8942e-01 5.5968e-01 7.1704e-01 9.7612e-01 1.7500e-01 4.4551e-01 3.6201e-01 8.1143e-01
8.3247e-03 1.3969e-01 8.7618e-01 6.7778e-01 2.7862e-01 2.9884e-01 7.1565e-02 5.9335e-01 1.8182e-01 3.1942e-01
7.0193e-01 4.4758e-01 1.1621e-01 1.4442e-01 5.0524e-01 3.8838e-01 9.6746e-01 7.4748e-01 2.1543e-01 5.7561e-01
8.0020e-01 4.6757e-01 3.0065e-01 3.0806e-01 6.1762e-01 5.5533e-01 4.9749e-01 2.2562e-01 4.5930e-01 5.9541e-01
5.2642e-01 9.6939e-01 9.5224e-01 3.0658e-01 1.4691e-02 3.8245e-01 5.9284e-01 8.4071e-01 4.8086e-01 2.6975e-02
2.2836e-01 4.6138e-01 1.5362e-01 7.8274e-01 5.0314e-01 4.7667e-02 4.2433e-01 5.5451e-01 7.4025e-01 4.5000e-01
4.6680e-02 9.9508e-01 2.2767e-01 1.9335e-01 1.1111e-01 2.7273e-01 1.8164e-01 4.8522e-01 4.1564e-01 5.8894e-01
