5.0000e+00 5.0000e+00 1.5000e+01 1.3000e+01 1.2000e+01 1.9700e+02 1.1510e+03 5.0000e+00 9.0000e+00 1.0000e+00 4.7000e+01 1.2000e+01 3.0000e+00 2.3000e+01 7.0000e+00 5.0000e+01 3.0000e+01 1.5000e+01 3.0000e+00 5.0000e+00 8.0000e+00 6.0000e+00 9.0000e+00 1.1000e+01 2.0000e+00 6.0000e+00 2.9000e+01 2.0000e+00 7.0000e+00 9.0000e+00 4.0000e+00 2.2000e+01 7.0000e+00 3.0000e+01 4.0000e+00 1.0900e+02 0.0000e+00 8.3000e+01 1.5960e+03 1.6000e+01 5.0000e+00 2.0000e+00 1.3400e+02 6.0000e+00 1.3000e+01 2.0000e+01 1.1700e+02 1.5000e+01 6.0000e+00 6.0000e+00
3.0000e+00 1.0000e+00 0.0000e+00 2.0000e+01 5.0000e+00 5.0000e+00 0.0000e+00 1.0000e+00 2.7000e+01 1.3000e+01 0.0000e+00 1.0600e+02 1.0000e+00 1.0000e+00 3.0000e+00 7.0000e+00 8.1000e+02 1.1000e+01 0.0000e+00 7.0000e+00 6.8100e+02 2.0000e+00 6.0000e+00 2.0000e+00 1.5000e+01 1.1000e+01 1.2000e+01 4.0000e+00 3.0000e+00 4.0000e+00 4.0000e+00 2.9760e+03 2.0000e+01 0.0000e+00 4.0000e+00 0.0000e+00 8.0000e+00 6.0000e+00 8.0000e+00 2.0000e+00 0.0000e+00 3.0000e+00 7.3000e+01 2.7000e+01 4.0000e+00 1.2000e+01 0.0000e+00 1.4000e+01 2.0000e+00 1.0000e+00
1.3000e+01 1.0000e+00 0.0000e+00 5.0000e+00 5.0000e+00 1.5600e+02 1.5000e+01 9.0000e+00 1.0000e+00 1.0000e+01 1.3000e+01 0.0000e+00 2.0000e+00 0.0000e+00 1.0000e+00 3.9000e+01 4.0000e+00 1.7000e+01 4.0000e+00 1.0000e+00 2.3000e+01 1.2400e+02 8.0000e+00 2.5000e+01 1.9000e+01 6.3000e+01 0.0000e+00 2.0000e+00 5.0000e+00 1.9530e+03 1.2000e+01 2.0000e+00 1.0000e+00 3.0000e+00 5.0000e+00 4.0000e+00 1.0000e+00 1.1200e+02 1.2000e+02 1.0000e+01 0.0000e+00 1.0000e+00 3.0100e+02 1.5500e+02 2.0000e+00 4.0000e+00 7.0000e+00 6.0000e+00 1.0000e+01 2.0000e+00
1.5000e+01 2.0000e+00 2.0000e+00 1.0000e+00 0.0000e+00 1.0000e+00 8.3000e+01 1.0000e+00 1.5000e+01 1.0000e+00 3.0000e+00 2.3000e+01 0.0000e+00 7.2000e+01 8.0000e+00 2.8000e+01 3.0000e+00 1.0000e+00 6.0000e+00 2.0000e+00 2.0000e+00 1.6000e+01 9.2200e+02 2.0000e+00 2.0000e+00 3.0000e+00 3.0000e+00 1.0000e+00 1.0000e+00 4.2300e+02 1.0000e+00 3.0000e+00 0.0000e+00 3.0000e+00 4.2000e+01 7.0000e+00 4.0000e+00 0.0000e+00 4.0000e+00 1.5000e+01 0.0000e+00 0.0000e+00 5.0000e+01 0.0000e+00 0.0000e+00 2.2000e+01 2.0000e+00 8.0000e+00 0.0000e+00 2.0000e+00
6.0000e+00 3.0000e+00 4.0000e+00 0.0000e+00 9.0000e+00 6.0000e+00 1.7200e+02 1.0000e+01 7.0000e+00 6.0000e+00 3.0000e+00 8.0000e+00 1.0000e+00 1.0000e+01 2.2000e+01 5.0000e+00 0.0000e+00 5.0000e+00 6.0000e+00 1.0000e+00 1.5000e+01 4.0000e+00 5.0000e+00 6.0000e+00 3.0000e+00 5.0000e+00 1.6000e+01 7.0000e+00 3.4060e+03 2.8000e+01 1.0000e+00 0.0000e+00 7.0000e+00 0.0000e+00 3.5000e+01 1.0000e+01 3.0000e+00 9.0000e+00 5.2000e+01 7.0000e+00 4.0000e+00 7.0000e+00 7.9000e+01 1.0000e+00 9.0000e+00 7.0000e+00 1.5000e+01 5.0000e+00 1.0000e+00 1.0000e+00
1.3000e+01 1.0000e+00 1.0000e+00 1.1000e+01 1.4000e+01 2.0000e+00 4.0000e+00 3.0000e+00 4.6000e+01 5.0000e+00 2.1000e+01 4.0000e+00 0.0000e+00 0.0000e+00 2.0000e+00 1.1000e+01 0.0000e+00 3.0000e+00 4.0000e+00 5.0000e+00 1.0000e+00 0.0000e+00 4.0000e+00 3.0000e+00 2.0000e+00 2.0000e+00 0.0000e+00 1.9000e+01 1.0000e+00 6.0000e+00 1.1000e+01 0.0000e+00 2.0000e+00 0.0000e+00 1.0000e+01 5.6000e+01 4.0000e+00 6.0000e+00 8.3000e+01 2.9630e+03 7.0000e+00 1.0000e+00 3.1000e+01 5.0000e+00 4.0000e+00 6.0000e+00 6.1000e+01 4.0000e+00 0.0000e+00 1.0000e+00
7.4600e+02 3.0000e+00 1.7000e+01 3.0000e+00 0.0000e+00 2.4000e+01 5.0000e+00 0.0000e+00 0.0000e+00 0.0000e+00 3.3000e+01 0.0000e+00 0.0000e+00 8.0000e+00 0.0000e+00 4.0000e+00 0.0000e+00 0.0000e+00 2.0000e+00 6.0000e+00 1.0000e+00 0.0000e+00 2.1000e+01 2.0000e+00 0.0000e+00 1.0000e+01 0.0000e+00 3.0000e+00 1.0000e+00 8.0000e+00 2.0000e+00 0.0000e+00 0.0000e+00 1.0000e+01 0.0000e+00 8.0000e+00 0.0000e+00 4.0000e+00 0.0000e+00 9.0000e+00 1.0000e+00 0.0000e+00 1.0000e+00 0.0000e+00 0.0000e+00 1.4410e+03 1.9000e+01 7.0000e+00 1.0000e+00 6.0000e+00
5.0000e+00 1.0000e+00 1.2000e+01 6.0000e+00 5.0000e+00 3.0000e+00 4.0000e+00 3.0000e+00 1.0000e+00 5.0000e+00 9.0000e+00 3.0000e+00 3.0000e+00 3.0000e+00 1.0000e+00 2.3000e+01 6.0000e+00 2.0000e+01 1.0000e+00 4.0000e+00 3.0000e+00 3.0000e+00 2.0000e+00 7.0000e+00 4.0000e+00 2.0000e+00 0.0000e+00 3.0000e+00 7.0000e+00 5.0000e+00 2.4000e+01 7.0000e+00 1.0000e+00 1.0000e+00 0.0000e+00 4.0000e+00 0.0000e+00 7.0000e+00 2.1000e+01 0.0000e+00 1.0000e+00 0.0000e+00 2.0000e+00 1.1000e+01 1.0000e+00 1.0000e+00 0.0000e+00 5.0000e+00 0.0000e+00 2.0000e+00
0.0000e+00 3.0000e+01 4.0000e+00 6.0000e+00 1.7000e+01 2.0000e+00 1.1900e+02 4.0000e+00 1.2000e+01 0.0000e+00 2.0000e+00 6.0000e+00 1.0000e+00 8.0000e+00 1.4000e+01 4.3000e+01 1.4000e+01 6.0000e+00 5.0000e+00 0.0000e+00 1.3000e+01 6.0000e+00 1.0000e+00 8.0000e+00 3.0000e+00 4.0000e+01 3.0000e+00 1.5000e+01 3.0000e+00 4.0000e+00 1.4000e+01 9.0000e+00 1.3000e+01 1.0000e+00 1.0000e+00 1.9000e+01 3.0000e+00 6.0000e+00 1.0000e+00 0.0000e+00 4.0000e+00 4.0000e+00 1.0000e+00 1.0000e+00 1.3100e+02 4.0000e+00 1.8000e+01 4.0000e+00 1.0000e+00 3.0000e+00
6.0000e+00 5.0000e+00 4.0000e+00 7.0000e+00 1.5860e+03 1.4000e+01 2.9000e+01 3.6000e+01 1.3000e+01 1.3000e+01 2.0000e+01 1.1000e+01 2.0000e+01 1.2000e+01 7.0000e+00 2.6000e+01 1.2000e+01 1.1000e+01 6.0000e+00 7.8000e+01 1.1000e+01 7.6000e+01 2.2000e+01 9.0000e+00 2.0000e+00 2.9000e+01 1.9000e+01 2.0000e+00 4.0000e+00 6.0000e+00 1.3000e+01 1.2000e+01 2.2000e+01 4.0000e+00 1.1000e+01 2.0000e+01 6.0000e+00 3.9000e+01 9.4000e+01 2.0000e+00 6.0000e+00 1.0000e+00 2.9000e+01 5.0000e+00 7.0000e+00 5.0000e+00 3.6000e+01 7.0000e+00 8.0000e+00 2.6000e+01
5.0000e+00 2.0000e+00 1.2000e+01 5.0000e+00 0.0000e+00 2.0000e+00 3.0000e+00 0.0000e+00 8.0000e+00 4.0000e+00 0.0000e+00 4.0000e+00 0.0000e+00 2.0000e+00 7.0000e+00 3.0000e+00 6.0000e+00 2.2000e+01 6.0000e+01 0.0000e+00 5.1000e+01 4.0000e+00 3.1000e+01 2.4890e+03 5.5000e+01 5.0000e+00 7.6000e+01 6.0000e+00 0.0000e+00 2.0000e+00 2.6900e+02 3.0000e+00 1.0000e+01 2.0000e+00 3.0000e+00 6.5000e+01 2.0000e+00 3.0000e+00 6.0000e+00 6.0000e+00 0.0000e+00 2.2910e+03 2.0000e+00 8.4000e+01 4.0000e+00 2.0000e+00 1.0000e+00 6.0000e+00 1.6000e+01 0.0000e+00
7.0000e+00 7.0000e+00 1.0000e+00 5.0000e+00 5.0000e+00 1.6020e+03 3.7000e+01 0.0000e+00 0.0000e+00 1.0000e+00 1.1000e+01 6.7000e+01 3.0000e+00 0.0000e+00 1.8000e+01 4.3900e+02 4.0000e+00 3.0000e+00 2.7000e+01 2.0000e+00 5.7000e+01 3.0000e+00 9.0000e+00 5.0000e+00 2.0000e+00 7.0000e+00 2.8100e+02 2.0000e+00 5.1000e+01 1.0000e+01 4.8000e+01 2.0000e+00 0.0000e+00 1.0000e+00 6.0000e+01 5.0000e+00 0.0000e+00 1.0400e+02 1.2400e+02 1.0000e+00 0.0000e+00 2.2000e+01 1.0000e+00 1.0000e+00 0.0000e+00 4.0000e+00 3.0000e+00 1.5000e+01 7.6000e+01 1.0000e+01
2.0000e+00 6.5000e+01 2.3700e+02 6.0000e+00 2.0000e+00 4.0000e+00 1.0000e+00 9.2000e+01 8.0000e+00 2.0000e+00 2.0000e+00 4.3000e+01 8.6000e+01 3.0800e+02 0.0000e+00 2.0000e+00 1.5000e+02 6.0000e+00 1.8000e+02 4.6800e+02 2.1000e+01 1.0000e+00 2.9000e+01 4.2000e+01 1.0150e+03 3.3200e+02 1.2000e+01 4.0000e+01 2.0000e+00 6.0000e+00 7.6100e+02 5.0000e+00 1.7200e+02 5.0000e+00 3.0000e+00 3.0000e+00 5.8800e+02 4.0000e+00 1.0000e+00 3.0000e+00 1.5200e+02 8.2400e+02 0.0000e+00 1.3600e+02 3.0000e+00 4.0000e+00 1.5200e+02 0.0000e+00 8.6000e+01 5.0000e+00
5.0000e+00 6.0000e+00 8.0000e+00 6.2000e+01 1.6000e+01 3.0000e+00 3.0000e+00 9.0000e+00 1.3000e+01 8.0000e+00 7.0000e+00 6.1000e+01 8.0000e+00 3.0000e+00 4.5000e+01 1.4000e+01 2.0000e+00 1.5000e+01 0.0000e+00 3.0000e+00 2.0000e+00 2.5320e+03 1.0000e+01 3.4000e+01 1.0000e+01 1.0000e+01 1.8000e+01 3.1000e+01 1.0000e+00 2.0000e+01 6.0000e+00 3.0000e+00 1.2000e+01 3.0000e+00 2.0000e+00 7.0000e+00 1.0000e+00 1.7800e+02 7.2000e+01 7.6000e+01 5.0000e+00 4.0000e+00 2.8000e+01 3.0000e+00 7.0000e+00 3.5100e+02 3.0000e+00 1.1000e+01 0.0000e+00 2.0000e+00
0.0000e+00 2.0000e+00 2.7000e+01 4.7000e+01 4.0000e+00 1.0000e+00 4.2000e+01 3.0000e+00 2.6000e+01 8.0000e+00 2.7000e+01 2.0000e+00 5.9000e+01 2.0100e+02 0.0000e+00 1.0000e+01 7.0000e+00 6.0000e+00 5.6000e+01 7.3000e+01 4.0000e+00 1.0000e+01 1.2000e+01 1.5000e+01 4.0000e+00 7.0000e+00 9.0000e+00 1.7300e+02 3.0000e+00 3.0000e+00 7.0000e+00 5.0000e+00 7.6000e+01 4.0000e+00 1.2000e+01 4.0000e+00 7.0000e+00 7.7000e+01 8.0000e+00 0.0000e+00 1.1000e+01 5.0000e+00 2.8000e+01 1.0600e+02 1.0100e+02 5.0000e+00 2.7700e+02 5.0000e+00 2.3300e+03 0.0000e+00
0.0000e+00 0.0000e+00 1.0000e+00 3.0000e+00 1.0000e+00 0.0000e+00 7.0000e+00 6.0000e+00 2.0000e+00 0.0000e+00 2.0000e+00 3.0000e+00 1.0000e+00 5.0000e+00 2.0000e+01 0.0000e+00 1.0000e+00 0.0000e+00 0.0000e+00 6.0000e+00 5.0000e+00 1.0000e+00 0.0000e+00 7.0000e+00 1.0000e+00 0.0000e+00 1.0000e+00 2.0000e+00 3.0000e+00 1.0000e+00 0.0000e+00 3.0000e+00 1.0000e+00 2.9100e+02 1.1170e+03 9.0000e+00 1.0000e+00 5.0900e+02 1.3000e+01 0.0000e+00 0.0000e+00 1.0000e+00 6.4000e+01 0.0000e+00 1.2700e+02 0.0000e+00 6.0000e+00 1.9040e+03 0.0000e+00 2.0000e+00
2.0000e+00 5.0000e+00 8.0000e+00 5.0000e+00 2.0000e+00 4.0000e+00 2.0000e+00 4.0000e+00 2.0000e+00 0.0000e+00 5.2700e+02 2.0000e+00 2.5000e+01 2.1000e+01 2.1000e+01 0.0000e+00 1.2000e+01 4.0000e+00 6.0000e+00 2.0000e+00 8.0000e+00 0.0000e+00 2.0000e+00 5.0000e+00 1.0000e+00 7.0000e+00 0.0000e+00 2.2000e+01 1.0000e+00 1.0000e+00 5.0000e+00 3.0000e+00 4.0000e+00 1.0000e+00 4.0000e+00 3.0000e+00 0.0000e+00 0.0000e+00 1.0000e+00 0.0000e+00 0.0000e+00 0.0000e+00 0.0000e+00 9.0000e+00 0.0000e+00 5.0000e+00 7.0000e+00 3.0000e+00 0.0000e+00 1.0000e+00
2.0000e+00 3.2490e+03 2.0000e+00 6.0000e+00 4.0000e+00 5.0000e+00 2.0000e+00 8.1800e+02 1.0000e+01 1.0000e+00 3.0000e+00 8.0000e+00 6.0000e+00 2.3900e+02 2.0000e+00 4.0000e+00 4.1000e+01 0.0000e+00 2.0000e+00 0.0000e+00 0.0000e+00 1.0000e+00 0.0000e+00 6.0000e+00 7.2000e+01 3.3000e+01 3.0000e+00 5.0000e+01 0.0000e+00 3.0000e+00 0.0000e+00 5.0000e+00 0.0000e+00 0.0000e+00 2.0000e+00 8.7000e+01 1.1180e+03 0.0000e+00 1.0000e+00 0.0000e+00 0.0000e+00 2.0000e+00 4.0000e+00 0.0000e+00 7.0000e+00 4.0000e+00 0.0000e+00 4.0000e+00 3.7000e+01 1.2000e+01
1.5000e+01 4.0000e+00 0.0000e+00 3.0000e+00 1.4000e+01 1.0000e+00 1.0000e+00 0.0000e+00 3.0000e+00 0.0000e+00 6.2800e+02 3.0000e+00 0.0000e+00 7.0000e+00 1.1000e+01 1.7000e+02 1.0000e+00 0.0000e+00 0.0000e+00 1.0000e+01 3.0000e+00 2.0000e+00 0.0000e+00 2.0000e+00 1.0000e+01 1.0000e+00 2.0000e+00 2.0000e+00 2.0000e+00 4.0000e+00 3.0000e+00 0.0000e+00 5.0000e+00 1.0000e+00 5.0000e+00 7.0000e+00 0.0000e+00 1.0000e+00 7.0000e+01 1.0000e+00 1.0000e+00 3.0000e+00 4.9000e+01 0.0000e+00 1.0000e+00 4.0000e+00 1.2000e+01 5.0000e+00 0.0000e+00 1.0000e+00
6.0000e+00 0.0000e+00 1.0000e+00 0.0000e+00 9.0000e+00 3.0000e+00 1.0000e+01 4.0000e+00 3.0000e+00 2.0000e+00 1.2000e+01 1.4000e+01 1.0000e+00 2.0000e+00 8.0000e+00 1.4000e+01 0.0000e+00 4.0000e+00 2.0000e+00 3.0000e+00 0.0000e+00 3.0000e+00 1.0000e+00 1.2000e+01 3.0000e+00 4.0000e+00 0.0000e+00 1.0000e+00 3.0000e+00 4.0000e+00 2.0000e+00 2.0000e+00 0.0000e+00 0.0000e+00 1.0000e+00 3.0000e+00 3.0000e+00 5.0000e+00 1.0000e+00 6.0000e+00 0.0000e+00 0.0000e+00 4.0000e+00 8.0000e+00 3.0000e+00 0.0000e+00 2.0000e+00 0.0000e+00 0.0000e+00 0.0000e+00
1.0000e+01 0.0000e+00 1.0000e+00 0.0000e+00 3.0000e+00 6.7000e+01 8.0000e+00 2.0000e+00 2.0000e+00 1.0000e+00 3.2000e+01 2.0000e+00 0.0000e+00 5.0000e+00 0.0000e+00 5.8600e+02 2.0000e+00 7.0000e+00 2.0000e+00 0.0000e+00 1.0000e+01 0.0000e+00 0.0000e+00 0.0000e+00 1.8000e+01 2.0000e+00 0.0000e+00 3.0000e+00 0.0000e+00 0.0000e+00 2.0000e+00 4.0000e+00 3.0000e+00 0.0000e+00 0.0000e+00 2.8000e+01 1.3000e+01 1.0000e+00 0.0000e+00 0.0000e+00 9.0000e+00 3.0000e+00 1.3000e+01 3.8000e+01 2.0000e+00 4.0000e+00 1.7000e+01 2.0000e+00 4.0000e+00 3.4750e+03
6.0000e+00 3.0000e+00 4.0000e+00 6.0000e+00 3.0000e+01 3.0000e+00 1.0000e+00 2.0000e+00 4.0000e+00 3.0000e+00 2.0000e+00 1.0000e+00 0.0000e+00 6.0000e+00 1.0000e+01 5.0000e+00 0.0000e+00 1.7000e+01 0.0000e+00 2.0000e+00 1.0000e+00 0.0000e+00 4.0000e+00 3.0000e+00 0.0000e+00 2.0000e+00 5.0000e+00 1.0000e+00 0.0000e+00 2.0000e+00 0.0000e+00 2.0000e+00 9.0000e+00 4.7770e+03 1.4000e+01 1.2000e+01 1.0000e+00 1.4000e+01 5.0000e+00 2.0000e+00 1.1000e+01 1.0000e+00 7.0000e+00 0.0000e+00 1.1000e+01 3.0000e+00 1.0000e+00 1.0000e+01 0.0000e+00 0.0000e+00
6.0000e+00 2.0000e+00 2.3000e+01 4.0000e+01 7.7000e+01 7.0000e+00 5.0000e+00 1.6000e+01 3.3000e+01 1.0000e+01 2.0000e+00 6.0000e+00 2.0000e+00 6.0000e+00 7.0000e+00 2.2000e+01 8.1200e+02 1.0000e+01 8.0000e+00 8.2000e+01 5.0000e+00 8.0000e+00 2.0700e+02 9.7000e+01 9.0000e+00 1.5000e+01 5.0000e+00 2.0800e+02 3.4000e+01 5.4000e+01 6.0000e+00 1.0600e+03 3.2200e+02 3.0000e+00 3.8000e+02 1.2000e+01 1.0000e+01 1.8800e+02 1.0000e+00 1.3000e+01 5.0000e+00 2.0000e+00 4.3000e+01 5.0000e+00 3.1000e+01 2.0000e+00 1.0000e+00 1.5000e+01 8.0000e+00 1.0000e+00
0.0000e+00 0.0000e+00 0.0000e+00 0.0000e+00 1.0000e+00 4.0000e+01 2.0000e+00 5.0000e+00 2.0000e+01 0.0000e+00 1.0000e+01 0.0000e+00 0.0000e+00 3.0000e+00 6.9000e+01 0.0000e+00 2.6000e+01 0.0000e+00 4.0000e+00 9.8000e+01 1.5000e+01 1.2100e+02 6.1300e+02 0.0000e+00 5.0000e+00 1.7010e+03 5.0000e+01 3.6000e+01 0.0000e+00 2.0000e+00 8.0000e+00 0.0000e+00 8.0000e+00 0.0000e+00 1.0000e+00 1.6280e+03 8.0000e+00 0.0000e+00 6.0000e+00 1.0000e+00 0.0000e+00 0.0000e+00 0.0000e+00 0.0000e+00 3.0000e+00 0.0000e+00 1.3500e+02 7.0000e+00 2.7000e+01 8.0000e+00
3.0000e+00 4.0000e+00 5.0000e+00 1.0000e+00 1.0000e+01 0.0000e+00 1.0000e+00 0.0000e+00 1.0000e+00 1.7000e+01 7.0000e+00 8.0000e+00 4.0000e+00 9.0000e+00 1.7000e+01 5.0000e+00 1.0000e+00 1.0000e+00 2.0000e+00 0.0000e+00 1.0000e+00 5.0000e+00 0.0000e+00 3.0000e+00 0.0000e+00 5.0000e+00 1.2000e+01 6.7600e+02 2.0000e+00 0.0000e+00 0.0000e+00 3.0000e+00 1.1000e+01 1.0000e+00 3.1000e+01 3.0000e+00 0.0000e+00 3.6300e+02 1.3000e+01 0.0000e+00 2.0000e+00 6.0000e+00 3.4000e+01 0.0000e+00 3.4260e+03 1.0000e+00 9.0000e+00 6.0000e+00 1.0000e+00 0.0000e+00
2.5300e+02 1.0000e+00 2.0000e+00 5.3000e+01 1.0060e+03 4.8000e+01 3.0000e+00 2.3000e+01 1.0000e+00 3.3700e+02 4.0000e+00 9.5100e+02 1.4000e+01 3.0000e+00 1.7000e+01 3.4000e+01 8.0000e+00 3.0000e+00 7.0000e+00 5.0000e+00 1.6000e+01 5.0000e+00 1.2000e+01 1.3900e+02 4.4000e+01 1.0000e+00 4.0000e+00 1.0000e+00 3.0000e+00 2.0000e+00 1.0000e+00 1.6000e+01 2.0000e+00 1.0000e+00 3.0000e+00 8.7000e+01 3.0000e+00 9.6000e+02 4.0000e+00 5.0000e+00 2.0000e+00 0.0000e+00 8.6000e+01 6.0000e+01 7.1000e+01 1.1800e+02 2.0000e+00 1.3900e+02 6.0000e+00 1.4000e+01
1.5000e+01 1.5000e+01 0.0000e+00 0.0000e+00 1.3000e+01 5.8000e+01 1.9570e+03 1.0000e+00 1.0000e+00 0.0000e+00 1.0000e+00 2.3000e+01 3.0000e+00 0.0000e+00 8.6000e+01 3.1000e+01 0.0000e+00 2.0000e+00 6.0000e+00 4.0000e+00 3.0000e+00 1.0000e+00 0.0000e+00 3.0000e+00 1.0000e+00 6.0000e+00 0.0000e+00 2.0000e+00 3.5000e+01 3.1000e+01 4.0000e+00 2.0000e+00 0.0000e+00 3.0000e+00 6.2700e+02 4.4000e+01 0.0000e+00 7.7000e+01 1.0000e+00 0.0000e+00 0.0000e+00 3.7000e+01 1.0000e+01 1.0000e+01 0.0000e+00 4.0000e+00 1.6000e+01 5.0000e+00 0.0000e+00 0.0000e+00
1.1000e+01 0.0000e+00 3.0000e+00 1.0000e+00 3.0000e+00 0.0000e+00 1.0000e+00 2.0000e+00 1.0000e+00 2.0000e+00 1.8000e+01 4.0000e+00 0.0000e+00 3.0000e+00 5.0000e+00 3.0000e+00 1.0000e+00 0.0000e+00 3.0000e+00 4.6000e+01 5.0000e+00 5.0000e+00 0.0000e+00 2.0000e+00 2.0000e+00 3.0000e+00 0.0000e+00 3.0000e+00 4.0000e+00 2.0000e+00 3.0000e+00 1.0000e+00 1.0000e+00 0.0000e+00 6.0000e+00 0.0000e+00 1.0000e+00 5.0000e+00 8.0000e+00 0.0000e+00 2.0000e+00 1.6000e+01 2.0000e+01 6.0000e+00 7.0000e+00 2.4200e+02 1.0000e+01 1.0000e+01 4.0000e+00 0.0000e+00
7.3000e+01 0.0000e+00 5.7000e+01 1.5720e+03 5.4000e+01 1.0900e+02 2.5200e+02 2.0000e+01 5.0000e+00 1.4100e+02 5.0000e+00 2.1200e+02 2.5000e+01 4.4000e+01 1.0500e+02 1.1000e+01 9.6000e+01 1.5000e+01 1.3000e+01 1.3000e+02 5.4000e+01 1.2000e+01 9.0000e+00 1.7000e+01 2.4900e+02 3.9000e+01 3.9000e+01 3.5000e+01 3.0000e+00 7.0000e+00 2.0000e+00 9.0000e+00 5.4000e+01 9.0000e+00 1.0900e+02 5.0000e+00 0.0000e+00 2.1000e+01 2.0000e+00 8.0000e+00 7.5000e+01 6.0000e+00 2.3000e+01 1.1800e+02 2.9000e+01 4.8000e+01 2.7000e+01 1.3000e+01 8.0000e+00 1.3000e+01
1.1000e+01 3.0000e+00 8.0000e+00 1.1000e+01 1.3000e+01 4.0000e+00 6.8000e+01 1.8000e+01 1.9900e+02 0.0000e+00 1.7900e+02 1.1000e+01 6.0000e+00 6.0000e+00 1.5000e+01 1.1000e+01 1.6000e+01 2.3000e+01 4.0000e+00 1.0000e+00 3.3000e+01 2.1000e+01 6.0000e+00 7.0000e+00 9.0000e+00 1.5000e+01 7.6600e+02 7.0000e+00 3.6000e+01 6.0000e+01 2.0000e+00 2.0000e+00 5.0000e+00 3.0000e+00 1.0570e+03 5.0000e+00 2.0000e+00 1.0000e+00 1.3100e+02 5.0000e+00 1.0000e+00 6.0000e+00 8.8000e+01 9.0000e+00 3.6800e+02 5.0000e+00 1.4000e+02 6.1000e+01 3.0000e+00 4.0000e+00
1.0000e+00 9.0000e+00 1.0000e+00 3.0000e+00 1.0000e+00 2.0000e+00 2.0000e+00 5.0000e+00 2.0000e+00 1.7400e+02 1.6190e+03 5.0000e+00 1.0000e+00 1.6000e+01 8.1000e+01 7.0000e+00 1.0000e+00 1.0000e+00 2.0000e+00 3.0000e+00 4.4800e+02 2.0000e+00 3.0000e+00 1.0000e+00 8.5200e+02 4.0000e+00 5.0000e+00 2.0000e+00 1.2000e+01 4.0000e+00 7.0000e+00 5.0000e+00 2.8000e+01 1.0000e+00 5.0000e+00 1.8300e+02 0.0000e+00 4.0000e+00 3.0000e+00 2.0000e+00 1.7000e+01 1.3000e+01 3.0000e+00 8.0000e+00 8.0000e+00 3.0000e+00 1.1460e+03 4.2700e+02 1.0000e+00 5.0000e+00
8.0000e+00 9.0000e+00 0.0000e+00 1.3000e+01 7.0000e+00 3.0000e+00 2.0000e+00 1.0000e+01 1.2000e+01 1.2000e+01 3.0000e+00 1.1100e+02 1.8000e+01 3.0000e+00 9.8400e+02 1.0280e+03 7.0000e+00 2.0000e+00 7.0000e+00 1.0000e+00 2.0000e+00 1.0000e+00 4.0000e+00 1.0000e+00 1.3000e+01 4.1000e+02 0.0000e+00 4.0000e+00 8.0000e+00 1.4600e+02 1.2000e+01 2.0000e+00 2.0000e+00 2.4000e+01 4.0000e+01 2.5500e+02 0.0000e+00 4.8700e+02 7.0000e+00 1.0000e+00 1.0000e+00 2.1000e+01 1.5600e+02 7.0000e+00 5.9000e+01 4.0000e+00 5.1000e+01 2.4100e+02 3.0000e+00 2.1000e+01
6.0000e+00 1.0000e+00 3.0000e+00 5.1000e+01 1.8000e+01 1.3400e+02 1.7000e+01 5.0000e+00 8.0000e+00 5.0000e+00 6.0000e+00 1.9000e+01 6.0000e+00 7.0000e+00 1.9000e+01 4.6800e+02 2.0000e+00 3.0000e+00 3.0000e+00 1.0000e+00 2.0000e+00 5.0000e+00 6.0000e+00 1.7000e+01 0.0000e+00 1.1000e+02 1.7000e+01 6.0000e+00 1.5000e+01 8.4000e+01 1.2000e+01 1.0000e+00 1.0000e+00 0.0000e+00 2.7000e+02 8.0000e+00 1.0000e+00 3.0000e+00 1.8480e+03 2.0000e+00 1.0000e+00 3.9000e+01 4.0000e+00 0.0000e+00 1.2000e+01 4.0000e+01 4.0000e+00 8.0000e+00 2.0000e+00 4.0000e+00
2.0000e+00 2.7000e+01 1.1400e+02 5.0000e+00 3.0000e+00 1.0000e+00 2.0000e+00 2.6090e+03 8.1000e+01 2.0000e+00 4.0000e+00 8.0000e+01 1.6280e+03 1.8500e+02 3.0000e+00 2.0000e+00 1.5000e+01 1.2100e+02 5.2000e+01 2.1000e+01 2.7000e+01 2.0000e+00 7.7000e+01 6.6000e+01 1.4000e+01 2.4000e+01 4.0000e+00 1.0000e+01 4.0000e+00 1.0000e+00 5.0000e+01 1.0000e+00 1.6200e+02 2.0000e+00 0.0000e+00 7.0000e+00 1.7100e+02 2.0000e+00 2.0000e+00 3.0000e+00 9.2000e+01 2.0000e+00 2.0000e+00 1.0000e+02 3.0000e+00 3.0000e+00 7.9000e+01 2.0000e+00 5.1000e+01 6.0000e+00
1.0000e+01 0.0000e+00 0.0000e+00 2.0000e+01 0.0000e+00 2.5000e+01 1.0000e+00 0.0000e+00 8.0000e+00 0.0000e+00 1.0000e+00 5.0000e+00 0.0000e+00 0.0000e+00 4.0000e+00 1.9000e+01 0.0000e+00 0.0000e+00 0.0000e+00 0.0000e+00 5.0000e+00 1.4000e+01 0.0000e+00 3.0000e+00 0.0000e+00 4.0000e+00 0.0000e+00 7.0000e+00 1.0000e+00 0.0000e+00 5.0000e+00 2.0000e+00 1.0000e+00 0.0000e+00 5.0000e+00 2.0000e+00 0.0000e+00 0.0000e+00 0.0000e+00 3.0000e+00 0.0000e+00 0.0000e+00 2.0000e+01 4.7400e+02 8.0000e+00 7.0000e+00 1.0000e+00 4.0000e+00 4.0000e+00 1.0000e+00
2.0000e+00 2.3000e+01 1.6700e+02 2.0000e+00 3.0000e+00 5.0000e+00 0.0000e+00 2.0000e+01 4.7000e+01 4.0000e+00 0.0000e+00 1.6000e+01 2.0600e+02 6.7000e+01 2.0000e+00 1.0000e+00 2.4000e+02 2.6400e+02 3.2870e+03 6.6500e+02 3.0000e+00 1.0000e+00 3.0000e+00 7.0000e+00 4.0000e+00 3.0000e+00 1.1000e+01 1.5900e+02 2.0000e+00 5.0000e+00 7.2000e+01 1.0000e+00 1.0000e+00 4.0000e+00 1.0000e+00 2.0000e+00 1.3040e+03 3.0000e+00 2.0000e+00 1.0000e+00 2.4400e+02 2.4000e+01 1.0000e+00 4.0000e+00 0.0000e+00 4.0000e+00 4.0000e+00 1.0000e+00 2.4000e+01 3.0000e+00
4.0000e+00 0.0000e+00 0.0000e+00 1.0000e+01 0.0000e+00 1.0000e+00 7.0000e+00 6.0000e+00 3.0000e+00 8.2000e+01 0.0000e+00 0.0000e+00 5.0000e+00 0.0000e+00 9.8000e+02 3.0000e+00 1.0000e+00 3.6200e+02 2.8000e+01 1.5000e+01 4.1000e+01 1.0000e+00 0.0000e+00 9.3000e+01 1.0000e+00 8.0000e+00 1.1000e+01 0.0000e+00 0.0000e+00 5.0000e+00 0.0000e+00 3.2000e+01 6.9000e+01 0.0000e+00 1.0000e+00 5.8000e+01 2.0000e+00 2.0000e+00 2.1000e+01 2.0000e+01 0.0000e+00 9.3000e+01 4.9000e+01 1.3000e+01 1.1300e+02 1.0000e+00 8.5000e+01 1.7000e+01 0.0000e+00 3.0000e+01
2.0000e+00 0.0000e+00 6.0000e+00 5.0000e+00 1.0000e+00 9.0300e+02 0.0000e+00 1.1000e+01 6.0000e+00 9.0000e+00 1.6000e+01 2.7000e+01 3.0000e+00 1.1000e+01 7.0000e+01 4.5000e+01 0.0000e+00 6.0000e+00 1.1000e+01 2.0000e+00 3.0000e+00 1.9000e+01 5.0000e+00 3.6900e+02 9.9000e+01 9.0000e+00 7.0000e+00 1.1000e+01 1.7000e+01 2.0000e+00 2.0000e+00 8.0000e+00 1.6000e+01 2.0000e+00 3.2000e+01 5.0000e+01 4.9000e+01 6.0000e+00 2.0000e+00 8.0000e+00 8.0000e+00 3.0000e+00 2.1370e+03 4.0000e+00 1.9000e+01 6.0000e+00 4.2000e+01 1.1000e+01 1.0000e+00 1.6000e+01
3.0000e+00 3.6800e+02 3.4600e+02 0.0000e+00 1.0000e+00 2.0000e+00 1.0000e+00 9.0000e+00 1.0000e+01 4.0000e+00 0.0000e+00 1.2100e+02 7.1300e+02 1.6280e+03 2.0000e+00 1.0000e+00 1.0000e+00 1.2790e+03 5.0000e+00 1.4440e+03 0.0000e+00 0.0000e+00 1.0000e+01 1.0000e+01 4.1500e+02 2.0000e+00 1.0000e+01 4.2000e+01 2.0000e+00 1.0000e+00 3.0000e+00 3.0000e+00 4.0000e+00 2.0000e+00 1.0000e+00 1.0000e+00 4.0000e+00 1.0000e+00 2.0000e+00 1.0000e+00 2.1000e+01 3.1000e+01 1.0000e+00 2.0000e+00 0.0000e+00 0.0000e+00 1.0000e+00 2.0000e+00 3.0000e+00 8.0000e+00
1.0000e+00 2.5000e+01 2.7790e+03 0.0000e+00 1.0000e+00 2.0000e+00 2.0000e+00 1.6000e+01 1.9000e+01 2.0000e+00 0.0000e+00 2.7000e+01 9.9000e+01 2.2800e+02 2.0000e+00 0.0000e+00 1.4800e+02 3.1000e+02 5.6000e+01 5.3000e+01 4.0000e+00 4.0000e+00 1.7000e+01 6.0000e+00 9.0000e+00 2.0000e+00 9.0000e+00 1.2200e+02 4.0000e+00 2.0000e+00 2.6020e+03 4.0000e+00 5.0000e+00 2.0000e+00 1.0000e+00 5.0000e+00 1.1800e+02 1.0000e+00 1.0000e+00 2.0000e+00 4.1000e+01 2.5000e+01 1.0000e+00 4.0000e+00 4.0000e+00 2.0000e+00 0.0000e+00 1.0000e+00 3.4000e+01 5.0000e+00
1.7970e+03 3.0000e+00 2.2000e+01 1.0000e+00 2.7000e+01 2.0000e+00 1.0000e+00 4.0000e+00 2.0000e+00 7.0000e+00 2.6000e+01 3.0000e+00 2.0000e+00 1.4000e+01 2.1000e+01 1.0000e+00 6.0000e+00 6.0000e+00 4.2000e+01 1.0000e+00 7.3300e+02 3.0000e+00 4.0000e+01 0.0000e+00 1.5800e+02 3.6000e+01 4.0000e+00 0.0000e+00 4.0000e+00 6.0000e+00 1.1000e+01 0.0000e+00 1.0000e+00 0.0000e+00 1.0000e+00 1.0000e+01 1.0000e+00 1.0000e+00 0.0000e+00 1.0000e+00 0.0000e+00 4.0000e+01 7.0000e+00 6.0000e+00 7.6000e+01 2.1800e+02 7.2000e+01 4.2500e+02 1.0000e+01 2.0000e+01
0.0000e+00 4.1000e+01 4.5000e+01 6.0000e+00 0.0000e+00 2.0000e+00 1.0000e+00 1.7000e+01 2.5160e+03 2.0000e+00 2.0000e+00 1.5000e+01 5.7100e+02 1.6000e+01 3.0000e+00 0.0000e+00 1.7600e+02 3.9700e+02 1.3500e+02 3.3000e+01 4.0000e+00 2.0000e+00 3.0000e+00 4.0000e+00 4.0000e+00 2.0000e+00 1.1000e+01 1.4730e+03 2.0000e+00 0.0000e+00 2.8000e+01 5.0000e+00 0.0000e+00 9.0000e+00 0.0000e+00 2.0000e+00 3.2600e+02 1.0000e+00 0.0000e+00 0.0000e+00 1.1130e+03 1.5000e+01 0.0000e+00 9.0000e+00 2.0000e+00 0.0000e+00 0.0000e+00 2.0000e+00 2.7000e+01 4.0000e+00
0.0000e+00 0.0000e+00 0.0000e+00 0.0000e+00 9.0000e+00 7.0000e+00 4.0000e+00 2.0000e+00 1.0000e+00 2.9000e+01 0.0000e+00 2.0000e+00 1.0000e+00 0.0000e+00 1.0000e+00 5.0000e+00 8.0000e+00 0.0000e+00 1.0000e+00 3.0000e+00 2.5000e+01 7.0000e+00 1.0000e+00 1.0000e+00 3.0000e+00 9.0000e+00 2.3000e+01 7.0000e+00 2.3000e+01 1.6000e+01 1.0000e+00 2.1000e+01 0.0000e+00 0.0000e+00 3.0000e+00 8.0000e+00 3.0000e+00 0.0000e+00 1.4000e+01 0.0000e+00 0.0000e+00 0.0000e+00 1.9000e+01 0.0000e+00 4.0000e+01 4.0000e+00 0.0000e+00 2.0000e+00 0.0000e+00 3.0000e+00
3.0000e+00 6.0000e+00 2.0000e+00 1.0000e+00 4.0000e+00 1.5000e+01 1.2900e+02 1.0000e+01 2.0000e+00 5.0000e+00 2.9000e+01 2.0000e+00 0.0000e+00 1.6000e+01 0.0000e+00 2.0000e+01 1.6000e+01 8.3000e+01 3.0000e+00 3.0000e+00 5.0000e+00 4.0000e+00 7.0000e+01 2.0000e+00 2.0000e+00 5.0000e+00 1.1000e+01 3.0000e+00 6.0000e+00 5.0000e+00 8.0000e+00 4.0000e+00 0.0000e+00 0.0000e+00 1.1000e+01 4.7000e+01 0.0000e+00 4.0000e+00 5.0000e+00 1.0800e+03 0.0000e+00 1.0000e+00 6.0000e+00 0.0000e+00 1.0000e+00 1.2000e+01 6.0000e+00 2.5000e+01 6.0000e+00 3.0000e+00
5.1000e+01 4.0000e+00 9.0000e+00 8.8000e+01 4.0000e+00 2.6000e+01 3.1000e+01 3.0000e+00 5.0000e+00 9.0000e+00 2.8000e+01 4.7600e+02 6.0000e+00 5.0000e+00 3.5000e+01 4.4800e+02 1.0000e+00 2.9000e+01 4.0000e+00 5.0000e+00 5.0000e+01 3.0000e+00 1.7000e+01 1.6000e+01 7.0000e+01 1.3000e+01 2.5000e+01 1.2000e+01 1.9000e+01 5.3600e+02 6.0000e+00 1.3000e+01 1.3000e+01 3.0000e+00 2.3000e+01 1.3800e+02 2.8000e+01 3.7000e+01 1.2600e+02 4.0000e+00 1.5000e+01 7.0000e+00 8.3000e+01 1.2000e+01 4.7000e+01 1.3000e+02 2.0000e+01 1.6000e+01 1.5000e+01 2.0000e+01
0.0000e+00 9.0000e+00 5.0000e+00 6.7000e+01 1.4700e+02 7.1000e+01 1.3900e+02 2.0000e+00 7.0000e+00 1.5000e+01 8.2000e+01 1.5000e+01 3.0000e+00 5.6000e+01 1.1800e+02 2.0000e+00 3.0000e+00 3.8000e+01 3.0000e+00 9.0000e+00 1.1000e+01 4.0000e+00 1.5000e+01 8.4000e+01 2.0000e+00 2.1000e+01 1.0470e+03 1.5000e+01 4.0000e+00 4.5000e+01 1.3000e+01 2.0000e+00 1.8800e+02 4.0000e+00 1.2000e+01 8.0000e+00 3.0000e+00 1.0000e+00 1.0000e+00 1.8000e+01 2.7000e+01 1.9000e+01 0.0000e+00 1.0220e+03 3.0000e+00 4.0000e+00 4.3000e+01 2.2000e+01 4.0000e+00 0.0000e+00
5.0000e+00 1.0000e+00 1.0000e+00 0.0000e+00 1.7000e+01 1.0000e+00 0.0000e+00 1.4000e+01 2.8000e+01 0.0000e+00 0.0000e+00 2.0000e+00 3.0000e+00 1.3000e+01 1.1000e+01 2.0000e+00 1.0000e+00 2.0000e+00 4.0000e+00 7.0000e+00 1.0000e+00 4.0000e+00 1.0000e+00 0.0000e+00 6.0000e+00 4.0000e+00 0.0000e+00 1.0000e+00 6.0000e+00 1.3000e+01 5.0000e+00 1.0000e+00 0.0000e+00 0.0000e+00 2.0000e+00 5.0000e+00 0.0000e+00 9.0000e+00 1.0000e+00 0.0000e+00 0.0000e+00 1.0000e+00 1.4000e+01 8.0000e+00 1.0000e+00 5.0000e+00 4.0000e+00 1.0000e+00 3.0000e+00 4.0000e+00
5.8000e+01 1.0000e+00 2.1000e+01 1.2910e+03 8.0000e+00 1.0000e+00 1.0000e+00 1.3000e+01 1.3800e+02 4.0000e+00 4.5000e+01 9.0000e+00 1.2000e+01 1.2000e+01 9.6000e+01 5.8000e+01 2.2000e+01 0.0000e+00 1.0000e+01 1.0000e+00 4.2100e+02 2.1100e+02 1.5000e+01 6.0000e+00 7.0000e+00 8.0000e+00 3.0000e+00 7.0000e+00 1.5000e+01 5.9000e+01 6.0000e+00 7.6000e+01 1.0000e+00 8.0000e+00 1.2000e+01 9.0000e+00 7.0000e+00 4.0000e+00 1.0000e+00 1.1000e+01 1.2160e+03 4.0000e+00 5.7000e+01 4.0000e+01 2.0000e+00 9.0000e+00 2.1000e+01 1.0000e+01 4.4000e+01 4.0000e+00
1.6000e+01 1.0000e+00 5.0000e+00 4.0000e+00 6.0000e+00 1.6000e+01 1.0000e+01 5.0000e+00 1.8000e+01 5.2000e+01 3.0000e+00 4.5000e+01 1.3000e+01 1.2000e+01 1.1900e+02 1.1000e+01 2.0000e+00 4.0000e+00 3.1000e+01 2.9000e+01 1.2000e+01 8.0000e+00 8.0000e+00 1.7000e+01 3.1000e+01 7.0000e+00 3.0000e+00 7.0000e+00 6.6000e+01 1.3900e+02 1.3000e+01 7.0000e+00 8.0000e+00 3.0000e+00 1.3000e+01 1.3000e+01 4.0000e+00 7.1100e+02 1.0500e+02 0.0000e+00 4.9000e+01 3.0000e+00 3.3000e+01 9.0000e+00 0.0000e+00 1.6000e+01 8.0000e+00 1.5000e+01 5.0000e+00 7.0000e+00
8.0000e+00 8.0000e+00 1.0000e+00 1.9000e+01 6.5000e+01 0.0000e+00 4.0000e+00 9.0000e+00 1.0000e+01 2.9340e+03 0.0000e+00 3.0000e+00 1.2000e+01 1.0000e+00 2.0000e+00 3.0000e+00 0.0000e+00 5.0000e+00 3.0000e+00 7.4000e+01 8.0000e+00 4.0000e+00 7.0000e+00 2.0000e+00 2.0000e+00 6.0000e+00 1.1000e+01 2.8000e+01 3.0000e+01 2.0000e+00 7.0000e+00 1.0000e+00 1.7540e+03 1.8000e+01 3.0000e+00 6.9000e+01 0.0000e+00 2.0000e+00 0.0000e+00 0.0000e+00 0.0000e+00 1.0000e+00 1.0000e+00 1.6000e+01 0.0000e+00 5.0000e+00 4.7000e+01 5.0000e+00 5.0000e+00 2.0000e+00
