7.5000e+01 2.1000e+01 4.3700e+02 5.7000e+01 1.1000e+01 9.0000e+00 2.9000e+01 9.0000e+00 5.8510e+03 6.0660e+03 7.1300e+02 5.3260e+03 1.4200e+02 4.7210e+03 4.9810e+03 3.4000e+01 8.6800e+02 1.6090e+03 1.2630e+03 2.5100e+02 5.4000e+01 5.9000e+03 3.7240e+03 5.9560e+03 1.7000e+01 4.9430e+03 2.2300e+02 2.7300e+02 2.9000e+01 5.4580e+03 1.7200e+02 1.8000e+01 4.5540e+03 6.0650e+03 2.2000e+01 1.2000e+01 1.0890e+03 8.0000e+01 3.5000e+01 1.0010e+03 1.6880e+03 2.0000e+01 4.8200e+03 6.0540e+03 1.7000e+01 3.6000e+01 2.1000e+01 1.7000e+01 4.0000e+01 6.1000e+01
1.2000e+01 2.6000e+01 3.5000e+01 1.1000e+01 1.1000e+01 1.5000e+01 1.0000e+01 2.9000e+01 0.0000e+00 0.0000e+00 1.1000e+01 7.0000e+00 1.5000e+01 8.0000e+00 1.5700e+02 1.1000e+01 2.1000e+01 3.5900e+02 9.0000e+01 3.5000e+01 3.2000e+01 0.0000e+00 2.2000e+01 0.0000e+00 1.8000e+01 4.7000e+01 7.0000e+00 2.2000e+01 1.4000e+01 1.2000e+01 1.5000e+01 1.2000e+01 8.0000e+00 0.0000e+00 2.8000e+01 3.3000e+01 7.0000e+00 9.0000e+00 1.0000e+01 7.0000e+00 7.0000e+00 9.0000e+00 6.0000e+01 0.0000e+00 9.0000e+00 1.8000e+01 1.2000e+01 7.0000e+00 1.2000e+01 3.0000e+01
4.0300e+02 6.1000e+01 5.5810e+03 9.0000e+00 7.0000e+00 1.6000e+01 6.0080e+03 2.9000e+01 0.0000e+00 0.0000e+00 4.9890e+03 9.0000e+00 1.0000e+01 1.0000e+01 7.3000e+01 1.1000e+01 1.6000e+01 4.2000e+01 1.6100e+02 2.9600e+02 9.0000e+00 0.0000e+00 2.1000e+01 0.0000e+00 6.5000e+01 2.8000e+01 7.6000e+01 6.7000e+01 2.0470e+03 1.7000e+01 1.9000e+01 5.9690e+03 9.6900e+02 0.0000e+00 1.0000e+01 3.0000e+01 7.0000e+00 4.8000e+01 9.0000e+00 1.1200e+02 1.4000e+01 9.0000e+00 7.0000e+00 0.0000e+00 1.8000e+01 2.4000e+01 9.0000e+00 6.0110e+03 7.2000e+01 4.0520e+03
9.0000e+00 1.5000e+01 0.0000e+00 9.0000e+00 7.0000e+00 1.8000e+01 0.0000e+00 7.0000e+00 0.0000e+00 0.0000e+00 2.4000e+01 4.4000e+01 7.0000e+00 1.7000e+01 1.3000e+01 1.7000e+01 1.4000e+01 2.3600e+02 2.9000e+01 2.8900e+02 9.8000e+01 0.0000e+00 2.1000e+01 0.0000e+00 7.6000e+01 9.2000e+01 8.6000e+01 2.6010e+03 3.3000e+01 2.0000e+01 3.0400e+02 0.0000e+00 1.9000e+01 0.0000e+00 4.4000e+01 1.9000e+01 2.6000e+01 7.0000e+00 5.4000e+01 1.0000e+01 2.1000e+01 1.4000e+01 1.7000e+01 0.0000e+00 1.0000e+01 4.8810e+03 9.9000e+01 0.0000e+00 5.1000e+01 4.6000e+01
3.0000e+01 6.1000e+01 0.0000e+00 2.1000e+01 5.8000e+01 2.8000e+01 0.0000e+00 1.5200e+02 0.0000e+00 0.0000e+00 4.6000e+01 3.5000e+01 1.3000e+02 1.0000e+01 6.2000e+01 6.7000e+01 3.7190e+03 2.1450e+03 1.4900e+02 1.8830e+03 7.8000e+01 0.0000e+00 1.7000e+01 0.0000e+00 1.4000e+01 1.1000e+01 7.2500e+02 2.2800e+02 3.3100e+02 2.5000e+01 2.9000e+01 0.0000e+00 4.2000e+01 0.0000e+00 8.6400e+02 1.4200e+02 5.3000e+01 3.7000e+01 7.2000e+01 2.9000e+01 1.2000e+01 5.4000e+01 1.8000e+01 0.0000e+00 2.1000e+01 3.3000e+01 1.4700e+02 0.0000e+00 2.1500e+02 1.2860e+03
5.3860e+03 5.8480e+03 0.0000e+00 2.5190e+03 1.6160e+03 4.9000e+01 0.0000e+00 2.4690e+03 0.0000e+00 0.0000e+00 1.1900e+02 1.0400e+02 5.7060e+03 9.2900e+02 2.0100e+02 1.1000e+01 4.7600e+02 3.7000e+01 3.8460e+03 3.0000e+01 5.0990e+03 0.0000e+00 2.0640e+03 0.0000e+00 5.8070e+03 1.8700e+02 4.9140e+03 6.7000e+02 2.3320e+03 1.0000e+01 5.5920e+03 0.0000e+00 6.2000e+01 0.0000e+00 5.0610e+03 5.6720e+03 3.3140e+03 5.6820e+03 5.6900e+03 4.8280e+03 3.8220e+03 5.8170e+03 1.1560e+03 0.0000e+00 6.0260e+03 2.1900e+02 3.6000e+01 0.0000e+00 1.0100e+02 2.3000e+01
0.0000e+00 0.0000e+00 0.0000e+00 5.3000e+01 4.1040e+03 1.6000e+01 0.0000e+00 3.3550e+03 0.0000e+00 0.0000e+00 7.0000e+00 1.0000e+01 0.0000e+00 3.0000e+01 2.1000e+01 5.6970e+03 7.1200e+02 2.4000e+01 1.4000e+01 1.0620e+03 1.5100e+02 0.0000e+00 0.0000e+00 0.0000e+00 0.0000e+00 9.0000e+00 0.0000e+00 1.1570e+03 1.4400e+02 1.7000e+01 0.0000e+00 0.0000e+00 2.0000e+01 0.0000e+00 0.0000e+00 0.0000e+00 9.0000e+00 9.0000e+00 6.4000e+01 0.0000e+00 1.8000e+02 7.0000e+00 0.0000e+00 0.0000e+00 0.0000e+00 4.2000e+01 1.8000e+01 0.0000e+00 4.7270e+03 1.2000e+01
0.0000e+00 0.0000e+00 0.0000e+00 1.5000e+01 8.5000e+01 1.8000e+01 0.0000e+00 0.0000e+00 0.0000e+00 0.0000e+00 1.4000e+01 1.8500e+02 0.0000e+00 2.3100e+02 1.9400e+02 9.8000e+01 3.4000e+01 2.4000e+02 1.7000e+01 3.0200e+02 1.1800e+02 0.0000e+00 0.0000e+00 0.0000e+00 0.0000e+00 1.9000e+01 0.0000e+00 1.7900e+02 4.0500e+02 3.1000e+01 0.0000e+00 0.0000e+00 1.3400e+02 0.0000e+00 0.0000e+00 0.0000e+00 1.3000e+01 3.7000e+01 4.0000e+01 0.0000e+00 6.3000e+01 1.5000e+01 0.0000e+00 0.0000e+00 0.0000e+00 2.4300e+02 9.6000e+01 0.0000e+00 4.5300e+02 3.0900e+02
0.0000e+00 0.0000e+00 0.0000e+00 3.2660e+03 2.1600e+02 5.7060e+03 0.0000e+00 0.0000e+00 0.0000e+00 0.0000e+00 7.1000e+01 6.8000e+01 0.0000e+00 5.0000e+01 2.9800e+02 5.8000e+01 5.3000e+01 7.4200e+02 3.6900e+02 1.6770e+03 4.8000e+01 0.0000e+00 0.0000e+00 0.0000e+00 0.0000e+00 1.4900e+02 0.0000e+00 6.6800e+02 6.4600e+02 4.2900e+02 0.0000e+00 0.0000e+00 1.2400e+02 0.0000e+00 0.0000e+00 0.0000e+00 1.4650e+03 1.7000e+01 9.0000e+00 0.0000e+00 1.0100e+02 3.0000e+01 0.0000e+00 0.0000e+00 0.0000e+00 3.4800e+02 5.4080e+03 0.0000e+00 2.1900e+02 1.5400e+02
0.0000e+00 0.0000e+00 0.0000e+00 7.0000e+00 7.0000e+00 8.8000e+01 0.0000e+00 0.0000e+00 0.0000e+00 0.0000e+00 5.1000e+01 2.2000e+02 0.0000e+00 2.4000e+01 1.3000e+01 1.7000e+01 9.0000e+01 5.8700e+02 5.6000e+01 1.7500e+02 2.0500e+02 0.0000e+00 0.0000e+00 0.0000e+00 0.0000e+00 4.6800e+02 0.0000e+00 1.9800e+02 2.2000e+01 4.6000e+01 0.0000e+00 0.0000e+00 8.0000e+00 0.0000e+00 0.0000e+00 0.0000e+00 7.0000e+00 3.0000e+01 3.8000e+01 0.0000e+00 3.6000e+01 3.2000e+01 0.0000e+00 0.0000e+00 0.0000e+00 3.9000e+01 1.0700e+02 0.0000e+00 6.6000e+01 5.0000e+01
