7.0667e-01 4.2857e-01 8.7872e-01 6.4912e-01 1.8182e-01 1.1111e-01 5.1724e-01 1.1111e-01 9.7795e-01 9.9802e-01 8.8499e-01 9.6526e-01 7.8873e-01 9.0108e-01 7.5527e-01 3.5294e-01 7.5922e-01 4.9099e-01 6.7538e-01 4.6614e-01 6.4815e-01 9.7220e-01 9.5865e-01 9.9496e-01 3.5294e-01 9.1544e-01 8.2960e-01 5.2747e-01 4.8276e-01 8.8018e-01 8.0814e-01 3.8889e-01 8.8538e-01 9.8879e-01 4.5455e-01 2.5000e-01 8.7879e-01 7.1250e-01 5.7143e-01 9.2008e-01 9.2062e-01 4.0000e-01 9.6369e-01 9.8579e-01 3.5294e-01 3.8889e-01 2.8571e-01 3.5294e-01 4.2500e-01 6.0656e-01
2.5000e-01 5.0000e-01 5.7143e-01 1.8182e-01 1.8182e-01 2.6667e-01 2.0000e-01 5.1724e-01 1.0000e+00 1.0000e+00 1.8182e-01 0.0000e+00 3.3333e-01 0.0000e+00 5.8599e-01 0.0000e+00 2.8571e-01 4.2061e-01 4.7778e-01 2.0000e-01 5.3125e-01 1.0000e+00 4.5455e-01 1.0000e+00 3.8889e-01 5.7447e-01 0.0000e+00 1.3636e-01 2.8571e-01 1.6667e-01 3.3333e-01 2.5000e-01 0.0000e+00 1.0000e+00 5.0000e-01 5.4545e-01 0.0000e+00 1.1111e-01 2.0000e-01 0.0000e+00 0.0000e+00 1.1111e-01 6.6667e-01 1.0000e+00 1.1111e-01 2.2222e-01 8.3333e-02 0.0000e+00 8.3333e-02 4.6667e-01
8.7345e-01 6.7213e-01 9.9445e-01 1.1111e-01 0.0000e+00 3.1250e-01 1.0000e+00 5.1724e-01 1.0000e+00 1.0000e+00 9.4428e-01 1.1111e-01 2.0000e-01 1.0000e-01 4.9315e-01 0.0000e+00 1.8750e-01 1.6667e-01 5.4658e-01 4.7973e-01 1.1111e-01 1.0000e+00 4.2857e-01 1.0000e+00 6.7692e-01 4.6429e-01 7.1053e-01 3.7313e-01 9.0523e-01 2.9412e-01 4.2105e-01 1.0000e+00 8.4107e-01 1.0000e+00 2.0000e-01 5.3333e-01 0.0000e+00 6.2500e-01 1.1111e-01 7.5893e-01 2.8571e-01 1.1111e-01 0.0000e+00 1.0000e+00 3.8889e-01 2.9167e-01 0.0000e+00 9.8237e-01 5.2778e-01 8.9758e-01
1.1111e-01 3.3333e-01 1.0000e+00 1.1111e-01 0.0000e+00 3.3333e-01 1.0000e+00 0.0000e+00 1.0000e+00 1.0000e+00 4.5833e-01 6.1364e-01 0.0000e+00 2.9412e-01 7.6923e-02 1.7647e-01 1.4286e-01 3.8983e-01 2.7586e-01 4.7751e-01 7.3469e-01 1.0000e+00 4.2857e-01 1.0000e+00 7.1053e-01 6.8478e-01 7.2093e-01 6.3399e-01 5.1515e-01 3.5000e-01 8.5526e-01 1.0000e+00 3.1579e-01 1.0000e+00 6.1364e-01 4.2105e-01 4.6154e-01 0.0000e+00 6.4815e-01 2.0000e-01 4.2857e-01 2.8571e-01 3.5294e-01 1.0000e+00 2.0000e-01 7.8037e-01 5.8586e-01 1.0000e+00 4.7059e-01 5.6522e-01
5.3333e-01 6.7213e-01 1.0000e+00 4.2857e-01 6.2069e-01 4.6429e-01 1.0000e+00 7.9605e-01 1.0000e+00 1.0000e+00 6.0870e-01 5.7143e-01 7.7692e-01 1.0000e-01 4.6774e-01 4.7761e-01 8.0344e-01 5.0350e-01 5.3691e-01 5.6824e-01 7.0513e-01 1.0000e+00 3.5294e-01 1.0000e+00 2.8571e-01 1.8182e-01 9.0621e-01 5.1316e-01 8.2175e-01 4.0000e-01 5.1724e-01 1.0000e+00 5.2381e-01 1.0000e+00 9.1435e-01 7.8873e-01 6.0377e-01 5.6757e-01 6.9444e-01 5.1724e-01 2.5000e-01 6.4815e-01 3.8889e-01 1.0000e+00 4.2857e-01 3.6364e-01 6.3265e-01 1.0000e+00 6.5581e-01 8.6625e-01
9.9592e-01 1.0000e+00 1.0000e+00 9.4125e-01 9.0347e-01 5.9184e-01 1.0000e+00 9.4937e-01 1.0000e+00 1.0000e+00 7.4790e-01 7.5000e-01 9.7161e-01 8.5468e-01 6.1194e-01 0.0000e+00 7.2899e-01 1.3514e-01 7.0775e-01 1.6667e-01 9.5568e-01 1.0000e+00 9.9855e-01 1.0000e+00 1.0000e+00 7.6471e-01 9.7192e-01 5.8209e-01 9.0866e-01 1.0000e-01 9.8033e-01 1.0000e+00 5.9677e-01 1.0000e+00 9.7609e-01 9.7849e-01 9.1129e-01 9.6287e-01 9.6450e-01 9.9461e-01 9.4349e-01 9.6046e-01 9.5415e-01 1.0000e+00 9.8888e-01 6.4384e-01 4.1667e-01 1.0000e+00 5.7426e-01 3.9130e-01
1.0000e+00 1.0000e+00 1.0000e+00 6.4151e-01 9.2422e-01 3.1250e-01 1.0000e+00 9.6036e-01 1.0000e+00 1.0000e+00 0.0000e+00 2.0000e-01 1.0000e+00 4.6667e-01 2.3810e-01 7.5373e-01 7.5000e-01 4.1667e-02 7.1429e-02 5.4896e-01 7.8808e-01 1.0000e+00 1.0000e+00 1.0000e+00 1.0000e+00 1.1111e-01 1.0000e+00 6.0588e-01 7.5000e-01 2.9412e-01 1.0000e+00 1.0000e+00 3.5000e-01 1.0000e+00 1.0000e+00 1.0000e+00 1.1111e-01 1.1111e-01 6.7188e-01 1.0000e+00 7.9444e-01 0.0000e+00 1.0000e+00 1.0000e+00 1.0000e+00 4.2857e-01 2.2222e-01 1.0000e+00 7.9141e-01 1.6667e-01
1.0000e+00 1.0000e+00 1.0000e+00 3.3333e-01 6.8235e-01 3.3333e-01 1.0000e+00 1.0000e+00 1.0000e+00 1.0000e+00 2.8571e-01 8.1081e-01 1.0000e+00 7.7056e-01 6.0825e-01 5.3061e-01 4.1176e-01 3.9167e-01 1.1765e-01 4.8013e-01 7.5424e-01 1.0000e+00 1.0000e+00 1.0000e+00 1.0000e+00 3.6842e-01 1.0000e+00 4.9162e-01 8.3457e-01 4.5161e-01 1.0000e+00 1.0000e+00 7.0149e-01 1.0000e+00 1.0000e+00 1.0000e+00 2.3077e-01 5.6757e-01 6.0000e-01 1.0000e+00 6.6667e-01 3.3333e-01 1.0000e+00 1.0000e+00 1.0000e+00 6.5432e-01 5.8333e-01 1.0000e+00 7.0861e-01 7.9288e-01
1.0000e+00 1.0000e+00 1.0000e+00 9.4764e-01 7.9167e-01 9.2008e-01 1.0000e+00 1.0000e+00 1.0000e+00 1.0000e+00 6.7606e-01 6.9118e-01 1.0000e+00 5.8000e-01 6.4430e-01 4.4828e-01 4.9057e-01 4.6092e-01 6.1518e-01 5.6470e-01 6.2500e-01 1.0000e+00 1.0000e+00 1.0000e+00 1.0000e+00 7.4497e-01 1.0000e+00 5.8234e-01 8.6068e-01 7.9254e-01 1.0000e+00 1.0000e+00 6.9355e-01 1.0000e+00 1.0000e+00 1.0000e+00 8.8942e-01 3.5294e-01 1.1111e-01 1.0000e+00 7.3267e-01 5.3333e-01 1.0000e+00 1.0000e+00 1.0000e+00 6.8103e-01 8.0862e-01 1.0000e+00 6.5753e-01 7.3377e-01
1.0000e+00 1.0000e+00 1.0000e+00 0.0000e+00 0.0000e+00 6.8182e-01 1.0000e+00 1.0000e+00 1.0000e+00 1.0000e+00 6.2745e-01 8.2727e-01 1.0000e+00 4.1667e-01 7.6923e-02 1.7647e-01 5.7778e-01 4.4974e-01 4.1071e-01 4.3429e-01 8.1463e-01 1.0000e+00 1.0000e+00 1.0000e+00 1.0000e+00 8.3333e-01 1.0000e+00 5.0000e-01 4.0909e-01 5.4348e-01 1.0000e+00 1.0000e+00 0.0000e+00 1.0000e+00 1.0000e+00 1.0000e+00 0.0000e+00 5.3333e-01 5.7895e-01 1.0000e+00 5.5556e-01 5.3125e-01 1.0000e+00 1.0000e+00 1.0000e+00 4.1026e-01 5.9813e-01 1.0000e+00 5.1515e-01 5.8000e-01
