5.3000e+01 9.0000e+00 3.8400e+02 3.7000e+01 2.0000e+00 1.0000e+00 1.5000e+01 1.0000e+00 5.7220e+03 6.0540e+03 6.3100e+02 5.1410e+03 1.1200e+02 4.2540e+03 3.7620e+03 1.2000e+01 6.5900e+02 7.9000e+02 8.5300e+02 1.1700e+02 3.5000e+01 5.7360e+03 3.5700e+03 5.9260e+03 6.0000e+00 4.5250e+03 1.8500e+02 1.4400e+02 1.4000e+01 4.8040e+03 1.3900e+02 7.0000e+00 4.0320e+03 5.9970e+03 1.0000e+01 3.0000e+00 9.5700e+02 5.7000e+01 2.0000e+01 9.2100e+02 1.5540e+03 8.0000e+00 4.6450e+03 5.9680e+03 6.0000e+00 1.4000e+01 6.0000e+00 6.0000e+00 1.7000e+01 3.7000e+01
3.0000e+00 1.3000e+01 2.0000e+01 2.0000e+00 2.0000e+00 4.0000e+00 2.0000e+00 1.5000e+01 0.0000e+00 0.0000e+00 2.0000e+00 0.0000e+00 5.0000e+00 0.0000e+00 9.2000e+01 0.0000e+00 6.0000e+00 1.5100e+02 4.3000e+01 7.0000e+00 1.7000e+01 0.0000e+00 1.0000e+01 0.0000e+00 7.0000e+00 2.7000e+01 0.0000e+00 3.0000e+00 4.0000e+00 2.0000e+00 5.0000e+00 3.0000e+00 0.0000e+00 0.0000e+00 1.4000e+01 1.8000e+01 0.0000e+00 1.0000e+00 2.0000e+00 0.0000e+00 0.0000e+00 1.0000e+00 4.0000e+01 0.0000e+00 1.0000e+00 4.0000e+00 1.0000e+00 0.0000e+00 1.0000e+00 1.4000e+01
3.5200e+02 4.1000e+01 5.5500e+03 1.0000e+00 0.0000e+00 5.0000e+00 6.0080e+03 1.5000e+01 0.0000e+00 0.0000e+00 4.7110e+03 1.0000e+00 2.0000e+00 1.0000e+00 3.6000e+01 0.0000e+00 3.0000e+00 7.0000e+00 8.8000e+01 1.4200e+02 1.0000e+00 0.0000e+00 9.0000e+00 0.0000e+00 4.4000e+01 1.3000e+01 5.4000e+01 2.5000e+01 1.8530e+03 5.0000e+00 8.0000e+00 5.9690e+03 8.1500e+02 0.0000e+00 2.0000e+00 1.6000e+01 0.0000e+00 3.0000e+01 1.0000e+00 8.5000e+01 4.0000e+00 1.0000e+00 0.0000e+00 0.0000e+00 7.0000e+00 7.0000e+00 0.0000e+00 5.9050e+03 3.8000e+01 3.6370e+03
1.0000e+00 5.0000e+00 0.0000e+00 1.0000e+00 0.0000e+00 6.0000e+00 0.0000e+00 0.0000e+00 0.0000e+00 0.0000e+00 1.1000e+01 2.7000e+01 0.0000e+00 5.0000e+00 1.0000e+00 3.0000e+00 2.0000e+00 9.2000e+01 8.0000e+00 1.3800e+02 7.2000e+01 0.0000e+00 9.0000e+00 0.0000e+00 5.4000e+01 6.3000e+01 6.2000e+01 1.6490e+03 1.7000e+01 7.0000e+00 2.6000e+02 0.0000e+00 6.0000e+00 0.0000e+00 2.7000e+01 8.0000e+00 1.2000e+01 0.0000e+00 3.5000e+01 2.0000e+00 9.0000e+00 4.0000e+00 6.0000e+00 0.0000e+00 2.0000e+00 3.8090e+03 5.8000e+01 0.0000e+00 2.4000e+01 2.6000e+01
1.6000e+01 4.1000e+01 0.0000e+00 9.0000e+00 3.6000e+01 1.3000e+01 0.0000e+00 1.2100e+02 0.0000e+00 0.0000e+00 2.8000e+01 2.0000e+01 1.0100e+02 1.0000e+00 2.9000e+01 3.2000e+01 2.9880e+03 1.0800e+03 8.0000e+01 1.0700e+03 5.5000e+01 0.0000e+00 6.0000e+00 0.0000e+00 4.0000e+00 2.0000e+00 6.5700e+02 1.1700e+02 2.7200e+02 1.0000e+01 1.5000e+01 0.0000e+00 2.2000e+01 0.0000e+00 7.9000e+02 1.1200e+02 3.2000e+01 2.1000e+01 5.0000e+01 1.5000e+01 3.0000e+00 3.5000e+01 7.0000e+00 0.0000e+00 9.0000e+00 1.2000e+01 9.3000e+01 0.0000e+00 1.4100e+02 1.1140e+03
5.3640e+03 5.8480e+03 0.0000e+00 2.3710e+03 1.4600e+03 2.9000e+01 0.0000e+00 2.3440e+03 0.0000e+00 0.0000e+00 8.9000e+01 7.8000e+01 5.5440e+03 7.9400e+02 1.2300e+02 0.0000e+00 3.4700e+02 5.0000e+00 2.7220e+03 5.0000e+00 4.8730e+03 0.0000e+00 2.0610e+03 0.0000e+00 5.8070e+03 1.4300e+02 4.7760e+03 3.9000e+02 2.1190e+03 1.0000e+00 5.4820e+03 0.0000e+00 3.7000e+01 0.0000e+00 4.9400e+03 5.5500e+03 3.0200e+03 5.4710e+03 5.4880e+03 4.8020e+03 3.6060e+03 5.5870e+03 1.1030e+03 0.0000e+00 5.9590e+03 1.4100e+02 1.5000e+01 0.0000e+00 5.8000e+01 9.0000e+00
0.0000e+00 0.0000e+00 0.0000e+00 3.4000e+01 3.7930e+03 5.0000e+00 0.0000e+00 3.2220e+03 0.0000e+00 0.0000e+00 0.0000e+00 2.0000e+00 0.0000e+00 1.4000e+01 5.0000e+00 4.2940e+03 5.3400e+02 1.0000e+00 1.0000e+00 5.8300e+02 1.1900e+02 0.0000e+00 0.0000e+00 0.0000e+00 0.0000e+00 1.0000e+00 0.0000e+00 7.0100e+02 1.0800e+02 5.0000e+00 0.0000e+00 0.0000e+00 7.0000e+00 0.0000e+00 0.0000e+00 0.0000e+00 1.0000e+00 1.0000e+00 4.3000e+01 0.0000e+00 1.4300e+02 0.0000e+00 0.0000e+00 0.0000e+00 0.0000e+00 1.8000e+01 4.0000e+00 0.0000e+00 3.7410e+03 2.0000e+00
0.0000e+00 0.0000e+00 0.0000e+00 5.0000e+00 5.8000e+01 6.0000e+00 0.0000e+00 0.0000e+00 0.0000e+00 0.0000e+00 4.0000e+00 1.5000e+02 0.0000e+00 1.7800e+02 1.1800e+02 5.2000e+01 1.4000e+01 9.4000e+01 2.0000e+00 1.4500e+02 8.9000e+01 0.0000e+00 0.0000e+00 0.0000e+00 0.0000e+00 7.0000e+00 0.0000e+00 8.8000e+01 3.3800e+02 1.4000e+01 0.0000e+00 0.0000e+00 9.4000e+01 0.0000e+00 0.0000e+00 0.0000e+00 3.0000e+00 2.1000e+01 2.4000e+01 0.0000e+00 4.2000e+01 5.0000e+00 0.0000e+00 0.0000e+00 0.0000e+00 1.5900e+02 5.6000e+01 0.0000e+00 3.2100e+02 2.4500e+02
0.0000e+00 0.0000e+00 0.0000e+00 3.0950e+03 1.7100e+02 5.2500e+03 0.0000e+00 0.0000e+00 0.0000e+00 0.0000e+00 4.8000e+01 4.7000e+01 0.0000e+00 2.9000e+01 1.9200e+02 2.6000e+01 2.6000e+01 3.4200e+02 2.2700e+02 9.4700e+02 3.0000e+01 0.0000e+00 0.0000e+00 0.0000e+00 0.0000e+00 1.1100e+02 0.0000e+00 3.8900e+02 5.5600e+02 3.4000e+02 0.0000e+00 0.0000e+00 8.6000e+01 0.0000e+00 0.0000e+00 0.0000e+00 1.3030e+03 6.0000e+00 1.0000e+00 0.0000e+00 7.4000e+01 1.6000e+01 0.0000e+00 0.0000e+00 0.0000e+00 2.3700e+02 4.3730e+03 0.0000e+00 1.4400e+02 1.1300e+02
0.0000e+00 0.0000e+00 0.0000e+00 0.0000e+00 0.0000e+00 6.0000e+01 0.0000e+00 0.0000e+00 0.0000e+00 0.0000e+00 3.2000e+01 1.8200e+02 0.0000e+00 1.0000e+01 1.0000e+00 3.0000e+00 5.2000e+01 2.6400e+02 2.3000e+01 7.6000e+01 1.6700e+02 0.0000e+00 0.0000e+00 0.0000e+00 0.0000e+00 3.9000e+02 0.0000e+00 9.9000e+01 9.0000e+00 2.5000e+01 0.0000e+00 0.0000e+00 0.0000e+00 0.0000e+00 0.0000e+00 0.0000e+00 0.0000e+00 1.6000e+01 2.2000e+01 0.0000e+00 2.0000e+01 1.7000e+01 0.0000e+00 0.0000e+00 0.0000e+00 1.6000e+01 6.4000e+01 0.0000e+00 3.4000e+01 2.9000e+01
