1.0000e+00 0.0000e+00 0.0000e+00 2.0000e+00 0.0000e+00 0.0000e+00 0.0000e+00 0.0000e+00 3.9840e+03 5.2000e+01 4.8790e+03 2.6000e+01 0.0000e+00 5.3790e+03 0.0000e+00 0.0000e+00 2.0000e+00 0.0000e+00 3.7000e+01 0.0000e+00 0.0000e+00 6.0000e+00 5.4000e+01 5.9210e+03 1.0000e+00 6.0000e+00 3.0000e+00 0.0000e+00 0.0000e+00 6.8500e+02 1.0000e+00 0.0000e+00 4.3000e+01 1.6000e+01 0.0000e+00 5.0000e+00 5.3650e+03 3.0000e+00 1.0000e+00 5.9400e+02 5.6160e+03 0.0000e+00 1.0000e+00 3.0000e+00 1.0000e+00 0.0000e+00 0.0000e+00 0.0000e+00 0.0000e+00 1.0000e+00
0.0000e+00 0.0000e+00 1.3500e+02 0.0000e+00 1.0000e+00 0.0000e+00 1.0000e+00 0.0000e+00 0.0000e+00 0.0000e+00 0.0000e+00 0.0000e+00 0.0000e+00 0.0000e+00 0.0000e+00 0.0000e+00 0.0000e+00 0.0000e+00 2.2000e+03 0.0000e+00 0.0000e+00 2.8240e+03 0.0000e+00 0.0000e+00 1.0000e+00 0.0000e+00 0.0000e+00 0.0000e+00 5.0000e+00 0.0000e+00 3.0000e+00 3.0000e+00 0.0000e+00 1.0000e+00 0.0000e+00 0.0000e+00 0.0000e+00 0.0000e+00 1.0000e+00 0.0000e+00 0.0000e+00 0.0000e+00 3.4080e+03 0.0000e+00 0.0000e+00 0.0000e+00 0.0000e+00 0.0000e+00 0.0000e+00 0.0000e+00
5.0000e+00 0.0000e+00 5.6380e+03 0.0000e+00 0.0000e+00 0.0000e+00 5.2980e+03 0.0000e+00 0.0000e+00 1.0000e+00 0.0000e+00 0.0000e+00 1.0000e+00 0.0000e+00 0.0000e+00 0.0000e+00 0.0000e+00 0.0000e+00 0.0000e+00 0.0000e+00 0.0000e+00 0.0000e+00 0.0000e+00 0.0000e+00 8.0000e+00 1.0000e+00 0.0000e+00 3.0000e+00 6.0000e+00 0.0000e+00 1.0000e+00 5.8480e+03 4.9740e+03 0.0000e+00 0.0000e+00 3.0000e+00 1.0000e+00 2.3000e+01 0.0000e+00 3.2600e+02 0.0000e+00 3.0000e+00 0.0000e+00 3.0000e+00 0.0000e+00 0.0000e+00 0.0000e+00 5.9710e+03 0.0000e+00 1.3100e+02
0.0000e+00 3.0000e+00 0.0000e+00 0.0000e+00 0.0000e+00 0.0000e+00 3.0000e+00 0.0000e+00 0.0000e+00 0.0000e+00 2.0000e+00 0.0000e+00 0.0000e+00 1.0000e+00 0.0000e+00 1.0000e+00 1.0000e+00 0.0000e+00 0.0000e+00 3.0190e+03 0.0000e+00 2.0000e+00 0.0000e+00 1.0000e+00 4.3080e+03 5.0000e+00 2.0000e+00 3.8250e+03 0.0000e+00 0.0000e+00 5.0780e+03 2.0000e+00 1.0000e+00 1.0000e+00 1.0000e+00 3.0000e+00 0.0000e+00 0.0000e+00 0.0000e+00 2.0000e+00 0.0000e+00 3.4780e+03 0.0000e+00 0.0000e+00 0.0000e+00 0.0000e+00 1.0000e+00 1.0000e+00 3.0000e+00 0.0000e+00
1.0000e+00 0.0000e+00 0.0000e+00 0.0000e+00 1.0000e+00 3.0000e+00 0.0000e+00 0.0000e+00 0.0000e+00 0.0000e+00 0.0000e+00 5.0000e+00 1.3000e+01 0.0000e+00 0.0000e+00 0.0000e+00 4.7150e+03 2.0000e+00 1.0000e+00 0.0000e+00 2.0000e+00 0.0000e+00 0.0000e+00 0.0000e+00 0.0000e+00 0.0000e+00 5.2760e+03 1.0000e+00 9.9000e+01 0.0000e+00 0.0000e+00 2.0000e+00 2.0000e+00 0.0000e+00 5.4800e+03 4.6320e+03 1.0000e+00 0.0000e+00 0.0000e+00 5.0000e+00 0.0000e+00 0.0000e+00 2.0000e+00 0.0000e+00 1.0000e+00 1.0000e+00 2.0000e+00 0.0000e+00 1.0000e+01 5.0990e+03
2.0000e+00 0.0000e+00 0.0000e+00 2.0000e+00 0.0000e+00 0.0000e+00 1.0000e+00 5.0000e+00 7.0000e+00 3.0000e+00 0.0000e+00 6.0000e+00 5.0000e+00 2.0000e+00 0.0000e+00 0.0000e+00 2.0000e+00 0.0000e+00 3.0000e+00 0.0000e+00 5.7740e+03 2.0000e+00 5.8750e+03 2.6000e+01 2.0000e+00 0.0000e+00 6.0000e+00 1.0000e+00 1.0000e+00 0.0000e+00 0.0000e+00 2.0000e+00 2.0000e+00 2.0000e+00 8.0000e+00 2.0000e+00 1.7000e+01 5.8780e+03 3.0200e+02 4.8620e+03 3.0000e+00 2.6000e+01 2.0000e+00 5.9600e+03 5.8620e+03 0.0000e+00 0.0000e+00 2.0000e+00 0.0000e+00 0.0000e+00
5.8330e+03 0.0000e+00 3.0000e+00 4.0000e+00 5.4760e+03 0.0000e+00 7.3300e+02 5.7420e+03 0.0000e+00 5.2660e+03 0.0000e+00 0.0000e+00 0.0000e+00 0.0000e+00 0.0000e+00 4.4840e+03 0.0000e+00 0.0000e+00 1.0000e+00 0.0000e+00 0.0000e+00 0.0000e+00 0.0000e+00 0.0000e+00 2.0000e+00 2.0000e+00 0.0000e+00 0.0000e+00 5.0000e+00 0.0000e+00 0.0000e+00 2.0000e+00 2.0000e+00 0.0000e+00 0.0000e+00 3.1000e+01 4.0000e+00 0.0000e+00 2.0000e+00 6.1000e+01 1.2000e+01 0.0000e+00 1.1000e+01 0.0000e+00 0.0000e+00 0.0000e+00 0.0000e+00 2.8000e+01 1.0000e+00 0.0000e+00
0.0000e+00 4.1000e+01 0.0000e+00 1.0000e+00 2.0000e+00 0.0000e+00 0.0000e+00 0.0000e+00 1.2840e+03 1.0000e+00 2.0000e+00 5.0000e+00 0.0000e+00 3.0000e+00 3.8730e+03 0.0000e+00 0.0000e+00 2.3980e+03 0.0000e+00 0.0000e+00 0.0000e+00 0.0000e+00 3.0000e+00 0.0000e+00 0.0000e+00 0.0000e+00 1.2000e+01 2.0000e+00 4.8180e+03 1.0000e+00 1.0000e+00 0.0000e+00 0.0000e+00 5.1570e+03 1.0000e+00 0.0000e+00 0.0000e+00 1.0000e+00 0.0000e+00 7.0000e+00 6.0000e+00 0.0000e+00 1.0000e+00 1.0000e+00 1.0000e+00 1.0000e+00 0.0000e+00 0.0000e+00 4.4300e+03 0.0000e+00
2.0000e+00 5.3920e+03 6.0000e+00 5.6700e+03 5.9000e+01 1.0000e+00 2.0000e+00 0.0000e+00 1.0000e+00 1.0000e+00 1.8800e+02 1.0000e+00 4.6660e+03 2.0000e+00 0.0000e+00 0.0000e+00 0.0000e+00 0.0000e+00 1.7500e+02 0.0000e+00 0.0000e+00 0.0000e+00 0.0000e+00 0.0000e+00 4.0000e+00 1.0000e+01 6.0000e+00 2.0000e+00 4.0000e+00 1.0000e+00 0.0000e+00 1.0000e+00 1.0000e+00 3.0000e+00 0.0000e+00 3.0000e+00 2.0000e+00 2.0000e+00 4.0000e+00 1.5000e+01 0.0000e+00 1.0000e+00 0.0000e+00 0.0000e+00 0.0000e+00 4.2450e+03 4.8250e+03 6.0000e+00 3.0000e+00 7.0000e+00
0.0000e+00 0.0000e+00 8.0000e+00 0.0000e+00 0.0000e+00 4.8250e+03 0.0000e+00 0.0000e+00 0.0000e+00 9.1000e+01 0.0000e+00 4.8610e+03 3.0000e+00 1.0000e+00 0.0000e+00 0.0000e+00 0.0000e+00 0.0000e+00 0.0000e+00 1.7000e+01 0.0000e+00 0.0000e+00 1.1000e+01 0.0000e+00 0.0000e+00 4.9860e+03 2.0000e+00 1.0000e+00 0.0000e+00 3.1370e+03 1.0000e+00 2.0000e+00 0.0000e+00 0.0000e+00 0.0000e+00 2.0000e+00 0.0000e+00 1.0000e+00 3.6970e+03 0.0000e+00 0.0000e+00 0.0000e+00 5.0000e+00 0.0000e+00 1.2000e+01 2.0000e+00 0.0000e+00 1.0000e+00 0.0000e+00 1.0000e+00
