9.6000e+01 1.6000e+02 4.9970e+03 5.2000e+01 3.9000e+01 8.1200e+02 2.1100e+02 4.9390e+03 1.8220e+03 1.4680e+03 3.9000e+01 3.6000e+01 6.0000e+01 3.7000e+01 7.3000e+01 1.4000e+01 3.2000e+01 1.9000e+01 3.0000e+01 1.9000e+01 2.1600e+02 2.9000e+01 1.4800e+02 3.0000e+01 1.6000e+01 2.3000e+01 4.3570e+03 8.4000e+01 8.0800e+02 3.0000e+00 5.4050e+03 4.9010e+03 1.1420e+03 2.1100e+03 3.0000e+01 6.6000e+01 4.5000e+01 3.0000e+00 3.0000e+00 3.7000e+01 3.2100e+02 2.0000e+01 4.0000e+00 1.6100e+02 4.0000e+00 1.6000e+01 2.6000e+01 2.1000e+01 1.9000e+01 5.3600e+02
1.5800e+02 1.1480e+03 1.8000e+01 1.8000e+01 5.6310e+03 1.8000e+01 6.2000e+01 1.2900e+02 4.3000e+01 3.3000e+01 1.9000e+01 1.7000e+01 3.6000e+01 2.2000e+01 3.3000e+01 7.4000e+01 3.2000e+01 1.9000e+01 6.0000e+01 1.2600e+02 3.1000e+01 2.6600e+02 2.9210e+03 2.3000e+01 2.8000e+01 4.0000e+01 7.5000e+01 2.9000e+01 4.4200e+03 2.7300e+02 3.8000e+01 1.6000e+01 2.2000e+01 4.1000e+01 7.6000e+01 3.1000e+01 2.5000e+01 5.0000e+00 7.0000e+00 2.6000e+01 2.1000e+01 8.6000e+01 5.0000e+00 6.3000e+01 5.6210e+03 5.7970e+03 9.0000e+00 8.0000e+00 4.0200e+02 3.1000e+01
1.9000e+01 1.2700e+02 2.5000e+01 2.6500e+02 2.4000e+01 4.4000e+02 1.9600e+02 1.9000e+01 2.3550e+03 3.9200e+02 5.3870e+03 2.0000e+01 4.5770e+03 5.2190e+03 8.6000e+01 3.9000e+01 7.9900e+02 6.7000e+01 2.1500e+02 7.4000e+01 7.5200e+02 9.3000e+01 5.3000e+01 6.1400e+02 5.5500e+03 9.2000e+01 1.3000e+02 8.4000e+01 2.1400e+02 1.0000e+00 2.9000e+01 2.9000e+01 1.5860e+03 1.4830e+03 4.7800e+02 2.0000e+01 7.2300e+02 4.0000e+00 4.0000e+00 5.6000e+01 3.9530e+03 1.6600e+02 3.0000e+00 8.2000e+01 3.0000e+00 4.5000e+01 1.1000e+01 1.0000e+01 2.7200e+02 4.3000e+01
4.6450e+03 4.6000e+01 5.2600e+02 1.1900e+02 5.0000e+00 7.1100e+02 4.5370e+03 2.2000e+01 2.9100e+02 3.7530e+03 1.8000e+01 3.3000e+01 1.0770e+03 2.8900e+02 1.5000e+01 1.0000e+00 9.0000e+00 1.7100e+02 4.6600e+02 1.2000e+01 6.0000e+00 4.8090e+03 1.5000e+01 1.0000e+01 8.0000e+00 1.4600e+02 3.4300e+02 8.8000e+01 1.1000e+01 5.0000e+00 1.2000e+01 9.0000e+00 1.6700e+02 8.0000e+00 1.4000e+01 5.0000e+00 1.6140e+03 4.0000e+00 3.0000e+00 1.0000e+01 1.4180e+03 4.4300e+03 4.0000e+00 2.4200e+02 1.0000e+00 4.0000e+00 1.1000e+01 1.0000e+01 4.9690e+03 1.0000e+01
3.8000e+01 1.6100e+02 2.6000e+01 2.6000e+01 1.7000e+01 2.7000e+01 4.2200e+02 3.1000e+01 3.5000e+01 2.9000e+01 3.5000e+01 6.5000e+01 3.7000e+01 3.2000e+01 4.2000e+01 1.4200e+02 1.3900e+02 3.2000e+01 6.1000e+01 3.5560e+03 4.6790e+03 9.7000e+01 1.3780e+03 8.1000e+01 4.0000e+01 3.8000e+01 3.9000e+01 4.2000e+01 5.0000e+01 1.9000e+01 9.3000e+01 3.9700e+02 4.4000e+01 5.3000e+01 1.5200e+02 2.5000e+01 2.8000e+01 1.3000e+01 6.0060e+03 3.8000e+01 5.3000e+01 4.6000e+01 1.3000e+01 3.6000e+01 1.0000e+01 2.6000e+01 1.3000e+01 5.8040e+03 3.2000e+01 3.1000e+01
4.4000e+01 7.3000e+01 3.0000e+01 3.3000e+01 1.3000e+01 3.5250e+03 2.0000e+01 2.1000e+01 2.7000e+01 3.3000e+01 2.8600e+02 4.2000e+01 5.3000e+01 5.1000e+01 9.1600e+02 1.2200e+02 3.6000e+01 2.8000e+01 3.7000e+01 2.4000e+01 8.7000e+01 2.3000e+01 3.2000e+01 1.9000e+01 1.0400e+02 5.0000e+01 3.0000e+01 3.3000e+01 5.4000e+01 4.6850e+03 2.5000e+01 1.5500e+02 7.6000e+01 2.5000e+01 7.5000e+01 2.3000e+01 2.1000e+01 5.9230e+03 1.1000e+01 5.8000e+01 4.0000e+01 2.3800e+02 5.1850e+03 2.8000e+01 3.1200e+02 1.5000e+01 2.3000e+01 1.8000e+01 2.5000e+01 2.4000e+01
1.4000e+02 6.9000e+01 1.8100e+02 5.6000e+01 3.1000e+01 5.4000e+01 7.8000e+01 4.8000e+01 3.5000e+01 1.1600e+02 5.8000e+01 3.2000e+01 5.8000e+01 4.0000e+01 8.6000e+01 5.3930e+03 5.0000e+01 2.8000e+01 8.1000e+01 3.1000e+01 4.5000e+01 4.9000e+01 2.4400e+02 1.9700e+02 4.7000e+01 8.6000e+01 5.7000e+01 4.2000e+01 5.0000e+01 9.3400e+02 3.6000e+01 5.3000e+01 3.6000e+01 4.9000e+01 4.3000e+01 2.9000e+01 4.6000e+01 9.0000e+00 1.1000e+01 8.3000e+01 5.3000e+01 6.6000e+01 1.3000e+01 6.5000e+01 2.4000e+01 5.7000e+01 1.8000e+01 2.4000e+01 2.8000e+01 3.5000e+01
8.0200e+02 2.1080e+03 5.5000e+01 8.9000e+01 1.7000e+01 9.6000e+01 2.2000e+01 2.0000e+01 1.2160e+03 1.8800e+02 1.8000e+01 1.2000e+01 9.1000e+01 3.5000e+01 1.0370e+03 3.4000e+01 3.4550e+03 4.2310e+03 8.2000e+01 4.9700e+02 1.8400e+02 2.6000e+01 9.8800e+02 4.9720e+03 4.5000e+01 5.0470e+03 5.0000e+01 5.4120e+03 3.5200e+02 1.0000e+00 1.2100e+02 4.2000e+01 1.6000e+01 2.1000e+01 1.5300e+02 1.8300e+02 4.1000e+01 5.0000e+00 1.0000e+00 5.3700e+03 1.5000e+01 8.0800e+02 9.0000e+00 1.8100e+02 2.0000e+00 1.0200e+02 3.4000e+01 1.9000e+01 4.5000e+01 3.6000e+01
3.7000e+01 4.1000e+01 8.3000e+01 5.2630e+03 2.2000e+02 5.4000e+01 3.1300e+02 5.9600e+02 7.6000e+01 9.0000e+01 7.7000e+01 5.2920e+03 4.8000e+01 9.4000e+01 7.0000e+01 1.7500e+02 2.3100e+02 5.1000e+01 9.1000e+01 4.9000e+01 3.1000e+01 6.7300e+02 1.9600e+02 1.0500e+02 1.0200e+02 5.6400e+02 5.8000e+01 1.2900e+02 1.1100e+02 4.1000e+01 1.6300e+02 5.3000e+01 3.9000e+01 2.0900e+02 4.7430e+03 4.0270e+03 2.4000e+01 3.0000e+01 1.0000e+00 1.1300e+02 6.9000e+01 6.7000e+01 7.2100e+02 2.8200e+02 1.1000e+01 2.8000e+01 5.8650e+03 1.5000e+01 2.8000e+01 2.0100e+02
1.9000e+01 2.0210e+03 9.0000e+00 9.0000e+00 4.0000e+00 4.0900e+02 5.4000e+01 2.1600e+02 5.5000e+01 3.4000e+01 1.8000e+01 4.7500e+02 9.6000e+01 1.6600e+02 3.5980e+03 3.0000e+00 1.0900e+03 1.3300e+03 4.8950e+03 1.4980e+03 1.2500e+02 1.4000e+01 2.7000e+01 1.1000e+01 5.7000e+01 6.3000e+01 9.2400e+02 2.9000e+01 6.1000e+01 1.0000e+00 2.0000e+01 2.4000e+02 2.8580e+03 2.0330e+03 9.2000e+01 1.6020e+03 3.3860e+03 3.0000e+00 1.0000e+00 2.1000e+02 1.6000e+01 3.3000e+01 6.0000e+00 4.9290e+03 1.0000e+00 3.0000e+00 2.1000e+01 9.0000e+00 1.2000e+01 5.0930e+03
