8.6905e-01 2.0000e-01 4.2105e-01 6.8333e-01 5.4217e-01 5.2000e-01 4.1176e-01 2.0000e-01 9.0660e-01 9.7093e-01
2.0000e-01 3.0769e-01 0.0000e+00 9.9827e-01 5.3659e-01 2.0000e-01 7.8947e-01 0.0000e+00 0.0000e+00 9.7000e-01
9.7599e-01 4.7619e-01 1.2500e-01 1.0000e+00 7.8105e-01 6.6038e-01 9.7219e-01 7.7895e-01 5.3846e-01 1.0000e+00
1.0000e+00 7.5758e-01 7.7165e-01 1.0000e+00 7.2774e-01 9.8123e-01 2.7273e-01 3.7037e-01 1.1111e-01 1.0000e+00
1.0000e+00 2.7273e-01 8.6986e-01 1.0000e+00 8.3333e-02 1.0000e+00 1.2500e-01 5.5385e-01 2.8571e-01 1.0000e+00
1.0000e+00 2.0000e-01 0.0000e+00 1.0000e+00 4.5833e-01 1.0000e+00 9.6796e-01 7.2599e-01 1.8182e-01 1.0000e+00
1.0000e+00 5.0000e-01 0.0000e+00 1.0000e+00 6.2500e-01 1.0000e+00 1.0000e+00 2.0000e-01 4.0909e-01 1.0000e+00
1.0000e+00 9.6718e-01 9.6135e-01 1.0000e+00 0.0000e+00 1.0000e+00 1.0000e+00 8.2756e-01 4.4000e-01 1.0000e+00
1.0000e+00 3.5714e-01 1.2500e-01 1.0000e+00 4.5833e-01 1.0000e+00 1.0000e+00 5.9551e-01 7.2464e-01 1.0000e+00
1.0000e+00 9.9229e-01 1.2500e-01 1.0000e+00 8.3333e-02 1.0000e+00 1.0000e+00 5.2727e-01 3.6842e-01 1.0000e+00
