2.9200e+02 2.0000e+00 8.0000e+00 4.1000e+01 4.5000e+01 1.3000e+01 7.0000e+00 3.0000e+00 8.9010e+03 6.6470e+03
2.0000e+00 4.0000e+00 0.0000e+00 9.8310e+03 4.4000e+01 2.0000e+00 1.0500e+02 0.0000e+00 0.0000e+00 3.0390e+03
9.3880e+03 1.0000e+01 1.0000e+00 0.0000e+00 6.6920e+03 3.5000e+01 7.2700e+03 8.1400e+02 2.1000e+01 0.0000e+00
0.0000e+00 7.5000e+01 9.8000e+01 0.0000e+00 7.1100e+02 9.8300e+03 3.0000e+00 1.0000e+01 1.0000e+00 0.0000e+00
0.0000e+00 3.0000e+00 3.8100e+02 0.0000e+00 1.0000e+00 0.0000e+00 1.0000e+00 3.6000e+01 4.0000e+00 0.0000e+00
0.0000e+00 2.0000e+00 0.0000e+00 0.0000e+00 2.2000e+01 0.0000e+00 2.2960e+03 2.5700e+02 2.0000e+00 0.0000e+00
0.0000e+00 1.2000e+01 0.0000e+00 0.0000e+00 1.1000e+02 0.0000e+00 0.0000e+00 3.0000e+00 9.0000e+00 0.0000e+00
0.0000e+00 5.1870e+03 9.0550e+03 0.0000e+00 0.0000e+00 0.0000e+00 0.0000e+00 6.9060e+03 1.1000e+01 0.0000e+00
0.0000e+00 5.0000e+00 1.0000e+00 0.0000e+00 2.2000e+01 0.0000e+00 0.0000e+00 5.3000e+01 1.0000e+02 0.0000e+00
0.0000e+00 4.2450e+03 1.0000e+00 0.0000e+00 1.0000e+00 0.0000e+00 0.0000e+00 2.9000e+01 7.0000e+00 0.0000e+00
