8.6573e-01 1.6615e-01 2.2574e-01 7.3640e-01 5.2703e-01 5.3092e-01 3.5657e-01 2.0800e-01 9.1724e-01 9.6891e-01
1.7808e-01 5.5659e-01 2.4316e-01 1.0000e+00 5.5020e-01 2.8617e-01 7.5455e-01 5.0595e-02 9.7923e-02 9.6609e-01
9.8139e-01 4.6391e-01 5.6459e-02 6.2438e-01 7.9106e-01 5.9042e-01 9.7259e-01 7.6756e-01 5.6942e-01 5.0854e-01
7.7020e-01 7.7593e-01 7.9296e-01 5.2841e-01 7.1928e-01 9.8629e-01 1.5837e-01 4.5120e-01 3.5121e-01 8.1523e-01
1.0669e-02 1.5025e-01 8.8626e-01 6.6336e-01 2.7255e-01 3.1954e-01 6.7780e-02 5.7490e-01 1.5784e-01 3.2589e-01
6.9933e-01 3.9673e-01 1.1265e-01 1.6238e-01 4.8200e-01 4.1725e-01 9.7152e-01 7.6050e-01 2.0588e-01 5.7964e-01
8.3684e-01 4.4919e-01 2.8628e-01 3.4562e-01 6.2768e-01 5.6762e-01 4.6714e-01 2.1480e-01 4.8497e-01 5.6324e-01
5.2320e-01 9.6872e-01 9.5263e-01 2.8274e-01 1.7365e-02 4.0423e-01 5.9050e-01 8.3839e-01 5.1251e-01 1.2036e-02
2.1242e-01 4.8065e-01 1.1753e-01 7.6334e-01 5.0000e-01 5.3213e-02 4.1769e-01 5.4147e-01 7.3951e-01 4.7411e-01
4.0541e-02 9.9359e-01 2.1954e-01 1.7412e-01 1.2180e-01 2.6379e-01 1.9048e-01 4.7233e-01 4.5746e-01 5.7257e-01
