8.6400e+02 1.6100e+02 2.2800e+02 7.0400e+02 5.4600e+02 5.5800e+02 3.5800e+02 2.0800e+02 9.3100e+02 9.6600e+02
1.6900e+02 5.3600e+02 2.4000e+02 9.7300e+02 5.5900e+02 2.6900e+02 7.4700e+02 5.1000e+01 9.9000e+01 9.9700e+02
1.0020e+03 4.8200e+02 5.9000e+01 6.3000e+02 7.6100e+02 6.0400e+02 9.5800e+02 7.7600e+02 5.6600e+02 5.0600e+02
7.3400e+02 7.4800e+02 7.6600e+02 5.3000e+02 7.2000e+02 1.0070e+03 1.5900e+02 4.5300e+02 3.4700e+02 8.0300e+02
1.1000e+01 1.5100e+02 9.3500e+02 6.6800e+02 2.7200e+02 3.3200e+02 6.9000e+01 5.6800e+02 1.6100e+02 3.2100e+02
7.2800e+02 3.8800e+02 1.1400e+02 1.5800e+02 4.8200e+02 4.1600e+02 9.2100e+02 7.2400e+02 2.1000e+02 5.7500e+02
8.3600e+02 4.4200e+02 2.8800e+02 3.4700e+02 6.4400e+02 5.9600e+02 4.6200e+02 2.0900e+02 5.0000e+02 5.7000e+02
5.3000e+02 9.9100e+02 9.0500e+02 2.7200e+02 1.7000e+01 4.0100e+02 5.8400e+02 8.5600e+02 5.1200e+02 1.2000e+01
2.1200e+02 4.7200e+02 1.2000e+02 7.5800e+02 5.1000e+02 5.3000e+01 4.4400e+02 5.6800e+02 7.5800e+02 4.6700e+02
3.9000e+01 9.3000e+02 2.1800e+02 1.7900e+02 1.1900e+02 2.6300e+02 1.9600e+02 4.7800e+02 4.5700e+02 5.7200e+02
