1.1000e+01 1.5000e+01 4.0000e+00 8.2000e+01 1.6000e+01 0.0000e+00 1.2000e+01 3.0000e+00 5.4690e+03 1.6000e+01 1.3000e+01 8.0000e+00 8.1000e+01 6.4000e+02 5.0000e+00 1.4000e+01 9.0000e+01 4.3000e+01 4.5800e+02 7.0000e+00 6.0000e+00 3.5020e+03 3.6040e+03 5.0540e+03 7.0000e+00 1.4000e+01 6.0000e+00 3.7000e+01 2.0000e+00 3.0360e+03 5.0000e+00 4.0000e+00 2.3300e+03 1.1000e+01 3.0000e+00 6.0000e+00 4.3500e+02 3.6000e+01 6.0000e+00 1.4670e+03 1.7300e+03 3.0000e+00 2.4000e+01 1.3300e+02 3.0000e+00 2.0000e+00 3.0000e+00 6.0000e+00 7.0000e+00 2.0000e+00
1.1000e+01 7.3000e+01 1.8880e+03 1.0000e+00 3.0000e+00 1.1000e+01 2.0000e+00 1.9400e+02 1.1000e+01 2.7600e+02 6.0000e+00 1.8000e+01 1.8000e+01 3.0000e+00 3.1810e+03 3.0000e+00 4.6000e+01 2.1790e+03 1.4840e+03 2.9000e+01 6.1000e+01 7.5300e+02 4.6000e+01 2.0000e+00 1.6100e+02 1.6000e+01 1.5000e+01 2.4000e+01 4.1300e+02 2.0000e+00 2.2000e+01 3.0400e+02 6.0000e+00 1.3000e+01 9.0000e+01 3.9300e+02 5.0000e+00 8.0000e+00 2.6000e+01 1.2000e+01 0.0000e+00 5.0000e+00 3.1140e+03 9.3000e+01 3.0000e+00 2.2000e+01 2.0000e+00 0.0000e+00 2.0000e+00 3.0600e+02
4.6800e+02 3.2000e+01 1.6450e+03 3.0000e+00 0.0000e+00 5.0000e+00 5.4170e+03 2.7000e+01 3.0000e+00 1.0000e+00 5.0390e+03 1.0000e+00 2.0000e+00 2.0000e+00 7.0000e+00 0.0000e+00 1.0000e+00 2.0000e+00 7.2000e+01 8.1000e+01 0.0000e+00 1.0000e+00 2.2000e+01 0.0000e+00 1.3600e+02 1.1000e+01 1.5000e+01 5.0000e+00 8.2400e+02 5.0000e+00 1.3000e+01 4.7300e+03 1.9170e+03 5.0000e+00 0.0000e+00 2.6000e+01 4.0000e+00 1.1000e+01 2.0000e+00 5.4200e+02 3.0000e+00 4.0000e+00 0.0000e+00 1.5000e+01 2.2000e+01 5.0000e+00 0.0000e+00 4.9900e+03 4.0000e+01 3.0800e+02
2.0000e+00 1.5000e+01 1.0000e+00 5.0000e+00 0.0000e+00 3.1000e+01 4.0000e+00 2.0000e+00 1.0000e+00 1.1000e+01 2.0000e+01 1.4000e+01 2.0000e+00 2.5000e+01 0.0000e+00 1.0000e+00 1.0000e+00 2.8000e+01 1.5000e+01 4.6900e+02 2.2100e+02 3.5000e+01 4.7000e+01 4.7000e+01 2.0990e+03 9.4000e+01 4.6900e+02 3.2400e+03 3.2000e+01 4.8000e+01 4.7930e+03 4.3000e+01 5.8000e+01 3.0000e+02 6.5000e+01 9.6000e+01 2.0000e+00 1.3000e+01 3.9560e+03 1.5000e+01 2.3000e+01 1.3100e+02 2.0000e+00 7.0000e+00 1.1600e+02 4.3150e+03 5.7000e+02 3.8000e+01 4.5000e+01 5.1000e+01
3.1000e+01 8.6000e+01 7.8000e+01 3.0000e+00 1.2000e+01 1.8000e+01 1.6000e+01 4.7200e+02 0.0000e+00 1.0000e+01 2.2000e+02 2.9000e+01 4.1490e+03 2.6000e+01 8.0000e+00 2.9000e+01 4.2650e+03 4.9000e+01 1.6500e+02 1.8480e+03 2.0000e+01 5.6000e+01 6.0000e+00 1.6000e+01 2.1000e+01 1.2000e+01 2.2380e+03 8.4000e+01 5.5200e+02 4.0000e+00 1.6000e+01 1.6900e+02 2.6000e+01 4.0000e+00 4.6740e+03 4.1900e+02 1.5400e+02 1.0000e+01 5.8000e+01 3.7000e+01 1.7000e+01 9.9000e+01 4.0000e+00 5.0000e+00 3.9000e+01 1.1000e+01 2.2600e+02 7.0000e+00 1.5900e+02 3.2360e+03
1.0000e+01 7.7000e+01 1.1000e+01 6.4000e+01 2.0000e+01 1.0000e+01 1.0000e+01 5.0000e+00 9.0000e+01 1.9000e+01 1.3000e+01 8.0000e+00 2.1600e+02 2.0300e+02 5.0000e+00 1.0000e+00 6.4000e+01 3.0000e+00 4.2300e+02 2.0000e+00 7.0000e+00 4.1500e+02 1.5310e+03 6.3300e+02 2.0650e+03 5.0000e+00 3.0000e+00 2.6000e+01 1.0000e+00 0.0000e+00 1.2000e+01 4.0000e+00 5.7000e+01 1.4000e+01 1.0000e+01 5.0000e+00 3.8300e+02 5.3590e+03 7.0000e+01 3.3380e+03 3.0550e+03 5.1120e+03 2.6000e+01 7.8000e+01 5.2090e+03 6.0000e+00 8.0000e+00 7.0000e+00 4.8000e+01 6.0000e+00
4.9600e+03 0.0000e+00 1.6200e+02 3.3000e+01 4.6890e+03 2.0000e+00 3.9200e+02 4.6010e+03 3.0000e+00 4.4640e+03 2.0000e+00 1.0000e+00 1.0000e+00 5.0000e+00 2.0000e+00 4.1720e+03 9.1000e+01 1.0000e+00 0.0000e+00 8.3000e+01 1.4000e+01 0.0000e+00 5.0000e+00 8.0000e+00 1.8100e+02 1.0000e+00 0.0000e+00 8.4000e+01 7.6000e+01 1.0000e+00 1.0000e+00 9.9000e+01 4.0000e+00 1.0000e+00 1.0000e+00 1.9700e+02 4.0000e+00 1.0000e+00 3.0000e+01 1.2400e+02 3.2600e+02 5.0000e+00 4.7900e+02 2.0000e+00 0.0000e+00 6.0000e+00 3.0000e+00 3.5400e+02 6.4000e+02 3.0000e+00
6.0000e+00 6.7000e+01 9.3000e+01 9.0000e+00 4.8300e+02 2.3000e+01 1.7000e+01 4.0000e+01 1.8800e+02 5.6000e+01 1.0000e+01 4.6000e+02 6.0000e+00 3.4520e+03 1.1000e+02 8.8000e+01 1.8000e+01 3.2000e+01 1.2000e+01 2.6300e+02 9.5000e+02 1.0000e+01 1.6000e+01 7.0000e+00 5.0000e+00 2.0000e+00 4.1400e+02 5.0000e+00 2.7180e+03 2.0000e+00 2.4000e+01 4.0000e+01 4.1300e+02 4.8000e+03 3.3200e+02 3.3510e+03 0.0000e+00 1.6000e+01 3.2000e+01 3.0000e+01 6.5000e+01 6.0000e+00 5.0000e+00 6.0000e+00 8.0000e+00 1.3500e+02 1.5900e+02 1.4000e+01 3.3190e+03 6.4000e+02
1.1000e+01 4.8540e+03 8.0000e+00 5.3710e+03 1.1400e+02 1.1400e+02 1.3000e+01 1.0000e+01 9.0000e+00 2.0000e+01 3.3000e+01 1.2000e+01 1.7800e+02 2.9000e+02 1.4000e+01 2.6000e+01 2.2000e+01 4.3000e+01 1.4600e+02 3.0600e+02 8.0000e+00 1.4000e+01 1.9000e+02 1.6000e+01 1.1000e+01 7.0000e+00 6.0000e+00 7.4000e+01 3.0000e+00 1.6000e+03 5.0000e+00 7.0000e+00 1.5100e+02 9.0000e+00 9.0000e+00 3.7000e+01 4.2420e+03 3.3000e+01 1.4000e+01 2.7000e+01 4.5000e+01 4.1000e+01 1.8000e+01 5.0430e+03 6.2000e+01 6.2000e+01 3.3190e+03 6.0000e+00 7.4000e+01 3.0000e+00
1.4200e+02 1.0000e+00 2.7200e+02 1.0000e+00 1.0000e+00 4.3960e+03 2.0000e+00 0.0000e+00 0.0000e+00 1.3100e+02 3.5000e+01 4.1980e+03 2.0000e+00 2.9000e+01 1.0000e+00 3.0000e+00 1.6400e+02 5.8000e+01 8.2000e+01 2.6300e+02 3.5810e+03 1.3000e+01 4.5000e+01 1.6000e+01 3.5000e+01 4.7400e+03 1.9630e+03 8.2000e+01 1.6000e+01 1.0900e+02 2.6000e+01 4.9000e+01 1.0000e+00 2.0000e+01 1.7000e+01 1.0000e+00 1.0000e+00 6.2000e+01 2.8000e+02 1.0000e+00 9.7000e+01 3.4000e+01 2.4000e+01 1.1000e+01 9.2000e+01 1.4000e+01 1.1400e+02 2.1400e+02 4.8000e+01 1.4200e+02
