7.0667e-01 2.0000e-01 8.1771e-01 6.8571e-01 5.2778e-01 0.0000e+00 3.5294e-01 2.0000e-01 9.8093e-01 9.9765e-01 8.8095e-01 9.7055e-01 7.7419e-01 9.0847e-01 7.5203e-01 5.2830e-01 7.8514e-01 4.7893e-01 6.5209e-01 4.8494e-01 6.3265e-01 9.6801e-01 9.5446e-01 9.9363e-01 6.1364e-01 9.1207e-01 7.2289e-01 5.6827e-01 2.3077e-01 8.8176e-01 8.6792e-01 3.8889e-01 8.8995e-01 9.8792e-01 2.8571e-01 6.6071e-01 8.8901e-01 4.0000e-01 1.1111e-01 9.1676e-01 8.9625e-01 2.8571e-01 9.6630e-01 9.8532e-01 5.0000e-01 8.3333e-02 3.7500e-01 3.8889e-01 4.3478e-01 7.4150e-01
1.1111e-01 2.0000e-01 5.0000e-01 0.0000e+00 1.8182e-01 2.6667e-01 0.0000e+00 3.3333e-01 1.0000e+00 1.0000e+00 1.8182e-01 1.0000e+00 2.0000e-01 0.0000e+00 5.3774e-01 7.6923e-02 3.0435e-01 3.8057e-01 3.0000e-01 1.2000e-01 1.1111e-01 1.0000e+00 3.5294e-01 1.0000e+00 3.3333e-01 1.8182e-01 1.1111e-01 1.3636e-01 2.3077e-01 1.0000e-01 2.8571e-01 5.5882e-01 1.0000e-01 1.0000e+00 4.2857e-01 2.5000e-01 2.3077e-01 0.0000e+00 2.0000e-01 0.0000e+00 0.0000e+00 0.0000e+00 5.8974e-01 1.0000e+00 2.0000e-01 3.4483e-01 8.3333e-02 0.0000e+00 8.3333e-02 4.1667e-01
8.0588e-01 5.0000e-01 9.9511e-01 1.1111e-01 1.1111e-01 4.8387e-01 1.0000e+00 6.3265e-01 1.0000e+00 1.0000e+00 9.4199e-01 1.0000e+00 1.1111e-01 0.0000e+00 5.1724e-01 0.0000e+00 3.3333e-01 1.4634e-01 5.5333e-01 4.3575e-01 3.3333e-01 1.0000e+00 6.2222e-01 1.0000e+00 6.5455e-01 5.8333e-01 6.7742e-01 2.2581e-01 9.0975e-01 0.0000e+00 5.3333e-01 1.0000e+00 8.1993e-01 1.0000e+00 2.5000e-01 4.5833e-01 2.3077e-01 7.0270e-01 0.0000e+00 8.4291e-01 2.5000e-01 3.3333e-01 0.0000e+00 1.0000e+00 3.8889e-01 2.7273e-01 0.0000e+00 9.8144e-01 5.4545e-01 9.1200e-01
1.1111e-01 2.0000e-01 1.0000e+00 2.5000e-01 1.1111e-01 3.6842e-01 1.0000e+00 0.0000e+00 1.0000e+00 1.0000e+00 2.5000e-01 1.0000e+00 4.8000e-01 5.2632e-01 7.6923e-02 2.5000e-01 0.0000e+00 3.0769e-01 3.7778e-01 4.9171e-01 6.3462e-01 1.0000e+00 5.7143e-01 1.0000e+00 7.3958e-01 7.1545e-01 8.1183e-01 6.3154e-01 5.7143e-01 4.4828e-01 7.9618e-01 1.0000e+00 5.8929e-01 1.0000e+00 6.9565e-01 5.4545e-01 5.0000e-01 3.8889e-01 7.8472e-01 0.0000e+00 4.0000e-01 5.5882e-01 0.0000e+00 1.0000e+00 6.6667e-01 7.8265e-01 6.2759e-01 1.0000e+00 5.2055e-01 6.3636e-01
5.7895e-01 2.8571e-01 1.0000e+00 3.8889e-01 5.6098e-01 4.1667e-01 1.0000e+00 7.6522e-01 1.0000e+00 1.0000e+00 7.3913e-01 1.0000e+00 7.3958e-01 2.6667e-01 4.3137e-01 3.1034e-01 7.9467e-01 4.9172e-01 5.0980e-01 5.7361e-01 5.6757e-01 1.0000e+00 4.5833e-01 1.0000e+00 4.2105e-01 2.3077e-01 8.7245e-01 4.8503e-01 8.0755e-01 2.1429e-01 3.3333e-01 1.0000e+00 4.2857e-01 1.0000e+00 8.9752e-01 8.0000e-01 6.7045e-01 5.5882e-01 5.8537e-01 4.5833e-01 4.8148e-01 6.9444e-01 3.8889e-01 1.0000e+00 3.3333e-01 4.9153e-01 6.5464e-01 1.0000e+00 5.9200e-01 8.6696e-01
9.9684e-01 1.0000e+00 1.0000e+00 9.4650e-01 9.0239e-01 5.0000e-01 1.0000e+00 9.3510e-01 1.0000e+00 1.0000e+00 7.1875e-01 1.0000e+00 9.7042e-01 8.3986e-01 5.9146e-01 0.0000e+00 7.2381e-01 1.7021e-01 7.2614e-01 1.6129e-01 9.5781e-01 1.0000e+00 9.9690e-01 1.0000e+00 1.0000e+00 7.7626e-01 9.6574e-01 6.0664e-01 9.1082e-01 2.6667e-01 9.8188e-01 1.0000e+00 5.0000e-01 1.0000e+00 9.7616e-01 9.7645e-01 8.9652e-01 9.6316e-01 9.6079e-01 9.9554e-01 9.4418e-01 9.6575e-01 9.4359e-01 1.0000e+00 9.9037e-01 6.7647e-01 4.1667e-01 1.0000e+00 6.3402e-01 5.8333e-01
1.0000e+00 1.0000e+00 1.0000e+00 5.3125e-01 9.1895e-01 1.1111e-01 1.0000e+00 9.6531e-01 1.0000e+00 1.0000e+00 2.8571e-01 1.0000e+00 1.0000e+00 1.0000e-01 4.1304e-01 7.4447e-01 7.7536e-01 1.3158e-01 7.1429e-02 5.1712e-01 8.0541e-01 1.0000e+00 1.0000e+00 1.0000e+00 1.0000e+00 4.1667e-01 1.0000e+00 5.6109e-01 7.6129e-01 1.0000e-01 1.0000e+00 1.0000e+00 2.6667e-01 1.0000e+00 1.0000e+00 1.0000e+00 2.3077e-01 0.0000e+00 5.5556e-01 1.0000e+00 7.7564e-01 0.0000e+00 1.0000e+00 1.0000e+00 1.0000e+00 1.8750e-01 2.8571e-01 1.0000e+00 7.7969e-01 1.8182e-01
1.0000e+00 1.0000e+00 1.0000e+00 2.8571e-01 6.9231e-01 4.8276e-01 1.0000e+00 1.0000e+00 1.0000e+00 1.0000e+00 4.5833e-01 1.0000e+00 1.0000e+00 7.7064e-01 6.6265e-01 1.2500e-01 5.6790e-01 3.8057e-01 1.6667e-01 4.2857e-01 8.1944e-01 1.0000e+00 1.0000e+00 1.0000e+00 1.0000e+00 2.3077e-01 1.0000e+00 5.2471e-01 8.2075e-01 4.4828e-01 1.0000e+00 1.0000e+00 6.7619e-01 1.0000e+00 1.0000e+00 1.0000e+00 2.6667e-01 3.8889e-01 6.9014e-01 1.0000e+00 2.5000e-01 1.1111e-01 1.0000e+00 1.0000e+00 1.0000e+00 7.2740e-01 5.6818e-01 1.0000e+00 7.3296e-01 7.7340e-01
1.0000e+00 1.0000e+00 1.0000e+00 9.4387e-01 7.3485e-01 9.1617e-01 1.0000e+00 1.0000e+00 1.0000e+00 1.0000e+00 7.2277e-01 1.0000e+00 1.0000e+00 7.2308e-01 6.0622e-01 4.7945e-01 6.2406e-01 3.2857e-01 5.9574e-01 5.6164e-01 5.4545e-01 1.0000e+00 1.0000e+00 1.0000e+00 1.0000e+00 7.4172e-01 1.0000e+00 5.9166e-01 8.6980e-01 8.1164e-01 1.0000e+00 1.0000e+00 6.7619e-01 1.0000e+00 1.0000e+00 1.0000e+00 8.8022e-01 4.5833e-01 5.3333e-01 1.0000e+00 5.5556e-01 6.4706e-01 1.0000e+00 1.0000e+00 1.0000e+00 7.1190e-01 8.0496e-01 1.0000e+00 6.5044e-01 7.8776e-01
1.0000e+00 1.0000e+00 1.0000e+00 0.0000e+00 0.0000e+00 7.2727e-01 1.0000e+00 1.0000e+00 1.0000e+00 1.0000e+00 5.5556e-01 1.0000e+00 1.0000e+00 5.0000e-01 1.7647e-01 2.6923e-01 5.6250e-01 4.6537e-01 4.0000e-01 4.8680e-01 8.2759e-01 1.0000e+00 1.0000e+00 1.0000e+00 1.0000e+00 8.3622e-01 1.0000e+00 4.5736e-01 4.3478e-01 1.0000e-01 1.0000e+00 1.0000e+00 1.0000e-01 1.0000e+00 1.0000e+00 1.0000e+00 1.0000e-01 4.8000e-01 6.0465e-01 1.0000e+00 6.0000e-01 5.4545e-01 1.0000e+00 1.0000e+00 1.0000e+00 4.8276e-01 5.2308e-01 1.0000e+00 5.4118e-01 5.5814e-01
