0.0000e+00 1.0000e+00 1.0000e+00 2.0000e+00 2.0000e+00 0.0000e+00 1.0000e+00 0.0000e+00 5.9000e+03 6.1000e+01 3.0000e+00 7.0000e+00 8.0000e+00 1.8000e+01 2.0000e+00 5.9990e+03 4.0000e+00 9.0000e+00 2.0000e+00 1.0000e+00 1.0000e+00 5.9850e+03 4.5770e+03 5.8980e+03 2.0000e+00 1.8000e+01 1.0000e+00 1.0000e+00 4.0000e+00 2.0000e+01 0.0000e+00 0.0000e+00 5.9880e+03 2.0000e+00 1.0000e+00 3.0000e+00 1.0000e+00 4.0000e+00 4.0000e+00 8.0000e+00 4.0000e+00 5.0000e+00 3.0000e+00 3.3660e+03 1.0000e+00 3.0000e+00 2.0000e+00 0.0000e+00 1.0000e+00 1.0000e+00
1.0000e+00 1.0000e+00 1.0000e+00 3.0000e+00 1.0000e+00 1.0000e+00 1.0000e+00 1.9500e+02 1.0000e+00 1.0000e+00 1.0000e+00 4.0000e+00 1.0000e+00 1.0000e+00 1.0000e+00 1.0000e+00 3.0000e+00 4.0000e+00 1.0000e+00 1.0000e+00 1.0000e+00 1.0000e+00 3.0000e+00 1.0000e+00 2.1600e+02 1.0000e+00 1.0000e+00 1.0000e+00 1.0000e+00 1.0000e+00 1.0000e+00 1.2000e+01 3.0000e+00 1.0000e+00 1.0000e+00 5.0000e+00 1.0000e+00 1.0000e+00 1.5000e+01 8.0000e+00 1.0000e+00 1.0000e+00 3.0000e+00 1.0000e+00 1.0000e+00 1.0000e+00 1.0000e+00 1.0000e+00 3.0000e+00 1.4000e+01
3.2000e+01 1.0000e+00 4.7100e+02 2.0000e+00 1.0000e+00 3.0000e+00 6.0360e+03 1.0000e+00 1.0000e+00 3.0000e+00 5.9710e+03 1.0000e+00 2.0000e+00 1.0000e+00 1.4000e+01 1.0000e+00 1.0000e+00 5.0000e+00 2.0000e+00 1.0000e+00 1.0000e+00 2.0000e+00 2.0000e+00 1.0000e+00 1.0000e+00 1.0000e+00 1.0000e+00 1.0000e+00 4.0000e+00 1.0000e+00 2.0000e+00 6.0470e+03 1.0000e+00 2.0000e+00 1.0000e+00 4.0000e+00 1.0000e+00 1.0000e+00 4.0000e+00 4.0000e+00 1.0000e+00 1.0000e+00 1.0000e+00 4.0000e+00 1.0000e+00 3.0000e+00 1.0000e+00 4.9150e+03 1.0000e+00 5.8390e+03
1.0000e+00 1.0000e+00 1.0000e+00 1.0000e+00 1.0000e+00 1.0000e+00 1.0000e+00 1.0000e+00 1.0000e+00 1.0000e+00 1.0000e+00 2.0000e+00 1.0000e+00 2.0000e+00 1.0000e+00 1.0000e+00 1.0000e+00 1.0000e+00 1.0000e+00 1.0000e+00 4.0000e+00 1.0000e+00 1.0000e+00 6.6000e+01 1.0000e+00 6.0740e+03 5.0000e+00 6.0010e+03 2.0000e+00 4.0000e+00 6.0320e+03 5.0000e+00 1.0000e+00 3.0000e+00 6.0000e+00 2.0000e+00 2.0000e+00 1.0000e+00 1.0000e+00 1.0000e+00 1.0000e+00 5.9320e+03 1.0000e+00 1.0000e+00 1.1000e+01 5.9680e+03 3.0000e+00 2.0000e+00 1.0000e+00 1.0000e+00
7.0000e+00 7.0000e+00 2.0000e+00 1.0000e+00 1.0000e+00 1.0000e+00 2.0000e+00 2.0000e+00 1.0000e+00 1.0000e+00 2.0000e+00 2.0000e+00 5.9790e+03 2.0000e+00 6.0000e+00 1.0000e+00 6.0220e+03 5.8460e+03 9.0000e+00 1.0000e+00 1.0000e+00 1.0000e+00 1.0000e+00 1.0000e+00 5.0000e+00 2.0000e+00 5.9140e+03 1.0000e+00 4.1900e+02 1.0000e+00 1.0000e+00 3.0000e+00 1.0000e+00 1.0000e+00 6.0870e+03 2.0000e+00 2.0000e+00 2.0000e+00 1.0000e+00 1.0000e+00 3.0000e+00 1.0000e+00 2.0000e+00 1.0000e+00 1.0000e+00 2.0000e+00 5.1730e+03 1.0000e+00 6.0000e+00 2.0000e+00
3.0000e+00 2.1900e+02 1.0000e+00 3.0000e+00 7.0000e+00 2.0000e+00 2.0000e+00 3.0000e+00 3.0000e+00 1.0000e+00 5.0000e+00 2.0000e+00 1.0000e+01 3.0000e+00 3.0000e+00 1.0000e+00 1.0000e+00 2.0000e+00 5.9370e+03 1.0000e+00 0.0000e+00 3.2000e+01 1.2940e+03 1.5000e+01 5.6250e+03 1.0000e+00 0.0000e+00 1.0000e+00 0.0000e+00 1.0000e+00 3.0000e+00 0.0000e+00 1.0000e+00 1.0000e+00 1.0000e+00 0.0000e+00 7.0000e+00 5.9100e+03 6.0000e+03 6.0860e+03 3.0000e+00 1.0000e+00 4.0000e+00 1.2000e+01 5.9550e+03 1.0000e+00 2.0000e+00 1.0000e+00 3.0000e+00 1.0000e+00
5.9340e+03 1.0000e+00 5.0000e+00 1.0000e+00 6.1070e+03 1.0000e+00 3.2000e+01 5.9250e+03 1.0000e+00 1.7680e+03 1.0000e+00 1.0000e+00 1.0000e+00 1.0000e+00 1.0000e+00 4.0000e+00 1.7000e+01 1.0000e+00 1.0000e+00 1.0000e+00 6.9000e+01 1.0000e+00 1.0000e+00 1.0000e+00 3.0000e+00 1.0000e+00 2.0000e+00 4.0000e+00 3.0000e+00 1.0000e+00 1.0000e+00 6.0000e+00 1.0000e+00 1.0000e+00 1.0000e+00 3.3670e+03 1.0000e+00 1.0000e+00 1.0000e+00 3.0000e+00 2.0000e+00 1.0000e+00 6.0110e+03 7.0000e+00 1.0000e+00 2.0000e+00 1.0000e+00 9.7400e+02 1.0000e+00 1.0000e+00
3.0000e+00 3.0000e+00 1.0000e+00 1.0000e+00 1.0000e+00 2.0000e+00 3.0000e+00 1.0000e+00 1.0000e+00 3.0000e+00 1.0000e+00 2.0000e+00 1.0000e+00 6.0230e+03 1.0000e+00 1.0000e+00 1.0000e+00 2.6000e+01 1.0000e+00 1.2000e+01 5.9960e+03 1.0000e+00 1.0000e+00 1.0000e+00 1.0000e+00 1.0000e+00 5.0000e+01 2.0000e+00 5.4630e+03 1.0000e+00 1.0000e+00 1.0000e+00 2.0000e+00 5.9630e+03 2.0000e+00 2.7430e+03 1.0000e+00 2.0000e+00 1.0000e+00 1.0000e+00 4.0000e+00 1.0000e+00 2.0000e+00 1.0000e+00 1.0000e+00 3.0000e+00 7.6200e+02 1.0000e+00 6.0900e+03 4.0000e+00
6.0000e+00 5.6620e+03 0.0000e+00 5.8990e+03 2.0000e+00 1.0000e+00 1.0000e+00 2.0000e+00 3.0000e+00 2.0000e+00 1.0000e+00 5.0000e+00 9.0000e+00 2.0000e+00 6.0430e+03 1.0000e+00 4.0000e+00 1.0000e+00 9.0000e+00 6.0230e+03 1.0000e+00 2.0000e+00 3.0000e+00 1.0000e+00 1.0000e+00 3.0000e+00 5.0000e+00 1.3000e+01 1.2000e+01 5.9510e+03 3.0000e+00 3.0000e+00 2.0000e+00 2.0000e+00 2.0000e+00 1.0000e+00 5.9970e+03 1.0000e+00 1.0000e+00 2.0000e+00 5.0000e+00 1.0000e+00 2.0000e+00 2.6330e+03 4.0000e+00 6.0000e+00 1.0000e+00 1.0000e+00 1.0000e+00 2.0000e+00
1.0000e+00 1.0000e+00 5.4810e+03 1.0000e+00 1.0000e+00 5.9700e+03 1.0000e+00 1.0000e+00 1.0000e+00 4.1550e+03 2.0000e+00 5.8930e+03 1.0000e+00 2.0000e+00 1.0000e+00 1.0000e+00 2.0000e+00 1.0000e+00 3.0000e+00 1.0000e+00 1.0000e+00 1.0000e+00 1.0000e+00 2.0000e+00 4.0000e+00 4.0000e+00 8.0000e+00 1.0000e+00 1.0000e+00 1.0000e+00 7.0000e+00 1.0000e+00 1.0000e+00 1.0000e+00 2.0000e+00 1.0000e+00 1.0000e+00 2.0000e+00 2.0000e+00 1.0000e+00 5.9080e+03 1.0000e+00 1.0000e+00 1.0000e+00 2.0000e+00 2.0000e+00 1.0000e+00 5.0000e+00 1.0000e+00 2.0000e+00
