1.0000e+00 0.0000e+00 1.0000e+00 5.0000e-01 5.0000e-01 1.0000e+00 0.0000e+00 1.0000e+00 9.7864e-01 9.8361e-01 1.0000e+00 1.0000e+00 8.7500e-01 9.4444e-01 5.0000e-01 4.7058e-01 7.5000e-01 5.5556e-01 5.0000e-01 0.0000e+00 0.0000e+00 9.6926e-01 9.5368e-01 9.9424e-01 5.0000e-01 9.4444e-01 0.0000e+00 0.0000e+00 7.5000e-01 8.0000e-01 1.0000e+00 1.0000e+00 8.8343e-01 1.0000e+00 0.0000e+00 6.6667e-01 0.0000e+00 7.5000e-01 7.5000e-01 8.7500e-01 7.5000e-01 6.0000e-01 1.0000e+00 9.8574e-01 0.0000e+00 6.6667e-01 5.0000e-01 1.0000e+00 0.0000e+00 0.0000e+00
0.0000e+00 0.0000e+00 0.0000e+00 3.3333e-01 0.0000e+00 0.0000e+00 0.0000e+00 4.9744e-01 0.0000e+00 0.0000e+00 0.0000e+00 5.0000e-01 0.0000e+00 0.0000e+00 0.0000e+00 0.0000e+00 3.3333e-01 2.5000e-01 0.0000e+00 0.0000e+00 0.0000e+00 0.0000e+00 3.3333e-01 0.0000e+00 4.2130e-01 0.0000e+00 0.0000e+00 0.0000e+00 0.0000e+00 0.0000e+00 0.0000e+00 5.0000e-01 3.3333e-01 0.0000e+00 0.0000e+00 4.0000e-01 0.0000e+00 0.0000e+00 4.0000e-01 3.7500e-01 0.0000e+00 0.0000e+00 3.3333e-01 0.0000e+00 0.0000e+00 0.0000e+00 0.0000e+00 0.0000e+00 3.3333e-01 4.2857e-01
9.0625e-01 0.0000e+00 9.9151e-01 5.0000e-01 0.0000e+00 6.6667e-01 1.0000e+00 0.0000e+00 0.0000e+00 6.6667e-01 9.4021e-01 0.0000e+00 5.0000e-01 0.0000e+00 5.7143e-01 0.0000e+00 0.0000e+00 4.0000e-01 5.0000e-01 0.0000e+00 0.0000e+00 5.0000e-01 5.0000e-01 0.0000e+00 0.0000e+00 0.0000e+00 0.0000e+00 0.0000e+00 7.5000e-01 0.0000e+00 1.0000e+00 1.0000e+00 0.0000e+00 5.0000e-01 0.0000e+00 7.5000e-01 0.0000e+00 0.0000e+00 7.5000e-01 7.5000e-01 0.0000e+00 0.0000e+00 0.0000e+00 7.5000e-01 0.0000e+00 6.6667e-01 0.0000e+00 9.8271e-01 0.0000e+00 9.1026e-01
0.0000e+00 0.0000e+00 0.0000e+00 0.0000e+00 0.0000e+00 0.0000e+00 0.0000e+00 0.0000e+00 0.0000e+00 0.0000e+00 0.0000e+00 5.0000e-01 0.0000e+00 5.0000e-01 0.0000e+00 0.0000e+00 0.0000e+00 0.0000e+00 0.0000e+00 0.0000e+00 5.0000e-01 0.0000e+00 0.0000e+00 6.2121e-01 0.0000e+00 6.7517e-01 6.0000e-01 6.2690e-01 5.0000e-01 5.0000e-01 8.4466e-01 6.0000e-01 0.0000e+00 6.6667e-01 6.6667e-01 5.0000e-01 5.0000e-01 0.0000e+00 0.0000e+00 0.0000e+00 0.0000e+00 5.8665e-01 0.0000e+00 0.0000e+00 5.4545e-01 7.8904e-01 3.3333e-01 5.0000e-01 0.0000e+00 0.0000e+00
7.1429e-01 5.7143e-01 5.0000e-01 0.0000e+00 0.0000e+00 0.0000e+00 5.0000e-01 5.0000e-01 0.0000e+00 0.0000e+00 5.0000e-01 5.0000e-01 8.1954e-01 5.0000e-01 5.0000e-01 0.0000e+00 8.0754e-01 4.9504e-01 4.4444e-01 0.0000e+00 0.0000e+00 0.0000e+00 0.0000e+00 0.0000e+00 6.0000e-01 5.0000e-01 9.0971e-01 0.0000e+00 8.1623e-01 0.0000e+00 0.0000e+00 6.6667e-01 0.0000e+00 0.0000e+00 9.1523e-01 5.0000e-01 5.0000e-01 5.0000e-01 0.0000e+00 0.0000e+00 6.6667e-01 0.0000e+00 5.0000e-01 0.0000e+00 0.0000e+00 5.0000e-01 6.0970e-01 0.0000e+00 6.6667e-01 5.0000e-01
1.0000e+00 1.0000e+00 1.0000e+00 1.0000e+00 8.5714e-01 5.0000e-01 5.0000e-01 1.0000e+00 6.6667e-01 1.0000e+00 1.0000e+00 5.0000e-01 1.0000e+00 6.6667e-01 6.6667e-01 0.0000e+00 1.0000e+00 5.0000e-01 7.2225e-01 0.0000e+00 1.0000e+00 1.0000e+00 9.9768e-01 1.0000e+00 1.0000e+00 1.0000e+00 1.0000e+00 0.0000e+00 1.0000e+00 0.0000e+00 1.0000e+00 1.0000e+00 0.0000e+00 1.0000e+00 1.0000e+00 1.0000e+00 1.0000e+00 9.5905e-01 9.6233e-01 9.9458e-01 1.0000e+00 0.0000e+00 1.0000e+00 1.0000e+00 9.9060e-01 0.0000e+00 5.0000e-01 1.0000e+00 6.6667e-01 0.0000e+00
9.7455e-01 0.0000e+00 8.0000e-01 0.0000e+00 9.2124e-01 0.0000e+00 9.3750e-01 9.6557e-01 0.0000e+00 9.1063e-01 0.0000e+00 0.0000e+00 0.0000e+00 0.0000e+00 0.0000e+00 2.5000e-01 7.6471e-01 0.0000e+00 0.0000e+00 0.0000e+00 8.2609e-01 0.0000e+00 0.0000e+00 0.0000e+00 6.6667e-01 0.0000e+00 5.0000e-01 5.0000e-01 6.6667e-01 0.0000e+00 0.0000e+00 8.3333e-01 0.0000e+00 0.0000e+00 0.0000e+00 8.5774e-01 0.0000e+00 0.0000e+00 0.0000e+00 6.6667e-01 5.0000e-01 0.0000e+00 9.5325e-01 7.1429e-01 0.0000e+00 5.0000e-01 0.0000e+00 9.7947e-01 0.0000e+00 0.0000e+00
6.6667e-01 6.6667e-01 0.0000e+00 0.0000e+00 0.0000e+00 5.0000e-01 6.6667e-01 0.0000e+00 0.0000e+00 6.6667e-01 0.0000e+00 5.0000e-01 0.0000e+00 7.7769e-01 0.0000e+00 0.0000e+00 0.0000e+00 4.2308e-01 0.0000e+00 4.1667e-01 8.1671e-01 0.0000e+00 0.0000e+00 0.0000e+00 0.0000e+00 0.0000e+00 8.0000e-01 5.0000e-01 8.2812e-01 0.0000e+00 0.0000e+00 0.0000e+00 5.0000e-01 8.8395e-01 5.0000e-01 8.1006e-01 0.0000e+00 5.0000e-01 0.0000e+00 0.0000e+00 7.5000e-01 0.0000e+00 5.0000e-01 0.0000e+00 0.0000e+00 6.6667e-01 5.8793e-01 0.0000e+00 7.4154e-01 7.5000e-01
8.3333e-01 9.1416e-01 1.0000e+00 9.4592e-01 5.0000e-01 1.0000e+00 0.0000e+00 5.0000e-01 6.6667e-01 5.0000e-01 0.0000e+00 8.0000e-01 7.7778e-01 5.0000e-01 6.6225e-01 0.0000e+00 7.5000e-01 0.0000e+00 5.5556e-01 5.6932e-01 0.0000e+00 5.0000e-01 6.6667e-01 0.0000e+00 0.0000e+00 6.6667e-01 8.0000e-01 6.1538e-01 9.1667e-01 8.1314e-01 1.0000e+00 6.6667e-01 5.0000e-01 5.0000e-01 5.0000e-01 0.0000e+00 8.9295e-01 0.0000e+00 0.0000e+00 5.0000e-01 8.0000e-01 0.0000e+00 5.0000e-01 9.1569e-01 7.5000e-01 8.3333e-01 0.0000e+00 1.0000e+00 0.0000e+00 5.0000e-01
0.0000e+00 0.0000e+00 7.3454e-01 0.0000e+00 0.0000e+00 7.9682e-01 0.0000e+00 0.0000e+00 0.0000e+00 6.4188e-01 5.0000e-01 8.1639e-01 0.0000e+00 5.0000e-01 0.0000e+00 0.0000e+00 5.0000e-01 0.0000e+00 3.3333e-01 0.0000e+00 0.0000e+00 0.0000e+00 0.0000e+00 5.0000e-01 5.0000e-01 5.0000e-01 6.2500e-01 0.0000e+00 0.0000e+00 0.0000e+00 7.1429e-01 0.0000e+00 0.0000e+00 0.0000e+00 5.0000e-01 0.0000e+00 0.0000e+00 5.0000e-01 5.0000e-01 0.0000e+00 6.0850e-01 0.0000e+00 0.0000e+00 0.0000e+00 5.0000e-01 5.0000e-01 0.0000e+00 6.0000e-01 0.0000e+00 5.0000e-01
