0.0000e+00 0.0000e+00 1.0000e+00 1.0000e+00 1.0000e+00 0.0000e+00 0.0000e+00 0.0000e+00 5.7740e+03 6.0000e+01 3.0000e+00 7.0000e+00 7.0000e+00 1.7000e+01 1.0000e+00 2.8230e+03 3.0000e+00 5.0000e+00 1.0000e+00 0.0000e+00 0.0000e+00 5.8010e+03 4.3650e+03 5.8640e+03 1.0000e+00 1.7000e+01 0.0000e+00 0.0000e+00 3.0000e+00 1.6000e+01 0.0000e+00 0.0000e+00 5.2900e+03 2.0000e+00 0.0000e+00 2.0000e+00 0.0000e+00 3.0000e+00 3.0000e+00 7.0000e+00 3.0000e+00 3.0000e+00 3.0000e+00 3.3180e+03 0.0000e+00 2.0000e+00 1.0000e+00 0.0000e+00 0.0000e+00 0.0000e+00
0.0000e+00 0.0000e+00 0.0000e+00 1.0000e+00 0.0000e+00 0.0000e+00 0.0000e+00 9.7000e+01 0.0000e+00 0.0000e+00 0.0000e+00 2.0000e+00 0.0000e+00 0.0000e+00 0.0000e+00 0.0000e+00 1.0000e+00 1.0000e+00 0.0000e+00 0.0000e+00 0.0000e+00 0.0000e+00 1.0000e+00 0.0000e+00 9.1000e+01 0.0000e+00 0.0000e+00 0.0000e+00 0.0000e+00 0.0000e+00 0.0000e+00 6.0000e+00 1.0000e+00 0.0000e+00 0.0000e+00 2.0000e+00 0.0000e+00 0.0000e+00 6.0000e+00 3.0000e+00 0.0000e+00 0.0000e+00 1.0000e+00 0.0000e+00 0.0000e+00 0.0000e+00 0.0000e+00 0.0000e+00 1.0000e+00 6.0000e+00
2.9000e+01 0.0000e+00 4.6700e+02 1.0000e+00 0.0000e+00 2.0000e+00 6.0360e+03 0.0000e+00 0.0000e+00 2.0000e+00 5.6140e+03 0.0000e+00 1.0000e+00 0.0000e+00 8.0000e+00 0.0000e+00 0.0000e+00 2.0000e+00 1.0000e+00 0.0000e+00 0.0000e+00 1.0000e+00 1.0000e+00 0.0000e+00 0.0000e+00 0.0000e+00 0.0000e+00 0.0000e+00 3.0000e+00 0.0000e+00 2.0000e+00 6.0470e+03 0.0000e+00 1.0000e+00 0.0000e+00 3.0000e+00 0.0000e+00 0.0000e+00 3.0000e+00 3.0000e+00 0.0000e+00 0.0000e+00 0.0000e+00 3.0000e+00 0.0000e+00 2.0000e+00 0.0000e+00 4.8300e+03 0.0000e+00 5.3150e+03
0.0000e+00 0.0000e+00 0.0000e+00 0.0000e+00 0.0000e+00 0.0000e+00 0.0000e+00 0.0000e+00 0.0000e+00 0.0000e+00 0.0000e+00 1.0000e+00 0.0000e+00 1.0000e+00 0.0000e+00 0.0000e+00 0.0000e+00 0.0000e+00 0.0000e+00 0.0000e+00 2.0000e+00 0.0000e+00 0.0000e+00 4.1000e+01 0.0000e+00 4.1010e+03 3.0000e+00 3.7620e+03 1.0000e+00 2.0000e+00 5.0950e+03 3.0000e+00 0.0000e+00 2.0000e+00 4.0000e+00 1.0000e+00 1.0000e+00 0.0000e+00 0.0000e+00 0.0000e+00 0.0000e+00 3.4800e+03 0.0000e+00 0.0000e+00 6.0000e+00 4.7090e+03 1.0000e+00 1.0000e+00 0.0000e+00 0.0000e+00
5.0000e+00 4.0000e+00 1.0000e+00 0.0000e+00 0.0000e+00 0.0000e+00 1.0000e+00 1.0000e+00 0.0000e+00 0.0000e+00 1.0000e+00 1.0000e+00 4.9000e+03 1.0000e+00 3.0000e+00 0.0000e+00 4.8630e+03 2.8940e+03 4.0000e+00 0.0000e+00 0.0000e+00 0.0000e+00 0.0000e+00 0.0000e+00 3.0000e+00 1.0000e+00 5.3800e+03 0.0000e+00 3.4200e+02 0.0000e+00 0.0000e+00 2.0000e+00 0.0000e+00 0.0000e+00 5.5710e+03 1.0000e+00 1.0000e+00 1.0000e+00 0.0000e+00 0.0000e+00 2.0000e+00 0.0000e+00 1.0000e+00 0.0000e+00 0.0000e+00 1.0000e+00 3.1540e+03 0.0000e+00 4.0000e+00 1.0000e+00
3.0000e+00 2.1900e+02 1.0000e+00 3.0000e+00 6.0000e+00 1.0000e+00 1.0000e+00 3.0000e+00 2.0000e+00 1.0000e+00 5.0000e+00 1.0000e+00 1.0000e+01 2.0000e+00 2.0000e+00 0.0000e+00 1.0000e+00 1.0000e+00 4.2880e+03 0.0000e+00 0.0000e+00 3.2000e+01 1.2910e+03 1.5000e+01 5.6250e+03 1.0000e+00 0.0000e+00 0.0000e+00 0.0000e+00 0.0000e+00 3.0000e+00 0.0000e+00 0.0000e+00 1.0000e+00 1.0000e+00 0.0000e+00 7.0000e+00 5.6680e+03 5.7740e+03 6.0530e+03 3.0000e+00 0.0000e+00 4.0000e+00 1.2000e+01 5.8990e+03 0.0000e+00 1.0000e+00 1.0000e+00 2.0000e+00 0.0000e+00
5.7830e+03 0.0000e+00 4.0000e+00 0.0000e+00 5.6260e+03 0.0000e+00 3.0000e+01 5.7210e+03 0.0000e+00 1.6100e+03 0.0000e+00 0.0000e+00 0.0000e+00 0.0000e+00 0.0000e+00 1.0000e+00 1.3000e+01 0.0000e+00 0.0000e+00 0.0000e+00 5.7000e+01 0.0000e+00 0.0000e+00 0.0000e+00 2.0000e+00 0.0000e+00 1.0000e+00 2.0000e+00 2.0000e+00 0.0000e+00 0.0000e+00 5.0000e+00 0.0000e+00 0.0000e+00 0.0000e+00 2.8880e+03 0.0000e+00 0.0000e+00 0.0000e+00 2.0000e+00 1.0000e+00 0.0000e+00 5.7300e+03 5.0000e+00 0.0000e+00 1.0000e+00 0.0000e+00 9.5400e+02 0.0000e+00 0.0000e+00
2.0000e+00 2.0000e+00 0.0000e+00 0.0000e+00 0.0000e+00 1.0000e+00 2.0000e+00 0.0000e+00 0.0000e+00 2.0000e+00 0.0000e+00 1.0000e+00 0.0000e+00 4.6840e+03 0.0000e+00 0.0000e+00 0.0000e+00 1.1000e+01 0.0000e+00 5.0000e+00 4.8970e+03 0.0000e+00 0.0000e+00 0.0000e+00 0.0000e+00 0.0000e+00 4.0000e+01 1.0000e+00 4.5240e+03 0.0000e+00 0.0000e+00 0.0000e+00 1.0000e+00 5.2710e+03 1.0000e+00 2.2220e+03 0.0000e+00 1.0000e+00 0.0000e+00 0.0000e+00 3.0000e+00 0.0000e+00 1.0000e+00 0.0000e+00 0.0000e+00 2.0000e+00 4.4800e+02 0.0000e+00 4.5160e+03 3.0000e+00
5.0000e+00 5.1760e+03 0.0000e+00 5.5800e+03 1.0000e+00 1.0000e+00 0.0000e+00 1.0000e+00 2.0000e+00 1.0000e+00 0.0000e+00 4.0000e+00 7.0000e+00 1.0000e+00 4.0020e+03 0.0000e+00 3.0000e+00 0.0000e+00 5.0000e+00 3.4290e+03 0.0000e+00 1.0000e+00 2.0000e+00 0.0000e+00 0.0000e+00 2.0000e+00 4.0000e+00 8.0000e+00 1.1000e+01 4.8390e+03 3.0000e+00 2.0000e+00 1.0000e+00 1.0000e+00 1.0000e+00 0.0000e+00 5.3550e+03 0.0000e+00 0.0000e+00 1.0000e+00 4.0000e+00 0.0000e+00 1.0000e+00 2.4110e+03 3.0000e+00 5.0000e+00 0.0000e+00 1.0000e+00 0.0000e+00 1.0000e+00
0.0000e+00 0.0000e+00 4.0260e+03 0.0000e+00 0.0000e+00 4.7570e+03 0.0000e+00 0.0000e+00 0.0000e+00 2.6670e+03 1.0000e+00 4.8110e+03 0.0000e+00 1.0000e+00 0.0000e+00 0.0000e+00 1.0000e+00 0.0000e+00 1.0000e+00 0.0000e+00 0.0000e+00 0.0000e+00 0.0000e+00 1.0000e+00 2.0000e+00 2.0000e+00 5.0000e+00 0.0000e+00 0.0000e+00 0.0000e+00 5.0000e+00 0.0000e+00 0.0000e+00 0.0000e+00 1.0000e+00 0.0000e+00 0.0000e+00 1.0000e+00 1.0000e+00 0.0000e+00 3.5950e+03 0.0000e+00 0.0000e+00 0.0000e+00 1.0000e+00 1.0000e+00 0.0000e+00 3.0000e+00 0.0000e+00 1.0000e+00
