6.0000e+01 4.0000e+00 6.0000e+00 1.7000e+02 6.3000e+01 2.2000e+01 8.0000e+00 8.0000e+00 3.8770e+03 5.8650e+03
1.0000e+01 2.2000e+01 4.0000e+00 5.7060e+03 3.4000e+01 1.1000e+01 6.1000e+01 8.0000e+00 7.0000e+00 3.7420e+03
2.2020e+03 1.2000e+01 5.0000e+00 2.7000e+01 7.3940e+03 4.4000e+01 8.0400e+02 4.7800e+02 3.2000e+01 5.1000e+01
1.7000e+01 7.0000e+00 9.0000e+00 7.0000e+00 3.0600e+02 9.7940e+03 1.1000e+01 2.9000e+01 2.0000e+01 1.1000e+01
8.0000e+00 1.7000e+01 8.9160e+03 1.7600e+02 3.3000e+01 1.5000e+01 1.2000e+01 1.8200e+02 9.0000e+00 1.6000e+01
9.0000e+01 1.7000e+01 6.0000e+00 7.0000e+00 8.5000e+01 1.8000e+01 8.9130e+03 3.1400e+02 1.5000e+01 3.5000e+01
7.5370e+03 2.8000e+01 1.0000e+01 2.3000e+01 1.9220e+03 1.5400e+02 7.2000e+01 2.0000e+01 4.0000e+01 1.5500e+02
2.0000e+01 7.5000e+02 1.0580e+03 2.1000e+01 1.0000e+01 2.8000e+01 5.8000e+01 8.6590e+03 4.6000e+01 7.0000e+00
1.5000e+01 3.5000e+01 1.5000e+01 3.7640e+03 1.5400e+02 1.0000e+01 7.0000e+01 2.6300e+02 6.0310e+03 5.6000e+01
6.0000e+00 8.9510e+03 1.6000e+01 7.0000e+00 1.4000e+01 1.0000e+01 1.0000e+01 5.7000e+01 2.5000e+01 4.1000e+01
