8.1667e-01 0.0000e+00 1.6667e-01 8.1176e-01 5.2381e-01 4.0909e-01 2.5000e-01 0.0000e+00 9.0586e-01 9.7084e-01
3.0000e-01 6.8182e-01 0.0000e+00 9.9842e-01 4.1176e-01 1.8182e-01 7.2131e-01 0.0000e+00 0.0000e+00 9.6847e-01
9.7684e-01 4.1667e-01 0.0000e+00 4.8148e-01 7.8077e-01 5.4545e-01 9.6393e-01 7.5105e-01 4.6875e-01 6.2745e-01
6.4706e-01 5.7143e-01 5.5556e-01 4.2857e-01 7.4183e-01 9.8091e-01 4.5455e-01 4.8276e-01 4.5000e-01 8.1818e-01
0.0000e+00 2.9412e-01 8.8694e-01 6.8750e-01 3.0303e-01 2.0000e-01 1.6667e-01 5.9890e-01 0.0000e+00 2.5000e-01
7.3333e-01 4.1176e-01 0.0000e+00 0.0000e+00 5.4118e-01 3.3333e-01 9.6859e-01 7.1975e-01 2.6667e-01 5.4286e-01
8.3110e-01 3.9286e-01 1.0000e-01 3.0435e-01 6.3892e-01 5.9091e-01 5.6944e-01 2.0000e-01 4.0000e-01 6.3226e-01
4.5000e-01 9.6933e-01 9.6030e-01 4.2857e-01 0.0000e+00 4.2857e-01 6.7241e-01 8.2769e-01 5.4348e-01 0.0000e+00
2.0000e-01 4.2857e-01 2.0000e-01 7.6753e-01 4.8052e-01 0.0000e+00 5.4286e-01 5.7414e-01 7.3122e-01 4.8214e-01
0.0000e+00 9.9296e-01 3.7500e-01 0.0000e+00 1.4286e-01 1.0000e-01 2.0000e-01 5.2632e-01 4.0000e-01 5.6098e-01
