2.8000e+01 3.0000e+00 4.0000e+00 9.7000e+01 3.4000e+01 5.4000e+01 1.0000e+01 1.5000e+01 5.4190e+03 4.4170e+03
6.0000e+00 1.1000e+01 6.0000e+00 4.1070e+03 1.8000e+02 1.9000e+01 3.1000e+01 1.0000e+01 7.0000e+00 5.2970e+03
1.2360e+03 8.0000e+00 4.0000e+00 4.7000e+01 8.4080e+03 6.3000e+01 7.1600e+02 8.4200e+02 3.4000e+01 2.2000e+01
1.3000e+01 3.0000e+00 1.5000e+01 1.0000e+01 3.3200e+02 9.8260e+03 6.0000e+00 3.8000e+01 8.0000e+00 2.1000e+01
8.0000e+00 1.3000e+01 8.8890e+03 1.8200e+02 2.2000e+01 1.4000e+01 1.0000e+01 1.3900e+02 1.4000e+01 8.0000e+00
1.1900e+02 1.2000e+01 4.0000e+00 7.0000e+00 4.6000e+01 2.1000e+01 9.1570e+03 2.1300e+02 1.1000e+01 2.9000e+01
8.4880e+03 3.6000e+01 2.1000e+01 2.6000e+01 9.5000e+02 6.3000e+01 5.0000e+01 1.6000e+01 6.2000e+01 1.6100e+02
1.7000e+01 9.4600e+02 9.8600e+02 1.2000e+01 1.0000e+01 1.7000e+01 5.3000e+01 8.4920e+03 3.1000e+01 7.0000e+00
2.1000e+01 3.9000e+01 1.0000e+01 5.4410e+03 1.3500e+02 1.0000e+01 2.2000e+01 1.4300e+02 4.2860e+03 5.4000e+01
1.0000e+01 8.9140e+03 1.1000e+01 1.4000e+01 1.0000e+01 1.2000e+01 9.0000e+00 3.9000e+01 2.8000e+01 2.3000e+01
