8.9900e+02 1.5200e+02 2.7100e+02 7.4000e+02 5.0700e+02 5.5000e+02 3.3400e+02 2.0800e+02 8.8700e+02 1.0090e+03
1.4300e+02 5.4700e+02 2.3500e+02 9.7900e+02 5.4100e+02 2.8700e+02 7.8000e+02 5.5000e+01 9.2000e+01 9.6700e+02
1.0050e+03 4.7100e+02 6.7000e+01 5.8700e+02 7.5600e+02 5.8700e+02 9.6800e+02 7.4700e+02 5.3000e+02 5.0100e+02
7.6500e+02 8.0000e+02 7.7600e+02 5.2700e+02 7.3100e+02 9.8500e+02 1.6000e+02 4.1400e+02 3.6900e+02 8.2900e+02
9.0000e+00 1.4500e+02 8.6700e+02 6.2000e+02 2.7000e+02 2.8900e+02 6.0000e+01 5.7300e+02 1.6500e+02 3.6100e+02
6.9200e+02 4.5200e+02 1.2400e+02 1.6300e+02 4.6000e+02 3.9000e+02 1.0020e+03 7.5100e+02 2.0900e+02 5.7900e+02
7.9600e+02 4.5200e+02 2.7500e+02 3.2900e+02 6.5000e+02 6.0200e+02 4.8500e+02 2.1400e+02 4.4300e+02 6.0300e+02
4.9700e+02 9.5800e+02 9.6100e+02 3.0100e+02 1.9000e+01 3.9200e+02 6.5200e+02 8.7600e+02 4.9100e+02 2.6000e+01
2.1400e+02 4.6600e+02 1.4800e+02 7.9500e+02 4.6200e+02 6.4000e+01 4.0800e+02 5.2800e+02 6.9300e+02 4.5500e+02
2.9000e+01 1.0120e+03 2.2800e+02 1.7800e+02 1.0500e+02 2.5700e+02 1.7400e+02 4.9400e+02 4.2600e+02 5.6800e+02
