8.9168e-01 0.0000e+00 0.0000e+00 4.1176e-01 3.5714e-01 3.7500e-01 5.0000e-01 1.5385e-01 9.0420e-01 9.6738e-01
1.2500e-01 6.6000e-01 2.5000e-01 9.9831e-01 5.8261e-01 1.2500e-01 7.8986e-01 0.0000e+00 1.8182e-01 9.6970e-01
9.7359e-01 4.2105e-01 1.2500e-01 1.0000e+00 7.8558e-01 6.1538e-01 9.7035e-01 7.8663e-01 5.5556e-01 1.0000e+00
7.1795e-01 7.8226e-01 8.0319e-01 1.0000e+00 7.3241e-01 9.8076e-01 3.5714e-01 3.7037e-01 1.8182e-01 1.0000e+00
0.0000e+00 1.2500e-01 8.7010e-01 1.0000e+00 1.4286e-01 1.0000e+00 0.0000e+00 5.3448e-01 1.8182e-01 1.0000e+00
6.1905e-01 4.7826e-01 2.5000e-01 1.0000e+00 5.2778e-01 1.0000e+00 9.6114e-01 7.0566e-01 0.0000e+00 1.0000e+00
7.5490e-01 5.0000e-01 3.3333e-01 1.0000e+00 6.4039e-01 1.0000e+00 1.0000e+00 3.1818e-01 4.4000e-01 1.0000e+00
5.5172e-01 9.7012e-01 9.5562e-01 1.0000e+00 0.0000e+00 1.0000e+00 1.0000e+00 8.2848e-01 3.6842e-01 1.0000e+00
2.0000e-01 5.2000e-01 2.5000e-01 1.0000e+00 4.9123e-01 1.0000e+00 1.0000e+00 5.4688e-01 6.2687e-01 1.0000e+00
0.0000e+00 9.9446e-01 3.0769e-01 1.0000e+00 0.0000e+00 1.0000e+00 1.0000e+00 3.4783e-01 2.3077e-01 1.0000e+00
