4.6100e+02 0.0000e+00 0.0000e+00 7.0000e+00 1.0000e+01 6.0000e+00 1.2000e+01 2.0000e+00 8.8250e+03 5.2780e+03
1.0000e+00 3.3000e+01 3.0000e+00 1.0015e+04 6.7000e+01 1.0000e+00 1.0900e+02 0.0000e+00 2.0000e+00 4.4490e+03
8.8470e+03 8.0000e+00 1.0000e+00 0.0000e+00 6.6900e+03 2.4000e+01 6.3820e+03 9.7700e+02 2.5000e+01 0.0000e+00
5.6000e+01 9.7000e+01 1.5100e+02 0.0000e+00 6.8700e+02 9.7340e+03 5.0000e+00 1.0000e+01 2.0000e+00 0.0000e+00
0.0000e+00 1.0000e+00 4.2200e+02 0.0000e+00 2.0000e+00 0.0000e+00 0.0000e+00 3.1000e+01 2.0000e+00 0.0000e+00
2.6000e+01 1.1000e+01 3.0000e+00 0.0000e+00 3.8000e+01 0.0000e+00 3.1910e+03 1.8700e+02 0.0000e+00 0.0000e+00
7.7000e+01 1.2000e+01 5.0000e+00 0.0000e+00 1.3000e+02 0.0000e+00 0.0000e+00 7.0000e+00 1.1000e+01 0.0000e+00
1.6000e+01 6.2980e+03 8.8500e+03 0.0000e+00 0.0000e+00 0.0000e+00 0.0000e+00 6.8540e+03 7.0000e+00 0.0000e+00
2.0000e+00 1.3000e+01 3.0000e+00 0.0000e+00 2.8000e+01 0.0000e+00 0.0000e+00 3.5000e+01 4.2000e+01 0.0000e+00
0.0000e+00 3.2290e+03 4.0000e+00 0.0000e+00 0.0000e+00 0.0000e+00 0.0000e+00 8.0000e+00 3.0000e+00 0.0000e+00
