2.5400e+02 0.0000e+00 6.0000e+00 4.4000e+01 1.3000e+01 2.7000e+01 0.0000e+00 1.0000e+00 8.7510e+03 5.6890e+03
0.0000e+00 2.0000e+01 0.0000e+00 9.9550e+03 5.2000e+01 2.0000e+00 8.8000e+01 0.0000e+00 0.0000e+00 4.0140e+03
9.4940e+03 7.0000e+00 2.0000e+00 0.0000e+00 7.1800e+03 3.6000e+01 7.0100e+03 3.4600e+02 2.3000e+01 0.0000e+00
0.0000e+00 7.3000e+01 7.9000e+01 0.0000e+00 3.5300e+02 9.6940e+03 1.0000e+00 8.0000e+00 3.0000e+00 0.0000e+00
0.0000e+00 1.0000e+00 5.1400e+02 0.0000e+00 2.0000e+00 0.0000e+00 0.0000e+00 8.4000e+01 0.0000e+00 0.0000e+00
0.0000e+00 2.0000e+00 0.0000e+00 0.0000e+00 3.3000e+01 0.0000e+00 2.3960e+03 5.1700e+02 2.0000e+00 0.0000e+00
0.0000e+00 1.8000e+01 8.0000e+00 0.0000e+00 8.7000e+01 0.0000e+00 0.0000e+00 2.0000e+00 1.9000e+01 0.0000e+00
0.0000e+00 7.4120e+03 8.8470e+03 0.0000e+00 0.0000e+00 0.0000e+00 0.0000e+00 7.2370e+03 7.0000e+00 0.0000e+00
0.0000e+00 3.0000e+00 0.0000e+00 0.0000e+00 0.0000e+00 0.0000e+00 0.0000e+00 2.9000e+01 1.0900e+02 0.0000e+00
0.0000e+00 2.1360e+03 5.0000e+00 0.0000e+00 2.0000e+00 0.0000e+00 0.0000e+00 8.0000e+00 8.0000e+00 0.0000e+00
