4.0000e-01 0.0000e+00 0.0000e+00 0.0000e+00 0.0000e+00 6.9196e-01 5.0000e-01 0.0000e+00 0.0000e+00 0.0000e+00 5.0000e-01 0.0000e+00 0.0000e+00 0.0000e+00 0.0000e+00 0.0000e+00 2.2222e-01 0.0000e+00 0.0000e+00 0.0000e+00 0.0000e+00 3.0769e-01 0.0000e+00 0.0000e+00 0.0000e+00 3.3333e-01 3.3333e-01 0.0000e+00 0.0000e+00 5.0000e-01 0.0000e+00 0.0000e+00 0.0000e+00 0.0000e+00 5.0000e-01 0.0000e+00 0.0000e+00 6.1538e-01 0.0000e+00 0.0000e+00 2.5000e-01 2.5000e-01 5.0000e-01 0.0000e+00 0.0000e+00 0.0000e+00 5.0346e-01 0.0000e+00 0.0000e+00 0.0000e+00
0.0000e+00 0.0000e+00 0.0000e+00 0.0000e+00 5.0000e-01 7.5000e-01 0.0000e+00 0.0000e+00 4.2857e-01 0.0000e+00 0.0000e+00 5.9411e-01 0.0000e+00 0.0000e+00 0.0000e+00 8.3333e-01 4.0000e-01 0.0000e+00 0.0000e+00 4.0000e-01 5.5556e-01 0.0000e+00 0.0000e+00 0.0000e+00 5.0000e-01 0.0000e+00 0.0000e+00 0.0000e+00 0.0000e+00 7.5000e-01 0.0000e+00 9.1410e-01 5.0000e-01 0.0000e+00 1.0000e+00 0.0000e+00 0.0000e+00 1.0000e+00 1.0000e+00 0.0000e+00 0.0000e+00 0.0000e+00 8.6957e-01 0.0000e+00 1.0000e+00 0.0000e+00 0.0000e+00 5.0000e-01 0.0000e+00 0.0000e+00
0.0000e+00 3.3333e-01 0.0000e+00 0.0000e+00 0.0000e+00 0.0000e+00 0.0000e+00 0.0000e+00 0.0000e+00 0.0000e+00 0.0000e+00 0.0000e+00 0.0000e+00 0.0000e+00 0.0000e+00 5.0000e-01 0.0000e+00 0.0000e+00 0.0000e+00 0.0000e+00 0.0000e+00 4.5608e-01 0.0000e+00 0.0000e+00 3.3333e-01 0.0000e+00 3.3333e-01 0.0000e+00 0.0000e+00 7.1680e-01 0.0000e+00 0.0000e+00 0.0000e+00 5.0000e-01 0.0000e+00 0.0000e+00 0.0000e+00 0.0000e+00 0.0000e+00 5.0000e-01 0.0000e+00 0.0000e+00 0.0000e+00 0.0000e+00 0.0000e+00 5.0000e-01 0.0000e+00 0.0000e+00 0.0000e+00 0.0000e+00
0.0000e+00 0.0000e+00 0.0000e+00 0.0000e+00 0.0000e+00 0.0000e+00 0.0000e+00 0.0000e+00 0.0000e+00 0.0000e+00 3.3333e-01 0.0000e+00 0.0000e+00 2.8571e-01 0.0000e+00 0.0000e+00 0.0000e+00 0.0000e+00 0.0000e+00 0.0000e+00 0.0000e+00 0.0000e+00 0.0000e+00 0.0000e+00 0.0000e+00 0.0000e+00 2.8571e-01 0.0000e+00 0.0000e+00 0.0000e+00 0.0000e+00 0.0000e+00 0.0000e+00 0.0000e+00 0.0000e+00 0.0000e+00 0.0000e+00 0.0000e+00 0.0000e+00 0.0000e+00 0.0000e+00 0.0000e+00 3.3333e-01 0.0000e+00 0.0000e+00 3.7097e-01 0.0000e+00 0.0000e+00 0.0000e+00 0.0000e+00
0.0000e+00 0.0000e+00 0.0000e+00 0.0000e+00 6.6667e-01 0.0000e+00 1.0000e+00 0.0000e+00 0.0000e+00 0.0000e+00 0.0000e+00 0.0000e+00 0.0000e+00 5.0000e-01 0.0000e+00 0.0000e+00 3.3333e-01 0.0000e+00 0.0000e+00 3.3333e-01 5.0000e-01 0.0000e+00 0.0000e+00 0.0000e+00 3.3333e-01 0.0000e+00 0.0000e+00 0.0000e+00 5.0000e-01 5.0000e-01 0.0000e+00 0.0000e+00 0.0000e+00 0.0000e+00 5.0000e-01 0.0000e+00 0.0000e+00 0.0000e+00 1.0000e+00 0.0000e+00 0.0000e+00 0.0000e+00 6.6667e-01 5.0000e-01 0.0000e+00 0.0000e+00 3.3333e-01 0.0000e+00 0.0000e+00 0.0000e+00
0.0000e+00 0.0000e+00 0.0000e+00 0.0000e+00 3.3333e-01 0.0000e+00 5.0000e-01 0.0000e+00 0.0000e+00 3.3333e-01 0.0000e+00 0.0000e+00 0.0000e+00 0.0000e+00 0.0000e+00 0.0000e+00 0.0000e+00 0.0000e+00 0.0000e+00 0.0000e+00 0.0000e+00 0.0000e+00 0.0000e+00 0.0000e+00 0.0000e+00 0.0000e+00 0.0000e+00 2.9412e-01 0.0000e+00 0.0000e+00 0.0000e+00 0.0000e+00 2.5000e-01 0.0000e+00 0.0000e+00 2.5000e-01 0.0000e+00 0.0000e+00 5.0000e-01 4.4444e-01 0.0000e+00 0.0000e+00 4.2857e-01 0.0000e+00 0.0000e+00 3.3333e-01 2.7941e-01 0.0000e+00 0.0000e+00 0.0000e+00
0.0000e+00 0.0000e+00 0.0000e+00 0.0000e+00 0.0000e+00 0.0000e+00 0.0000e+00 0.0000e+00 0.0000e+00 0.0000e+00 0.0000e+00 0.0000e+00 2.0000e-01 0.0000e+00 0.0000e+00 0.0000e+00 0.0000e+00 0.0000e+00 0.0000e+00 0.0000e+00 0.0000e+00 0.0000e+00 2.0000e-01 0.0000e+00 0.0000e+00 0.0000e+00 0.0000e+00 0.0000e+00 0.0000e+00 0.0000e+00 2.5000e-01 0.0000e+00 0.0000e+00 0.0000e+00 0.0000e+00 0.0000e+00 0.0000e+00 0.0000e+00 0.0000e+00 0.0000e+00 0.0000e+00 0.0000e+00 0.0000e+00 0.0000e+00 0.0000e+00 0.0000e+00 0.0000e+00 2.5000e-01 0.0000e+00 0.0000e+00
0.0000e+00 0.0000e+00 0.0000e+00 3.3333e-01 0.0000e+00 3.3333e-01 0.0000e+00 0.0000e+00 0.0000e+00 0.0000e+00 0.0000e+00 2.5000e-01 0.0000e+00 0.0000e+00 0.0000e+00 0.0000e+00 0.0000e+00 0.0000e+00 0.0000e+00 0.0000e+00 0.0000e+00 0.0000e+00 2.2222e-01 3.3333e-01 0.0000e+00 0.0000e+00 0.0000e+00 0.0000e+00 0.0000e+00 0.0000e+00 0.0000e+00 0.0000e+00 0.0000e+00 0.0000e+00 0.0000e+00 0.0000e+00 0.0000e+00 0.0000e+00 0.0000e+00 0.0000e+00 2.0000e-01 0.0000e+00 0.0000e+00 0.0000e+00 0.0000e+00 0.0000e+00 0.0000e+00 0.0000e+00 0.0000e+00 0.0000e+00
0.0000e+00 0.0000e+00 0.0000e+00 0.0000e+00 4.4000e-01 0.0000e+00 0.0000e+00 0.0000e+00 0.0000e+00 0.0000e+00 0.0000e+00 0.0000e+00 0.0000e+00 0.0000e+00 0.0000e+00 5.0000e-01 0.0000e+00 0.0000e+00 0.0000e+00 0.0000e+00 0.0000e+00 2.6923e-01 0.0000e+00 0.0000e+00 0.0000e+00 0.0000e+00 0.0000e+00 0.0000e+00 0.0000e+00 0.0000e+00 2.5000e-01 4.0000e-01 0.0000e+00 0.0000e+00 0.0000e+00 0.0000e+00 0.0000e+00 0.0000e+00 0.0000e+00 0.0000e+00 0.0000e+00 0.0000e+00 0.0000e+00 0.0000e+00 5.0000e-01 0.0000e+00 0.0000e+00 0.0000e+00 0.0000e+00 0.0000e+00
0.0000e+00 2.5000e-01 0.0000e+00 0.0000e+00 5.5527e-01 0.0000e+00 0.0000e+00 2.7692e-01 0.0000e+00 0.0000e+00 0.0000e+00 0.0000e+00 0.0000e+00 3.3333e-01 0.0000e+00 5.0000e-01 0.0000e+00 0.0000e+00 0.0000e+00 0.0000e+00 0.0000e+00 0.0000e+00 0.0000e+00 3.3333e-01 0.0000e+00 0.0000e+00 0.0000e+00 0.0000e+00 0.0000e+00 0.0000e+00 0.0000e+00 0.0000e+00 0.0000e+00 0.0000e+00 0.0000e+00 2.5000e-01 0.0000e+00 5.0000e-01 6.2264e-01 5.0000e-01 0.0000e+00 0.0000e+00 5.0000e-01 0.0000e+00 0.0000e+00 0.0000e+00 0.0000e+00 3.3333e-01 0.0000e+00 0.0000e+00
5.0000e-01 5.0000e-01 5.0000e-01 5.0000e-01 0.0000e+00 0.0000e+00 1.0000e+00 0.0000e+00 5.0000e-01 0.0000e+00 0.0000e+00 0.0000e+00 0.0000e+00 0.0000e+00 9.1424e-01 1.0000e+00 0.0000e+00 0.0000e+00 0.0000e+00 0.0000e+00 5.0000e-01 5.0000e-01 0.0000e+00 8.8000e-01 6.0000e-01 6.6667e-01 5.0000e-01 0.0000e+00 0.0000e+00 0.0000e+00 0.0000e+00 0.0000e+00 0.0000e+00 1.0000e+00 1.0000e+00 5.0000e-01 0.0000e+00 1.0000e+00 1.0000e+00 1.0000e+00 0.0000e+00 5.0000e-01 0.0000e+00 6.6667e-01 1.0000e+00 6.6667e-01 5.0000e-01 6.9231e-01 5.0000e-01 5.0000e-01
0.0000e+00 0.0000e+00 0.0000e+00 0.0000e+00 0.0000e+00 6.0781e-01 0.0000e+00 0.0000e+00 0.0000e+00 0.0000e+00 0.0000e+00 2.9268e-01 0.0000e+00 0.0000e+00 3.3333e-01 0.0000e+00 0.0000e+00 0.0000e+00 0.0000e+00 0.0000e+00 3.3333e-01 0.0000e+00 2.5806e-01 0.0000e+00 0.0000e+00 0.0000e+00 3.3333e-01 0.0000e+00 0.0000e+00 4.5455e-01 0.0000e+00 0.0000e+00 0.0000e+00 0.0000e+00 0.0000e+00 2.7273e-01 0.0000e+00 5.0000e-01 0.0000e+00 0.0000e+00 0.0000e+00 0.0000e+00 0.0000e+00 0.0000e+00 0.0000e+00 0.0000e+00 0.0000e+00 0.0000e+00 0.0000e+00 5.0000e-01
5.0000e-01 5.0000e-01 0.0000e+00 5.0000e-01 1.0000e+00 1.0000e+00 1.0000e+00 6.9349e-01 6.6667e-01 1.0000e+00 0.0000e+00 5.0000e-01 0.0000e+00 0.0000e+00 0.0000e+00 0.0000e+00 0.0000e+00 0.0000e+00 6.6667e-01 5.0000e-01 7.5000e-01 7.5000e-01 0.0000e+00 8.0000e-01 8.0885e-01 8.2161e-01 0.0000e+00 6.6667e-01 5.0000e-01 1.0000e+00 0.0000e+00 6.6667e-01 8.4615e-01 1.0000e+00 1.0000e+00 0.0000e+00 7.6493e-01 1.0000e+00 1.0000e+00 0.0000e+00 0.0000e+00 7.9365e-01 1.0000e+00 8.9474e-01 6.6667e-01 1.0000e+00 8.0000e-01 0.0000e+00 0.0000e+00 0.0000e+00
0.0000e+00 0.0000e+00 0.0000e+00 0.0000e+00 0.0000e+00 0.0000e+00 0.0000e+00 0.0000e+00 0.0000e+00 0.0000e+00 0.0000e+00 3.3333e-01 0.0000e+00 0.0000e+00 0.0000e+00 0.0000e+00 0.0000e+00 0.0000e+00 0.0000e+00 0.0000e+00 0.0000e+00 0.0000e+00 2.8571e-01 3.3333e-01 3.3333e-01 0.0000e+00 0.0000e+00 0.0000e+00 0.0000e+00 0.0000e+00 0.0000e+00 0.0000e+00 0.0000e+00 5.0000e-01 7.5000e-01 0.0000e+00 0.0000e+00 6.6667e-01 7.0297e-01 5.0000e-01 3.3333e-01 0.0000e+00 0.0000e+00 0.0000e+00 0.0000e+00 6.1911e-01 3.3333e-01 3.9130e-01 0.0000e+00 0.0000e+00
0.0000e+00 0.0000e+00 0.0000e+00 3.3333e-01 0.0000e+00 0.0000e+00 0.0000e+00 0.0000e+00 0.0000e+00 0.0000e+00 0.0000e+00 2.7778e-01 0.0000e+00 4.4418e-01 0.0000e+00 0.0000e+00 0.0000e+00 0.0000e+00 0.0000e+00 0.0000e+00 2.5000e-01 2.6667e-01 0.0000e+00 0.0000e+00 0.0000e+00 0.0000e+00 0.0000e+00 0.0000e+00 0.0000e+00 0.0000e+00 0.0000e+00 0.0000e+00 0.0000e+00 0.0000e+00 0.0000e+00 2.7358e-01 2.5000e-01 5.0000e-01 5.0000e-01 4.0000e-01 0.0000e+00 0.0000e+00 0.0000e+00 0.0000e+00 0.0000e+00 4.0000e-01 0.0000e+00 0.0000e+00 0.0000e+00 0.0000e+00
0.0000e+00 0.0000e+00 0.0000e+00 0.0000e+00 0.0000e+00 0.0000e+00 0.0000e+00 2.5000e-01 2.5000e-01 0.0000e+00 5.0000e-01 0.0000e+00 0.0000e+00 0.0000e+00 4.2857e-01 5.0000e-01 0.0000e+00 0.0000e+00 0.0000e+00 0.0000e+00 0.0000e+00 3.7500e-01 0.0000e+00 4.0000e-01 0.0000e+00 0.0000e+00 0.0000e+00 0.0000e+00 0.0000e+00 0.0000e+00 0.0000e+00 0.0000e+00 0.0000e+00 7.1098e-01 8.5276e-01 0.0000e+00 0.0000e+00 7.7067e-01 7.1429e-01 0.0000e+00 0.0000e+00 0.0000e+00 5.0000e-01 0.0000e+00 7.1225e-01 0.0000e+00 0.0000e+00 0.0000e+00 0.0000e+00 0.0000e+00
0.0000e+00 0.0000e+00 0.0000e+00 0.0000e+00 0.0000e+00 0.0000e+00 0.0000e+00 0.0000e+00 0.0000e+00 3.3333e-01 5.0407e-01 0.0000e+00 2.0000e-01 0.0000e+00 0.0000e+00 0.0000e+00 0.0000e+00 0.0000e+00 0.0000e+00 0.0000e+00 0.0000e+00 0.0000e+00 0.0000e+00 0.0000e+00 0.0000e+00 0.0000e+00 0.0000e+00 0.0000e+00 0.0000e+00 0.0000e+00 0.0000e+00 0.0000e+00 0.0000e+00 0.0000e+00 0.0000e+00 0.0000e+00 0.0000e+00 0.0000e+00 0.0000e+00 0.0000e+00 0.0000e+00 0.0000e+00 0.0000e+00 3.3333e-01 0.0000e+00 0.0000e+00 0.0000e+00 0.0000e+00 0.0000e+00 0.0000e+00
0.0000e+00 8.3841e-01 0.0000e+00 7.5000e-01 1.0000e+00 1.0000e+00 0.0000e+00 8.1076e-01 0.0000e+00 1.0000e+00 5.0000e-01 7.5000e-01 0.0000e+00 5.0000e-01 1.0000e+00 1.0000e+00 5.0000e-01 0.0000e+00 5.0000e-01 0.0000e+00 0.0000e+00 0.0000e+00 0.0000e+00 0.0000e+00 5.0000e-01 5.0000e-01 5.0000e-01 0.0000e+00 0.0000e+00 1.0000e+00 0.0000e+00 0.0000e+00 0.0000e+00 1.0000e+00 0.0000e+00 0.0000e+00 7.8927e-01 0.0000e+00 0.0000e+00 0.0000e+00 0.0000e+00 0.0000e+00 0.0000e+00 0.0000e+00 1.0000e+00 5.0000e-01 0.0000e+00 8.8889e-01 0.0000e+00 0.0000e+00
0.0000e+00 0.0000e+00 0.0000e+00 0.0000e+00 0.0000e+00 0.0000e+00 5.0000e-01 0.0000e+00 2.2222e-01 0.0000e+00 4.0000e-01 0.0000e+00 0.0000e+00 0.0000e+00 0.0000e+00 5.0794e-01 0.0000e+00 0.0000e+00 0.0000e+00 0.0000e+00 0.0000e+00 0.0000e+00 0.0000e+00 0.0000e+00 0.0000e+00 0.0000e+00 0.0000e+00 0.0000e+00 0.0000e+00 0.0000e+00 0.0000e+00 0.0000e+00 0.0000e+00 0.0000e+00 0.0000e+00 0.0000e+00 0.0000e+00 0.0000e+00 0.0000e+00 3.3333e-01 0.0000e+00 2.5000e-01 0.0000e+00 0.0000e+00 0.0000e+00 3.7500e-01 0.0000e+00 0.0000e+00 0.0000e+00 0.0000e+00
0.0000e+00 0.0000e+00 0.0000e+00 0.0000e+00 0.0000e+00 0.0000e+00 0.0000e+00 0.0000e+00 0.0000e+00 0.0000e+00 0.0000e+00 0.0000e+00 0.0000e+00 0.0000e+00 0.0000e+00 0.0000e+00 0.0000e+00 0.0000e+00 0.0000e+00 0.0000e+00 0.0000e+00 0.0000e+00 0.0000e+00 3.3333e-01 0.0000e+00 0.0000e+00 0.0000e+00 0.0000e+00 2.5000e-01 0.0000e+00 2.5000e-01 0.0000e+00 0.0000e+00 0.0000e+00 0.0000e+00 0.0000e+00 0.0000e+00 0.0000e+00 0.0000e+00 0.0000e+00 0.0000e+00 0.0000e+00 0.0000e+00 0.0000e+00 0.0000e+00 0.0000e+00 0.0000e+00 0.0000e+00 0.0000e+00 0.0000e+00
0.0000e+00 0.0000e+00 0.0000e+00 0.0000e+00 0.0000e+00 0.0000e+00 0.0000e+00 0.0000e+00 0.0000e+00 0.0000e+00 5.0000e-01 4.0000e-01 0.0000e+00 0.0000e+00 0.0000e+00 0.0000e+00 0.0000e+00 0.0000e+00 0.0000e+00 0.0000e+00 0.0000e+00 0.0000e+00 0.0000e+00 0.0000e+00 0.0000e+00 0.0000e+00 0.0000e+00 0.0000e+00 0.0000e+00 0.0000e+00 0.0000e+00 0.0000e+00 3.3333e-01 0.0000e+00 0.0000e+00 3.8462e-01 0.0000e+00 6.6667e-01 0.0000e+00 5.0000e-01 0.0000e+00 0.0000e+00 0.0000e+00 0.0000e+00 0.0000e+00 0.0000e+00 0.0000e+00 0.0000e+00 3.3333e-01 7.5133e-01
0.0000e+00 0.0000e+00 0.0000e+00 5.0000e-01 6.8750e-01 0.0000e+00 0.0000e+00 0.0000e+00 0.0000e+00 5.0000e-01 5.0000e-01 0.0000e+00 0.0000e+00 0.0000e+00 0.0000e+00 5.0000e-01 0.0000e+00 3.3333e-01 0.0000e+00 0.0000e+00 0.0000e+00 0.0000e+00 3.3333e-01 0.0000e+00 0.0000e+00 0.0000e+00 0.0000e+00 0.0000e+00 0.0000e+00 5.0000e-01 0.0000e+00 0.0000e+00 0.0000e+00 1.0000e+00 6.6667e-01 0.0000e+00 0.0000e+00 6.6667e-01 6.6667e-01 0.0000e+00 0.0000e+00 3.3333e-01 5.0000e-01 0.0000e+00 6.6667e-01 0.0000e+00 5.0000e-01 5.0000e-01 0.0000e+00 0.0000e+00
0.0000e+00 0.0000e+00 0.0000e+00 0.0000e+00 5.0000e-01 0.0000e+00 0.0000e+00 3.4375e-01 0.0000e+00 0.0000e+00 0.0000e+00 0.0000e+00 0.0000e+00 3.3333e-01 5.0000e-01 7.1429e-01 0.0000e+00 0.0000e+00 0.0000e+00 3.3333e-01 4.0000e-01 0.0000e+00 0.0000e+00 0.0000e+00 0.0000e+00 3.3333e-01 0.0000e+00 0.0000e+00 0.0000e+00 6.5000e-01 3.3333e-01 5.0000e-01 4.8800e-01 0.0000e+00 7.2727e-01 4.0901e-01 3.3333e-01 5.0000e-01 0.0000e+00 0.0000e+00 0.0000e+00 0.0000e+00 0.0000e+00 0.0000e+00 0.0000e+00 0.0000e+00 0.0000e+00 0.0000e+00 3.3333e-01 5.0000e-01
0.0000e+00 0.0000e+00 0.0000e+00 0.0000e+00 0.0000e+00 0.0000e+00 0.0000e+00 0.0000e+00 0.0000e+00 0.0000e+00 0.0000e+00 0.0000e+00 0.0000e+00 0.0000e+00 7.5000e-01 0.0000e+00 0.0000e+00 0.0000e+00 0.0000e+00 5.4167e-01 0.0000e+00 0.0000e+00 6.4926e-01 0.0000e+00 0.0000e+00 7.0324e-01 0.0000e+00 5.0000e-01 0.0000e+00 0.0000e+00 5.0000e-01 0.0000e+00 0.0000e+00 0.0000e+00 7.5000e-01 0.0000e+00 0.0000e+00 0.0000e+00 0.0000e+00 0.0000e+00 0.0000e+00 0.0000e+00 0.0000e+00 0.0000e+00 0.0000e+00 0.0000e+00 5.8065e-01 5.7143e-01 0.0000e+00 5.0000e-01
0.0000e+00 0.0000e+00 0.0000e+00 0.0000e+00 0.0000e+00 0.0000e+00 0.0000e+00 0.0000e+00 0.0000e+00 0.0000e+00 0.0000e+00 5.0000e-01 0.0000e+00 0.0000e+00 0.0000e+00 0.0000e+00 0.0000e+00 0.0000e+00 0.0000e+00 0.0000e+00 0.0000e+00 0.0000e+00 0.0000e+00 5.0000e-01 0.0000e+00 0.0000e+00 0.0000e+00 6.0288e-01 0.0000e+00 0.0000e+00 0.0000e+00 0.0000e+00 0.0000e+00 0.0000e+00 5.0000e-01 0.0000e+00 0.0000e+00 1.0000e+00 1.0000e+00 0.0000e+00 0.0000e+00 3.3333e-01 0.0000e+00 0.0000e+00 1.0000e+00 0.0000e+00 0.0000e+00 0.0000e+00 0.0000e+00 0.0000e+00
5.7895e-01 4.0000e-01 0.0000e+00 0.0000e+00 6.6667e-01 6.6667e-01 8.8889e-01 0.0000e+00 3.7500e-01 5.0000e-01 0.0000e+00 0.0000e+00 3.7500e-01 0.0000e+00 0.0000e+00 8.5714e-01 3.3333e-01 0.0000e+00 0.0000e+00 0.0000e+00 5.0000e-01 3.3333e-01 0.0000e+00 0.0000e+00 0.0000e+00 0.0000e+00 5.0000e-01 0.0000e+00 0.0000e+00 5.0000e-01 0.0000e+00 0.0000e+00 5.0000e-01 6.6667e-01 0.0000e+00 0.0000e+00 0.0000e+00 9.5028e-01 9.7506e-01 8.0000e-01 0.0000e+00 0.0000e+00 6.6667e-01 5.0000e-01 0.0000e+00 6.3636e-01 0.0000e+00 0.0000e+00 0.0000e+00 5.0000e-01
0.0000e+00 2.5000e-01 0.0000e+00 0.0000e+00 0.0000e+00 0.0000e+00 7.2011e-01 0.0000e+00 0.0000e+00 0.0000e+00 5.0000e-01 0.0000e+00 0.0000e+00 0.0000e+00 0.0000e+00 5.0000e-01 0.0000e+00 2.5000e-01 0.0000e+00 0.0000e+00 0.0000e+00 0.0000e+00 0.0000e+00 0.0000e+00 0.0000e+00 0.0000e+00 0.0000e+00 3.3333e-01 0.0000e+00 5.0000e-01 0.0000e+00 0.0000e+00 0.0000e+00 0.0000e+00 7.1186e-01 0.0000e+00 0.0000e+00 0.0000e+00 0.0000e+00 0.0000e+00 0.0000e+00 0.0000e+00 0.0000e+00 0.0000e+00 0.0000e+00 3.3333e-01 0.0000e+00 0.0000e+00 0.0000e+00 0.0000e+00
0.0000e+00 0.0000e+00 0.0000e+00 0.0000e+00 0.0000e+00 0.0000e+00 0.0000e+00 0.0000e+00 0.0000e+00 0.0000e+00 0.0000e+00 0.0000e+00 0.0000e+00 0.0000e+00 0.0000e+00 0.0000e+00 0.0000e+00 0.0000e+00 0.0000e+00 0.0000e+00 0.0000e+00 0.0000e+00 0.0000e+00 0.0000e+00 0.0000e+00 0.0000e+00 0.0000e+00 0.0000e+00 3.0000e-01 0.0000e+00 0.0000e+00 0.0000e+00 2.5000e-01 0.0000e+00 5.0000e-01 0.0000e+00 0.0000e+00 0.0000e+00 5.0000e-01 0.0000e+00 0.0000e+00 0.0000e+00 0.0000e+00 0.0000e+00 0.0000e+00 0.0000e+00 0.0000e+00 2.7273e-01 0.0000e+00 0.0000e+00
0.0000e+00 0.0000e+00 0.0000e+00 6.8318e-01 6.6667e-01 0.0000e+00 0.0000e+00 0.0000e+00 0.0000e+00 6.6667e-01 5.0000e-01 0.0000e+00 0.0000e+00 5.0000e-01 0.0000e+00 0.0000e+00 0.0000e+00 0.0000e+00 3.3333e-01 3.6364e-01 0.0000e+00 3.3333e-01 0.0000e+00 0.0000e+00 5.2136e-01 0.0000e+00 0.0000e+00 4.2857e-01 0.0000e+00 0.0000e+00 0.0000e+00 0.0000e+00 0.0000e+00 5.0000e-01 5.0000e-01 0.0000e+00 0.0000e+00 6.6667e-01 0.0000e+00 5.0000e-01 0.0000e+00 0.0000e+00 0.0000e+00 0.0000e+00 0.0000e+00 0.0000e+00 0.0000e+00 0.0000e+00 3.6919e-01 0.0000e+00
0.0000e+00 0.0000e+00 0.0000e+00 0.0000e+00 0.0000e+00 0.0000e+00 0.0000e+00 0.0000e+00 0.0000e+00 0.0000e+00 0.0000e+00 0.0000e+00 0.0000e+00 0.0000e+00 0.0000e+00 5.5556e-01 0.0000e+00 0.0000e+00 0.0000e+00 0.0000e+00 0.0000e+00 2.5000e-01 0.0000e+00 0.0000e+00 0.0000e+00 2.5000e-01 0.0000e+00 0.0000e+00 3.3333e-01 3.3333e-01 0.0000e+00 0.0000e+00 0.0000e+00 0.0000e+00 7.0105e-01 0.0000e+00 0.0000e+00 5.0000e-01 0.0000e+00 0.0000e+00 0.0000e+00 2.5000e-01 0.0000e+00 0.0000e+00 0.0000e+00 0.0000e+00 2.5000e-01 0.0000e+00 0.0000e+00 0.0000e+00
0.0000e+00 0.0000e+00 0.0000e+00 0.0000e+00 0.0000e+00 0.0000e+00 0.0000e+00 0.0000e+00 0.0000e+00 6.6667e-01 9.3103e-01 0.0000e+00 0.0000e+00 0.0000e+00 7.6598e-01 0.0000e+00 0.0000e+00 0.0000e+00 3.3333e-01 0.0000e+00 7.1170e-01 0.0000e+00 0.0000e+00 0.0000e+00 4.0000e-01 0.0000e+00 0.0000e+00 0.0000e+00 0.0000e+00 7.5000e-01 0.0000e+00 5.0000e-01 5.0000e-01 0.0000e+00 5.0000e-01 0.0000e+00 0.0000e+00 6.6667e-01 5.0000e-01 5.0000e-01 0.0000e+00 0.0000e+00 5.0000e-01 0.0000e+00 9.2308e-01 5.0000e-01 0.0000e+00 0.0000e+00 0.0000e+00 0.0000e+00
0.0000e+00 0.0000e+00 3.3333e-01 5.0000e-01 6.6667e-01 0.0000e+00 9.2857e-01 0.0000e+00 0.0000e+00 5.0000e-01 0.0000e+00 5.5379e-01 0.0000e+00 0.0000e+00 5.0000e-01 5.0000e-01 0.0000e+00 0.0000e+00 0.0000e+00 0.0000e+00 0.0000e+00 0.0000e+00 0.0000e+00 0.0000e+00 0.0000e+00 5.1515e-01 0.0000e+00 0.0000e+00 5.0000e-01 8.1481e-01 3.3333e-01 0.0000e+00 0.0000e+00 5.0000e-01 1.0000e+00 4.2857e-01 0.0000e+00 9.2308e-01 8.8889e-01 0.0000e+00 0.0000e+00 4.0000e-01 5.0000e-01 0.0000e+00 6.6667e-01 0.0000e+00 0.0000e+00 6.6247e-01 0.0000e+00 0.0000e+00
4.1667e-01 0.0000e+00 0.0000e+00 0.0000e+00 0.0000e+00 5.4839e-01 6.6667e-01 0.0000e+00 0.0000e+00 5.0000e-01 0.0000e+00 0.0000e+00 0.0000e+00 0.0000e+00 0.0000e+00 6.6070e-01 0.0000e+00 0.0000e+00 0.0000e+00 0.0000e+00 3.3333e-01 0.0000e+00 0.0000e+00 0.0000e+00 0.0000e+00 0.0000e+00 0.0000e+00 3.3333e-01 3.3333e-01 0.0000e+00 0.0000e+00 0.0000e+00 0.0000e+00 0.0000e+00 0.0000e+00 0.0000e+00 0.0000e+00 0.0000e+00 0.0000e+00 0.0000e+00 0.0000e+00 0.0000e+00 0.0000e+00 0.0000e+00 5.0000e-01 0.0000e+00 0.0000e+00 0.0000e+00 0.0000e+00 0.0000e+00
6.6667e-01 0.0000e+00 0.0000e+00 0.0000e+00 6.6667e-01 0.0000e+00 1.0000e+00 5.0000e-01 0.0000e+00 8.5714e-01 1.0000e+00 5.0000e-01 5.0000e-01 6.6667e-01 7.5000e-01 1.0000e+00 3.3333e-01 0.0000e+00 5.3333e-01 0.0000e+00 0.0000e+00 5.7143e-01 5.0000e-01 5.0000e-01 5.3846e-01 6.0000e-01 0.0000e+00 0.0000e+00 0.0000e+00 6.6667e-01 5.0000e-01 7.5000e-01 7.1000e-01 1.0000e+00 1.0000e+00 0.0000e+00 6.3136e-01 1.0000e+00 0.0000e+00 0.0000e+00 6.7666e-01 5.0000e-01 0.0000e+00 7.5000e-01 0.0000e+00 6.6667e-01 0.0000e+00 6.0000e-01 0.0000e+00 1.0000e+00
0.0000e+00 0.0000e+00 0.0000e+00 0.0000e+00 0.0000e+00 0.0000e+00 0.0000e+00 0.0000e+00 0.0000e+00 0.0000e+00 0.0000e+00 0.0000e+00 0.0000e+00 0.0000e+00 0.0000e+00 0.0000e+00 0.0000e+00 0.0000e+00 0.0000e+00 0.0000e+00 0.0000e+00 0.0000e+00 0.0000e+00 0.0000e+00 0.0000e+00 0.0000e+00 0.0000e+00 0.0000e+00 0.0000e+00 0.0000e+00 2.6154e-01 0.0000e+00 0.0000e+00 0.0000e+00 0.0000e+00 0.0000e+00 0.0000e+00 0.0000e+00 0.0000e+00 0.0000e+00 0.0000e+00 0.0000e+00 0.0000e+00 4.0060e-01 0.0000e+00 0.0000e+00 0.0000e+00 0.0000e+00 0.0000e+00 0.0000e+00
0.0000e+00 6.6667e-01 0.0000e+00 1.0000e+00 1.0000e+00 1.0000e+00 1.0000e+00 7.5000e-01 5.0000e-01 1.0000e+00 1.0000e+00 1.0000e+00 8.5714e-01 8.8889e-01 1.0000e+00 1.0000e+00 8.2138e-01 8.3333e-01 1.0000e+00 8.8462e-01 1.0000e+00 6.6667e-01 8.7500e-01 1.0000e+00 6.6667e-01 1.0000e+00 9.2857e-01 0.0000e+00 5.0000e-01 1.0000e+00 5.0000e-01 1.0000e+00 1.0000e+00 1.0000e+00 1.0000e+00 0.0000e+00 9.0526e-01 1.0000e+00 1.0000e+00 1.0000e+00 5.0000e-01 9.3233e-01 1.0000e+00 1.0000e+00 1.0000e+00 1.0000e+00 1.0000e+00 1.0000e+00 7.5000e-01 1.0000e+00
0.0000e+00 0.0000e+00 0.0000e+00 0.0000e+00 0.0000e+00 0.0000e+00 0.0000e+00 0.0000e+00 0.0000e+00 0.0000e+00 3.3333e-01 0.0000e+00 0.0000e+00 0.0000e+00 0.0000e+00 0.0000e+00 0.0000e+00 0.0000e+00 0.0000e+00 0.0000e+00 0.0000e+00 0.0000e+00 0.0000e+00 3.3333e-01 0.0000e+00 2.5000e-01 2.5000e-01 0.0000e+00 0.0000e+00 3.3333e-01 0.0000e+00 0.0000e+00 0.0000e+00 0.0000e+00 0.0000e+00 2.5000e-01 0.0000e+00 0.0000e+00 0.0000e+00 0.0000e+00 0.0000e+00 0.0000e+00 4.0741e-01 0.0000e+00 3.3333e-01 0.0000e+00 0.0000e+00 0.0000e+00 0.0000e+00 4.0000e-01
0.0000e+00 0.0000e+00 0.0000e+00 6.6667e-01 0.0000e+00 5.0000e-01 5.0000e-01 3.3333e-01 0.0000e+00 0.0000e+00 7.5000e-01 3.3333e-01 0.0000e+00 0.0000e+00 5.5556e-01 7.5000e-01 0.0000e+00 0.0000e+00 0.0000e+00 0.0000e+00 0.0000e+00 0.0000e+00 0.0000e+00 5.5385e-01 4.1176e-01 3.3333e-01 0.0000e+00 0.0000e+00 5.0000e-01 0.0000e+00 0.0000e+00 0.0000e+00 5.0000e-01 0.0000e+00 6.6667e-01 0.0000e+00 0.0000e+00 5.0000e-01 0.0000e+00 0.0000e+00 0.0000e+00 0.0000e+00 7.9760e-01 0.0000e+00 8.0000e-01 0.0000e+00 4.2857e-01 3.3333e-01 3.8889e-01 6.6667e-01
5.0000e-01 8.6667e-01 5.0000e-01 5.0000e-01 1.0000e+00 0.0000e+00 1.0000e+00 0.0000e+00 6.6667e-01 1.0000e+00 0.0000e+00 6.6667e-01 8.3948e-01 0.0000e+00 1.0000e+00 1.0000e+00 0.0000e+00 5.0000e-01 0.0000e+00 8.7040e-01 0.0000e+00 0.0000e+00 6.0000e-01 6.6667e-01 7.5000e-01 0.0000e+00 7.0000e-01 0.0000e+00 5.0000e-01 1.0000e+00 0.0000e+00 0.0000e+00 0.0000e+00 1.0000e+00 1.0000e+00 9.7973e-01 0.0000e+00 0.0000e+00 1.0000e+00 1.0000e+00 0.0000e+00 0.0000e+00 0.0000e+00 0.0000e+00 1.0000e+00 0.0000e+00 5.0000e-01 8.7500e-01 0.0000e+00 1.0000e+00
1.0000e+00 6.6667e-01 9.4345e-01 1.0000e+00 1.0000e+00 1.0000e+00 1.0000e+00 0.0000e+00 0.0000e+00 1.0000e+00 1.0000e+00 0.0000e+00 6.6667e-01 9.4286e-01 1.0000e+00 1.0000e+00 6.6667e-01 6.6667e-01 6.6667e-01 0.0000e+00 0.0000e+00 8.3333e-01 0.0000e+00 1.0000e+00 8.7805e-01 5.0000e-01 8.8889e-01 1.0000e+00 6.6667e-01 0.0000e+00 9.8006e-01 1.0000e+00 1.0000e+00 1.0000e+00 0.0000e+00 8.0000e-01 8.3333e-01 1.0000e+00 1.0000e+00 1.0000e+00 6.6667e-01 5.0000e-01 1.0000e+00 7.5000e-01 1.0000e+00 0.0000e+00 9.2308e-01 6.6667e-01 0.0000e+00 1.0000e+00
7.1721e-01 0.0000e+00 0.0000e+00 0.0000e+00 0.0000e+00 0.0000e+00 0.0000e+00 0.0000e+00 0.0000e+00 5.0000e-01 0.0000e+00 0.0000e+00 0.0000e+00 0.0000e+00 5.0000e-01 0.0000e+00 0.0000e+00 0.0000e+00 0.0000e+00 0.0000e+00 4.7368e-01 0.0000e+00 3.3333e-01 0.0000e+00 0.0000e+00 0.0000e+00 0.0000e+00 0.0000e+00 0.0000e+00 0.0000e+00 0.0000e+00 0.0000e+00 0.0000e+00 0.0000e+00 0.0000e+00 0.0000e+00 0.0000e+00 0.0000e+00 0.0000e+00 0.0000e+00 0.0000e+00 0.0000e+00 0.0000e+00 5.0000e-01 6.6667e-01 5.0000e-01 0.0000e+00 5.9795e-01 0.0000e+00 0.0000e+00
1.0000e+00 1.0000e+00 6.6667e-01 1.0000e+00 1.0000e+00 1.0000e+00 1.0000e+00 9.4737e-01 9.5833e-01 1.0000e+00 1.0000e+00 1.0000e+00 6.6667e-01 5.0000e-01 1.0000e+00 1.0000e+00 7.6000e-01 9.5845e-01 1.0000e+00 1.0000e+00 0.0000e+00 1.0000e+00 8.7500e-01 1.0000e+00 8.5714e-01 1.0000e+00 1.0000e+00 1.0000e+00 7.5000e-01 1.0000e+00 1.0000e+00 1.0000e+00 1.0000e+00 1.0000e+00 1.0000e+00 1.0000e+00 7.5000e-01 1.0000e+00 1.0000e+00 1.0000e+00 9.7619e-01 5.0000e-01 1.0000e+00 1.0000e+00 1.0000e+00 1.0000e+00 1.0000e+00 1.0000e+00 1.0000e+00 1.0000e+00
0.0000e+00 0.0000e+00 0.0000e+00 0.0000e+00 0.0000e+00 0.0000e+00 5.0000e-01 0.0000e+00 0.0000e+00 3.3333e-01 0.0000e+00 0.0000e+00 0.0000e+00 0.0000e+00 0.0000e+00 3.3333e-01 0.0000e+00 0.0000e+00 0.0000e+00 0.0000e+00 0.0000e+00 2.5000e-01 0.0000e+00 0.0000e+00 0.0000e+00 2.5000e-01 0.0000e+00 0.0000e+00 2.8571e-01 0.0000e+00 0.0000e+00 0.0000e+00 0.0000e+00 0.0000e+00 0.0000e+00 0.0000e+00 0.0000e+00 0.0000e+00 0.0000e+00 0.0000e+00 0.0000e+00 0.0000e+00 3.3333e-01 0.0000e+00 0.0000e+00 0.0000e+00 0.0000e+00 0.0000e+00 0.0000e+00 0.0000e+00
0.0000e+00 0.0000e+00 0.0000e+00 0.0000e+00 0.0000e+00 5.0000e-01 6.6667e-01 0.0000e+00 0.0000e+00 0.0000e+00 5.0000e-01 0.0000e+00 0.0000e+00 0.0000e+00 0.0000e+00 0.0000e+00 0.0000e+00 3.0000e-01 0.0000e+00 0.0000e+00 0.0000e+00 0.0000e+00 0.0000e+00 0.0000e+00 0.0000e+00 0.0000e+00 0.0000e+00 0.0000e+00 0.0000e+00 0.0000e+00 0.0000e+00 0.0000e+00 0.0000e+00 0.0000e+00 0.0000e+00 0.0000e+00 0.0000e+00 5.0000e-01 0.0000e+00 7.0459e-01 0.0000e+00 0.0000e+00 0.0000e+00 0.0000e+00 0.0000e+00 0.0000e+00 0.0000e+00 4.0385e-01 0.0000e+00 0.0000e+00
3.3333e-01 0.0000e+00 0.0000e+00 4.0000e-01 0.0000e+00 0.0000e+00 5.3846e-01 0.0000e+00 0.0000e+00 0.0000e+00 0.0000e+00 0.0000e+00 0.0000e+00 3.3333e-01 0.0000e+00 0.0000e+00 0.0000e+00 2.2222e-01 0.0000e+00 0.0000e+00 2.5000e-01 0.0000e+00 2.5000e-01 0.0000e+00 0.0000e+00 0.0000e+00 0.0000e+00 0.0000e+00 0.0000e+00 0.0000e+00 2.5000e-01 0.0000e+00 0.0000e+00 0.0000e+00 5.0000e-01 0.0000e+00 2.2222e-01 0.0000e+00 5.0000e-01 0.0000e+00 2.5000e-01 0.0000e+00 0.0000e+00 3.3333e-01 4.0000e-01 0.0000e+00 2.5000e-01 0.0000e+00 0.0000e+00 0.0000e+00
0.0000e+00 0.0000e+00 0.0000e+00 3.3333e-01 0.0000e+00 5.0000e-01 6.1538e-01 0.0000e+00 0.0000e+00 0.0000e+00 5.0000e-01 3.0000e-01 0.0000e+00 4.2857e-01 3.3333e-01 0.0000e+00 0.0000e+00 0.0000e+00 0.0000e+00 0.0000e+00 0.0000e+00 0.0000e+00 0.0000e+00 3.3333e-01 0.0000e+00 0.0000e+00 5.0185e-01 0.0000e+00 3.3333e-01 5.3261e-01 0.0000e+00 4.0000e-01 3.3333e-01 0.0000e+00 0.0000e+00 0.0000e+00 0.0000e+00 5.0000e-01 0.0000e+00 5.2174e-01 2.5000e-01 0.0000e+00 0.0000e+00 0.0000e+00 0.0000e+00 0.0000e+00 0.0000e+00 3.5000e-01 0.0000e+00 5.0000e-01
0.0000e+00 0.0000e+00 0.0000e+00 0.0000e+00 0.0000e+00 0.0000e+00 0.0000e+00 0.0000e+00 0.0000e+00 0.0000e+00 0.0000e+00 0.0000e+00 0.0000e+00 0.0000e+00 3.4615e-01 0.0000e+00 0.0000e+00 0.0000e+00 0.0000e+00 0.0000e+00 0.0000e+00 0.0000e+00 0.0000e+00 0.0000e+00 0.0000e+00 0.0000e+00 0.0000e+00 0.0000e+00 0.0000e+00 0.0000e+00 2.5000e-01 0.0000e+00 0.0000e+00 0.0000e+00 5.0000e-01 2.5000e-01 0.0000e+00 0.0000e+00 0.0000e+00 0.0000e+00 0.0000e+00 0.0000e+00 0.0000e+00 0.0000e+00 0.0000e+00 0.0000e+00 0.0000e+00 0.0000e+00 0.0000e+00 0.0000e+00
5.0000e-01 3.3333e-01 0.0000e+00 6.9742e-01 0.0000e+00 0.0000e+00 0.0000e+00 0.0000e+00 4.1072e-01 0.0000e+00 6.6667e-01 4.0909e-01 0.0000e+00 0.0000e+00 5.5491e-01 0.0000e+00 3.3100e-01 0.0000e+00 0.0000e+00 3.3333e-01 5.0000e-01 4.0000e-01 3.3333e-01 0.0000e+00 3.3333e-01 0.0000e+00 0.0000e+00 0.0000e+00 0.0000e+00 5.0000e-01 0.0000e+00 6.0000e-01 0.0000e+00 0.0000e+00 0.0000e+00 0.0000e+00 0.0000e+00 0.0000e+00 6.6667e-01 5.0000e-01 0.0000e+00 0.0000e+00 6.6667e-01 5.0000e-01 0.0000e+00 0.0000e+00 4.7368e-01 0.0000e+00 0.0000e+00 0.0000e+00
0.0000e+00 0.0000e+00 0.0000e+00 0.0000e+00 0.0000e+00 5.0000e-01 0.0000e+00 0.0000e+00 0.0000e+00 0.0000e+00 5.0000e-01 0.0000e+00 2.5000e-01 0.0000e+00 3.7500e-01 5.0000e-01 0.0000e+00 0.0000e+00 0.0000e+00 0.0000e+00 0.0000e+00 2.8571e-01 0.0000e+00 0.0000e+00 0.0000e+00 0.0000e+00 0.0000e+00 0.0000e+00 3.6297e-01 5.5293e-01 0.0000e+00 0.0000e+00 0.0000e+00 0.0000e+00 0.0000e+00 2.5000e-01 0.0000e+00 5.9420e-01 0.0000e+00 0.0000e+00 0.0000e+00 0.0000e+00 5.0000e-01 0.0000e+00 0.0000e+00 0.0000e+00 3.6364e-01 0.0000e+00 0.0000e+00 0.0000e+00
5.0000e-01 4.2857e-01 0.0000e+00 6.6667e-01 5.0000e-01 5.0000e-01 1.0000e+00 4.2857e-01 0.0000e+00 8.4717e-01 0.0000e+00 5.0000e-01 0.0000e+00 0.0000e+00 0.0000e+00 6.6667e-01 3.3333e-01 3.3333e-01 0.0000e+00 0.0000e+00 0.0000e+00 0.0000e+00 0.0000e+00 0.0000e+00 0.0000e+00 0.0000e+00 5.0000e-01 5.0000e-01 5.0000e-01 7.1429e-01 4.4444e-01 0.0000e+00 5.0000e-01 7.5000e-01 1.0000e+00 3.3333e-01 0.0000e+00 6.6667e-01 5.0000e-01 0.0000e+00 0.0000e+00 4.0000e-01 5.0000e-01 5.0000e-01 8.0000e-01 0.0000e+00 0.0000e+00 0.0000e+00 3.3333e-01 0.0000e+00
