8.6466e-01 1.5523e-01 2.2560e-01 7.3238e-01 4.9222e-01 5.4081e-01 3.4121e-01 2.0497e-01 9.0385e-01 9.7252e-01
1.5154e-01 5.8198e-01 2.4877e-01 9.9597e-01 5.5268e-01 2.7932e-01 7.4783e-01 4.9000e-02 1.0898e-01 9.6818e-01
9.7303e-01 4.4343e-01 5.8196e-02 6.0529e-01 8.0731e-01 5.8173e-01 9.5358e-01 7.6993e-01 5.4455e-01 5.1805e-01
7.7925e-01 7.4589e-01 7.8421e-01 5.3115e-01 6.9760e-01 9.8454e-01 1.6208e-01 4.4985e-01 3.4252e-01 8.1176e-01
9.2308e-03 1.1806e-01 8.6957e-01 6.4393e-01 2.8442e-01 2.9952e-01 6.8452e-02 5.7084e-01 1.5480e-01 3.4493e-01
7.0120e-01 4.1147e-01 1.0568e-01 1.4023e-01 5.1282e-01 4.3412e-01 9.5972e-01 7.5793e-01 1.9004e-01 5.9861e-01
8.1676e-01 4.6270e-01 3.1124e-01 3.0927e-01 6.2627e-01 5.6789e-01 4.7184e-01 1.9958e-01 4.6943e-01 6.1117e-01
5.1453e-01 9.7134e-01 9.5766e-01 3.0203e-01 1.3145e-02 3.6282e-01 6.1467e-01 8.3263e-01 5.1040e-01 2.5615e-02
2.3942e-01 4.6825e-01 1.4553e-01 7.6833e-01 4.7474e-01 4.3781e-02 4.3180e-01 5.6275e-01 7.2831e-01 4.5354e-01
3.4516e-02 9.9695e-01 2.1357e-01 1.7083e-01 1.1357e-01 2.7576e-01 1.8569e-01 4.7187e-01 4.4164e-01 5.9960e-01
