8.0500e+02 1.4700e+02 2.1500e+02 7.6900e+02 5.0600e+02 5.5000e+02 3.6100e+02 1.9800e+02 8.9300e+02 9.9100e+02
1.5700e+02 5.7500e+02 2.5300e+02 9.8800e+02 5.7700e+02 2.6200e+02 7.7400e+02 4.9000e+01 1.0800e+02 1.0040e+03
1.0100e+03 4.3900e+02 6.0000e+01 5.9500e+02 8.1700e+02 6.0500e+02 9.4500e+02 7.6300e+02 5.5000e+02 5.3100e+02
7.6600e+02 7.7200e+02 7.4500e+02 5.0300e+02 6.9900e+02 9.5500e+02 1.6500e+02 4.5300e+02 3.4800e+02 8.2800e+02
9.0000e+00 1.1700e+02 8.6000e+02 6.4200e+02 2.8300e+02 3.1300e+02 6.9000e+01 5.5600e+02 1.5000e+02 3.3700e+02
7.0400e+02 4.1600e+02 1.0600e+02 1.4500e+02 5.2000e+02 4.2500e+02 9.7700e+02 7.1700e+02 1.8700e+02 6.0400e+02
8.3800e+02 4.5900e+02 3.1000e+02 3.1700e+02 6.1500e+02 5.7300e+02 4.8600e+02 1.8800e+02 4.7600e+02 5.9100e+02
5.3100e+02 9.1500e+02 9.5000e+02 3.1200e+02 1.3000e+01 3.6500e+02 5.9500e+02 7.8600e+02 4.9100e+02 2.5000e+01
2.4900e+02 4.7200e+02 1.3200e+02 7.8600e+02 4.9800e+02 4.4000e+01 4.5900e+02 5.7400e+02 7.6400e+02 4.4900e+02
3.6000e+01 9.7900e+02 2.1400e+02 1.7800e+02 1.1300e+02 2.7300e+02 1.9200e+02 4.5300e+02 4.2000e+02 6.0200e+02
