1.6000e+01 0.0000e+00 2.0000e+00 2.3000e+01 3.0000e+00 3.7000e+01 5.2500e+02 1.0000e+00 3.0000e+00 1.0000e+00 1.2000e+01 0.0000e+00 0.0000e+00 4.0000e+00 8.0000e+00 1.8000e+01 3.0000e+00 2.0000e+00 1.0000e+00 1.0000e+00 4.0000e+00 0.0000e+00 3.0000e+00 5.0000e+00 0.0000e+00 4.0000e+00 3.0000e+00 1.0000e+00 1.8000e+01 7.0000e+00 3.0000e+00 8.0000e+00 4.0000e+00 7.0000e+00 6.0000e+00 1.0000e+01 0.0000e+00 1.9000e+01 7.4400e+02 4.0000e+01 0.0000e+00 3.0000e+00 2.0000e+00 2.0000e+00 8.0000e+00 5.0000e+00 1.6000e+01 2.7000e+01 1.0000e+00 0.0000e+00
3.0000e+00 1.0000e+00 1.0000e+00 4.7000e+01 4.0000e+00 1.4000e+01 0.0000e+00 2.0000e+00 3.0000e+00 1.1000e+01 2.0000e+00 2.0000e+01 1.0000e+00 1.0000e+00 1.3000e+01 2.3000e+01 4.1000e+01 5.0000e+00 0.0000e+00 2.0000e+00 5.2000e+01 1.5000e+01 3.0000e+00 2.0000e+00 4.0000e+00 6.0000e+00 0.0000e+00 2.0000e+00 0.0000e+00 1.6100e+02 0.0000e+00 7.1300e+02 1.7000e+01 0.0000e+00 5.8580e+03 1.0000e+00 1.0000e+00 3.3000e+01 5.2310e+03 1.0000e+00 1.0000e+00 2.0000e+00 3.4200e+02 1.7000e+01 1.8400e+02 1.2000e+01 1.0000e+00 1.0000e+00 1.0000e+00 3.0000e+00
4.0000e+00 1.0000e+00 0.0000e+00 1.0000e+00 6.0000e+00 2.2000e+01 2.0000e+01 0.0000e+00 0.0000e+00 6.0000e+00 1.2000e+01 0.0000e+00 0.0000e+00 0.0000e+00 2.0000e+00 4.0000e+00 4.0000e+00 0.0000e+00 0.0000e+00 0.0000e+00 2.0000e+00 1.6000e+01 4.0000e+00 3.0000e+00 0.0000e+00 2.0000e+00 0.0000e+00 0.0000e+00 0.0000e+00 6.9000e+01 2.0000e+00 5.0000e+00 2.0000e+00 3.0000e+00 0.0000e+00 2.0000e+00 0.0000e+00 2.9000e+01 0.0000e+00 7.0000e+00 0.0000e+00 0.0000e+00 3.0000e+01 1.2000e+01 2.0000e+00 3.0000e+00 0.0000e+00 3.0000e+00 3.0000e+00 2.0000e+00
4.0000e+00 0.0000e+00 0.0000e+00 0.0000e+00 1.0000e+00 1.0000e+00 1.4000e+01 0.0000e+00 1.0000e+00 0.0000e+00 0.0000e+00 3.0000e+00 0.0000e+00 3.0000e+00 0.0000e+00 3.0000e+00 0.0000e+00 1.0000e+00 0.0000e+00 0.0000e+00 1.0000e+00 6.0000e+00 6.0000e+00 2.0000e+00 0.0000e+00 0.0000e+00 1.0000e+00 0.0000e+00 0.0000e+00 1.3000e+01 0.0000e+00 0.0000e+00 0.0000e+00 0.0000e+00 0.0000e+00 5.0000e+00 1.0000e+00 0.0000e+00 0.0000e+00 2.6000e+01 0.0000e+00 0.0000e+00 2.0000e+01 0.0000e+00 0.0000e+00 6.0000e+00 3.0000e+00 1.0000e+00 1.0000e+00 2.0000e+00
0.0000e+00 0.0000e+00 1.0000e+00 6.0000e+00 1.0000e+00 0.0000e+00 5.3500e+03 3.0000e+00 1.0000e+00 0.0000e+00 0.0000e+00 3.0000e+00 0.0000e+00 0.0000e+00 6.0000e+00 7.0000e+00 1.0000e+00 1.0000e+00 3.0000e+00 2.0000e+00 0.0000e+00 2.0000e+00 2.0000e+00 2.0000e+00 4.0000e+00 3.0000e+00 2.0000e+00 5.0000e+00 2.2500e+02 2.7000e+01 1.0000e+00 0.0000e+00 3.0000e+00 1.0000e+00 0.0000e+00 2.0000e+00 0.0000e+00 2.0000e+00 0.0000e+00 0.0000e+00 0.0000e+00 5.0000e+00 2.6000e+01 0.0000e+00 6.0000e+00 6.0000e+00 1.3000e+01 3.0000e+00 1.0000e+00 0.0000e+00
5.0000e+00 0.0000e+00 0.0000e+00 0.0000e+00 4.0000e+00 1.0000e+00 0.0000e+00 0.0000e+00 6.0000e+00 0.0000e+00 9.0000e+00 0.0000e+00 0.0000e+00 0.0000e+00 3.0000e+00 8.0000e+00 1.0000e+00 0.0000e+00 1.0000e+00 0.0000e+00 1.0000e+00 0.0000e+00 2.0000e+00 0.0000e+00 0.0000e+00 2.0000e+00 0.0000e+00 0.0000e+00 1.0000e+00 4.0000e+00 1.0000e+00 1.0000e+00 0.0000e+00 0.0000e+00 0.0000e+00 5.0000e+00 0.0000e+00 2.0000e+00 0.0000e+00 4.7200e+02 0.0000e+00 1.0000e+00 6.0000e+00 0.0000e+00 1.5000e+01 1.1000e+01 7.0000e+00 0.0000e+00 0.0000e+00 0.0000e+00
1.0000e+01 0.0000e+00 4.0000e+00 0.0000e+00 3.0000e+00 8.0000e+00 0.0000e+00 0.0000e+00 0.0000e+00 0.0000e+00 2.0000e+00 0.0000e+00 0.0000e+00 2.0000e+00 0.0000e+00 0.0000e+00 0.0000e+00 0.0000e+00 0.0000e+00 0.0000e+00 2.0000e+00 0.0000e+00 2.0000e+00 1.0000e+00 0.0000e+00 0.0000e+00 0.0000e+00 0.0000e+00 0.0000e+00 3.0000e+00 1.0000e+00 0.0000e+00 0.0000e+00 1.0000e+00 0.0000e+00 0.0000e+00 0.0000e+00 1.0000e+00 0.0000e+00 4.0000e+00 0.0000e+00 0.0000e+00 0.0000e+00 0.0000e+00 0.0000e+00 1.8000e+01 3.0000e+00 3.0000e+00 1.0000e+00 0.0000e+00
1.0000e+00 0.0000e+00 0.0000e+00 1.0000e+00 2.0000e+00 0.0000e+00 0.0000e+00 0.0000e+00 0.0000e+00 2.0000e+00 3.0000e+00 1.0000e+00 1.0000e+00 1.0000e+00 0.0000e+00 3.0000e+00 2.0000e+00 3.0000e+00 0.0000e+00 0.0000e+00 0.0000e+00 3.0000e+00 4.0000e+00 0.0000e+00 0.0000e+00 0.0000e+00 0.0000e+00 2.0000e+00 1.0000e+00 1.0000e+00 1.0000e+00 4.0000e+00 0.0000e+00 0.0000e+00 0.0000e+00 0.0000e+00 1.0000e+00 1.0000e+00 0.0000e+00 0.0000e+00 0.0000e+00 0.0000e+00 0.0000e+00 2.0000e+00 1.0000e+00 0.0000e+00 1.0000e+00 0.0000e+00 0.0000e+00 0.0000e+00
1.0000e+00 2.0000e+00 0.0000e+00 2.0000e+00 1.3000e+01 1.0000e+00 0.0000e+00 2.0000e+00 3.0000e+00 0.0000e+00 1.0000e+00 1.0000e+00 2.0000e+00 0.0000e+00 0.0000e+00 4.0000e+00 7.0000e+00 0.0000e+00 0.0000e+00 1.0000e+00 0.0000e+00 1.0000e+00 1.0000e+00 5.0000e+00 1.0000e+00 2.0000e+00 0.0000e+00 2.0000e+00 4.0000e+00 3.0000e+00 1.0000e+00 0.0000e+00 4.0000e+00 0.0000e+00 0.0000e+00 1.0000e+00 0.0000e+00 2.0000e+00 0.0000e+00 2.0000e+00 0.0000e+00 2.0000e+00 1.0000e+00 1.0000e+00 1.2000e+01 0.0000e+00 0.0000e+00 3.0000e+00 0.0000e+00 3.0000e+00
1.0000e+00 0.0000e+00 0.0000e+00 4.0000e+00 2.7000e+01 4.0000e+00 0.0000e+00 2.0000e+00 0.0000e+00 3.0000e+00 5.0000e+00 1.0000e+00 3.0000e+00 2.0000e+00 0.0000e+00 7.0000e+00 0.0000e+00 0.0000e+00 1.0000e+00 1.0000e+01 8.0000e+00 0.0000e+00 9.0000e+00 2.0000e+00 1.0000e+00 5.0000e+00 2.0000e+00 0.0000e+00 6.0000e+00 1.0000e+00 0.0000e+00 0.0000e+00 1.0000e+00 0.0000e+00 0.0000e+00 4.0000e+00 1.0000e+00 1.2000e+01 0.0000e+00 0.0000e+00 1.0000e+00 0.0000e+00 1.1000e+01 1.0000e+00 2.0000e+00 3.0000e+00 0.0000e+00 2.0000e+00 0.0000e+00 4.0000e+00
7.7100e+02 3.0000e+00 2.0000e+00 3.3700e+02 7.0000e+00 3.0000e+00 0.0000e+00 0.0000e+00 4.0000e+00 1.7000e+01 4.0000e+00 1.0000e+00 0.0000e+00 4.0000e+00 8.2400e+02 8.0000e+00 4.0000e+00 1.2000e+01 1.7000e+01 0.0000e+00 4.1000e+01 3.1400e+02 3.9000e+01 1.0680e+03 1.0000e+01 8.0000e+00 1.0000e+02 5.0000e+00 0.0000e+00 8.0000e+00 3.1000e+01 1.0300e+02 4.0000e+00 1.8000e+01 0.0000e+00 1.6000e+01 0.0000e+00 7.0000e+00 0.0000e+00 2.1200e+02 0.0000e+00 1.0300e+02 4.4000e+01 1.6000e+01 1.7000e+01 3.3000e+01 7.0000e+00 1.6000e+01 1.3000e+01 0.0000e+00
2.0000e+00 0.0000e+00 2.0000e+00 0.0000e+00 2.0000e+00 1.0000e+01 0.0000e+00 2.0000e+00 0.0000e+00 0.0000e+00 1.0000e+00 3.0000e+00 1.0000e+00 0.0000e+00 0.0000e+00 3.4000e+01 0.0000e+00 1.0000e+00 6.0000e+00 0.0000e+00 1.0000e+00 2.0000e+00 6.0000e+00 1.0000e+00 0.0000e+00 3.0000e+00 2.0000e+01 0.0000e+00 9.0000e+00 2.0000e+00 6.0000e+00 1.0000e+00 0.0000e+00 0.0000e+00 0.0000e+00 1.0000e+00 0.0000e+00 9.0000e+00 0.0000e+00 0.0000e+00 0.0000e+00 4.0000e+00 0.0000e+00 0.0000e+00 0.0000e+00 3.0000e+00 0.0000e+00 0.0000e+00 5.0000e+00 2.0000e+00
1.8000e+02 5.4000e+01 7.6000e+01 2.9000e+01 6.9000e+01 3.2000e+01 0.0000e+00 6.4000e+01 1.2000e+01 2.8100e+02 6.0000e+00 1.4000e+01 4.7000e+01 1.9400e+02 5.0000e+00 9.0000e+00 1.2900e+02 1.2000e+01 1.5100e+02 7.5000e+01 2.7000e+01 1.7000e+01 1.5000e+01 7.3000e+01 2.9600e+02 1.3800e+02 1.0000e+01 3.5000e+01 7.1000e+01 6.5000e+01 9.3000e+01 3.2700e+02 1.1700e+02 5.0000e+00 0.0000e+00 1.3000e+01 1.0300e+02 9.6000e+01 0.0000e+00 1.6900e+02 3.8000e+01 2.0700e+02 0.0000e+00 5.7000e+01 1.3000e+01 3.6000e+01 6.7000e+01 9.0000e+00 4.6000e+01 4.1000e+01
1.0000e+00 2.0000e+00 3.0000e+00 2.4000e+01 5.0000e+00 3.0000e+00 0.0000e+00 3.0000e+00 0.0000e+00 2.0000e+00 2.0000e+00 5.0000e+00 5.0000e+00 2.0000e+00 1.2000e+01 3.0000e+00 0.0000e+00 0.0000e+00 0.0000e+00 2.0000e+00 0.0000e+00 2.8000e+01 1.0000e+00 5.0000e+00 2.0000e+00 2.0000e+00 3.0000e+00 0.0000e+00 5.0000e+00 1.0000e+01 0.0000e+00 1.1000e+01 4.0000e+00 0.0000e+00 0.0000e+00 4.0000e+00 0.0000e+00 5.1000e+01 0.0000e+00 4.6000e+01 0.0000e+00 0.0000e+00 3.6000e+01 5.0000e+00 5.0000e+00 3.5000e+01 3.0000e+00 5.0000e+00 1.0000e+00 1.0000e+00
2.0000e+00 0.0000e+00 2.0000e+00 2.3000e+01 5.0000e+00 2.0000e+00 0.0000e+00 5.0000e+00 2.0000e+00 4.0000e+00 2.0000e+01 2.0000e+00 7.0000e+00 1.1000e+01 2.0000e+00 0.0000e+00 3.0000e+00 3.0000e+00 8.0000e+00 1.3000e+01 1.0000e+00 3.0000e+00 4.0000e+00 9.0000e+00 0.0000e+00 3.0000e+00 3.0000e+00 2.2000e+01 0.0000e+00 4.0000e+00 0.0000e+00 7.0000e+00 7.0000e+00 2.0000e+00 0.0000e+00 2.0000e+00 0.0000e+00 1.5000e+01 0.0000e+00 1.0000e+00 2.0000e+00 0.0000e+00 1.7000e+01 8.0000e+00 4.2000e+01 1.0000e+00 2.0000e+01 1.5000e+01 5.4000e+01 3.0000e+00
0.0000e+00 0.0000e+00 2.0000e+00 2.0000e+00 1.0000e+00 1.0000e+00 0.0000e+00 1.0000e+00 0.0000e+00 0.0000e+00 1.0000e+00 1.0000e+00 1.0000e+00 0.0000e+00 2.1000e+01 0.0000e+00 0.0000e+00 0.0000e+00 2.0000e+00 2.0000e+00 1.1000e+01 2.0000e+00 0.0000e+00 0.0000e+00 0.0000e+00 0.0000e+00 1.0000e+00 2.0000e+00 0.0000e+00 0.0000e+00 0.0000e+00 3.0000e+00 0.0000e+00 7.5000e+01 0.0000e+00 5.0000e+00 0.0000e+00 1.1100e+02 0.0000e+00 1.0000e+00 0.0000e+00 0.0000e+00 3.6000e+01 2.0000e+00 5.8000e+01 1.0000e+00 0.0000e+00 6.7000e+01 0.0000e+00 1.0000e+00
0.0000e+00 0.0000e+00 0.0000e+00 0.0000e+00 1.0000e+00 2.0000e+00 0.0000e+00 1.0000e+00 0.0000e+00 0.0000e+00 2.3000e+01 1.0000e+00 2.0000e+00 3.0000e+00 0.0000e+00 0.0000e+00 0.0000e+00 0.0000e+00 0.0000e+00 0.0000e+00 1.0000e+00 0.0000e+00 2.0000e+00 1.0000e+00 1.0000e+00 2.0000e+00 0.0000e+00 1.0000e+00 0.0000e+00 0.0000e+00 2.0000e+00 0.0000e+00 0.0000e+00 0.0000e+00 0.0000e+00 0.0000e+00 0.0000e+00 0.0000e+00 0.0000e+00 0.0000e+00 0.0000e+00 0.0000e+00 0.0000e+00 2.0000e+00 0.0000e+00 2.0000e+00 2.0000e+00 5.0000e+00 0.0000e+00 1.0000e+00
1.0000e+01 1.4000e+02 0.0000e+00 2.7000e+01 8.3000e+01 1.1000e+01 0.0000e+00 4.1000e+01 1.0000e+00 0.0000e+00 3.7000e+01 3.0000e+01 4.0000e+00 3.1000e+01 3.0000e+00 6.9000e+01 4.0000e+01 1.0000e+00 7.0000e+00 0.0000e+00 4.0000e+00 1.0000e+00 0.0000e+00 0.0000e+00 3.5000e+01 6.0000e+00 7.0000e+00 3.0000e+01 2.0000e+00 4.0000e+00 0.0000e+00 2.0000e+00 0.0000e+00 4.0000e+00 0.0000e+00 6.4000e+01 1.5300e+02 0.0000e+00 0.0000e+00 2.0000e+00 0.0000e+00 1.0000e+00 7.8000e+01 0.0000e+00 5.3190e+03 1.9000e+01 0.0000e+00 5.3000e+01 1.5000e+01 8.0000e+00
0.0000e+00 1.0000e+00 1.0000e+00 5.0000e+00 4.0000e+00 1.0000e+00 0.0000e+00 0.0000e+00 3.0000e+00 0.0000e+00 6.0000e+00 0.0000e+00 0.0000e+00 2.0000e+00 3.0000e+00 1.2000e+01 0.0000e+00 0.0000e+00 0.0000e+00 0.0000e+00 0.0000e+00 0.0000e+00 0.0000e+00 2.0000e+00 2.0000e+00 1.0000e+00 0.0000e+00 0.0000e+00 2.0000e+00 3.0000e+00 3.0000e+00 0.0000e+00 0.0000e+00 0.0000e+00 0.0000e+00 0.0000e+00 0.0000e+00 0.0000e+00 0.0000e+00 1.0000e+00 2.0000e+00 2.0000e+00 1.0000e+01 0.0000e+00 0.0000e+00 3.0000e+00 0.0000e+00 0.0000e+00 0.0000e+00 0.0000e+00
3.0000e+00 0.0000e+00 0.0000e+00 2.0000e+00 0.0000e+00 1.0000e+00 0.0000e+00 2.0000e+00 1.0000e+00 0.0000e+00 4.0000e+00 0.0000e+00 0.0000e+00 0.0000e+00 6.0000e+00 5.0000e+00 0.0000e+00 0.0000e+00 0.0000e+00 0.0000e+00 0.0000e+00 0.0000e+00 0.0000e+00 1.0000e+00 1.0000e+00 3.0000e+00 0.0000e+00 0.0000e+00 0.0000e+00 2.0000e+00 0.0000e+00 2.0000e+00 0.0000e+00 0.0000e+00 0.0000e+00 0.0000e+00 1.0000e+00 1.0000e+00 0.0000e+00 5.0000e+00 0.0000e+00 1.0000e+00 1.0000e+00 0.0000e+00 0.0000e+00 0.0000e+00 1.0000e+00 1.0000e+00 0.0000e+00 0.0000e+00
1.1000e+01 0.0000e+00 1.0000e+00 0.0000e+00 0.0000e+00 4.6000e+01 0.0000e+00 1.0000e+00 0.0000e+00 0.0000e+00 3.4000e+01 0.0000e+00 0.0000e+00 1.0000e+00 0.0000e+00 1.1600e+02 2.0000e+00 1.0000e+00 0.0000e+00 1.0000e+00 3.0000e+00 0.0000e+00 0.0000e+00 0.0000e+00 8.0000e+00 3.0000e+00 1.0000e+00 2.0000e+00 1.0000e+00 1.0000e+00 2.0000e+00 1.0000e+00 0.0000e+00 1.0000e+00 0.0000e+00 7.0000e+00 4.0000e+00 0.0000e+00 0.0000e+00 0.0000e+00 0.0000e+00 2.0000e+00 3.0000e+00 1.8000e+01 0.0000e+00 9.0000e+00 6.0000e+00 2.0000e+00 0.0000e+00 1.0100e+02
1.0000e+01 0.0000e+00 2.0000e+00 2.1000e+01 4.0000e+00 0.0000e+00 0.0000e+00 4.0000e+00 0.0000e+00 0.0000e+00 6.0000e+00 1.0000e+00 0.0000e+00 0.0000e+00 5.0000e+00 1.4000e+01 4.0000e+00 0.0000e+00 2.0000e+00 0.0000e+00 0.0000e+00 4.0000e+00 1.0000e+00 1.0000e+00 1.0000e+00 1.0000e+00 3.0000e+00 0.0000e+00 5.0000e+00 0.0000e+00 0.0000e+00 4.0000e+00 3.0000e+00 5.6650e+03 0.0000e+00 1.0000e+00 0.0000e+00 6.5000e+01 0.0000e+00 5.0000e+00 1.0000e+00 1.0000e+00 1.3000e+01 0.0000e+00 0.0000e+00 2.0000e+00 0.0000e+00 2.0000e+00 2.0000e+00 0.0000e+00
4.0000e+00 3.0000e+00 1.6000e+01 1.6000e+01 2.4000e+01 3.0000e+00 0.0000e+00 4.0000e+00 3.0000e+00 2.0000e+00 6.0000e+00 1.0000e+00 0.0000e+00 2.0000e+00 3.0000e+00 6.0000e+00 9.0000e+00 0.0000e+00 1.0000e+00 7.0000e+00 0.0000e+00 7.0000e+00 1.3000e+01 3.4000e+01 7.0000e+00 3.0000e+00 1.0000e+00 6.0000e+00 7.0000e+00 3.9000e+01 5.0000e+00 3.6000e+01 1.0000e+01 0.0000e+00 0.0000e+00 2.0000e+00 2.0000e+00 3.3000e+01 0.0000e+00 2.2000e+01 2.0000e+00 2.0000e+00 1.1000e+01 1.0000e+00 0.0000e+00 1.0000e+00 0.0000e+00 7.0000e+00 1.0000e+00 1.0000e+00
0.0000e+00 0.0000e+00 0.0000e+00 0.0000e+00 1.0000e+00 5.9000e+01 0.0000e+00 2.0000e+00 0.0000e+00 0.0000e+00 7.0000e+00 0.0000e+00 0.0000e+00 0.0000e+00 2.3000e+01 0.0000e+00 2.4000e+01 0.0000e+00 0.0000e+00 1.1000e+01 1.0000e+01 1.1000e+01 4.9000e+01 0.0000e+00 1.0000e+00 2.6000e+01 1.5000e+01 5.0000e+00 0.0000e+00 0.0000e+00 1.1000e+01 0.0000e+00 2.0000e+00 0.0000e+00 0.0000e+00 4.8000e+01 7.0000e+00 0.0000e+00 0.0000e+00 4.0000e+00 0.0000e+00 0.0000e+00 3.0000e+00 0.0000e+00 0.0000e+00 0.0000e+00 1.0000e+01 6.0000e+00 3.0000e+00 2.0000e+00
5.0000e+00 0.0000e+00 4.0000e+00 0.0000e+00 1.2000e+01 7.0000e+00 0.0000e+00 1.0000e+00 0.0000e+00 5.0000e+00 1.0000e+00 7.0000e+00 0.0000e+00 0.0000e+00 5.0000e+00 7.0000e+00 1.0000e+00 0.0000e+00 0.0000e+00 0.0000e+00 0.0000e+00 1.0000e+00 0.0000e+00 3.0000e+00 1.0000e+00 2.0000e+00 5.0000e+00 1.8000e+01 1.0000e+00 1.0000e+00 0.0000e+00 9.0000e+00 0.0000e+00 0.0000e+00 0.0000e+00 3.0000e+00 0.0000e+00 5.0200e+03 0.0000e+00 0.0000e+00 0.0000e+00 3.0000e+00 2.3000e+01 1.0000e+00 0.0000e+00 5.0000e+00 6.0000e+00 0.0000e+00 0.0000e+00 1.0000e+00
1.0100e+02 0.0000e+00 6.0000e+00 4.8000e+01 3.2800e+02 2.3000e+01 0.0000e+00 1.0000e+00 0.0000e+00 2.8000e+01 2.0000e+00 3.5000e+01 1.0000e+00 1.0000e+00 1.4000e+01 2.8000e+01 3.0000e+00 0.0000e+00 0.0000e+00 0.0000e+00 2.0000e+00 8.0000e+00 1.0000e+01 6.0000e+00 6.0000e+00 5.0000e+00 2.0000e+00 7.0000e+00 2.0000e+00 2.4000e+01 0.0000e+00 8.0000e+00 6.0000e+00 0.0000e+00 0.0000e+00 1.0000e+01 0.0000e+00 0.0000e+00 0.0000e+00 7.7000e+01 1.0000e+00 1.0000e+00 9.4000e+01 1.2000e+01 0.0000e+00 3.0000e+01 1.0000e+00 4.7000e+01 3.0000e+00 2.0000e+00
5.0000e+00 0.0000e+00 0.0000e+00 0.0000e+00 3.0000e+00 2.4000e+01 0.0000e+00 3.0000e+00 0.0000e+00 0.0000e+00 1.0000e+00 3.0000e+00 2.0000e+00 0.0000e+00 1.1000e+01 5.0000e+00 0.0000e+00 1.0000e+00 2.0000e+00 0.0000e+00 2.0000e+00 0.0000e+00 0.0000e+00 0.0000e+00 1.0000e+00 0.0000e+00 0.0000e+00 1.0000e+00 4.0000e+00 0.0000e+00 0.0000e+00 1.0000e+00 0.0000e+00 0.0000e+00 0.0000e+00 2.0000e+00 0.0000e+00 0.0000e+00 0.0000e+00 0.0000e+00 0.0000e+00 5.0000e+00 3.0000e+00 0.0000e+00 0.0000e+00 1.0000e+00 2.0000e+00 0.0000e+00 3.0000e+00 0.0000e+00
3.0000e+00 0.0000e+00 3.0000e+00 2.0000e+00 2.0000e+00 2.0000e+00 0.0000e+00 1.0000e+00 2.0000e+00 2.0000e+00 0.0000e+00 0.0000e+00 0.0000e+00 2.0000e+00 2.0000e+00 1.0000e+00 0.0000e+00 0.0000e+00 1.0000e+00 5.0000e+00 3.0000e+00 0.0000e+00 0.0000e+00 0.0000e+00 2.0000e+00 1.0000e+00 0.0000e+00 1.0000e+00 1.0000e+00 0.0000e+00 2.0000e+00 0.0000e+00 0.0000e+00 0.0000e+00 0.0000e+00 0.0000e+00 1.0000e+00 0.0000e+00 0.0000e+00 0.0000e+00 0.0000e+00 1.0000e+00 1.0000e+00 1.0000e+00 0.0000e+00 3.0000e+00 1.0000e+00 4.0000e+00 2.0000e+00 0.0000e+00
1.0000e+01 0.0000e+00 1.5000e+01 9.0000e+01 3.9000e+01 5.8000e+01 0.0000e+00 8.0000e+00 2.0000e+00 1.9000e+01 2.3000e+01 3.0000e+00 5.0000e+00 5.0000e+00 1.9000e+01 9.0000e+00 1.8000e+01 2.0000e+00 5.0000e+00 7.0000e+00 4.0000e+00 8.0000e+00 8.0000e+00 5.0000e+00 1.4000e+01 7.0000e+00 4.0000e+00 1.0000e+01 4.0000e+00 5.0000e+00 6.0000e+00 2.0000e+00 5.0000e+00 0.0000e+00 0.0000e+00 6.0000e+00 1.0000e+00 0.0000e+00 0.0000e+00 3.4000e+01 4.0000e+00 3.0000e+00 2.0000e+00 2.4000e+01 0.0000e+00 1.0000e+01 0.0000e+00 2.0000e+00 1.0000e+01 2.0000e+00
1.0000e+00 2.0000e+00 0.0000e+00 3.0000e+00 3.0000e+00 5.0000e+00 0.0000e+00 1.0000e+00 1.5000e+01 4.0000e+00 1.6000e+01 5.0000e+00 3.0000e+00 2.0000e+00 1.0000e+00 3.0000e+00 3.0000e+00 7.0000e+00 0.0000e+00 0.0000e+00 3.0000e+00 1.0000e+01 0.0000e+00 2.0000e+00 0.0000e+00 0.0000e+00 2.4000e+01 2.0000e+00 9.0000e+00 1.9000e+01 0.0000e+00 3.0000e+00 3.0000e+00 0.0000e+00 0.0000e+00 0.0000e+00 1.0000e+00 0.0000e+00 0.0000e+00 7.0000e+00 0.0000e+00 0.0000e+00 5.0000e+00 0.0000e+00 0.0000e+00 2.0000e+00 3.0000e+00 1.0000e+01 3.0000e+00 4.0000e+00
1.0000e+00 2.0000e+00 0.0000e+00 1.0000e+00 0.0000e+00 0.0000e+00 0.0000e+00 0.0000e+00 1.0000e+00 7.6000e+01 1.1270e+03 0.0000e+00 0.0000e+00 2.0000e+00 5.9000e+01 2.4200e+02 0.0000e+00 0.0000e+00 0.0000e+00 3.0000e+00 3.3000e+01 0.0000e+00 2.0000e+00 0.0000e+00 8.3000e+01 4.0000e+00 1.0000e+00 1.0000e+00 0.0000e+00 2.1000e+01 0.0000e+00 1.0000e+00 3.0000e+00 0.0000e+00 0.0000e+00 2.0000e+01 2.0000e+00 0.0000e+00 0.0000e+00 1.0000e+01 3.0000e+00 0.0000e+00 9.0000e+01 4.0000e+00 0.0000e+00 6.0000e+00 1.1200e+02 1.5300e+02 1.0000e+00 2.0000e+00
5.0000e+00 0.0000e+00 6.0000e+00 1.2000e+01 1.8000e+01 2.0000e+00 0.0000e+00 0.0000e+00 5.0000e+00 7.0000e+00 5.0000e+00 2.1000e+01 6.0000e+00 4.0000e+00 3.0000e+01 1.2000e+02 3.0000e+00 1.0000e+00 1.0000e+00 4.0000e+00 3.0000e+00 3.0000e+00 1.6000e+01 3.0000e+00 1.0000e+00 2.3000e+01 5.0000e+00 1.0000e+00 8.0000e+00 1.7900e+02 5.0000e+00 6.0000e+00 4.0000e+00 0.0000e+00 0.0000e+00 1.6000e+01 0.0000e+00 0.0000e+00 0.0000e+00 9.0000e+00 1.0000e+00 7.0000e+00 3.4000e+01 5.0000e+00 0.0000e+00 0.0000e+00 6.0000e+00 4.8000e+01 1.0000e+00 5.0000e+00
2.0000e+00 0.0000e+00 2.0000e+00 5.0000e+00 1.0000e+00 9.0000e+00 0.0000e+00 5.0000e+00 2.0000e+00 4.0000e+00 9.0000e+00 9.0000e+00 0.0000e+00 0.0000e+00 5.0000e+00 5.7000e+01 2.0000e+00 0.0000e+00 1.0000e+00 0.0000e+00 2.0000e+00 0.0000e+00 2.0000e+00 2.0000e+00 0.0000e+00 5.0000e+00 1.6000e+01 2.0000e+00 3.0000e+00 2.4000e+01 5.0000e+00 2.0000e+00 0.0000e+00 0.0000e+00 0.0000e+00 0.0000e+00 0.0000e+00 0.0000e+00 0.0000e+00 1.0000e+00 0.0000e+00 7.0000e+00 0.0000e+00 0.0000e+00 0.0000e+00 3.0000e+00 1.0000e+00 0.0000e+00 0.0000e+00 0.0000e+00
2.9000e+01 2.8000e+01 4.1000e+01 5.9000e+01 1.4700e+02 3.8000e+01 0.0000e+00 4.8300e+02 5.2000e+01 1.5000e+01 3.0000e+01 5.8000e+01 3.3300e+02 4.6000e+01 1.9000e+01 1.6900e+02 3.0000e+00 4.0000e+01 2.4000e+01 2.6000e+01 4.8000e+01 3.8000e+01 4.5000e+01 6.9000e+01 3.0000e+00 3.0000e+01 1.2000e+01 8.0000e+00 8.0000e+00 2.4000e+01 2.3000e+01 1.2000e+01 1.1800e+02 0.0000e+00 0.0000e+00 3.8000e+01 2.2000e+01 0.0000e+00 0.0000e+00 1.5300e+02 4.0000e+01 2.0000e+00 3.7000e+01 7.4000e+01 0.0000e+00 1.9000e+02 3.1000e+01 5.1000e+01 1.1000e+01 5.2000e+01
0.0000e+00 0.0000e+00 0.0000e+00 1.0000e+00 0.0000e+00 2.0000e+00 0.0000e+00 1.0000e+00 1.0000e+00 0.0000e+00 0.0000e+00 0.0000e+00 0.0000e+00 0.0000e+00 0.0000e+00 3.0000e+00 0.0000e+00 0.0000e+00 0.0000e+00 0.0000e+00 2.0000e+00 2.0000e+00 0.0000e+00 1.0000e+00 0.0000e+00 0.0000e+00 0.0000e+00 2.0000e+00 1.0000e+00 0.0000e+00 1.0000e+00 1.0000e+00 4.0000e+00 0.0000e+00 0.0000e+00 1.0000e+00 0.0000e+00 0.0000e+00 0.0000e+00 3.0000e+00 0.0000e+00 0.0000e+00 6.0000e+00 3.0000e+00 0.0000e+00 4.0000e+00 0.0000e+00 1.0000e+00 1.0000e+00 0.0000e+00
1.1800e+02 7.8000e+01 2.0900e+02 2.8300e+02 2.4980e+03 5.3170e+03 0.0000e+00 1.0200e+02 6.9000e+01 8.5000e+02 2.6300e+02 1.8320e+03 3.7800e+02 1.1200e+02 4.3310e+03 1.4400e+02 1.9930e+03 1.1200e+02 5.4010e+03 4.8100e+02 5.3470e+03 9.0000e+01 1.5050e+03 3.5600e+02 3.3400e+02 5.2830e+03 4.7000e+01 1.0300e+02 1.9920e+03 4.8040e+03 3.0300e+02 4.2860e+03 1.7400e+02 0.0000e+00 0.0000e+00 2.0000e+02 3.4300e+03 0.0000e+00 0.0000e+00 8.3000e+01 2.0300e+02 4.4190e+03 1.4100e+02 1.2100e+02 0.0000e+00 4.0900e+02 5.6000e+01 8.5000e+01 1.7300e+02 5.4290e+03
6.0000e+00 0.0000e+00 0.0000e+00 2.0000e+00 0.0000e+00 0.0000e+00 0.0000e+00 1.0000e+00 2.0000e+00 6.0000e+00 2.0000e+00 0.0000e+00 0.0000e+00 0.0000e+00 0.0000e+00 0.0000e+00 0.0000e+00 4.0000e+00 0.0000e+00 1.0000e+00 0.0000e+00 2.0000e+00 0.0000e+00 1.0000e+00 0.0000e+00 0.0000e+00 1.0000e+00 0.0000e+00 0.0000e+00 0.0000e+00 0.0000e+00 0.0000e+00 2.0000e+00 0.0000e+00 0.0000e+00 5.0000e+00 0.0000e+00 0.0000e+00 0.0000e+00 1.7000e+01 0.0000e+00 6.0000e+00 8.0000e+00 0.0000e+00 0.0000e+00 1.0000e+00 2.0000e+00 4.0000e+00 0.0000e+00 0.0000e+00
3.0000e+00 1.0000e+00 0.0000e+00 1.4000e+01 1.0000e+00 0.0000e+00 0.0000e+00 8.0000e+00 0.0000e+00 3.0000e+00 2.1000e+01 9.0000e+00 1.0000e+00 4.0000e+00 0.0000e+00 3.7000e+01 1.0000e+00 4.0000e+00 0.0000e+00 4.0000e+00 0.0000e+00 1.2000e+01 1.0000e+00 5.0000e+01 1.0000e+01 0.0000e+00 1.0000e+00 0.0000e+00 4.0000e+00 0.0000e+00 0.0000e+00 0.0000e+00 2.0000e+00 0.0000e+00 0.0000e+00 1.2000e+01 0.0000e+00 0.0000e+00 0.0000e+00 3.5000e+01 3.0000e+00 4.0000e+00 2.1800e+02 0.0000e+00 0.0000e+00 4.0000e+00 4.0000e+00 7.0000e+00 2.0000e+00 0.0000e+00
2.8000e+01 3.1500e+02 3.0300e+02 5.2000e+01 0.0000e+00 0.0000e+00 0.0000e+00 1.5000e+01 3.4000e+01 1.7500e+02 2.0000e+00 1.1400e+02 5.9000e+02 8.0400e+02 0.0000e+00 5.9200e+02 1.0000e+00 2.6700e+02 0.0000e+00 4.1200e+02 0.0000e+00 0.0000e+00 2.0000e+00 1.3300e+02 5.4900e+02 0.0000e+00 1.0400e+02 4.5000e+01 3.1000e+01 0.0000e+00 0.0000e+00 0.0000e+00 2.0000e+00 0.0000e+00 0.0000e+00 5.0420e+03 5.0000e+00 0.0000e+00 0.0000e+00 1.0000e+00 3.3000e+01 5.1000e+01 1.2200e+02 7.0000e+00 0.0000e+00 0.0000e+00 1.9900e+02 2.3700e+02 6.0000e+00 0.0000e+00
1.2800e+02 3.1000e+01 4.1430e+03 1.1460e+03 6.8000e+01 0.0000e+00 0.0000e+00 7.9000e+01 6.5000e+01 1.5100e+02 1.1000e+02 3.7000e+01 6.6000e+01 2.9100e+02 0.0000e+00 3.1500e+02 2.1000e+02 2.7400e+02 0.0000e+00 6.7000e+01 0.0000e+00 2.8400e+02 4.8000e+01 5.7000e+02 1.1000e+02 0.0000e+00 2.8000e+02 2.3000e+01 3.4800e+02 0.0000e+00 5.0240e+03 0.0000e+00 2.1200e+02 0.0000e+00 0.0000e+00 0.0000e+00 3.2400e+02 0.0000e+00 0.0000e+00 1.5800e+02 6.4000e+01 7.9000e+01 3.4000e+01 2.9700e+02 0.0000e+00 1.4370e+03 7.5000e+01 1.8300e+02 2.0600e+02 0.0000e+00
2.8000e+01 1.0000e+00 3.0000e+00 0.0000e+00 1.3000e+01 0.0000e+00 0.0000e+00 0.0000e+00 0.0000e+00 3.0000e+00 7.0000e+00 0.0000e+00 0.0000e+00 5.0000e+00 0.0000e+00 2.0000e+00 0.0000e+00 2.0000e+00 0.0000e+00 0.0000e+00 0.0000e+00 1.0000e+00 8.0000e+00 0.0000e+00 1.1000e+01 0.0000e+00 3.0000e+00 3.0000e+00 7.0000e+00 0.0000e+00 0.0000e+00 0.0000e+00 0.0000e+00 0.0000e+00 0.0000e+00 0.0000e+00 1.0000e+00 0.0000e+00 0.0000e+00 0.0000e+00 0.0000e+00 1.3000e+01 2.0000e+00 1.0000e+00 0.0000e+00 4.0000e+01 8.0000e+00 9.0000e+00 7.0000e+00 0.0000e+00
3.5130e+03 4.8740e+03 2.9600e+02 2.2080e+03 1.0790e+03 0.0000e+00 0.0000e+00 4.2760e+03 5.0200e+03 1.0940e+03 3.2450e+03 2.9720e+03 3.3220e+03 3.3890e+03 0.0000e+00 2.9970e+03 1.9490e+03 4.6060e+03 0.0000e+00 4.2940e+03 0.0000e+00 4.1010e+03 3.0710e+03 2.4860e+03 3.5740e+03 0.0000e+00 4.9230e+03 5.1240e+03 1.7420e+03 0.0000e+00 0.0000e+00 0.0000e+00 4.1820e+03 0.0000e+00 0.0000e+00 0.0000e+00 9.0400e+02 0.0000e+00 0.0000e+00 3.0440e+03 5.0170e+03 2.6100e+02 3.2720e+03 4.2550e+03 0.0000e+00 2.4940e+03 5.1040e+03 4.4050e+03 4.9650e+03 0.0000e+00
0.0000e+00 0.0000e+00 1.0000e+00 0.0000e+00 1.0000e+00 0.0000e+00 0.0000e+00 1.0000e+00 0.0000e+00 8.0000e+00 0.0000e+00 0.0000e+00 0.0000e+00 1.0000e+00 0.0000e+00 1.2000e+01 1.0000e+00 0.0000e+00 0.0000e+00 0.0000e+00 0.0000e+00 2.0000e+00 0.0000e+00 0.0000e+00 0.0000e+00 0.0000e+00 0.0000e+00 0.0000e+00 3.0000e+00 0.0000e+00 0.0000e+00 0.0000e+00 0.0000e+00 0.0000e+00 0.0000e+00 0.0000e+00 0.0000e+00 0.0000e+00 0.0000e+00 0.0000e+00 0.0000e+00 0.0000e+00 7.0000e+00 0.0000e+00 0.0000e+00 0.0000e+00 0.0000e+00 0.0000e+00 0.0000e+00 0.0000e+00
1.0000e+00 0.0000e+00 0.0000e+00 1.0000e+00 0.0000e+00 0.0000e+00 0.0000e+00 2.0000e+00 0.0000e+00 3.0000e+00 4.0000e+00 0.0000e+00 0.0000e+00 0.0000e+00 0.0000e+00 5.0000e+00 1.0000e+00 0.0000e+00 0.0000e+00 0.0000e+00 0.0000e+00 1.0000e+00 4.0000e+00 3.0000e+00 0.0000e+00 0.0000e+00 0.0000e+00 0.0000e+00 0.0000e+00 0.0000e+00 0.0000e+00 0.0000e+00 0.0000e+00 0.0000e+00 0.0000e+00 0.0000e+00 0.0000e+00 0.0000e+00 0.0000e+00 5.7000e+01 0.0000e+00 1.0000e+00 2.0000e+00 1.0000e+00 0.0000e+00 1.1000e+01 0.0000e+00 0.0000e+00 0.0000e+00 0.0000e+00
2.0000e+00 0.0000e+00 1.0000e+00 1.0000e+01 2.0000e+00 0.0000e+00 0.0000e+00 0.0000e+00 2.0000e+00 3.0000e+00 4.0000e+00 1.5000e+01 3.0000e+00 1.0000e+00 0.0000e+00 1.6000e+01 1.0000e+00 1.0000e+00 0.0000e+00 0.0000e+00 0.0000e+00 1.0000e+00 3.0000e+00 3.0000e+00 4.0000e+00 0.0000e+00 0.0000e+00 0.0000e+00 6.0000e+00 0.0000e+00 0.0000e+00 0.0000e+00 3.0000e+00 0.0000e+00 0.0000e+00 0.0000e+00 3.0000e+00 0.0000e+00 0.0000e+00 1.0000e+00 0.0000e+00 2.0000e+00 1.2000e+01 0.0000e+00 0.0000e+00 2.3000e+01 0.0000e+00 0.0000e+00 0.0000e+00 0.0000e+00
3.0000e+00 0.0000e+00 4.0000e+00 5.0000e+00 3.5000e+01 0.0000e+00 0.0000e+00 1.0000e+00 1.0000e+00 5.0000e+00 1.1000e+01 6.0000e+00 1.0000e+00 1.1000e+01 0.0000e+00 7.0000e+00 4.0000e+00 0.0000e+00 0.0000e+00 0.0000e+00 0.0000e+00 0.0000e+00 2.0000e+00 0.0000e+00 1.0000e+00 0.0000e+00 0.0000e+00 0.0000e+00 1.2000e+01 0.0000e+00 0.0000e+00 0.0000e+00 8.0000e+00 0.0000e+00 0.0000e+00 0.0000e+00 3.0000e+00 0.0000e+00 0.0000e+00 1.9000e+01 0.0000e+00 3.0000e+00 1.0000e+00 6.0000e+00 0.0000e+00 0.0000e+00 0.0000e+00 0.0000e+00 0.0000e+00 0.0000e+00
1.0000e+00 0.0000e+00 1.0000e+00 0.0000e+00 5.0000e+00 0.0000e+00 0.0000e+00 3.0000e+00 4.0000e+00 0.0000e+00 0.0000e+00 0.0000e+00 2.0000e+00 0.0000e+00 0.0000e+00 1.0000e+00 0.0000e+00 0.0000e+00 0.0000e+00 0.0000e+00 0.0000e+00 1.0000e+00 1.0000e+00 0.0000e+00 0.0000e+00 0.0000e+00 0.0000e+00 0.0000e+00 2.0000e+00 0.0000e+00 0.0000e+00 0.0000e+00 0.0000e+00 0.0000e+00 0.0000e+00 0.0000e+00 0.0000e+00 0.0000e+00 0.0000e+00 0.0000e+00 0.0000e+00 0.0000e+00 0.0000e+00 4.0000e+00 0.0000e+00 4.0000e+00 0.0000e+00 0.0000e+00 0.0000e+00 0.0000e+00
7.0000e+00 0.0000e+00 1.0000e+00 1.1000e+02 2.0000e+00 0.0000e+00 0.0000e+00 7.0000e+00 3.0000e+00 1.0000e+01 2.9000e+01 8.0000e+00 1.2000e+01 1.0000e+00 0.0000e+00 1.0000e+01 4.0000e+00 0.0000e+00 0.0000e+00 0.0000e+00 0.0000e+00 4.0000e+00 1.0000e+01 5.0000e+00 3.0000e+00 0.0000e+00 0.0000e+00 0.0000e+00 7.0000e+00 0.0000e+00 0.0000e+00 0.0000e+00 0.0000e+00 0.0000e+00 0.0000e+00 0.0000e+00 1.0000e+00 0.0000e+00 0.0000e+00 3.0000e+00 0.0000e+00 2.0000e+00 4.0000e+01 1.7000e+01 0.0000e+00 3.0000e+00 0.0000e+00 0.0000e+00 0.0000e+00 0.0000e+00
3.0000e+00 0.0000e+00 0.0000e+00 7.0000e+00 4.0000e+00 0.0000e+00 0.0000e+00 2.0000e+00 1.0000e+00 2.0000e+00 0.0000e+00 7.0000e+00 5.0000e+00 0.0000e+00 0.0000e+00 4.0000e+00 1.0000e+00 2.0000e+00 0.0000e+00 0.0000e+00 0.0000e+00 1.0000e+00 1.0000e+00 7.0000e+00 2.0000e+00 0.0000e+00 0.0000e+00 0.0000e+00 3.0000e+00 0.0000e+00 0.0000e+00 0.0000e+00 1.0000e+00 0.0000e+00 0.0000e+00 0.0000e+00 1.0000e+00 0.0000e+00 0.0000e+00 1.0000e+00 0.0000e+00 0.0000e+00 0.0000e+00 3.0000e+00 0.0000e+00 3.0000e+00 0.0000e+00 0.0000e+00 0.0000e+00 0.0000e+00
2.0000e+00 0.0000e+00 0.0000e+00 5.0000e+00 6.8000e+01 0.0000e+00 0.0000e+00 4.0000e+00 2.0000e+00 1.8730e+03 4.0000e+00 7.0000e+00 1.0000e+00 0.0000e+00 0.0000e+00 4.0000e+00 1.0000e+00 0.0000e+00 0.0000e+00 0.0000e+00 0.0000e+00 1.1000e+01 2.0000e+00 5.0000e+00 1.0000e+00 0.0000e+00 0.0000e+00 0.0000e+00 3.3000e+01 0.0000e+00 0.0000e+00 0.0000e+00 5.1000e+01 0.0000e+00 0.0000e+00 0.0000e+00 1.0000e+00 0.0000e+00 0.0000e+00 8.0000e+00 0.0000e+00 6.0000e+00 8.3000e+01 3.4000e+01 0.0000e+00 2.0000e+00 0.0000e+00 0.0000e+00 0.0000e+00 0.0000e+00
