4.6000e+01 1.0000e+00 1.0000e+00 1.0000e+00 1.0000e+00 4.0000e+00 1.0000e+00 2.0000e+00 2.0000e+00 9.9890e+03
1.0000e+00 2.0000e+00 1.0000e+00 9.9830e+03 2.0000e+00 1.0000e+00 9.0000e+00 1.0000e+00 1.0000e+00 6.0000e+00
9.8890e+03 1.0000e+00 1.0000e+00 3.0000e+00 4.4000e+01 1.0000e+00 2.0000e+00 2.0000e+00 1.0000e+00 3.0000e+00
8.0000e+00 2.0000e+00 8.0000e+00 1.0000e+00 1.6000e+01 9.9520e+03 1.0000e+00 1.0000e+00 8.0000e+00 2.6000e+01
1.0000e+00 1.0000e+00 9.7060e+03 1.7000e+01 1.0000e+00 1.0000e+00 1.0000e+00 1.6000e+01 1.0000e+00 1.0000e+00
5.0000e+00 1.0000e+00 1.0000e+00 1.0000e+00 2.0000e+00 1.0000e+00 9.9390e+03 2.0000e+00 1.0000e+00 3.0000e+00
2.0000e+00 1.0000e+00 1.0000e+00 4.0000e+00 1.0009e+04 7.0000e+00 1.0000e+00 1.0000e+00 4.0000e+00 5.2000e+01
3.0000e+00 7.2100e+02 1.3700e+02 1.0000e+00 1.0000e+00 2.0000e+00 5.0000e+00 9.8870e+03 1.0000e+00 1.0000e+00
1.0000e+00 1.0000e+00 1.0000e+00 2.0000e+00 2.0000e+00 1.0000e+00 1.0000e+00 3.0000e+00 1.0049e+04 2.0000e+00
1.0000e+00 9.3520e+03 3.0000e+00 1.0000e+00 1.0000e+00 3.0000e+00 1.0000e+00 5.0000e+00 1.0000e+00 1.0000e+00
