6.9231e-01 6.2500e-01 7.5000e-01 8.1818e-01 4.2857e-01 0.0000e+00 5.2941e-01 1.4286e-01 9.7800e-01 1.0000e+00 8.1481e-01 1.0000e+00 7.5000e-01 9.1257e-01 7.8448e-01 3.5714e-01 5.4545e-01 5.1250e-01 6.8339e-01 3.3333e-01 4.4444e-01 9.6429e-01 9.4948e-01 9.9602e-01 1.8182e-01 1.0000e+00 1.0000e+00 5.4688e-01 5.3846e-01 8.8077e-01 6.8750e-01 4.5455e-01 8.8927e-01 1.0000e+00 1.4286e-01 5.5556e-01 8.6946e-01 7.3786e-01 5.8824e-01 9.1574e-01 9.1073e-01 4.8000e-01 1.0000e+00 1.0000e+00 3.3333e-01 2.5000e-01 1.0000e-01 1.6667e-01 3.3333e-01 7.5000e-01
1.7949e-01 2.7907e-01 5.5394e-01 1.0000e-01 1.9149e-01 1.2903e-01 4.5455e-02 4.3929e-01 9.3750e-02 2.6667e-01 7.6923e-02 2.9231e-01 1.8367e-01 0.0000e+00 5.3911e-01 2.9412e-02 3.2308e-01 4.0222e-01 4.0918e-01 2.1622e-01 3.4409e-01 4.6536e-01 3.7339e-01 0.0000e+00 4.0933e-01 3.8525e-01 2.7778e-01 1.6418e-01 4.8459e-01 2.1053e-01 3.3750e-01 4.9485e-01 1.1905e-01 1.1538e-01 4.4737e-01 4.9771e-01 2.3944e-01 1.1111e-01 2.8421e-01 1.4286e-01 9.0909e-02 3.8462e-02 5.8290e-01 3.3077e-01 6.8966e-02 2.4561e-01 3.3333e-02 0.0000e+00 1.0526e-01 5.0108e-01
8.6329e-01 6.5000e-01 9.8980e-01 3.5294e-01 1.1111e-01 3.8889e-01 1.0000e+00 6.1702e-01 0.0000e+00 3.3333e-01 9.3871e-01 0.0000e+00 0.0000e+00 0.0000e+00 5.1613e-01 0.0000e+00 1.0000e-01 0.0000e+00 6.0300e-01 5.1837e-01 3.3333e-01 1.0000e-01 5.9701e-01 1.6667e-01 6.5306e-01 4.3750e-01 6.3636e-01 3.3333e-01 9.1150e-01 4.1176e-01 3.3333e-01 1.0000e+00 7.9916e-01 1.4286e-01 0.0000e+00 5.5263e-01 0.0000e+00 6.9504e-01 2.1429e-01 8.1923e-01 1.0000e-01 3.3333e-01 0.0000e+00 5.9259e-01 5.0000e-01 1.1111e-01 1.4286e-01 9.8417e-01 5.2000e-01 9.0378e-01
1.8750e-01 4.1667e-01 0.0000e+00 1.3333e-01 0.0000e+00 5.2308e-01 3.2000e-01 0.0000e+00 0.0000e+00 4.0909e-01 2.2222e-01 3.6000e-01 2.5000e-01 3.8095e-01 0.0000e+00 1.5385e-01 0.0000e+00 3.7383e-01 3.3803e-01 5.0388e-01 7.0677e-01 3.4286e-01 5.4412e-01 5.8378e-01 7.1915e-01 6.3636e-01 8.0228e-01 6.3407e-01 6.0169e-01 4.8855e-01 8.4796e-01 5.0847e-01 4.6316e-01 7.4474e-01 6.3158e-01 6.2570e-01 2.6923e-01 4.6575e-01 7.3702e-01 7.1429e-02 4.5833e-01 4.7436e-01 3.6000e-01 7.6923e-02 5.9565e-01 7.8947e-01 6.2511e-01 3.6667e-01 5.8657e-01 4.2105e-01
6.2500e-01 6.1789e-01 6.2500e-01 2.7778e-01 3.9286e-01 5.7377e-01 5.5769e-01 7.8125e-01 1.8750e-01 6.2903e-01 7.1674e-01 5.9259e-01 8.0588e-01 2.2222e-01 4.7500e-01 3.4694e-01 8.0173e-01 4.8045e-01 5.0000e-01 5.6599e-01 6.4000e-01 5.2941e-01 3.3333e-01 1.8750e-01 8.3333e-02 4.8387e-01 9.1113e-01 4.2029e-01 8.3199e-01 7.1429e-02 4.4000e-01 7.1345e-01 4.6154e-01 5.4762e-01 9.0824e-01 7.8387e-01 6.6071e-01 4.5833e-01 5.8824e-01 4.4444e-01 5.3165e-01 6.2874e-01 3.8095e-01 3.4615e-01 4.9153e-01 1.5385e-01 6.2887e-01 2.9412e-01 6.0773e-01 8.5070e-01
1.0000e+00 1.0000e+00 1.0000e+00 9.5918e-01 8.4211e-01 4.0000e-01 7.0588e-01 9.0000e-01 8.2105e-01 1.0000e+00 8.0000e-01 8.4615e-01 9.6024e-01 8.6008e-01 6.3415e-01 9.0909e-02 7.4257e-01 1.3333e-01 7.4614e-01 7.1429e-02 1.0000e+00 9.9630e-01 9.9886e-01 9.9021e-01 1.0000e+00 1.0000e+00 1.0000e+00 6.3063e-01 8.8889e-01 0.0000e+00 1.0000e+00 8.5714e-01 4.4444e-01 9.1667e-01 1.0000e+00 1.0000e+00 8.7805e-01 9.6261e-01 9.7753e-01 9.9395e-01 9.4981e-01 9.6456e-01 1.0000e+00 1.0000e+00 9.9124e-01 3.0000e-01 3.7500e-01 6.6667e-01 6.6667e-01 1.4286e-01
9.7083e-01 2.6667e-01 7.9592e-01 7.0213e-01 9.2127e-01 2.8571e-01 9.7600e-01 9.6433e-01 2.6667e-01 9.1204e-01 3.5294e-01 1.4286e-01 2.9412e-01 3.5000e-01 4.3478e-01 7.5114e-01 7.7090e-01 6.6667e-02 1.2500e-01 5.3401e-01 9.2857e-01 0.0000e+00 5.5769e-01 2.6667e-01 7.7273e-01 0.0000e+00 0.0000e+00 5.0000e-01 7.6667e-01 2.3529e-01 4.3750e-01 6.7742e-01 9.0909e-02 0.0000e+00 0.0000e+00 8.1852e-01 2.9412e-01 1.0000e-01 5.5319e-01 6.8067e-01 7.8066e-01 2.5000e-01 1.0000e+00 1.6667e-01 1.0000e-01 2.8571e-01 3.3333e-01 9.8016e-01 7.8382e-01 0.0000e+00
2.3529e-01 6.2353e-01 6.2376e-01 2.8571e-01 7.5478e-01 2.3529e-01 4.4444e-01 4.2424e-01 6.5734e-01 5.9829e-01 3.7931e-01 8.2054e-01 2.1053e-01 7.7454e-01 6.9076e-01 4.3925e-01 3.6364e-01 3.5897e-01 0.0000e+00 4.6348e-01 8.2456e-01 3.6364e-01 4.0476e-01 3.5484e-01 2.9630e-01 4.2857e-01 7.9952e-01 5.4054e-01 8.2786e-01 2.3077e-01 5.9677e-01 5.7143e-01 6.6297e-01 8.7857e-01 7.7204e-01 8.1044e-01 1.3333e-01 4.0909e-01 5.8065e-01 4.2222e-01 4.7761e-01 2.3810e-01 2.1429e-01 2.5000e-01 2.6087e-01 7.0120e-01 5.6054e-01 3.1818e-01 7.3327e-01 7.8309e-01
5.8824e-01 9.0935e-01 5.5556e-01 9.4103e-01 7.1845e-01 9.1818e-01 4.7059e-01 3.8462e-01 5.6250e-01 6.6216e-01 5.3125e-01 6.6667e-01 7.5132e-01 7.8498e-01 6.8493e-01 1.3333e-01 5.0000e-01 5.2206e-01 5.7558e-01 5.9281e-01 7.5000e-01 6.2121e-01 7.9762e-01 5.7143e-01 6.2500e-01 8.3333e-01 1.0000e+00 5.9441e-01 7.2727e-01 7.8286e-01 5.7895e-01 7.3333e-01 7.4133e-01 7.4194e-01 4.0000e-01 5.0000e-01 8.9295e-01 6.4368e-01 5.1282e-01 5.8182e-01 6.7544e-01 5.0000e-01 3.3333e-01 9.1518e-01 6.4198e-01 6.5517e-01 8.0547e-01 8.0000e-01 7.0526e-01 7.1429e-01
6.6222e-01 1.2500e-01 7.4069e-01 1.3333e-01 1.3333e-01 7.9730e-01 1.8750e-01 2.2222e-01 7.1429e-02 6.6353e-01 5.9864e-01 8.2071e-01 2.2727e-01 3.0000e-01 2.9167e-01 9.5238e-02 5.7923e-01 4.7039e-01 4.8485e-01 4.5660e-01 8.1860e-01 2.5000e-01 4.9462e-01 2.5000e-01 4.8235e-01 8.3067e-01 8.0727e-01 4.9784e-01 5.0000e-01 5.6211e-01 5.0980e-01 4.6939e-01 0.0000e+00 5.4688e-01 4.7727e-01 2.1053e-01 7.1429e-02 4.2623e-01 6.7976e-01 1.2500e-01 6.1383e-01 4.2623e-01 4.4737e-01 4.0000e-01 6.1074e-01 3.9474e-01 5.1500e-01 6.4948e-01 5.0769e-01 6.5517e-01
