9.9000e+02 1.0100e+03 9.5200e+02 1.0010e+03 9.4600e+02 9.6400e+02 1.0000e+03 1.0070e+03 9.9000e+02 9.7200e+02
1.0140e+03 9.8200e+02 9.7100e+02 1.0250e+03 1.0380e+03 9.8100e+02 1.0360e+03 1.0060e+03 1.0300e+03 1.0240e+03
1.0150e+03 1.0110e+03 9.9800e+02 9.5400e+02 9.6000e+02 1.0080e+03 1.0030e+03 1.0180e+03 9.7800e+02 1.0030e+03
9.7700e+02 1.0280e+03 1.0080e+03 9.8100e+02 1.0410e+03 1.0240e+03 9.7000e+02 1.0090e+03 9.9600e+02 9.8800e+02
1.0120e+03 9.5900e+02 1.0520e+03 9.8100e+02 9.7800e+02 9.9000e+02 9.9600e+02 9.8600e+02 1.0090e+03 9.9200e+02
1.0310e+03 1.0060e+03 9.7800e+02 1.0850e+03 1.0220e+03 9.9600e+02 9.5400e+02 1.0240e+03 9.9000e+02 9.7000e+02
1.0130e+03 1.0180e+03 9.9500e+02 1.0020e+03 1.0360e+03 1.0320e+03 1.0300e+03 1.0520e+03 1.0000e+03 9.7600e+02
1.0080e+03 9.9600e+02 1.0030e+03 9.8100e+02 9.9600e+02 9.6700e+02 9.8800e+02 9.7400e+02 1.0190e+03 1.0100e+03
9.7200e+02 1.0060e+03 1.0100e+03 1.0000e+03 9.7200e+02 9.9400e+02 1.0330e+03 9.7200e+02 1.0050e+03 1.0100e+03
9.7600e+02 1.0060e+03 9.9000e+02 1.0150e+03 9.8200e+02 1.0120e+03 1.0310e+03 1.0150e+03 9.8200e+02 1.0010e+03
