8.5758e-01 1.3663e-01 2.3950e-01 7.2727e-01 5.0317e-01 5.5290e-01 3.5600e-01 2.2840e-01 9.0808e-01 9.7634e-01
1.5779e-01 5.7230e-01 2.2966e-01 9.9902e-01 5.7129e-01 2.7727e-01 7.7510e-01 5.9642e-02 8.1553e-02 9.7461e-01
9.7931e-01 4.7873e-01 5.8116e-02 6.2055e-01 7.8750e-01 5.7143e-01 9.6710e-01 7.6916e-01 5.6544e-01 5.0548e-01
7.6356e-01 7.8502e-01 7.8075e-01 5.2497e-01 7.0797e-01 9.7852e-01 1.6598e-01 4.4599e-01 3.4438e-01 8.2895e-01
2.9644e-03 1.3869e-01 8.6977e-01 6.8298e-01 2.8119e-01 2.7778e-01 5.2209e-02 5.5071e-01 1.4965e-01 3.0948e-01
6.8768e-01 3.9662e-01 1.3088e-01 1.3733e-01 4.8337e-01 4.0462e-01 9.7379e-01 7.5000e-01 2.1010e-01 5.9072e-01
8.2823e-01 4.3811e-01 2.9548e-01 3.1437e-01 6.0618e-01 5.7267e-01 4.7961e-01 2.4144e-01 4.4400e-01 5.9939e-01
5.2778e-01 9.6888e-01 9.4816e-01 2.8746e-01 1.3052e-02 4.0848e-01 5.9109e-01 8.2238e-01 4.9951e-01 1.3861e-02
2.2737e-01 4.5030e-01 1.2871e-01 7.7600e-01 4.7428e-01 3.8229e-02 4.2788e-01 5.4938e-01 6.9652e-01 4.6832e-01
4.6107e-02 9.9304e-01 2.2525e-01 1.8522e-01 1.4358e-01 2.6680e-01 2.1920e-01 4.7685e-01 4.2770e-01 5.7443e-01
