8.8064e-01 1.6208e-01 2.3377e-01 7.4496e-01 5.1863e-01 5.4717e-01 3.5941e-01 2.1982e-01 9.2530e-01 9.7423e-01
1.5430e-01 5.5501e-01 2.4356e-01 9.9903e-01 5.6845e-01 2.8846e-01 7.7112e-01 5.6323e-02 8.5427e-02 9.6866e-01
9.7316e-01 4.7531e-01 5.2731e-02 6.3415e-01 7.8764e-01 5.5949e-01 9.7957e-01 7.8810e-01 5.7233e-01 5.3261e-01
7.5823e-01 7.5202e-01 7.9857e-01 5.1914e-01 7.0409e-01 9.8055e-01 1.6109e-01 4.4763e-01 3.4919e-01 8.1753e-01
7.0636e-03 1.5030e-01 8.7700e-01 6.8416e-01 2.7416e-01 2.9468e-01 5.7674e-02 5.7407e-01 1.4547e-01 3.3647e-01
6.9891e-01 4.2085e-01 1.1817e-01 1.5291e-01 4.9394e-01 3.9691e-01 9.6622e-01 7.5736e-01 2.0227e-01 5.7039e-01
8.1238e-01 4.4696e-01 2.7593e-01 3.2615e-01 6.2710e-01 5.6119e-01 5.0766e-01 2.3302e-01 4.7808e-01 5.9179e-01
4.9900e-01 9.6559e-01 9.4985e-01 2.7912e-01 6.9102e-03 4.0985e-01 5.9531e-01 8.3333e-01 4.9656e-01 1.9455e-02
2.3270e-01 4.7813e-01 1.4416e-01 7.5514e-01 4.8817e-01 3.6926e-02 4.3676e-01 5.5652e-01 7.3407e-01 4.6231e-01
4.1794e-02 9.9695e-01 2.0175e-01 1.7492e-01 1.2474e-01 2.4544e-01 1.8172e-01 4.9494e-01 4.1643e-01 5.7072e-01
