4.4300e+02 2.0000e+00 6.0000e+00 5.9000e+01 1.9000e+01 1.9000e+01 0.0000e+00 4.0000e+00 8.7480e+03 5.3600e+03
6.0000e+00 9.0000e+00 3.0000e+00 9.7840e+03 4.7000e+01 1.0000e+00 1.0900e+02 0.0000e+00 1.0000e+00 4.5360e+03
9.0020e+03 8.0000e+00 2.0000e+00 0.0000e+00 7.0600e+03 7.0000e+00 5.8620e+03 9.3300e+02 3.1000e+01 0.0000e+00
5.9000e+01 1.3000e+01 1.6300e+02 0.0000e+00 4.8500e+02 9.6610e+03 4.0000e+00 2.5000e+01 9.0000e+00 0.0000e+00
0.0000e+00 0.0000e+00 6.2100e+02 0.0000e+00 4.0000e+00 0.0000e+00 1.0000e+00 1.1100e+02 2.0000e+00 0.0000e+00
4.9000e+01 5.0000e+00 0.0000e+00 0.0000e+00 5.1000e+01 0.0000e+00 3.3600e+03 5.0400e+02 0.0000e+00 0.0000e+00
1.2200e+02 1.0000e+00 3.0000e+00 0.0000e+00 1.5000e+01 0.0000e+00 3.0000e+00 1.0000e+00 2.1000e+01 0.0000e+00
6.0000e+00 6.7170e+03 8.6100e+03 0.0000e+00 0.0000e+00 0.0000e+00 1.0000e+01 6.5460e+03 5.0000e+00 0.0000e+00
1.0000e+00 1.7000e+01 2.0000e+00 0.0000e+00 2.0000e+01 0.0000e+00 1.3000e+01 1.5000e+01 1.1300e+02 0.0000e+00
0.0000e+00 2.9940e+03 0.0000e+00 0.0000e+00 1.0000e+00 0.0000e+00 8.0000e+00 5.0000e+00 2.0000e+00 0.0000e+00
