3.5000e+01 1.8000e+01 3.8790e+03 1.9000e+01 3.7000e+01 9.3000e+01 3.9000e+01 3.9160e+03 3.2050e+03 8.4000e+01 3.5000e+01 3.4000e+01 2.0000e+01 2.0000e+01 3.7000e+01 2.8000e+01 1.2000e+01 1.4000e+01 8.0000e+00 2.4000e+01 3.7000e+01 1.8000e+01 3.3000e+01 2.7000e+01 1.5000e+01 2.0000e+01 2.1680e+03 1.1000e+01 5.3000e+01 4.3000e+01 3.5100e+03 4.1310e+03 3.5000e+01 4.4000e+01 2.8000e+01 3.0000e+01 1.4000e+01 4.0000e+01 4.0000e+01 3.1000e+01 3.6000e+01 0.0000e+00 1.4000e+01 3.2000e+01 4.9000e+01 1.3000e+01 2.7000e+01 4.3000e+01 1.3000e+01 2.5000e+01
3.3000e+01 2.2000e+01 0.0000e+00 0.0000e+00 3.9560e+03 0.0000e+00 1.4000e+01 3.7000e+01 8.0000e+00 1.0000e+01 0.0000e+00 0.0000e+00 7.0000e+00 0.0000e+00 5.0000e+00 2.4000e+01 7.0000e+00 0.0000e+00 1.4000e+01 2.3000e+01 9.0000e+00 3.4000e+01 3.0000e+01 9.0000e+00 1.2000e+01 6.0000e+00 1.7000e+01 0.0000e+00 3.1570e+03 1.3910e+03 1.3000e+01 0.0000e+00 0.0000e+00 2.4000e+01 1.4000e+01 1.5000e+01 1.2000e+01 1.5000e+01 3.2000e+01 0.0000e+00 0.0000e+00 1.1000e+01 9.0000e+00 1.8000e+01 5.3170e+03 3.6920e+03 0.0000e+00 2.3000e+01 2.8000e+01 5.0000e+00
1.2000e+01 2.6000e+01 1.2000e+01 4.5000e+01 3.5000e+01 5.0000e+01 5.3000e+01 2.3000e+01 4.8000e+01 3.3350e+03 3.7100e+03 1.2000e+01 6.9400e+02 3.4690e+03 1.6000e+01 4.6000e+01 2.9000e+01 2.7000e+01 3.1000e+01 3.8000e+01 4.8000e+01 3.2000e+01 1.7000e+01 5.7000e+01 3.3970e+03 2.3000e+01 2.8000e+01 3.5000e+01 5.3000e+01 4.6000e+01 2.4000e+01 2.2000e+01 3.8000e+01 3.1970e+03 3.8000e+01 2.9000e+01 5.1000e+01 3.2000e+01 4.6000e+01 2.6000e+01 3.5560e+03 2.8000e+01 6.2000e+01 2.8000e+01 3.4000e+01 2.6000e+01 2.7000e+01 1.7000e+01 4.2000e+01 3.3000e+01
5.3520e+03 2.2000e+01 7.1000e+01 5.9000e+01 2.2000e+01 6.7000e+01 5.4700e+03 5.2000e+01 5.6000e+01 6.5000e+01 1.7000e+01 8.2300e+02 3.4540e+03 6.8000e+01 5.0000e+00 4.6000e+01 2.0000e+01 4.9000e+01 4.3000e+01 5.0000e+00 6.5000e+01 6.6000e+01 8.0000e+00 1.7350e+03 3.0000e+00 3.4000e+01 1.3070e+03 3.0000e+01 1.8000e+01 5.7000e+01 1.2000e+01 4.6000e+01 5.6000e+01 2.0000e+00 2.6000e+01 3.0000e+00 6.8000e+01 7.7000e+01 5.1000e+01 8.0000e+00 5.9000e+01 3.7060e+03 2.0000e+01 3.8120e+03 7.5000e+01 6.9000e+01 7.3000e+01 4.6000e+01 5.1260e+03 2.1000e+01
1.5000e+01 1.4000e+01 0.0000e+00 0.0000e+00 1.6000e+01 0.0000e+00 2.8000e+01 0.0000e+00 0.0000e+00 0.0000e+00 0.0000e+00 1.7000e+01 0.0000e+00 4.0000e+00 0.0000e+00 1.9000e+01 1.7000e+01 4.0000e+00 5.0000e+00 2.0000e+01 2.6460e+03 7.0000e+00 1.5000e+01 2.2000e+01 6.0000e+00 3.0000e+00 0.0000e+00 0.0000e+00 1.1000e+01 1.3000e+01 1.5000e+01 2.7000e+01 4.0000e+00 4.0000e+00 1.6000e+01 0.0000e+00 0.0000e+00 4.0000e+00 4.9240e+03 0.0000e+00 6.0000e+00 0.0000e+00 1.3000e+01 0.0000e+00 7.0000e+00 7.0000e+00 5.0000e+00 3.6770e+03 1.1000e+01 0.0000e+00
1.3000e+01 9.0000e+00 1.2000e+01 6.0000e+00 0.0000e+00 2.7380e+03 0.0000e+00 0.0000e+00 0.0000e+00 4.0000e+00 2.1000e+01 2.3000e+01 9.0000e+00 1.6000e+01 1.9000e+01 3.4000e+01 8.0000e+00 3.0000e+00 4.0000e+00 5.0000e+00 1.0000e+01 0.0000e+00 0.0000e+00 0.0000e+00 2.2000e+01 5.0000e+00 0.0000e+00 0.0000e+00 2.2000e+01 2.5680e+03 3.0000e+00 2.4000e+01 1.6000e+01 0.0000e+00 1.4000e+01 8.0000e+00 1.0000e+00 5.2590e+03 6.9000e+01 6.0000e+00 8.0000e+00 1.5000e+01 5.3770e+03 0.0000e+00 6.6000e+01 0.0000e+00 1.5000e+01 7.0000e+00 4.0000e+00 0.0000e+00
1.5000e+01 5.0000e+00 2.0000e+01 1.9000e+01 1.4000e+01 7.0000e+00 1.6000e+01 9.0000e+00 0.0000e+00 1.1000e+01 1.2000e+01 9.0000e+00 3.0000e+00 1.1000e+01 5.0000e+00 3.1810e+03 2.0000e+00 1.2000e+01 1.0000e+01 4.0000e+00 1.1000e+01 5.0000e+00 1.2000e+01 1.8000e+01 9.0000e+00 4.0000e+00 1.0000e+00 8.0000e+00 1.1000e+01 3.7000e+01 2.0000e+00 1.9000e+01 3.0000e+00 4.0000e+00 1.6000e+01 6.0000e+00 3.0000e+00 9.0000e+00 2.6000e+01 8.0000e+00 5.0000e+00 1.0000e+01 2.2000e+01 9.0000e+00 1.4000e+01 2.1000e+01 1.0000e+01 1.6000e+01 5.0000e+00 2.0000e+00
6.0000e+01 3.0160e+03 3.1000e+01 3.3000e+01 4.0000e+01 3.7000e+01 2.4000e+01 2.7000e+01 4.9000e+01 4.9000e+01 1.3000e+01 1.4000e+01 2.6000e+01 2.3000e+01 3.6000e+01 4.1000e+01 3.2000e+01 3.7630e+03 1.5000e+01 3.3520e+03 4.9000e+01 2.5000e+01 3.6000e+01 2.7590e+03 3.2000e+01 3.6100e+03 1.5000e+01 3.0600e+03 4.3000e+01 3.3000e+01 2.5000e+01 3.2000e+01 1.4000e+01 2.2000e+01 3.8000e+01 4.4000e+01 5.4000e+01 4.1000e+01 2.9000e+01 3.3200e+03 3.0000e+01 8.4000e+01 4.9000e+01 2.0000e+01 4.4000e+01 5.0000e+01 4.4000e+01 6.7000e+01 2.6000e+01 2.6000e+01
6.0000e+00 1.0000e+01 1.9000e+01 2.6920e+03 3.8000e+01 1.7000e+01 2.0000e+01 3.5000e+01 1.2000e+01 1.9000e+01 1.3000e+01 2.2770e+03 7.0000e+00 1.0000e+01 5.0000e+00 4.4000e+01 7.3000e+01 2.5000e+01 1.3000e+01 2.1000e+01 1.2000e+01 2.1290e+03 1.5910e+03 2.6000e+01 1.5000e+01 3.9000e+01 5.0000e+00 7.0000e+00 2.5000e+01 2.9000e+01 2.5000e+01 1.5000e+01 6.0000e+00 2.1000e+01 2.8370e+03 4.3000e+01 5.0000e+00 3.5000e+01 2.8000e+01 1.7000e+01 1.2000e+01 6.0000e+00 6.7000e+01 1.9000e+01 7.0000e+00 9.0000e+00 3.7240e+03 9.0000e+00 4.0000e+00 2.2000e+01
2.9000e+01 4.9000e+01 1.3000e+01 1.3000e+01 4.3000e+01 6.2000e+01 3.7000e+01 5.6000e+01 3.8000e+01 2.7000e+01 3.2000e+01 6.0000e+01 3.7000e+01 4.9000e+01 3.8500e+03 1.2000e+01 3.7700e+03 5.4000e+01 3.8170e+03 6.6000e+01 5.7000e+01 1.5000e+01 1.2000e+01 1.7000e+01 3.3000e+01 4.0000e+01 1.1400e+02 2.9000e+01 4.6000e+01 2.0000e+01 1.6000e+01 5.7000e+01 4.3740e+03 5.7000e+01 4.8000e+01 5.0210e+03 4.7630e+03 3.4000e+01 2.8000e+01 4.1000e+01 2.2000e+01 1.5000e+01 2.9000e+01 7.8000e+01 4.0000e+01 3.1000e+01 6.5000e+01 2.2000e+01 2.5000e+01 4.4860e+03
