2.8000e+01 1.8000e+01 2.3000e+01 2.1000e+01 2.2000e+01 2.3000e+01 1.1000e+01 3.4000e+01 1.4500e+02 9.6420e+03
1.0000e+01 1.8000e+01 1.9000e+01 9.4330e+03 3.1000e+01 1.9000e+01 2.3000e+01 1.9000e+01 1.9000e+01 1.5200e+02
6.7000e+02 2.0000e+01 2.0000e+01 2.6000e+01 9.9060e+03 1.8000e+01 5.3900e+02 2.8000e+01 2.2000e+01 2.6000e+01
1.4000e+01 2.8000e+01 1.7000e+01 2.9000e+01 1.9000e+01 9.7520e+03 2.2000e+01 2.4000e+01 3.5000e+01 3.3000e+01
2.4000e+01 1.8000e+01 9.3250e+03 3.1000e+01 2.4000e+01 2.0000e+01 3.1000e+01 2.4000e+01 1.9000e+01 2.0000e+01
1.3000e+01 2.1000e+01 2.4000e+01 2.0000e+01 1.8000e+01 2.1000e+01 9.2900e+03 3.4000e+01 2.3000e+01 2.3000e+01
9.1880e+03 1.5000e+01 2.3000e+01 2.6000e+01 5.0000e+01 2.1000e+01 1.7000e+01 2.3000e+01 1.4000e+01 2.2000e+01
1.5000e+01 4.6000e+02 3.6600e+02 3.0000e+01 2.4000e+01 1.7000e+01 1.9000e+01 1.0012e+04 2.8000e+01 1.6000e+01
1.5000e+01 2.3000e+01 2.0000e+01 4.3600e+02 2.4000e+01 2.6000e+01 2.1000e+01 2.6000e+01 9.5720e+03 2.2000e+01
2.4000e+01 9.2580e+03 2.5000e+01 1.9000e+01 1.9000e+01 1.9000e+01 2.2000e+01 3.0000e+01 1.5000e+01 1.7000e+01
