8.9286e-01 5.5556e-02 2.1739e-01 6.6667e-01 5.0000e-01 5.2174e-01 3.6364e-01 2.0588e-01 9.2414e-01 9.6868e-01
4.0000e-01 6.6667e-01 1.5789e-01 9.9746e-01 6.4516e-01 1.5789e-01 6.5217e-01 5.2632e-02 1.0526e-01 9.6053e-01
9.7463e-01 5.5000e-01 5.0000e-02 6.1538e-01 7.8892e-01 6.1111e-01 9.7032e-01 7.8571e-01 3.6364e-01 5.3846e-01
6.4286e-01 6.0714e-01 8.8235e-01 6.2069e-01 6.3158e-01 9.7683e-01 4.5455e-02 3.7500e-01 3.4286e-01 6.3636e-01
4.1667e-02 2.2222e-01 8.8290e-01 7.7419e-01 3.3333e-01 2.5000e-01 0.0000e+00 7.0833e-01 2.6316e-01 2.5000e-01
6.1538e-01 6.1905e-01 2.0833e-01 2.0000e-01 4.4444e-01 4.2857e-01 9.6878e-01 7.6471e-01 2.1739e-01 5.6522e-01
8.2532e-01 4.6667e-01 2.1739e-01 2.6923e-01 6.0000e-01 6.6667e-01 3.5294e-01 2.1739e-01 3.5714e-01 5.4545e-01
6.6667e-01 9.6957e-01 9.6175e-01 1.3333e-01 0.0000e+00 4.1176e-01 8.9474e-01 8.2451e-01 4.6429e-01 6.2500e-02
1.3333e-01 3.0435e-01 2.0000e-01 7.5688e-01 5.4167e-01 3.8462e-02 3.8095e-01 5.3846e-01 7.2378e-01 4.5455e-01
8.3333e-02 9.9557e-01 1.6000e-01 1.5789e-01 2.6316e-01 2.6316e-01 1.3636e-01 4.0000e-01 4.6667e-01 6.4706e-01
