8.9412e-01 0.0000e+00 2.8571e-01 7.6724e-01 5.3030e-01 6.2687e-01 3.0000e-01 3.3333e-01 9.0594e-01 9.7086e-01
2.2222e-01 7.9167e-01 3.6364e-01 9.9747e-01 5.7895e-01 1.8182e-01 7.9268e-01 0.0000e+00 1.1111e-01 9.6963e-01
9.7538e-01 5.7143e-01 0.0000e+00 7.0732e-01 7.8737e-01 5.3659e-01 9.8750e-01 8.0139e-01 5.0000e-01 6.0465e-01
7.0588e-01 7.5000e-01 6.8750e-01 6.0000e-01 7.4571e-01 9.8054e-01 1.6667e-01 3.6842e-01 2.7273e-01 7.1429e-01
0.0000e+00 0.0000e+00 8.7853e-01 5.8824e-01 1.8182e-01 3.2000e-01 0.0000e+00 5.6849e-01 0.0000e+00 3.1818e-01
7.1429e-01 4.6667e-01 1.6667e-01 1.1111e-01 5.3659e-01 3.3333e-01 9.6565e-01 7.6707e-01 1.1111e-01 4.5455e-01
8.2609e-01 4.0000e-01 1.0000e-01 2.0000e-01 6.2140e-01 4.9275e-01 3.7037e-01 2.0000e-01 8.3333e-02 6.5341e-01
4.8000e-01 9.7381e-01 9.5606e-01 2.3077e-01 0.0000e+00 4.3750e-01 6.8966e-01 8.2528e-01 5.5769e-01 0.0000e+00
2.6316e-01 3.3333e-01 0.0000e+00 7.6792e-01 3.9744e-01 7.6923e-02 3.0435e-01 5.8175e-01 7.3728e-01 3.4483e-01
1.1111e-01 9.9331e-01 0.0000e+00 1.8182e-01 8.3333e-02 1.6667e-01 0.0000e+00 5.4098e-01 4.2857e-01 6.6250e-01
