6.0000e+00 1.0000e+00 1.0000e+00 1.0000e+00 1.0000e+00 1.0000e+01 1.0000e+00 1.0000e+00 5.7000e+01 9.9970e+03
1.0000e+00 1.0000e+00 4.0000e+00 1.0032e+04 2.0000e+00 1.0000e+00 1.0000e+00 1.0000e+00 1.0000e+00 2.9000e+01
9.8480e+03 1.0000e+00 1.0000e+00 1.0000e+00 1.0000e+00 1.0000e+00 7.5000e+01 2.0000e+00 1.0000e+00 1.0000e+00
3.0000e+00 3.0000e+00 1.8000e+01 1.0000e+00 9.9410e+03 1.6690e+03 1.0000e+00 1.1000e+01 2.0000e+00 4.0000e+00
1.0000e+00 1.0000e+00 9.5670e+03 4.0000e+00 1.0000e+00 1.0000e+00 1.0000e+00 1.0000e+00 1.0000e+00 1.0000e+00
4.0000e+00 1.0000e+00 1.0000e+00 1.0000e+00 1.1000e+01 1.0000e+00 9.9870e+03 1.0000e+00 2.0000e+00 6.0000e+00
1.0000e+00 1.0000e+00 1.0000e+00 5.0000e+00 1.0000e+00 8.3010e+03 1.0000e+00 1.0000e+00 5.0000e+00 3.0000e+00
1.7000e+01 4.9500e+02 4.1700e+02 1.0000e+00 1.0000e+00 1.0000e+00 5.0000e+00 9.9610e+03 2.0000e+00 1.0000e+00
3.0000e+00 1.0000e+00 1.0000e+00 2.0000e+00 1.0000e+00 1.0000e+00 6.0000e+00 1.4000e+01 9.8970e+03 1.0000e+00
1.0000e+00 9.5130e+03 1.0000e+00 1.0000e+00 1.0000e+00 2.0000e+00 1.0000e+00 2.0000e+00 1.0000e+00 1.0000e+00
