8.3333e-01 0.0000e+00 0.0000e+00 0.0000e+00 0.0000e+00 9.0000e-01 0.0000e+00 0.0000e+00 9.6491e-01 9.6979e-01
0.0000e+00 1.0000e+00 7.5000e-01 9.9831e-01 5.0000e-01 0.0000e+00 0.0000e+00 0.0000e+00 0.0000e+00 9.3103e-01
9.7451e-01 0.0000e+00 0.0000e+00 0.0000e+00 0.0000e+00 0.0000e+00 9.4667e-01 5.0000e-01 0.0000e+00 0.0000e+00
6.6667e-01 6.6667e-01 8.8889e-01 0.0000e+00 7.1804e-01 9.8382e-01 0.0000e+00 7.2727e-01 5.0000e-01 7.5000e-01
0.0000e+00 0.0000e+00 8.8063e-01 7.5000e-01 0.0000e+00 0.0000e+00 0.0000e+00 0.0000e+00 0.0000e+00 0.0000e+00
7.5000e-01 0.0000e+00 0.0000e+00 0.0000e+00 5.4545e-01 0.0000e+00 9.6315e-01 0.0000e+00 5.0000e-01 6.6667e-01
0.0000e+00 0.0000e+00 0.0000e+00 4.0000e-01 0.0000e+00 5.6620e-01 0.0000e+00 0.0000e+00 4.0000e-01 3.3333e-01
8.8235e-01 9.6566e-01 9.5444e-01 0.0000e+00 0.0000e+00 0.0000e+00 8.0000e-01 8.2823e-01 5.0000e-01 0.0000e+00
6.6667e-01 0.0000e+00 0.0000e+00 5.0000e-01 0.0000e+00 0.0000e+00 6.6667e-01 5.7143e-01 7.3406e-01 0.0000e+00
0.0000e+00 9.9432e-01 0.0000e+00 0.0000e+00 0.0000e+00 5.0000e-01 0.0000e+00 5.0000e-01 0.0000e+00 0.0000e+00
