5.0000e+00 0.0000e+00 0.0000e+00 0.0000e+00 0.0000e+00 9.0000e+00 0.0000e+00 0.0000e+00 5.5000e+01 9.6950e+03
0.0000e+00 1.0000e+00 3.0000e+00 1.0015e+04 1.0000e+00 0.0000e+00 0.0000e+00 0.0000e+00 0.0000e+00 2.7000e+01
9.5970e+03 0.0000e+00 0.0000e+00 0.0000e+00 0.0000e+00 0.0000e+00 7.1000e+01 1.0000e+00 0.0000e+00 0.0000e+00
2.0000e+00 2.0000e+00 1.6000e+01 0.0000e+00 7.1380e+03 1.6420e+03 0.0000e+00 8.0000e+00 1.0000e+00 3.0000e+00
0.0000e+00 0.0000e+00 8.4250e+03 3.0000e+00 0.0000e+00 0.0000e+00 0.0000e+00 0.0000e+00 0.0000e+00 0.0000e+00
3.0000e+00 0.0000e+00 0.0000e+00 0.0000e+00 6.0000e+00 0.0000e+00 9.6190e+03 0.0000e+00 1.0000e+00 4.0000e+00
0.0000e+00 0.0000e+00 0.0000e+00 2.0000e+00 0.0000e+00 4.7000e+03 0.0000e+00 0.0000e+00 2.0000e+00 1.0000e+00
1.5000e+01 4.7800e+02 3.9800e+02 0.0000e+00 0.0000e+00 0.0000e+00 4.0000e+00 8.2500e+03 1.0000e+00 0.0000e+00
2.0000e+00 0.0000e+00 0.0000e+00 1.0000e+00 0.0000e+00 0.0000e+00 4.0000e+00 8.0000e+00 7.2650e+03 0.0000e+00
0.0000e+00 9.4590e+03 0.0000e+00 0.0000e+00 0.0000e+00 1.0000e+00 0.0000e+00 1.0000e+00 0.0000e+00 0.0000e+00
