9.8200e+02 9.1900e+02 1.0360e+03 9.7200e+02 9.8800e+02 1.0140e+03 1.0270e+03 1.0230e+03 9.8900e+02 9.7900e+02
1.0430e+03 9.4200e+02 9.9800e+02 9.6000e+02 9.8700e+02 9.9700e+02 1.0130e+03 9.4900e+02 9.4000e+02 1.0030e+03
9.7500e+02 1.0370e+03 1.0360e+03 9.7500e+02 1.0230e+03 9.7600e+02 1.0090e+03 1.0470e+03 1.0280e+03 9.0200e+02
1.0360e+03 9.6100e+02 9.9900e+02 9.7100e+02 9.6700e+02 1.0080e+03 1.0120e+03 1.0500e+03 1.0180e+03 1.0440e+03
9.8900e+02 9.8400e+02 1.0530e+03 1.0030e+03 9.8000e+02 1.0000e+03 9.9500e+02 1.0130e+03 1.0200e+03 9.9400e+02
9.0400e+02 1.0410e+03 1.0310e+03 1.0800e+03 9.5600e+02 1.0330e+03 9.6500e+02 1.0460e+03 9.1900e+02 9.7700e+02
9.6800e+02 9.8800e+02 9.9800e+02 1.0180e+03 9.6700e+02 1.0350e+03 1.0060e+03 9.7400e+02 1.0010e+03 9.9100e+02
9.7200e+02 9.9900e+02 1.0260e+03 1.0040e+03 1.0230e+03 9.7000e+02 1.0470e+03 1.0140e+03 1.0210e+03 9.9900e+02
1.0180e+03 9.6200e+02 9.9900e+02 1.0030e+03 1.0110e+03 1.0020e+03 1.0360e+03 1.0310e+03 1.0320e+03 1.0180e+03
1.0360e+03 1.0020e+03 9.3900e+02 9.9300e+02 1.0610e+03 9.9100e+02 1.0050e+03 1.0280e+03 1.0090e+03 9.8500e+02
