8.8289e-01 1.3166e-01 2.4807e-01 7.3354e-01 5.3239e-01 5.2860e-01 3.2522e-01 2.1799e-01 8.8979e-01 9.6425e-01
1.7546e-01 5.9236e-01 2.3647e-01 9.9896e-01 5.4813e-01 2.4072e-01 7.6012e-01 5.7956e-02 1.0106e-01 9.6510e-01
9.7949e-01 4.5709e-01 6.6602e-02 6.1026e-01 7.6735e-01 6.1578e-01 9.7522e-01 7.4976e-01 5.4864e-01 4.9667e-01
7.7027e-01 7.7940e-01 7.6677e-01 5.3965e-01 7.1665e-01 9.7619e-01 1.4723e-01 4.3048e-01 3.4086e-01 8.1705e-01
1.0111e-03 1.3516e-01 8.8604e-01 6.3908e-01 2.8878e-01 3.0000e-01 7.3367e-02 5.7848e-01 1.6569e-01 3.4507e-01
6.9248e-01 4.0346e-01 1.2997e-01 1.4722e-01 4.8954e-01 4.0755e-01 9.6684e-01 7.5239e-01 2.0675e-01 5.7114e-01
8.2748e-01 4.4433e-01 3.2164e-01 3.4283e-01 6.4943e-01 5.7295e-01 4.9901e-01 2.3614e-01 4.3956e-01 5.8829e-01
4.8560e-01 9.7497e-01 9.5614e-01 2.8984e-01 1.8573e-02 4.1753e-01 6.1032e-01 8.1164e-01 5.0441e-01 1.3013e-02
2.4656e-01 4.5114e-01 1.2713e-01 7.8265e-01 4.6983e-01 4.4910e-02 4.2181e-01 5.5965e-01 7.4806e-01 4.5285e-01
4.9228e-02 9.9601e-01 1.7998e-01 1.7724e-01 1.2064e-01 2.5429e-01 2.0299e-01 5.0973e-01 4.4698e-01 5.6041e-01
