1.0000e+00 1.0000e+00 1.0000e+00 5.0000e+00 1.0000e+00 1.0000e+00 1.0000e+00 1.0000e+00 6.0770e+03 9.0000e+00 2.0000e+00 8.5000e+01 1.0000e+00 2.0000e+00 3.0000e+00 1.0000e+01 0.0000e+00 1.0000e+00 6.0710e+03 2.0000e+00 1.0000e+00 5.9200e+03 5.9690e+03 5.8460e+03 1.0000e+00 2.0000e+00 4.0000e+00 1.0000e+00 1.0000e+00 5.8940e+03 1.0000e+00 0.0000e+00 2.5000e+01 2.0000e+00 1.0000e+00 4.0000e+00 5.0000e+00 1.0000e+00 1.0000e+00 7.0000e+00 1.0000e+00 1.0000e+00 1.0000e+00 7.6400e+02 4.0000e+00 1.0000e+00 1.0000e+00 1.0000e+00 1.0000e+00 4.0000e+00
1.0000e+00 1.0000e+00 3.2000e+01 1.0000e+00 1.0000e+00 1.0000e+00 1.0000e+00 3.0000e+00 1.0000e+00 1.0000e+00 3.0000e+00 1.0000e+00 1.0000e+00 1.0000e+00 6.0440e+03 1.0000e+00 1.0000e+00 1.0000e+00 1.0000e+00 1.0000e+00 4.0000e+00 1.1000e+01 1.0000e+00 1.0000e+00 3.0000e+00 1.0000e+00 1.0000e+00 1.0000e+00 1.0000e+00 1.0000e+00 1.0000e+00 1.0000e+00 1.0000e+00 1.0000e+00 1.0000e+00 1.0000e+00 3.0000e+00 1.0000e+00 1.0000e+00 1.0000e+00 3.0000e+00 1.0000e+00 1.0000e+00 3.0000e+01 1.0000e+00 1.0000e+00 1.0000e+00 1.0000e+00 1.0000e+00 1.0000e+00
2.9480e+03 2.9000e+01 3.6000e+01 1.0000e+00 1.0000e+00 1.0000e+00 6.0080e+03 4.0000e+00 2.0000e+00 1.0000e+00 5.9650e+03 1.0000e+00 1.0000e+00 1.0000e+00 2.0000e+00 1.0000e+00 2.0000e+00 1.0000e+00 1.0000e+00 4.0000e+00 1.0000e+00 1.0000e+00 3.0000e+00 2.0000e+00 3.0000e+00 1.0000e+00 3.0000e+00 1.0000e+00 1.8000e+01 1.0000e+00 2.0000e+00 3.0150e+03 5.9540e+03 2.0000e+00 2.0000e+00 2.0000e+00 1.0000e+00 3.0000e+00 1.0000e+00 1.0000e+00 1.0000e+00 2.0000e+00 1.0000e+00 2.0000e+00 4.0000e+00 1.0000e+00 1.0000e+00 5.8210e+03 1.0000e+00 3.0000e+00
1.0000e+00 1.0000e+00 1.0000e+00 1.0000e+00 1.0000e+00 1.0000e+00 1.0000e+00 1.0000e+00 1.0000e+00 1.0000e+00 1.0000e+00 1.0000e+00 1.0000e+00 1.0000e+00 1.0000e+00 1.0000e+00 1.0000e+00 1.0000e+00 6.0000e+00 1.0000e+00 1.0000e+00 2.0000e+00 1.0000e+00 2.0000e+00 1.0000e+00 4.0000e+00 2.0000e+00 5.9140e+03 1.0000e+00 3.0000e+00 1.0000e+00 1.0000e+00 2.0000e+00 1.1000e+01 3.0000e+01 1.0000e+00 1.0000e+00 1.0000e+00 1.0000e+00 1.0000e+00 1.0000e+00 5.9920e+03 2.0000e+00 1.0000e+00 6.0490e+03 6.0140e+03 6.0270e+03 1.0000e+00 3.1820e+03 2.0000e+00
3.0000e+00 6.0000e+00 4.0000e+00 1.0000e+00 1.0000e+00 1.0000e+00 4.0000e+00 6.0000e+00 1.0000e+00 1.0000e+00 2.0000e+00 2.0000e+00 1.0000e+00 1.0000e+00 1.0000e+00 1.0000e+00 1.0000e+00 5.9880e+03 1.0000e+00 1.0000e+00 1.0000e+00 2.0000e+00 2.0000e+00 1.0000e+00 1.0000e+00 2.0000e+00 2.0000e+00 1.0000e+00 5.9460e+03 2.0000e+00 1.0000e+00 2.0000e+00 1.0000e+00 1.0000e+00 5.9900e+03 5.9480e+03 3.0000e+01 2.4000e+01 2.0000e+00 1.0000e+00 9.0000e+00 1.0000e+00 2.0000e+00 2.0000e+00 5.0000e+00 4.0000e+00 1.0000e+00 1.0000e+00 2.1400e+02 5.9450e+03
2.0000e+00 5.8290e+03 0.0000e+00 1.0000e+00 3.0000e+00 1.0000e+00 2.0000e+00 0.0000e+00 1.0000e+00 1.8000e+01 1.0000e+00 2.0000e+00 6.0360e+03 4.0000e+00 1.0000e+00 1.0000e+00 1.0000e+00 1.0000e+00 5.0000e+00 1.0000e+00 1.0000e+00 9.0000e+00 4.2000e+01 2.6000e+01 5.8180e+03 7.0000e+00 1.0000e+00 3.0000e+00 0.0000e+00 1.0000e+00 5.9860e+03 1.0000e+00 3.0000e+00 3.0000e+00 0.0000e+00 2.0000e+00 1.0000e+00 5.9380e+03 6.6600e+02 6.1360e+03 1.4440e+03 2.0000e+00 4.0000e+00 9.0000e+00 1.4000e+01 2.0000e+00 1.0000e+00 0.0000e+00 1.0000e+00 1.0000e+00
2.9910e+03 1.0000e+00 3.0000e+00 2.0000e+00 5.9680e+03 1.0000e+00 5.0000e+00 6.0810e+03 2.0000e+00 5.9110e+03 2.0000e+00 1.0000e+00 1.0000e+00 1.0000e+00 1.0000e+00 1.0000e+00 5.0000e+00 1.0000e+00 1.0000e+00 1.0000e+00 0.0000e+00 1.0000e+00 1.0000e+00 1.0000e+00 6.0000e+00 1.0000e+00 1.0000e+00 1.0000e+00 2.3000e+01 4.0000e+00 1.0000e+00 2.0000e+00 1.0000e+00 1.0000e+00 0.0000e+00 6.0000e+00 2.0000e+00 1.0000e+00 6.0000e+00 2.3000e+01 4.5220e+03 3.0000e+00 5.9860e+03 1.0000e+00 1.0000e+00 1.0000e+00 1.0000e+00 2.0000e+00 2.5330e+03 2.0000e+00
1.0000e+00 1.0000e+00 2.0000e+00 1.0000e+00 1.5000e+01 3.0000e+00 1.0000e+00 1.0000e+00 1.2000e+01 1.0000e+00 1.0000e+00 5.8820e+03 1.0000e+00 5.9770e+03 3.0000e+00 6.0000e+00 1.0000e+00 7.0000e+00 1.0000e+00 1.0000e+00 2.0000e+00 2.0000e+00 1.0000e+00 2.0000e+00 1.0000e+00 2.0000e+00 6.0130e+03 4.0000e+00 1.0000e+00 1.0000e+00 2.0000e+00 3.0000e+00 5.7000e+01 5.9570e+03 2.0000e+01 3.0000e+00 1.0000e+00 1.0000e+00 5.2850e+03 2.0000e+00 2.0000e+00 1.0000e+00 1.0000e+00 2.0000e+00 1.0000e+00 5.0000e+00 5.0000e+00 2.0000e+00 4.0000e+00 2.0000e+00
1.0000e+00 4.0000e+00 2.0000e+00 6.0470e+03 3.0000e+00 6.1380e+03 2.0000e+00 2.0000e+00 1.0000e+00 1.0000e+00 4.0000e+00 1.0000e+00 1.0000e+00 2.0000e+00 5.0000e+00 5.9620e+03 1.0000e+00 1.0000e+00 7.0000e+00 1.0000e+00 1.0000e+00 1.0000e+00 2.0000e+00 3.0000e+00 1.0000e+00 5.9380e+03 1.0000e+00 1.0000e+00 1.0000e+00 2.0000e+00 1.0000e+00 1.0000e+00 4.0000e+00 1.0000e+00 1.0000e+00 6.0000e+00 6.0070e+03 1.4000e+01 1.0000e+00 2.0000e+00 2.0000e+00 2.0000e+00 3.0000e+00 5.1440e+03 3.0000e+00 1.7000e+01 5.0000e+00 3.0000e+00 1.9000e+01 1.0000e+00
2.0000e+00 1.0000e+00 5.9640e+03 1.0000e+00 1.0000e+00 4.0000e+00 1.0000e+00 1.0000e+00 1.0000e+00 2.0000e+00 3.9000e+01 1.0000e+00 1.0000e+00 6.0000e+00 1.0000e+00 1.0000e+00 6.0010e+03 1.0000e+00 1.0000e+00 5.8690e+03 6.0130e+03 3.0000e+00 7.0000e+00 1.0000e+00 1.0000e+00 3.0000e+00 1.0000e+00 1.0000e+00 1.0000e+00 1.0000e+00 1.0000e+00 2.9840e+03 1.0000e+00 2.0000e+00 2.0000e+00 1.0000e+00 1.0000e+00 1.0000e+00 3.0000e+00 1.0000e+00 1.0000e+00 3.0000e+00 1.0000e+00 5.0000e+00 1.0000e+00 1.0000e+00 1.0000e+00 2.0000e+00 5.0000e+00 1.0000e+00
