1.0000e+00 0.0000e+00 1.0000e+00 4.0000e+00 0.0000e+00 0.0000e+00 0.0000e+00 0.0000e+00 5.9480e+03 8.0000e+00 2.0000e+00 8.2000e+01 0.0000e+00 1.0000e+00 2.0000e+00 5.0000e+00 0.0000e+00 0.0000e+00 4.2370e+03 1.0000e+00 1.0000e+00 5.7420e+03 5.6880e+03 5.8210e+03 0.0000e+00 1.0000e+00 4.0000e+00 0.0000e+00 0.0000e+00 5.1850e+03 0.0000e+00 0.0000e+00 2.1000e+01 2.0000e+00 0.0000e+00 3.0000e+00 4.0000e+00 0.0000e+00 0.0000e+00 6.0000e+00 0.0000e+00 0.0000e+00 1.0000e+00 7.5600e+02 3.0000e+00 0.0000e+00 0.0000e+00 0.0000e+00 0.0000e+00 3.0000e+00
0.0000e+00 0.0000e+00 1.6000e+01 0.0000e+00 0.0000e+00 0.0000e+00 0.0000e+00 1.0000e+00 0.0000e+00 0.0000e+00 1.0000e+00 0.0000e+00 0.0000e+00 0.0000e+00 3.3340e+03 0.0000e+00 0.0000e+00 0.0000e+00 0.0000e+00 0.0000e+00 2.0000e+00 4.0000e+00 0.0000e+00 0.0000e+00 1.0000e+00 0.0000e+00 0.0000e+00 0.0000e+00 0.0000e+00 0.0000e+00 0.0000e+00 0.0000e+00 0.0000e+00 0.0000e+00 0.0000e+00 0.0000e+00 1.0000e+00 0.0000e+00 0.0000e+00 0.0000e+00 1.0000e+00 0.0000e+00 0.0000e+00 1.2000e+01 0.0000e+00 0.0000e+00 0.0000e+00 0.0000e+00 0.0000e+00 0.0000e+00
2.6060e+03 2.0000e+01 3.6000e+01 0.0000e+00 0.0000e+00 0.0000e+00 6.0080e+03 3.0000e+00 1.0000e+00 0.0000e+00 5.6460e+03 0.0000e+00 0.0000e+00 0.0000e+00 1.0000e+00 0.0000e+00 1.0000e+00 0.0000e+00 0.0000e+00 2.0000e+00 0.0000e+00 0.0000e+00 2.0000e+00 1.0000e+00 2.0000e+00 0.0000e+00 2.0000e+00 0.0000e+00 1.6000e+01 0.0000e+00 1.0000e+00 3.0150e+03 4.8980e+03 1.0000e+00 1.0000e+00 1.0000e+00 0.0000e+00 2.0000e+00 0.0000e+00 0.0000e+00 0.0000e+00 1.0000e+00 0.0000e+00 1.0000e+00 3.0000e+00 0.0000e+00 0.0000e+00 5.7230e+03 0.0000e+00 2.0000e+00
0.0000e+00 0.0000e+00 0.0000e+00 0.0000e+00 0.0000e+00 0.0000e+00 0.0000e+00 0.0000e+00 0.0000e+00 0.0000e+00 0.0000e+00 0.0000e+00 0.0000e+00 0.0000e+00 0.0000e+00 0.0000e+00 0.0000e+00 0.0000e+00 2.0000e+00 0.0000e+00 0.0000e+00 1.0000e+00 0.0000e+00 1.0000e+00 0.0000e+00 2.0000e+00 1.0000e+00 3.8140e+03 0.0000e+00 1.0000e+00 0.0000e+00 0.0000e+00 1.0000e+00 8.0000e+00 2.3000e+01 0.0000e+00 0.0000e+00 0.0000e+00 0.0000e+00 0.0000e+00 0.0000e+00 3.5580e+03 1.0000e+00 0.0000e+00 3.6060e+03 4.7000e+03 3.6660e+03 0.0000e+00 1.7430e+03 1.0000e+00
2.0000e+00 3.0000e+00 3.0000e+00 0.0000e+00 0.0000e+00 0.0000e+00 3.0000e+00 4.0000e+00 0.0000e+00 0.0000e+00 1.0000e+00 1.0000e+00 0.0000e+00 0.0000e+00 0.0000e+00 0.0000e+00 0.0000e+00 2.9130e+03 0.0000e+00 0.0000e+00 1.0000e+00 1.0000e+00 1.0000e+00 0.0000e+00 0.0000e+00 1.0000e+00 1.0000e+00 0.0000e+00 4.9680e+03 1.0000e+00 0.0000e+00 1.0000e+00 0.0000e+00 0.0000e+00 5.4550e+03 4.6640e+03 2.1000e+01 1.3000e+01 1.0000e+00 0.0000e+00 5.0000e+00 0.0000e+00 1.0000e+00 1.0000e+00 3.0000e+00 2.0000e+00 0.0000e+00 0.0000e+00 1.2600e+02 5.0690e+03
2.0000e+00 5.8290e+03 0.0000e+00 1.0000e+00 3.0000e+00 0.0000e+00 1.0000e+00 0.0000e+00 0.0000e+00 1.8000e+01 0.0000e+00 1.0000e+00 5.8460e+03 4.0000e+00 0.0000e+00 0.0000e+00 1.0000e+00 0.0000e+00 3.0000e+00 0.0000e+00 1.0000e+00 9.0000e+00 4.1000e+01 2.6000e+01 5.8180e+03 6.0000e+00 1.0000e+00 2.0000e+00 0.0000e+00 0.0000e+00 5.8930e+03 1.0000e+00 2.0000e+00 2.0000e+00 0.0000e+00 2.0000e+00 1.0000e+00 5.7370e+03 6.4600e+02 6.1100e+03 1.3650e+03 1.0000e+00 4.0000e+00 9.0000e+00 1.4000e+01 1.0000e+00 0.0000e+00 0.0000e+00 0.0000e+00 0.0000e+00
2.9200e+03 0.0000e+00 3.0000e+00 1.0000e+00 5.5360e+03 0.0000e+00 5.0000e+00 5.8590e+03 1.0000e+00 5.3570e+03 1.0000e+00 0.0000e+00 0.0000e+00 0.0000e+00 0.0000e+00 0.0000e+00 4.0000e+00 0.0000e+00 0.0000e+00 0.0000e+00 0.0000e+00 0.0000e+00 0.0000e+00 0.0000e+00 4.0000e+00 0.0000e+00 0.0000e+00 0.0000e+00 2.1000e+01 2.0000e+00 0.0000e+00 1.0000e+00 0.0000e+00 0.0000e+00 0.0000e+00 5.0000e+00 1.0000e+00 0.0000e+00 4.0000e+00 1.6000e+01 3.5370e+03 2.0000e+00 5.6700e+03 0.0000e+00 0.0000e+00 0.0000e+00 0.0000e+00 1.0000e+00 2.0060e+03 1.0000e+00
0.0000e+00 0.0000e+00 1.0000e+00 0.0000e+00 1.0000e+01 2.0000e+00 0.0000e+00 0.0000e+00 7.0000e+00 0.0000e+00 0.0000e+00 4.7490e+03 0.0000e+00 4.5570e+03 2.0000e+00 2.0000e+00 0.0000e+00 3.0000e+00 0.0000e+00 0.0000e+00 2.0000e+00 1.0000e+00 0.0000e+00 1.0000e+00 0.0000e+00 1.0000e+00 4.8870e+03 2.0000e+00 0.0000e+00 0.0000e+00 1.0000e+00 2.0000e+00 3.4000e+01 5.2830e+03 1.7000e+01 2.0000e+00 0.0000e+00 0.0000e+00 3.1560e+03 1.0000e+00 1.0000e+00 0.0000e+00 0.0000e+00 1.0000e+00 0.0000e+00 3.0000e+00 3.0000e+00 1.0000e+00 2.0000e+00 1.0000e+00
0.0000e+00 2.0000e+00 1.0000e+00 5.7050e+03 2.0000e+00 5.6130e+03 1.0000e+00 1.0000e+00 0.0000e+00 0.0000e+00 3.0000e+00 0.0000e+00 0.0000e+00 1.0000e+00 4.0000e+00 2.9130e+03 0.0000e+00 0.0000e+00 3.0000e+00 0.0000e+00 1.0000e+00 0.0000e+00 1.0000e+00 2.0000e+00 0.0000e+00 4.4520e+03 0.0000e+00 0.0000e+00 0.0000e+00 1.0000e+00 0.0000e+00 0.0000e+00 2.0000e+00 0.0000e+00 0.0000e+00 4.0000e+00 5.3760e+03 8.0000e+00 0.0000e+00 1.0000e+00 1.0000e+00 1.0000e+00 2.0000e+00 4.6960e+03 2.0000e+00 1.1000e+01 3.0000e+00 2.0000e+00 1.1000e+01 0.0000e+00
1.0000e+00 0.0000e+00 4.3170e+03 0.0000e+00 0.0000e+00 2.0000e+00 0.0000e+00 0.0000e+00 0.0000e+00 1.0000e+00 2.2000e+01 0.0000e+00 0.0000e+00 3.0000e+00 0.0000e+00 0.0000e+00 3.5170e+03 0.0000e+00 0.0000e+00 2.9180e+03 4.8880e+03 1.0000e+00 3.0000e+00 0.0000e+00 0.0000e+00 1.0000e+00 0.0000e+00 0.0000e+00 0.0000e+00 0.0000e+00 0.0000e+00 1.8830e+03 0.0000e+00 1.0000e+00 1.0000e+00 0.0000e+00 0.0000e+00 0.0000e+00 1.0000e+00 0.0000e+00 0.0000e+00 1.0000e+00 0.0000e+00 2.0000e+00 0.0000e+00 0.0000e+00 0.0000e+00 1.0000e+00 2.0000e+00 0.0000e+00
