1.0000e+00 3.0000e+00 1.0000e+00 1.0000e+00 3.6800e+02 5.0000e+00 1.0000e+00 8.0000e+00 5.8940e+03 1.0000e+00 2.0000e+00 1.0000e+00 1.0000e+00 3.0000e+00 1.0000e+00 1.0000e+00 1.0000e+00 1.0000e+00 1.0000e+00 1.0000e+00 5.7080e+03 1.0000e+00 3.0000e+00 1.0000e+00 1.0000e+00 1.0000e+00 1.0000e+00 1.0000e+00 2.0000e+00 1.3000e+01 5.9820e+03 6.0410e+03 1.0000e+00 7.0000e+00 2.0000e+00 2.0000e+00 1.0000e+00 0.0000e+00 1.0000e+00 1.0000e+00 5.9700e+03 1.0000e+00 1.0000e+00 5.8380e+03 2.0000e+00 1.0000e+00 2.0000e+00 3.0000e+00 1.0000e+00 2.0000e+00
5.5090e+03 1.0000e+00 1.0000e+00 1.0000e+00 2.0000e+00 1.0000e+00 1.0000e+00 1.0000e+00 1.0000e+00 1.0000e+00 1.0000e+00 1.0000e+00 1.0000e+00 1.0000e+00 3.0000e+00 1.0000e+00 1.0000e+00 1.0000e+00 1.0000e+00 1.0000e+00 3.0000e+00 1.0000e+00 5.8190e+03 1.0000e+00 1.0000e+00 1.0000e+00 4.0000e+00 1.0000e+00 6.1090e+03 1.0000e+00 1.0000e+00 1.0000e+00 1.0000e+00 1.0000e+00 1.0000e+00 1.0000e+00 1.0000e+00 1.0000e+00 3.0000e+00 1.0000e+00 1.0000e+00 1.0000e+00 3.0000e+00 1.0000e+00 6.0310e+03 5.9730e+03 1.0000e+00 1.0000e+00 1.0000e+00 1.0000e+00
1.0000e+00 8.0000e+00 1.0000e+00 5.8090e+03 2.0000e+00 1.0000e+00 1.0000e+00 1.0000e+00 1.0000e+00 1.0000e+00 6.1160e+03 2.0000e+00 1.0000e+00 1.0000e+00 1.0000e+00 2.5500e+02 1.1000e+01 1.0000e+00 7.0000e+00 1.0000e+00 2.0000e+00 1.0000e+00 7.0000e+00 1.0000e+00 1.0000e+00 2.0000e+00 1.0000e+00 5.9520e+03 4.0000e+00 1.0000e+00 4.0000e+00 1.0000e+00 5.5640e+03 1.0000e+00 5.8540e+03 4.0000e+00 6.0420e+03 1.0000e+00 2.0000e+00 1.0000e+00 5.0000e+00 1.0000e+00 2.0000e+00 3.0000e+00 1.0000e+00 2.0000e+00 1.0000e+00 2.0000e+00 1.0000e+00 1.0000e+00
4.5300e+02 4.0000e+00 5.9560e+03 2.0000e+00 1.0000e+00 6.0380e+03 6.1990e+03 1.0000e+00 6.6000e+01 3.4060e+03 3.0000e+00 1.0000e+00 6.0000e+03 1.5000e+01 1.0000e+00 4.0000e+00 2.0000e+00 6.0570e+03 5.7910e+03 1.0000e+00 0.0000e+00 7.0000e+00 1.0000e+00 0.0000e+00 1.0000e+00 2.0000e+00 6.0450e+03 1.0000e+00 1.0000e+00 1.0000e+00 0.0000e+00 1.0000e+00 3.0000e+00 1.0000e+00 1.0000e+00 1.0000e+00 3.0000e+00 0.0000e+00 0.0000e+00 1.0000e+00 2.0000e+00 2.6000e+01 0.0000e+00 4.0000e+00 2.0000e+00 2.0000e+00 1.0000e+00 2.0000e+00 6.1830e+03 1.0000e+00
1.0000e+00 1.0000e+00 1.0000e+00 1.0000e+00 1.0000e+00 1.0000e+00 1.0000e+00 1.0000e+00 1.0000e+00 1.0000e+00 1.0000e+00 1.0000e+00 1.0000e+00 1.0000e+00 1.0000e+00 1.0000e+00 4.0000e+00 1.0000e+00 1.0000e+00 1.0000e+00 1.0000e+00 1.0000e+00 2.0000e+01 5.0000e+00 1.0000e+00 1.0000e+00 1.0000e+00 1.0000e+00 3.0000e+00 1.0000e+00 3.0000e+00 1.0000e+00 3.0000e+00 1.0000e+00 1.0000e+00 1.0000e+00 1.0000e+00 1.0000e+00 1.5440e+03 1.0000e+00 1.0000e+00 1.0000e+00 2.0000e+00 1.0000e+00 1.0000e+00 1.0000e+00 3.0000e+00 5.8310e+03 1.0000e+00 1.0000e+00
1.0000e+00 1.0000e+00 1.0000e+00 1.0000e+00 1.0000e+00 1.0000e+00 1.0000e+00 1.0000e+00 1.0000e+00 1.0000e+00 1.0000e+00 3.0000e+00 1.0000e+00 1.0000e+00 1.0000e+00 1.0000e+00 1.0000e+00 1.0000e+00 1.0000e+00 1.0000e+00 1.0000e+00 1.0000e+00 1.0000e+00 1.0000e+00 1.0000e+00 1.0000e+00 1.0000e+00 1.0000e+00 7.0000e+00 1.0000e+00 1.0000e+00 1.0000e+00 1.0000e+00 1.0000e+00 1.0000e+00 1.0000e+00 1.0000e+00 6.0530e+03 4.5450e+03 1.0000e+00 1.0000e+00 1.0000e+00 5.9010e+03 1.0000e+00 1.0000e+00 1.0000e+00 7.0000e+00 1.0000e+00 1.0000e+00 1.0000e+00
3.0000e+00 1.0000e+00 1.0000e+00 1.0000e+00 3.0000e+00 1.0000e+00 4.0000e+00 1.0000e+00 1.0000e+00 1.0000e+00 1.0000e+00 1.0000e+00 1.0000e+00 1.0000e+00 7.0000e+00 1.0000e+00 1.0000e+00 1.0000e+00 1.0000e+00 1.0000e+00 1.0000e+00 1.0000e+00 1.0000e+00 1.0000e+00 1.0000e+00 1.0000e+00 1.0000e+00 1.0000e+00 3.0000e+00 5.9730e+03 1.0000e+00 1.0000e+00 1.0000e+00 1.0000e+01 1.0000e+00 1.0000e+00 1.0000e+00 1.0000e+00 1.0000e+00 1.0000e+00 1.0000e+00 1.0000e+00 2.0000e+00 1.0000e+00 1.0000e+00 5.0000e+00 1.0000e+00 1.0000e+00 1.0000e+00 1.0000e+00
1.0000e+00 5.9280e+03 2.6000e+01 4.0000e+00 2.0000e+00 5.0000e+00 7.0000e+00 1.0000e+00 8.0000e+00 2.4150e+03 1.0000e+00 1.0000e+00 3.0000e+00 1.0000e+00 1.0000e+00 1.0000e+00 5.7550e+03 1.0000e+00 2.0500e+02 1.0000e+00 3.5800e+02 2.0000e+00 1.0000e+00 6.0080e+03 1.0000e+00 6.0170e+03 1.0000e+00 1.0000e+00 5.0000e+00 1.0000e+00 1.0000e+00 1.0000e+00 1.0000e+00 1.0000e+02 2.0000e+00 1.0000e+00 2.0000e+00 1.0000e+00 1.0000e+00 6.0750e+03 1.0000e+00 5.9750e+03 1.0000e+00 1.0000e+00 1.0000e+00 3.0000e+00 8.0000e+00 2.0000e+00 3.0000e+00 1.0000e+00
1.0000e+00 1.0000e+00 5.3000e+01 3.0000e+00 5.5760e+03 1.0000e+00 1.0000e+00 5.8700e+02 1.0000e+00 3.0000e+00 1.0000e+00 5.9190e+03 1.0000e+00 1.0000e+00 1.0000e+00 5.6430e+03 1.8000e+01 1.0000e+00 5.0000e+00 5.9360e+03 1.0000e+00 5.9800e+03 1.0000e+00 5.0000e+00 1.0000e+00 1.0000e+00 1.0000e+00 1.0000e+00 3.0000e+00 1.0000e+00 1.0000e+00 1.0000e+00 1.0000e+00 1.2000e+01 1.4000e+01 1.0000e+00 1.0000e+00 1.0000e+00 2.0000e+00 1.0000e+00 1.0000e+00 1.0000e+00 1.0000e+00 1.0000e+00 1.0000e+00 1.0000e+00 6.0950e+03 1.0000e+00 1.0000e+00 3.0000e+00
1.0000e+00 1.6000e+01 1.0000e+00 1.0000e+00 2.0000e+00 1.0000e+01 1.0000e+00 5.3880e+03 1.0000e+00 5.0000e+00 1.0000e+00 2.0000e+01 1.0000e+01 5.9830e+03 5.9680e+03 1.0000e+00 2.1400e+02 1.0000e+00 3.0000e+00 1.0000e+00 3.5000e+01 1.0000e+00 1.0000e+00 1.0000e+00 6.0160e+03 1.0000e+00 1.0000e+00 1.0000e+00 6.0000e+00 0.0000e+00 3.0000e+00 3.0000e+00 3.6300e+02 5.7690e+03 1.0000e+00 5.8740e+03 1.0000e+00 2.0000e+00 0.0000e+00 3.0000e+00 2.0000e+00 2.0000e+00 2.0000e+00 7.0000e+00 1.0000e+00 2.0000e+00 5.0000e+00 1.0000e+00 1.0000e+00 6.0000e+03
