0.0000e+00 1.0000e+00 0.0000e+00 0.0000e+00 2.3100e+02 2.0000e+00 0.0000e+00 4.0000e+00 3.5530e+03 0.0000e+00 1.0000e+00 0.0000e+00 0.0000e+00 1.0000e+00 0.0000e+00 0.0000e+00 0.0000e+00 0.0000e+00 0.0000e+00 0.0000e+00 3.2010e+03 0.0000e+00 1.0000e+00 0.0000e+00 0.0000e+00 0.0000e+00 0.0000e+00 0.0000e+00 1.0000e+00 9.0000e+00 3.9100e+03 4.5670e+03 0.0000e+00 2.0000e+00 1.0000e+00 1.0000e+00 0.0000e+00 0.0000e+00 0.0000e+00 0.0000e+00 3.4800e+03 0.0000e+00 0.0000e+00 2.4880e+03 1.0000e+00 0.0000e+00 1.0000e+00 2.0000e+00 0.0000e+00 1.0000e+00
2.3380e+03 0.0000e+00 0.0000e+00 0.0000e+00 1.0000e+00 0.0000e+00 0.0000e+00 0.0000e+00 0.0000e+00 0.0000e+00 0.0000e+00 0.0000e+00 0.0000e+00 0.0000e+00 1.0000e+00 0.0000e+00 0.0000e+00 0.0000e+00 0.0000e+00 0.0000e+00 1.0000e+00 0.0000e+00 2.5290e+03 0.0000e+00 0.0000e+00 0.0000e+00 1.0000e+00 0.0000e+00 3.7590e+03 0.0000e+00 0.0000e+00 0.0000e+00 0.0000e+00 0.0000e+00 0.0000e+00 0.0000e+00 0.0000e+00 0.0000e+00 2.0000e+00 0.0000e+00 0.0000e+00 0.0000e+00 2.0000e+00 0.0000e+00 6.0310e+03 4.0050e+03 0.0000e+00 0.0000e+00 0.0000e+00 0.0000e+00
0.0000e+00 4.0000e+00 0.0000e+00 3.4760e+03 1.0000e+00 0.0000e+00 0.0000e+00 0.0000e+00 0.0000e+00 0.0000e+00 4.3180e+03 1.0000e+00 0.0000e+00 0.0000e+00 0.0000e+00 1.6000e+02 5.0000e+00 0.0000e+00 2.0000e+00 0.0000e+00 1.0000e+00 0.0000e+00 3.0000e+00 0.0000e+00 0.0000e+00 1.0000e+00 0.0000e+00 2.2030e+03 2.0000e+00 0.0000e+00 2.0000e+00 0.0000e+00 3.2930e+03 0.0000e+00 3.7920e+03 2.0000e+00 3.7260e+03 1.0000e+00 1.0000e+00 0.0000e+00 2.0000e+00 0.0000e+00 2.0000e+00 1.0000e+00 0.0000e+00 1.0000e+00 0.0000e+00 1.0000e+00 0.0000e+00 0.0000e+00
4.5300e+02 3.0000e+00 5.5390e+03 2.0000e+00 0.0000e+00 5.5360e+03 6.1990e+03 1.0000e+00 4.6000e+01 3.1230e+03 2.0000e+00 1.0000e+00 4.6800e+03 1.1000e+01 0.0000e+00 3.0000e+00 1.0000e+00 4.5280e+03 3.7330e+03 0.0000e+00 0.0000e+00 6.0000e+00 0.0000e+00 0.0000e+00 0.0000e+00 1.0000e+00 4.4950e+03 0.0000e+00 1.0000e+00 0.0000e+00 0.0000e+00 1.0000e+00 3.0000e+00 0.0000e+00 0.0000e+00 0.0000e+00 3.0000e+00 0.0000e+00 0.0000e+00 0.0000e+00 1.0000e+00 2.0000e+01 0.0000e+00 3.0000e+00 1.0000e+00 2.0000e+00 1.0000e+00 1.0000e+00 5.8210e+03 0.0000e+00
0.0000e+00 0.0000e+00 0.0000e+00 0.0000e+00 0.0000e+00 0.0000e+00 0.0000e+00 0.0000e+00 0.0000e+00 0.0000e+00 0.0000e+00 0.0000e+00 0.0000e+00 0.0000e+00 0.0000e+00 0.0000e+00 1.0000e+00 0.0000e+00 0.0000e+00 0.0000e+00 0.0000e+00 0.0000e+00 6.0000e+00 2.0000e+00 0.0000e+00 0.0000e+00 0.0000e+00 0.0000e+00 1.0000e+00 0.0000e+00 1.0000e+00 0.0000e+00 1.0000e+00 0.0000e+00 0.0000e+00 0.0000e+00 0.0000e+00 0.0000e+00 1.4330e+03 0.0000e+00 0.0000e+00 0.0000e+00 1.0000e+00 0.0000e+00 0.0000e+00 0.0000e+00 1.0000e+00 4.1670e+03 0.0000e+00 0.0000e+00
0.0000e+00 0.0000e+00 0.0000e+00 0.0000e+00 0.0000e+00 0.0000e+00 0.0000e+00 0.0000e+00 0.0000e+00 0.0000e+00 0.0000e+00 1.0000e+00 0.0000e+00 0.0000e+00 0.0000e+00 0.0000e+00 0.0000e+00 0.0000e+00 0.0000e+00 0.0000e+00 0.0000e+00 0.0000e+00 0.0000e+00 0.0000e+00 0.0000e+00 0.0000e+00 0.0000e+00 0.0000e+00 3.0000e+00 0.0000e+00 0.0000e+00 0.0000e+00 0.0000e+00 0.0000e+00 0.0000e+00 0.0000e+00 0.0000e+00 6.0530e+03 4.5450e+03 0.0000e+00 0.0000e+00 0.0000e+00 5.9010e+03 0.0000e+00 0.0000e+00 0.0000e+00 3.0000e+00 0.0000e+00 0.0000e+00 0.0000e+00
1.0000e+00 0.0000e+00 0.0000e+00 0.0000e+00 1.0000e+00 0.0000e+00 1.0000e+00 0.0000e+00 0.0000e+00 0.0000e+00 0.0000e+00 0.0000e+00 0.0000e+00 0.0000e+00 2.0000e+00 0.0000e+00 0.0000e+00 0.0000e+00 0.0000e+00 0.0000e+00 0.0000e+00 0.0000e+00 0.0000e+00 0.0000e+00 0.0000e+00 0.0000e+00 0.0000e+00 0.0000e+00 1.0000e+00 3.6250e+03 0.0000e+00 0.0000e+00 0.0000e+00 2.0000e+00 0.0000e+00 0.0000e+00 0.0000e+00 0.0000e+00 0.0000e+00 0.0000e+00 0.0000e+00 0.0000e+00 1.0000e+00 0.0000e+00 0.0000e+00 2.0000e+00 0.0000e+00 0.0000e+00 0.0000e+00 0.0000e+00
0.0000e+00 3.4820e+03 1.2000e+01 2.0000e+00 1.0000e+00 2.0000e+00 3.0000e+00 0.0000e+00 3.0000e+00 1.4620e+03 0.0000e+00 0.0000e+00 1.0000e+00 0.0000e+00 0.0000e+00 0.0000e+00 3.5680e+03 0.0000e+00 6.6000e+01 0.0000e+00 2.1000e+02 1.0000e+00 0.0000e+00 4.5760e+03 0.0000e+00 3.8710e+03 0.0000e+00 0.0000e+00 3.0000e+00 0.0000e+00 0.0000e+00 0.0000e+00 0.0000e+00 3.7000e+01 1.0000e+00 0.0000e+00 1.0000e+00 1.0000e+00 0.0000e+00 3.6800e+03 0.0000e+00 2.9480e+03 0.0000e+00 0.0000e+00 0.0000e+00 2.0000e+00 6.0000e+00 1.0000e+00 1.0000e+00 0.0000e+00
0.0000e+00 0.0000e+00 1.8000e+01 1.0000e+00 2.8150e+03 0.0000e+00 0.0000e+00 2.4400e+02 0.0000e+00 1.0000e+00 0.0000e+00 3.1270e+03 0.0000e+00 0.0000e+00 0.0000e+00 2.9150e+03 6.0000e+00 0.0000e+00 1.0000e+00 1.1480e+03 0.0000e+00 2.3870e+03 0.0000e+00 2.0000e+00 0.0000e+00 0.0000e+00 0.0000e+00 0.0000e+00 1.0000e+00 0.0000e+00 0.0000e+00 0.0000e+00 0.0000e+00 3.0000e+00 6.0000e+00 0.0000e+00 0.0000e+00 0.0000e+00 1.0000e+00 0.0000e+00 0.0000e+00 0.0000e+00 0.0000e+00 0.0000e+00 0.0000e+00 0.0000e+00 4.3540e+03 0.0000e+00 0.0000e+00 1.0000e+00
0.0000e+00 1.1000e+01 0.0000e+00 0.0000e+00 1.0000e+00 6.0000e+00 0.0000e+00 4.3950e+03 0.0000e+00 3.0000e+00 0.0000e+00 1.9000e+01 5.0000e+00 4.0710e+03 4.1800e+03 0.0000e+00 1.5400e+02 0.0000e+00 1.0000e+00 0.0000e+00 2.7000e+01 0.0000e+00 0.0000e+00 0.0000e+00 3.0920e+03 0.0000e+00 0.0000e+00 0.0000e+00 5.0000e+00 0.0000e+00 2.0000e+00 2.0000e+00 3.0600e+02 4.7190e+03 0.0000e+00 5.4490e+03 0.0000e+00 2.0000e+00 0.0000e+00 1.0000e+00 1.0000e+00 1.0000e+00 1.0000e+00 4.0000e+00 0.0000e+00 1.0000e+00 5.0000e+00 0.0000e+00 0.0000e+00 5.1290e+03
