8.7295e-01 1.6542e-01 2.3423e-01 7.3608e-01 4.7672e-01 5.4890e-01 3.3874e-01 2.0846e-01 9.1153e-01 9.7194e-01
1.5174e-01 5.3226e-01 2.3306e-01 1.0000e+00 5.4979e-01 2.6497e-01 7.5776e-01 5.5937e-02 1.0697e-01 9.6552e-01
9.7101e-01 4.7712e-01 6.0636e-02 6.1343e-01 7.9717e-01 5.7776e-01 9.7272e-01 7.6860e-01 5.6263e-01 5.1003e-01
7.6864e-01 7.6142e-01 8.0000e-01 5.3878e-01 7.0133e-01 9.8392e-01 1.6719e-01 4.6146e-01 3.5590e-01 8.3623e-01
3.9216e-03 1.4158e-01 8.8603e-01 7.0285e-01 2.5237e-01 2.6564e-01 6.4581e-02 5.4647e-01 1.6384e-01 3.1813e-01
7.0799e-01 4.2268e-01 1.1133e-01 1.6304e-01 4.9216e-01 3.9891e-01 9.6735e-01 7.8521e-01 2.0197e-01 5.8408e-01
8.1474e-01 4.6533e-01 3.0626e-01 3.1397e-01 6.2463e-01 5.3901e-01 4.8710e-01 2.2277e-01 4.8053e-01 6.0467e-01
4.7983e-01 9.7233e-01 9.6358e-01 3.0413e-01 1.7787e-02 3.9962e-01 6.1968e-01 8.4554e-01 5.0000e-01 2.0854e-02
2.1951e-01 4.8723e-01 1.4718e-01 7.7645e-01 4.6832e-01 4.9950e-02 4.2886e-01 5.5647e-01 7.4326e-01 4.8148e-01
4.3315e-02 9.9483e-01 2.2902e-01 1.9487e-01 1.3761e-01 2.3458e-01 1.9252e-01 4.6647e-01 4.5618e-01 5.9062e-01
