7.5000e-01 5.0000e-01 0.0000e+00 0.0000e+00 0.0000e+00 0.0000e+00 5.0000e-01 0.0000e+00 9.0196e-01 9.7149e-01
0.0000e+00 8.0000e-01 0.0000e+00 9.9816e-01 5.0000e-01 0.0000e+00 6.6667e-01 0.0000e+00 0.0000e+00 9.6703e-01
9.7520e-01 7.5000e-01 0.0000e+00 5.0000e-01 0.0000e+00 0.0000e+00 9.7136e-01 6.6667e-01 0.0000e+00 0.0000e+00
5.0000e-01 5.0000e-01 5.0000e-01 5.0000e-01 5.0000e-01 9.8126e-01 0.0000e+00 5.0000e-01 7.5000e-01 8.5714e-01
0.0000e+00 0.0000e+00 8.8616e-01 6.2500e-01 0.0000e+00 0.0000e+00 0.0000e+00 5.8993e-01 5.0000e-01 0.0000e+00
8.0000e-01 0.0000e+00 0.0000e+00 0.0000e+00 0.0000e+00 6.6667e-01 9.7022e-01 7.5648e-01 5.0000e-01 0.0000e+00
8.3005e-01 5.0000e-01 0.0000e+00 5.0000e-01 2.8571e-01 5.0000e-01 5.0000e-01 0.0000e+00 4.2857e-01 5.0000e-01
6.6667e-01 9.6639e-01 9.5814e-01 0.0000e+00 0.0000e+00 6.6667e-01 0.0000e+00 8.2467e-01 0.0000e+00 0.0000e+00
0.0000e+00 5.0000e-01 0.0000e+00 5.0000e-01 4.8040e-01 0.0000e+00 5.0000e-01 0.0000e+00 7.3268e-01 0.0000e+00
0.0000e+00 9.9295e-01 0.0000e+00 0.0000e+00 0.0000e+00 0.0000e+00 0.0000e+00 5.0000e-01 5.0000e-01 6.0000e-01
