3.0000e+00 1.0000e+00 0.0000e+00 0.0000e+00 0.0000e+00 0.0000e+00 1.0000e+00 0.0000e+00 3.5970e+03 7.8380e+03
0.0000e+00 4.0000e+00 0.0000e+00 9.7900e+03 1.0000e+00 0.0000e+00 2.0000e+00 0.0000e+00 0.0000e+00 1.6130e+03
2.2810e+03 3.0000e+00 0.0000e+00 1.0000e+00 0.0000e+00 0.0000e+00 5.1210e+03 2.0000e+01 0.0000e+00 0.0000e+00
1.0000e+00 1.0000e+00 1.0000e+00 1.0000e+00 1.0000e+00 9.8950e+03 0.0000e+00 1.0000e+00 6.0000e+00 1.9800e+02
0.0000e+00 0.0000e+00 7.3480e+03 5.5000e+01 0.0000e+00 0.0000e+00 0.0000e+00 8.2000e+01 1.0000e+00 0.0000e+00
4.0000e+00 0.0000e+00 0.0000e+00 0.0000e+00 0.0000e+00 2.0000e+00 4.5930e+03 2.8580e+03 1.0000e+00 0.0000e+00
6.3150e+03 1.0000e+00 0.0000e+00 1.0000e+00 2.0000e+00 2.0000e+00 1.0000e+00 0.0000e+00 3.0000e+00 1.0000e+00
2.0000e+00 1.4090e+03 1.6710e+03 0.0000e+00 0.0000e+00 6.0000e+00 0.0000e+00 5.0000e+03 0.0000e+00 0.0000e+00
0.0000e+00 1.0000e+00 0.0000e+00 1.0000e+00 4.8030e+03 0.0000e+00 1.0000e+00 0.0000e+00 4.4620e+03 0.0000e+00
0.0000e+00 8.3070e+03 0.0000e+00 0.0000e+00 0.0000e+00 0.0000e+00 0.0000e+00 1.0000e+00 1.0000e+00 3.0000e+00
