8.3607e-01 5.6338e-01 9.2647e-01 7.6471e-01 3.2394e-01 1.2658e-02 4.1975e-01 2.0290e-01 9.3333e-01 1.0000e+00 8.5526e-01 9.6610e-01 6.8571e-01 8.8889e-01 8.4524e-01 4.6377e-01 8.2258e-01 5.2941e-01 7.6712e-01 4.0000e-01 5.5714e-01 9.8551e-01 9.3333e-01 1.0000e+00 4.9206e-01 9.4286e-01 7.0886e-01 5.0704e-01 6.2319e-01 8.8235e-01 9.3421e-01 5.2857e-01 8.9394e-01 1.0000e+00 3.7313e-01 6.1194e-01 9.0323e-01 7.1212e-01 4.7619e-01 9.3056e-01 9.6970e-01 3.3333e-01 9.5294e-01 9.7500e-01 2.5000e-01 3.0357e-01 2.5316e-01 4.1758e-01 4.1250e-01 7.3770e-01
1.5294e-01 3.0645e-01 5.8462e-01 8.9552e-02 1.4103e-01 2.6471e-01 5.1282e-02 4.2857e-01 1.1250e-01 4.7778e-01 2.3188e-01 2.1250e-01 2.5974e-01 9.1954e-02 5.9420e-01 7.6923e-02 3.4667e-01 4.8649e-01 4.4776e-01 1.7143e-01 3.9062e-01 4.5833e-01 3.8806e-01 1.6393e-01 3.9506e-01 3.8667e-01 1.8182e-01 1.4286e-01 4.8387e-01 1.6000e-01 2.2989e-01 4.4156e-01 1.7808e-01 2.5000e-01 4.5070e-01 4.9367e-01 2.2892e-01 7.4627e-02 2.7536e-01 2.4138e-01 4.8193e-02 8.4507e-02 5.5224e-01 4.1270e-01 2.1250e-01 2.9032e-01 1.4286e-02 0.0000e+00 1.0000e-01 5.0000e-01
8.5246e-01 6.1039e-01 1.0000e+00 2.0635e-01 9.8592e-02 3.9241e-01 1.0000e+00 6.7143e-01 2.5714e-01 2.0779e-01 9.2857e-01 1.1111e-01 1.9737e-01 1.2698e-01 6.2687e-01 0.0000e+00 8.0645e-02 1.1940e-01 5.1250e-01 5.8209e-01 2.8333e-01 1.5278e-01 4.9153e-01 5.7971e-02 7.5641e-01 5.5056e-01 6.7532e-01 3.5443e-01 8.8608e-01 3.6111e-01 4.8649e-01 1.0000e+00 7.5949e-01 3.6000e-01 1.5873e-01 5.9677e-01 1.7460e-01 6.5789e-01 2.0000e-01 7.6812e-01 1.7143e-01 2.5000e-01 4.8780e-02 6.2195e-01 4.7692e-01 3.7333e-01 6.9444e-02 9.3056e-01 4.6774e-01 9.0476e-01
3.0000e-01 3.3333e-01 2.3810e-02 2.0482e-01 5.5556e-02 5.0000e-01 2.2222e-01 5.8824e-02 4.8193e-02 4.2254e-01 3.0986e-01 6.5152e-01 2.6562e-01 4.9351e-01 4.1096e-02 2.6562e-01 4.6154e-02 4.0278e-01 2.7778e-01 5.1899e-01 7.5309e-01 4.1667e-01 4.4156e-01 5.3846e-01 8.3077e-01 6.6038e-01 7.5000e-01 6.2353e-01 6.3636e-01 5.3165e-01 9.3506e-01 5.9740e-01 4.5205e-01 6.7470e-01 7.5362e-01 5.9677e-01 3.1429e-01 4.5455e-01 7.6119e-01 2.2667e-01 4.5455e-01 5.0000e-01 1.9403e-01 1.2329e-01 6.1972e-01 8.1333e-01 5.1685e-01 4.8000e-01 5.0000e-01 5.3030e-01
5.8824e-01 6.5000e-01 6.9737e-01 5.4286e-01 6.2162e-01 5.3947e-01 4.6875e-01 8.2090e-01 1.3043e-01 4.1429e-01 7.3077e-01 5.8333e-01 7.6812e-01 3.7500e-01 4.6835e-01 3.3333e-01 8.0247e-01 4.8438e-01 4.4000e-01 4.8485e-01 6.5217e-01 5.7692e-01 2.6027e-01 2.7273e-01 4.0000e-01 4.3836e-01 8.7671e-01 5.4545e-01 8.1944e-01 3.4426e-01 5.8824e-01 7.2632e-01 4.2647e-01 4.0506e-01 8.9062e-01 8.2090e-01 6.4865e-01 5.5882e-01 4.8611e-01 5.6962e-01 5.8571e-01 7.5641e-01 3.1507e-01 2.0000e-01 5.5769e-01 5.0000e-01 6.0256e-01 3.5938e-01 5.8621e-01 8.2500e-01
1.0000e+00 1.0000e+00 1.0000e+00 9.6970e-01 8.8235e-01 7.0000e-01 7.0423e-01 9.1139e-01 8.0000e-01 1.0000e+00 6.6667e-01 7.9121e-01 9.7297e-01 8.4416e-01 5.7534e-01 8.0000e-02 6.7532e-01 1.5000e-01 6.2069e-01 4.9383e-02 9.5455e-01 1.0000e+00 1.0000e+00 1.0000e+00 1.0000e+00 8.0000e-01 9.5082e-01 6.5333e-01 9.1045e-01 1.7647e-01 9.6667e-01 8.6420e-01 6.4865e-01 9.1429e-01 9.8734e-01 9.8630e-01 9.2647e-01 9.6296e-01 9.3056e-01 1.0000e+00 9.6429e-01 9.4444e-01 9.8246e-01 1.0000e+00 9.8684e-01 7.2840e-01 4.5714e-01 9.4805e-01 5.8824e-01 5.1282e-01
9.7531e-01 2.2059e-01 7.7273e-01 7.4118e-01 9.5238e-01 1.9178e-01 9.7468e-01 9.6471e-01 2.1519e-01 8.5075e-01 1.6667e-01 1.4865e-01 2.0000e-01 4.5455e-01 2.9688e-01 7.5676e-01 7.0270e-01 2.7778e-02 6.8493e-02 4.6341e-01 8.1579e-01 0.0000e+00 5.7746e-01 3.1343e-01 8.0882e-01 3.2812e-01 1.5625e-02 7.0833e-01 7.9710e-01 2.7027e-01 3.4848e-01 7.5758e-01 3.7500e-01 2.7397e-02 0.0000e+00 8.4000e-01 3.3333e-01 2.8169e-02 5.7746e-01 7.5904e-01 8.1690e-01 2.2951e-01 9.7260e-01 1.9737e-01 1.0606e-01 4.5312e-01 2.6471e-01 9.5312e-01 7.7143e-01 4.8387e-02
3.3333e-01 5.3623e-01 7.2222e-01 3.5821e-01 6.9620e-01 3.5366e-01 3.8462e-01 4.7059e-01 7.6744e-01 5.8904e-01 3.6232e-01 8.0952e-01 2.8358e-01 7.6190e-01 7.2727e-01 4.5570e-01 6.1039e-01 4.1791e-01 1.4085e-01 5.6061e-01 9.6364e-01 4.3836e-01 4.3478e-01 2.2857e-01 2.8049e-01 3.1884e-01 8.1690e-01 4.6479e-01 8.3333e-01 3.8028e-01 5.1316e-01 5.3731e-01 7.1264e-01 8.8158e-01 7.9032e-01 7.9747e-01 4.4118e-02 3.3333e-01 6.4935e-01 5.2239e-01 5.8025e-01 2.5373e-01 2.1311e-01 2.9851e-01 3.4722e-01 6.9863e-01 4.8750e-01 3.7333e-01 7.9452e-01 7.7381e-01
7.2727e-01 9.4118e-01 6.4815e-01 9.0789e-01 8.2558e-01 9.2647e-01 4.9231e-01 5.8904e-01 6.0000e-01 5.4839e-01 7.1831e-01 6.8333e-01 7.5000e-01 7.3077e-01 5.6923e-01 5.4545e-01 6.0811e-01 4.2029e-01 5.9701e-01 6.4286e-01 5.5714e-01 4.4737e-01 7.3846e-01 5.0685e-01 5.4930e-01 7.3913e-01 8.5507e-01 6.5714e-01 8.4058e-01 8.2278e-01 5.6364e-01 7.0588e-01 7.5342e-01 6.9841e-01 8.2500e-01 6.1905e-01 8.8889e-01 5.4386e-01 3.3333e-01 6.1111e-01 6.6667e-01 5.6962e-01 7.0000e-01 9.2063e-01 7.7941e-01 6.6102e-01 8.7671e-01 7.1667e-01 7.0000e-01 7.5926e-01
6.9231e-01 1.3580e-01 7.3134e-01 9.4118e-02 2.5373e-01 7.7273e-01 3.4783e-01 1.7647e-01 1.4667e-01 5.4930e-01 6.0526e-01 7.7612e-01 2.3944e-01 4.1772e-01 2.0370e-01 2.8571e-01 5.8228e-01 5.1351e-01 4.1237e-01 5.8108e-01 7.7778e-01 2.4615e-01 4.2188e-01 2.4638e-01 4.6774e-01 8.8571e-01 8.0000e-01 5.5072e-01 4.0000e-01 5.3571e-01 4.9275e-01 4.8571e-01 5.4795e-02 5.1471e-01 5.2113e-01 2.5000e-01 4.5455e-02 3.6111e-01 7.6119e-01 1.1111e-01 5.4167e-01 5.7895e-01 3.9535e-01 2.9412e-01 6.3158e-01 5.2439e-01 6.3889e-01 6.6667e-01 5.7895e-01 6.3014e-01
