7.4227e-01 5.1724e-01 8.4170e-01 6.9014e-01 2.3077e-01 0.0000e+00 4.2105e-01 2.5000e-01 9.7703e-01 9.9715e-01 8.7625e-01 9.7034e-01 7.8261e-01 9.0059e-01 7.6164e-01 4.6774e-01 7.2688e-01 4.8168e-01 6.8550e-01 4.2308e-01 6.2500e-01 9.7024e-01 9.4630e-01 9.9352e-01 3.3333e-01 9.0978e-01 7.9747e-01 5.3521e-01 4.3478e-01 8.7958e-01 8.1910e-01 4.2105e-01 8.9774e-01 9.8700e-01 4.2105e-01 5.4839e-01 8.7526e-01 6.2222e-01 4.2105e-01 9.2458e-01 9.2620e-01 2.8571e-01 9.6946e-01 9.8899e-01 2.0000e-01 3.6364e-01 3.9394e-01 4.5833e-01 3.8235e-01 6.4865e-01
1.1111e-01 4.5455e-01 4.8000e-01 0.0000e+00 0.0000e+00 3.5000e-01 0.0000e+00 5.4545e-01 1.0000e+00 1.0000e+00 1.1111e-01 1.0000e+00 2.8571e-01 2.3077e-01 4.4000e-01 0.0000e+00 3.5714e-01 3.4228e-01 4.0000e-01 9.5238e-02 4.2857e-01 1.0000e+00 0.0000e+00 1.0000e+00 4.5455e-01 4.4000e-01 1.1111e-01 1.0526e-01 4.6429e-01 1.0000e-01 3.3333e-01 5.0000e-01 1.0000e-01 1.0000e+00 4.2105e-01 5.4545e-01 2.3077e-01 0.0000e+00 2.5000e-01 0.0000e+00 1.1111e-01 0.0000e+00 1.0000e+00 1.0000e+00 2.0000e-01 1.7647e-01 0.0000e+00 0.0000e+00 0.0000e+00 4.0909e-01
8.8009e-01 5.3333e-01 9.9495e-01 2.5000e-01 0.0000e+00 4.6667e-01 1.0000e+00 6.5455e-01 1.0000e+00 1.0000e+00 9.4349e-01 1.0000e+00 2.0000e-01 1.6667e-01 5.3261e-01 0.0000e+00 8.3333e-02 1.9608e-01 5.4074e-01 4.8117e-01 3.5294e-01 1.0000e+00 4.5455e-01 1.0000e+00 7.3333e-01 4.0909e-01 6.0465e-01 3.5593e-01 9.0585e-01 2.6667e-01 4.2105e-01 1.0000e+00 8.1375e-01 1.0000e+00 2.5000e-01 6.6667e-01 1.1111e-01 6.0465e-01 2.8571e-01 7.8030e-01 1.1111e-01 4.2857e-01 1.0000e+00 1.0000e+00 4.2105e-01 1.7647e-01 0.0000e+00 9.7858e-01 5.0000e-01 9.0817e-01
2.5000e-01 4.2105e-01 1.0000e+00 1.1111e-01 0.0000e+00 4.4444e-01 1.0000e+00 0.0000e+00 1.0000e+00 1.0000e+00 5.1613e-01 1.0000e+00 2.8571e-01 4.6667e-01 0.0000e+00 1.7647e-01 8.3333e-02 2.6582e-01 4.0741e-01 5.2029e-01 6.4815e-01 1.0000e+00 4.8000e-01 1.0000e+00 7.3958e-01 6.8367e-01 6.9565e-01 6.2627e-01 6.1111e-01 5.5769e-01 8.2960e-01 1.0000e+00 4.4828e-01 1.0000e+00 7.4747e-01 4.8000e-01 1.1111e-01 1.1111e-01 7.3333e-01 2.0000e-01 2.5000e-01 5.8537e-01 1.0000e+00 1.0000e+00 6.4151e-01 7.7794e-01 5.9000e-01 1.0000e+00 5.7143e-01 6.3235e-01
6.3265e-01 5.7895e-01 1.0000e+00 3.5294e-01 6.1538e-01 6.4474e-01 1.0000e+00 7.5000e-01 1.0000e+00 1.0000e+00 7.3636e-01 1.0000e+00 7.4227e-01 4.1667e-01 5.3608e-01 4.4643e-01 8.0548e-01 4.9187e-01 5.0505e-01 5.9877e-01 6.2745e-01 1.0000e+00 0.0000e+00 1.0000e+00 1.1111e-01 4.0909e-01 9.1477e-01 5.1570e-01 7.9279e-01 3.1579e-01 5.7143e-01 1.0000e+00 4.6667e-01 1.0000e+00 9.0393e-01 7.1951e-01 6.7073e-01 4.2105e-01 6.4706e-01 3.5294e-01 6.0000e-01 6.7164e-01 1.0000e+00 1.0000e+00 3.3333e-01 2.1053e-01 5.8333e-01 1.0000e+00 6.6234e-01 8.5452e-01
9.9852e-01 1.0000e+00 1.0000e+00 9.4990e-01 9.1013e-01 6.1290e-01 1.0000e+00 9.4434e-01 1.0000e+00 1.0000e+00 6.9231e-01 1.0000e+00 9.6978e-01 8.5934e-01 5.9375e-01 7.6923e-02 7.3428e-01 4.0000e-02 7.2167e-01 1.9355e-01 9.5703e-01 1.0000e+00 9.9840e-01 1.0000e+00 1.0000e+00 7.2519e-01 9.7370e-01 6.1919e-01 9.1391e-01 0.0000e+00 9.8181e-01 1.0000e+00 5.0000e-01 1.0000e+00 9.7255e-01 9.7310e-01 9.1392e-01 9.6437e-01 9.6687e-01 9.9372e-01 9.3684e-01 9.5726e-01 1.0000e+00 1.0000e+00 9.9070e-01 6.2963e-01 3.0435e-01 1.0000e+00 6.4088e-01 4.8387e-01
1.0000e+00 1.0000e+00 1.0000e+00 7.0732e-01 9.2362e-01 2.3077e-01 1.0000e+00 9.5685e-01 1.0000e+00 1.0000e+00 1.1111e-01 1.0000e+00 1.0000e+00 4.8485e-01 3.7143e-01 7.5434e-01 7.5536e-01 0.0000e+00 1.2500e-01 5.4068e-01 7.6378e-01 1.0000e+00 1.0000e+00 1.0000e+00 1.0000e+00 4.6429e-01 1.0000e+00 6.0912e-01 7.7273e-01 2.1429e-01 1.0000e+00 1.0000e+00 4.6667e-01 1.0000e+00 1.0000e+00 1.0000e+00 1.8182e-01 0.0000e+00 6.8657e-01 1.0000e+00 7.6596e-01 2.8571e-01 1.0000e+00 1.0000e+00 1.0000e+00 3.4483e-01 1.4286e-01 1.0000e+00 7.9049e-01 1.0000e-01
1.0000e+00 1.0000e+00 1.0000e+00 2.5000e-01 6.7500e-01 1.0000e-01 1.0000e+00 4.5455e-01 1.0000e+00 1.0000e+00 3.5294e-01 1.0000e+00 1.0000e+00 7.9344e-01 6.8000e-01 3.5294e-01 5.6977e-01 3.7313e-01 1.9048e-01 4.8855e-01 8.2028e-01 1.0000e+00 1.0000e+00 1.0000e+00 1.0000e+00 3.8095e-01 1.0000e+00 4.3689e-01 8.0080e-01 2.9412e-01 1.0000e+00 1.0000e+00 6.7677e-01 1.0000e+00 1.0000e+00 1.0000e+00 0.0000e+00 5.1724e-01 6.0465e-01 1.0000e+00 5.2941e-01 0.0000e+00 1.0000e+00 1.0000e+00 1.0000e+00 6.9420e-01 5.4795e-01 1.0000e+00 7.2466e-01 8.1579e-01
1.0000e+00 1.0000e+00 1.0000e+00 9.3929e-01 6.6216e-01 9.0635e-01 1.0000e+00 6.4706e-01 1.0000e+00 1.0000e+00 7.5758e-01 1.0000e+00 1.0000e+00 7.4405e-01 6.3878e-01 3.6842e-01 5.7778e-01 4.5765e-01 6.1092e-01 5.7695e-01 6.1702e-01 1.0000e+00 1.0000e+00 1.0000e+00 1.0000e+00 7.7033e-01 1.0000e+00 5.9189e-01 8.4990e-01 8.1751e-01 1.0000e+00 1.0000e+00 6.4634e-01 1.0000e+00 1.0000e+00 1.0000e+00 8.9457e-01 6.6102e-01 4.2857e-01 1.0000e+00 6.8831e-01 5.5882e-01 1.0000e+00 1.0000e+00 1.0000e+00 6.8056e-01 8.0916e-01 1.0000e+00 6.8750e-01 7.2000e-01
1.0000e+00 1.0000e+00 1.0000e+00 1.8182e-01 1.8182e-01 7.8327e-01 1.0000e+00 0.0000e+00 1.0000e+00 1.0000e+00 6.0870e-01 1.0000e+00 1.0000e+00 3.3333e-01 2.3810e-01 2.8000e-01 5.6471e-01 4.8744e-01 4.5833e-01 5.0000e-01 7.1084e-01 1.0000e+00 1.0000e+00 1.0000e+00 1.0000e+00 8.4255e-01 1.0000e+00 5.0962e-01 4.0000e-01 5.7895e-01 1.0000e+00 1.0000e+00 1.0000e-01 1.0000e+00 1.0000e+00 1.0000e+00 1.1111e-01 5.4545e-01 7.0000e-01 1.0000e+00 4.6154e-01 5.1613e-01 1.0000e+00 1.0000e+00 1.0000e+00 4.3182e-01 5.6818e-01 1.0000e+00 4.0000e-01 6.1667e-01
