3.8000e+01 2.2000e+01 3.9730e+03 2.3000e+01 3.6000e+01 3.7000e+01 4.8000e+01 3.7780e+03 1.8510e+03 3.8000e+01 3.1000e+01 2.5000e+01 1.9000e+01 1.9000e+01 2.6000e+01 3.7000e+01 1.4000e+01 1.5000e+01 7.0000e+00 1.8000e+01 3.4000e+01 1.8000e+01 1.0000e+01 1.7000e+01 2.0000e+01 1.6000e+01 3.1910e+03 1.6000e+01 3.7740e+03 4.3000e+01 3.4500e+03 4.6000e+01 3.2000e+01 3.8000e+01 3.8000e+01 2.5000e+01 2.7000e+01 3.1000e+01 4.3000e+01 2.8000e+01 3.5000e+01 0.0000e+00 1.9000e+01 3.1000e+01 5.2000e+01 2.4000e+01 2.9000e+01 5.5000e+01 1.7000e+01 9.4000e+01
4.3000e+01 7.7600e+02 0.0000e+00 0.0000e+00 3.8760e+03 0.0000e+00 1.6000e+01 3.1000e+01 9.0000e+00 5.0000e+00 0.0000e+00 0.0000e+00 6.0000e+00 0.0000e+00 4.0000e+00 3.9000e+01 9.0000e+00 0.0000e+00 6.0000e+00 2.9000e+01 1.2000e+01 3.2000e+01 2.2870e+03 1.0000e+00 6.0000e+00 6.0000e+00 1.1000e+01 0.0000e+00 4.6000e+01 4.3000e+01 1.8000e+01 0.0000e+00 0.0000e+00 1.7000e+01 2.4000e+01 1.8000e+01 1.2000e+01 1.5000e+01 3.3000e+01 0.0000e+00 0.0000e+00 1.1000e+01 1.1000e+01 1.4000e+01 5.4790e+03 3.7140e+03 0.0000e+00 1.8000e+01 2.4600e+02 7.0000e+00
2.3000e+01 2.4000e+01 1.0000e+01 3.7000e+01 3.4000e+01 4.3000e+01 5.6000e+01 1.8000e+01 1.5180e+03 3.3710e+03 3.7660e+03 1.8000e+01 3.2270e+03 3.3250e+03 8.0000e+00 4.7000e+01 3.7000e+01 2.5000e+01 9.4000e+01 3.3000e+01 5.3000e+01 3.6000e+01 1.8000e+01 4.4000e+01 3.4480e+03 3.1000e+01 2.3000e+01 3.4000e+01 3.7000e+01 3.3000e+01 2.1000e+01 2.3000e+01 3.6000e+01 3.7000e+01 4.5000e+01 3.1000e+01 3.9000e+01 3.5000e+01 4.9000e+01 2.4000e+01 3.4630e+03 2.3000e+01 5.4000e+01 3.4000e+01 2.2000e+01 3.0000e+01 2.3000e+01 2.5000e+01 5.1000e+01 1.9000e+01
5.3800e+03 1.9000e+01 7.0000e+01 3.9000e+01 1.5000e+01 6.0000e+01 5.3730e+03 4.0000e+01 4.2000e+01 5.3000e+01 1.6000e+01 6.4000e+01 5.6000e+01 4.5000e+01 6.0000e+00 4.8000e+01 2.1000e+01 4.9000e+01 3.3570e+03 1.2000e+01 6.3000e+01 1.7810e+03 1.0000e+01 7.0000e+01 4.0000e+00 3.7000e+01 5.9000e+01 2.5000e+01 3.3000e+01 5.1000e+01 1.0000e+01 4.3000e+01 4.3000e+01 4.0000e+00 3.0000e+01 2.0000e+00 4.7340e+03 9.1000e+01 5.4000e+01 6.0000e+00 6.3000e+01 2.1200e+03 2.9000e+01 6.6000e+01 6.1000e+01 7.5000e+01 7.5000e+01 7.0000e+01 4.6040e+03 1.2000e+01
1.1000e+01 2.1000e+01 0.0000e+00 0.0000e+00 1.4000e+01 0.0000e+00 2.5000e+01 1.0000e+00 0.0000e+00 0.0000e+00 2.0000e+00 1.8000e+01 0.0000e+00 1.0000e+00 0.0000e+00 4.4000e+01 1.6000e+01 2.0000e+00 4.0000e+00 2.4000e+01 2.5740e+03 1.1000e+01 2.4000e+01 1.7000e+01 2.0000e+00 2.0000e+00 0.0000e+00 0.0000e+00 7.0000e+00 9.0000e+00 1.2000e+01 2.0890e+03 6.0000e+00 2.0000e+00 1.5000e+01 0.0000e+00 0.0000e+00 3.0000e+00 4.9080e+03 0.0000e+00 7.0000e+00 0.0000e+00 1.4000e+01 0.0000e+00 1.6000e+01 5.0000e+00 4.0000e+00 3.8180e+03 4.0000e+00 0.0000e+00
1.6000e+01 1.1000e+01 1.1000e+01 8.0000e+00 0.0000e+00 2.7610e+03 0.0000e+00 0.0000e+00 0.0000e+00 6.0000e+00 2.9000e+01 1.5000e+01 1.4000e+01 2.1000e+01 1.5290e+03 3.5000e+01 1.2000e+01 2.0000e+00 4.0000e+00 1.0000e+01 1.4000e+01 0.0000e+00 0.0000e+00 0.0000e+00 1.6000e+01 8.0000e+00 0.0000e+00 0.0000e+00 1.8000e+01 4.8000e+01 7.0000e+00 3.1000e+01 1.6000e+01 0.0000e+00 3.0000e+01 5.0000e+00 2.0000e+00 5.3320e+03 7.3000e+01 1.0000e+01 9.0000e+00 2.8000e+01 5.4200e+03 0.0000e+00 4.6000e+01 0.0000e+00 2.2000e+01 9.0000e+00 6.0000e+00 0.0000e+00
1.4000e+01 1.0000e+00 2.2000e+01 1.6000e+01 1.1000e+01 8.0000e+00 1.6000e+01 6.0000e+00 0.0000e+00 4.0000e+00 7.0000e+00 1.2000e+01 3.0000e+00 7.0000e+00 6.0000e+00 3.3250e+03 2.0000e+00 7.0000e+00 7.0000e+00 8.0000e+00 1.1000e+01 6.0000e+00 2.0000e+01 1.7000e+01 5.0000e+00 8.0000e+00 3.0000e+00 4.0000e+00 1.7000e+01 3.1520e+03 5.0000e+00 1.1000e+01 7.0000e+00 9.0000e+00 1.6000e+01 3.0000e+00 3.0000e+00 8.0000e+00 4.3000e+01 5.0000e+00 1.0000e+01 1.1000e+01 1.4000e+01 6.0000e+00 1.2000e+01 1.7000e+01 7.0000e+00 1.7000e+01 3.0000e+00 2.0000e+00
5.0000e+01 2.2020e+03 2.9000e+01 2.5000e+01 2.7000e+01 3.0000e+01 2.3000e+01 2.8000e+01 4.2000e+01 3.2000e+01 9.0000e+00 1.3000e+01 3.0000e+01 1.9000e+01 6.5200e+02 4.4000e+01 3.2720e+03 6.0000e+01 2.3000e+01 3.3180e+03 5.1000e+01 2.1000e+01 3.5000e+01 3.9680e+03 3.7000e+01 3.9000e+01 2.2000e+01 3.2070e+03 4.4000e+01 4.0000e+01 2.8000e+01 2.8000e+01 1.4000e+01 2.2000e+01 3.9000e+01 4.1000e+01 2.5000e+01 4.7000e+01 2.1000e+01 3.3610e+03 1.9000e+01 1.1880e+03 4.6000e+01 2.8000e+01 5.6000e+01 4.1000e+01 3.7000e+01 5.2000e+01 2.5000e+01 2.9000e+01
6.0000e+00 1.0000e+01 2.8000e+01 2.8210e+03 5.3000e+01 1.9000e+01 2.5000e+01 2.2000e+01 1.7000e+01 1.4000e+01 1.0000e+01 2.7840e+03 3.0000e+00 1.0000e+01 7.0000e+00 4.6000e+01 2.4000e+01 1.6000e+01 1.3000e+01 1.2000e+01 1.1000e+01 1.4820e+03 2.6000e+01 1.7000e+01 1.6000e+01 2.1360e+03 7.0000e+00 6.0000e+00 2.4000e+01 3.0000e+01 2.8000e+01 2.0000e+01 5.0000e+00 2.8000e+01 2.5540e+03 2.9000e+01 7.0000e+00 4.1000e+01 1.8000e+01 1.4000e+01 1.2000e+01 5.0000e+00 6.0000e+01 2.1000e+01 8.0000e+00 5.0000e+00 3.8360e+03 1.3000e+01 9.0000e+00 3.0000e+01
2.2000e+01 4.8000e+01 1.6000e+01 2.0000e+01 5.2000e+01 5.7000e+01 3.7000e+01 6.4000e+01 3.7000e+01 1.8000e+01 2.1000e+01 6.0000e+01 4.4000e+01 4.6000e+01 3.7000e+01 1.5000e+01 4.3000e+01 4.5970e+03 5.3000e+01 4.8000e+01 5.1000e+01 8.0000e+00 7.0000e+00 1.7000e+01 4.2000e+01 3.0000e+01 6.1000e+01 2.8000e+01 4.8000e+01 2.1000e+01 1.3000e+01 6.0000e+01 4.4700e+03 4.4190e+03 4.9000e+01 4.8530e+03 6.4000e+01 4.7000e+01 1.4000e+01 4.0000e+01 2.6000e+01 2.3000e+01 3.9000e+01 4.0540e+03 3.5000e+01 2.6000e+01 5.9000e+01 2.3000e+01 2.4000e+01 4.4480e+03
