1.5000e+01 7.0000e+00 6.7000e+01 4.0000e+00 1.4400e+02 8.2000e+01 2.7000e+01 3.3000e+02 1.0200e+02 4.4000e+01 5.2000e+01 1.1000e+01 3.0000e+00 1.8000e+01 1.1000e+01 3.8000e+01 5.0000e+00 1.0000e+00 1.0000e+00 1.5000e+01 5.4000e+01 1.0000e+00 4.9000e+01 4.0000e+00 1.4000e+01 1.2000e+01 8.6000e+01 1.6000e+01 1.8800e+02 4.1000e+01 3.7050e+03 6.1700e+02 1.0800e+02 5.7000e+01 3.3000e+01 1.0000e+01 5.0000e+00 4.2000e+01 1.5000e+01 3.5000e+01 3.0000e+01 0.0000e+00 3.0000e+00 2.1000e+01 9.1000e+01 3.0000e+00 9.0000e+00 8.9000e+01 3.0000e+00 3.5000e+01
3.0000e+00 4.3000e+01 0.0000e+00 0.0000e+00 2.9180e+03 0.0000e+00 1.0000e+00 1.9000e+01 1.0000e+00 1.0000e+00 0.0000e+00 0.0000e+00 2.0000e+00 0.0000e+00 2.0000e+00 1.1400e+02 3.0000e+00 0.0000e+00 6.0000e+00 7.0000e+00 8.0000e+00 1.0000e+00 4.8000e+01 0.0000e+00 4.0000e+00 3.0000e+00 2.0000e+00 0.0000e+00 6.5000e+01 3.0500e+02 1.1000e+01 0.0000e+00 0.0000e+00 3.0000e+00 3.0000e+00 1.0000e+00 2.0000e+00 5.0000e+00 1.7000e+01 0.0000e+00 0.0000e+00 4.0000e+00 0.0000e+00 1.1000e+01 5.9820e+03 4.5000e+01 0.0000e+00 3.0000e+00 8.0000e+00 0.0000e+00
2.0000e+00 1.4000e+01 1.0000e+00 4.6000e+01 2.5000e+01 3.2000e+01 1.2000e+01 5.0000e+00 1.2700e+02 4.3000e+01 3.9730e+03 3.0000e+00 2.8000e+01 2.7600e+02 5.0000e+00 8.0000e+01 1.4500e+02 2.6000e+01 4.6000e+01 1.7000e+01 6.8000e+01 5.0000e+00 2.2000e+01 2.8000e+01 3.5450e+03 3.5000e+01 1.0000e+01 4.8000e+01 3.3000e+02 9.5000e+01 2.3000e+01 3.4000e+01 3.2000e+01 7.6000e+01 1.4820e+03 7.0000e+00 1.0000e+01 6.0000e+00 1.2000e+01 2.3000e+01 4.6000e+01 7.0000e+00 3.3000e+02 7.0000e+00 0.0000e+00 2.0000e+00 4.0000e+00 1.2000e+01 1.6000e+01 2.1000e+01
5.8640e+03 1.4000e+01 5.4680e+03 4.3110e+03 4.0000e+00 4.9280e+03 5.9690e+03 3.2400e+02 3.4260e+03 5.2450e+03 2.0000e+00 4.7020e+03 4.4710e+03 3.5290e+03 1.0000e+00 3.1800e+03 8.0000e+00 1.8200e+02 5.1300e+02 4.0000e+00 5.0610e+03 5.2520e+03 3.0000e+00 5.7780e+03 0.0000e+00 1.2730e+03 3.6020e+03 9.7000e+01 5.0000e+00 1.4800e+03 1.0000e+00 1.2200e+02 1.2500e+02 1.0000e+00 1.4000e+01 0.0000e+00 3.1430e+03 3.6420e+03 6.8000e+01 1.0000e+00 5.0010e+03 4.1980e+03 6.0000e+00 6.9800e+02 0.0000e+00 5.7390e+03 4.9020e+03 4.3080e+03 5.4870e+03 1.0000e+01
0.0000e+00 5.0000e+00 0.0000e+00 0.0000e+00 1.0000e+00 0.0000e+00 0.0000e+00 0.0000e+00 0.0000e+00 0.0000e+00 3.0000e+00 5.0000e+00 0.0000e+00 0.0000e+00 0.0000e+00 3.1000e+01 1.0000e+00 0.0000e+00 0.0000e+00 6.0000e+00 1.0000e+01 0.0000e+00 5.2000e+01 0.0000e+00 1.0000e+00 0.0000e+00 0.0000e+00 0.0000e+00 2.0000e+00 5.0000e+00 2.0000e+00 1.2000e+01 0.0000e+00 0.0000e+00 2.0000e+00 0.0000e+00 0.0000e+00 1.0000e+00 8.1500e+02 0.0000e+00 1.0000e+00 0.0000e+00 0.0000e+00 0.0000e+00 0.0000e+00 0.0000e+00 1.0000e+00 2.0600e+02 3.0000e+00 0.0000e+00
0.0000e+00 4.0000e+00 0.0000e+00 4.0000e+00 0.0000e+00 8.0000e+00 0.0000e+00 0.0000e+00 0.0000e+00 0.0000e+00 2.0000e+01 3.0000e+00 1.0000e+00 0.0000e+00 3.6000e+01 5.3000e+01 1.0000e+00 2.0000e+00 6.0000e+00 0.0000e+00 5.0000e+00 0.0000e+00 0.0000e+00 0.0000e+00 6.0000e+00 3.0000e+00 0.0000e+00 0.0000e+00 1.9000e+01 2.3200e+03 3.0000e+00 1.2000e+01 7.0000e+00 0.0000e+00 1.4000e+01 2.0000e+00 0.0000e+00 2.0560e+03 4.9530e+03 1.0000e+00 0.0000e+00 2.0000e+00 5.6560e+03 0.0000e+00 0.0000e+00 0.0000e+00 4.0000e+00 1.0000e+00 1.0000e+00 0.0000e+00
0.0000e+00 0.0000e+00 1.0000e+00 4.0000e+00 1.0000e+00 2.0000e+00 0.0000e+00 0.0000e+00 0.0000e+00 0.0000e+00 0.0000e+00 2.0000e+00 0.0000e+00 5.0000e+00 1.0000e+00 1.6300e+02 1.0000e+00 1.0000e+00 1.0000e+00 0.0000e+00 1.0000e+00 0.0000e+00 8.0000e+00 0.0000e+00 2.0000e+00 2.0000e+00 2.0000e+00 1.0000e+00 0.0000e+00 3.3000e+01 0.0000e+00 0.0000e+00 0.0000e+00 1.0000e+00 1.0000e+00 2.0000e+00 1.0000e+00 0.0000e+00 0.0000e+00 3.0000e+00 2.0000e+00 2.0000e+00 0.0000e+00 1.0000e+00 0.0000e+00 0.0000e+00 0.0000e+00 7.0000e+00 1.0000e+00 0.0000e+00
0.0000e+00 1.6200e+02 4.0000e+00 3.3000e+01 2.1000e+01 2.9000e+01 0.0000e+00 1.6000e+01 2.8600e+02 4.9000e+01 0.0000e+00 1.0000e+00 2.3000e+01 7.0000e+00 5.0000e+01 2.6200e+02 2.8500e+02 7.8000e+01 4.0000e+00 4.7000e+01 1.3000e+01 1.1000e+01 2.7650e+03 0.0000e+00 4.0000e+01 2.2700e+03 8.0000e+00 3.1530e+03 3.3300e+02 2.5000e+01 6.0000e+01 1.5000e+01 1.0000e+00 7.0000e+00 1.4500e+02 2.5000e+01 1.0000e+00 0.0000e+00 0.0000e+00 1.1650e+03 3.0000e+00 6.3000e+01 0.0000e+00 1.3000e+01 0.0000e+00 0.0000e+00 2.9000e+01 3.8100e+02 7.0000e+00 8.0000e+00
0.0000e+00 4.0000e+00 1.1000e+01 5.0000e+01 5.2000e+01 3.0000e+00 0.0000e+00 1.2000e+01 3.0000e+00 3.0000e+00 1.0000e+00 1.1000e+01 1.0000e+00 3.0000e+00 3.0000e+00 4.9000e+01 6.0000e+00 5.0000e+00 0.0000e+00 3.0000e+00 0.0000e+00 7.0000e+00 4.0000e+01 0.0000e+00 4.0000e+00 6.5000e+01 2.0000e+00 5.0000e+00 1.5000e+01 3.6000e+01 2.4000e+01 1.0000e+00 2.0000e+00 1.2000e+01 7.5000e+01 4.9000e+01 2.0000e+00 0.0000e+00 0.0000e+00 1.0000e+00 6.0000e+00 1.0000e+00 0.0000e+00 3.0000e+00 0.0000e+00 0.0000e+00 1.5600e+02 0.0000e+00 3.0000e+00 3.0000e+00
0.0000e+00 3.7770e+03 1.0000e+00 7.0000e+00 1.0640e+03 2.5400e+02 0.0000e+00 4.0570e+03 3.2000e+01 2.9000e+01 1.7000e+01 6.0100e+02 6.9000e+01 4.4000e+02 3.9770e+03 1.6000e+01 3.7190e+03 4.7860e+03 3.4440e+03 4.6360e+03 1.6700e+02 2.0000e+00 6.0000e+00 0.0000e+00 1.5600e+02 6.8000e+01 6.6600e+02 2.1000e+01 3.4360e+03 1.2000e+01 1.7000e+01 3.9750e+03 4.4860e+03 4.7460e+03 2.1170e+03 5.2550e+03 2.0990e+03 0.0000e+00 0.0000e+00 2.4350e+03 2.0000e+00 7.0000e+00 0.0000e+00 3.7410e+03 0.0000e+00 0.0000e+00 2.9700e+02 0.0000e+00 3.0000e+00 4.9240e+03
