8.6220e-01 1.4579e-01 2.3710e-01 7.1850e-01 5.2063e-01 5.5468e-01 3.3540e-01 2.1387e-01 9.0983e-01 9.6900e-01
1.4858e-01 5.5487e-01 2.4023e-01 1.0000e+00 5.5687e-01 2.8740e-01 7.4627e-01 6.5373e-02 8.7512e-02 9.7112e-01
9.7776e-01 4.5578e-01 6.7638e-02 6.3184e-01 7.9477e-01 5.8036e-01 9.6445e-01 7.8715e-01 5.2420e-01 5.0784e-01
7.4254e-01 7.6803e-01 7.8416e-01 5.1536e-01 7.5026e-01 9.8814e-01 1.4624e-01 4.1650e-01 3.4934e-01 8.1257e-01
7.0140e-03 1.3843e-01 8.8415e-01 6.5283e-01 2.9118e-01 2.9508e-01 5.5444e-02 5.9433e-01 1.6523e-01 3.5538e-01
6.8557e-01 4.0744e-01 1.0678e-01 1.3650e-01 5.2610e-01 4.0729e-01 9.6389e-01 7.3700e-01 1.7483e-01 5.5132e-01
8.0793e-01 4.3667e-01 2.9703e-01 3.1787e-01 6.3437e-01 5.5060e-01 5.1462e-01 2.2244e-01 4.7654e-01 5.9454e-01
4.9072e-01 9.6898e-01 9.5889e-01 2.9204e-01 2.0231e-02 3.8923e-01 6.0314e-01 8.1128e-01 4.6823e-01 1.0638e-02
2.4012e-01 4.5665e-01 1.3909e-01 7.7436e-01 4.7893e-01 4.3788e-02 4.3052e-01 5.5588e-01 7.4283e-01 4.5876e-01
5.2104e-02 9.9590e-01 2.1365e-01 1.7968e-01 1.1396e-01 2.3220e-01 1.8719e-01 4.7610e-01 4.5076e-01 5.8407e-01
