4.4100e+02 1.0000e+01 8.0000e+00 9.4000e+01 4.9000e+01 3.3000e+01 1.1000e+01 8.0000e+00 9.6800e+03 7.1050e+03
6.0000e+00 3.4000e+01 6.0000e+00 9.8380e+03 9.7000e+01 1.1000e+01 1.4000e+02 8.0000e+00 7.0000e+00 2.7550e+03
9.4630e+03 1.1000e+01 6.0000e+00 0.0000e+00 9.3830e+03 2.4000e+01 6.4000e+03 1.5090e+03 3.2000e+01 0.0000e+00
0.0000e+00 8.9000e+01 1.9600e+02 0.0000e+00 2.2700e+02 9.9240e+03 6.0000e+00 3.9000e+01 2.6000e+01 0.0000e+00
0.0000e+00 8.0000e+00 4.2700e+02 0.0000e+00 1.4000e+01 0.0000e+00 6.0000e+00 5.4000e+01 9.0000e+00 0.0000e+00
0.0000e+00 1.6000e+01 6.0000e+00 0.0000e+00 6.6000e+01 0.0000e+00 3.3760e+03 1.0910e+03 1.6000e+01 0.0000e+00
0.0000e+00 3.2000e+01 1.5000e+01 0.0000e+00 1.9300e+02 0.0000e+00 0.0000e+00 8.0000e+00 2.6000e+01 0.0000e+00
0.0000e+00 7.2830e+03 9.3590e+03 0.0000e+00 9.0000e+00 0.0000e+00 0.0000e+00 7.2250e+03 2.1000e+01 0.0000e+00
0.0000e+00 1.4000e+01 1.0000e+01 0.0000e+00 3.8000e+01 0.0000e+00 0.0000e+00 8.5000e+01 2.1100e+02 0.0000e+00
0.0000e+00 2.5940e+03 1.2000e+01 0.0000e+00 9.0000e+00 0.0000e+00 0.0000e+00 5.8000e+01 3.3000e+01 0.0000e+00
