3.9000e+02 2.0000e+00 1.0000e+00 7.0000e+01 2.3000e+01 1.9000e+01 3.0000e+00 0.0000e+00 8.7960e+03 6.9020e+03
0.0000e+00 2.0000e+01 0.0000e+00 9.8140e+03 5.5000e+01 3.0000e+00 1.1100e+02 0.0000e+00 0.0000e+00 2.6620e+03
9.2570e+03 3.0000e+00 0.0000e+00 0.0000e+00 7.3890e+03 1.2000e+01 6.2080e+03 1.1880e+03 1.6000e+01 0.0000e+00
0.0000e+00 6.6000e+01 1.5900e+02 0.0000e+00 1.4800e+02 9.7450e+03 0.0000e+00 1.8000e+01 1.2000e+01 0.0000e+00
0.0000e+00 1.0000e+00 3.7000e+02 0.0000e+00 2.0000e+00 0.0000e+00 0.0000e+00 2.8000e+01 1.0000e+00 0.0000e+00
0.0000e+00 6.0000e+00 0.0000e+00 0.0000e+00 3.4000e+01 0.0000e+00 3.2550e+03 8.4700e+02 5.0000e+00 0.0000e+00
0.0000e+00 1.8000e+01 5.0000e+00 0.0000e+00 1.2300e+02 0.0000e+00 0.0000e+00 0.0000e+00 1.2000e+01 0.0000e+00
0.0000e+00 7.0780e+03 8.9770e+03 0.0000e+00 0.0000e+00 0.0000e+00 0.0000e+00 5.9420e+03 8.0000e+00 0.0000e+00
0.0000e+00 5.0000e+00 2.0000e+00 0.0000e+00 1.6000e+01 0.0000e+00 0.0000e+00 5.0000e+01 1.6200e+02 0.0000e+00
0.0000e+00 2.5740e+03 3.0000e+00 0.0000e+00 0.0000e+00 0.0000e+00 0.0000e+00 3.1000e+01 1.7000e+01 0.0000e+00
