1.8100e+02 1.8000e+01 3.9890e+03 5.0000e+00 2.5000e+01 4.4000e+02 4.7400e+02 3.4770e+03 9.9900e+02 6.2000e+02 2.8000e+01 8.0000e+00 1.4000e+01 1.6000e+01 8.7000e+01 2.0000e+00 7.0000e+00 1.1000e+01 6.0000e+00 2.1000e+01 3.5000e+01 1.1000e+01 3.0000e+01 1.8000e+01 9.0000e+00 3.4000e+01 1.9480e+03 2.4000e+01 4.0500e+02 1.0000e+00 3.6360e+03 4.0550e+03 4.0100e+02 1.3860e+03 2.6000e+01 2.9000e+01 2.0000e+00 3.0000e+00 0.0000e+00 2.7000e+01 1.2200e+02 0.0000e+00 0.0000e+00 5.8000e+01 5.0000e+00 1.0000e+00 3.0000e+00 3.0000e+00 5.0000e+00 8.6400e+02
9.9000e+01 5.6500e+02 0.0000e+00 0.0000e+00 4.0530e+03 0.0000e+00 2.6000e+01 2.5300e+02 4.0000e+00 6.0000e+00 0.0000e+00 0.0000e+00 3.0000e+00 0.0000e+00 4.0000e+00 2.0000e+01 3.0000e+00 0.0000e+00 2.3000e+01 7.3000e+01 7.0000e+00 3.2000e+01 1.1770e+03 6.0000e+00 5.0000e+00 2.0000e+00 2.2000e+01 0.0000e+00 2.4290e+03 1.7600e+02 7.0000e+00 0.0000e+00 0.0000e+00 1.0000e+01 1.1000e+01 9.0000e+00 7.0000e+00 2.0000e+00 0.0000e+00 0.0000e+00 0.0000e+00 1.5000e+01 3.0000e+00 7.0000e+00 5.5440e+03 3.9270e+03 0.0000e+00 1.0000e+00 1.4000e+01 8.0000e+00
1.5000e+01 1.2000e+01 6.0000e+00 1.6500e+02 8.0000e+00 2.9600e+02 5.0000e+01 9.0000e+00 9.4600e+02 7.0700e+02 3.8270e+03 5.0000e+00 2.0200e+03 3.2530e+03 6.0000e+00 8.0000e+00 8.2300e+02 3.0000e+01 3.7400e+02 1.3000e+01 3.4100e+02 3.2000e+01 1.9000e+01 4.0800e+02 3.5340e+03 3.0000e+01 3.0000e+01 2.7000e+01 5.8800e+02 1.0000e+00 1.2000e+01 4.0000e+00 8.5800e+02 8.5100e+02 3.0800e+02 2.9000e+01 5.7600e+02 0.0000e+00 2.0000e+00 1.7000e+01 2.3660e+03 1.1500e+02 2.0000e+00 6.6000e+01 0.0000e+00 1.5000e+01 3.0000e+00 0.0000e+00 1.1000e+02 3.9000e+01
4.7860e+03 3.0000e+00 8.0000e+01 4.3000e+01 1.0000e+00 6.5600e+02 4.4390e+03 6.0000e+00 2.0300e+02 2.9760e+03 2.0000e+00 6.5000e+01 1.3170e+03 1.1700e+02 0.0000e+00 3.0000e+00 4.0000e+00 5.5000e+01 3.4100e+02 0.0000e+00 8.0000e+00 4.2790e+03 0.0000e+00 7.0000e+00 0.0000e+00 5.3000e+01 6.6200e+02 1.5000e+01 0.0000e+00 2.0000e+00 1.0000e+00 1.0000e+00 8.0000e+01 0.0000e+00 1.0000e+00 0.0000e+00 8.2200e+02 3.0000e+00 0.0000e+00 1.0000e+00 1.6710e+03 3.2550e+03 0.0000e+00 2.2600e+02 2.0000e+00 4.0000e+00 2.0000e+00 3.0000e+00 5.1550e+03 3.0000e+00
6.0000e+00 9.0000e+00 0.0000e+00 0.0000e+00 3.0000e+00 0.0000e+00 1.3900e+02 0.0000e+00 0.0000e+00 0.0000e+00 4.0000e+00 3.2000e+01 0.0000e+00 2.0000e+00 0.0000e+00 4.4000e+01 1.9000e+01 0.0000e+00 5.0000e+00 1.0970e+03 2.5030e+03 4.0000e+00 4.2900e+02 2.6000e+01 5.0000e+00 3.0000e+00 0.0000e+00 0.0000e+00 9.0000e+00 0.0000e+00 7.0000e+00 1.4000e+02 4.0000e+00 1.0000e+00 7.9000e+01 0.0000e+00 0.0000e+00 2.0000e+00 5.4340e+03 0.0000e+00 1.3000e+01 0.0000e+00 0.0000e+00 0.0000e+00 2.0000e+00 1.0000e+00 3.0000e+00 4.1830e+03 0.0000e+00 0.0000e+00
1.2000e+01 2.1000e+01 7.0000e+00 4.0000e+00 0.0000e+00 1.7960e+03 0.0000e+00 0.0000e+00 0.0000e+00 2.0000e+00 1.0700e+02 1.5000e+01 8.0000e+00 1.1000e+01 7.0300e+02 9.0000e+01 7.0000e+00 0.0000e+00 3.0000e+00 3.0000e+00 1.0000e+01 0.0000e+00 0.0000e+00 0.0000e+00 3.3000e+01 1.0000e+00 0.0000e+00 0.0000e+00 8.5000e+01 3.2810e+03 6.0000e+00 7.5000e+01 1.4000e+01 0.0000e+00 2.9000e+01 1.0000e+00 0.0000e+00 5.9310e+03 2.0000e+00 2.0000e+00 3.0000e+00 4.1000e+01 5.1980e+03 0.0000e+00 2.3900e+02 0.0000e+00 5.0000e+00 0.0000e+00 0.0000e+00 0.0000e+00
4.1000e+01 2.0000e+00 2.8000e+01 9.0000e+00 1.0000e+00 6.0000e+00 3.7000e+01 1.1000e+01 0.0000e+00 2.0000e+01 4.0000e+00 1.0000e+00 2.0000e+00 1.0000e+00 6.0000e+00 3.4060e+03 6.0000e+00 7.0000e+00 1.0000e+01 0.0000e+00 9.0000e+00 5.0000e+00 1.2400e+02 2.9000e+01 4.0000e+00 1.0000e+00 2.0000e+00 2.0000e+00 1.0000e+00 7.8000e+02 0.0000e+00 1.0000e+00 1.0000e+00 3.0000e+00 1.1000e+01 2.0000e+00 3.0000e+00 3.0000e+00 1.3000e+01 8.0000e+00 3.0000e+00 1.2000e+01 2.0000e+00 3.0000e+00 4.0000e+00 5.0000e+00 0.0000e+00 3.0000e+00 2.0000e+00 3.0000e+00
1.6000e+02 1.5390e+03 3.0000e+01 4.6000e+01 1.0000e+00 4.0000e+01 6.0000e+00 2.9000e+01 1.4210e+03 1.6500e+02 4.0000e+00 1.0000e+00 3.8000e+01 1.6000e+01 2.9600e+02 0.0000e+00 1.7980e+03 3.6220e+03 3.5000e+01 6.7600e+02 1.0500e+02 3.1000e+01 4.2100e+02 3.7140e+03 5.6000e+01 2.3300e+03 4.1000e+01 3.3410e+03 1.0400e+02 0.0000e+00 3.5000e+01 1.9000e+01 2.0000e+00 1.2000e+01 6.4000e+01 8.1000e+01 9.0000e+00 3.0000e+00 0.0000e+00 3.2260e+03 1.1000e+01 2.6600e+02 2.0000e+00 4.6000e+01 2.0000e+00 8.5000e+01 3.0000e+00 2.0000e+00 1.8000e+01 8.0000e+00
0.0000e+00 5.0000e+00 5.1000e+01 2.8010e+03 5.9000e+01 6.0000e+00 3.6000e+01 5.9000e+01 9.0000e+00 1.5000e+01 4.0000e+00 2.4670e+03 2.0000e+00 2.9000e+01 6.0000e+00 1.0700e+02 7.1000e+01 1.4000e+01 2.7000e+01 2.7000e+01 3.0000e+00 3.4000e+02 8.5000e+01 3.9000e+01 1.1000e+01 8.1600e+02 3.0000e+00 9.0000e+00 1.4000e+01 3.5000e+01 3.1000e+01 2.0000e+00 4.0000e+00 7.1000e+01 2.4820e+03 1.6590e+03 3.0000e+00 1.6000e+01 0.0000e+00 3.1000e+01 1.7000e+01 6.0000e+00 6.2400e+02 8.2000e+01 3.0000e+00 5.0000e+00 4.2890e+03 2.0000e+00 8.0000e+00 1.1000e+01
1.1000e+01 9.5300e+02 0.0000e+00 0.0000e+00 0.0000e+00 4.0600e+02 1.8000e+01 2.2500e+02 2.2000e+01 4.8000e+01 3.0000e+00 7.0300e+02 4.2200e+02 1.9200e+02 2.0810e+03 0.0000e+00 5.9200e+02 5.4700e+02 2.8640e+03 1.4910e+03 4.0000e+00 2.0000e+00 0.0000e+00 6.0000e+00 5.3000e+01 5.0000e+00 9.4900e+02 2.7000e+01 1.0000e+00 0.0000e+00 3.0000e+00 1.0000e+00 2.8470e+03 1.7030e+03 1.4000e+01 2.0720e+03 3.5170e+03 1.0000e+00 0.0000e+00 2.2200e+02 4.0000e+00 9.0000e+00 2.0000e+00 3.8190e+03 3.0000e+00 3.0000e+00 4.0000e+00 1.0000e+00 3.0000e+00 3.6780e+03
