1.0710e+03 1.0030e+03 9.7000e+02 1.0090e+03 9.7200e+02 9.8900e+02 1.0440e+03 9.6400e+02 1.0100e+03 1.0090e+03
1.0280e+03 9.8500e+02 1.0280e+03 9.8300e+02 1.0050e+03 9.9600e+02 1.0040e+03 9.9800e+02 9.8300e+02 9.7900e+02
9.8300e+02 1.0000e+03 1.0110e+03 9.9900e+02 9.7200e+02 1.0020e+03 1.0100e+03 1.0640e+03 9.9000e+02 9.7900e+02
1.0070e+03 9.7900e+02 1.0330e+03 9.9100e+02 9.4900e+02 1.0130e+03 1.0300e+03 1.0510e+03 9.8800e+02 9.7400e+02
9.9500e+02 1.0360e+03 1.0210e+03 1.0290e+03 1.0120e+03 9.6000e+02 1.0030e+03 9.8200e+02 9.5400e+02 9.8800e+02
9.8700e+02 1.0250e+03 9.6400e+02 1.0260e+03 9.7800e+02 1.0030e+03 9.9700e+02 1.0250e+03 1.0150e+03 9.9000e+02
9.7900e+02 9.7400e+02 1.0320e+03 1.0440e+03 1.0380e+03 1.0110e+03 1.0170e+03 1.0560e+03 1.0020e+03 1.0100e+03
9.9600e+02 9.9600e+02 9.9100e+02 1.0360e+03 9.7200e+02 1.0250e+03 9.6100e+02 1.0500e+03 9.2900e+02 9.8500e+02
9.9700e+02 9.3500e+02 9.7700e+02 9.6200e+02 1.0030e+03 1.0650e+03 9.9300e+02 1.0090e+03 1.0590e+03 9.6000e+02
1.0200e+03 1.0110e+03 9.5800e+02 9.4700e+02 9.7000e+02 1.0060e+03 1.0240e+03 9.9200e+02 1.0230e+03 9.4000e+02
