8.8049e-01 1.6251e-01 2.4845e-01 7.2844e-01 5.0926e-01 5.1668e-01 3.4483e-01 2.3548e-01 9.0495e-01 9.7027e-01
1.6634e-01 5.9086e-01 2.6654e-01 1.0000e+00 5.7711e-01 2.5904e-01 7.7689e-01 5.4108e-02 1.0071e-01 9.7140e-01
9.7050e-01 4.6500e-01 5.8358e-02 6.3764e-01 7.9218e-01 5.8882e-01 9.7525e-01 7.7726e-01 5.6162e-01 4.9642e-01
7.7954e-01 7.6404e-01 7.6089e-01 5.6710e-01 6.8599e-01 9.8815e-01 1.6796e-01 4.2436e-01 3.5020e-01 8.1314e-01
4.0201e-03 1.3320e-01 8.9324e-01 6.7055e-01 2.7569e-01 2.8958e-01 6.1815e-02 5.5499e-01 1.8868e-01 3.2996e-01
6.7579e-01 4.0195e-01 1.1826e-01 1.5595e-01 4.8875e-01 4.3470e-01 9.5787e-01 7.7756e-01 2.0788e-01 5.7879e-01
8.4474e-01 4.2505e-01 2.9554e-01 3.3716e-01 6.2813e-01 5.5292e-01 4.8181e-01 2.1875e-01 4.8902e-01 6.0099e-01
4.9197e-01 9.6988e-01 9.6165e-01 3.1081e-01 7.2016e-03 3.9805e-01 5.8793e-01 8.3143e-01 5.2207e-01 2.4365e-02
2.4273e-01 4.6738e-01 1.3408e-01 7.9106e-01 5.0150e-01 5.4460e-02 4.2900e-01 5.4509e-01 7.3938e-01 4.5312e-01
3.8235e-02 9.9407e-01 2.0981e-01 1.8479e-01 1.0515e-01 2.7237e-01 1.9336e-01 4.7782e-01 4.4868e-01 5.8830e-01
