9.4300e+02 1.6300e+02 2.4100e+02 7.3500e+02 4.9500e+02 5.1100e+02 3.6000e+02 2.2700e+02 9.1400e+02 9.7900e+02
1.7100e+02 5.8200e+02 2.7400e+02 9.8300e+02 5.8000e+02 2.5800e+02 7.8000e+02 5.4000e+01 9.9000e+01 9.5100e+02
9.5400e+02 4.6500e+02 5.9000e+01 6.3700e+02 7.7000e+02 5.9000e+02 9.8500e+02 8.2700e+02 5.5600e+02 4.8600e+02
7.8500e+02 7.4800e+02 7.8600e+02 5.6200e+02 6.5100e+02 1.0010e+03 1.7300e+02 4.4600e+02 3.4600e+02 7.9200e+02
4.0000e+00 1.3800e+02 9.1200e+02 6.9000e+02 2.7900e+02 2.7800e+02 6.2000e+01 5.4500e+02 1.8000e+02 3.2600e+02
6.6700e+02 4.1200e+02 1.1400e+02 1.6000e+02 4.7800e+02 4.3600e+02 9.5500e+02 7.9700e+02 2.1100e+02 5.7300e+02
8.2700e+02 4.1400e+02 3.0500e+02 3.5200e+02 6.5200e+02 5.5900e+02 4.9000e+02 2.3100e+02 4.9000e+02 6.0700e+02
4.9000e+02 9.6600e+02 9.5300e+02 3.2200e+02 7.0000e+00 4.0800e+02 5.6500e+02 8.7300e+02 4.8500e+02 2.4000e+01
2.4200e+02 4.3700e+02 1.3100e+02 7.6100e+02 5.0300e+02 5.8000e+01 4.2600e+02 5.5000e+02 7.8300e+02 4.3500e+02
3.9000e+01 1.0050e+03 2.0100e+02 1.7500e+02 1.0200e+02 2.7400e+02 1.9800e+02 4.7400e+02 4.5900e+02 5.5300e+02
