3.7000e+01 3.7000e+01 6.5000e+01 6.3000e+01 3.2000e+01 0.0000e+00 4.5000e+01 1.8000e+01 5.2180e+03 8.3000e+01 4.6000e+01 5.6000e+01 5.2000e+01 4.8780e+03 5.3000e+01 2.8000e+01 6.2000e+01 4.6000e+01 5.6000e+01 4.5000e+01 3.9000e+01 3.2960e+03 3.9120e+03 5.2960e+03 3.6000e+01 6.5000e+01 5.5000e+01 3.0000e+01 2.7000e+01 8.2000e+01 6.5000e+01 3.4000e+01 6.1000e+01 6.9000e+01 2.5000e+01 3.9000e+01 6.1000e+01 6.9000e+01 4.4000e+01 1.0900e+02 3.9830e+03 2.2000e+01 7.3000e+01 6.3000e+01 1.8000e+01 2.9000e+01 1.8000e+01 3.2000e+01 3.3000e+01 4.3000e+01
7.0000e+00 2.4000e+01 2.8000e+01 3.0000e+00 8.0000e+00 1.9000e+01 3.0000e+00 2.4980e+03 8.0000e+00 2.7000e+01 2.0000e+01 1.2000e+01 1.6000e+01 4.0000e+00 2.7010e+03 4.0000e+00 1.8000e+01 2.0000e+01 2.9000e+01 1.3000e+01 2.7000e+01 3.8000e+01 1.7000e+01 3.0000e+00 2.6000e+01 2.6000e+01 2.2000e+01 1.6000e+01 3.7000e+01 1.0000e+01 2.0000e+01 3.0000e+01 1.6000e+01 1.3000e+01 3.0000e+01 8.1700e+02 1.9000e+01 7.0000e+00 1.7000e+01 1.1000e+01 5.0000e+00 6.0000e+00 3.0340e+03 2.2070e+03 1.4000e+01 1.3000e+01 0.0000e+00 0.0000e+00 1.4000e+01 4.2000e+01
6.6000e+01 5.1000e+01 5.2170e+03 1.4000e+01 6.0000e+00 3.3000e+01 3.8880e+03 5.1000e+01 1.9000e+01 2.2000e+01 5.0630e+03 5.0000e+00 8.0000e+00 6.0000e+00 4.5000e+01 0.0000e+00 1.5000e+01 3.0000e+00 3.4000e+01 3.3000e+01 1.6000e+01 1.2000e+01 3.9000e+01 3.0000e+00 4.5000e+01 3.8000e+01 3.4000e+01 2.6000e+01 7.2000e+01 2.6000e+01 4.3000e+01 5.4320e+03 4.4770e+03 3.1000e+01 1.2000e+01 4.0000e+01 1.0000e+01 4.4000e+01 6.0000e+00 7.8000e+01 1.3000e+01 2.3000e+01 1.0000e+00 3.3000e+01 3.8000e+01 2.5000e+01 1.0000e+00 7.7000e+01 2.6000e+01 6.6000e+01
2.3000e+01 2.4000e+01 2.0000e+00 8.0000e+00 6.0000e+00 4.5000e+01 1.3000e+01 4.0000e+00 9.0000e+00 4.0000e+01 2.2000e+01 3.2000e+01 1.4000e+01 2.5000e+01 3.0000e+00 1.5000e+01 5.0000e+00 2.7000e+01 3.1000e+01 2.6710e+03 4.2000e+01 3.0000e+01 6.4500e+02 3.6000e+01 3.8440e+03 5.2000e+01 5.5000e+01 3.3980e+03 4.5000e+01 4.4000e+01 4.6470e+03 4.4000e+01 2.5000e+01 4.5000e+01 6.4000e+01 3.7000e+01 2.3000e+01 3.8000e+01 7.5000e+01 2.5000e+01 2.4000e+01 4.4000e+01 2.2000e+01 9.0000e+00 4.8000e+01 4.0990e+03 4.1000e+01 3.7000e+01 5.6000e+01 4.1000e+01
4.4000e+01 3.7000e+01 4.0000e+01 1.3000e+01 4.6000e+01 3.9000e+01 2.7000e+01 5.4000e+01 1.1000e+01 3.1000e+01 5.5000e+01 4.6000e+01 4.1850e+03 2.8000e+01 3.0000e+01 3.3000e+01 4.3700e+03 2.3000e+01 3.0000e+01 6.8000e+01 4.7000e+01 4.2000e+01 1.8000e+01 1.8000e+01 3.5000e+01 3.6000e+01 4.7680e+03 4.4000e+01 7.3000e+01 2.6000e+01 4.5000e+01 6.5000e+01 3.8000e+01 1.6000e+01 4.8600e+03 5.5000e+01 7.0000e+01 3.6000e+01 3.3000e+01 3.0000e+01 4.0000e+01 4.8000e+01 2.3000e+01 2.4000e+01 3.5000e+01 3.7000e+01 3.8000e+01 3.1000e+01 5.8000e+01 4.5240e+03
8.4000e+01 6.9000e+01 8.0000e+01 6.4000e+01 5.3000e+01 3.7000e+01 3.4000e+01 7.8000e+01 5.4000e+01 8.7000e+01 6.4000e+01 5.7000e+01 1.6500e+02 6.1000e+01 4.7000e+01 3.0000e+00 4.0000e+01 7.0000e+00 4.9000e+01 1.6000e+01 6.5000e+01 1.8490e+03 6.9000e+01 6.1000e+01 7.9000e+01 4.5000e+01 7.0000e+01 4.7000e+01 6.7000e+01 1.3000e+01 6.5000e+01 4.2000e+01 2.6000e+01 5.7000e+01 6.2000e+01 6.9000e+01 6.5000e+01 5.1770e+03 5.1430e+03 5.2930e+03 6.1000e+01 5.1380e+03 6.4000e+01 7.3000e+01 5.2390e+03 5.0000e+01 3.1000e+01 6.1000e+01 5.1000e+01 3.1000e+01
5.3000e+03 1.7000e+01 7.6000e+01 6.4000e+01 4.8940e+03 1.6000e+01 1.6050e+03 9.2000e+01 1.1000e+01 4.8420e+03 2.3000e+01 7.0000e+00 1.1000e+01 2.8000e+01 2.1000e+01 5.9400e+02 5.5000e+01 6.0000e+00 9.0000e+00 5.1000e+01 4.8000e+01 0.0000e+00 3.0000e+01 2.6000e+01 5.3000e+01 2.7000e+01 4.0000e+00 3.3000e+01 6.0000e+01 2.1000e+01 2.7000e+01 5.6000e+01 2.1000e+01 3.0000e+00 1.0000e+00 6.8000e+01 3.0000e+01 4.0000e+00 4.6000e+01 6.0000e+01 8.5600e+02 2.0000e+01 5.9000e+01 2.1000e+01 8.0000e+00 2.7000e+01 1.7000e+01 5.2610e+03 4.8000e+01 7.0000e+00
2.5000e+01 4.2000e+01 4.6000e+01 2.5000e+01 5.6000e+01 3.3000e+01 3.2000e+01 3.0000e+01 4.8000e+01 5.0000e+01 3.0000e+01 6.2000e+01 1.9000e+01 4.7000e+01 2.7500e+02 2.2200e+03 3.2000e+01 2.4000e+01 6.0000e+00 3.8000e+01 2.1810e+03 3.1000e+01 2.0000e+01 2.3000e+01 2.3000e+01 3.5000e+01 6.8000e+01 4.2000e+01 4.3780e+03 2.4000e+01 3.0000e+01 3.8000e+01 5.0000e+01 4.8110e+03 5.7000e+01 3.1540e+03 1.1000e+01 3.9000e+01 3.9000e+01 4.2000e+01 3.6000e+01 1.1000e+01 1.1000e+01 2.6000e+01 2.6000e+01 6.5000e+01 4.3000e+01 2.5000e+01 3.8250e+03 5.2000e+01
4.5000e+01 4.8580e+03 4.3000e+01 5.1230e+03 7.0000e+01 7.5300e+02 4.8000e+01 4.7000e+01 3.2000e+01 3.5000e+01 4.7000e+01 5.3000e+01 5.8000e+01 4.7000e+01 4.0000e+01 3.1000e+01 4.2000e+01 3.8000e+01 3.5000e+01 5.0000e+01 4.1000e+01 3.5000e+01 6.3000e+01 4.7000e+01 4.0000e+01 6.0000e+01 6.9000e+01 3.7000e+01 6.4000e+01 4.2770e+03 3.2000e+01 4.9000e+01 6.2000e+01 4.5000e+01 4.3000e+01 4.4000e+01 4.7520e+03 4.7000e+01 3.7000e+01 3.3000e+01 4.5000e+01 3.5000e+01 4.0000e+01 6.9000e+01 4.4000e+01 4.6000e+01 4.3120e+03 4.1000e+01 4.6000e+01 4.9000e+01
4.2000e+01 1.5000e+01 2.3300e+02 5.0000e+00 1.3000e+01 3.7420e+03 1.5000e+01 2.7000e+01 6.0000e+00 4.2000e+01 4.1000e+01 4.4300e+03 1.9000e+01 3.5000e+01 1.3000e+01 1.8000e+01 5.0000e+01 2.4670e+03 2.4280e+03 3.7000e+01 2.2430e+03 2.2000e+01 3.2000e+01 1.8000e+01 2.8000e+01 4.4240e+03 5.8000e+01 2.6000e+01 2.5000e+01 3.8000e+01 4.0000e+01 5.0000e+01 5.0000e+00 4.1000e+01 3.9000e+01 1.2000e+01 5.0000e+00 3.6000e+01 4.2000e+01 8.0000e+00 5.7000e+01 4.2000e+01 3.3000e+01 2.2000e+01 5.5000e+01 3.8000e+01 4.2000e+01 5.2000e+01 2.9000e+01 5.2000e+01
