0.0000e+00 1.0000e+00 0.0000e+00 9.0909e-01 0.0000e+00 6.6667e-01 1.0000e+00 0.0000e+00 9.2063e-01 9.7270e-01
0.0000e+00 6.6667e-01 5.0000e-01 9.9778e-01 0.0000e+00 0.0000e+00 1.0000e+00 0.0000e+00 5.0000e-01 9.4118e-01
9.7749e-01 0.0000e+00 0.0000e+00 8.3333e-01 7.8486e-01 5.0000e-01 9.7428e-01 7.5000e-01 0.0000e+00 5.0000e-01
6.6667e-01 1.0000e+00 5.0000e-01 8.5714e-01 5.0000e-01 9.7670e-01 1.0000e+00 5.0000e-01 0.0000e+00 8.3333e-01
0.0000e+00 0.0000e+00 8.7678e-01 0.0000e+00 0.0000e+00 0.0000e+00 0.0000e+00 6.6667e-01 0.0000e+00 5.0000e-01
6.6667e-01 0.0000e+00 0.0000e+00 0.0000e+00 3.3333e-01 5.0000e-01 9.6550e-01 5.0000e-01 0.0000e+00 0.0000e+00
8.2488e-01 0.0000e+00 0.0000e+00 0.0000e+00 3.3333e-01 0.0000e+00 6.0000e-01 0.0000e+00 4.0000e-01 5.7692e-01
0.0000e+00 9.6443e-01 9.6471e-01 5.0000e-01 0.0000e+00 0.0000e+00 0.0000e+00 8.2529e-01 6.6667e-01 0.0000e+00
5.0000e-01 0.0000e+00 0.0000e+00 5.0000e-01 4.6875e-01 0.0000e+00 0.0000e+00 6.3415e-01 7.3264e-01 5.0000e-01
0.0000e+00 9.9525e-01 0.0000e+00 0.0000e+00 0.0000e+00 5.0000e-01 0.0000e+00 0.0000e+00 0.0000e+00 0.0000e+00
