3.7800e+02 6.0000e+00 1.5000e+01 9.1000e+01 9.4000e+01 1.9000e+01 1.0000e+01 2.1000e+01 9.5890e+03 7.5220e+03
8.0000e+00 2.8000e+01 1.0000e+01 1.0046e+04 1.2200e+02 8.0000e+00 2.0000e+01 8.0000e+00 7.0000e+00 2.4970e+03
9.7360e+03 4.2000e+01 7.0000e+00 0.0000e+00 8.7640e+03 3.3000e+01 8.2680e+03 1.0720e+03 6.3000e+01 0.0000e+00
0.0000e+00 1.1600e+02 1.1800e+02 0.0000e+00 7.8600e+02 9.8950e+03 6.0000e+00 4.2000e+01 9.0000e+00 0.0000e+00
0.0000e+00 6.0000e+00 5.1500e+02 0.0000e+00 2.7000e+01 0.0000e+00 1.0000e+01 1.0200e+02 7.0000e+00 0.0000e+00
0.0000e+00 1.4000e+01 8.0000e+00 0.0000e+00 2.5000e+01 0.0000e+00 1.6500e+03 8.2800e+02 1.3000e+01 0.0000e+00
0.0000e+00 1.3000e+01 2.1000e+01 0.0000e+00 4.7000e+01 0.0000e+00 0.0000e+00 1.2000e+01 1.4000e+01 0.0000e+00
0.0000e+00 7.9810e+03 9.1970e+03 0.0000e+00 9.0000e+00 0.0000e+00 0.0000e+00 7.8970e+03 3.9000e+01 0.0000e+00
0.0000e+00 1.0000e+01 8.0000e+00 0.0000e+00 1.1600e+02 0.0000e+00 0.0000e+00 4.3000e+01 8.9000e+01 0.0000e+00
0.0000e+00 1.7740e+03 1.5000e+01 0.0000e+00 1.6000e+01 0.0000e+00 0.0000e+00 1.6000e+01 2.2000e+01 0.0000e+00
