3.8889e-01 9.5238e-02 4.3333e-01 3.7037e-01 2.2222e-01 5.4545e-01 9.2593e-01 2.0833e-01 1.7647e-01 2.3529e-01 4.5455e-01 3.3333e-01 2.7273e-01 2.3529e-01 1.8182e-01 4.3333e-01 3.0000e-01 2.9032e-01 1.5789e-01 5.8824e-02 4.1379e-01 2.1739e-01 5.8824e-02 2.3333e-01 9.5238e-02 2.6087e-01 2.0833e-01 2.0000e-01 3.7931e-01 4.2857e-01 2.7778e-01 2.9630e-01 1.1538e-01 4.0000e-01 3.3333e-01 5.3846e-01 2.1739e-01 6.5714e-01 9.3333e-01 6.2500e-01 2.1429e-01 4.7619e-02 7.1875e-01 2.2222e-01 4.0000e-01 3.2143e-01 4.7619e-01 5.0000e-01 2.5000e-01 2.7273e-01
2.2222e-01 5.5556e-02 0.0000e+00 3.8095e-01 4.2857e-01 6.5385e-01 2.0000e-01 2.2727e-01 2.7273e-01 5.8333e-01 0.0000e+00 7.8261e-01 5.0000e-02 1.4815e-01 1.4286e-01 3.0000e-01 6.2500e-01 1.2500e-01 1.3636e-01 1.7391e-01 4.7059e-01 4.0625e-01 1.1538e-01 2.0000e-01 4.1176e-01 2.1053e-01 2.7778e-01 2.1739e-01 4.0000e-01 7.9167e-01 2.1739e-01 9.2593e-01 4.3750e-01 5.8824e-02 1.0000e+00 1.5789e-01 4.2105e-01 7.0833e-01 1.0000e+00 2.4000e-01 5.8824e-02 7.6923e-02 8.4375e-01 4.7222e-01 7.8261e-01 2.9630e-01 8.5714e-02 3.2143e-01 2.2727e-01 2.4000e-01
3.1579e-01 1.4286e-01 0.0000e+00 1.5000e-01 2.6087e-01 3.9130e-01 5.5000e-01 1.7391e-01 0.0000e+00 4.0000e-02 3.0769e-01 5.0000e-02 8.0000e-02 3.7037e-02 3.4483e-02 3.6000e-01 9.0909e-02 2.0000e-01 1.8750e-01 7.6923e-02 1.3043e-01 5.4545e-01 1.1111e-01 3.6842e-01 2.8000e-01 4.7059e-01 1.6667e-01 1.7647e-01 1.3793e-01 5.5556e-01 1.3636e-01 1.0345e-01 5.0000e-02 1.0714e-01 2.8000e-01 1.8519e-01 6.6667e-02 5.0000e-01 5.0000e-01 2.7273e-01 3.8462e-02 6.6667e-02 5.4545e-01 2.8000e-01 2.6923e-01 3.8462e-02 1.5385e-01 1.1538e-01 4.7619e-02 1.1429e-01
2.3333e-01 0.0000e+00 1.4286e-01 4.7619e-02 4.5455e-02 0.0000e+00 7.4286e-01 4.3478e-02 2.0000e-01 0.0000e+00 7.6923e-02 1.1538e-01 4.3478e-02 3.2143e-01 2.3077e-01 3.0435e-01 1.2000e-01 1.2500e-01 1.2500e-01 0.0000e+00 4.3478e-02 3.4483e-01 5.4167e-01 8.0000e-02 5.5556e-02 3.3333e-02 1.2000e-01 0.0000e+00 0.0000e+00 4.7619e-01 9.0909e-02 6.6667e-02 0.0000e+00 3.5714e-02 4.4737e-01 9.0909e-02 3.7037e-02 0.0000e+00 2.0000e-01 5.0000e-01 0.0000e+00 0.0000e+00 2.6923e-01 0.0000e+00 0.0000e+00 2.3077e-01 9.6774e-02 4.5455e-02 0.0000e+00 0.0000e+00
2.5000e-01 1.4286e-01 2.5000e-01 8.6957e-02 2.3810e-01 2.6316e-01 1.0000e+00 1.3889e-01 2.6087e-01 1.2000e-01 2.6471e-01 1.9048e-01 1.3043e-01 2.2222e-01 1.5789e-01 4.1176e-01 3.8462e-02 9.0909e-02 2.1429e-01 6.6667e-02 2.2222e-01 1.5625e-01 1.3636e-01 1.6667e-01 1.4286e-01 1.6667e-01 3.0000e-01 3.1818e-01 6.8421e-01 5.1724e-01 7.4074e-02 1.3043e-01 3.3333e-02 5.2632e-02 6.9231e-01 4.7619e-02 0.0000e+00 4.4000e-01 1.0000e+00 3.5294e-01 2.1429e-01 2.3810e-01 7.4074e-01 1.6667e-01 2.6316e-01 2.2222e-01 4.8148e-01 3.2258e-01 1.2000e-01 9.0909e-02
2.0690e-01 4.3478e-02 1.1538e-01 8.6957e-02 1.9048e-01 4.7619e-02 5.6000e-01 5.8824e-02 2.3810e-01 7.4074e-02 2.4000e-01 1.4815e-01 9.0909e-02 0.0000e+00 2.7778e-01 3.0435e-01 3.7037e-02 8.0000e-02 2.6923e-01 3.4483e-02 1.0345e-01 1.9048e-01 9.5238e-02 2.5000e-01 4.7619e-02 3.4615e-01 0.0000e+00 3.2143e-01 9.0909e-02 1.6667e-01 2.9167e-01 1.3793e-01 2.1739e-01 8.1081e-02 2.5000e-01 3.5484e-01 9.0909e-02 1.7391e-01 8.2759e-01 7.9167e-01 5.2632e-02 3.8462e-02 4.0741e-01 2.1053e-01 4.1935e-01 2.0000e-01 1.7391e-01 2.5000e-01 0.0000e+00 0.0000e+00
4.3750e-01 4.3478e-02 0.0000e+00 6.8966e-02 0.0000e+00 2.2222e-01 2.6923e-01 0.0000e+00 0.0000e+00 0.0000e+00 2.2581e-01 0.0000e+00 3.5714e-02 2.1739e-01 0.0000e+00 1.7857e-01 0.0000e+00 0.0000e+00 0.0000e+00 4.7619e-02 4.5455e-02 0.0000e+00 2.5000e-01 9.0909e-02 0.0000e+00 6.8966e-02 0.0000e+00 4.5455e-02 2.5926e-01 4.6667e-01 1.0526e-01 0.0000e+00 0.0000e+00 1.6000e-01 0.0000e+00 1.1538e-01 0.0000e+00 0.0000e+00 0.0000e+00 1.2000e-01 0.0000e+00 0.0000e+00 2.2222e-01 0.0000e+00 0.0000e+00 5.7692e-01 2.3077e-01 1.3793e-01 0.0000e+00 9.0909e-02
4.3478e-02 4.5455e-02 9.6774e-02 1.3043e-01 1.9231e-01 1.7857e-01 1.3333e-01 9.5238e-02 0.0000e+00 1.3333e-01 1.0345e-01 1.5789e-01 0.0000e+00 1.0000e-01 1.8182e-01 2.8000e-01 1.3636e-01 2.0833e-01 3.4483e-02 8.0000e-02 5.8824e-02 1.5000e-01 1.5625e-01 4.5455e-02 1.1538e-01 0.0000e+00 5.5556e-02 7.4074e-02 4.3478e-02 4.0909e-01 1.2000e-01 2.5926e-01 4.5455e-02 0.0000e+00 1.7241e-01 4.5455e-02 0.0000e+00 1.8750e-01 2.7586e-01 6.4516e-02 0.0000e+00 8.5714e-02 4.3478e-02 0.0000e+00 0.0000e+00 0.0000e+00 8.3333e-02 3.3333e-02 0.0000e+00 4.1667e-02
1.3333e-01 1.6667e-01 3.7037e-02 1.4815e-01 2.3077e-01 1.5385e-01 6.3333e-01 1.0714e-01 1.1538e-01 4.0000e-02 1.8519e-01 1.2903e-01 6.2500e-02 9.7561e-02 2.1429e-01 5.6522e-01 2.0000e-01 1.4286e-01 7.4074e-02 0.0000e+00 5.8824e-02 2.9630e-01 0.0000e+00 2.0000e-01 1.6667e-01 4.0000e-01 1.7241e-01 9.6774e-02 7.1429e-02 1.0526e-01 5.2632e-02 1.9231e-01 1.5000e-01 2.5000e-01 3.3333e-01 5.0000e-01 5.5556e-02 1.5385e-01 9.5238e-02 4.5455e-02 0.0000e+00 0.0000e+00 0.0000e+00 9.5238e-02 7.0000e-01 6.6667e-02 2.0000e-01 1.5000e-01 0.0000e+00 1.3043e-01
1.6000e-01 2.5000e-01 1.0000e-01 3.3333e-01 5.2174e-01 4.7368e-01 6.0000e-01 3.1579e-01 1.8519e-01 7.4074e-02 3.6842e-01 1.2500e-01 1.2500e-01 1.3793e-01 9.5238e-02 3.5294e-01 6.2500e-02 1.3636e-01 1.2500e-01 2.5714e-01 1.6129e-01 3.8095e-01 2.2222e-01 4.0000e-02 1.6667e-01 2.6923e-01 2.3077e-01 2.0000e-01 3.1818e-01 2.0000e-01 1.3793e-01 2.1429e-01 1.6667e-01 1.9231e-01 4.8148e-01 3.5484e-01 1.3636e-01 2.7273e-01 5.2174e-01 2.1053e-01 1.6667e-01 1.7241e-01 3.6364e-01 3.8462e-02 1.1111e-01 1.4286e-01 2.9412e-01 1.5000e-01 2.0833e-01 2.3529e-01
9.2857e-01 1.2000e-01 1.5000e-01 7.7273e-01 2.3810e-01 3.3333e-01 8.3333e-01 0.0000e+00 2.5000e-01 8.6957e-02 2.9167e-01 3.6364e-01 3.3333e-02 1.8750e-01 8.8462e-01 5.1429e-01 4.0909e-01 6.0000e-01 4.5455e-01 1.2500e-01 6.5517e-01 5.8333e-01 5.2941e-01 1.0000e+00 6.4286e-01 4.4828e-01 7.0833e-01 2.0000e-01 1.0526e-01 2.5000e-01 7.7778e-01 7.6923e-01 3.8095e-01 5.3571e-01 5.6000e-01 8.5000e-01 2.6667e-01 5.8065e-01 8.3871e-01 7.2727e-01 0.0000e+00 7.9310e-01 5.7143e-01 4.7826e-01 6.0870e-01 6.5385e-01 2.8571e-01 8.0769e-01 5.2174e-01 1.7857e-01
1.1111e-01 1.4815e-01 5.4054e-02 7.1429e-02 1.9048e-01 5.8824e-01 3.0435e-01 0.0000e+00 0.0000e+00 0.0000e+00 3.3333e-01 2.5000e-01 1.8182e-01 0.0000e+00 4.3750e-01 8.2609e-01 1.4286e-01 1.2903e-01 1.9231e-01 1.0345e-01 3.0000e-01 1.2000e-01 1.5385e-01 1.0345e-01 2.7586e-01 1.3793e-01 3.6842e-01 5.2632e-02 4.5833e-01 3.5000e-01 5.5556e-02 1.5000e-01 0.0000e+00 0.0000e+00 3.3333e-01 1.6000e-01 0.0000e+00 6.5000e-01 5.7143e-01 0.0000e+00 0.0000e+00 3.6842e-01 5.8824e-02 0.0000e+00 0.0000e+00 7.1429e-02 1.0345e-01 1.0526e-01 3.0435e-01 8.6957e-02
6.5385e-01 6.4706e-01 8.0000e-01 1.8750e-01 7.0000e-01 6.8182e-01 7.7273e-01 7.3333e-01 6.0714e-01 7.3077e-01 5.7895e-01 6.3158e-01 5.4167e-01 8.0000e-01 5.2381e-01 5.0000e-01 7.9167e-01 4.5000e-01 8.0952e-01 7.7778e-01 5.3333e-01 5.4545e-01 5.9259e-01 7.9310e-01 9.5833e-01 7.4194e-01 4.2857e-01 5.4167e-01 6.6667e-01 5.4839e-01 8.1250e-01 9.2857e-01 6.4000e-01 5.9091e-01 5.3846e-01 5.4167e-01 8.3333e-01 8.2609e-01 6.5385e-01 8.5714e-01 6.8000e-01 6.3636e-01 2.0000e-01 7.7778e-01 3.1818e-01 4.6667e-01 7.3077e-01 2.9630e-01 5.6000e-01 8.0000e-01
1.1429e-01 4.0000e-02 7.1429e-02 6.0714e-01 1.1765e-01 3.1034e-01 1.6667e-01 5.8824e-02 1.9355e-01 3.4375e-01 1.5385e-01 3.0303e-01 1.4286e-01 2.5000e-01 2.9167e-01 6.8000e-01 1.7391e-01 1.6667e-01 6.4516e-02 1.2121e-01 1.0000e-01 7.9167e-01 2.3077e-01 6.5217e-01 3.3333e-01 1.3043e-01 1.6000e-01 3.0000e-01 1.3043e-01 5.6667e-01 1.8750e-01 4.0909e-01 2.5000e-01 1.4286e-01 2.0000e-01 2.3333e-01 0.0000e+00 6.6667e-01 6.7857e-01 5.0000e-01 4.7619e-02 6.6667e-02 4.7826e-01 2.7027e-01 4.0000e-01 6.8421e-01 1.1111e-01 2.7027e-01 9.5238e-02 1.1111e-01
2.7273e-01 3.2258e-02 1.4286e-01 3.6000e-01 4.1935e-01 1.3043e-01 7.5000e-01 3.0435e-01 4.2857e-01 2.2222e-01 3.8095e-01 3.1818e-01 3.4615e-01 3.5714e-01 2.4000e-01 1.8750e-01 2.6316e-01 3.4783e-01 1.5000e-01 4.8485e-01 4.5455e-02 7.6923e-02 2.5000e-01 5.0000e-01 1.7241e-01 1.6000e-01 2.5000e-01 3.6842e-01 7.4074e-02 3.1250e-01 2.9167e-01 3.7037e-01 4.6667e-01 1.2500e-01 2.9630e-01 1.8750e-01 2.1429e-01 6.1538e-01 5.2000e-01 3.5714e-01 5.5556e-02 0.0000e+00 4.6154e-01 4.7619e-01 6.6667e-01 1.0000e-01 4.3750e-01 6.2500e-01 6.8966e-01 1.0526e-01
3.5714e-02 3.7037e-02 9.5238e-02 2.3810e-01 1.4286e-01 1.8750e-01 6.0870e-01 2.2222e-01 0.0000e+00 1.1111e-01 2.5000e-01 1.3793e-01 1.4286e-01 4.3478e-02 3.6667e-01 2.1053e-01 1.2121e-01 4.1667e-02 1.1538e-01 1.6667e-01 4.5161e-01 2.5000e-01 3.4483e-02 1.9048e-01 8.0000e-02 5.5556e-02 3.3333e-01 2.0833e-01 0.0000e+00 1.4815e-01 6.8966e-02 1.2000e-01 3.3333e-02 6.5217e-01 8.6364e-01 1.5385e-01 0.0000e+00 8.2759e-01 7.8788e-01 2.0000e-01 0.0000e+00 0.0000e+00 5.8621e-01 7.4074e-02 6.8421e-01 0.0000e+00 4.0000e-02 6.4706e-01 5.5556e-02 7.4074e-02
4.1667e-02 1.1111e-01 1.2500e-01 9.0909e-02 1.3514e-01 8.0000e-02 0.0000e+00 3.0303e-02 4.3478e-02 7.6923e-02 5.2174e-01 0.0000e+00 2.5714e-01 1.0000e-01 3.3333e-01 0.0000e+00 1.3043e-01 1.8182e-01 8.0000e-02 1.6129e-01 2.6471e-01 0.0000e+00 1.0526e-01 0.0000e+00 2.4138e-01 1.0526e-01 0.0000e+00 2.4138e-01 4.0000e-02 1.3043e-01 6.2500e-02 7.6923e-02 8.3333e-02 3.1250e-02 1.5000e-01 6.2500e-02 1.1111e-01 0.0000e+00 2.3810e-01 9.0909e-02 0.0000e+00 0.0000e+00 0.0000e+00 0.0000e+00 0.0000e+00 3.5000e-01 6.2500e-02 2.8000e-01 2.1739e-01 1.0000e-01
5.1613e-01 8.6667e-01 1.5789e-01 7.1429e-01 7.8261e-01 4.6429e-01 6.0000e-01 8.5714e-01 2.1429e-01 6.8966e-02 5.5556e-01 7.3333e-01 3.3333e-01 6.6667e-01 1.6667e-01 8.1818e-01 4.0000e-01 1.5789e-01 1.4286e-01 0.0000e+00 1.1111e-01 3.7500e-01 0.0000e+00 2.3529e-01 7.9412e-01 5.7143e-01 3.2000e-01 3.6364e-01 1.6000e-01 2.9630e-01 0.0000e+00 6.4000e-01 1.0526e-01 5.0000e-01 3.3333e-01 7.6667e-01 7.1429e-01 0.0000e+00 6.5385e-01 0.0000e+00 0.0000e+00 2.2727e-01 7.8947e-01 0.0000e+00 1.0000e+00 3.6667e-01 0.0000e+00 6.6667e-01 5.9091e-01 4.1667e-01
1.6667e-01 1.3333e-01 7.1429e-02 7.4074e-02 2.0000e-01 8.0000e-02 5.0000e-02 0.0000e+00 1.7391e-01 0.0000e+00 4.5455e-01 0.0000e+00 0.0000e+00 8.6957e-02 1.8750e-01 3.3333e-01 1.0000e-01 0.0000e+00 0.0000e+00 0.0000e+00 9.5238e-02 1.3636e-01 0.0000e+00 5.0000e-02 7.4074e-02 4.1667e-02 4.5455e-02 0.0000e+00 1.3636e-01 5.2381e-01 4.5455e-02 3.4483e-02 1.2000e-01 5.8824e-02 3.3333e-01 4.5455e-02 0.0000e+00 0.0000e+00 7.0000e-01 1.2500e-01 8.0000e-02 8.8235e-02 5.3846e-01 0.0000e+00 1.0000e-01 1.5000e-01 1.6667e-01 6.8966e-02 7.1429e-02 0.0000e+00
1.7857e-01 0.0000e+00 1.0345e-01 1.4815e-01 1.6000e-01 1.0000e-01 1.5625e-01 5.2632e-02 9.5238e-02 0.0000e+00 3.2143e-01 2.4000e-01 0.0000e+00 3.4483e-02 1.3043e-01 2.5926e-01 4.0000e-02 8.6957e-02 0.0000e+00 5.5556e-02 9.0909e-02 1.3793e-01 0.0000e+00 2.1739e-01 0.0000e+00 1.1538e-01 4.7619e-02 4.7619e-02 9.0909e-02 1.2500e-01 4.0000e-02 7.1429e-02 3.5714e-02 0.0000e+00 0.0000e+00 2.8571e-02 1.2000e-01 1.1111e-01 9.0909e-02 3.1250e-01 2.9412e-02 1.4286e-01 2.0000e-01 1.3043e-01 1.6667e-01 5.8824e-02 9.6774e-02 4.5455e-02 0.0000e+00 1.4286e-01
4.3478e-01 0.0000e+00 1.4286e-01 1.3889e-01 5.2632e-02 7.3913e-01 5.2174e-01 0.0000e+00 0.0000e+00 0.0000e+00 5.8333e-01 0.0000e+00 0.0000e+00 1.3514e-01 0.0000e+00 7.2000e-01 1.3636e-01 9.3750e-02 2.1053e-01 4.1667e-02 2.8571e-01 1.0714e-01 6.6667e-02 5.5556e-02 4.1379e-01 1.3636e-01 0.0000e+00 1.5000e-01 7.4074e-02 1.6667e-01 2.0690e-01 3.8095e-01 1.4706e-01 4.0000e-02 3.2000e-01 3.6667e-01 2.7273e-01 1.5385e-01 1.7391e-01 0.0000e+00 3.5294e-01 3.7037e-02 3.3333e-01 3.6000e-01 2.2727e-01 4.0000e-01 4.3750e-01 1.4815e-01 1.2000e-01 6.5385e-01
4.7368e-01 5.2632e-02 2.5926e-01 3.1818e-01 5.6000e-01 2.7273e-01 6.3636e-01 2.9630e-01 1.2500e-01 1.7391e-01 6.6667e-02 1.6667e-01 0.0000e+00 1.6000e-01 1.1765e-01 4.7368e-01 1.2000e-01 1.7647e-01 1.3043e-01 0.0000e+00 0.0000e+00 1.2000e-01 1.5625e-01 1.7391e-01 1.1111e-01 1.7241e-01 1.1111e-01 0.0000e+00 2.3810e-01 5.2632e-02 4.5455e-02 2.5000e-01 3.3333e-01 1.0000e+00 6.1905e-01 1.5000e-01 5.5556e-02 6.9565e-01 7.7778e-01 2.6667e-01 2.7273e-01 1.3043e-01 3.3333e-01 4.5455e-02 2.7273e-01 1.4286e-01 8.3333e-02 3.0769e-01 7.6923e-02 1.2500e-01
3.5714e-01 6.2500e-02 2.8571e-01 4.4444e-01 5.8065e-01 4.1176e-01 2.9630e-01 3.3333e-01 2.0000e-01 3.0000e-01 2.3333e-01 1.1538e-01 8.0000e-02 1.6667e-01 3.7037e-01 5.6000e-01 5.1724e-01 2.0000e-01 6.2500e-02 4.1379e-01 7.4074e-02 7.1429e-02 3.2000e-01 5.2174e-01 7.6923e-02 4.2857e-01 2.3077e-01 5.2000e-01 2.5000e-01 7.6471e-01 1.5385e-01 6.6667e-01 4.6875e-01 6.0606e-02 6.8421e-01 3.6364e-01 7.4074e-02 7.6190e-01 2.8125e-01 5.5000e-01 1.1538e-01 1.8182e-01 4.1935e-01 1.4286e-01 6.2500e-01 9.0909e-02 1.9048e-01 2.7586e-01 2.1429e-01 1.5385e-01
8.3333e-02 0.0000e+00 0.0000e+00 0.0000e+00 1.2500e-01 6.8182e-01 4.8387e-01 2.6316e-01 3.2143e-01 7.6923e-02 4.8276e-01 0.0000e+00 0.0000e+00 5.8824e-02 7.7778e-01 0.0000e+00 3.2000e-01 0.0000e+00 4.3478e-02 5.3846e-01 5.4545e-01 7.6190e-01 6.4000e-01 1.4286e-01 1.4286e-01 6.0870e-01 5.0000e-01 3.0435e-01 2.8571e-02 1.1538e-01 5.0000e-01 0.0000e+00 2.3529e-01 4.5455e-02 2.4324e-01 7.5000e-01 2.6087e-01 0.0000e+00 7.0588e-01 1.3333e-01 0.0000e+00 0.0000e+00 1.5385e-01 0.0000e+00 4.7826e-01 2.6316e-01 7.8947e-01 4.0000e-01 3.6667e-01 2.9412e-01
1.2000e-01 5.5556e-02 1.8182e-01 5.5556e-02 5.0000e-01 4.0741e-01 0.0000e+00 8.6957e-02 1.5385e-01 3.6000e-01 2.3333e-01 2.8000e-01 3.7037e-02 1.6667e-01 4.4444e-01 2.6667e-01 7.6923e-02 5.2632e-02 0.0000e+00 7.4074e-02 1.5000e-01 2.0833e-01 2.0000e-01 2.1212e-01 3.5714e-02 3.3333e-01 2.2727e-01 7.0968e-01 8.0000e-02 1.3636e-01 7.6923e-02 4.1379e-01 9.0909e-02 9.5238e-02 6.4286e-01 3.0769e-01 0.0000e+00 1.0000e+00 1.0000e+00 1.3636e-01 0.0000e+00 2.5926e-01 5.6667e-01 1.0000e-01 1.0000e+00 1.5000e-01 3.3333e-01 1.3889e-01 4.7619e-02 3.1250e-02
7.8947e-01 6.8966e-02 1.4286e-01 5.6522e-01 6.8000e-01 8.2759e-01 7.5758e-01 1.9048e-01 2.9167e-01 5.7895e-01 2.4000e-01 5.3333e-01 2.5000e-01 9.5238e-02 4.8000e-01 4.8000e-01 3.2143e-01 1.4815e-01 1.1111e-01 3.7500e-01 4.4444e-01 1.0345e-01 3.6364e-01 7.0968e-01 5.8333e-01 3.1034e-01 2.4000e-01 1.1765e-01 1.1111e-01 5.1852e-01 0.0000e+00 5.0000e-01 2.2581e-01 6.0870e-01 8.7879e-01 5.7576e-01 2.0000e-01 9.0625e-01 1.0000e+00 6.8182e-01 1.6667e-01 1.7391e-01 7.1429e-01 3.3333e-01 8.7500e-01 7.1429e-01 2.6667e-01 5.7143e-01 4.5833e-01 1.6667e-01
2.5000e-01 1.0526e-01 0.0000e+00 0.0000e+00 1.0345e-01 3.0000e-01 8.2759e-01 2.0000e-01 1.1538e-01 0.0000e+00 1.6667e-01 1.7647e-01 1.6000e-01 0.0000e+00 2.3810e-01 2.2727e-01 0.0000e+00 1.4815e-01 1.3333e-01 6.8966e-02 1.1111e-01 1.1538e-01 0.0000e+00 2.0000e-01 0.0000e+00 1.9048e-01 0.0000e+00 9.0909e-02 3.2000e-01 2.6087e-01 1.5385e-01 0.0000e+00 0.0000e+00 1.3333e-01 6.2963e-01 3.0435e-01 0.0000e+00 4.8000e-01 2.5000e-01 0.0000e+00 0.0000e+00 3.1250e-01 1.7857e-01 2.9167e-01 0.0000e+00 7.1429e-02 2.4242e-01 1.6667e-01 4.7619e-02 0.0000e+00
9.6774e-02 0.0000e+00 2.5926e-01 1.2000e-01 1.2500e-01 4.0000e-02 3.4615e-01 1.6000e-01 0.0000e+00 1.3793e-01 1.9355e-01 5.0000e-02 0.0000e+00 0.0000e+00 2.1053e-01 1.4286e-01 4.3478e-02 0.0000e+00 2.7778e-02 2.9412e-01 1.7391e-01 7.4074e-02 0.0000e+00 4.5455e-02 8.3333e-02 1.8182e-01 0.0000e+00 1.4815e-01 1.3636e-01 7.1429e-02 1.6000e-01 3.2258e-02 8.3333e-02 0.0000e+00 1.5000e-01 0.0000e+00 0.0000e+00 2.5000e-01 5.7143e-01 0.0000e+00 2.0833e-01 2.8571e-01 3.1429e-01 1.3636e-01 1.6667e-01 4.2857e-01 3.5714e-02 1.3636e-01 9.0909e-02 0.0000e+00
4.1667e-01 2.4138e-01 4.6154e-01 6.2500e-01 5.0000e-01 5.2632e-01 8.6957e-01 2.0000e-01 1.8750e-01 7.1429e-01 4.7826e-01 4.7826e-01 2.0588e-01 4.6667e-01 7.0588e-01 4.4000e-01 5.2632e-01 2.5000e-01 1.4286e-01 4.0909e-01 3.3333e-01 5.2381e-01 3.8889e-01 3.3333e-01 6.5217e-01 2.1053e-01 3.6364e-01 3.5484e-01 4.4444e-01 3.5000e-01 2.2222e-01 5.2381e-01 4.5000e-01 1.8519e-01 6.3636e-01 3.2258e-01 6.2500e-02 4.4000e-01 6.9231e-01 5.6522e-01 4.1176e-01 1.0000e-01 3.3333e-01 5.9091e-01 5.1613e-01 4.2105e-01 2.9167e-01 1.7857e-01 3.8462e-01 3.7500e-01
1.9048e-01 3.8462e-02 1.4286e-01 2.1429e-01 2.6087e-01 3.6842e-01 3.2000e-01 2.8571e-01 4.2308e-01 3.5714e-01 5.8824e-01 2.6923e-01 9.3750e-02 1.8750e-01 4.4444e-01 3.0000e-01 2.6316e-01 1.1538e-01 5.8824e-02 4.7619e-02 2.8571e-01 4.0741e-01 4.1667e-02 2.3077e-01 3.0769e-01 3.5294e-01 3.6842e-01 1.1765e-01 4.0000e-01 6.2500e-01 3.8462e-02 1.2000e-01 2.2581e-01 2.5000e-01 6.9048e-01 2.2727e-01 4.0000e-02 3.0000e-01 8.6957e-01 3.3333e-01 4.0000e-02 1.7857e-01 4.3750e-01 2.0000e-01 6.0714e-01 2.7273e-01 3.0000e-01 4.2308e-01 5.0000e-02 1.8182e-01
1.4286e-01 2.5000e-01 0.0000e+00 1.0000e-01 1.6000e-01 1.8182e-01 7.2973e-01 1.0000e-01 8.6957e-02 7.2727e-01 9.3333e-01 1.1765e-01 9.5238e-02 4.4000e-01 7.3684e-01 8.8235e-01 0.0000e+00 7.1429e-02 1.4286e-01 1.5000e-01 9.3333e-01 1.5000e-01 1.2000e-01 1.5385e-01 6.8182e-01 1.6667e-01 1.9355e-01 4.3478e-02 3.1818e-01 7.7273e-01 2.3077e-01 3.0000e-01 6.0000e-01 1.6667e-01 6.6667e-01 7.5000e-01 0.0000e+00 8.6957e-01 6.4516e-01 4.4444e-01 1.7391e-01 1.8750e-01 8.0000e-01 2.0000e-01 9.2593e-01 2.3810e-01 8.4615e-01 7.5000e-01 1.7241e-01 2.0000e-01
2.2222e-01 2.3077e-01 2.5000e-01 4.1667e-01 4.0000e-01 3.3333e-01 8.2609e-01 2.0833e-01 4.6154e-01 1.2500e-01 3.0769e-01 6.6667e-01 1.8750e-01 2.6923e-01 9.6667e-01 8.2609e-01 1.0714e-01 1.1111e-01 1.2500e-01 2.6087e-01 1.2000e-01 1.8750e-01 3.0000e-01 1.6000e-01 1.6667e-01 6.8750e-01 1.1765e-01 1.6667e-01 1.3043e-01 8.5714e-01 5.5556e-02 2.4242e-01 1.8182e-01 6.2500e-01 6.1905e-01 6.2069e-01 1.6667e-01 9.2593e-01 9.3750e-01 4.3750e-01 8.6957e-02 2.5000e-01 8.0000e-01 1.8750e-01 5.5000e-01 2.1429e-01 5.6000e-01 6.6667e-01 1.2121e-01 4.4444e-01
2.2222e-01 1.0714e-01 2.2727e-01 3.5484e-01 2.5000e-01 6.1538e-01 3.3333e-01 9.3750e-02 1.0714e-01 2.6667e-01 2.8571e-01 2.6923e-01 1.0000e-01 2.1429e-01 4.0741e-01 5.2632e-01 1.6000e-01 0.0000e+00 4.5455e-02 8.3333e-02 2.1053e-01 1.2000e-01 9.5238e-02 3.8462e-02 3.5714e-02 4.2857e-01 1.5000e-01 1.4286e-01 2.3077e-01 5.5556e-01 1.6667e-01 1.4286e-01 4.5455e-02 2.1053e-01 5.5556e-01 1.2000e-01 8.0000e-02 1.6129e-01 9.2593e-01 1.1538e-01 6.0606e-02 4.2857e-01 1.0000e-01 9.6774e-02 5.0000e-01 5.2174e-01 1.6667e-01 2.7273e-01 3.3333e-02 1.1538e-01
6.2500e-01 4.5455e-01 6.0870e-01 6.3333e-01 6.0714e-01 5.7895e-01 6.5385e-01 7.0588e-01 7.2222e-01 6.4000e-01 7.3913e-01 5.9259e-01 7.7778e-01 7.5000e-01 6.8966e-01 9.4444e-01 5.3125e-01 6.5385e-01 6.2500e-01 6.1111e-01 6.1538e-01 5.4167e-01 6.6667e-01 7.5000e-01 2.5000e-01 7.2000e-01 3.0000e-01 4.6875e-01 6.1111e-01 5.9091e-01 6.5517e-01 4.3750e-01 8.0000e-01 6.4516e-01 8.6111e-01 6.9697e-01 4.5161e-01 5.8065e-01 7.0270e-01 7.7778e-01 7.0833e-01 3.2000e-01 6.3158e-01 7.5000e-01 4.6154e-01 6.8182e-01 8.3333e-01 5.9259e-01 4.8000e-01 6.0000e-01
2.1053e-01 0.0000e+00 0.0000e+00 2.8571e-01 0.0000e+00 1.5152e-01 1.4286e-01 4.0000e-02 1.7391e-01 0.0000e+00 0.0000e+00 9.5238e-02 0.0000e+00 0.0000e+00 1.0000e-01 2.4138e-01 0.0000e+00 0.0000e+00 0.0000e+00 0.0000e+00 8.6957e-02 8.6957e-02 0.0000e+00 4.0000e-02 0.0000e+00 4.5455e-02 0.0000e+00 2.0000e-01 4.3478e-02 0.0000e+00 2.3810e-01 0.0000e+00 2.0000e-01 0.0000e+00 2.1739e-01 1.1111e-01 0.0000e+00 0.0000e+00 0.0000e+00 1.1538e-01 0.0000e+00 0.0000e+00 2.9630e-01 5.0000e-01 2.2857e-01 1.6000e-01 1.2500e-01 2.8571e-01 2.8571e-02 0.0000e+00
7.7778e-01 7.6471e-01 9.4444e-01 7.7778e-01 8.9286e-01 1.0000e+00 1.0000e+00 8.1818e-01 6.3158e-01 7.5000e-01 7.9167e-01 8.8889e-01 9.5455e-01 8.4211e-01 1.0000e+00 7.8571e-01 7.2222e-01 8.2609e-01 1.0000e+00 9.2000e-01 1.0000e+00 7.5862e-01 8.6957e-01 8.3333e-01 7.7778e-01 9.5455e-01 8.6364e-01 7.8125e-01 8.0769e-01 1.0000e+00 8.5185e-01 1.0000e+00 7.8125e-01 8.8889e-01 8.7097e-01 8.6364e-01 8.7879e-01 8.6364e-01 1.0000e+00 6.8750e-01 9.4118e-01 9.5455e-01 9.6000e-01 7.2727e-01 6.5000e-01 8.3871e-01 9.0909e-01 8.2609e-01 8.1818e-01 1.0000e+00
2.0833e-01 0.0000e+00 0.0000e+00 2.3077e-01 0.0000e+00 2.2727e-01 3.6842e-01 1.5385e-01 9.5238e-02 3.1579e-01 5.0000e-02 0.0000e+00 1.3636e-01 0.0000e+00 5.2632e-01 8.0000e-02 0.0000e+00 3.1034e-01 1.3158e-01 3.0769e-01 4.0741e-01 3.2258e-02 0.0000e+00 3.3333e-01 9.5238e-02 1.4815e-01 3.1818e-01 3.4483e-02 0.0000e+00 2.5000e-01 0.0000e+00 2.0833e-01 1.9231e-01 0.0000e+00 1.9231e-01 1.1538e-01 1.1538e-01 0.0000e+00 4.6154e-01 4.8148e-01 0.0000e+00 2.8571e-01 4.6667e-01 1.5789e-01 4.4000e-01 8.3333e-02 4.1667e-01 2.5926e-01 4.7619e-02 3.4783e-01
1.8519e-01 3.8462e-02 5.5556e-02 5.3846e-01 2.1739e-01 6.5517e-01 8.4615e-01 4.5833e-01 1.5152e-01 1.0345e-01 5.6000e-01 1.9048e-01 5.2632e-02 2.5000e-01 4.2424e-01 6.2500e-01 0.0000e+00 3.0000e-01 3.4783e-01 2.0000e-01 2.2222e-01 2.8571e-01 2.3810e-01 6.1111e-01 4.7826e-01 2.3810e-01 2.5806e-01 4.5455e-02 6.6667e-01 3.8095e-01 0.0000e+00 5.5556e-01 3.0769e-01 5.0000e-02 5.0000e-01 3.6364e-01 5.8824e-01 6.8750e-01 6.6667e-01 4.1667e-01 1.6667e-01 3.1034e-01 8.8000e-01 1.9231e-01 4.2308e-01 4.8148e-01 4.1935e-01 4.1667e-01 1.7857e-01 3.7931e-01
7.0833e-01 9.4118e-01 7.3913e-01 6.0870e-01 2.3810e-01 7.8947e-01 9.4737e-01 3.7037e-01 7.8947e-01 9.0476e-01 2.9167e-01 7.7419e-01 7.2727e-01 8.6957e-01 2.9630e-01 9.6154e-01 1.8182e-01 8.2609e-01 3.6667e-01 8.8235e-01 1.2500e-01 2.6923e-01 4.0000e-01 8.6364e-01 8.9189e-01 5.2941e-01 7.8261e-01 6.5000e-01 6.3333e-01 9.2857e-01 1.5789e-01 7.5000e-01 6.6667e-02 9.3750e-01 5.5556e-01 1.0000e+00 7.6923e-02 7.5000e-01 8.8000e-01 1.4286e-01 5.9375e-01 6.4706e-01 8.4000e-01 1.2500e-01 5.0000e-01 6.4516e-02 9.0000e-01 9.2000e-01 2.4000e-01 7.0833e-01
5.3333e-01 7.6190e-01 9.4737e-01 9.0909e-01 7.5000e-01 9.2000e-01 8.2143e-01 7.6000e-01 7.3333e-01 8.0000e-01 8.6364e-01 5.5556e-01 6.8966e-01 9.6000e-01 8.4000e-01 9.1667e-01 8.2353e-01 9.0000e-01 8.8462e-01 6.3636e-01 7.2414e-01 7.0833e-01 7.5000e-01 8.5185e-01 8.0000e-01 7.1429e-01 9.3548e-01 5.2632e-01 8.1579e-01 8.4000e-01 1.0000e+00 7.6923e-01 8.8235e-01 8.8462e-01 8.8235e-01 8.5185e-01 7.3077e-01 8.4000e-01 8.3333e-01 7.8571e-01 5.5556e-01 7.9167e-01 6.6667e-01 8.1481e-01 5.2174e-01 9.6429e-01 7.6667e-01 9.2857e-01 8.6364e-01 8.2609e-01
7.9167e-01 3.5714e-02 4.2857e-01 3.2258e-02 3.5294e-01 8.6957e-02 4.5455e-02 1.7391e-01 0.0000e+00 1.4286e-01 2.8571e-01 0.0000e+00 2.0000e-01 3.4286e-01 3.2143e-01 5.0000e-02 0.0000e+00 1.5000e-01 2.5000e-01 1.3793e-01 3.5714e-01 1.1538e-01 3.5714e-01 4.5455e-02 3.3333e-01 2.1429e-01 1.1765e-01 1.1538e-01 2.1053e-01 3.6842e-01 2.5000e-01 4.0000e-02 1.3043e-01 2.8571e-02 3.2000e-01 2.7273e-01 1.5000e-01 8.3333e-02 0.0000e+00 0.0000e+00 6.2500e-02 4.8387e-01 2.5000e-01 3.0000e-01 5.9091e-01 6.4706e-01 4.8000e-01 6.1905e-01 2.6087e-01 4.7619e-02
1.0000e+00 1.0000e+00 9.3333e-01 8.8000e-01 9.1667e-01 1.0000e+00 9.2593e-01 8.4615e-01 9.6667e-01 8.0000e-01 1.0000e+00 9.3750e-01 8.5714e-01 9.2000e-01 1.0000e+00 9.2857e-01 8.0952e-01 9.1304e-01 8.6364e-01 1.0000e+00 1.0000e+00 8.6667e-01 8.7500e-01 9.2000e-01 9.0000e-01 1.0000e+00 1.0000e+00 1.0000e+00 9.3548e-01 8.2609e-01 8.3333e-01 8.1481e-01 8.8000e-01 9.5455e-01 9.6429e-01 9.5455e-01 9.6667e-01 7.5862e-01 1.0000e+00 8.8462e-01 1.0000e+00 9.6774e-01 9.2000e-01 9.5455e-01 7.0833e-01 9.4118e-01 1.0000e+00 1.0000e+00 1.0000e+00 9.2308e-01
0.0000e+00 0.0000e+00 3.4483e-02 0.0000e+00 1.0526e-01 2.9167e-01 3.3333e-01 0.0000e+00 0.0000e+00 1.6667e-01 0.0000e+00 0.0000e+00 3.7037e-02 3.8462e-02 8.0000e-02 1.3793e-01 1.3043e-01 0.0000e+00 3.0303e-02 5.8824e-02 3.6667e-01 1.2903e-01 4.3478e-02 5.2632e-02 5.8824e-02 1.1111e-01 2.6667e-01 2.0000e-01 2.4000e-01 2.0000e-01 2.7027e-02 3.2143e-01 0.0000e+00 4.7619e-02 1.0526e-01 9.6774e-02 1.7391e-01 0.0000e+00 4.0741e-01 0.0000e+00 0.0000e+00 0.0000e+00 3.3333e-01 0.0000e+00 3.1250e-01 1.0345e-01 0.0000e+00 1.7647e-01 0.0000e+00 9.6774e-02
4.3478e-02 4.5455e-02 1.2500e-01 1.2500e-01 9.6774e-02 2.0000e-01 5.4839e-01 3.2258e-02 4.1667e-02 1.1538e-01 3.5294e-01 1.2121e-01 0.0000e+00 2.3077e-01 1.2903e-01 4.5833e-01 9.0909e-02 1.4815e-01 7.4074e-02 7.6923e-02 0.0000e+00 1.2500e-01 1.4286e-01 0.0000e+00 1.2500e-01 1.2000e-01 2.3810e-01 0.0000e+00 7.6923e-02 3.6364e-01 7.1429e-02 2.0000e-01 0.0000e+00 8.3333e-02 1.8182e-01 2.9630e-01 0.0000e+00 2.1429e-01 1.5385e-01 7.4074e-01 0.0000e+00 5.2632e-02 1.8182e-01 1.2121e-01 1.7857e-01 3.0769e-01 8.0000e-02 1.7391e-01 1.1111e-01 3.5714e-02
4.0909e-01 8.3333e-02 6.6667e-02 5.3846e-01 2.2222e-01 2.6316e-01 3.0000e-01 1.0714e-01 1.1111e-01 3.4783e-01 2.6923e-01 5.0000e-01 8.0000e-02 1.4815e-01 4.2105e-01 5.1515e-01 4.1667e-02 3.0769e-01 2.4242e-01 4.5455e-02 4.1667e-01 2.5000e-01 2.3077e-01 1.6000e-01 1.8182e-01 2.9630e-01 3.0435e-01 1.1538e-01 2.3529e-01 5.0000e-01 2.0690e-01 4.7059e-01 3.0000e-01 8.3333e-02 4.6667e-01 4.5455e-01 1.1111e-01 5.2174e-01 6.5217e-01 2.6087e-01 1.3333e-01 2.5000e-01 4.2105e-01 1.2500e-01 5.0000e-01 2.7778e-01 1.3636e-01 2.0690e-01 1.4286e-01 5.5556e-01
8.3333e-02 1.0526e-01 2.1053e-01 4.1667e-01 3.3333e-01 5.3333e-01 6.3333e-01 4.7619e-02 1.4286e-01 1.3793e-01 3.4615e-01 1.6667e-01 9.5238e-02 1.8182e-01 4.7059e-01 3.6364e-01 1.2500e-01 2.0000e-01 0.0000e+00 2.0000e-01 1.3043e-01 1.3333e-01 3.3333e-01 4.3590e-01 0.0000e+00 1.1111e-01 6.6667e-01 3.5294e-01 1.9048e-01 6.8182e-01 2.0000e-01 1.0714e-01 2.8571e-01 1.3333e-01 1.5000e-01 9.5238e-02 1.6667e-01 2.0833e-01 2.8571e-01 4.0000e-01 1.3793e-01 3.4615e-01 1.3636e-01 4.6429e-01 3.7931e-01 1.2500e-01 5.1724e-01 4.0000e-01 4.0000e-02 1.1538e-01
7.4074e-02 0.0000e+00 4.1667e-02 0.0000e+00 1.5000e-01 6.8966e-02 0.0000e+00 3.7931e-01 3.7500e-01 7.4074e-02 0.0000e+00 2.2222e-01 5.8824e-02 9.5238e-02 2.1875e-01 1.4815e-01 3.4483e-02 0.0000e+00 3.2258e-02 1.1111e-01 1.5000e-01 1.3636e-01 0.0000e+00 4.1667e-02 0.0000e+00 4.0000e-02 0.0000e+00 0.0000e+00 2.0833e-01 3.1818e-01 1.7857e-01 1.4286e-01 0.0000e+00 0.0000e+00 1.3793e-01 9.5238e-02 0.0000e+00 1.3043e-01 1.3043e-01 0.0000e+00 0.0000e+00 3.5714e-02 3.0769e-01 4.1667e-02 6.6667e-02 1.6667e-01 0.0000e+00 1.2000e-01 1.7391e-01 7.1429e-02
5.4545e-01 1.0714e-01 1.2500e-01 7.0833e-01 3.3333e-01 1.8182e-01 6.0714e-01 1.4286e-01 5.5556e-01 3.2143e-01 5.5882e-01 3.3333e-01 3.9130e-01 4.2857e-01 5.0000e-01 5.6522e-01 2.3529e-01 1.3636e-01 3.3333e-01 4.5455e-02 6.0000e-01 7.3913e-01 3.7037e-01 3.7500e-01 2.0690e-01 2.2727e-01 5.2174e-01 1.5152e-01 2.6667e-01 6.2500e-01 1.9355e-01 7.2414e-01 9.5238e-02 2.8000e-01 6.0000e-01 3.6111e-01 2.5000e-01 1.9048e-01 9.0909e-01 4.4444e-01 5.4545e-01 2.3077e-01 7.2000e-01 3.7500e-01 2.3077e-01 3.0769e-01 4.2857e-01 2.0833e-01 3.8095e-01 2.3077e-01
2.1739e-01 1.1765e-01 1.8182e-01 1.2500e-01 2.0000e-01 4.7368e-01 2.0690e-01 1.0526e-01 5.2632e-02 2.6316e-01 2.1739e-01 3.1250e-01 5.5556e-02 2.5000e-01 5.3571e-01 2.0833e-01 1.8182e-01 1.6000e-01 3.5000e-01 2.1739e-01 1.0000e-01 2.3077e-01 8.8235e-02 1.7857e-01 2.0000e-01 2.1739e-01 2.3810e-01 1.3636e-01 2.7586e-01 5.7143e-01 9.5238e-02 1.3043e-01 2.1429e-01 1.3043e-01 4.3478e-01 2.8000e-01 8.3333e-02 6.2069e-01 6.2069e-01 1.0526e-01 2.6667e-01 1.7391e-01 5.2000e-01 2.8125e-01 0.0000e+00 1.5000e-01 2.2727e-01 1.3043e-01 1.3043e-01 1.4815e-01
3.3333e-01 3.7500e-01 1.1111e-01 3.8095e-01 5.5556e-01 4.2857e-01 1.0000e+00 2.7778e-01 2.3077e-01 9.4444e-01 9.5238e-02 3.2143e-01 4.0909e-01 5.0000e-02 3.4615e-01 2.9167e-01 0.0000e+00 1.6667e-01 3.5714e-02 5.7143e-01 4.5833e-01 3.6000e-01 2.9032e-01 2.6087e-01 1.0526e-01 3.6667e-01 3.7037e-01 3.6364e-01 5.9091e-01 7.1429e-01 3.6000e-01 2.9412e-01 6.8182e-01 6.6667e-01 7.2727e-01 6.7742e-01 4.7619e-02 3.7838e-01 4.4828e-01 1.9355e-01 8.0000e-02 3.8095e-01 7.6190e-01 5.2000e-01 5.8824e-01 3.4483e-01 5.3571e-01 1.8182e-01 1.7391e-01 2.2727e-01
