3.5000e+01 6.0000e+00 4.0000e+00 9.0000e+01 4.5000e+01 4.9000e+01 6.0000e+00 1.0000e+01 4.6180e+03 5.1740e+03
5.0000e+00 8.0000e+00 6.0000e+00 4.9190e+03 9.4000e+01 1.1000e+01 4.7000e+01 1.0000e+01 7.0000e+00 4.5020e+03
1.9630e+03 1.2000e+01 4.0000e+00 4.0000e+01 7.4470e+03 3.6000e+01 5.6100e+02 9.9500e+02 3.0000e+01 4.4000e+01
7.0000e+00 9.0000e+00 1.9000e+01 2.0000e+00 3.6700e+02 9.7280e+03 8.0000e+00 2.9000e+01 2.2000e+01 1.7000e+01
8.0000e+00 7.0000e+00 8.8930e+03 2.1800e+02 4.2000e+01 1.9000e+01 8.0000e+00 1.4600e+02 1.6000e+01 1.4000e+01
5.2000e+01 1.4000e+01 6.0000e+00 1.2000e+01 5.9000e+01 1.3000e+01 9.2830e+03 7.2000e+01 7.0000e+00 3.9000e+01
7.8780e+03 1.7000e+01 1.7000e+01 1.9000e+01 1.8590e+03 3.6000e+01 2.2000e+01 2.4000e+01 4.5000e+01 1.1700e+02
2.8000e+01 8.7900e+02 8.9400e+02 1.1000e+01 1.0000e+01 1.7000e+01 3.7000e+01 8.7050e+03 4.1000e+01 7.0000e+00
1.8000e+01 3.0000e+01 1.3000e+01 4.7440e+03 1.9800e+02 1.0000e+01 1.4000e+01 2.4100e+02 5.0720e+03 4.7000e+01
7.0000e+00 8.8970e+03 6.0000e+00 1.6000e+01 1.6000e+01 1.7000e+01 9.0000e+00 2.2000e+01 3.4000e+01 1.2000e+01
