8.5714e-01 1.6667e-01 0.0000e+00 7.4444e-01 4.6667e-01 5.9184e-01 1.6667e-01 1.0000e-01 8.9996e-01 9.7062e-01
0.0000e+00 2.5000e-01 1.6667e-01 9.9715e-01 5.7447e-01 1.8182e-01 7.8723e-01 1.0000e-01 0.0000e+00 9.6268e-01
9.7708e-01 4.1667e-01 0.0000e+00 6.0000e-01 7.8837e-01 5.2778e-01 9.7504e-01 8.0000e-01 4.6667e-01 6.1364e-01
7.1429e-01 6.6667e-01 9.4737e-01 1.0000e+00 7.4387e-01 9.7677e-01 2.5000e-01 4.8276e-01 4.5455e-01 8.2353e-01
0.0000e+00 0.0000e+00 8.8182e-01 7.0183e-01 3.3333e-01 2.6316e-01 0.0000e+00 5.6849e-01 1.8750e-01 2.1429e-01
6.5385e-01 4.2857e-01 1.6667e-01 2.5000e-01 4.9153e-01 2.3077e-01 9.6887e-01 5.8333e-01 0.0000e+00 5.8974e-01
8.2356e-01 2.9412e-01 2.9412e-01 2.6316e-01 6.3798e-01 3.8889e-01 3.1818e-01 2.5000e-01 4.2222e-01 6.1538e-01
5.0000e-01 9.7270e-01 9.5638e-01 1.8182e-01 0.0000e+00 2.9412e-01 5.6757e-01 8.2275e-01 5.1220e-01 0.0000e+00
2.2222e-01 4.0000e-01 1.5385e-01 7.6686e-01 4.8990e-01 0.0000e+00 1.4286e-01 5.5602e-01 7.1550e-01 4.4681e-01
0.0000e+00 9.9550e-01 0.0000e+00 3.7500e-01 1.8750e-01 2.9412e-01 1.1111e-01 3.1818e-01 4.7059e-01 2.5000e-01
