2.1000e+01 7.0000e+00 1.1000e+01 3.5000e+01 1.8000e+01 7.1000e+01 8.5400e+02 9.0000e+00 1.4000e+01 1.2000e+01 2.4000e+01 9.0000e+00 8.0000e+00 9.0000e+00 1.2000e+01 2.6000e+01 2.2000e+01 9.0000e+00 9.0000e+00 9.0000e+00 1.5000e+01 7.0000e+00 8.0000e+00 1.0000e+01 7.0000e+00 9.0000e+00 1.5000e+01 7.0000e+00 2.4000e+01 1.8000e+01 1.8000e+01 1.2000e+01 1.2000e+01 2.1000e+01 2.9000e+01 4.4000e+01 7.0000e+00 4.2000e+01 8.6600e+02 5.9000e+01 9.0000e+00 7.0000e+00 4.6000e+01 7.0000e+00 3.1000e+01 2.1000e+01 2.5000e+01 2.8000e+01 1.0000e+01 9.0000e+00
1.2000e+01 9.0000e+00 7.0000e+00 7.2000e+01 2.0000e+01 4.4000e+01 9.0000e+00 1.7000e+01 1.0000e+01 2.0000e+01 1.1000e+01 2.7000e+01 1.0000e+01 7.0000e+00 1.7000e+01 5.0000e+01 6.7000e+01 1.5000e+01 7.0000e+00 7.0000e+00 2.2000e+01 2.1000e+01 1.0000e+01 2.2000e+01 9.0000e+00 2.2000e+01 2.4000e+01 7.0000e+00 1.9000e+01 1.6900e+02 1.0000e+01 6.6800e+02 2.9000e+01 7.0000e+00 5.9470e+03 9.0000e+00 1.4000e+01 5.7000e+01 5.0750e+03 1.0000e+01 7.0000e+00 1.1000e+01 2.4700e+02 9.0000e+00 9.8000e+01 2.1000e+01 9.0000e+00 1.2000e+01 1.2000e+01 7.0000e+00
1.2000e+01 9.0000e+00 7.0000e+00 1.4000e+01 8.0000e+00 3.0000e+01 2.8000e+01 9.0000e+00 9.0000e+00 1.6000e+01 1.1000e+01 7.0000e+00 8.0000e+00 7.0000e+00 7.0000e+00 1.5000e+01 1.3000e+01 9.0000e+00 1.2000e+01 7.0000e+00 9.0000e+00 4.4000e+01 1.5000e+01 2.2000e+01 7.0000e+00 1.4000e+01 7.0000e+00 7.0000e+00 1.2000e+01 7.6000e+01 1.0000e+01 7.0000e+00 8.0000e+00 7.0000e+00 0.0000e+00 1.0000e+01 7.0000e+00 3.0000e+01 0.0000e+00 1.8000e+01 7.0000e+00 7.0000e+00 2.8000e+01 1.1000e+01 9.0000e+00 9.0000e+00 1.4000e+01 9.0000e+00 7.0000e+00 1.0000e+01
9.0000e+00 7.0000e+00 7.0000e+00 1.0000e+01 8.0000e+00 7.0000e+00 6.9000e+01 7.0000e+00 1.2000e+01 8.0000e+00 7.0000e+00 7.0000e+00 8.0000e+00 9.0000e+00 1.2000e+01 1.8000e+01 1.1000e+01 1.1000e+01 7.0000e+00 9.0000e+00 7.0000e+00 1.3000e+01 1.7000e+01 8.0000e+00 7.0000e+00 7.0000e+00 1.2000e+01 7.0000e+00 8.0000e+00 2.1000e+01 7.0000e+00 1.0000e+01 1.0000e+01 7.0000e+00 0.0000e+00 9.0000e+00 9.0000e+00 7.0000e+00 0.0000e+00 1.8000e+01 7.0000e+00 7.0000e+00 1.7000e+01 7.0000e+00 7.0000e+00 7.0000e+00 7.0000e+00 1.0000e+01 9.0000e+00 7.0000e+00
1.2000e+01 1.0000e+01 7.0000e+00 1.0000e+01 2.0000e+01 1.4000e+01 5.1150e+03 7.0000e+00 9.0000e+00 1.4000e+01 2.1000e+01 1.4000e+01 8.0000e+00 9.0000e+00 1.5000e+01 1.2000e+01 9.0000e+00 9.0000e+00 7.0000e+00 7.0000e+00 1.0000e+01 1.3000e+01 1.2000e+01 8.0000e+00 1.1000e+01 1.0000e+01 1.4000e+01 1.0000e+01 3.5100e+02 3.0000e+01 9.0000e+00 1.0000e+01 1.5000e+01 1.4000e+01 0.0000e+00 1.0000e+01 9.0000e+00 1.2000e+01 0.0000e+00 1.3000e+01 7.0000e+00 1.2000e+01 2.1000e+01 1.3000e+01 1.0000e+01 7.0000e+00 9.0000e+00 9.0000e+00 7.0000e+00 9.0000e+00
1.5000e+01 7.0000e+00 7.0000e+00 1.5000e+01 8.0000e+00 7.0000e+00 0.0000e+00 7.0000e+00 7.0000e+00 1.4000e+01 1.1000e+01 9.0000e+00 8.0000e+00 7.0000e+00 7.0000e+00 1.5000e+01 9.0000e+00 7.0000e+00 7.0000e+00 7.0000e+00 9.0000e+00 9.0000e+00 1.2000e+01 8.0000e+00 9.0000e+00 7.0000e+00 7.0000e+00 9.0000e+00 8.0000e+00 1.9000e+01 9.0000e+00 1.5000e+01 1.0000e+01 7.0000e+00 0.0000e+00 1.5000e+01 7.0000e+00 1.0000e+01 0.0000e+00 4.9700e+02 9.0000e+00 7.0000e+00 1.4000e+01 7.0000e+00 2.2000e+01 9.0000e+00 1.5000e+01 1.0000e+01 1.0000e+01 7.0000e+00
1.2000e+01 7.0000e+00 9.0000e+00 8.0000e+00 8.0000e+00 1.7000e+01 0.0000e+00 7.0000e+00 7.0000e+00 8.0000e+00 1.8000e+01 7.0000e+00 8.0000e+00 7.0000e+00 7.0000e+00 9.0000e+00 9.0000e+00 7.0000e+00 7.0000e+00 7.0000e+00 7.0000e+00 7.0000e+00 1.2000e+01 8.0000e+00 7.0000e+00 7.0000e+00 7.0000e+00 7.0000e+00 1.2000e+01 9.0000e+00 9.0000e+00 7.0000e+00 8.0000e+00 1.0000e+01 0.0000e+00 7.0000e+00 7.0000e+00 9.0000e+00 0.0000e+00 1.3000e+01 7.0000e+00 7.0000e+00 1.1000e+01 7.0000e+00 7.0000e+00 1.9000e+01 9.0000e+00 1.2000e+01 7.0000e+00 7.0000e+00
7.0000e+00 7.0000e+00 1.1000e+01 1.4000e+01 8.0000e+00 1.0000e+01 0.0000e+00 9.0000e+00 7.0000e+00 1.0000e+01 7.0000e+00 9.0000e+00 1.0000e+01 9.0000e+00 9.0000e+00 2.1000e+01 1.1000e+01 1.1000e+01 9.0000e+00 7.0000e+00 7.0000e+00 7.0000e+00 1.0000e+01 8.0000e+00 7.0000e+00 7.0000e+00 7.0000e+00 7.0000e+00 8.0000e+00 1.2000e+01 9.0000e+00 1.0000e+01 1.0000e+01 7.0000e+00 0.0000e+00 7.0000e+00 9.0000e+00 1.4000e+01 0.0000e+00 8.0000e+00 9.0000e+00 7.0000e+00 1.1000e+01 7.0000e+00 9.0000e+00 7.0000e+00 7.0000e+00 9.0000e+00 7.0000e+00 7.0000e+00
1.1000e+01 9.0000e+00 7.0000e+00 8.0000e+00 1.7000e+01 7.0000e+00 0.0000e+00 1.3000e+01 9.0000e+00 1.2000e+01 9.0000e+00 1.1000e+01 1.0000e+01 1.1000e+01 1.2000e+01 2.4000e+01 1.3000e+01 7.0000e+00 1.0000e+01 7.0000e+00 7.0000e+00 1.3000e+01 1.0000e+01 1.1000e+01 1.7000e+01 1.0000e+01 7.0000e+00 9.0000e+00 8.0000e+00 1.4000e+01 7.0000e+00 7.0000e+00 8.0000e+00 1.8000e+01 0.0000e+00 1.2000e+01 9.0000e+00 1.2000e+01 0.0000e+00 8.0000e+00 7.0000e+00 7.0000e+00 7.0000e+00 1.1000e+01 2.5000e+01 1.1000e+01 1.5000e+01 9.0000e+00 1.2000e+01 9.0000e+00
1.1000e+01 9.0000e+00 7.0000e+00 8.0000e+00 1.0300e+02 1.0000e+01 0.0000e+00 1.3000e+01 1.2000e+01 1.0000e+01 1.2000e+01 9.0000e+00 1.7000e+01 7.0000e+00 7.0000e+00 1.5000e+01 9.0000e+00 1.5000e+01 9.0000e+00 1.5000e+01 1.4000e+01 4.0000e+01 1.5000e+01 1.6000e+01 7.0000e+00 1.2000e+01 1.4000e+01 1.2000e+01 1.1000e+01 9.0000e+00 7.0000e+00 1.0000e+01 1.5000e+01 9.0000e+00 0.0000e+00 2.8000e+01 7.0000e+00 9.0000e+00 0.0000e+00 1.1000e+01 1.0000e+01 1.1000e+01 1.7000e+01 1.1000e+01 9.0000e+00 7.0000e+00 7.0000e+00 1.4000e+01 9.0000e+00 9.0000e+00
6.2300e+02 7.0000e+00 2.3000e+01 4.4100e+02 1.3000e+01 9.0000e+00 0.0000e+00 7.0000e+00 2.4000e+01 2.7000e+01 9.0000e+00 9.0000e+00 1.2000e+01 1.6000e+01 5.1900e+02 7.2000e+01 2.3000e+01 1.8000e+01 2.8000e+01 9.0000e+00 3.5000e+01 3.1900e+02 1.7000e+01 9.1600e+02 4.6000e+01 1.4000e+01 7.4000e+01 1.8000e+01 1.4000e+01 1.8000e+01 9.3000e+01 9.9000e+01 2.4000e+01 4.4000e+01 0.0000e+00 6.1000e+01 1.1000e+01 3.5000e+01 0.0000e+00 2.6400e+02 7.0000e+00 2.5300e+02 6.6000e+01 8.2000e+01 4.7000e+01 4.5000e+01 2.2000e+01 1.0600e+02 3.0000e+01 1.0000e+01
1.1000e+01 7.0000e+00 9.0000e+00 8.0000e+00 1.0000e+01 6.5000e+01 0.0000e+00 7.0000e+00 7.0000e+00 1.2000e+01 9.0000e+00 1.2000e+01 1.3000e+01 7.0000e+00 1.2000e+01 4.3000e+01 1.3000e+01 9.0000e+00 9.0000e+00 7.0000e+00 9.0000e+00 1.9000e+01 1.8000e+01 1.0000e+01 1.4000e+01 1.0000e+01 1.4000e+01 7.0000e+00 3.2000e+01 1.4000e+01 1.5000e+01 9.0000e+00 8.0000e+00 7.0000e+00 0.0000e+00 1.2000e+01 7.0000e+00 3.1000e+01 0.0000e+00 1.0000e+01 7.0000e+00 1.2000e+01 7.0000e+00 9.0000e+00 7.0000e+00 1.8000e+01 1.2000e+01 1.2000e+01 1.5000e+01 1.8000e+01
1.5500e+02 4.9000e+01 7.2000e+01 3.6000e+01 1.0200e+02 2.1600e+02 0.0000e+00 6.1000e+01 2.6000e+01 3.1600e+02 2.8000e+01 5.3000e+01 6.0000e+01 1.5300e+02 4.0000e+01 2.2000e+01 1.5100e+02 2.6000e+01 1.3600e+02 1.7200e+02 1.2000e+01 3.3000e+01 6.7000e+01 7.4000e+01 2.6200e+02 1.4600e+02 2.2000e+01 2.8000e+01 4.2000e+01 4.7000e+01 1.8600e+02 2.4800e+02 7.7000e+01 2.1000e+01 0.0000e+00 2.4000e+01 1.1700e+02 1.2300e+02 0.0000e+00 2.1200e+02 5.5000e+01 2.6800e+02 2.1000e+01 2.1200e+02 1.7000e+01 4.3000e+01 8.1000e+01 1.4000e+01 1.2000e+02 1.3200e+02
1.1000e+01 7.0000e+00 1.2000e+01 3.6000e+01 2.0000e+01 1.7000e+01 0.0000e+00 9.0000e+00 9.0000e+00 3.4000e+01 9.0000e+00 1.8000e+01 8.0000e+00 1.4000e+01 1.7000e+01 1.4000e+01 1.3000e+01 1.2000e+01 7.0000e+00 1.2000e+01 9.0000e+00 1.4800e+02 1.2000e+01 1.0000e+01 1.3000e+01 1.0000e+01 9.0000e+00 7.0000e+00 1.8000e+01 3.3000e+01 7.0000e+00 9.0000e+00 2.3000e+01 7.0000e+00 0.0000e+00 1.7000e+01 7.0000e+00 6.3000e+01 0.0000e+00 5.2000e+01 7.0000e+00 7.0000e+00 3.1000e+01 7.0000e+00 1.9000e+01 4.1000e+01 9.0000e+00 1.9000e+01 7.0000e+00 7.0000e+00
1.2000e+01 7.0000e+00 1.9000e+01 2.3000e+01 1.3000e+01 1.2000e+01 0.0000e+00 9.0000e+00 1.0000e+01 8.0000e+00 2.5000e+01 9.0000e+00 2.9000e+01 3.0000e+01 9.0000e+00 9.0000e+00 1.5000e+01 7.0000e+00 7.0000e+00 1.9000e+01 7.0000e+00 7.0000e+00 2.0000e+01 2.1000e+01 7.0000e+00 1.5000e+01 1.2000e+01 1.2000e+01 1.6000e+01 1.2000e+01 1.0000e+01 1.5000e+01 1.2000e+01 9.0000e+00 0.0000e+00 1.4000e+01 9.0000e+00 1.0000e+01 0.0000e+00 8.0000e+00 9.0000e+00 1.2000e+01 3.6000e+01 1.4000e+01 7.3000e+01 9.0000e+00 1.2000e+01 1.5000e+01 2.9000e+01 7.0000e+00
7.0000e+00 7.0000e+00 9.0000e+00 1.4000e+01 1.3000e+01 1.2000e+01 0.0000e+00 9.0000e+00 9.0000e+00 8.0000e+00 9.0000e+00 1.2000e+01 1.0000e+01 9.0000e+00 3.8000e+01 1.2000e+01 9.0000e+00 9.0000e+00 7.0000e+00 9.0000e+00 2.2000e+01 1.5000e+01 1.2000e+01 1.1000e+01 1.1000e+01 9.0000e+00 1.0000e+01 9.0000e+00 8.0000e+00 1.0000e+01 7.0000e+00 9.0000e+00 1.0000e+01 3.0000e+01 0.0000e+00 1.5000e+01 7.0000e+00 1.3200e+02 0.0000e+00 1.0000e+01 7.0000e+00 9.0000e+00 5.5000e+01 1.1000e+01 4.8000e+01 7.0000e+00 7.0000e+00 8.3000e+01 7.0000e+00 9.0000e+00
9.0000e+00 7.0000e+00 7.0000e+00 1.2000e+01 1.0000e+01 9.0000e+00 0.0000e+00 9.0000e+00 7.0000e+00 1.0000e+01 2.1000e+01 7.0000e+00 1.3000e+01 7.0000e+00 1.2000e+01 7.0000e+00 1.5000e+01 7.0000e+00 7.0000e+00 9.0000e+00 1.0000e+01 7.0000e+00 8.0000e+00 1.3000e+01 9.0000e+00 7.0000e+00 7.0000e+00 1.0000e+01 1.4000e+01 9.0000e+00 7.0000e+00 1.0000e+01 8.0000e+00 7.0000e+00 0.0000e+00 1.0000e+01 7.0000e+00 7.0000e+00 0.0000e+00 8.0000e+00 7.0000e+00 7.0000e+00 7.0000e+00 9.0000e+00 7.0000e+00 1.3000e+01 9.0000e+00 1.2000e+01 1.0000e+01 7.0000e+00
3.3000e+01 4.0300e+02 7.0000e+00 5.1000e+01 1.0500e+02 3.4000e+01 0.0000e+00 2.1000e+02 1.0000e+01 8.0000e+00 4.5000e+01 2.8000e+01 1.0000e+01 5.6000e+01 1.0000e+01 1.4800e+02 3.7000e+01 9.0000e+00 1.2000e+01 7.0000e+00 1.8000e+01 1.3000e+01 8.0000e+00 1.1000e+01 8.4000e+01 2.5000e+01 1.8000e+01 1.9000e+01 1.6000e+01 1.2000e+01 7.0000e+00 9.0000e+00 1.2000e+01 2.1000e+01 0.0000e+00 9.8000e+01 1.8600e+02 7.0000e+00 0.0000e+00 1.1000e+01 7.0000e+00 9.0000e+00 1.6400e+02 7.0000e+00 5.4610e+03 3.5000e+01 7.0000e+00 3.5000e+01 2.4000e+01 3.5000e+01
1.4000e+01 1.0000e+01 7.0000e+00 1.5000e+01 1.3000e+01 1.0000e+01 0.0000e+00 7.0000e+00 7.0000e+00 8.0000e+00 1.1000e+01 7.0000e+00 8.0000e+00 7.0000e+00 9.0000e+00 2.6000e+01 1.5000e+01 7.0000e+00 7.0000e+00 7.0000e+00 7.0000e+00 9.0000e+00 8.0000e+00 1.1000e+01 7.0000e+00 9.0000e+00 9.0000e+00 9.0000e+00 1.4000e+01 1.5000e+01 7.0000e+00 7.0000e+00 8.0000e+00 7.0000e+00 0.0000e+00 9.0000e+00 7.0000e+00 7.0000e+00 0.0000e+00 8.0000e+00 7.0000e+00 9.0000e+00 1.6000e+01 7.0000e+00 0.0000e+00 1.3000e+01 7.0000e+00 7.0000e+00 7.0000e+00 7.0000e+00
1.8000e+01 7.0000e+00 7.0000e+00 1.2000e+01 1.0000e+01 1.0000e+01 0.0000e+00 9.0000e+00 7.0000e+00 8.0000e+00 9.0000e+00 7.0000e+00 8.0000e+00 7.0000e+00 9.0000e+00 1.2000e+01 9.0000e+00 7.0000e+00 7.0000e+00 7.0000e+00 9.0000e+00 7.0000e+00 8.0000e+00 1.9000e+01 7.0000e+00 9.0000e+00 7.0000e+00 7.0000e+00 8.0000e+00 1.9000e+01 9.0000e+00 7.0000e+00 8.0000e+00 9.0000e+00 0.0000e+00 9.0000e+00 1.1000e+01 7.0000e+00 0.0000e+00 1.1000e+01 7.0000e+00 7.0000e+00 1.2000e+01 2.5000e+01 0.0000e+00 7.0000e+00 7.0000e+00 7.0000e+00 7.0000e+00 7.0000e+00
9.0000e+00 7.0000e+00 7.0000e+00 1.4000e+01 1.2000e+01 4.2000e+01 0.0000e+00 7.0000e+00 7.0000e+00 1.2000e+01 2.4000e+01 7.0000e+00 8.0000e+00 7.0000e+00 7.0000e+00 1.7200e+02 1.1000e+01 9.0000e+00 1.0000e+01 7.0000e+00 2.1000e+01 9.0000e+00 1.2000e+01 8.0000e+00 9.0000e+00 9.0000e+00 7.0000e+00 7.0000e+00 1.2000e+01 9.0000e+00 7.0000e+00 7.0000e+00 1.5000e+01 9.0000e+00 0.0000e+00 1.9000e+01 1.1000e+01 1.0000e+01 0.0000e+00 8.0000e+00 1.4000e+01 7.0000e+00 3.1000e+01 2.0000e+01 0.0000e+00 1.1000e+01 1.8000e+01 9.0000e+00 7.0000e+00 9.8000e+01
1.5000e+01 7.0000e+00 7.0000e+00 3.2000e+01 4.2000e+01 1.0000e+01 0.0000e+00 1.6000e+01 7.0000e+00 1.2000e+01 1.1000e+01 9.0000e+00 8.0000e+00 7.0000e+00 1.5000e+01 2.6000e+01 9.0000e+00 1.4000e+01 7.0000e+00 7.0000e+00 7.0000e+00 1.6000e+01 1.5000e+01 1.3000e+01 7.0000e+00 9.0000e+00 1.8000e+01 7.0000e+00 1.2000e+01 1.0000e+01 7.0000e+00 1.0000e+01 1.0000e+01 5.8080e+03 0.0000e+00 1.2000e+01 9.0000e+00 5.0000e+01 0.0000e+00 1.3000e+01 1.2000e+01 7.0000e+00 1.2000e+01 7.0000e+00 0.0000e+00 9.0000e+00 9.0000e+00 1.0000e+01 7.0000e+00 9.0000e+00
2.0000e+01 9.0000e+00 1.7000e+01 3.9000e+01 6.3000e+01 2.6000e+01 0.0000e+00 9.0000e+00 1.5000e+01 1.0000e+01 1.1000e+01 1.1000e+01 8.0000e+00 1.3000e+01 1.4000e+01 2.5000e+01 5.0000e+01 9.0000e+00 1.0000e+01 7.0000e+00 1.2000e+01 1.1000e+01 4.2000e+01 1.9000e+01 7.0000e+00 1.2000e+01 1.2000e+01 2.5000e+01 2.6000e+01 4.8000e+01 9.0000e+00 1.1300e+02 3.3000e+01 0.0000e+00 0.0000e+00 2.6000e+01 1.3000e+01 9.7000e+01 0.0000e+00 3.5000e+01 1.0000e+01 9.0000e+00 6.0000e+01 1.3000e+01 0.0000e+00 7.0000e+00 1.0000e+01 1.9000e+01 7.0000e+00 9.0000e+00
7.0000e+00 7.0000e+00 7.0000e+00 1.0000e+01 8.0000e+00 5.3000e+01 0.0000e+00 1.6000e+01 1.8000e+01 8.0000e+00 1.2000e+01 7.0000e+00 8.0000e+00 7.0000e+00 4.3000e+01 9.0000e+00 2.5000e+01 7.0000e+00 1.5000e+01 4.2000e+01 1.2000e+01 9.0000e+01 6.6000e+01 1.0000e+01 9.0000e+00 5.6000e+01 1.0000e+01 2.2000e+01 8.0000e+00 9.0000e+00 3.0000e+01 7.0000e+00 1.0000e+01 0.0000e+00 0.0000e+00 8.6000e+01 1.1000e+01 7.0000e+00 0.0000e+00 1.6000e+01 7.0000e+00 7.0000e+00 7.0000e+00 7.0000e+00 0.0000e+00 7.0000e+00 7.5000e+01 9.0000e+00 2.1000e+01 1.7000e+01
9.0000e+00 7.0000e+00 7.0000e+00 8.0000e+00 5.0000e+01 1.2000e+01 0.0000e+00 7.0000e+00 7.0000e+00 1.9000e+01 7.0000e+00 1.2000e+01 8.0000e+00 1.7000e+01 1.5000e+01 1.2000e+01 9.0000e+00 7.0000e+00 7.0000e+00 7.0000e+00 9.0000e+00 1.9000e+01 8.0000e+00 1.5000e+01 7.0000e+00 7.0000e+00 1.4000e+01 3.4000e+01 8.0000e+00 1.0000e+01 7.0000e+00 7.0000e+00 1.2000e+01 0.0000e+00 0.0000e+00 7.0000e+00 7.0000e+00 5.2280e+03 0.0000e+00 8.0000e+00 9.0000e+00 1.2000e+01 2.7000e+01 9.0000e+00 0.0000e+00 1.4000e+01 2.6000e+01 1.0000e+01 7.0000e+00 7.0000e+00
1.3800e+02 7.0000e+00 1.1000e+01 5.9000e+01 3.8800e+02 4.9000e+01 0.0000e+00 2.3000e+01 1.4000e+01 7.4000e+01 7.0000e+00 7.9000e+01 1.3000e+01 9.0000e+00 2.6000e+01 2.4000e+01 2.2000e+01 9.0000e+00 1.0000e+01 1.2000e+01 1.2000e+01 1.3000e+01 1.5000e+01 5.1000e+01 1.7000e+01 1.4000e+01 1.0000e+01 1.7000e+01 2.1000e+01 2.5000e+01 7.0000e+00 1.0000e+01 1.0000e+01 0.0000e+00 0.0000e+00 2.6000e+01 9.0000e+00 0.0000e+00 0.0000e+00 1.0900e+02 1.0000e+01 7.0000e+00 5.5000e+01 1.4000e+01 0.0000e+00 1.7600e+02 1.0000e+01 7.4000e+01 3.8000e+01 1.5000e+01
1.1000e+01 9.0000e+00 7.0000e+00 8.0000e+00 1.0000e+01 2.5000e+01 0.0000e+00 7.0000e+00 7.0000e+00 8.0000e+00 9.0000e+00 7.0000e+00 1.0000e+01 7.0000e+00 3.0000e+01 1.4000e+01 9.0000e+00 7.0000e+00 9.0000e+00 7.0000e+00 7.0000e+00 7.0000e+00 8.0000e+00 8.0000e+00 7.0000e+00 7.0000e+00 7.0000e+00 7.0000e+00 1.9000e+01 1.7000e+01 9.0000e+00 7.0000e+00 8.0000e+00 0.0000e+00 0.0000e+00 9.0000e+00 7.0000e+00 0.0000e+00 0.0000e+00 8.0000e+00 7.0000e+00 7.0000e+00 1.7000e+01 7.0000e+00 0.0000e+00 1.1000e+01 9.0000e+00 7.0000e+00 9.0000e+00 7.0000e+00
1.2000e+01 7.0000e+00 7.0000e+00 1.0000e+01 1.2000e+01 7.0000e+00 0.0000e+00 7.0000e+00 9.0000e+00 1.4000e+01 1.8000e+01 9.0000e+00 8.0000e+00 9.0000e+00 7.0000e+00 7.0000e+00 1.1000e+01 7.0000e+00 1.0000e+01 1.5000e+01 1.0000e+01 1.1000e+01 8.0000e+00 8.0000e+00 1.1000e+01 9.0000e+00 7.0000e+00 1.7000e+01 1.1000e+01 1.5000e+01 1.0000e+01 7.0000e+00 8.0000e+00 0.0000e+00 0.0000e+00 7.0000e+00 7.0000e+00 0.0000e+00 0.0000e+00 8.0000e+00 1.0000e+01 2.1000e+01 1.2000e+01 1.1000e+01 0.0000e+00 3.7000e+01 1.0000e+01 9.0000e+00 9.0000e+00 7.0000e+00
3.3000e+01 1.0000e+01 4.1000e+01 7.6000e+01 4.3000e+01 4.7000e+01 0.0000e+00 1.4000e+01 1.2000e+01 3.8000e+01 2.0000e+01 3.5000e+01 2.6000e+01 1.1000e+01 2.6000e+01 1.4000e+01 4.6000e+01 2.1000e+01 1.2000e+01 2.2000e+01 1.7000e+01 2.8000e+01 1.3000e+01 1.5000e+01 7.0000e+01 1.8000e+01 1.7000e+01 2.9000e+01 2.1000e+01 2.1000e+01 1.2000e+01 1.5000e+01 1.7000e+01 0.0000e+00 0.0000e+00 1.7000e+01 9.0000e+00 0.0000e+00 0.0000e+00 3.5000e+01 1.8000e+01 7.0000e+00 1.1000e+01 1.3000e+01 0.0000e+00 2.4000e+01 2.6000e+01 1.4000e+01 3.0000e+01 2.6000e+01
1.1000e+01 7.0000e+00 9.0000e+00 1.4000e+01 1.2000e+01 1.2000e+01 0.0000e+00 1.3000e+01 2.2000e+01 1.7000e+01 1.7000e+01 1.5000e+01 1.3000e+01 7.0000e+00 7.0000e+00 1.8000e+01 1.7000e+01 1.2000e+01 7.0000e+00 7.0000e+00 7.0000e+00 1.6000e+01 8.0000e+00 8.0000e+00 1.4000e+01 1.5000e+01 4.0000e+01 1.0000e+01 1.9000e+01 3.8000e+01 7.0000e+00 7.0000e+00 1.2000e+01 0.0000e+00 0.0000e+00 1.2000e+01 7.0000e+00 0.0000e+00 0.0000e+00 1.5000e+01 7.0000e+00 1.2000e+01 3.2000e+01 1.1000e+01 0.0000e+00 7.0000e+00 1.0000e+01 2.8000e+01 9.0000e+00 1.5000e+01
1.1000e+01 9.0000e+00 7.0000e+00 1.2000e+01 1.0000e+01 1.5000e+01 0.0000e+00 7.0000e+00 1.2000e+01 1.2500e+02 1.1840e+03 9.0000e+00 8.0000e+00 1.6000e+01 1.1200e+02 2.7900e+02 1.3000e+01 9.0000e+00 7.0000e+00 7.0000e+00 8.9000e+01 1.1000e+01 1.5000e+01 1.0000e+01 1.2300e+02 9.0000e+00 1.0000e+01 1.2000e+01 1.9000e+01 6.0000e+01 1.0000e+01 1.0000e+01 2.3000e+01 0.0000e+00 0.0000e+00 1.1100e+02 9.0000e+00 0.0000e+00 0.0000e+00 1.1000e+01 7.0000e+00 7.0000e+00 1.7300e+02 1.4000e+01 0.0000e+00 1.6000e+01 1.2900e+02 2.1000e+02 1.0000e+01 1.7000e+01
9.0000e+00 9.0000e+00 9.0000e+00 1.7000e+01 2.0000e+01 2.1000e+01 0.0000e+00 1.1000e+01 1.8000e+01 1.0000e+01 9.0000e+00 3.3000e+01 1.5000e+01 9.0000e+00 5.9000e+01 1.7500e+02 1.3000e+01 7.0000e+00 7.0000e+00 1.2000e+01 9.0000e+00 9.0000e+00 2.0000e+01 1.1000e+01 1.3000e+01 3.1000e+01 7.0000e+00 9.0000e+00 1.9000e+01 1.5700e+02 1.2000e+01 1.7000e+01 1.3000e+01 0.0000e+00 0.0000e+00 1.2000e+01 7.0000e+00 0.0000e+00 0.0000e+00 1.8000e+01 7.0000e+00 7.0000e+00 9.1000e+01 7.0000e+00 0.0000e+00 1.1000e+01 1.8000e+01 6.1000e+01 1.0000e+01 1.5000e+01
1.1000e+01 9.0000e+00 1.1000e+01 2.0000e+01 8.0000e+00 1.8000e+01 0.0000e+00 7.0000e+00 9.0000e+00 8.0000e+00 7.0000e+00 1.8000e+01 1.5000e+01 9.0000e+00 2.6000e+01 5.4000e+01 9.0000e+00 1.1000e+01 7.0000e+00 1.0000e+01 1.0000e+01 1.8000e+01 8.0000e+00 1.1000e+01 9.0000e+00 1.0000e+01 1.5000e+01 7.0000e+00 1.9000e+01 2.1000e+01 1.2000e+01 1.4000e+01 1.2000e+01 0.0000e+00 0.0000e+00 1.2000e+01 9.0000e+00 0.0000e+00 0.0000e+00 1.0000e+01 7.0000e+00 1.9000e+01 9.0000e+00 7.0000e+00 0.0000e+00 2.6000e+01 1.2000e+01 1.2000e+01 7.0000e+00 9.0000e+00
1.5000e+01 4.5000e+01 6.2000e+01 1.3600e+02 1.2400e+02 6.7000e+01 0.0000e+00 7.0600e+02 1.1500e+02 1.5700e+02 4.6000e+01 1.5000e+01 4.3400e+02 4.7000e+01 8.3000e+01 3.0700e+02 2.7000e+01 5.7000e+01 5.0000e+01 1.8000e+01 7.3000e+01 9.3000e+01 5.7000e+01 1.0700e+02 2.0000e+01 1.8000e+01 1.8000e+01 2.1000e+01 1.6400e+02 3.3000e+01 3.4000e+01 2.2000e+01 8.5000e+01 0.0000e+00 0.0000e+00 4.0000e+01 4.2000e+01 0.0000e+00 0.0000e+00 1.3900e+02 8.8000e+01 2.1000e+01 7.1000e+01 8.6000e+01 0.0000e+00 2.3900e+02 8.6000e+01 4.3000e+01 1.7000e+01 4.2000e+01
1.2000e+01 7.0000e+00 7.0000e+00 1.0000e+01 8.0000e+00 9.0000e+00 0.0000e+00 7.0000e+00 9.0000e+00 1.0000e+01 7.0000e+00 9.0000e+00 8.0000e+00 7.0000e+00 7.0000e+00 9.0000e+00 9.0000e+00 7.0000e+00 7.0000e+00 7.0000e+00 9.0000e+00 9.0000e+00 8.0000e+00 8.0000e+00 7.0000e+00 7.0000e+00 7.0000e+00 7.0000e+00 1.1000e+01 7.0000e+00 1.0000e+01 7.0000e+00 1.5000e+01 0.0000e+00 0.0000e+00 7.0000e+00 7.0000e+00 0.0000e+00 0.0000e+00 1.0000e+01 7.0000e+00 7.0000e+00 1.1000e+01 1.3000e+01 0.0000e+00 7.0000e+00 7.0000e+00 1.4000e+01 7.0000e+00 7.0000e+00
1.0400e+02 9.9000e+01 1.9100e+02 3.1700e+02 2.5780e+03 5.0720e+03 0.0000e+00 1.5200e+02 8.8000e+01 7.1900e+02 4.3200e+02 1.9370e+03 4.0400e+02 1.7500e+02 4.6880e+03 1.0200e+02 2.3540e+03 2.0200e+02 5.4390e+03 4.6200e+02 5.4170e+03 1.4200e+02 1.3130e+03 6.3800e+02 2.5100e+02 5.4530e+03 2.2900e+02 6.8000e+01 2.6840e+03 4.9600e+03 2.2400e+02 4.5130e+03 2.8200e+02 0.0000e+00 0.0000e+00 2.2200e+02 2.9320e+03 0.0000e+00 0.0000e+00 7.6000e+01 8.9000e+01 4.1410e+03 1.9300e+02 3.3600e+02 0.0000e+00 3.8200e+02 1.0400e+02 1.5000e+02 1.1400e+02 5.4350e+03
7.0000e+00 7.0000e+00 7.0000e+00 1.0000e+01 8.0000e+00 0.0000e+00 0.0000e+00 7.0000e+00 7.0000e+00 2.0000e+01 9.0000e+00 7.0000e+00 8.0000e+00 7.0000e+00 0.0000e+00 7.0000e+00 1.1000e+01 1.5000e+01 0.0000e+00 9.0000e+00 0.0000e+00 7.0000e+00 8.0000e+00 2.2000e+01 9.0000e+00 0.0000e+00 9.0000e+00 7.0000e+00 8.0000e+00 0.0000e+00 7.0000e+00 0.0000e+00 1.0000e+01 0.0000e+00 0.0000e+00 1.8000e+01 7.0000e+00 0.0000e+00 0.0000e+00 2.5000e+01 7.0000e+00 2.4000e+01 2.4000e+01 7.0000e+00 0.0000e+00 7.0000e+00 9.0000e+00 1.4000e+01 7.0000e+00 0.0000e+00
1.2000e+01 7.0000e+00 1.2000e+01 2.3000e+01 1.7000e+01 0.0000e+00 0.0000e+00 1.3000e+01 1.0000e+01 1.2000e+01 2.5000e+01 2.7000e+01 8.0000e+00 1.1000e+01 0.0000e+00 3.5000e+01 9.0000e+00 9.0000e+00 0.0000e+00 7.0000e+00 0.0000e+00 2.1000e+01 8.0000e+00 4.8000e+01 1.6000e+01 0.0000e+00 1.2000e+01 1.0000e+01 2.3000e+01 0.0000e+00 1.0000e+01 0.0000e+00 1.8000e+01 0.0000e+00 0.0000e+00 2.8000e+01 1.1000e+01 0.0000e+00 0.0000e+00 5.9000e+01 1.5000e+01 1.1000e+01 2.8100e+02 7.0000e+00 0.0000e+00 9.0000e+00 2.1000e+01 1.2000e+01 1.4000e+01 0.0000e+00
7.1000e+01 5.6800e+02 4.3400e+02 7.0000e+01 1.2000e+01 0.0000e+00 0.0000e+00 2.5000e+01 7.4000e+01 1.9400e+02 9.0000e+00 1.5000e+02 4.5000e+02 6.4000e+02 0.0000e+00 5.8300e+02 1.8000e+01 6.1300e+02 0.0000e+00 3.6400e+02 0.0000e+00 1.9000e+01 1.0000e+01 3.8200e+02 7.5200e+02 0.0000e+00 3.1000e+01 5.1000e+01 1.8000e+02 0.0000e+00 9.0000e+00 0.0000e+00 8.0000e+00 0.0000e+00 0.0000e+00 4.9270e+03 1.4000e+01 0.0000e+00 0.0000e+00 1.0000e+01 2.6000e+01 9.1000e+01 1.5000e+02 2.0000e+01 0.0000e+00 7.0000e+00 1.9400e+02 1.7700e+02 9.0000e+00 0.0000e+00
1.7300e+02 6.8000e+01 3.9380e+03 8.1700e+02 5.1000e+01 0.0000e+00 0.0000e+00 1.0500e+02 7.8000e+01 3.1400e+02 9.6000e+01 6.0000e+01 8.3000e+01 3.1600e+02 0.0000e+00 5.5000e+02 7.4300e+02 3.3500e+02 0.0000e+00 9.6000e+01 0.0000e+00 2.7900e+02 8.3000e+01 5.0500e+02 1.2000e+02 0.0000e+00 2.1500e+02 2.9000e+01 5.0400e+02 0.0000e+00 5.1530e+03 0.0000e+00 5.8600e+02 0.0000e+00 0.0000e+00 0.0000e+00 2.0300e+02 0.0000e+00 0.0000e+00 2.9500e+02 4.9000e+01 1.2000e+02 9.0000e+01 2.6700e+02 0.0000e+00 2.1750e+03 6.8000e+01 9.1000e+01 3.2600e+02 0.0000e+00
7.1000e+01 7.0000e+00 2.0000e+01 8.0000e+00 1.8000e+01 0.0000e+00 0.0000e+00 7.0000e+00 7.0000e+00 2.2000e+01 2.1000e+01 7.0000e+00 1.0000e+01 2.2000e+01 0.0000e+00 7.0000e+00 1.3000e+01 9.0000e+00 0.0000e+00 1.0000e+01 0.0000e+00 1.5000e+01 1.7000e+01 8.0000e+00 1.6000e+01 0.0000e+00 1.2000e+01 1.4000e+01 2.3000e+01 0.0000e+00 0.0000e+00 0.0000e+00 1.0000e+01 0.0000e+00 0.0000e+00 0.0000e+00 9.0000e+00 0.0000e+00 0.0000e+00 8.0000e+00 9.0000e+00 2.1000e+01 1.2000e+01 9.0000e+00 0.0000e+00 3.1000e+01 2.6000e+01 1.2000e+01 1.2000e+01 0.0000e+00
4.0290e+03 4.4160e+03 8.3400e+02 3.2840e+03 1.6690e+03 0.0000e+00 0.0000e+00 4.2940e+03 5.1650e+03 2.3270e+03 3.5900e+03 3.1530e+03 4.2230e+03 4.1670e+03 0.0000e+00 3.0820e+03 1.8410e+03 4.3670e+03 0.0000e+00 4.6250e+03 0.0000e+00 4.2510e+03 3.8640e+03 2.7890e+03 3.8940e+03 0.0000e+00 4.9800e+03 5.5830e+03 1.2920e+03 0.0000e+00 0.0000e+00 0.0000e+00 4.2270e+03 0.0000e+00 0.0000e+00 0.0000e+00 2.1170e+03 0.0000e+00 0.0000e+00 3.6800e+03 5.4430e+03 6.2100e+02 3.5010e+03 4.5560e+03 0.0000e+00 2.4010e+03 4.8130e+03 4.4800e+03 4.9240e+03 0.0000e+00
7.0000e+00 0.0000e+00 7.0000e+00 8.0000e+00 1.8000e+01 0.0000e+00 0.0000e+00 7.0000e+00 7.0000e+00 8.0000e+00 7.0000e+00 7.0000e+00 8.0000e+00 9.0000e+00 0.0000e+00 0.0000e+00 9.0000e+00 7.0000e+00 0.0000e+00 0.0000e+00 0.0000e+00 9.0000e+00 1.0000e+01 8.0000e+00 9.0000e+00 0.0000e+00 0.0000e+00 0.0000e+00 1.4000e+01 0.0000e+00 0.0000e+00 0.0000e+00 8.0000e+00 0.0000e+00 0.0000e+00 0.0000e+00 7.0000e+00 0.0000e+00 0.0000e+00 8.0000e+00 0.0000e+00 7.0000e+00 1.2000e+01 7.0000e+00 0.0000e+00 7.0000e+00 0.0000e+00 0.0000e+00 0.0000e+00 0.0000e+00
7.0000e+00 0.0000e+00 9.0000e+00 8.0000e+00 1.0000e+01 0.0000e+00 0.0000e+00 7.0000e+00 7.0000e+00 8.0000e+00 1.8000e+01 7.0000e+00 8.0000e+00 1.1000e+01 0.0000e+00 0.0000e+00 1.1000e+01 1.8000e+01 0.0000e+00 0.0000e+00 0.0000e+00 7.0000e+00 1.0000e+01 1.0000e+01 7.0000e+00 0.0000e+00 0.0000e+00 0.0000e+00 8.0000e+00 0.0000e+00 0.0000e+00 0.0000e+00 8.0000e+00 0.0000e+00 0.0000e+00 0.0000e+00 7.0000e+00 0.0000e+00 0.0000e+00 8.0000e+01 0.0000e+00 7.0000e+00 1.2000e+01 9.0000e+00 0.0000e+00 1.1000e+01 0.0000e+00 0.0000e+00 0.0000e+00 0.0000e+00
1.2000e+01 0.0000e+00 7.0000e+00 2.0000e+01 1.3000e+01 0.0000e+00 0.0000e+00 7.0000e+00 1.5000e+01 1.2000e+01 1.2000e+01 1.2000e+01 8.0000e+00 1.3000e+01 0.0000e+00 0.0000e+00 1.1000e+01 7.0000e+00 0.0000e+00 0.0000e+00 0.0000e+00 7.0000e+00 1.2000e+01 8.0000e+00 9.0000e+00 0.0000e+00 0.0000e+00 0.0000e+00 1.6000e+01 0.0000e+00 0.0000e+00 0.0000e+00 1.7000e+01 0.0000e+00 0.0000e+00 0.0000e+00 1.1000e+01 0.0000e+00 0.0000e+00 1.1000e+01 0.0000e+00 7.0000e+00 2.1000e+01 7.0000e+00 0.0000e+00 2.6000e+01 0.0000e+00 0.0000e+00 0.0000e+00 0.0000e+00
7.0000e+00 0.0000e+00 9.0000e+00 2.9000e+01 2.6000e+01 0.0000e+00 0.0000e+00 7.0000e+00 1.0000e+01 1.0000e+01 2.0000e+01 7.0000e+00 8.0000e+00 1.7000e+01 0.0000e+00 0.0000e+00 1.5000e+01 7.0000e+00 0.0000e+00 0.0000e+00 0.0000e+00 1.6000e+01 1.3000e+01 1.1000e+01 7.0000e+00 0.0000e+00 0.0000e+00 0.0000e+00 1.4000e+01 0.0000e+00 0.0000e+00 0.0000e+00 1.3000e+01 0.0000e+00 0.0000e+00 0.0000e+00 7.0000e+00 0.0000e+00 0.0000e+00 1.8000e+01 0.0000e+00 1.1000e+01 7.0000e+00 2.7000e+01 0.0000e+00 9.0000e+00 0.0000e+00 0.0000e+00 0.0000e+00 0.0000e+00
7.0000e+00 0.0000e+00 7.0000e+00 8.0000e+00 1.8000e+01 0.0000e+00 0.0000e+00 9.0000e+00 1.2000e+01 8.0000e+00 7.0000e+00 7.0000e+00 8.0000e+00 7.0000e+00 0.0000e+00 0.0000e+00 1.1000e+01 7.0000e+00 0.0000e+00 0.0000e+00 0.0000e+00 7.0000e+00 8.0000e+00 8.0000e+00 1.1000e+01 0.0000e+00 0.0000e+00 0.0000e+00 1.9000e+01 0.0000e+00 0.0000e+00 0.0000e+00 1.2000e+01 0.0000e+00 0.0000e+00 0.0000e+00 7.0000e+00 0.0000e+00 0.0000e+00 8.0000e+00 0.0000e+00 7.0000e+00 7.0000e+00 9.0000e+00 0.0000e+00 1.1000e+01 0.0000e+00 0.0000e+00 0.0000e+00 0.0000e+00
5.2000e+01 0.0000e+00 1.2000e+01 1.3200e+02 1.2000e+01 0.0000e+00 0.0000e+00 1.7000e+01 1.5000e+01 2.0000e+01 7.0000e+00 1.2000e+01 1.7000e+01 1.7000e+01 0.0000e+00 0.0000e+00 1.1000e+01 7.0000e+00 0.0000e+00 0.0000e+00 0.0000e+00 9.2000e+01 2.3000e+01 1.8000e+01 1.4000e+01 0.0000e+00 0.0000e+00 0.0000e+00 1.6000e+01 0.0000e+00 0.0000e+00 0.0000e+00 1.2000e+01 0.0000e+00 0.0000e+00 0.0000e+00 7.0000e+00 0.0000e+00 0.0000e+00 1.3000e+01 0.0000e+00 2.1000e+01 9.6000e+01 3.3000e+01 0.0000e+00 9.0000e+00 0.0000e+00 0.0000e+00 0.0000e+00 0.0000e+00
1.5000e+01 0.0000e+00 1.2000e+01 1.7000e+01 1.2000e+01 0.0000e+00 0.0000e+00 1.1000e+01 1.2000e+01 1.4000e+01 7.0000e+00 1.2000e+01 1.3000e+01 7.0000e+00 0.0000e+00 0.0000e+00 1.3000e+01 7.0000e+00 0.0000e+00 0.0000e+00 0.0000e+00 9.0000e+00 8.0000e+00 1.3000e+01 1.4000e+01 0.0000e+00 0.0000e+00 0.0000e+00 1.6000e+01 0.0000e+00 0.0000e+00 0.0000e+00 1.0000e+01 0.0000e+00 0.0000e+00 0.0000e+00 9.0000e+00 0.0000e+00 0.0000e+00 1.0000e+01 0.0000e+00 7.0000e+00 9.0000e+00 1.3000e+01 0.0000e+00 1.1000e+01 0.0000e+00 0.0000e+00 0.0000e+00 0.0000e+00
1.1000e+01 0.0000e+00 9.0000e+00 1.7000e+01 1.1800e+02 0.0000e+00 0.0000e+00 7.0000e+00 1.2000e+01 1.2370e+03 1.2000e+01 2.1000e+01 1.7000e+01 1.3000e+01 0.0000e+00 0.0000e+00 1.3000e+01 9.0000e+00 0.0000e+00 0.0000e+00 0.0000e+00 2.1000e+01 1.0000e+01 1.9000e+01 1.3000e+01 0.0000e+00 0.0000e+00 0.0000e+00 9.0000e+01 0.0000e+00 0.0000e+00 0.0000e+00 1.6300e+02 0.0000e+00 0.0000e+00 0.0000e+00 7.0000e+00 0.0000e+00 0.0000e+00 1.3000e+01 0.0000e+00 2.7000e+01 1.2400e+02 2.5000e+01 0.0000e+00 1.4000e+01 0.0000e+00 0.0000e+00 0.0000e+00 0.0000e+00
