4.2857e-01 0.0000e+00 1.8182e-01 4.8571e-01 3.3333e-01 6.9014e-01 9.1335e-01 1.1111e-01 2.8571e-01 1.6667e-01 4.5833e-01 1.1111e-01 0.0000e+00 1.1111e-01 2.5000e-01 5.0000e-01 3.1818e-01 1.1111e-01 1.1111e-01 1.1111e-01 3.3333e-01 0.0000e+00 0.0000e+00 1.0000e-01 0.0000e+00 1.1111e-01 3.3333e-01 0.0000e+00 3.7500e-01 3.8889e-01 3.8889e-01 2.5000e-01 1.6667e-01 4.2857e-01 5.1724e-01 6.1364e-01 0.0000e+00 5.9524e-01 9.1455e-01 6.1017e-01 1.1111e-01 0.0000e+00 6.0870e-01 0.0000e+00 5.4839e-01 3.8095e-01 4.8000e-01 5.0000e-01 2.0000e-01 1.1111e-01
2.5000e-01 1.1111e-01 0.0000e+00 6.2500e-01 3.5000e-01 6.1364e-01 1.1111e-01 3.5294e-01 2.0000e-01 3.5000e-01 1.8182e-01 4.8148e-01 1.0000e-01 0.0000e+00 3.5294e-01 6.4000e-01 5.6716e-01 3.3333e-01 0.0000e+00 0.0000e+00 4.5455e-01 3.8095e-01 1.0000e-01 4.0909e-01 1.1111e-01 4.5455e-01 4.5833e-01 0.0000e+00 3.1579e-01 8.0473e-01 2.0000e-01 9.0269e-01 4.4828e-01 0.0000e+00 1.0000e+00 1.1111e-01 2.8571e-01 6.6667e-01 1.0000e+00 1.0000e-01 0.0000e+00 1.8182e-01 8.1781e-01 1.1111e-01 7.4490e-01 3.8095e-01 1.1111e-01 2.5000e-01 2.5000e-01 0.0000e+00
2.5000e-01 1.1111e-01 0.0000e+00 2.1429e-01 0.0000e+00 5.3333e-01 5.0000e-01 1.1111e-01 1.1111e-01 2.5000e-01 1.8182e-01 0.0000e+00 0.0000e+00 0.0000e+00 0.0000e+00 3.3333e-01 1.5385e-01 1.1111e-01 2.5000e-01 0.0000e+00 1.1111e-01 5.6818e-01 2.6667e-01 4.0909e-01 0.0000e+00 2.8571e-01 0.0000e+00 0.0000e+00 1.6667e-01 7.1053e-01 2.0000e-01 0.0000e+00 0.0000e+00 0.0000e+00 1.0000e+00 2.0000e-01 0.0000e+00 5.3333e-01 1.0000e+00 3.3333e-01 0.0000e+00 0.0000e+00 5.0000e-01 1.8182e-01 1.1111e-01 1.1111e-01 2.8571e-01 1.1111e-01 0.0000e+00 2.0000e-01
1.1111e-01 0.0000e+00 0.0000e+00 1.0000e-01 0.0000e+00 0.0000e+00 6.9565e-01 0.0000e+00 2.5000e-01 0.0000e+00 0.0000e+00 0.0000e+00 0.0000e+00 1.1111e-01 2.5000e-01 3.8889e-01 9.0909e-02 1.8182e-01 0.0000e+00 1.1111e-01 0.0000e+00 2.3077e-01 2.9412e-01 0.0000e+00 0.0000e+00 0.0000e+00 2.5000e-01 0.0000e+00 0.0000e+00 4.2857e-01 0.0000e+00 2.0000e-01 1.0000e-01 0.0000e+00 1.0000e+00 1.1111e-01 1.1111e-01 0.0000e+00 1.0000e+00 3.3333e-01 0.0000e+00 0.0000e+00 3.5294e-01 0.0000e+00 0.0000e+00 0.0000e+00 0.0000e+00 2.0000e-01 1.1111e-01 0.0000e+00
2.5000e-01 2.0000e-01 0.0000e+00 1.0000e-01 3.5000e-01 2.8571e-01 1.0000e+00 0.0000e+00 1.1111e-01 2.1429e-01 4.2857e-01 2.8571e-01 0.0000e+00 1.1111e-01 3.3333e-01 2.5000e-01 0.0000e+00 1.1111e-01 0.0000e+00 0.0000e+00 2.0000e-01 2.3077e-01 1.6667e-01 0.0000e+00 1.8182e-01 2.0000e-01 2.8571e-01 2.0000e-01 7.5783e-01 5.3333e-01 1.1111e-01 2.0000e-01 2.6667e-01 2.8571e-01 1.0000e+00 2.0000e-01 1.1111e-01 2.5000e-01 1.0000e+00 2.3077e-01 0.0000e+00 2.5000e-01 4.2857e-01 2.3077e-01 2.0000e-01 0.0000e+00 1.1111e-01 1.1111e-01 0.0000e+00 1.1111e-01
3.3333e-01 0.0000e+00 0.0000e+00 2.6667e-01 0.0000e+00 0.0000e+00 1.0000e+00 0.0000e+00 0.0000e+00 2.1429e-01 1.8182e-01 1.1111e-01 0.0000e+00 0.0000e+00 0.0000e+00 3.3333e-01 0.0000e+00 0.0000e+00 0.0000e+00 0.0000e+00 1.1111e-01 1.1111e-01 1.6667e-01 0.0000e+00 1.1111e-01 0.0000e+00 0.0000e+00 1.1111e-01 0.0000e+00 4.2105e-01 1.1111e-01 3.3333e-01 1.0000e-01 0.0000e+00 1.0000e+00 3.3333e-01 0.0000e+00 2.0000e-01 1.0000e+00 8.3501e-01 1.1111e-01 0.0000e+00 2.8571e-01 0.0000e+00 4.5455e-01 1.1111e-01 3.3333e-01 2.0000e-01 2.0000e-01 0.0000e+00
2.5000e-01 0.0000e+00 1.1111e-01 0.0000e+00 0.0000e+00 3.5294e-01 1.0000e+00 0.0000e+00 0.0000e+00 0.0000e+00 3.8889e-01 0.0000e+00 0.0000e+00 0.0000e+00 0.0000e+00 1.1111e-01 0.0000e+00 0.0000e+00 0.0000e+00 0.0000e+00 0.0000e+00 0.0000e+00 1.6667e-01 0.0000e+00 0.0000e+00 0.0000e+00 0.0000e+00 0.0000e+00 1.6667e-01 1.1111e-01 1.1111e-01 0.0000e+00 0.0000e+00 2.0000e-01 1.0000e+00 0.0000e+00 0.0000e+00 1.1111e-01 1.0000e+00 2.3077e-01 0.0000e+00 0.0000e+00 1.8182e-01 0.0000e+00 0.0000e+00 3.6842e-01 1.1111e-01 2.5000e-01 0.0000e+00 0.0000e+00
0.0000e+00 0.0000e+00 1.8182e-01 2.1429e-01 0.0000e+00 2.0000e-01 1.0000e+00 1.1111e-01 0.0000e+00 1.0000e-01 0.0000e+00 1.1111e-01 1.0000e-01 1.1111e-01 1.1111e-01 4.2857e-01 9.0909e-02 1.8182e-01 1.1111e-01 0.0000e+00 0.0000e+00 0.0000e+00 1.0000e-01 0.0000e+00 0.0000e+00 0.0000e+00 0.0000e+00 0.0000e+00 0.0000e+00 2.5000e-01 1.1111e-01 2.0000e-01 1.0000e-01 0.0000e+00 1.0000e+00 0.0000e+00 1.1111e-01 2.8571e-01 1.0000e+00 0.0000e+00 1.1111e-01 0.0000e+00 1.8182e-01 0.0000e+00 1.1111e-01 0.0000e+00 0.0000e+00 1.1111e-01 0.0000e+00 0.0000e+00
1.8182e-01 1.1111e-01 0.0000e+00 0.0000e+00 2.9412e-01 0.0000e+00 1.0000e+00 2.3077e-01 1.1111e-01 1.6667e-01 1.1111e-01 1.8182e-01 1.0000e-01 1.8182e-01 2.5000e-01 4.5833e-01 1.5385e-01 0.0000e+00 2.0000e-01 0.0000e+00 0.0000e+00 2.3077e-01 1.0000e-01 1.8182e-01 3.5294e-01 2.0000e-01 0.0000e+00 1.1111e-01 0.0000e+00 2.8571e-01 0.0000e+00 0.0000e+00 0.0000e+00 3.8889e-01 1.0000e+00 2.5000e-01 1.1111e-01 2.5000e-01 1.0000e+00 0.0000e+00 0.0000e+00 0.0000e+00 0.0000e+00 1.8182e-01 4.8000e-01 1.8182e-01 3.3333e-01 1.1111e-01 2.5000e-01 1.1111e-01
1.8182e-01 1.1111e-01 0.0000e+00 0.0000e+00 6.7961e-01 2.0000e-01 1.0000e+00 2.3077e-01 2.5000e-01 1.0000e-01 2.5000e-01 1.1111e-01 2.9412e-01 0.0000e+00 0.0000e+00 3.3333e-01 0.0000e+00 3.3333e-01 1.1111e-01 3.3333e-01 2.8571e-01 5.5000e-01 2.6667e-01 3.1250e-01 0.0000e+00 2.5000e-01 2.8571e-01 2.5000e-01 9.0909e-02 1.1111e-01 0.0000e+00 2.0000e-01 2.6667e-01 1.1111e-01 1.0000e+00 5.0000e-01 0.0000e+00 1.1111e-01 1.0000e+00 1.8182e-01 2.0000e-01 1.8182e-01 3.5294e-01 1.8182e-01 1.1111e-01 0.0000e+00 0.0000e+00 2.8571e-01 1.1111e-01 1.1111e-01
8.8925e-01 0.0000e+00 4.3478e-01 8.0045e-01 2.3077e-01 1.1111e-01 1.0000e+00 0.0000e+00 4.5833e-01 4.0741e-01 1.1111e-01 1.1111e-01 1.6667e-01 3.1250e-01 8.8825e-01 6.9444e-01 3.4783e-01 3.8889e-01 5.0000e-01 1.1111e-01 5.7143e-01 8.1191e-01 2.9412e-01 8.6354e-01 5.8696e-01 2.8571e-01 7.0270e-01 3.8889e-01 2.1429e-01 3.8889e-01 7.3118e-01 7.4747e-01 4.1667e-01 6.1364e-01 1.0000e+00 6.7213e-01 1.8182e-01 5.7143e-01 1.0000e+00 7.9167e-01 0.0000e+00 8.2213e-01 6.6667e-01 6.8293e-01 6.1702e-01 5.7778e-01 4.5455e-01 7.5472e-01 5.3333e-01 2.0000e-01
1.8182e-01 0.0000e+00 1.1111e-01 0.0000e+00 1.0000e-01 6.7692e-01 1.0000e+00 0.0000e+00 0.0000e+00 1.6667e-01 1.1111e-01 2.5000e-01 2.3077e-01 0.0000e+00 2.5000e-01 6.0465e-01 1.5385e-01 1.1111e-01 1.1111e-01 0.0000e+00 1.1111e-01 3.6842e-01 3.3333e-01 1.0000e-01 2.8571e-01 2.0000e-01 2.8571e-01 0.0000e+00 4.3750e-01 2.8571e-01 3.3333e-01 1.1111e-01 0.0000e+00 0.0000e+00 1.0000e+00 2.5000e-01 0.0000e+00 5.4839e-01 1.0000e+00 1.0000e-01 0.0000e+00 2.5000e-01 0.0000e+00 1.1111e-01 0.0000e+00 3.3333e-01 2.5000e-01 2.5000e-01 3.3333e-01 3.8889e-01
7.8710e-01 6.3265e-01 6.8056e-01 5.0000e-01 6.7647e-01 8.2870e-01 1.0000e+00 6.3934e-01 5.0000e-01 7.7215e-01 5.0000e-01 6.4151e-01 6.0000e-01 7.5817e-01 6.0000e-01 4.5455e-01 6.6887e-01 5.0000e-01 7.7941e-01 8.0814e-01 2.5000e-01 5.1515e-01 6.2687e-01 6.4865e-01 8.0916e-01 7.8767e-01 4.5455e-01 5.0000e-01 5.0000e-01 6.1702e-01 8.1183e-01 8.3871e-01 6.3636e-01 4.2857e-01 1.0000e+00 4.5833e-01 7.3504e-01 7.7236e-01 1.0000e+00 7.7358e-01 6.5455e-01 8.2463e-01 4.2857e-01 7.9245e-01 3.5294e-01 5.5814e-01 7.1605e-01 2.8571e-01 7.6667e-01 7.8030e-01
1.8182e-01 0.0000e+00 2.5000e-01 5.0000e-01 3.5000e-01 3.5294e-01 1.0000e+00 1.1111e-01 1.1111e-01 4.7059e-01 1.1111e-01 3.8889e-01 0.0000e+00 2.8571e-01 3.5294e-01 2.8571e-01 1.5385e-01 2.5000e-01 0.0000e+00 2.5000e-01 1.1111e-01 7.4324e-01 1.6667e-01 1.0000e-01 2.3077e-01 2.0000e-01 1.1111e-01 0.0000e+00 2.7778e-01 5.4545e-01 0.0000e+00 1.1111e-01 3.9130e-01 0.0000e+00 1.0000e+00 3.5294e-01 0.0000e+00 6.8254e-01 1.0000e+00 5.9615e-01 0.0000e+00 0.0000e+00 5.1613e-01 0.0000e+00 4.2105e-01 5.6098e-01 1.1111e-01 4.2105e-01 0.0000e+00 0.0000e+00
2.5000e-01 0.0000e+00 3.6842e-01 3.9130e-01 2.3077e-01 2.5000e-01 1.0000e+00 1.1111e-01 2.0000e-01 0.0000e+00 4.8000e-01 1.1111e-01 4.4828e-01 5.0000e-01 1.1111e-01 1.1111e-01 2.0000e-01 0.0000e+00 0.0000e+00 4.2105e-01 0.0000e+00 0.0000e+00 3.5000e-01 3.8095e-01 0.0000e+00 3.3333e-01 2.5000e-01 2.5000e-01 2.5000e-01 2.5000e-01 2.0000e-01 3.3333e-01 1.6667e-01 1.1111e-01 1.0000e+00 2.8571e-01 1.1111e-01 2.0000e-01 1.0000e+00 0.0000e+00 1.1111e-01 2.5000e-01 5.5556e-01 2.8571e-01 6.9863e-01 1.1111e-01 2.5000e-01 3.3333e-01 5.1724e-01 0.0000e+00
0.0000e+00 0.0000e+00 1.1111e-01 2.1429e-01 2.3077e-01 2.5000e-01 1.0000e+00 1.1111e-01 1.1111e-01 0.0000e+00 1.1111e-01 2.5000e-01 1.0000e-01 1.1111e-01 5.7895e-01 2.5000e-01 0.0000e+00 1.1111e-01 0.0000e+00 1.1111e-01 4.5455e-01 2.6667e-01 1.6667e-01 1.8182e-01 1.8182e-01 1.1111e-01 2.0000e-01 1.1111e-01 0.0000e+00 2.0000e-01 0.0000e+00 1.1111e-01 1.0000e-01 5.3333e-01 1.0000e+00 3.3333e-01 0.0000e+00 7.8030e-01 1.0000e+00 1.0000e-01 0.0000e+00 1.1111e-01 6.3636e-01 1.8182e-01 6.2500e-01 0.0000e+00 0.0000e+00 7.2289e-01 0.0000e+00 1.1111e-01
1.1111e-01 0.0000e+00 0.0000e+00 1.6667e-01 1.0000e-01 1.1111e-01 1.0000e+00 1.1111e-01 0.0000e+00 1.0000e-01 4.2857e-01 0.0000e+00 2.3077e-01 0.0000e+00 2.5000e-01 0.0000e+00 2.0000e-01 0.0000e+00 0.0000e+00 1.1111e-01 2.0000e-01 0.0000e+00 0.0000e+00 2.3077e-01 1.1111e-01 0.0000e+00 0.0000e+00 2.0000e-01 2.1429e-01 1.1111e-01 0.0000e+00 2.0000e-01 0.0000e+00 0.0000e+00 1.0000e+00 2.0000e-01 0.0000e+00 0.0000e+00 1.0000e+00 0.0000e+00 0.0000e+00 0.0000e+00 0.0000e+00 1.1111e-01 0.0000e+00 2.3077e-01 1.1111e-01 2.5000e-01 2.0000e-01 0.0000e+00
5.4545e-01 8.7345e-01 0.0000e+00 5.6863e-01 6.7619e-01 5.5882e-01 1.0000e+00 7.9524e-01 2.0000e-01 0.0000e+00 6.0000e-01 5.0000e-01 1.0000e-01 6.2500e-01 2.0000e-01 7.9054e-01 4.5946e-01 1.1111e-01 2.5000e-01 0.0000e+00 3.8889e-01 2.3077e-01 0.0000e+00 1.8182e-01 6.9048e-01 4.8000e-01 3.8889e-01 4.2105e-01 2.5000e-01 2.5000e-01 0.0000e+00 1.1111e-01 1.6667e-01 4.2857e-01 1.0000e+00 7.4490e-01 7.8495e-01 0.0000e+00 1.0000e+00 1.8182e-01 0.0000e+00 1.1111e-01 7.8049e-01 0.0000e+00 9.8828e-01 5.1429e-01 0.0000e+00 5.7143e-01 4.5833e-01 5.7143e-01
2.8571e-01 2.0000e-01 0.0000e+00 2.6667e-01 2.3077e-01 2.0000e-01 1.0000e+00 0.0000e+00 0.0000e+00 0.0000e+00 1.8182e-01 0.0000e+00 0.0000e+00 0.0000e+00 1.1111e-01 5.0000e-01 2.0000e-01 0.0000e+00 0.0000e+00 0.0000e+00 0.0000e+00 1.1111e-01 0.0000e+00 1.8182e-01 0.0000e+00 1.1111e-01 1.1111e-01 1.1111e-01 2.1429e-01 3.3333e-01 0.0000e+00 0.0000e+00 0.0000e+00 0.0000e+00 1.0000e+00 1.1111e-01 0.0000e+00 0.0000e+00 1.0000e+00 0.0000e+00 0.0000e+00 1.1111e-01 3.1250e-01 0.0000e+00 1.0000e+00 2.3077e-01 0.0000e+00 0.0000e+00 0.0000e+00 0.0000e+00
3.8889e-01 0.0000e+00 0.0000e+00 1.6667e-01 1.0000e-01 2.0000e-01 1.0000e+00 1.1111e-01 0.0000e+00 0.0000e+00 1.1111e-01 0.0000e+00 0.0000e+00 0.0000e+00 1.1111e-01 2.5000e-01 0.0000e+00 0.0000e+00 0.0000e+00 0.0000e+00 1.1111e-01 0.0000e+00 0.0000e+00 3.6842e-01 0.0000e+00 1.1111e-01 0.0000e+00 0.0000e+00 0.0000e+00 4.2105e-01 1.1111e-01 0.0000e+00 0.0000e+00 1.1111e-01 1.0000e+00 1.1111e-01 1.8182e-01 0.0000e+00 1.0000e+00 1.8182e-01 0.0000e+00 0.0000e+00 2.5000e-01 4.4000e-01 1.0000e+00 0.0000e+00 0.0000e+00 0.0000e+00 0.0000e+00 0.0000e+00
1.1111e-01 0.0000e+00 0.0000e+00 2.1429e-01 1.6667e-01 5.9524e-01 1.0000e+00 0.0000e+00 0.0000e+00 1.6667e-01 4.5833e-01 0.0000e+00 0.0000e+00 0.0000e+00 0.0000e+00 8.0814e-01 9.0909e-02 1.1111e-01 2.0000e-01 0.0000e+00 4.2857e-01 1.1111e-01 1.6667e-01 0.0000e+00 1.1111e-01 1.1111e-01 0.0000e+00 0.0000e+00 1.6667e-01 1.1111e-01 0.0000e+00 0.0000e+00 2.6667e-01 1.1111e-01 1.0000e+00 4.2105e-01 1.8182e-01 2.0000e-01 1.0000e+00 0.0000e+00 2.8571e-01 0.0000e+00 5.1613e-01 4.0000e-01 1.0000e+00 1.8182e-01 3.8889e-01 1.1111e-01 0.0000e+00 7.4490e-01
3.3333e-01 0.0000e+00 0.0000e+00 4.6875e-01 5.2381e-01 2.0000e-01 1.0000e+00 3.1250e-01 0.0000e+00 1.6667e-01 1.8182e-01 1.1111e-01 0.0000e+00 0.0000e+00 3.3333e-01 5.0000e-01 0.0000e+00 2.8571e-01 0.0000e+00 0.0000e+00 0.0000e+00 3.1250e-01 2.6667e-01 2.3077e-01 0.0000e+00 1.1111e-01 3.8889e-01 0.0000e+00 1.6667e-01 2.0000e-01 0.0000e+00 2.0000e-01 1.0000e-01 1.0000e+00 1.0000e+00 2.5000e-01 1.1111e-01 6.4000e-01 1.0000e+00 2.3077e-01 2.5000e-01 0.0000e+00 2.5000e-01 0.0000e+00 1.0000e+00 1.1111e-01 1.1111e-01 2.0000e-01 0.0000e+00 1.1111e-01
4.0000e-01 1.1111e-01 3.5294e-01 5.1282e-01 6.0317e-01 5.0000e-01 1.0000e+00 1.1111e-01 3.3333e-01 1.0000e-01 1.8182e-01 1.8182e-01 0.0000e+00 2.3077e-01 2.8571e-01 4.8000e-01 5.2000e-01 1.1111e-01 2.0000e-01 0.0000e+00 2.5000e-01 1.8182e-01 5.4762e-01 3.6842e-01 0.0000e+00 2.5000e-01 2.5000e-01 4.8000e-01 3.8462e-01 6.2500e-01 1.1111e-01 7.6106e-01 4.8485e-01 1.0000e+00 1.0000e+00 5.0000e-01 2.3077e-01 7.4227e-01 1.0000e+00 5.1429e-01 2.0000e-01 1.1111e-01 6.5000e-01 2.3077e-01 1.0000e+00 0.0000e+00 2.0000e-01 4.2105e-01 0.0000e+00 1.1111e-01
0.0000e+00 0.0000e+00 0.0000e+00 1.0000e-01 0.0000e+00 6.4151e-01 1.0000e+00 3.1250e-01 3.8889e-01 0.0000e+00 2.5000e-01 0.0000e+00 0.0000e+00 0.0000e+00 6.0465e-01 1.1111e-01 3.6000e-01 0.0000e+00 3.3333e-01 5.9524e-01 2.5000e-01 6.8889e-01 6.6667e-01 1.0000e-01 1.1111e-01 6.6071e-01 2.0000e-01 4.5455e-01 0.0000e+00 1.1111e-01 5.3333e-01 0.0000e+00 1.0000e-01 1.0000e+00 1.0000e+00 7.2093e-01 1.8182e-01 0.0000e+00 1.0000e+00 3.1250e-01 0.0000e+00 0.0000e+00 0.0000e+00 0.0000e+00 1.0000e+00 0.0000e+00 7.0667e-01 1.1111e-01 4.2857e-01 3.5294e-01
1.1111e-01 0.0000e+00 0.0000e+00 0.0000e+00 5.6000e-01 2.5000e-01 1.0000e+00 0.0000e+00 0.0000e+00 3.1579e-01 0.0000e+00 2.5000e-01 0.0000e+00 3.5294e-01 3.3333e-01 2.5000e-01 0.0000e+00 0.0000e+00 0.0000e+00 0.0000e+00 1.1111e-01 3.6842e-01 0.0000e+00 2.6667e-01 0.0000e+00 0.0000e+00 2.8571e-01 5.5882e-01 0.0000e+00 2.0000e-01 0.0000e+00 0.0000e+00 1.6667e-01 1.0000e+00 1.0000e+00 0.0000e+00 0.0000e+00 9.8967e-01 1.0000e+00 0.0000e+00 1.1111e-01 2.5000e-01 4.8148e-01 1.1111e-01 1.0000e+00 2.8571e-01 5.0000e-01 2.0000e-01 0.0000e+00 0.0000e+00
7.7536e-01 0.0000e+00 1.8182e-01 5.9322e-01 7.9897e-01 6.3265e-01 1.0000e+00 4.3478e-01 2.8571e-01 6.2162e-01 0.0000e+00 6.9620e-01 2.3077e-01 1.1111e-01 5.0000e-01 4.5833e-01 3.1818e-01 1.1111e-01 2.0000e-01 2.5000e-01 2.5000e-01 2.3077e-01 2.6667e-01 5.8824e-01 3.5294e-01 2.8571e-01 2.0000e-01 3.5294e-01 3.3333e-01 4.8000e-01 0.0000e+00 2.0000e-01 1.0000e-01 1.0000e+00 1.0000e+00 5.0000e-01 1.1111e-01 1.0000e+00 1.0000e+00 7.0642e-01 2.0000e-01 0.0000e+00 6.3636e-01 2.8571e-01 1.0000e+00 7.6705e-01 2.0000e-01 7.0270e-01 5.7895e-01 3.3333e-01
1.8182e-01 1.1111e-01 0.0000e+00 0.0000e+00 1.0000e-01 4.8000e-01 1.0000e+00 0.0000e+00 0.0000e+00 0.0000e+00 1.1111e-01 0.0000e+00 1.0000e-01 0.0000e+00 5.3333e-01 2.8571e-01 0.0000e+00 0.0000e+00 1.1111e-01 0.0000e+00 0.0000e+00 0.0000e+00 0.0000e+00 0.0000e+00 0.0000e+00 0.0000e+00 0.0000e+00 0.0000e+00 3.1579e-01 3.5294e-01 1.1111e-01 0.0000e+00 0.0000e+00 1.0000e+00 1.0000e+00 1.1111e-01 0.0000e+00 1.0000e+00 1.0000e+00 0.0000e+00 0.0000e+00 0.0000e+00 3.5294e-01 0.0000e+00 1.0000e+00 1.8182e-01 1.1111e-01 0.0000e+00 1.1111e-01 0.0000e+00
2.5000e-01 0.0000e+00 0.0000e+00 1.0000e-01 1.6667e-01 0.0000e+00 1.0000e+00 0.0000e+00 1.1111e-01 2.1429e-01 3.8889e-01 1.1111e-01 0.0000e+00 1.1111e-01 0.0000e+00 0.0000e+00 9.0909e-02 0.0000e+00 2.0000e-01 3.3333e-01 2.0000e-01 1.8182e-01 0.0000e+00 0.0000e+00 1.8182e-01 1.1111e-01 0.0000e+00 3.5294e-01 9.0909e-02 3.3333e-01 2.0000e-01 0.0000e+00 0.0000e+00 1.0000e+00 1.0000e+00 0.0000e+00 0.0000e+00 1.0000e+00 1.0000e+00 0.0000e+00 2.0000e-01 4.2857e-01 2.5000e-01 1.8182e-01 1.0000e+00 5.4054e-01 2.0000e-01 1.1111e-01 1.1111e-01 0.0000e+00
5.4545e-01 2.0000e-01 5.8537e-01 6.3158e-01 5.3488e-01 6.1702e-01 1.0000e+00 2.8571e-01 2.5000e-01 5.0000e-01 4.0000e-01 5.4286e-01 4.2308e-01 1.8182e-01 5.0000e-01 2.8571e-01 5.0000e-01 4.2857e-01 2.5000e-01 4.5455e-01 3.5294e-01 4.6429e-01 2.3077e-01 2.6667e-01 6.5714e-01 3.8889e-01 3.5294e-01 5.1724e-01 3.3333e-01 4.2857e-01 2.5000e-01 3.3333e-01 2.9412e-01 1.0000e+00 1.0000e+00 3.5294e-01 1.1111e-01 1.0000e+00 1.0000e+00 5.1429e-01 3.8889e-01 0.0000e+00 1.8182e-01 2.3077e-01 1.0000e+00 4.1667e-01 5.0000e-01 2.8571e-01 5.3333e-01 5.0000e-01
1.8182e-01 0.0000e+00 1.1111e-01 2.1429e-01 1.6667e-01 2.5000e-01 1.0000e+00 2.3077e-01 4.5455e-01 2.9412e-01 3.5294e-01 3.3333e-01 2.3077e-01 0.0000e+00 0.0000e+00 3.8889e-01 2.3529e-01 2.5000e-01 0.0000e+00 0.0000e+00 0.0000e+00 3.1250e-01 0.0000e+00 0.0000e+00 2.8571e-01 3.3333e-01 6.0000e-01 2.0000e-01 3.1579e-01 5.7895e-01 0.0000e+00 0.0000e+00 1.6667e-01 1.0000e+00 1.0000e+00 2.5000e-01 0.0000e+00 1.0000e+00 1.0000e+00 2.6667e-01 0.0000e+00 2.5000e-01 5.3125e-01 1.8182e-01 1.0000e+00 0.0000e+00 2.0000e-01 5.0000e-01 1.1111e-01 3.3333e-01
1.8182e-01 1.1111e-01 0.0000e+00 1.6667e-01 1.0000e-01 3.3333e-01 1.0000e+00 0.0000e+00 2.5000e-01 6.8800e-01 9.1385e-01 1.1111e-01 0.0000e+00 3.1250e-01 7.5893e-01 8.4946e-01 1.5385e-01 1.1111e-01 0.0000e+00 0.0000e+00 7.3034e-01 1.8182e-01 2.6667e-01 1.0000e-01 7.3984e-01 1.1111e-01 2.0000e-01 2.5000e-01 3.1579e-01 6.6667e-01 2.0000e-01 2.0000e-01 3.9130e-01 1.0000e+00 1.0000e+00 7.5676e-01 1.1111e-01 1.0000e+00 1.0000e+00 1.8182e-01 0.0000e+00 0.0000e+00 7.8613e-01 2.8571e-01 1.0000e+00 3.1250e-01 7.7519e-01 8.2381e-01 2.0000e-01 3.5294e-01
1.1111e-01 1.1111e-01 1.1111e-01 2.9412e-01 3.5000e-01 4.2857e-01 1.0000e+00 1.8182e-01 3.8889e-01 1.0000e-01 1.1111e-01 5.4545e-01 2.6667e-01 1.1111e-01 6.6102e-01 8.0571e-01 1.5385e-01 0.0000e+00 0.0000e+00 2.5000e-01 1.1111e-01 1.1111e-01 3.5000e-01 1.8182e-01 2.3077e-01 5.4839e-01 0.0000e+00 1.1111e-01 3.1579e-01 7.9618e-01 2.5000e-01 3.5294e-01 2.3077e-01 1.0000e+00 1.0000e+00 2.5000e-01 0.0000e+00 1.0000e+00 1.0000e+00 3.3333e-01 0.0000e+00 0.0000e+00 7.1429e-01 0.0000e+00 1.0000e+00 1.8182e-01 3.8889e-01 6.7213e-01 2.0000e-01 3.3333e-01
1.8182e-01 1.1111e-01 1.8182e-01 3.5000e-01 0.0000e+00 3.8889e-01 1.0000e+00 0.0000e+00 1.1111e-01 0.0000e+00 0.0000e+00 3.8889e-01 2.6667e-01 1.1111e-01 5.0000e-01 6.4815e-01 0.0000e+00 1.8182e-01 0.0000e+00 2.0000e-01 2.0000e-01 3.3333e-01 0.0000e+00 1.8182e-01 1.1111e-01 2.0000e-01 3.3333e-01 0.0000e+00 3.1579e-01 4.2857e-01 2.5000e-01 2.8571e-01 1.6667e-01 1.0000e+00 1.0000e+00 2.5000e-01 1.1111e-01 1.0000e+00 1.0000e+00 1.0000e-01 0.0000e+00 3.6842e-01 1.1111e-01 0.0000e+00 1.0000e+00 4.6154e-01 2.5000e-01 2.5000e-01 0.0000e+00 1.1111e-01
3.3333e-01 6.2222e-01 6.6129e-01 7.0588e-01 7.0161e-01 6.8657e-01 1.0000e+00 8.7394e-01 7.5652e-01 7.1338e-01 6.0870e-01 3.3333e-01 8.1106e-01 5.9574e-01 7.2289e-01 8.5668e-01 3.7037e-01 6.4912e-01 6.4000e-01 3.8889e-01 6.9863e-01 6.8817e-01 5.9649e-01 7.0093e-01 4.0000e-01 3.8889e-01 3.8889e-01 4.2857e-01 6.9512e-01 5.4545e-01 5.5882e-01 4.5455e-01 6.5882e-01 1.0000e+00 1.0000e+00 6.0000e-01 5.7143e-01 1.0000e+00 1.0000e+00 7.3381e-01 7.2727e-01 4.2857e-01 6.7606e-01 6.8605e-01 1.0000e+00 7.9498e-01 7.2093e-01 6.0465e-01 3.5294e-01 5.9524e-01
2.5000e-01 0.0000e+00 0.0000e+00 1.0000e-01 0.0000e+00 1.1111e-01 1.0000e+00 0.0000e+00 1.1111e-01 1.0000e-01 0.0000e+00 1.1111e-01 0.0000e+00 0.0000e+00 0.0000e+00 1.1111e-01 0.0000e+00 0.0000e+00 0.0000e+00 0.0000e+00 1.1111e-01 1.1111e-01 0.0000e+00 0.0000e+00 0.0000e+00 0.0000e+00 0.0000e+00 0.0000e+00 9.0909e-02 0.0000e+00 2.0000e-01 0.0000e+00 2.6667e-01 1.0000e+00 1.0000e+00 0.0000e+00 0.0000e+00 1.0000e+00 1.0000e+00 1.0000e-01 0.0000e+00 0.0000e+00 1.8182e-01 2.3077e-01 1.0000e+00 0.0000e+00 0.0000e+00 2.8571e-01 0.0000e+00 0.0000e+00
7.4038e-01 7.4747e-01 7.9581e-01 7.7918e-01 8.7936e-01 1.0000e+00 1.0000e+00 7.6316e-01 7.2727e-01 8.2058e-01 8.6574e-01 9.3030e-01 8.0693e-01 7.7143e-01 9.7931e-01 7.4510e-01 8.2540e-01 8.1683e-01 1.0000e+00 8.8312e-01 1.0000e+00 7.3944e-01 8.6900e-01 8.4639e-01 8.1673e-01 9.7983e-01 8.3406e-01 6.9118e-01 8.4575e-01 9.8831e-01 8.3036e-01 9.9202e-01 7.8014e-01 1.0000e+00 1.0000e+00 8.2883e-01 9.2394e-01 1.0000e+00 1.0000e+00 6.5789e-01 7.3034e-01 9.4132e-01 7.9793e-01 8.2738e-01 1.0000e+00 8.2723e-01 7.5000e-01 7.9333e-01 7.6316e-01 1.0000e+00
0.0000e+00 0.0000e+00 0.0000e+00 1.0000e-01 0.0000e+00 1.0000e+00 1.0000e+00 0.0000e+00 0.0000e+00 3.5000e-01 1.1111e-01 0.0000e+00 0.0000e+00 0.0000e+00 1.0000e+00 0.0000e+00 9.0909e-02 3.3333e-01 1.0000e+00 1.1111e-01 1.0000e+00 0.0000e+00 0.0000e+00 4.0909e-01 1.1111e-01 1.0000e+00 1.1111e-01 0.0000e+00 0.0000e+00 1.0000e+00 0.0000e+00 1.0000e+00 1.0000e-01 1.0000e+00 1.0000e+00 3.8889e-01 0.0000e+00 1.0000e+00 1.0000e+00 4.4000e-01 0.0000e+00 4.5833e-01 4.5833e-01 0.0000e+00 1.0000e+00 0.0000e+00 1.1111e-01 2.8571e-01 0.0000e+00 1.0000e+00
2.5000e-01 0.0000e+00 2.5000e-01 3.9130e-01 2.9412e-01 1.0000e+00 1.0000e+00 2.3077e-01 2.0000e-01 1.6667e-01 4.8000e-01 4.8148e-01 0.0000e+00 1.8182e-01 1.0000e+00 5.7143e-01 0.0000e+00 1.1111e-01 1.0000e+00 0.0000e+00 1.0000e+00 3.8095e-01 0.0000e+00 5.8333e-01 3.1250e-01 1.0000e+00 2.5000e-01 2.0000e-01 3.4783e-01 1.0000e+00 2.0000e-01 1.0000e+00 3.3333e-01 1.0000e+00 1.0000e+00 5.0000e-01 1.8182e-01 1.0000e+00 1.0000e+00 6.1017e-01 3.3333e-01 1.8182e-01 8.2918e-01 0.0000e+00 1.0000e+00 1.1111e-01 4.2857e-01 2.5000e-01 2.8571e-01 1.0000e+00
6.9014e-01 8.9437e-01 8.5945e-01 6.1429e-01 1.6667e-01 1.0000e+00 1.0000e+00 4.4000e-01 7.0270e-01 7.3196e-01 1.1111e-01 7.8000e-01 8.1333e-01 8.6250e-01 1.0000e+00 8.9537e-01 2.7778e-01 8.9233e-01 1.0000e+00 8.6813e-01 1.0000e+00 3.6842e-01 1.0000e-01 8.1675e-01 8.7500e-01 1.0000e+00 5.4839e-01 6.4706e-01 7.0556e-01 1.0000e+00 1.1111e-01 1.0000e+00 0.0000e+00 1.0000e+00 1.0000e+00 9.7524e-01 2.8571e-01 1.0000e+00 1.0000e+00 1.0000e-01 5.0000e-01 7.1429e-01 7.7333e-01 4.0000e-01 1.0000e+00 0.0000e+00 8.1959e-01 8.0791e-01 1.1111e-01 1.0000e+00
7.9769e-01 6.9118e-01 9.4033e-01 8.3599e-01 5.6863e-01 1.0000e+00 1.0000e+00 7.2381e-01 7.0513e-01 7.7070e-01 7.2917e-01 6.5000e-01 6.5060e-01 8.1962e-01 1.0000e+00 8.9273e-01 7.8331e-01 8.5672e-01 1.0000e+00 7.3958e-01 1.0000e+00 8.0287e-01 6.6265e-01 8.3366e-01 7.3333e-01 1.0000e+00 8.2791e-01 5.1724e-01 7.8175e-01 1.0000e+00 9.8040e-01 1.0000e+00 8.2935e-01 1.0000e+00 1.0000e+00 1.0000e+00 7.9310e-01 1.0000e+00 1.0000e+00 8.0000e-01 6.3265e-01 7.5000e-01 7.1111e-01 8.0899e-01 1.0000e+00 9.0345e-01 6.9118e-01 7.3626e-01 8.5890e-01 1.0000e+00
6.9014e-01 0.0000e+00 4.0000e-01 0.0000e+00 3.3333e-01 1.0000e+00 1.0000e+00 0.0000e+00 0.0000e+00 3.6364e-01 4.2857e-01 0.0000e+00 1.0000e-01 4.0909e-01 1.0000e+00 0.0000e+00 1.5385e-01 1.1111e-01 1.0000e+00 2.0000e-01 1.0000e+00 2.6667e-01 2.9412e-01 0.0000e+00 3.1250e-01 1.0000e+00 2.5000e-01 2.8571e-01 3.4783e-01 1.0000e+00 1.0000e+00 1.0000e+00 1.0000e-01 1.0000e+00 1.0000e+00 1.0000e+00 1.1111e-01 1.0000e+00 1.0000e+00 0.0000e+00 1.1111e-01 4.2857e-01 2.5000e-01 1.1111e-01 1.0000e+00 4.8387e-01 5.0000e-01 2.5000e-01 2.5000e-01 1.0000e+00
9.5086e-01 9.9094e-01 8.9329e-01 8.7759e-01 8.6699e-01 1.0000e+00 1.0000e+00 9.3200e-01 9.6205e-01 8.6205e-01 9.4513e-01 9.4228e-01 8.9391e-01 9.2393e-01 1.0000e+00 9.5717e-01 8.1749e-01 9.5603e-01 1.0000e+00 1.0000e+00 1.0000e+00 9.1578e-01 8.9803e-01 8.9961e-01 9.2655e-01 1.0000e+00 1.0000e+00 9.8155e-01 8.2353e-01 1.0000e+00 1.0000e+00 1.0000e+00 8.9260e-01 1.0000e+00 1.0000e+00 1.0000e+00 9.1545e-01 1.0000e+00 1.0000e+00 9.0571e-01 9.6803e-01 8.7923e-01 9.3688e-01 9.2845e-01 1.0000e+00 9.0712e-01 1.0000e+00 1.0000e+00 1.0000e+00 1.0000e+00
0.0000e+00 1.0000e+00 0.0000e+00 0.0000e+00 3.3333e-01 1.0000e+00 1.0000e+00 0.0000e+00 0.0000e+00 0.0000e+00 0.0000e+00 0.0000e+00 0.0000e+00 1.1111e-01 1.0000e+00 1.0000e+00 0.0000e+00 0.0000e+00 1.0000e+00 1.0000e+00 1.0000e+00 1.1111e-01 1.0000e-01 0.0000e+00 1.1111e-01 1.0000e+00 1.0000e+00 1.0000e+00 2.1429e-01 1.0000e+00 1.0000e+00 1.0000e+00 0.0000e+00 1.0000e+00 1.0000e+00 1.0000e+00 0.0000e+00 1.0000e+00 1.0000e+00 0.0000e+00 1.0000e+00 0.0000e+00 2.5000e-01 0.0000e+00 1.0000e+00 0.0000e+00 1.0000e+00 1.0000e+00 1.0000e+00 1.0000e+00
0.0000e+00 1.0000e+00 1.1111e-01 0.0000e+00 1.0000e-01 1.0000e+00 1.0000e+00 0.0000e+00 0.0000e+00 0.0000e+00 3.8889e-01 0.0000e+00 0.0000e+00 1.8182e-01 1.0000e+00 1.0000e+00 9.0909e-02 3.8889e-01 1.0000e+00 1.0000e+00 1.0000e+00 0.0000e+00 1.0000e-01 1.0000e-01 0.0000e+00 1.0000e+00 1.0000e+00 1.0000e+00 0.0000e+00 1.0000e+00 1.0000e+00 1.0000e+00 0.0000e+00 1.0000e+00 1.0000e+00 1.0000e+00 0.0000e+00 1.0000e+00 1.0000e+00 6.6250e-01 1.0000e+00 0.0000e+00 2.5000e-01 1.1111e-01 1.0000e+00 1.8182e-01 1.0000e+00 1.0000e+00 1.0000e+00 1.0000e+00
2.5000e-01 1.0000e+00 0.0000e+00 3.5000e-01 2.3077e-01 1.0000e+00 1.0000e+00 0.0000e+00 3.3333e-01 1.6667e-01 2.5000e-01 2.5000e-01 0.0000e+00 2.3077e-01 1.0000e+00 1.0000e+00 9.0909e-02 0.0000e+00 1.0000e+00 1.0000e+00 1.0000e+00 0.0000e+00 1.6667e-01 0.0000e+00 1.1111e-01 1.0000e+00 1.0000e+00 1.0000e+00 2.5000e-01 1.0000e+00 1.0000e+00 1.0000e+00 2.9412e-01 1.0000e+00 1.0000e+00 1.0000e+00 1.8182e-01 1.0000e+00 1.0000e+00 1.8182e-01 1.0000e+00 0.0000e+00 4.2857e-01 0.0000e+00 1.0000e+00 4.6154e-01 1.0000e+00 1.0000e+00 1.0000e+00 1.0000e+00
0.0000e+00 1.0000e+00 1.1111e-01 4.4828e-01 4.2308e-01 1.0000e+00 1.0000e+00 0.0000e+00 2.0000e-01 1.0000e-01 4.0000e-01 0.0000e+00 0.0000e+00 3.5294e-01 1.0000e+00 1.0000e+00 2.0000e-01 0.0000e+00 1.0000e+00 1.0000e+00 1.0000e+00 3.1250e-01 2.3077e-01 1.8182e-01 0.0000e+00 1.0000e+00 1.0000e+00 1.0000e+00 2.1429e-01 1.0000e+00 1.0000e+00 1.0000e+00 2.3077e-01 1.0000e+00 1.0000e+00 1.0000e+00 0.0000e+00 1.0000e+00 1.0000e+00 3.3333e-01 1.0000e+00 1.8182e-01 0.0000e+00 4.8148e-01 1.0000e+00 1.1111e-01 1.0000e+00 1.0000e+00 1.0000e+00 1.0000e+00
0.0000e+00 1.0000e+00 0.0000e+00 0.0000e+00 3.3333e-01 1.0000e+00 1.0000e+00 1.1111e-01 2.5000e-01 0.0000e+00 0.0000e+00 0.0000e+00 0.0000e+00 0.0000e+00 1.0000e+00 1.0000e+00 9.0909e-02 0.0000e+00 1.0000e+00 1.0000e+00 1.0000e+00 0.0000e+00 0.0000e+00 0.0000e+00 1.8182e-01 1.0000e+00 1.0000e+00 1.0000e+00 3.1579e-01 1.0000e+00 1.0000e+00 1.0000e+00 1.6667e-01 1.0000e+00 1.0000e+00 1.0000e+00 0.0000e+00 1.0000e+00 1.0000e+00 0.0000e+00 1.0000e+00 0.0000e+00 0.0000e+00 1.1111e-01 1.0000e+00 1.8182e-01 1.0000e+00 1.0000e+00 1.0000e+00 1.0000e+00
6.3462e-01 1.0000e+00 2.5000e-01 6.9697e-01 1.6667e-01 1.0000e+00 1.0000e+00 3.5294e-01 3.3333e-01 3.5000e-01 0.0000e+00 2.5000e-01 2.9412e-01 3.5294e-01 1.0000e+00 1.0000e+00 9.0909e-02 0.0000e+00 1.0000e+00 1.0000e+00 1.0000e+00 6.8478e-01 3.9130e-01 3.3333e-01 2.8571e-01 1.0000e+00 1.0000e+00 1.0000e+00 2.5000e-01 1.0000e+00 1.0000e+00 1.0000e+00 1.6667e-01 1.0000e+00 1.0000e+00 1.0000e+00 0.0000e+00 1.0000e+00 1.0000e+00 2.3077e-01 1.0000e+00 4.2857e-01 7.1875e-01 5.1515e-01 1.0000e+00 1.1111e-01 1.0000e+00 1.0000e+00 1.0000e+00 1.0000e+00
3.3333e-01 1.0000e+00 2.5000e-01 2.9412e-01 1.6667e-01 1.0000e+00 1.0000e+00 1.8182e-01 2.5000e-01 2.1429e-01 0.0000e+00 2.5000e-01 2.3077e-01 0.0000e+00 1.0000e+00 1.0000e+00 1.5385e-01 0.0000e+00 1.0000e+00 1.0000e+00 1.0000e+00 1.1111e-01 0.0000e+00 2.3077e-01 2.8571e-01 1.0000e+00 1.0000e+00 1.0000e+00 2.5000e-01 1.0000e+00 1.0000e+00 1.0000e+00 1.0000e-01 1.0000e+00 1.0000e+00 1.0000e+00 1.1111e-01 1.0000e+00 1.0000e+00 1.0000e-01 1.0000e+00 0.0000e+00 1.1111e-01 2.3077e-01 1.0000e+00 1.8182e-01 1.0000e+00 1.0000e+00 1.0000e+00 1.0000e+00
1.8182e-01 1.0000e+00 1.1111e-01 2.9412e-01 6.9492e-01 1.0000e+00 1.0000e+00 0.0000e+00 2.5000e-01 8.4236e-01 2.5000e-01 4.2857e-01 2.9412e-01 2.3077e-01 1.0000e+00 1.0000e+00 1.5385e-01 1.1111e-01 1.0000e+00 1.0000e+00 1.0000e+00 3.8095e-01 1.0000e-01 3.6842e-01 2.3077e-01 1.0000e+00 1.0000e+00 1.0000e+00 6.2222e-01 1.0000e+00 1.0000e+00 1.0000e+00 7.3006e-01 1.0000e+00 1.0000e+00 1.0000e+00 0.0000e+00 1.0000e+00 1.0000e+00 2.3077e-01 1.0000e+00 4.8148e-01 7.5000e-01 4.4000e-01 1.0000e+00 2.8571e-01 1.0000e+00 1.0000e+00 1.0000e+00 1.0000e+00
