1.9000e+01 1.3000e+01 8.5000e+01 4.0000e+00 9.9000e+01 4.4000e+01 3.6000e+01 1.9100e+02 1.2900e+02 5.5000e+01 1.2000e+01 1.5000e+01 1.0000e+00 1.4000e+01 8.0000e+00 2.9000e+01 3.0000e+00 1.0000e+00 6.0000e+00 1.2000e+01 1.9000e+01 4.0000e+00 8.4000e+01 6.0000e+00 1.0000e+01 8.0000e+00 1.1600e+02 1.6000e+01 2.6000e+02 8.3000e+01 3.6910e+03 1.6200e+02 7.2000e+01 2.5000e+01 1.5000e+01 1.3000e+01 3.0000e+00 2.3000e+01 1.3000e+01 8.0000e+00 6.3000e+01 0.0000e+00 3.0000e+00 9.0000e+00 1.4600e+02 1.0000e+00 1.3000e+01 5.6000e+01 3.0000e+00 2.0000e+01
5.0000e+00 2.3000e+01 0.0000e+00 0.0000e+00 3.2290e+03 0.0000e+00 0.0000e+00 3.6000e+01 1.0000e+00 2.0000e+00 0.0000e+00 0.0000e+00 1.0000e+00 0.0000e+00 2.0000e+00 3.5000e+01 1.0000e+00 0.0000e+00 2.0000e+00 1.0000e+00 2.0000e+00 2.0000e+00 8.0000e+01 0.0000e+00 6.0000e+00 1.0000e+00 9.0000e+00 0.0000e+00 4.6000e+01 1.6400e+02 1.0000e+01 0.0000e+00 0.0000e+00 0.0000e+00 1.0000e+01 1.0000e+00 1.0000e+00 0.0000e+00 1.6000e+01 0.0000e+00 0.0000e+00 3.0000e+00 2.0000e+00 7.0000e+00 5.7980e+03 2.1000e+01 0.0000e+00 3.0000e+00 7.0000e+00 0.0000e+00
1.0000e+00 1.9000e+01 2.0000e+00 8.6000e+01 1.5000e+01 4.8000e+01 2.0000e+01 5.0000e+00 2.6100e+02 6.3000e+01 3.9900e+03 1.0000e+01 5.4000e+01 1.9800e+02 0.0000e+00 2.0900e+02 3.3000e+01 1.5000e+01 2.9000e+01 9.0000e+00 7.4000e+01 1.0000e+01 1.6000e+01 5.4000e+01 3.3940e+03 7.0000e+00 2.0000e+00 3.4000e+01 2.0600e+02 6.5000e+01 1.7000e+01 1.6000e+01 4.1000e+01 6.5000e+01 9.9700e+02 9.0000e+00 1.6000e+01 5.0000e+00 4.7000e+01 1.0000e+01 7.6000e+01 3.7000e+01 3.2500e+02 9.0000e+00 0.0000e+00 4.0000e+00 1.2000e+01 8.0000e+00 4.2000e+01 1.9000e+01
5.9300e+03 2.4000e+01 5.3390e+03 4.3430e+03 7.0000e+00 4.9740e+03 5.9830e+03 4.0000e+01 3.2620e+03 5.1840e+03 3.0000e+00 4.5640e+03 4.3770e+03 3.4900e+03 0.0000e+00 2.9350e+03 2.0000e+00 1.0800e+02 4.7500e+02 0.0000e+00 5.4140e+03 5.3130e+03 0.0000e+00 5.7640e+03 2.0000e+00 1.8540e+03 2.7050e+03 7.3000e+01 3.0000e+00 1.3770e+03 4.0000e+00 2.9100e+02 2.2100e+02 0.0000e+00 4.0000e+00 0.0000e+00 2.5350e+03 2.5780e+03 1.3700e+02 7.0000e+00 4.9280e+03 3.9940e+03 7.0000e+00 3.3400e+02 0.0000e+00 5.8740e+03 4.9640e+03 4.4030e+03 5.5940e+03 5.0000e+00
0.0000e+00 3.0000e+00 0.0000e+00 0.0000e+00 4.0000e+00 0.0000e+00 0.0000e+00 0.0000e+00 0.0000e+00 0.0000e+00 1.0000e+00 4.0000e+00 0.0000e+00 0.0000e+00 0.0000e+00 8.0000e+00 4.0000e+00 0.0000e+00 0.0000e+00 1.3000e+01 3.0000e+00 4.0000e+00 3.5000e+01 0.0000e+00 2.0000e+00 1.0000e+00 0.0000e+00 0.0000e+00 1.0000e+00 0.0000e+00 4.0000e+00 9.0000e+00 0.0000e+00 0.0000e+00 9.0000e+00 0.0000e+00 0.0000e+00 1.0000e+00 5.7400e+02 0.0000e+00 0.0000e+00 0.0000e+00 2.0000e+00 0.0000e+00 0.0000e+00 0.0000e+00 1.0000e+00 2.2200e+02 0.0000e+00 0.0000e+00
0.0000e+00 2.0000e+00 0.0000e+00 1.0000e+00 0.0000e+00 1.4000e+01 0.0000e+00 0.0000e+00 0.0000e+00 0.0000e+00 3.4000e+01 4.0000e+00 0.0000e+00 3.0000e+00 7.0000e+00 6.7000e+01 5.0000e+00 0.0000e+00 2.0000e+00 1.0000e+00 4.0000e+00 0.0000e+00 0.0000e+00 0.0000e+00 9.0000e+00 0.0000e+00 0.0000e+00 0.0000e+00 1.8000e+01 2.6240e+03 2.0000e+00 4.0000e+00 1.0000e+00 0.0000e+00 1.1000e+01 0.0000e+00 0.0000e+00 3.1460e+03 5.0980e+03 1.0000e+00 0.0000e+00 1.0000e+01 5.6060e+03 0.0000e+00 0.0000e+00 0.0000e+00 4.0000e+00 1.0000e+00 1.0000e+00 0.0000e+00
0.0000e+00 1.0000e+00 0.0000e+00 4.0000e+00 2.0000e+00 1.0000e+00 0.0000e+00 0.0000e+00 0.0000e+00 2.0000e+00 2.0000e+00 2.0000e+00 0.0000e+00 1.0000e+00 0.0000e+00 3.5400e+02 2.0000e+00 4.0000e+00 5.0000e+00 0.0000e+00 1.0000e+00 0.0000e+00 1.6000e+01 0.0000e+00 5.0000e+00 2.0000e+00 0.0000e+00 3.0000e+00 0.0000e+00 1.7000e+01 0.0000e+00 5.0000e+00 4.0000e+00 2.0000e+00 1.2000e+01 0.0000e+00 0.0000e+00 0.0000e+00 0.0000e+00 1.0000e+00 0.0000e+00 4.0000e+00 0.0000e+00 1.0000e+00 0.0000e+00 0.0000e+00 0.0000e+00 4.0000e+00 1.0000e+00 3.0000e+00
0.0000e+00 1.0800e+02 7.0000e+00 7.0000e+00 9.0000e+00 2.6000e+01 0.0000e+00 5.0000e+00 2.5600e+02 1.0000e+01 1.0000e+00 1.0000e+00 5.0000e+00 8.0000e+00 1.2400e+02 1.7800e+02 7.8000e+01 1.7300e+02 8.0000e+00 8.1000e+01 1.8000e+01 9.0000e+00 2.7060e+03 0.0000e+00 6.2000e+01 2.0030e+03 1.8000e+01 3.1370e+03 3.5300e+02 1.6000e+01 3.1000e+01 1.8000e+01 7.0000e+00 9.0000e+00 2.3700e+02 3.4000e+01 3.6000e+01 0.0000e+00 0.0000e+00 8.2000e+02 8.0000e+00 5.7000e+01 0.0000e+00 1.9000e+01 0.0000e+00 0.0000e+00 1.6000e+01 1.2700e+02 3.0000e+00 7.0000e+00
0.0000e+00 4.0000e+00 6.0000e+00 2.1000e+01 1.5000e+01 4.0000e+00 0.0000e+00 2.0000e+00 7.0000e+00 2.0000e+00 1.0000e+00 2.5000e+01 0.0000e+00 7.0000e+00 2.0000e+00 7.4000e+01 1.5000e+01 2.0000e+00 5.0000e+00 0.0000e+00 1.0000e+00 4.0000e+00 3.2000e+01 0.0000e+00 6.0000e+00 1.8000e+01 2.0000e+00 2.0000e+00 5.0000e+00 2.0000e+01 2.8000e+01 0.0000e+00 2.0000e+00 1.1000e+01 6.2000e+01 1.9000e+01 2.0000e+00 0.0000e+00 0.0000e+00 3.0000e+00 6.0000e+00 0.0000e+00 0.0000e+00 2.0000e+00 0.0000e+00 0.0000e+00 8.8000e+01 1.0000e+00 0.0000e+00 1.0000e+01
0.0000e+00 3.7770e+03 2.0000e+00 2.0000e+00 8.9100e+02 1.9800e+02 0.0000e+00 4.6610e+03 4.2000e+01 2.2000e+01 1.6000e+01 6.1700e+02 2.0800e+02 5.7600e+02 4.0600e+03 1.1000e+01 4.0810e+03 4.6550e+03 3.5960e+03 4.6510e+03 6.4000e+01 1.0000e+00 1.0000e+01 0.0000e+00 1.5700e+02 4.3000e+01 1.4670e+03 4.0000e+01 3.4810e+03 1.0000e+00 1.3000e+01 4.3290e+03 4.4150e+03 4.6810e+03 2.6260e+03 5.4450e+03 2.6990e+03 0.0000e+00 0.0000e+00 2.8840e+03 3.0000e+00 1.5000e+01 0.0000e+00 4.0930e+03 0.0000e+00 0.0000e+00 2.7900e+02 6.0000e+00 1.0000e+00 4.8530e+03
