1.2000e+01 1.0000e+01 1.4000e+01 1.1000e+02 1.2000e+01 5.0000e+00 1.7000e+01 5.0000e+00 5.2420e+03 6.0000e+00 1.3000e+01 5.0000e+00 1.2200e+02 8.2100e+02 1.1000e+02 2.3000e+01 1.3800e+02 5.2000e+01 2.5900e+02 8.7000e+01 5.0000e+00 3.6950e+03 3.9060e+03 4.8530e+03 4.1000e+01 2.0000e+01 1.6000e+01 2.3000e+01 6.0000e+00 3.7330e+03 9.0000e+00 9.0000e+00 2.6220e+03 1.5000e+01 1.1000e+01 1.2000e+01 7.6000e+02 6.9000e+01 2.4000e+01 1.3580e+03 1.9360e+03 2.9000e+01 5.0000e+00 1.0100e+02 2.1000e+01 5.0000e+00 1.2000e+01 1.0000e+01 1.1000e+01 5.0000e+00
5.1000e+01 1.1300e+02 3.4750e+03 2.0000e+01 4.1000e+01 1.1700e+02 2.2000e+01 5.8700e+02 4.1000e+01 5.4500e+02 3.2000e+01 2.9000e+01 8.5000e+01 2.5000e+01 5.5290e+03 3.5000e+01 7.8000e+01 4.9200e+03 3.6450e+03 6.6000e+01 1.1600e+02 1.3210e+03 1.9200e+02 2.2000e+01 4.9400e+02 1.5500e+02 7.3000e+01 6.5000e+01 4.5000e+02 5.5000e+01 9.7000e+01 1.2470e+03 8.6000e+01 5.2000e+01 2.3400e+02 1.0250e+03 2.9000e+01 4.1000e+01 8.5000e+01 5.5000e+01 2.6000e+01 5.0000e+01 5.8580e+03 3.4900e+02 2.9000e+01 7.9000e+01 3.4000e+01 1.9000e+01 6.2000e+01 4.6900e+02
3.6200e+02 6.8000e+01 1.7980e+03 1.1000e+01 7.0000e+00 2.2000e+01 5.4470e+03 2.2000e+01 1.0000e+01 1.1000e+01 5.4030e+03 5.0000e+00 1.0000e+01 8.0000e+00 7.3000e+01 1.1000e+01 1.5000e+01 2.3000e+01 4.2200e+02 1.8900e+02 1.2000e+01 8.0000e+00 1.1200e+02 1.2000e+01 1.5000e+02 6.0000e+00 2.3000e+01 2.6000e+01 8.2000e+02 1.5000e+01 2.3000e+01 4.1580e+03 1.8200e+03 1.0000e+01 1.3000e+01 1.8000e+01 1.5000e+01 3.7000e+01 1.6000e+01 7.8600e+02 1.2000e+01 1.2000e+01 5.0000e+00 6.0000e+01 2.0000e+01 7.0000e+00 9.0000e+00 5.2160e+03 5.4000e+01 7.2900e+02
3.2000e+01 3.0000e+01 1.0000e+01 1.5000e+01 1.1000e+01 5.5000e+01 1.2000e+01 1.0000e+01 1.4000e+01 7.9000e+01 2.1000e+01 5.7000e+01 2.8000e+01 7.6000e+01 1.0000e+01 3.0000e+01 1.4000e+01 3.9000e+01 6.8000e+01 1.0320e+03 3.4400e+02 3.7000e+01 1.2100e+02 2.3600e+02 2.9930e+03 7.3000e+01 5.5400e+02 5.1070e+03 9.9000e+01 2.1000e+02 5.8360e+03 1.1000e+02 8.3000e+01 4.5400e+02 2.4500e+02 1.0200e+02 4.3000e+01 6.5000e+01 4.9570e+03 3.2000e+01 4.9000e+01 2.5300e+02 1.2000e+01 2.4000e+01 1.6800e+02 5.2930e+03 7.4500e+02 5.0000e+01 1.5300e+02 1.1500e+02
6.6000e+01 1.0600e+02 1.3600e+02 1.8000e+01 9.3000e+01 6.8000e+01 7.7000e+01 6.2900e+02 1.4000e+01 3.4000e+01 1.6700e+02 8.0000e+01 5.1900e+03 1.9000e+01 5.1000e+01 5.2000e+01 5.0480e+03 4.0800e+02 1.1200e+02 2.7210e+03 6.7000e+01 2.7000e+01 2.0000e+01 2.3000e+01 4.8000e+01 2.0000e+01 2.8770e+03 1.3600e+02 1.2540e+03 3.7000e+01 3.3000e+01 2.2000e+02 4.9000e+01 1.9000e+01 4.9160e+03 7.1800e+02 4.5000e+01 4.0000e+01 9.3000e+01 2.9000e+01 1.2700e+02 1.8300e+02 2.5000e+01 1.1000e+01 5.8000e+01 3.4000e+01 2.7100e+02 1.4000e+01 3.0100e+02 3.2140e+03
6.0000e+00 1.9400e+02 1.4000e+01 5.1000e+01 1.4000e+01 1.5000e+01 1.5000e+01 1.9000e+01 1.6000e+02 5.0000e+00 1.1000e+01 1.0000e+01 2.4000e+02 3.9700e+02 2.9000e+01 1.2000e+01 7.2000e+01 1.3000e+01 7.9500e+02 1.6000e+01 1.0000e+00 5.6700e+02 8.6500e+02 7.2800e+02 1.8390e+03 2.3000e+01 1.3000e+01 7.6000e+01 9.0000e+00 8.0000e+00 1.1000e+01 8.0000e+00 7.3000e+01 1.2000e+01 1.2000e+01 8.0000e+00 2.2600e+02 5.5380e+03 5.8000e+02 3.5520e+03 2.9580e+03 5.3080e+03 6.0000e+00 5.6000e+01 5.3080e+03 1.8000e+01 2.7000e+01 1.5000e+01 1.1000e+01 6.0000e+00
5.3950e+03 1.3000e+01 2.1000e+02 9.7000e+01 5.1370e+03 9.0000e+00 4.3900e+02 4.7720e+03 1.3000e+01 4.9030e+03 2.1000e+01 7.0000e+00 1.0000e+01 1.3000e+01 1.7000e+01 5.5120e+03 2.8600e+02 1.2000e+01 1.7000e+01 1.8200e+02 2.3000e+01 8.0000e+00 2.2000e+01 1.2000e+01 2.8000e+02 6.0000e+00 5.0000e+00 7.7000e+01 1.6500e+02 2.4000e+01 9.0000e+00 1.2300e+02 3.1000e+01 5.0000e+00 5.0000e+00 4.2200e+02 3.6000e+01 8.0000e+00 5.0000e+01 1.1400e+02 4.8500e+02 2.2000e+01 2.1000e+01 1.6000e+01 8.0000e+00 7.0000e+00 1.9000e+01 3.7100e+02 3.6400e+02 1.0000e+01
2.0000e+01 2.1000e+02 8.1000e+01 1.5000e+01 4.6400e+02 1.8000e+01 2.0000e+01 2.2000e+01 4.1000e+02 1.6000e+02 2.6000e+01 6.7200e+02 1.9000e+01 4.2200e+03 1.5800e+02 2.2600e+02 1.0000e+02 9.5000e+01 1.8000e+01 4.3000e+02 9.2100e+02 6.6000e+01 1.5000e+01 2.2000e+01 2.6000e+01 2.7000e+01 5.2500e+02 1.5900e+02 3.1210e+03 5.3000e+01 4.2000e+01 4.5000e+01 1.0370e+03 5.3950e+03 4.2100e+02 3.5650e+03 1.0000e+01 9.1000e+01 6.0000e+01 6.5000e+01 1.4100e+02 1.3000e+01 1.1000e+01 2.7000e+01 2.6000e+01 3.3300e+02 1.7400e+02 1.8000e+01 4.7540e+03 1.1520e+03
1.0000e+01 5.1910e+03 1.0000e+01 5.6530e+03 1.5000e+02 5.1000e+01 2.0000e+01 1.3000e+01 4.6000e+01 5.2000e+01 1.3900e+02 1.4000e+01 2.6000e+02 2.9800e+02 4.5000e+01 6.8000e+01 3.0000e+01 9.6000e+01 4.1500e+02 2.1500e+02 3.0000e+00 4.4000e+01 5.9500e+02 1.3000e+01 6.0000e+01 1.3000e+01 5.0000e+00 1.3100e+02 1.5000e+01 1.6520e+03 9.0000e+00 6.0000e+00 2.1600e+02 1.8000e+01 8.0000e+00 7.8000e+01 4.8080e+03 6.8000e+01 1.3000e+01 4.4000e+01 1.8600e+02 3.9000e+01 3.0000e+00 5.2950e+03 7.0000e+01 1.1600e+02 4.2960e+03 1.3000e+01 7.8000e+01 9.0000e+00
1.2300e+02 1.1000e+01 3.8400e+02 2.1000e+01 1.9000e+01 5.7200e+03 2.7000e+01 2.0000e+01 1.3000e+01 2.3300e+02 1.8700e+02 5.1140e+03 1.8000e+01 9.8000e+01 1.5000e+01 3.2000e+01 2.9300e+02 4.2000e+02 2.7800e+02 1.1120e+03 4.4840e+03 5.9000e+01 8.4000e+01 3.1000e+01 6.3000e+01 5.6790e+03 1.8260e+03 1.1300e+02 4.0000e+01 2.3900e+02 1.8000e+01 1.3600e+02 1.2000e+01 4.2000e+01 6.4000e+01 1.8000e+01 1.4000e+01 1.1800e+02 1.6800e+02 2.2000e+01 7.8000e+01 7.5000e+01 3.9000e+01 4.1000e+01 2.4000e+02 3.6000e+01 3.4500e+02 2.6500e+02 1.5600e+02 1.8000e+02
