9.3617e-01 0.0000e+00 0.0000e+00 7.7391e-01 3.7037e-01 3.5294e-01 4.1667e-01 0.0000e+00 9.0534e-01 9.6984e-01
0.0000e+00 2.5000e-01 0.0000e+00 9.9778e-01 5.0000e-01 4.5455e-01 6.7391e-01 1.0000e-01 0.0000e+00 9.6853e-01
9.7650e-01 5.5556e-01 0.0000e+00 6.6667e-01 7.8699e-01 6.8817e-01 9.6564e-01 7.6434e-01 6.0000e-01 4.5455e-01
9.0000e-01 1.0000e+00 9.2308e-01 6.2500e-01 6.2264e-01 9.8018e-01 0.0000e+00 5.3659e-01 1.1111e-01 7.8571e-01
0.0000e+00 1.0000e-01 8.8013e-01 6.8812e-01 2.6667e-01 0.0000e+00 1.0000e-01 5.4386e-01 2.5000e-01 3.3333e-01
6.8182e-01 5.2632e-01 1.4286e-01 1.1111e-01 3.8235e-01 2.8571e-01 9.6306e-01 7.4528e-01 0.0000e+00 5.1613e-01
8.1942e-01 5.2830e-01 0.0000e+00 4.5455e-01 6.3026e-01 5.3086e-01 5.2632e-01 2.2727e-01 3.3333e-01 5.5556e-01
3.0769e-01 9.6953e-01 9.5887e-01 2.5000e-01 1.4286e-01 3.9130e-01 7.2115e-01 8.2853e-01 3.9130e-01 1.1111e-01
2.3529e-01 4.8936e-01 1.5385e-01 7.7045e-01 5.1111e-01 0.0000e+00 4.3590e-01 5.6195e-01 7.2596e-01 4.7170e-01
1.2500e-01 9.9277e-01 1.2500e-01 0.0000e+00 8.3333e-02 1.8182e-01 1.2500e-01 4.7619e-01 4.8649e-01 5.0000e-01
