4.4000e+01 0.0000e+00 0.0000e+00 8.9000e+01 1.0000e+01 6.0000e+00 5.0000e+00 0.0000e+00 4.1220e+03 5.1130e+03
0.0000e+00 2.0000e+00 0.0000e+00 4.9540e+03 2.6000e+01 1.0000e+01 3.1000e+01 1.0000e+00 0.0000e+00 4.4010e+03
1.7870e+03 5.0000e+00 0.0000e+00 4.2000e+01 6.0370e+03 6.4000e+01 8.4300e+02 3.7300e+02 3.6000e+01 1.0000e+01
9.0000e+00 7.0000e+00 1.2000e+01 5.0000e+00 6.6000e+01 9.5920e+03 0.0000e+00 2.2000e+01 1.0000e+00 1.1000e+01
0.0000e+00 1.0000e+00 7.9370e+03 1.3900e+02 8.0000e+00 0.0000e+00 1.0000e+00 6.2000e+01 5.0000e+00 7.0000e+00
4.5000e+01 1.0000e+01 1.0000e+00 1.0000e+00 1.3000e+01 4.0000e+00 8.6300e+03 3.1600e+02 0.0000e+00 1.6000e+01
6.4390e+03 2.8000e+01 0.0000e+00 2.0000e+01 1.0790e+03 4.3000e+01 3.0000e+01 5.0000e+00 1.0000e+01 4.5000e+01
4.0000e+00 8.5900e+02 8.1600e+02 3.0000e+00 2.0000e+00 9.0000e+00 7.5000e+01 7.2480e+03 9.0000e+00 1.0000e+00
4.0000e+00 2.3000e+01 2.0000e+00 3.5410e+03 1.1500e+02 0.0000e+00 1.7000e+01 1.2700e+02 3.7300e+03 2.5000e+01
1.0000e+00 8.9310e+03 1.0000e+00 0.0000e+00 1.0000e+00 2.0000e+00 1.0000e+00 2.0000e+01 1.8000e+01 1.5000e+01
