7.7778e-01 1.6667e-01 1.6667e-01 7.5000e-01 4.1667e-01 6.2069e-01 4.6667e-01 0.0000e+00 9.1303e-01 9.7118e-01
3.3333e-01 7.5000e-01 3.0000e-01 9.9855e-01 4.8980e-01 2.8571e-01 7.3016e-01 0.0000e+00 1.1111e-01 9.6893e-01
9.7563e-01 4.0000e-01 0.0000e+00 6.7647e-01 7.8514e-01 4.8276e-01 9.8117e-01 7.7915e-01 6.0000e-01 6.3636e-01
5.8333e-01 6.6667e-01 7.6923e-01 3.6364e-01 7.4074e-01 9.7664e-01 0.0000e+00 2.5000e-01 4.1176e-01 7.8947e-01
0.0000e+00 0.0000e+00 8.7762e-01 6.5409e-01 2.0833e-01 3.0435e-01 1.0000e-01 5.5882e-01 1.4286e-01 4.2857e-01
6.6667e-01 5.2632e-01 0.0000e+00 2.0000e-01 5.2055e-01 2.6667e-01 9.6488e-01 7.8697e-01 1.1111e-01 3.5294e-01
8.3237e-01 4.5161e-01 2.1429e-01 2.0000e-01 6.2843e-01 5.0000e-01 3.4783e-01 2.5000e-01 5.3012e-01 5.9184e-01
6.1538e-01 9.6407e-01 9.5459e-01 4.0000e-01 0.0000e+00 3.9130e-01 6.0417e-01 8.2407e-01 4.8571e-01 0.0000e+00
1.5385e-01 3.1818e-01 0.0000e+00 7.6314e-01 4.6269e-01 7.6923e-02 3.8710e-01 5.4070e-01 7.3789e-01 2.9167e-01
0.0000e+00 9.9438e-01 2.0000e-01 1.8182e-01 0.0000e+00 3.6364e-01 2.5000e-01 4.7619e-01 2.6667e-01 4.4000e-01
