8.8393e-01 1.2500e-01 3.0769e-01 3.5714e-01 4.9123e-01 5.0000e-01 4.1176e-01 2.5000e-01 9.0603e-01 9.7265e-01
1.2500e-01 6.5306e-01 4.2857e-01 9.9780e-01 4.5652e-01 3.7500e-01 7.6786e-01 0.0000e+00 1.1111e-01 9.6711e-01
9.7394e-01 3.5714e-01 0.0000e+00 1.0000e+00 7.8860e-01 1.2500e-01 9.7178e-01 7.9037e-01 6.5333e-01 1.0000e+00
7.8462e-01 6.5306e-01 7.5630e-01 1.0000e+00 7.1803e-01 9.7974e-01 0.0000e+00 2.7778e-01 4.0909e-01 1.0000e+00
0.0000e+00 1.2500e-01 8.8149e-01 1.0000e+00 1.4286e-01 1.0000e+00 0.0000e+00 6.4062e-01 1.1111e-01 1.0000e+00
4.5000e-01 5.1852e-01 1.2500e-01 1.0000e+00 5.2113e-01 1.0000e+00 9.6675e-01 7.6031e-01 1.8182e-01 1.0000e+00
8.2759e-01 4.1176e-01 3.0769e-01 1.0000e+00 5.0769e-01 1.0000e+00 1.0000e+00 2.0000e-01 5.8824e-01 1.0000e+00
5.0000e-01 9.7127e-01 9.5312e-01 1.0000e+00 0.0000e+00 1.0000e+00 1.0000e+00 8.2746e-01 4.1667e-01 1.0000e+00
0.0000e+00 4.7826e-01 1.2500e-01 1.0000e+00 4.5833e-01 1.0000e+00 1.0000e+00 4.8889e-01 6.7742e-01 1.0000e+00
2.0000e-01 9.9448e-01 1.2500e-01 1.0000e+00 1.4286e-01 1.0000e+00 1.0000e+00 5.3448e-01 4.6429e-01 1.0000e+00
