4.2100e+02 1.0000e+00 1.0000e+00 1.0000e+00 7.0000e+00 2.0000e+00 2.0000e+00 1.0000e+00 2.0000e+00 9.7260e+03
1.0000e+00 1.0000e+00 1.0000e+00 1.0045e+04 1.0000e+00 2.0000e+00 4.0000e+00 1.0000e+00 1.0000e+00 1.4400e+02
5.3900e+03 1.0000e+00 1.0000e+00 4.0000e+00 2.0000e+00 3.0000e+00 6.2100e+03 1.0000e+00 2.0000e+00 2.0000e+00
3.0000e+00 2.0000e+00 2.0000e+00 3.0000e+00 2.0000e+00 9.9600e+03 1.0000e+00 4.0000e+00 1.0000e+00 1.0000e+00
1.0000e+00 1.0000e+00 6.6500e+03 1.0000e+00 1.0000e+00 1.0000e+00 1.0000e+00 1.0000e+00 1.0000e+00 1.0000e+00
2.0000e+00 1.0000e+00 1.0000e+00 1.0000e+00 1.0000e+00 1.0000e+00 3.8450e+03 9.9490e+03 1.0000e+00 3.0000e+00
4.2920e+03 1.0000e+00 1.0000e+00 4.0000e+00 9.6950e+03 2.0000e+00 2.9000e+01 1.3000e+01 1.0000e+00 2.0000e+00
1.0000e+00 3.2290e+03 3.3630e+03 1.0000e+00 1.0000e+00 1.0000e+00 1.0000e+00 5.0000e+00 8.0000e+00 1.0000e+00
1.0000e+00 1.0000e+00 1.0000e+00 3.0000e+00 2.6300e+02 1.0000e+00 1.0000e+00 2.3000e+01 1.0040e+04 3.0000e+00
1.0000e+00 6.5750e+03 1.0000e+00 1.0000e+00 3.0000e+00 1.0000e+00 2.0000e+00 1.0000e+00 1.0000e+00 2.0000e+00
