8.4798e-01 0.0000e+00 0.0000e+00 0.0000e+00 5.7143e-01 5.0000e-01 5.0000e-01 0.0000e+00 5.0000e-01 9.7255e-01
0.0000e+00 0.0000e+00 0.0000e+00 9.9671e-01 0.0000e+00 5.0000e-01 7.5000e-01 0.0000e+00 0.0000e+00 9.7222e-01
9.7774e-01 0.0000e+00 0.0000e+00 7.5000e-01 5.0000e-01 6.6667e-01 9.6860e-01 0.0000e+00 5.0000e-01 5.0000e-01
6.6667e-01 1.0000e+00 5.0000e-01 6.6667e-01 5.0000e-01 9.7922e-01 0.0000e+00 5.0000e-01 0.0000e+00 0.0000e+00
0.0000e+00 0.0000e+00 8.8211e-01 0.0000e+00 0.0000e+00 0.0000e+00 0.0000e+00 0.0000e+00 0.0000e+00 0.0000e+00
5.0000e-01 0.0000e+00 0.0000e+00 0.0000e+00 0.0000e+00 0.0000e+00 9.6229e-01 7.5716e-01 0.0000e+00 6.6667e-01
8.2619e-01 0.0000e+00 0.0000e+00 5.0000e-01 6.1475e-01 5.0000e-01 4.8276e-01 3.8462e-01 0.0000e+00 5.0000e-01
0.0000e+00 9.7120e-01 9.5510e-01 0.0000e+00 0.0000e+00 0.0000e+00 0.0000e+00 4.0000e-01 5.0000e-01 0.0000e+00
0.0000e+00 0.0000e+00 0.0000e+00 6.6667e-01 4.8669e-01 0.0000e+00 0.0000e+00 4.7826e-01 7.3526e-01 6.6667e-01
0.0000e+00 9.9559e-01 0.0000e+00 0.0000e+00 3.3333e-01 0.0000e+00 5.0000e-01 0.0000e+00 0.0000e+00 5.0000e-01
