2.7049e-01 5.2632e-02 2.9508e-01 4.1803e-01 3.0435e-01 6.8696e-01 9.3548e-01 2.3134e-01 2.3214e-01 1.3934e-01 5.1587e-01 2.4638e-01 6.6667e-02 2.2835e-01 3.0508e-01 5.1493e-01 2.9577e-01 1.4679e-01 8.4746e-02 1.4407e-01 2.6056e-01 2.6496e-01 4.7619e-02 2.7132e-01 1.1404e-01 2.1667e-01 4.1304e-01 1.4783e-01 3.7302e-01 5.4237e-01 1.8333e-01 3.6134e-01 2.3636e-01 3.7500e-01 3.6364e-01 4.7059e-01 1.2214e-01 6.4463e-01 8.4375e-01 6.3115e-01 1.7188e-01 1.0092e-01 6.1165e-01 1.2037e-01 4.3119e-01 4.3478e-01 4.9587e-01 4.2478e-01 1.5652e-01 1.5652e-01
2.7103e-01 1.2121e-01 3.8462e-02 5.1587e-01 4.2342e-01 6.6400e-01 2.4409e-01 3.3000e-01 2.6154e-01 3.9231e-01 1.8182e-01 5.9524e-01 1.2613e-01 8.4615e-02 3.1897e-01 6.1818e-01 5.3571e-01 1.8966e-01 8.4746e-02 1.6190e-01 7.2881e-01 4.0506e-01 2.9358e-01 1.5652e-01 4.5299e-01 3.3058e-01 2.8571e-01 2.2059e-01 3.3058e-01 8.0672e-01 1.6379e-01 9.3220e-01 4.4737e-01 3.4783e-02 1.0000e+00 1.3934e-01 2.2535e-01 6.1111e-01 1.0000e+00 1.7557e-01 3.8462e-02 1.1017e-01 8.1560e-01 5.4762e-01 8.2031e-01 2.8421e-01 9.8214e-02 1.7557e-01 1.7606e-01 1.9512e-01
3.4454e-01 7.9646e-02 8.4034e-02 1.3077e-01 2.0312e-01 4.7101e-01 5.0980e-01 1.8947e-01 3.2520e-02 1.7949e-01 3.1538e-01 1.3158e-01 5.0847e-02 1.1818e-01 8.9431e-02 4.8780e-01 1.6807e-01 2.1667e-01 8.9286e-02 3.9062e-02 2.3364e-01 3.9640e-01 1.5254e-01 2.4409e-01 1.6667e-01 2.9134e-01 1.2500e-01 8.2645e-02 1.4729e-01 7.3684e-01 1.9298e-01 1.8382e-01 3.6765e-02 1.5504e-01 1.6964e-01 2.6724e-01 2.2222e-02 5.4098e-01 6.6364e-01 4.6535e-01 8.1301e-03 2.6667e-02 5.8261e-01 3.8776e-01 2.5000e-01 1.1864e-01 1.3636e-01 1.5152e-01 4.7170e-02 1.5323e-01
2.9134e-01 1.4815e-02 6.5693e-02 1.7241e-02 1.8182e-01 7.5758e-02 5.2326e-01 2.5862e-02 1.5702e-01 4.2373e-02 1.3571e-01 2.7612e-01 2.7586e-02 2.3770e-01 1.7857e-01 3.5537e-01 6.9930e-02 1.0680e-01 8.5714e-02 9.8361e-02 1.0000e-01 2.6351e-01 3.5644e-01 1.7593e-01 6.1069e-02 7.0175e-02 1.7757e-01 2.1277e-02 0.0000e+00 5.7895e-01 9.1837e-02 9.6774e-02 8.7719e-03 5.4054e-02 4.5098e-01 1.2712e-01 4.0816e-02 0.0000e+00 3.7719e-01 4.2982e-01 0.0000e+00 0.0000e+00 3.7097e-01 7.1429e-03 1.5748e-02 2.8226e-01 5.4054e-02 2.2609e-01 2.7027e-02 7.3394e-02
3.0645e-01 3.7383e-02 1.8487e-01 1.9820e-01 2.8571e-01 2.4615e-01 1.0000e+00 2.3009e-01 2.2764e-01 1.7949e-01 2.1101e-01 1.7213e-01 4.2017e-02 2.5641e-01 3.1405e-01 3.5593e-01 5.9259e-02 1.5741e-01 1.8692e-01 4.5045e-02 1.4615e-01 1.3333e-01 2.5664e-01 2.1642e-01 1.3636e-01 2.1138e-01 2.4324e-01 2.5410e-01 7.8231e-01 5.7895e-01 4.8077e-02 7.3171e-02 2.6400e-01 1.4286e-01 6.0000e-01 1.9084e-01 6.5041e-02 3.2039e-01 1.0000e+00 1.9658e-01 1.3333e-01 2.2764e-01 5.9649e-01 1.3223e-01 3.4188e-01 1.8868e-01 2.9245e-01 1.8333e-01 1.4876e-01 1.8254e-01
2.5893e-01 7.7519e-02 9.0909e-02 1.7692e-01 2.9167e-01 1.8462e-01 2.6724e-01 8.4615e-02 2.4675e-01 9.7744e-02 3.8636e-01 1.1811e-01 9.6774e-02 0.0000e+00 1.4286e-01 3.0952e-01 4.4118e-02 4.7170e-02 7.0796e-02 5.0847e-02 1.2403e-01 1.4050e-01 1.5079e-01 1.8868e-01 1.1475e-01 8.0808e-02 8.1967e-03 1.8919e-01 1.1966e-01 2.5984e-01 9.9237e-02 1.8182e-01 1.2195e-01 2.3438e-02 2.8689e-01 3.3333e-01 6.7669e-02 1.5833e-01 6.8103e-01 7.9339e-01 7.2072e-02 1.8018e-02 4.0171e-01 1.6364e-01 4.7656e-01 2.8571e-01 4.0000e-01 2.7586e-01 9.7561e-02 0.0000e+00
5.2475e-01 5.9322e-02 1.6176e-01 3.1496e-02 1.6129e-02 2.8788e-01 1.5789e-01 0.0000e+00 1.0000e-02 0.0000e+00 3.4862e-01 0.0000e+00 1.9417e-02 1.8692e-01 0.0000e+00 1.2838e-01 0.0000e+00 0.0000e+00 0.0000e+00 4.2373e-02 4.2553e-02 0.0000e+00 1.4062e-01 5.2632e-02 4.0984e-02 3.1250e-02 0.0000e+00 4.2373e-02 1.1450e-01 4.1935e-01 2.0833e-02 0.0000e+00 0.0000e+00 2.2034e-01 0.0000e+00 5.4688e-02 0.0000e+00 1.7797e-01 0.0000e+00 2.0870e-01 9.0090e-03 0.0000e+00 1.1111e-01 0.0000e+00 0.0000e+00 6.0484e-01 2.3000e-01 2.2656e-01 5.3435e-02 1.3761e-01
8.9286e-02 8.2645e-02 1.0256e-01 1.7949e-01 8.1481e-02 1.9658e-01 2.2400e-01 7.5630e-02 2.1429e-02 8.6614e-02 2.1333e-01 1.7391e-01 1.0924e-01 4.3860e-02 6.3063e-02 2.9213e-01 7.8571e-02 2.2414e-01 6.3492e-02 4.2017e-02 7.8947e-02 1.0606e-01 1.7460e-01 1.1570e-01 7.4627e-02 5.0360e-02 8.5470e-03 1.0811e-01 1.4953e-01 2.8972e-01 1.3433e-01 1.7308e-01 6.2069e-02 4.9587e-02 7.0175e-02 1.0377e-01 2.4590e-02 2.2222e-01 3.6441e-01 5.4688e-02 2.2727e-02 7.2464e-03 9.2308e-02 1.2174e-01 4.5045e-02 1.6667e-02 5.4545e-02 8.7719e-02 7.8740e-02 1.5625e-02
6.0150e-02 2.3214e-01 4.8611e-02 1.3008e-01 2.8431e-01 8.6957e-02 6.4035e-01 1.1667e-01 1.7886e-01 5.4688e-02 4.2553e-02 1.5385e-01 8.4746e-03 8.4906e-02 2.4348e-01 4.1803e-01 1.3600e-01 9.6774e-02 1.5873e-01 3.0534e-02 1.0000e-01 2.0968e-01 4.1667e-02 2.8205e-01 2.3214e-01 2.4409e-01 8.0645e-03 2.1429e-01 8.4615e-02 1.2308e-01 9.8361e-02 1.1765e-01 1.8110e-01 1.9531e-01 2.5210e-01 2.1905e-01 6.2016e-02 2.6957e-01 1.0744e-01 2.5424e-02 3.8168e-02 1.1818e-01 3.0534e-02 9.9174e-02 5.3125e-01 5.6911e-02 1.7273e-01 1.5179e-01 3.8835e-02 1.3514e-01
2.0183e-01 1.4286e-01 1.0924e-01 2.6613e-01 5.5372e-01 2.7857e-01 4.3810e-01 3.6111e-01 1.4912e-01 1.6667e-01 2.7869e-01 1.2977e-01 2.2047e-01 1.1429e-01 1.6535e-01 3.8739e-01 1.3462e-01 9.4828e-02 1.7544e-01 3.7190e-01 1.7797e-01 4.5669e-01 3.1452e-01 2.0946e-01 9.6491e-02 2.0513e-01 1.7293e-01 6.5421e-02 2.8986e-01 2.0183e-01 1.2605e-01 1.3846e-01 2.1930e-01 1.3043e-01 3.3333e-01 2.7273e-01 7.0866e-02 3.5185e-01 5.8621e-01 1.2397e-01 9.9174e-02 5.9406e-02 2.3077e-01 1.3710e-01 1.5385e-01 1.8045e-01 3.1897e-01 1.8382e-01 1.5328e-01 2.0513e-01
8.5714e-01 1.8018e-01 3.0088e-01 7.8899e-01 2.0168e-01 3.5075e-01 8.5593e-01 1.1024e-01 3.2773e-01 2.9464e-01 2.7500e-01 2.5735e-01 5.7851e-02 2.1583e-01 9.0196e-01 6.5306e-01 3.6154e-01 5.4206e-01 5.8824e-01 7.9365e-02 5.8824e-01 8.2301e-01 4.7154e-01 8.6957e-01 5.1639e-01 2.7966e-01 6.5385e-01 2.6016e-01 1.1404e-01 4.4860e-01 7.8947e-01 7.1818e-01 3.6667e-01 5.9016e-01 4.6667e-01 6.6667e-01 1.9811e-01 5.0000e-01 8.3453e-01 8.1553e-01 0.0000e+00 8.2407e-01 6.3478e-01 6.9091e-01 5.3906e-01 7.4775e-01 3.6134e-01 6.3063e-01 4.6957e-01 1.9231e-01
2.9752e-01 1.2295e-01 1.2037e-01 1.0000e-01 1.2389e-01 6.2393e-01 3.7607e-01 9.3750e-02 0.0000e+00 3.1250e-02 2.5225e-01 3.2456e-01 1.3287e-01 0.0000e+00 2.1488e-01 5.7759e-01 1.0924e-01 7.3770e-02 1.2397e-01 5.4688e-02 3.1298e-01 1.6522e-01 2.2857e-01 1.2621e-01 1.4407e-01 2.4370e-01 4.3056e-01 1.1290e-01 3.9450e-01 3.2558e-01 2.2047e-01 9.5890e-02 0.0000e+00 6.4516e-02 4.7748e-01 1.8349e-01 0.0000e+00 5.2066e-01 6.5517e-01 4.1322e-02 0.0000e+00 3.7963e-01 1.0656e-01 8.7719e-02 0.0000e+00 2.0000e-01 8.5271e-02 1.8919e-01 2.3529e-01 1.0744e-01
8.1081e-01 7.3684e-01 7.0093e-01 4.6341e-01 6.6667e-01 7.7869e-01 6.1739e-01 6.4865e-01 4.1406e-01 8.2569e-01 4.2727e-01 6.5789e-01 6.1667e-01 8.0189e-01 5.9794e-01 4.5902e-01 7.3000e-01 4.0909e-01 7.5676e-01 7.9605e-01 6.1983e-01 5.0000e-01 5.3279e-01 6.5323e-01 7.7500e-01 9.1150e-01 3.9024e-01 5.2756e-01 6.7826e-01 7.4219e-01 7.7049e-01 8.9683e-01 6.7480e-01 4.0650e-01 6.0331e-01 5.8824e-01 7.9817e-01 7.6271e-01 7.2477e-01 7.9070e-01 6.6000e-01 7.9032e-01 3.2479e-01 7.9661e-01 3.8583e-01 6.6434e-01 7.4046e-01 4.0678e-01 6.9167e-01 7.1774e-01
1.5862e-01 1.0370e-01 7.0312e-02 4.6809e-01 3.8525e-01 3.3884e-01 1.9672e-01 2.0690e-01 1.1966e-01 3.5043e-01 1.6279e-01 3.5652e-01 1.2195e-01 1.9417e-01 4.3089e-01 4.4715e-01 1.6667e-01 1.9008e-01 1.3636e-01 1.0317e-01 9.1667e-02 6.7742e-01 2.2414e-01 4.2222e-01 2.6050e-01 3.1667e-01 2.6549e-01 3.7500e-01 2.8205e-01 4.3089e-01 1.8321e-01 3.2039e-01 3.3913e-01 1.4754e-01 3.4375e-01 3.3019e-01 7.1429e-02 7.0270e-01 7.1756e-01 6.3910e-01 7.7519e-02 6.4220e-02 4.9550e-01 1.8033e-01 4.2735e-01 7.0175e-01 1.6667e-01 2.6016e-01 1.3462e-01 1.7582e-01
2.8205e-01 7.5630e-02 3.4545e-01 4.3878e-01 3.8462e-01 2.9600e-01 6.6667e-01 1.5000e-01 4.0650e-01 2.3894e-01 4.4030e-01 2.0690e-01 3.7705e-01 4.2500e-01 1.7094e-01 2.5455e-01 2.4762e-01 1.5748e-01 3.7037e-01 3.5455e-01 1.3600e-01 3.1148e-01 2.5410e-01 2.7132e-01 1.9658e-01 2.3894e-01 2.4786e-01 4.1284e-01 1.6154e-01 2.1429e-01 2.6812e-01 3.0882e-01 3.8136e-01 1.3043e-01 3.1915e-01 2.7407e-01 1.2857e-01 5.7143e-01 5.5357e-01 2.5581e-01 1.6031e-01 2.5000e-01 5.1471e-01 4.0351e-01 6.4539e-01 2.4031e-01 5.4737e-01 3.3898e-01 5.3043e-01 1.8182e-01
8.3333e-03 2.4390e-02 1.0345e-01 1.2030e-01 2.0833e-01 1.2500e-01 7.2381e-01 2.3485e-01 1.4815e-02 7.6336e-02 2.2689e-01 1.0000e-01 5.9829e-02 1.2931e-01 5.0000e-01 2.8462e-01 7.2727e-02 5.0420e-02 8.6207e-02 2.0909e-01 4.0496e-01 1.8182e-01 4.5113e-02 1.8018e-01 1.0377e-01 6.8182e-02 2.3810e-01 1.4167e-01 1.1290e-01 1.8349e-01 2.4793e-02 1.9828e-01 1.4394e-01 7.7236e-01 8.8983e-01 2.4444e-01 5.4054e-02 8.2796e-01 7.6033e-01 1.0084e-01 1.4815e-02 1.8868e-02 5.6098e-01 9.7345e-02 7.0755e-01 3.6036e-02 8.9286e-02 6.7769e-01 6.0345e-02 1.0092e-01
1.3559e-01 8.1967e-02 1.0924e-01 3.7594e-02 8.0808e-02 1.9167e-01 7.3770e-02 6.8182e-02 3.7313e-02 6.7669e-02 4.7619e-01 5.3846e-02 1.6058e-01 1.7476e-01 3.1008e-01 0.0000e+00 1.1927e-01 6.2992e-02 8.0000e-02 1.3333e-01 2.2222e-01 0.0000e+00 7.2072e-02 4.2373e-02 1.5385e-01 4.2857e-02 0.0000e+00 1.8898e-01 1.1864e-01 7.6923e-02 5.3097e-02 7.5472e-02 1.2500e-01 9.9174e-02 6.4516e-02 9.3750e-02 0.0000e+00 0.0000e+00 1.1304e-01 9.0909e-03 0.0000e+00 0.0000e+00 0.0000e+00 1.1966e-01 0.0000e+00 1.6800e-01 5.2174e-02 1.7544e-01 1.1811e-01 1.1712e-01
4.0336e-01 8.2171e-01 8.8000e-02 6.0000e-01 7.3958e-01 5.2756e-01 5.2344e-01 7.5238e-01 2.3577e-01 3.7313e-02 6.5169e-01 5.0435e-01 3.9167e-01 7.0492e-01 2.8070e-01 7.0833e-01 4.1791e-01 6.0150e-02 3.0769e-01 9.3458e-03 1.8803e-01 9.7345e-02 3.2051e-02 1.2500e-01 7.4336e-01 5.3448e-01 2.0714e-01 4.1667e-01 9.2437e-02 4.3902e-01 0.0000e+00 5.0877e-01 4.1322e-02 2.9915e-01 3.1008e-01 7.9032e-01 7.6699e-01 0.0000e+00 4.7107e-01 1.4035e-01 3.5714e-02 1.5385e-01 7.4016e-01 0.0000e+00 9.6774e-01 5.1327e-01 2.5641e-02 7.9825e-01 5.5085e-01 4.9558e-01
2.4194e-01 7.9365e-02 3.3058e-02 1.6129e-01 2.8319e-01 7.9365e-02 1.3913e-01 0.0000e+00 1.8018e-02 0.0000e+00 4.1379e-01 8.1818e-02 0.0000e+00 5.8252e-02 2.1368e-01 4.8760e-01 6.3492e-02 0.0000e+00 0.0000e+00 5.5944e-02 4.9587e-02 1.2598e-01 0.0000e+00 1.1905e-01 5.4054e-02 7.5630e-02 8.6957e-02 2.5000e-02 1.1607e-01 3.3103e-01 1.6260e-02 0.0000e+00 6.3492e-02 4.4248e-02 2.2881e-01 5.0420e-02 0.0000e+00 3.1746e-02 5.7895e-01 1.2687e-01 7.3826e-02 8.3333e-02 3.5556e-01 0.0000e+00 9.6000e-02 1.7557e-01 1.9424e-01 7.9137e-02 8.0645e-03 4.6729e-02
2.3301e-01 1.6667e-02 4.7619e-02 1.0833e-01 1.8018e-01 1.2605e-01 2.0635e-01 1.1475e-01 8.1301e-02 7.6923e-02 2.6190e-01 1.3281e-01 4.7170e-02 1.9048e-02 3.1624e-01 2.3585e-01 2.7778e-02 4.2373e-02 2.8846e-02 3.3333e-02 6.1947e-02 6.6667e-02 3.4783e-02 2.0513e-01 5.7851e-02 1.4062e-01 4.8780e-02 5.0847e-02 1.5517e-01 1.0769e-01 6.7227e-02 9.9174e-02 7.9365e-03 3.5088e-02 5.2632e-02 6.8182e-02 1.0811e-01 1.4286e-01 1.4286e-01 1.5789e-01 5.5118e-02 7.3770e-02 2.7049e-01 1.5000e-01 1.2931e-01 4.9587e-02 1.0569e-01 6.7227e-02 3.7037e-02 5.3571e-02
3.9007e-01 4.1379e-02 1.0084e-01 7.3770e-02 6.8376e-02 6.0194e-01 5.0000e-01 2.3256e-02 3.4483e-02 1.9048e-02 5.0000e-01 4.5455e-02 0.0000e+00 1.8548e-01 0.0000e+00 7.9856e-01 1.5126e-01 7.8740e-02 9.7015e-02 7.7670e-02 3.8235e-01 5.7851e-02 1.1607e-01 6.0345e-02 2.1481e-01 1.4167e-01 4.0984e-02 9.6491e-02 5.3030e-02 2.2400e-01 2.1368e-01 1.6364e-01 1.0101e-01 3.4783e-02 2.5000e-01 2.8346e-01 2.6733e-01 1.7969e-01 1.4679e-01 3.6036e-02 4.0299e-01 1.0833e-01 4.2308e-01 4.5113e-01 2.3009e-01 2.6119e-01 4.0876e-01 1.2295e-01 1.2500e-01 7.5630e-01
4.6565e-01 2.6087e-02 2.0492e-01 5.0413e-01 4.8855e-01 1.4655e-01 4.0708e-01 2.3333e-01 1.0484e-01 2.0472e-01 2.4786e-01 1.3869e-01 0.0000e+00 1.1207e-01 3.0882e-01 4.2623e-01 9.3023e-02 2.5424e-01 5.2980e-02 1.2727e-01 9.5588e-02 2.0870e-01 1.9531e-01 3.1746e-01 8.0357e-02 1.4035e-01 3.6607e-01 9.2437e-02 2.2500e-01 2.5833e-01 9.4828e-02 1.6964e-01 2.5688e-01 1.0000e+00 6.4885e-01 3.6842e-01 7.0000e-02 6.8966e-01 7.0079e-01 2.9323e-01 2.3288e-01 2.0755e-01 4.1071e-01 1.0317e-01 5.8594e-01 2.5210e-01 8.6614e-02 3.3613e-01 6.1538e-02 7.4380e-02
2.9787e-01 7.7586e-02 3.0508e-01 4.3220e-01 5.2381e-01 2.8866e-01 2.3529e-01 2.0492e-01 3.0714e-01 3.4375e-01 1.7308e-01 1.1927e-01 1.3115e-01 1.9118e-01 3.1148e-01 5.8252e-01 5.7576e-01 6.4815e-02 1.2712e-01 4.5802e-01 2.2881e-01 3.2456e-01 5.6000e-01 5.1429e-01 2.1260e-01 3.4615e-01 2.7193e-01 4.1129e-01 3.3663e-01 7.6190e-01 1.7797e-01 7.3950e-01 4.8182e-01 1.4062e-01 7.1930e-01 3.7391e-01 1.2319e-01 7.3109e-01 3.0370e-01 5.3704e-01 1.8182e-01 1.4754e-01 4.6847e-01 2.0611e-01 4.1985e-01 1.3846e-01 1.4815e-01 3.6220e-01 1.3913e-01 1.0853e-01
8.3333e-02 2.3810e-02 0.0000e+00 1.8519e-02 9.6491e-02 6.1481e-01 5.0781e-01 1.7699e-01 3.1783e-01 6.6667e-02 5.1020e-01 8.6957e-03 0.0000e+00 2.2222e-01 6.7500e-01 3.9216e-02 4.3443e-01 2.7523e-02 1.6038e-01 5.0360e-01 3.6296e-01 6.9286e-01 7.1681e-01 6.8966e-02 1.6667e-01 6.8103e-01 4.7541e-01 4.1441e-01 2.5862e-02 2.1705e-01 2.6786e-01 3.2520e-02 1.8750e-01 0.0000e+00 3.9259e-01 7.6471e-01 2.8244e-01 0.0000e+00 6.8657e-01 3.2836e-01 0.0000e+00 0.0000e+00 5.1282e-02 0.0000e+00 2.2034e-01 1.2319e-01 5.2381e-01 3.5433e-01 3.9344e-01 2.0183e-01
1.3158e-01 4.6512e-02 1.4286e-01 8.1967e-02 4.7244e-01 2.0833e-01 3.0081e-01 7.1429e-02 1.2281e-01 4.0000e-01 2.3729e-01 3.9024e-01 3.5398e-02 1.6364e-01 3.8889e-01 2.7778e-01 8.7719e-02 5.8824e-02 8.8235e-02 4.9505e-02 9.3220e-02 1.8978e-01 4.1322e-02 1.8349e-01 9.3525e-02 1.8261e-01 3.6054e-01 6.3025e-01 1.2329e-01 6.8966e-02 4.8780e-02 3.2039e-01 1.5385e-01 1.0619e-01 6.9167e-01 2.0968e-01 1.6807e-02 1.0000e+00 1.0000e+00 6.9565e-02 9.3023e-02 1.8797e-01 5.3061e-01 8.4906e-02 1.0000e+00 9.2593e-02 3.0000e-01 2.3846e-01 4.8780e-02 5.6075e-02
7.7311e-01 4.9180e-02 1.9355e-01 5.4783e-01 7.6259e-01 7.5000e-01 7.9310e-01 2.3577e-01 1.7600e-01 6.8254e-01 2.5203e-01 7.2519e-01 3.4586e-01 1.2397e-01 4.5378e-01 5.0000e-01 2.4576e-01 1.7460e-01 1.1278e-01 2.6087e-01 2.7103e-01 2.6606e-01 2.9730e-01 7.2727e-01 4.8148e-01 2.8814e-01 2.7778e-01 2.2764e-01 2.4107e-01 4.3243e-01 6.5574e-02 4.7321e-01 2.4000e-01 4.2342e-01 6.2376e-01 4.9167e-01 1.2687e-01 9.3860e-01 9.7391e-01 6.8800e-01 1.8103e-01 1.3333e-01 6.9912e-01 4.3590e-01 6.6337e-01 7.0588e-01 2.8986e-01 6.0169e-01 4.2647e-01 2.6271e-01
3.0894e-01 9.2437e-02 0.0000e+00 0.0000e+00 2.0213e-01 3.8462e-01 6.7480e-01 3.7383e-02 8.8496e-02 0.0000e+00 3.0097e-01 1.4912e-01 1.2766e-01 0.0000e+00 3.5294e-01 3.4615e-01 0.0000e+00 1.1504e-01 5.6911e-02 8.4034e-02 8.2645e-02 1.6346e-01 0.0000e+00 1.4286e-01 8.3333e-02 2.3214e-01 0.0000e+00 3.3613e-02 2.3438e-01 4.3704e-01 7.2000e-02 1.4925e-02 0.0000e+00 8.1081e-02 6.2609e-01 2.7200e-01 0.0000e+00 4.2241e-01 2.2047e-01 0.0000e+00 0.0000e+00 3.7838e-01 1.7188e-01 2.2414e-01 0.0000e+00 1.5385e-01 1.8750e-01 2.0979e-01 1.1200e-01 1.9048e-02
1.9200e-01 4.0000e-02 9.4488e-02 8.8235e-02 1.5179e-01 1.7886e-01 2.3000e-01 8.0645e-02 4.0984e-02 9.1667e-02 2.6271e-01 1.5152e-01 0.0000e+00 1.2222e-01 1.0833e-01 9.8485e-02 3.7736e-02 0.0000e+00 1.8868e-02 1.8487e-01 1.6522e-01 8.4906e-02 0.0000e+00 4.9020e-02 7.2727e-02 1.8699e-01 0.0000e+00 9.8485e-02 6.0345e-02 2.1094e-01 9.6774e-02 5.5556e-02 5.6000e-02 0.0000e+00 1.9643e-01 0.0000e+00 3.1746e-02 1.6667e-01 4.1935e-01 0.0000e+00 9.4488e-02 1.8182e-01 3.0435e-01 1.5152e-01 1.1017e-01 4.4355e-01 2.0561e-01 2.6471e-01 5.8333e-02 0.0000e+00
4.4355e-01 1.7054e-01 5.1908e-01 6.8548e-01 5.8716e-01 6.2121e-01 8.4848e-01 2.6119e-01 2.8682e-01 5.6800e-01 4.0171e-01 5.4237e-01 2.8455e-01 4.0152e-01 5.7937e-01 4.5794e-01 4.9533e-01 2.0690e-01 2.5735e-01 4.5385e-01 3.2727e-01 3.0405e-01 2.3478e-01 3.4545e-01 5.7522e-01 3.3613e-01 4.3158e-01 2.8319e-01 3.6885e-01 4.5600e-01 2.7481e-01 3.9200e-01 3.6000e-01 3.2331e-01 5.6452e-01 3.3043e-01 1.7692e-01 5.8772e-01 4.8649e-01 5.3636e-01 4.1481e-01 2.3810e-01 3.1034e-01 3.7037e-01 6.6990e-01 4.3925e-01 3.7795e-01 3.2174e-01 2.9412e-01 3.6000e-01
2.6613e-01 9.1667e-02 1.5323e-01 2.6016e-01 2.1374e-01 2.8205e-01 5.4237e-01 2.2059e-01 4.2742e-01 2.4427e-01 6.1111e-01 3.3784e-01 1.8487e-01 1.0345e-01 2.7273e-01 4.0000e-01 1.5126e-01 1.7188e-01 6.7227e-02 9.0909e-02 2.3256e-01 4.0541e-01 8.5271e-02 2.3529e-01 2.1739e-01 2.2764e-01 5.1304e-01 2.2321e-01 3.6111e-01 6.4602e-01 1.0769e-01 2.5893e-01 1.4407e-01 7.8261e-02 7.8182e-01 2.8467e-01 7.6923e-02 2.4390e-01 6.7290e-01 2.2414e-01 1.2000e-01 2.2656e-01 5.7018e-01 2.0909e-01 6.2712e-01 1.5966e-01 4.7200e-01 3.3036e-01 5.6000e-02 1.6279e-01
1.3008e-01 2.0833e-01 1.5267e-02 2.2500e-01 2.7731e-01 3.4783e-01 8.0451e-01 1.6667e-01 1.1475e-01 7.2222e-01 8.8618e-01 1.8261e-01 1.1667e-01 3.6752e-01 6.8966e-01 9.0551e-01 1.0938e-01 9.2437e-02 9.6774e-02 2.6772e-01 6.7626e-01 1.9167e-01 1.6800e-01 1.6000e-01 7.3786e-01 2.3932e-01 2.0339e-01 1.8519e-01 2.7731e-01 6.8966e-01 2.6496e-01 2.8302e-01 4.2969e-01 1.1719e-01 7.6923e-01 7.6364e-01 5.2083e-02 7.5424e-01 8.0000e-01 4.4545e-01 2.3256e-01 1.7500e-01 7.7064e-01 2.5000e-01 8.4545e-01 2.0339e-01 7.8333e-01 8.1818e-01 1.6038e-01 2.7500e-01
3.6364e-01 2.3478e-01 3.2143e-01 4.1071e-01 4.2446e-01 4.6847e-01 8.3721e-01 1.8182e-01 2.6050e-01 3.0328e-01 3.2773e-01 5.4808e-01 2.8800e-01 2.5234e-01 7.0312e-01 7.4483e-01 1.5596e-01 9.0909e-02 1.0000e-01 2.2609e-01 1.8939e-01 1.9820e-01 2.2314e-01 1.7822e-01 1.9828e-01 5.7031e-01 1.4286e-01 2.5410e-01 3.1356e-01 8.2677e-01 2.3881e-01 2.3140e-01 1.7797e-01 6.6102e-01 6.1585e-01 5.5833e-01 4.8000e-02 7.7570e-01 9.2793e-01 4.5161e-01 8.3333e-02 2.2034e-01 6.5657e-01 3.2407e-01 6.0748e-01 1.5534e-01 4.8649e-01 6.2400e-01 8.6331e-02 2.6357e-01
3.2759e-01 6.6667e-02 1.1111e-01 3.3058e-01 2.5000e-01 6.5263e-01 4.9180e-01 1.9658e-01 1.5126e-01 1.4729e-01 2.9545e-01 2.6471e-01 1.5385e-01 2.3485e-01 3.2143e-01 6.1739e-01 4.3860e-02 7.6271e-02 9.8361e-02 5.5556e-02 6.0000e-02 1.1570e-01 9.4488e-02 2.3577e-01 4.9180e-02 3.6190e-01 3.4234e-01 1.0317e-01 3.0233e-01 5.4545e-01 1.5789e-01 1.4706e-01 2.4390e-02 1.5179e-01 6.8939e-01 6.8493e-02 5.9406e-02 1.4394e-01 8.1884e-01 1.1404e-01 7.8431e-02 3.7190e-01 1.6393e-01 6.6116e-02 3.5088e-01 3.5294e-01 1.8803e-01 1.3265e-01 1.0169e-01 7.1429e-02
6.2500e-01 6.2609e-01 6.6667e-01 7.3729e-01 7.2650e-01 6.0377e-01 6.4062e-01 8.4375e-01 7.1930e-01 6.7742e-01 6.1017e-01 6.0833e-01 7.3600e-01 6.6929e-01 6.9466e-01 7.8302e-01 3.7607e-01 6.2602e-01 5.7522e-01 6.1017e-01 5.3390e-01 5.7895e-01 6.7273e-01 6.4384e-01 3.2117e-01 6.3636e-01 3.9496e-01 4.1121e-01 6.6667e-01 5.3704e-01 5.6250e-01 4.3077e-01 6.2810e-01 6.1600e-01 6.0952e-01 6.4167e-01 6.1538e-01 6.1983e-01 7.4803e-01 6.8382e-01 7.3282e-01 3.1884e-01 6.8148e-01 7.1538e-01 2.7928e-01 8.3193e-01 5.9829e-01 5.7480e-01 5.8678e-01 6.8966e-01
2.5620e-01 0.0000e+00 0.0000e+00 1.8110e-01 0.0000e+00 2.3387e-01 1.6102e-01 5.8333e-02 1.7355e-01 1.4286e-01 1.9231e-02 1.3333e-01 0.0000e+00 0.0000e+00 6.3830e-02 2.3776e-01 0.0000e+00 0.0000e+00 0.0000e+00 0.0000e+00 9.0909e-02 2.1138e-01 0.0000e+00 9.7561e-02 0.0000e+00 6.2992e-02 0.0000e+00 1.4407e-01 5.5556e-02 0.0000e+00 1.9084e-01 6.4516e-02 2.0769e-01 0.0000e+00 3.4862e-01 1.0112e-01 0.0000e+00 0.0000e+00 0.0000e+00 1.7460e-01 0.0000e+00 0.0000e+00 2.9008e-01 3.8596e-01 2.7119e-01 1.3740e-01 9.3750e-02 1.8852e-01 3.9370e-02 6.5041e-02
7.9845e-01 8.2353e-01 7.8400e-01 8.3465e-01 8.7931e-01 1.0000e+00 1.0000e+00 7.8704e-01 7.2581e-01 8.1739e-01 8.5714e-01 9.0566e-01 8.1481e-01 6.8000e-01 9.7638e-01 7.6991e-01 8.0800e-01 8.7023e-01 1.0000e+00 8.8550e-01 1.0000e+00 7.4757e-01 8.5950e-01 8.7288e-01 7.4590e-01 9.9138e-01 8.3761e-01 7.6423e-01 8.7302e-01 9.9206e-01 8.3673e-01 9.8374e-01 7.8333e-01 8.6792e-01 8.2812e-01 8.3186e-01 8.9256e-01 8.1034e-01 1.0000e+00 7.6991e-01 8.6400e-01 9.6721e-01 7.6471e-01 7.2308e-01 7.1311e-01 8.4375e-01 7.4603e-01 8.5321e-01 8.7402e-01 1.0000e+00
1.3115e-01 0.0000e+00 0.0000e+00 3.0872e-01 0.0000e+00 1.1450e-01 2.3214e-01 5.9322e-02 6.1224e-02 3.2283e-01 1.2057e-01 0.0000e+00 8.5470e-02 0.0000e+00 5.7018e-01 1.1207e-01 1.0000e-01 3.3058e-01 1.4504e-01 2.0833e-01 2.7619e-01 9.4828e-02 0.0000e+00 3.3077e-01 4.2254e-02 1.3636e-01 2.3276e-01 9.0090e-03 0.0000e+00 5.0000e-02 0.0000e+00 3.0400e-01 3.1193e-01 8.6957e-03 1.5702e-01 3.3884e-01 1.7391e-02 6.9444e-02 4.7826e-01 3.9200e-01 0.0000e+00 3.4862e-01 4.4531e-01 1.1972e-01 4.7244e-01 3.5714e-02 3.1818e-01 2.1739e-01 0.0000e+00 2.7731e-01
2.0354e-01 8.3969e-02 2.4444e-01 4.9138e-01 1.8000e-01 8.2576e-01 8.5345e-01 3.5577e-01 1.6529e-01 2.2936e-01 5.4264e-01 4.7899e-01 1.0400e-01 2.3423e-01 5.1220e-01 5.7377e-01 5.8394e-02 2.4603e-01 1.8966e-01 1.1570e-01 2.3577e-01 4.3103e-01 2.4444e-01 5.8197e-01 4.1026e-01 3.8053e-01 4.0476e-01 1.1966e-01 3.7008e-01 2.2807e-01 9.0090e-02 4.0000e-01 3.3333e-01 1.4655e-01 6.5517e-01 3.8655e-01 3.4746e-01 4.5185e-01 7.3874e-01 5.3600e-01 1.5217e-01 1.9048e-01 8.3186e-01 2.7826e-01 4.8696e-01 2.1622e-01 4.0870e-01 5.1562e-01 2.6016e-01 4.2222e-01
5.8879e-01 9.3162e-01 8.4746e-01 6.1864e-01 1.9008e-01 8.2258e-01 9.2063e-01 3.5606e-01 6.1765e-01 7.5000e-01 1.3115e-01 8.0800e-01 9.0000e-01 8.5577e-01 2.7200e-01 8.7970e-01 2.2936e-01 8.7069e-01 1.8182e-01 8.8372e-01 1.9328e-01 2.7928e-01 3.1933e-01 8.2482e-01 8.4615e-01 4.3590e-01 7.0435e-01 6.8056e-01 7.4107e-01 8.1132e-01 1.3333e-01 6.0825e-01 1.0435e-01 8.5593e-01 6.3478e-01 9.9225e-01 1.3542e-01 6.7797e-01 8.1343e-01 1.0435e-01 6.3717e-01 6.2205e-01 8.4962e-01 4.0179e-01 7.3077e-01 9.4488e-02 8.3898e-01 7.9439e-01 2.0130e-01 7.5397e-01
7.2131e-01 5.9231e-01 9.3277e-01 9.1525e-01 6.6667e-01 9.4262e-01 7.5000e-01 7.3148e-01 6.7593e-01 7.8448e-01 8.1905e-01 7.2897e-01 7.0796e-01 8.3333e-01 8.2258e-01 8.5965e-01 7.2794e-01 8.7597e-01 7.2222e-01 6.4463e-01 6.7241e-01 7.9775e-01 7.0833e-01 8.4615e-01 7.5610e-01 7.8947e-01 8.5849e-01 7.1318e-01 8.3200e-01 7.2800e-01 9.6269e-01 7.4615e-01 8.3051e-01 7.2807e-01 7.5833e-01 7.7778e-01 8.3453e-01 9.0909e-01 7.4783e-01 7.7586e-01 6.8750e-01 7.9866e-01 7.8505e-01 7.8814e-01 5.8696e-01 8.8976e-01 7.0192e-01 7.8862e-01 8.9720e-01 8.3051e-01
7.1545e-01 1.0317e-01 3.8261e-01 2.8986e-02 4.3478e-01 9.8214e-02 5.1724e-02 1.4953e-01 6.7227e-02 2.7119e-01 3.2836e-01 0.0000e+00 9.8214e-02 2.9545e-01 3.0282e-01 6.7227e-02 8.0357e-02 1.3333e-01 3.6496e-01 7.0175e-02 6.0000e-01 1.6000e-01 4.0367e-01 4.3860e-02 4.3103e-01 2.7692e-01 1.2963e-01 8.4034e-02 2.2222e-01 3.5606e-01 1.7500e-01 8.0645e-02 1.7241e-02 6.2500e-02 3.4091e-01 3.0370e-01 1.0938e-01 5.5556e-02 1.6807e-02 3.0534e-02 0.0000e+00 4.5652e-01 1.8898e-01 1.5455e-01 6.3717e-01 6.3359e-01 4.3902e-01 5.9124e-01 3.8333e-01 2.8261e-01
9.4574e-01 9.8230e-01 8.8060e-01 8.9524e-01 8.6822e-01 1.0000e+00 9.3396e-01 9.4382e-01 9.6262e-01 8.4034e-01 9.2623e-01 9.6396e-01 9.0370e-01 9.4340e-01 1.0000e+00 9.6094e-01 8.7143e-01 9.4059e-01 8.7805e-01 1.0000e+00 9.2661e-01 9.2701e-01 9.1538e-01 9.3706e-01 9.2742e-01 9.1743e-01 1.0000e+00 9.8387e-01 8.4677e-01 9.3431e-01 9.2000e-01 8.0909e-01 9.2063e-01 9.3893e-01 8.9381e-01 9.5082e-01 9.0769e-01 8.0420e-01 9.0833e-01 8.8281e-01 9.6774e-01 8.8462e-01 9.5161e-01 9.4958e-01 8.2576e-01 8.6726e-01 1.0000e+00 1.0000e+00 1.0000e+00 9.6429e-01
0.0000e+00 0.0000e+00 7.3684e-02 0.0000e+00 3.3051e-01 1.3793e-01 3.2258e-01 5.7377e-02 5.1546e-02 2.0000e-01 0.0000e+00 4.5113e-02 3.7736e-02 4.6154e-02 1.3043e-01 3.1092e-01 1.7213e-01 0.0000e+00 3.0303e-02 6.1538e-02 3.7719e-01 1.6807e-01 2.8846e-02 4.6296e-02 6.3492e-02 1.1888e-01 2.2464e-01 1.7293e-01 1.6038e-01 2.9839e-01 5.0505e-02 2.1311e-01 0.0000e+00 4.6154e-02 1.2593e-01 1.6327e-01 8.7719e-02 0.0000e+00 3.9474e-01 0.0000e+00 0.0000e+00 0.0000e+00 2.9825e-01 0.0000e+00 2.9204e-01 6.3636e-02 0.0000e+00 1.5517e-01 0.0000e+00 1.0526e-01
7.5630e-02 1.0949e-01 8.1081e-02 8.1081e-02 1.0236e-01 2.6271e-01 6.0526e-01 1.2821e-01 2.2388e-02 1.5741e-01 3.4677e-01 8.5271e-02 0.0000e+00 1.1765e-01 9.0909e-02 3.3962e-01 1.1304e-01 3.1387e-01 5.4054e-02 7.9646e-02 7.8947e-02 1.1404e-01 2.2222e-01 9.8361e-02 1.0072e-01 1.0000e-01 2.1600e-01 2.1127e-02 7.6271e-02 1.8400e-01 7.8740e-02 6.5693e-02 0.0000e+00 4.5455e-02 1.9512e-01 2.2034e-01 4.7619e-02 2.5758e-01 1.8103e-01 6.1719e-01 0.0000e+00 1.0204e-01 1.5447e-01 7.9646e-02 1.1570e-01 2.0183e-01 1.0078e-01 2.4370e-01 6.2500e-02 4.2553e-02
3.4579e-01 7.5000e-02 1.2143e-01 4.2857e-01 1.9697e-01 3.4579e-01 3.6975e-01 1.1475e-01 1.2097e-01 2.6400e-01 3.1429e-01 3.6667e-01 1.1719e-01 1.6000e-01 3.3621e-01 5.6034e-01 9.3220e-02 1.7699e-01 1.8493e-01 8.7719e-02 3.7190e-01 2.0175e-01 1.7857e-01 2.1951e-01 3.2381e-01 2.2034e-01 2.3932e-01 1.5929e-01 3.3871e-01 5.7364e-01 1.7969e-01 2.0769e-01 1.9469e-01 1.2598e-01 4.8113e-01 3.7500e-01 1.5741e-01 3.2787e-01 5.9836e-01 2.5185e-01 1.2500e-01 2.1368e-01 4.4604e-01 1.4286e-01 3.9496e-01 4.2105e-01 2.2951e-01 1.9200e-01 1.6667e-01 2.4590e-01
9.3525e-02 1.2593e-01 3.2727e-01 2.7027e-01 5.1261e-01 5.6911e-01 5.4615e-01 4.6875e-02 8.1301e-02 1.7391e-01 3.3613e-01 1.5789e-01 1.6129e-01 2.0183e-01 6.2069e-01 4.3307e-01 1.2281e-01 2.5352e-01 4.2373e-02 1.4815e-01 2.2689e-01 1.2174e-01 2.0455e-01 2.5325e-01 8.2569e-02 2.0472e-01 4.6565e-01 1.7117e-01 3.0496e-01 5.6061e-01 2.2222e-01 1.4286e-01 4.7222e-01 1.8797e-01 2.2222e-01 1.4423e-01 1.1200e-01 1.7007e-01 2.1488e-01 3.9000e-01 2.2764e-01 2.1898e-01 2.4510e-01 5.1327e-01 2.7273e-01 1.3492e-01 2.6316e-01 3.4586e-01 8.4034e-02 1.6154e-01
1.2879e-01 1.5748e-02 8.0000e-02 0.0000e+00 2.1782e-01 1.0078e-01 0.0000e+00 2.4603e-01 2.9915e-01 3.6697e-02 3.5714e-02 1.2097e-01 7.2581e-02 9.4488e-02 2.7358e-01 1.0619e-01 4.3478e-02 0.0000e+00 4.0000e-02 5.3846e-02 2.2689e-01 1.1628e-01 3.4188e-02 3.5398e-02 1.1966e-01 3.2787e-02 9.8039e-03 6.9307e-02 1.7969e-01 3.4127e-01 1.0526e-01 1.2977e-01 4.3103e-02 0.0000e+00 1.4167e-01 9.9010e-02 0.0000e+00 1.3393e-01 1.4050e-01 0.0000e+00 0.0000e+00 5.9322e-02 2.3762e-01 1.0345e-01 5.0000e-02 1.8103e-01 1.3761e-01 5.6452e-02 1.3235e-01 5.9322e-02
5.1754e-01 8.1818e-02 2.9365e-01 7.0476e-01 3.3333e-01 2.6515e-01 5.7143e-01 2.7778e-01 3.7500e-01 2.7193e-01 5.1376e-01 3.0579e-01 3.5294e-01 2.8696e-01 6.0000e-01 5.3636e-01 2.9915e-01 4.1322e-02 1.8621e-01 8.3333e-02 5.6098e-01 6.7568e-01 2.8000e-01 2.0561e-01 3.2479e-01 2.5688e-01 3.3621e-01 1.1017e-01 3.4848e-01 7.1970e-01 1.3740e-01 6.3462e-01 1.4754e-01 4.1176e-01 4.8624e-01 2.1053e-01 5.8333e-02 2.0755e-01 8.7288e-01 3.5156e-01 4.9091e-01 1.8333e-01 5.2830e-01 4.4898e-01 1.8750e-01 1.9231e-01 3.5484e-01 3.1200e-01 4.3299e-01 1.5315e-01
2.4590e-01 9.7744e-02 1.6102e-01 3.1933e-01 1.6981e-01 3.1532e-01 2.4167e-01 1.3115e-01 1.4286e-01 2.2759e-01 1.0526e-01 2.3423e-01 1.4388e-01 1.4530e-01 4.5968e-01 2.1905e-01 1.3600e-01 1.7886e-01 2.8571e-01 1.4876e-01 1.8333e-01 2.3214e-01 8.1301e-02 1.7241e-01 2.5217e-01 1.6393e-01 1.3821e-01 1.5385e-01 3.0508e-01 5.2941e-01 1.8750e-01 2.9412e-01 1.0714e-01 1.3223e-01 3.6220e-01 1.3636e-01 1.0769e-01 5.6000e-01 5.8915e-01 4.7619e-02 2.0000e-01 1.1570e-01 3.5659e-01 2.1875e-01 0.0000e+00 2.5203e-01 2.2535e-01 2.5000e-01 7.3171e-02 1.8699e-01
3.2031e-01 3.5514e-01 2.3478e-01 3.9815e-01 6.4286e-01 4.0708e-01 1.0000e+00 2.7559e-01 3.8525e-01 8.4553e-01 1.3793e-01 3.2308e-01 4.7059e-01 7.0866e-02 2.7465e-01 3.9048e-01 6.9231e-02 1.2687e-01 1.0092e-01 5.0420e-01 3.2558e-01 3.9130e-01 2.2857e-01 3.1746e-01 1.6667e-01 3.5345e-01 3.0097e-01 5.7724e-01 5.9843e-01 5.9836e-01 2.7103e-01 3.9831e-01 7.4242e-01 3.8384e-01 6.3415e-01 6.8033e-01 6.1947e-02 3.5075e-01 5.7851e-01 3.1298e-01 1.1382e-01 4.2105e-01 7.3793e-01 5.1587e-01 5.3982e-01 2.2689e-01 5.9286e-01 2.1930e-01 1.8349e-01 3.3871e-01
