1.9400e+02 1.0000e+00 2.0000e+00 4.3000e+01 2.4000e+01 7.0000e+00 2.0000e+00 0.0000e+00 9.0520e+03 8.5290e+03
0.0000e+00 2.5000e+01 0.0000e+00 9.9670e+03 1.1200e+02 0.0000e+00 7.8000e+01 1.0000e+00 2.0000e+00 1.3350e+03
8.9320e+03 1.3000e+01 0.0000e+00 0.0000e+00 6.7430e+03 3.0000e+01 6.7430e+03 4.9700e+02 2.1000e+01 0.0000e+00
9.3000e+01 6.6000e+01 1.3700e+02 0.0000e+00 6.8800e+02 9.6200e+03 0.0000e+00 8.0000e+00 8.0000e+00 0.0000e+00
0.0000e+00 1.0000e+00 6.1000e+02 0.0000e+00 6.0000e+00 0.0000e+00 0.0000e+00 4.2000e+01 1.0000e+00 0.0000e+00
1.5000e+01 1.2000e+01 3.0000e+00 0.0000e+00 2.5000e+01 0.0000e+00 2.8160e+03 6.0900e+02 4.0000e+00 0.0000e+00
1.5100e+02 2.0000e+00 1.0000e+00 0.0000e+00 5.5000e+01 0.0000e+00 0.0000e+00 0.0000e+00 1.7000e+01 0.0000e+00
4.0000e+00 6.8150e+03 8.4860e+03 0.0000e+00 0.0000e+00 0.0000e+00 0.0000e+00 6.9030e+03 5.0000e+00 0.0000e+00
0.0000e+00 1.8000e+01 2.0000e+00 0.0000e+00 3.2000e+01 0.0000e+00 0.0000e+00 2.1000e+01 6.5000e+01 0.0000e+00
0.0000e+00 2.8600e+03 7.0000e+00 0.0000e+00 1.0000e+00 0.0000e+00 0.0000e+00 2.4000e+01 2.5000e+01 0.0000e+00
