1.0370e+03 9.7600e+02 9.9500e+02 1.0390e+03 9.4100e+02 1.0500e+03 9.9600e+02 9.6900e+02 9.5200e+02 1.0100e+03
1.0070e+03 1.0010e+03 1.0280e+03 9.8100e+02 9.8900e+02 1.0370e+03 1.0010e+03 9.9300e+02 9.9300e+02 1.0160e+03
1.0340e+03 9.8300e+02 9.9800e+02 9.9800e+02 9.9000e+02 9.8900e+02 9.2400e+02 9.8900e+02 9.6700e+02 1.0010e+03
1.0640e+03 9.9700e+02 9.9500e+02 1.0210e+03 1.0300e+03 9.9500e+02 9.9900e+02 1.0070e+03 9.9800e+02 1.0410e+03
9.8300e+02 9.9400e+02 1.0130e+03 1.0150e+03 9.5500e+02 9.7000e+02 9.8700e+02 1.0040e+03 9.5500e+02 1.0230e+03
9.6600e+02 9.6500e+02 1.0510e+03 9.4500e+02 1.0310e+03 1.0170e+03 9.2900e+02 1.0040e+03 9.8300e+02 9.9800e+02
1.0060e+03 1.0420e+03 1.0270e+03 1.0040e+03 9.4500e+02 1.0100e+03 1.0080e+03 1.0290e+03 1.0080e+03 9.8700e+02
1.0330e+03 9.9900e+02 1.0120e+03 9.7500e+02 1.0390e+03 1.0000e+03 1.0190e+03 1.0210e+03 9.9300e+02 1.0080e+03
1.0490e+03 1.0040e+03 1.0010e+03 1.0070e+03 1.0050e+03 1.0030e+03 9.8400e+02 1.0030e+03 1.0710e+03 1.0090e+03
9.7300e+02 1.0050e+03 1.0430e+03 1.0040e+03 9.6300e+02 1.0310e+03 9.8000e+02 9.9100e+02 9.5000e+02 9.4000e+02
