1.6667e-01 1.7143e-01 2.8767e-01 3.6170e-01 0.0000e+00 7.0845e-01 9.0089e-01 3.3333e-01 4.3478e-02 0.0000e+00 5.0000e-01 2.7273e-01 1.8182e-01 2.9268e-01 3.3333e-01 5.1786e-01 0.0000e+00 1.5789e-01 1.0345e-01 1.0345e-01 1.4286e-01 1.9048e-01 1.6216e-01 1.7857e-01 4.7619e-02 2.5000e-01 3.8889e-01 4.3478e-02 2.2727e-01 4.2857e-01 1.6667e-01 7.1429e-02 2.1739e-01 4.3396e-01 2.7778e-01 5.0388e-01 7.6923e-02 6.2698e-01 9.1189e-01 5.4286e-01 4.3478e-02 2.0930e-01 5.7664e-01 2.1951e-01 3.4615e-01 4.4595e-01 5.3093e-01 2.7273e-01 2.4390e-01 0.0000e+00
2.6667e-01 0.0000e+00 0.0000e+00 5.8730e-01 1.0000e-01 5.5882e-01 2.5000e-01 3.4211e-01 3.5849e-01 3.9394e-01 0.0000e+00 5.9000e-01 6.2500e-02 1.1111e-01 3.6364e-01 1.0000e+00 6.0957e-01 2.2222e-01 6.6667e-02 1.5000e-01 7.1313e-01 5.1220e-01 2.2222e-01 2.5000e-01 4.2623e-01 3.0000e-01 3.1034e-01 1.7391e-01 3.6842e-01 5.0000e-01 1.1765e-01 9.1401e-01 4.4000e-01 0.0000e+00 1.0000e+00 8.3333e-02 2.5806e-01 8.0000e-01 1.0000e+00 0.0000e+00 0.0000e+00 0.0000e+00 8.3268e-01 4.6479e-01 1.0000e+00 3.5000e-01 1.6667e-01 3.0000e-01 7.6923e-02 0.0000e+00
2.9167e-01 1.1905e-01 1.1364e-01 2.1053e-01 2.1212e-01 4.6154e-01 4.4444e-01 6.4516e-02 7.6923e-02 1.0345e-01 2.0588e-01 1.2500e-01 7.6923e-02 5.7143e-02 0.0000e+00 3.1579e-01 7.3171e-02 1.8571e-01 1.4000e-01 3.2258e-02 1.6667e-01 4.7566e-01 1.2766e-01 2.7500e-01 2.2368e-01 3.7966e-01 9.3750e-02 1.0870e-01 2.2857e-01 7.2920e-01 2.3256e-01 5.5556e-02 6.0606e-02 2.5000e-01 1.5789e-01 1.8182e-01 7.8947e-02 5.4839e-01 6.6019e-01 3.9394e-01 5.7143e-02 3.4483e-02 5.7170e-01 3.9489e-01 1.5000e-01 1.2500e-01 2.7000e-01 2.4490e-01 1.3158e-01 0.0000e+00
1.8421e-01 0.0000e+00 5.0000e-02 7.4074e-02 1.0714e-01 8.6957e-02 5.9200e-01 7.3171e-02 1.8812e-01 8.8235e-02 4.5455e-02 2.4793e-01 0.0000e+00 2.1008e-01 1.4286e-01 2.2857e-01 4.5455e-02 6.6667e-02 1.1864e-01 4.8780e-02 3.2258e-02 2.2222e-01 3.7368e-01 8.3333e-02 5.2632e-02 0.0000e+00 5.7143e-02 0.0000e+00 0.0000e+00 6.0280e-01 5.1282e-02 2.1739e-01 2.8571e-02 0.0000e+00 4.4800e-01 1.1905e-01 6.6667e-02 0.0000e+00 4.1818e-01 4.0385e-01 0.0000e+00 0.0000e+00 3.7500e-01 0.0000e+00 5.5556e-02 2.4074e-01 9.0909e-02 1.8750e-01 0.0000e+00 4.1667e-02
4.4444e-01 0.0000e+00 1.3333e-01 2.7586e-01 1.3333e-01 2.2222e-01 1.0000e+00 2.4444e-01 2.0455e-01 1.9231e-01 2.0000e-01 1.4815e-01 1.4706e-01 1.7949e-01 2.7586e-01 2.0000e-01 7.4074e-02 1.0714e-01 2.0000e-01 4.5455e-02 1.7241e-01 1.2500e-01 2.6316e-01 1.0000e-01 1.9444e-01 1.6667e-01 1.5385e-01 3.1034e-01 7.6021e-01 5.8491e-01 4.7619e-02 0.0000e+00 4.7619e-02 2.1053e-01 5.9722e-01 1.6667e-01 4.5455e-02 3.6000e-01 1.0000e+00 1.1111e-01 1.2903e-01 2.6415e-01 5.9701e-01 1.4815e-01 2.6316e-01 2.0000e-01 3.1250e-01 2.0833e-01 1.7857e-01 1.5789e-01
1.0000e-01 6.4516e-02 0.0000e+00 1.6667e-01 2.8889e-01 1.0526e-01 2.6316e-01 1.5556e-01 2.1687e-01 8.0000e-02 2.6829e-01 1.3158e-01 9.7561e-02 0.0000e+00 2.3077e-01 4.4118e-01 3.1250e-02 8.1081e-02 1.0256e-01 3.4483e-02 4.0000e-02 1.7241e-01 1.3043e-01 2.4590e-01 1.0811e-01 9.3750e-02 0.0000e+00 2.1250e-01 1.0000e-01 2.3810e-01 3.5714e-02 1.6000e-01 1.9355e-01 0.0000e+00 2.2727e-01 3.7419e-01 3.4483e-02 0.0000e+00 7.3236e-01 8.1945e-01 0.0000e+00 3.7037e-02 4.2857e-01 1.5909e-01 3.5556e-01 2.0000e-01 3.0952e-01 3.2394e-01 1.3514e-01 5.2632e-02
5.3672e-01 0.0000e+00 1.2903e-01 4.1667e-02 1.0714e-01 2.8814e-01 1.9048e-01 0.0000e+00 2.6316e-02 0.0000e+00 1.2903e-01 0.0000e+00 4.7619e-02 2.0000e-01 0.0000e+00 9.5238e-02 0.0000e+00 0.0000e+00 0.0000e+00 4.8780e-02 1.0870e-01 0.0000e+00 1.7073e-01 8.3333e-02 0.0000e+00 7.5000e-02 0.0000e+00 6.5217e-02 1.3333e-01 3.4000e-01 8.5106e-02 0.0000e+00 0.0000e+00 2.3404e-01 0.0000e+00 3.4483e-02 0.0000e+00 1.7857e-01 0.0000e+00 2.0000e-01 0.0000e+00 0.0000e+00 8.6957e-02 0.0000e+00 0.0000e+00 5.4103e-01 1.3793e-01 1.1765e-01 9.7561e-02 4.1667e-02
1.0714e-01 0.0000e+00 1.2903e-01 1.9149e-01 2.0455e-01 2.3256e-01 0.0000e+00 7.3171e-02 0.0000e+00 6.4516e-02 1.9048e-01 1.8056e-01 6.5217e-02 6.5217e-02 4.3478e-02 1.7857e-01 7.6923e-02 1.3433e-01 2.7778e-02 4.8780e-02 9.5238e-02 0.0000e+00 1.6456e-01 8.3333e-02 0.0000e+00 1.0638e-01 3.2258e-02 6.5217e-02 1.7143e-01 3.4000e-01 0.0000e+00 1.1111e-01 2.8571e-02 4.7619e-02 1.0000e-01 8.3333e-02 0.0000e+00 1.7857e-01 3.7209e-01 0.0000e+00 9.2593e-02 5.2632e-02 1.7647e-01 7.5000e-02 0.0000e+00 0.0000e+00 0.0000e+00 1.1765e-01 3.2258e-02 4.1667e-02
0.0000e+00 2.0408e-01 0.0000e+00 7.4074e-02 3.0864e-01 8.6957e-02 5.7143e-01 2.0652e-01 2.2059e-01 6.4516e-02 8.0000e-02 9.3023e-02 9.2593e-02 1.0526e-01 1.7073e-01 4.4030e-01 1.0000e-01 2.7027e-02 1.4493e-01 0.0000e+00 1.0870e-01 1.8605e-01 2.7778e-02 1.5385e-01 1.9540e-01 1.8987e-01 0.0000e+00 1.7895e-01 1.5152e-01 2.3333e-01 8.5106e-02 1.5152e-01 1.4062e-01 2.2727e-01 2.5000e-01 2.4444e-01 6.6667e-02 3.5714e-01 1.6667e-01 7.1429e-02 2.6316e-02 1.3333e-01 0.0000e+00 0.0000e+00 5.1781e-01 8.0000e-02 3.0303e-02 1.6279e-01 7.8947e-02 1.5385e-01
2.4528e-01 7.1429e-02 6.8182e-02 2.1154e-01 5.4820e-01 3.1944e-01 3.6364e-01 3.2215e-01 1.7391e-01 1.3636e-01 2.0455e-01 1.2000e-01 2.1429e-01 1.3235e-01 1.0000e-01 3.2143e-01 0.0000e+00 1.5584e-01 1.5068e-01 3.0275e-01 2.0482e-01 4.4608e-01 2.1053e-01 2.5490e-01 5.2632e-02 2.6241e-01 1.2245e-01 8.0000e-02 2.0930e-01 3.0000e-01 5.1282e-02 1.5152e-01 1.7857e-01 1.3793e-01 1.8519e-01 2.5000e-01 0.0000e+00 3.4848e-01 6.0000e-01 2.4000e-01 1.1475e-01 0.0000e+00 3.4118e-01 1.3208e-01 2.2222e-01 1.4706e-01 2.4603e-01 2.0370e-01 1.1111e-01 2.6667e-01
8.0000e-01 1.4286e-01 2.9167e-01 1.0000e+00 0.0000e+00 4.0000e-01 6.6667e-01 1.5385e-01 3.6364e-01 3.1250e-01 2.5000e-01 3.0000e-01 0.0000e+00 1.3333e-01 1.0000e+00 1.0000e+00 2.9630e-01 3.2143e-01 6.0305e-01 8.3333e-02 6.4815e-01 6.9231e-01 4.8148e-01 8.7823e-01 4.3243e-01 2.0000e-01 7.4622e-01 1.7647e-01 2.5000e-01 5.0000e-01 7.4118e-01 5.0000e-01 2.8571e-01 5.0000e-01 3.3333e-01 5.9259e-01 8.3333e-02 3.3333e-01 1.0000e+00 1.0000e+00 0.0000e+00 7.9911e-01 3.7500e-01 6.0870e-01 8.0000e-01 6.6667e-01 3.6000e-01 8.5714e-01 6.1039e-01 0.0000e+00
2.3913e-01 1.9753e-01 8.8889e-02 8.0000e-02 2.0513e-01 5.8012e-01 2.0000e-01 1.5517e-01 0.0000e+00 6.8966e-02 3.1579e-01 2.8767e-01 0.0000e+00 0.0000e+00 3.1325e-01 6.2595e-01 1.3433e-01 5.1282e-02 1.9048e-01 5.1282e-02 2.2989e-01 1.9512e-01 2.4000e-01 3.7037e-02 2.1739e-01 2.1687e-01 3.8854e-01 8.5106e-02 3.8462e-01 3.3333e-01 1.9277e-01 1.1538e-01 0.0000e+00 0.0000e+00 3.8806e-01 1.7647e-01 0.0000e+00 5.3871e-01 6.4000e-01 0.0000e+00 0.0000e+00 3.1381e-01 5.2632e-02 0.0000e+00 0.0000e+00 4.7619e-02 7.8947e-02 2.1569e-01 2.3529e-01 1.0345e-01
1.0000e+00 7.0833e-01 6.8617e-01 3.3333e-01 5.0000e-01 7.1429e-01 5.0000e-01 7.0395e-01 5.1667e-01 0.0000e+00 2.5000e-01 6.4706e-01 5.4930e-01 7.6514e-01 4.0000e-01 5.0000e-01 6.5957e-01 2.6316e-01 7.5692e-01 7.8342e-01 6.1017e-01 5.0000e-01 4.6341e-01 7.0787e-01 3.6364e-01 8.1059e-01 0.0000e+00 5.3731e-01 6.6667e-01 6.6667e-01 8.0837e-01 7.1429e-01 7.5269e-01 3.3333e-01 1.0000e+00 6.0870e-01 7.7679e-01 4.0000e-01 5.0000e-01 6.2500e-01 6.9549e-01 7.6425e-01 6.0000e-01 7.9118e-01 3.3333e-01 1.0000e+00 7.0000e-01 0.0000e+00 6.9903e-01 2.5000e-01
1.1765e-01 1.2500e-01 1.3514e-01 4.8630e-01 2.6667e-01 1.2500e-01 1.0000e-01 1.6216e-01 1.3158e-01 3.8298e-01 3.1579e-01 3.7121e-01 1.4634e-01 1.8367e-01 3.4000e-01 3.0769e-01 1.3953e-01 1.1765e-01 1.9608e-01 1.3158e-01 4.7619e-02 6.6351e-01 1.7778e-01 3.6170e-01 2.6154e-01 2.0455e-01 1.3333e-01 3.1746e-01 1.5789e-01 4.8889e-01 1.2121e-01 3.9286e-01 3.3600e-01 2.1739e-01 3.0435e-01 2.7451e-01 4.0000e-02 6.4253e-01 7.1942e-01 6.5432e-01 3.8462e-02 1.7073e-01 4.3103e-01 4.5455e-02 4.7541e-01 6.1150e-01 8.0000e-02 1.3636e-01 0.0000e+00 0.0000e+00
2.5000e-01 1.8421e-01 2.9487e-01 4.3590e-01 4.0000e-01 7.6923e-02 6.7568e-01 8.3333e-02 2.5000e-01 2.6316e-01 4.4928e-01 2.3256e-01 3.1373e-01 3.6184e-01 1.8182e-01 2.0000e-01 9.6774e-02 1.2500e-01 2.8947e-01 3.3898e-01 5.0000e-02 1.8182e-01 2.7778e-01 3.7349e-01 4.7619e-02 1.6129e-01 1.8182e-01 3.5616e-01 7.1429e-02 2.9412e-01 2.6230e-01 1.2500e-01 3.9157e-01 0.0000e+00 2.7778e-01 2.1212e-01 7.6923e-02 5.7778e-01 3.5294e-01 2.5000e-01 2.4194e-01 2.9167e-01 5.5263e-01 4.4175e-01 6.9024e-01 3.9216e-01 5.0877e-01 3.6364e-01 5.9505e-01 1.5000e-01
0.0000e+00 0.0000e+00 0.0000e+00 0.0000e+00 2.3810e-01 1.4286e-01 6.3333e-01 1.4815e-01 1.1111e-01 0.0000e+00 2.9630e-01 0.0000e+00 1.1111e-01 1.7143e-01 5.2778e-01 3.8462e-01 1.2500e-01 8.3333e-02 4.7619e-02 1.5625e-01 3.9362e-01 1.6667e-01 0.0000e+00 1.8519e-01 9.0909e-02 1.7241e-01 9.5238e-02 0.0000e+00 7.6923e-02 1.1111e-01 5.0000e-02 0.0000e+00 8.6957e-02 6.6667e-01 8.5218e-01 1.9231e-01 4.7619e-02 7.6515e-01 5.7143e-01 0.0000e+00 0.0000e+00 0.0000e+00 5.9829e-01 1.7241e-01 7.0673e-01 7.6923e-02 1.4815e-01 6.9935e-01 5.5556e-02 2.4000e-01
8.0000e-02 8.6957e-02 5.0000e-02 0.0000e+00 0.0000e+00 1.4286e-01 0.0000e+00 7.3171e-02 2.6316e-02 3.7037e-02 4.9110e-01 5.5556e-02 1.8812e-01 1.7582e-01 2.3214e-01 0.0000e+00 6.2500e-02 8.1633e-02 2.7778e-02 1.0714e-01 2.1176e-01 0.0000e+00 5.0000e-02 3.4483e-02 1.6667e-01 1.2000e-01 0.0000e+00 1.5385e-01 0.0000e+00 6.2500e-02 5.1282e-02 1.8421e-01 2.8571e-02 8.3333e-02 1.3636e-01 1.4583e-01 4.8780e-02 0.0000e+00 1.2500e-01 0.0000e+00 0.0000e+00 0.0000e+00 0.0000e+00 1.8056e-01 0.0000e+00 2.4561e-01 1.1765e-01 1.5000e-01 9.7561e-02 1.6667e-01
1.4286e-01 8.3757e-01 0.0000e+00 5.7143e-01 5.0000e-01 3.3333e-01 8.0000e-01 8.1051e-01 2.5000e-01 0.0000e+00 6.2500e-01 4.5455e-01 3.0435e-01 6.9204e-01 2.5000e-01 6.0000e-01 5.4023e-01 8.3333e-02 2.6316e-01 0.0000e+00 2.1429e-01 2.0000e-01 9.0909e-02 2.3077e-01 7.3684e-01 5.3333e-01 2.6667e-01 5.0000e-01 0.0000e+00 1.0000e+00 0.0000e+00 5.5556e-01 0.0000e+00 3.0000e-01 5.0000e-01 7.3684e-01 7.8635e-01 0.0000e+00 0.0000e+00 1.4286e-01 0.0000e+00 2.0000e-01 7.7778e-01 0.0000e+00 1.0000e+00 4.2857e-01 1.6667e-01 8.0000e-01 6.0000e-01 4.1667e-01
2.2917e-01 1.4286e-01 5.0000e-02 4.1667e-02 2.6230e-01 1.6129e-01 1.1765e-01 0.0000e+00 6.5217e-02 0.0000e+00 5.1975e-01 0.0000e+00 0.0000e+00 2.7027e-02 1.5789e-01 5.0000e-01 4.5455e-02 0.0000e+00 0.0000e+00 6.6667e-02 5.7143e-02 4.3478e-02 0.0000e+00 6.0606e-02 5.2632e-02 7.5000e-02 7.8947e-02 0.0000e+00 4.7619e-02 3.8462e-01 2.8571e-02 4.7619e-02 2.8571e-02 0.0000e+00 2.3529e-01 6.2500e-02 0.0000e+00 0.0000e+00 5.8173e-01 1.6667e-01 9.2593e-02 1.0000e-01 4.3085e-01 0.0000e+00 0.0000e+00 1.0714e-01 1.1765e-01 0.0000e+00 5.8824e-02 4.1667e-02
2.9167e-01 0.0000e+00 0.0000e+00 7.4074e-02 1.7949e-01 5.0000e-02 1.1765e-01 5.4054e-02 1.0526e-01 0.0000e+00 3.0488e-01 2.3636e-01 0.0000e+00 4.7619e-02 3.0000e-01 1.5385e-01 2.5000e-02 4.8780e-02 2.7778e-02 2.7027e-02 9.5238e-02 2.0408e-01 6.8182e-02 1.8033e-01 2.9412e-02 3.1250e-02 0.0000e+00 8.0000e-02 2.0930e-01 1.7391e-01 5.1282e-02 1.1111e-01 0.0000e+00 4.7619e-02 0.0000e+00 8.3333e-02 6.6667e-02 0.0000e+00 0.0000e+00 7.1429e-02 6.5217e-02 5.2632e-02 8.6957e-02 7.6923e-02 0.0000e+00 8.0000e-02 1.4754e-01 9.6774e-02 0.0000e+00 4.1667e-02
3.7500e-01 9.0909e-02 5.0000e-02 1.3333e-01 0.0000e+00 6.7052e-01 3.3333e-01 0.0000e+00 1.1538e-01 0.0000e+00 4.7368e-01 5.5556e-02 0.0000e+00 2.9688e-01 0.0000e+00 7.8754e-01 8.0000e-02 1.4286e-01 5.0000e-02 1.4286e-01 4.6479e-01 0.0000e+00 8.6957e-02 6.2500e-02 5.5556e-02 1.3043e-01 1.0000e-01 1.7647e-01 1.4286e-01 1.1111e-01 2.3077e-01 2.7273e-01 0.0000e+00 0.0000e+00 2.6667e-01 2.5806e-01 2.4444e-01 1.6667e-01 2.2222e-01 0.0000e+00 2.0513e-01 5.2632e-02 2.3529e-01 3.5821e-01 2.5000e-01 2.3810e-01 2.2857e-01 2.6923e-01 1.3636e-01 7.4695e-01
2.5000e-01 7.1429e-02 2.5000e-01 4.0000e-01 5.0000e-01 1.4286e-01 5.0000e-01 1.2500e-01 6.6667e-02 2.0000e-01 0.0000e+00 0.0000e+00 6.6667e-02 1.8182e-01 1.6667e-01 5.3846e-01 2.1429e-01 1.8182e-01 1.1765e-01 0.0000e+00 7.6923e-02 0.0000e+00 3.0556e-01 4.2500e-01 2.0000e-01 2.5000e-01 4.0000e-01 0.0000e+00 0.0000e+00 0.0000e+00 0.0000e+00 2.5000e-01 3.4211e-01 1.0000e+00 8.0000e-01 4.2105e-01 1.1765e-01 3.6364e-01 7.5000e-01 2.7273e-01 3.9683e-01 2.1739e-01 3.3333e-01 7.6923e-02 3.3333e-01 1.1111e-01 0.0000e+00 4.7059e-01 0.0000e+00 0.0000e+00
2.5000e-01 0.0000e+00 3.1765e-01 5.0000e-01 5.5556e-01 4.3478e-01 2.8571e-01 2.1951e-01 2.6866e-01 1.9231e-01 0.0000e+00 9.0909e-02 4.3478e-02 1.4706e-01 1.5789e-01 4.6341e-01 5.0000e-01 2.4561e-01 1.5152e-01 4.2963e-01 1.2500e-01 1.1765e-01 5.0432e-01 5.1119e-01 1.9444e-01 3.2877e-01 3.2836e-01 3.9130e-01 4.8611e-01 7.3295e-01 1.1111e-01 7.2403e-01 4.7287e-01 7.6923e-02 7.2458e-01 4.3363e-01 2.1277e-01 5.7895e-01 2.0000e-01 5.5882e-01 2.9114e-01 1.8919e-01 5.6311e-01 2.1622e-01 5.7647e-01 1.9048e-01 8.6957e-02 2.9412e-01 9.5238e-02 1.1765e-01
0.0000e+00 6.6667e-02 0.0000e+00 0.0000e+00 0.0000e+00 6.3636e-01 3.0000e-01 7.1429e-02 2.6471e-01 8.3333e-02 3.9130e-01 0.0000e+00 0.0000e+00 0.0000e+00 5.6897e-01 0.0000e+00 4.8588e-01 6.2500e-02 0.0000e+00 5.3636e-01 4.7143e-01 6.0976e-01 6.3077e-01 7.6923e-02 1.5789e-01 7.1189e-01 5.1887e-01 4.7244e-01 1.8182e-01 0.0000e+00 4.7525e-01 0.0000e+00 1.1111e-01 0.0000e+00 4.4444e-01 7.4969e-01 1.4286e-01 0.0000e+00 3.3333e-01 2.7273e-01 0.0000e+00 0.0000e+00 0.0000e+00 0.0000e+00 1.4286e-01 1.0000e-01 6.5767e-01 3.0000e-01 4.3636e-01 2.5000e-01
0.0000e+00 0.0000e+00 1.4286e-01 1.5385e-01 2.5000e-01 0.0000e+00 2.2222e-01 6.6667e-02 0.0000e+00 3.4375e-01 1.0000e-01 3.6735e-01 0.0000e+00 2.5000e-01 3.4783e-01 2.8571e-01 9.5238e-02 0.0000e+00 0.0000e+00 1.0526e-01 7.1429e-02 2.0000e-01 5.8824e-02 0.0000e+00 0.0000e+00 1.1765e-01 1.5789e-01 5.9982e-01 1.6667e-01 0.0000e+00 0.0000e+00 3.6364e-01 1.9231e-01 1.0000e-01 6.2963e-01 1.3333e-01 0.0000e+00 9.9381e-01 1.0000e+00 1.4286e-01 0.0000e+00 6.2500e-02 4.6429e-01 6.6667e-02 1.0000e+00 2.0000e-01 1.8182e-01 1.4286e-01 7.1429e-02 9.0909e-02
7.5342e-01 6.2500e-02 1.0526e-01 6.0748e-01 8.0786e-01 5.5814e-01 1.0000e+00 3.7931e-01 1.6000e-01 6.7377e-01 2.7778e-01 6.5955e-01 3.4426e-01 5.8824e-02 5.0980e-01 1.0000e+00 2.7660e-01 5.8824e-02 2.4242e-01 2.9787e-01 3.8889e-01 4.0000e-01 1.6667e-01 6.3889e-01 3.0952e-01 4.1176e-01 1.5789e-01 3.3333e-01 2.1429e-01 3.3333e-01 0.0000e+00 5.4902e-01 2.5714e-01 2.6667e-01 8.3333e-01 5.4962e-01 5.8824e-02 9.5900e-01 1.0000e+00 8.5714e-01 1.0000e-01 1.7391e-01 7.6339e-01 4.2254e-01 7.0588e-01 6.4662e-01 2.0000e-01 6.5854e-01 3.0303e-01 3.3333e-01
3.1579e-01 1.0417e-01 0.0000e+00 0.0000e+00 1.1111e-01 4.4068e-01 7.2136e-01 9.3023e-02 8.3333e-02 0.0000e+00 2.2222e-01 2.0732e-01 1.4493e-01 0.0000e+00 4.2308e-01 1.8519e-01 0.0000e+00 5.1282e-02 1.4925e-01 8.5106e-02 1.1364e-01 7.6923e-02 0.0000e+00 3.5714e-02 7.5000e-02 2.0253e-01 0.0000e+00 5.0000e-02 3.4066e-01 2.7273e-01 7.3171e-02 0.0000e+00 0.0000e+00 1.4286e-01 5.8615e-01 2.2222e-01 0.0000e+00 5.3803e-01 0.0000e+00 0.0000e+00 0.0000e+00 3.3524e-01 2.7451e-01 1.8571e-01 0.0000e+00 1.5152e-01 1.5254e-01 2.2807e-01 6.0606e-02 0.0000e+00
8.0000e-02 2.9412e-02 6.8182e-02 0.0000e+00 1.7949e-01 8.6957e-02 1.9048e-01 8.8889e-02 4.7619e-02 1.3636e-01 4.5455e-02 1.8056e-01 0.0000e+00 2.7027e-02 7.4074e-02 0.0000e+00 1.1765e-01 0.0000e+00 2.7778e-02 1.3433e-01 2.0000e-01 1.4286e-01 0.0000e+00 1.0000e-01 1.2500e-01 2.0455e-01 0.0000e+00 6.5217e-02 4.7619e-02 2.0000e-01 5.1282e-02 0.0000e+00 0.0000e+00 0.0000e+00 2.0690e-01 0.0000e+00 0.0000e+00 9.5238e-02 4.0000e-01 0.0000e+00 1.3235e-01 2.1154e-01 3.5714e-01 1.5873e-01 9.5238e-02 4.6309e-01 7.5000e-02 9.6774e-02 1.4815e-01 0.0000e+00
4.5902e-01 1.6129e-01 4.2453e-01 6.9630e-01 5.2475e-01 6.7273e-01 8.8272e-01 3.0159e-01 2.3077e-01 5.5714e-01 5.6296e-01 4.8387e-01 2.3077e-01 3.9665e-01 6.1074e-01 3.0000e-01 4.1637e-01 2.0455e-01 3.2584e-01 4.3182e-01 1.8750e-01 2.9032e-01 3.0263e-01 2.8889e-01 5.0940e-01 3.2353e-01 4.1379e-01 2.0000e-01 2.6087e-01 5.2500e-01 2.5000e-01 2.3810e-01 3.7288e-01 3.5484e-01 5.3846e-01 3.7500e-01 2.1739e-01 5.2830e-01 1.0000e+00 5.7143e-01 2.5424e-01 2.0513e-01 3.5484e-01 4.7860e-01 6.4748e-01 3.5897e-01 3.5955e-01 2.8125e-01 4.0196e-01 3.7500e-01
1.0000e-01 8.8235e-02 1.5686e-01 2.4390e-01 2.0000e-01 2.0000e-01 6.1983e-01 2.5581e-01 4.0565e-01 2.2449e-01 4.7872e-01 1.8000e-01 1.6667e-01 1.0000e-01 1.8750e-01 2.4000e-01 1.2245e-01 1.4286e-01 1.3043e-01 1.1628e-01 3.4416e-01 4.8361e-01 0.0000e+00 7.6923e-02 2.5843e-01 0.0000e+00 4.8879e-01 1.5789e-01 3.7500e-01 5.6557e-01 6.4516e-02 2.6316e-01 6.4516e-02 0.0000e+00 6.9892e-01 2.0000e-01 1.1628e-01 3.9216e-01 6.9880e-01 0.0000e+00 1.2766e-01 2.4390e-01 4.9367e-01 1.3158e-01 5.9884e-01 1.0000e-01 3.4286e-01 4.2593e-01 7.1429e-02 2.3077e-01
0.0000e+00 2.6923e-01 0.0000e+00 0.0000e+00 1.8182e-01 3.0000e-01 8.5714e-01 2.0000e-01 6.6667e-02 6.9683e-01 9.2104e-01 0.0000e+00 6.6667e-02 3.8462e-01 7.5556e-01 1.0000e+00 2.6471e-01 0.0000e+00 0.0000e+00 3.0556e-01 6.9714e-01 1.0000e-01 1.9048e-01 2.2222e-01 7.1682e-01 2.9630e-01 0.0000e+00 1.8182e-01 1.8182e-01 8.5714e-01 2.7586e-01 1.8182e-01 4.3333e-01 2.5000e-01 1.0000e+00 6.8952e-01 0.0000e+00 8.5714e-01 5.0000e-01 1.4286e-01 2.3077e-01 7.1429e-02 7.5000e-01 7.6923e-02 1.0000e+00 2.6667e-01 7.0226e-01 8.1132e-01 1.8750e-01 3.5000e-01
1.8750e-01 1.7241e-01 3.1250e-01 1.7647e-01 3.3333e-01 3.4783e-01 5.0000e-01 2.5641e-01 2.5000e-01 3.3333e-01 3.2000e-01 5.4617e-01 3.6364e-01 2.3256e-01 7.5072e-01 8.1584e-01 0.0000e+00 1.2000e-01 5.2632e-02 0.0000e+00 1.0526e-01 2.1053e-01 2.1622e-01 1.7391e-01 3.1579e-01 5.0622e-01 2.2581e-01 1.6129e-01 3.0435e-01 8.0612e-01 2.5581e-01 1.4286e-01 5.2632e-02 6.1864e-01 6.9388e-01 6.1997e-01 5.0000e-02 7.9083e-01 1.0000e+00 4.2857e-01 5.0000e-02 1.9355e-01 7.2537e-01 2.6316e-01 5.9375e-01 1.3333e-01 3.8824e-01 5.9799e-01 0.0000e+00 2.1053e-01
1.8519e-01 3.5714e-02 1.7241e-01 4.5455e-01 2.1875e-01 5.4676e-01 4.9020e-01 1.7308e-01 9.7561e-02 2.0455e-01 2.4324e-01 2.7473e-01 1.7460e-01 2.5893e-01 2.4390e-01 6.6100e-01 1.2000e-01 1.2766e-01 1.5385e-01 3.3333e-02 4.0000e-02 1.4815e-01 1.4286e-01 1.7073e-01 3.7037e-02 3.0172e-01 2.3881e-01 7.8947e-02 2.7907e-01 5.8710e-01 1.0526e-01 5.8824e-02 0.0000e+00 1.6667e-01 6.3185e-01 1.8605e-01 3.3333e-02 1.1765e-01 8.0093e-01 2.0000e-01 9.7561e-02 3.1333e-01 6.2500e-02 0.0000e+00 3.5556e-01 4.2373e-01 2.0339e-01 1.6129e-01 9.6774e-02 1.8750e-01
1.0000e+00 3.7500e-01 6.7647e-01 6.6667e-01 6.6667e-01 5.0000e-01 1.0000e+00 8.6028e-01 6.7873e-01 1.0000e+00 0.0000e+00 4.8571e-01 8.0016e-01 6.3433e-01 1.0000e+00 1.0000e+00 0.0000e+00 6.0550e-01 6.0000e-01 5.6164e-01 5.4545e-01 3.3333e-01 6.0440e-01 6.6667e-01 4.0741e-01 7.0229e-01 2.6667e-01 4.1667e-01 6.6667e-01 1.0000e+00 6.4220e-01 2.5000e-01 7.3519e-01 1.0000e+00 1.0000e+00 6.1702e-01 6.6000e-01 1.0000e+00 1.0000e+00 3.3333e-01 6.6839e-01 3.8462e-01 3.3333e-01 7.3410e-01 0.0000e+00 1.0000e+00 6.4368e-01 5.0000e-01 6.9159e-01 1.0000e+00
8.0000e-02 0.0000e+00 0.0000e+00 2.7027e-01 0.0000e+00 2.6923e-01 7.1429e-02 0.0000e+00 1.4667e-01 3.7037e-02 4.5455e-02 1.3208e-01 0.0000e+00 0.0000e+00 7.4074e-02 1.7857e-01 0.0000e+00 0.0000e+00 0.0000e+00 0.0000e+00 1.3462e-01 2.0408e-01 0.0000e+00 6.0606e-02 0.0000e+00 3.1250e-02 0.0000e+00 4.7619e-02 0.0000e+00 0.0000e+00 2.1296e-01 0.0000e+00 1.9355e-01 0.0000e+00 2.9545e-01 1.0256e-01 0.0000e+00 0.0000e+00 0.0000e+00 1.6667e-01 0.0000e+00 0.0000e+00 3.0882e-01 3.8395e-01 2.2222e-01 2.1277e-01 9.0909e-02 1.7391e-01 3.2258e-02 0.0000e+00
5.0000e-01 7.3333e-01 7.4194e-01 1.0000e+00 1.0000e+00 1.0000e+00 1.0000e+00 9.0909e-01 7.3394e-01 1.0000e+00 0.0000e+00 1.0000e+00 8.0000e-01 8.0203e-01 1.0000e+00 1.0000e+00 7.5824e-01 7.7083e-01 1.0000e+00 8.9988e-01 1.0000e+00 1.0000e+00 9.0698e-01 7.5000e-01 1.0000e+00 1.0000e+00 9.0000e-01 7.9032e-01 1.0000e+00 1.0000e+00 6.9231e-01 1.0000e+00 5.0000e-01 1.0000e+00 1.0000e+00 5.0000e-01 9.2588e-01 2.5000e-01 1.0000e+00 7.5000e-01 7.1579e-01 9.0000e-01 1.0000e+00 1.0000e+00 1.0000e+00 5.0000e-01 1.0000e+00 5.0000e-01 7.6190e-01 1.0000e+00
4.5455e-02 0.0000e+00 0.0000e+00 2.7848e-01 0.0000e+00 1.8182e-01 1.9048e-01 7.3171e-02 4.7619e-02 3.2530e-01 1.0714e-01 0.0000e+00 0.0000e+00 0.0000e+00 4.8005e-01 1.5385e-01 1.0938e-01 3.7658e-01 1.6456e-01 1.7241e-01 2.3529e-01 7.6923e-02 0.0000e+00 3.1214e-01 7.1429e-02 5.5556e-02 2.4299e-01 0.0000e+00 0.0000e+00 1.7391e-01 0.0000e+00 2.1739e-01 2.5904e-01 0.0000e+00 2.3529e-01 2.6667e-01 0.0000e+00 0.0000e+00 5.4074e-01 4.0000e-01 0.0000e+00 3.3248e-01 1.7647e-01 1.0870e-01 4.1228e-01 0.0000e+00 3.1985e-01 2.4638e-01 0.0000e+00 2.9787e-01
8.3333e-02 9.0909e-02 2.1951e-01 4.3396e-01 0.0000e+00 7.9170e-01 1.0000e+00 4.2188e-01 2.2222e-01 2.8571e-01 5.6190e-01 4.0206e-01 8.3333e-02 1.8919e-01 5.0602e-01 6.9106e-01 8.0000e-02 2.1429e-01 2.3256e-01 1.1538e-01 3.3898e-01 3.9535e-01 2.1951e-01 6.0167e-01 4.4706e-01 3.0000e-01 3.2727e-01 8.3333e-02 3.7500e-01 3.1250e-01 1.6667e-01 3.8235e-01 3.2857e-01 0.0000e+00 6.5000e-01 3.6364e-01 3.6000e-01 2.5000e-01 1.0000e+00 3.7500e-01 1.1111e-01 9.0909e-02 7.9519e-01 2.2857e-01 4.5714e-01 2.9630e-01 4.5930e-01 3.6585e-01 5.8824e-02 3.5897e-01
1.0000e+00 8.7565e-01 8.3772e-01 7.5000e-01 0.0000e+00 1.0000e+00 1.0000e+00 2.0000e-01 6.8807e-01 8.3333e-01 0.0000e+00 1.0000e+00 8.4043e-01 8.7924e-01 3.3333e-01 1.0000e+00 2.1429e-01 8.6836e-01 0.0000e+00 8.7024e-01 0.0000e+00 0.0000e+00 4.4000e-01 8.0000e-01 8.9642e-01 4.4444e-01 6.8421e-01 6.6304e-01 1.0000e+00 8.0000e-01 1.8182e-01 1.0000e+00 1.1111e-01 9.2308e-01 1.0000e+00 1.0000e+00 2.6667e-01 1.0000e+00 1.0000e+00 0.0000e+00 6.3380e-01 6.5574e-01 1.0000e+00 2.2222e-01 0.0000e+00 1.0000e+00 0.0000e+00 1.0000e+00 1.2500e-01 1.0000e+00
1.0000e+00 6.9697e-01 9.4281e-01 1.0000e+00 8.0000e-01 1.0000e+00 5.0000e-01 7.5000e-01 6.3333e-01 5.5556e-01 1.0000e+00 5.0000e-01 7.2727e-01 7.6647e-01 1.0000e+00 1.0000e+00 7.6735e-01 8.6090e-01 7.0968e-01 7.0833e-01 3.3333e-01 1.0000e+00 7.5397e-01 1.0000e+00 5.8333e-01 7.5000e-01 8.2857e-01 7.6220e-01 1.0000e+00 1.0000e+00 9.8261e-01 1.0000e+00 7.4468e-01 8.0000e-01 1.0000e+00 8.3333e-01 7.8409e-01 5.0000e-01 1.0000e+00 7.5000e-01 6.3333e-01 8.7500e-01 1.0000e+00 5.0000e-01 1.0000e+00 1.0000e+00 5.0000e-01 1.0000e+00 8.2500e-01 1.0000e+00
7.1066e-01 1.5152e-01 3.1183e-01 6.6667e-02 3.0303e-01 7.6923e-02 2.3077e-01 1.1111e-01 1.0000e-01 3.2727e-01 4.0741e-01 0.0000e+00 4.1667e-02 3.0928e-01 3.3333e-01 0.0000e+00 6.8966e-02 7.4074e-02 2.5397e-01 0.0000e+00 5.4836e-01 1.1765e-01 4.1224e-01 9.5238e-02 4.6301e-01 2.8333e-01 1.8182e-01 1.3889e-01 3.9583e-01 4.5714e-01 1.6216e-01 0.0000e+00 0.0000e+00 7.6923e-02 4.4444e-01 2.7273e-01 1.2500e-01 1.4286e-01 0.0000e+00 1.1111e-01 0.0000e+00 4.2291e-01 3.1034e-01 2.1951e-01 6.0163e-01 5.9605e-01 4.0132e-01 6.2137e-01 3.4568e-01 6.6667e-02
1.0000e+00 1.0000e+00 9.1304e-01 1.0000e+00 1.0000e+00 1.0000e+00 0.0000e+00 9.3333e-01 9.5400e-01 1.0000e+00 1.0000e+00 1.0000e+00 9.0785e-01 8.7805e-01 1.0000e+00 1.0000e+00 8.4440e-01 9.5035e-01 8.4828e-01 1.0000e+00 1.0000e+00 1.0000e+00 1.0000e+00 1.0000e+00 1.0000e+00 1.0000e+00 1.0000e+00 9.8283e-01 1.0000e+00 1.0000e+00 9.2857e-01 1.0000e+00 8.8889e-01 1.0000e+00 1.0000e+00 1.0000e+00 9.0769e-01 1.0000e+00 1.0000e+00 5.0000e-01 9.7128e-01 8.0000e-01 1.0000e+00 8.3333e-01 1.0000e+00 1.0000e+00 1.0000e+00 1.0000e+00 1.0000e+00 1.0000e+00
0.0000e+00 0.0000e+00 2.7778e-02 0.0000e+00 3.1325e-01 5.0000e-02 3.0303e-01 8.8889e-02 2.6316e-02 2.5000e-01 0.0000e+00 3.1250e-02 2.6316e-02 0.0000e+00 0.0000e+00 2.0000e-01 1.5294e-01 0.0000e+00 5.0000e-02 6.6667e-02 3.2231e-01 1.7073e-01 0.0000e+00 0.0000e+00 2.9412e-02 1.2000e-01 1.7910e-01 1.8812e-01 3.0263e-01 2.8947e-01 2.8571e-02 2.1739e-01 0.0000e+00 0.0000e+00 0.0000e+00 1.0256e-01 9.4340e-02 0.0000e+00 3.4211e-01 0.0000e+00 0.0000e+00 0.0000e+00 3.3333e-01 0.0000e+00 2.5581e-01 1.4706e-01 0.0000e+00 0.0000e+00 0.0000e+00 4.1667e-02
1.3333e-01 1.3333e-01 2.7778e-02 1.7073e-01 1.0714e-01 3.1429e-01 5.8108e-01 1.2727e-01 2.6316e-02 2.3377e-01 3.4821e-01 7.5000e-02 0.0000e+00 1.8367e-01 1.4286e-01 5.5556e-02 2.5000e-02 2.4026e-01 0.0000e+00 8.1633e-02 3.2258e-02 7.6923e-02 2.5967e-01 1.3043e-01 8.8889e-02 1.5000e-01 1.6393e-01 8.0000e-02 8.3333e-02 1.4286e-01 1.2281e-01 4.7619e-02 0.0000e+00 4.7619e-02 2.9545e-01 1.4583e-01 0.0000e+00 3.4375e-01 7.1429e-02 7.0738e-01 0.0000e+00 2.9412e-02 1.3793e-01 9.3023e-02 1.2500e-01 2.6230e-01 9.0909e-02 2.9032e-01 3.2258e-02 0.0000e+00
3.3333e-01 5.2632e-02 6.8182e-02 4.2540e-01 2.3529e-01 3.2877e-01 4.0385e-01 1.9277e-01 1.4085e-01 8.8235e-02 1.9512e-01 4.1374e-01 1.1475e-01 1.7778e-01 3.4426e-01 5.8037e-01 1.4103e-01 1.6456e-01 1.3846e-01 1.0714e-01 3.1858e-01 1.7500e-01 1.6456e-01 2.6606e-01 3.2817e-01 2.5954e-01 9.5238e-02 1.9626e-01 2.0930e-01 5.8542e-01 1.4925e-01 2.7119e-01 1.8072e-01 1.1538e-01 5.3727e-01 4.1854e-01 2.1368e-01 3.3333e-01 5.5172e-01 2.8571e-01 1.7045e-01 1.7722e-01 4.0625e-01 1.3208e-01 3.4328e-01 3.9157e-01 1.8987e-01 2.6923e-01 1.8841e-01 2.0408e-01
0.0000e+00 1.2195e-01 2.7193e-01 4.1221e-01 4.8837e-01 5.3448e-01 6.2308e-01 6.6667e-02 2.3077e-01 2.1739e-01 3.9785e-01 1.5909e-01 9.7561e-02 2.8261e-01 4.4512e-01 3.3333e-01 7.6923e-02 3.0857e-01 3.4483e-02 2.0000e-01 1.3514e-01 0.0000e+00 1.9048e-01 3.3333e-01 6.6667e-02 1.4634e-01 4.9489e-01 2.0779e-01 3.5484e-01 5.0000e-01 2.9927e-01 5.8824e-02 4.0675e-01 0.0000e+00 4.5455e-01 1.7500e-01 1.8033e-01 0.0000e+00 0.0000e+00 4.6809e-01 1.7742e-01 1.6000e-01 2.8205e-01 4.9097e-01 1.8182e-01 0.0000e+00 3.2394e-01 3.7000e-01 4.1667e-02 1.4815e-01
1.6667e-01 2.9412e-02 2.7778e-02 0.0000e+00 2.9167e-01 8.6957e-02 0.0000e+00 2.3232e-01 2.7350e-01 3.7037e-02 0.0000e+00 1.2000e-01 1.1475e-01 8.1633e-02 1.8605e-01 5.5556e-02 2.5000e-02 0.0000e+00 6.8182e-02 0.0000e+00 1.7647e-01 1.0345e-01 0.0000e+00 3.4483e-02 1.0204e-01 7.5000e-02 0.0000e+00 0.0000e+00 1.7143e-01 2.3333e-01 1.9355e-01 1.1111e-01 0.0000e+00 0.0000e+00 0.0000e+00 1.0256e-01 0.0000e+00 5.5556e-02 2.1739e-01 0.0000e+00 0.0000e+00 2.9412e-02 2.0513e-01 7.6923e-02 0.0000e+00 1.0714e-01 0.0000e+00 0.0000e+00 1.3725e-01 7.4074e-02
5.6800e-01 1.1538e-01 2.5000e-01 6.9887e-01 2.3810e-01 2.5000e-01 6.0000e-01 2.7451e-01 3.0380e-01 2.3333e-01 4.7826e-01 3.5065e-01 2.1739e-01 2.4528e-01 5.6051e-01 5.4545e-01 3.6601e-01 8.0000e-02 2.3404e-01 2.0930e-01 5.3247e-01 5.6329e-01 3.2530e-01 2.0690e-01 3.3333e-01 2.0588e-01 1.7241e-01 1.0714e-01 0.0000e+00 5.8491e-01 2.4490e-01 6.4748e-01 4.7619e-02 3.8235e-01 5.9701e-01 2.9545e-01 1.1111e-01 2.0000e-01 1.0000e+00 2.5000e-01 5.3897e-01 1.4286e-01 6.8354e-01 3.8542e-01 9.0909e-02 2.6923e-01 1.8750e-01 3.0303e-01 3.0000e-01 7.1429e-02
2.6667e-01 0.0000e+00 1.5278e-01 3.4559e-01 2.2449e-01 1.4286e-01 2.4000e-01 1.6901e-01 2.0175e-01 1.8966e-01 0.0000e+00 2.7152e-01 1.2308e-01 1.4667e-01 4.2857e-01 2.5641e-01 1.4103e-01 1.7778e-01 2.7488e-01 1.9417e-01 1.2245e-01 1.9565e-01 1.0909e-01 3.0380e-01 1.9540e-01 1.5000e-01 1.7188e-01 1.8367e-01 3.6441e-01 5.7025e-01 1.7857e-01 4.0000e-01 1.2281e-01 4.7619e-02 3.5000e-01 2.6415e-01 1.3433e-01 5.9367e-01 6.2006e-01 7.1429e-02 1.8812e-01 7.1429e-02 4.5064e-01 2.0238e-01 0.0000e+00 2.2449e-01 1.8750e-01 2.2951e-01 1.1111e-01 1.8182e-01
3.7500e-01 3.9535e-01 2.5000e-01 3.1250e-01 6.0000e-01 1.0000e+00 1.0000e+00 1.3333e-01 1.9048e-01 8.4937e-01 2.8571e-01 3.4483e-01 2.4000e-01 0.0000e+00 3.5294e-01 1.0000e+00 0.0000e+00 1.2500e-01 1.6667e-01 4.6753e-01 3.0435e-01 1.8182e-01 2.2727e-01 3.7931e-01 1.3333e-01 2.5000e-01 2.5000e-01 4.1071e-01 5.4839e-01 1.0000e+00 3.6111e-01 4.4444e-01 7.2976e-01 2.5000e-01 5.0000e-01 7.0763e-01 1.2500e-01 7.5000e-01 1.0000e+00 1.0000e+00 7.1429e-02 4.0909e-01 1.0000e+00 5.7798e-01 1.0000e+00 1.8182e-01 5.1351e-01 1.0000e-01 2.5000e-01 1.0000e-01
