8.8235e-01 1.0345e-01 3.1250e-01 7.1429e-01 5.0000e-01 4.3478e-01 5.0000e-01 1.3333e-01 8.7097e-01 9.6910e-01
3.0000e-01 5.0000e-01 1.6667e-01 9.9734e-01 5.8333e-01 2.0000e-01 9.0000e-01 5.0000e-02 1.8182e-01 8.7879e-01
9.7157e-01 4.0741e-01 5.8824e-02 5.2632e-01 7.1429e-01 5.5556e-01 9.7308e-01 7.9412e-01 6.2500e-01 4.5455e-01
6.4286e-01 8.9655e-01 5.5000e-01 5.0000e-01 7.6923e-01 9.7979e-01 1.5000e-01 3.7037e-01 2.6923e-01 8.8000e-01
0.0000e+00 2.9412e-01 8.8688e-01 6.7568e-01 2.0833e-01 3.3333e-01 2.6316e-01 4.2857e-01 7.1429e-02 2.2222e-01
6.9565e-01 2.8571e-01 4.7619e-02 1.1765e-01 5.6522e-01 5.6250e-01 9.6395e-01 7.8571e-01 5.2632e-02 5.3846e-01
8.2059e-01 2.0833e-01 2.2222e-01 2.4000e-01 6.2743e-01 5.2174e-01 4.7619e-01 2.3077e-01 3.6364e-01 6.9565e-01
3.3333e-01 9.7866e-01 9.4562e-01 1.6667e-01 0.0000e+00 5.6250e-01 6.9565e-01 8.3188e-01 5.7143e-01 0.0000e+00
2.5000e-01 4.7368e-01 1.3043e-01 7.2152e-01 3.4615e-01 0.0000e+00 3.4783e-01 6.5385e-01 7.2873e-01 4.5455e-01
0.0000e+00 9.9414e-01 1.2500e-01 1.8182e-01 2.2222e-01 2.2222e-01 1.0000e-01 5.4545e-01 3.4483e-01 5.8824e-01
