5.0000e+01 4.9000e+01 2.0300e+02 5.8000e+01 1.3000e+01 7.0000e+00 2.9000e+01 1.5000e+01 5.9570e+03 5.9420e+03 4.1000e+02 5.8570e+03 1.0600e+02 4.9340e+03 4.9970e+03 5.6000e+01 1.1080e+03 9.0200e+02 1.1510e+03 1.5500e+02 3.8000e+01 5.5150e+03 2.8790e+03 6.0220e+03 3.7000e+01 5.0830e+03 4.0000e+01 5.8600e+02 2.5000e+01 5.3810e+03 1.8900e+02 1.2000e+01 4.8650e+03 6.1940e+03 2.4000e+01 3.0000e+01 1.6100e+03 7.2000e+01 1.2000e+01 1.1990e+03 1.3010e+03 7.0000e+00 5.9340e+03 6.0250e+03 1.0000e+01 3.1000e+01 1.7000e+01 2.4000e+01 5.6000e+01 1.9300e+02
1.5000e+01 1.5000e+01 2.4000e+01 7.0000e+00 1.4000e+01 1.1000e+01 7.0000e+00 2.2000e+01 0.0000e+00 0.0000e+00 9.0000e+00 0.0000e+00 1.2000e+01 1.0000e+01 1.6900e+02 1.3000e+01 2.3000e+01 2.4200e+02 9.1000e+01 3.9000e+01 1.8000e+01 1.7000e+01 1.2000e+01 0.0000e+00 1.2000e+01 2.3000e+01 1.9000e+01 2.2000e+01 4.3000e+01 1.7000e+01 1.4000e+01 1.7000e+01 1.0000e+01 0.0000e+00 1.5000e+01 2.8000e+01 1.8000e+01 1.0000e+01 1.2000e+01 7.0000e+00 7.0000e+00 7.0000e+00 0.0000e+00 0.0000e+00 1.0000e+01 2.9000e+01 9.0000e+00 7.0000e+00 1.4000e+01 1.5000e+01
3.7600e+02 4.2000e+01 5.6850e+03 7.0000e+00 7.0000e+00 4.5000e+01 5.8780e+03 4.0000e+01 0.0000e+00 0.0000e+00 5.3650e+03 0.0000e+00 1.5000e+01 8.0000e+00 7.4000e+01 1.1000e+01 1.6000e+01 4.6000e+01 1.8900e+02 3.1000e+02 1.0000e+01 1.0000e+01 1.8000e+01 0.0000e+00 6.7000e+01 4.3000e+01 8.3000e+01 1.0800e+02 2.1440e+03 1.4000e+01 3.1000e+01 5.9580e+03 7.4500e+02 0.0000e+00 1.2000e+01 1.7000e+01 7.0000e+00 1.0500e+02 9.0000e+00 2.1300e+02 1.1000e+01 9.0000e+00 0.0000e+00 0.0000e+00 2.2000e+01 2.2000e+01 9.0000e+00 6.0470e+03 1.0800e+02 4.2690e+03
1.0000e+01 1.2000e+01 0.0000e+00 7.0000e+00 9.0000e+00 2.2000e+01 0.0000e+00 7.0000e+00 0.0000e+00 0.0000e+00 1.5000e+01 0.0000e+00 1.2000e+01 4.1000e+01 2.0000e+01 1.3000e+01 1.2000e+01 1.6900e+02 2.8000e+01 4.4700e+02 7.8000e+01 1.7000e+01 2.9000e+01 0.0000e+00 5.4000e+01 6.9000e+01 1.1900e+02 3.1550e+03 4.1000e+01 3.8000e+01 2.1400e+02 0.0000e+00 1.4000e+01 0.0000e+00 4.2000e+01 2.6000e+01 3.1000e+01 1.5000e+01 1.1500e+02 2.1000e+01 2.1000e+01 2.1000e+01 0.0000e+00 0.0000e+00 1.9000e+01 4.7690e+03 8.7000e+01 0.0000e+00 4.5000e+01 2.5000e+01
4.5000e+01 3.0000e+01 0.0000e+00 1.8000e+01 3.1000e+01 3.6000e+01 0.0000e+00 1.2800e+02 0.0000e+00 0.0000e+00 8.7000e+01 0.0000e+00 5.0000e+01 1.1000e+01 5.1000e+01 4.5000e+01 2.7310e+03 3.1400e+03 1.9200e+02 2.0150e+03 3.8000e+01 3.8000e+01 1.0000e+01 0.0000e+00 1.4000e+01 8.0000e+00 9.6200e+02 1.4800e+02 2.6400e+02 1.9000e+01 2.2000e+01 0.0000e+00 3.8000e+01 0.0000e+00 9.4500e+02 1.5400e+02 6.4000e+01 1.2000e+01 2.0000e+01 1.9000e+01 4.0000e+01 5.4000e+01 0.0000e+00 0.0000e+00 2.9000e+01 4.2000e+01 1.6100e+02 0.0000e+00 1.5100e+02 7.9300e+02
5.4020e+03 5.8280e+03 0.0000e+00 3.0610e+03 2.3940e+03 3.1000e+01 0.0000e+00 1.1620e+03 0.0000e+00 0.0000e+00 1.1600e+02 0.0000e+00 5.8210e+03 4.7700e+02 1.0600e+02 1.1000e+01 5.9400e+02 4.6000e+01 3.9980e+03 1.6000e+01 5.7770e+03 3.8200e+02 3.0390e+03 0.0000e+00 5.8160e+03 1.7000e+02 4.7400e+03 3.9500e+02 2.5270e+03 1.2000e+01 5.4790e+03 0.0000e+00 5.9000e+01 0.0000e+00 5.1220e+03 5.7460e+03 2.2440e+03 5.7100e+03 5.7200e+03 4.5930e+03 4.3100e+03 5.9050e+03 0.0000e+00 0.0000e+00 5.8780e+03 1.8900e+02 2.1000e+01 0.0000e+00 9.2000e+01 4.3000e+01
0.0000e+00 0.0000e+00 0.0000e+00 8.9000e+01 3.3680e+03 7.0000e+00 0.0000e+00 4.6180e+03 0.0000e+00 0.0000e+00 9.0000e+00 0.0000e+00 0.0000e+00 2.4000e+01 2.7000e+01 5.7350e+03 1.1960e+03 3.1000e+01 1.8000e+01 6.2100e+02 2.7000e+01 0.0000e+00 0.0000e+00 0.0000e+00 0.0000e+00 3.0000e+01 0.0000e+00 5.8800e+02 1.7900e+02 2.5000e+01 0.0000e+00 0.0000e+00 3.6000e+01 0.0000e+00 0.0000e+00 0.0000e+00 2.2000e+01 9.0000e+00 6.5000e+01 0.0000e+00 1.8600e+02 1.0000e+01 0.0000e+00 0.0000e+00 0.0000e+00 3.4000e+01 1.7000e+01 0.0000e+00 4.6820e+03 1.1000e+01
0.0000e+00 0.0000e+00 0.0000e+00 1.4000e+01 7.8000e+01 4.9000e+01 0.0000e+00 0.0000e+00 0.0000e+00 0.0000e+00 2.7000e+01 0.0000e+00 0.0000e+00 1.8200e+02 3.0400e+02 4.3000e+01 2.1000e+01 2.8200e+02 2.0000e+01 3.2700e+02 0.0000e+00 0.0000e+00 0.0000e+00 0.0000e+00 0.0000e+00 2.7000e+01 0.0000e+00 2.2100e+02 3.7800e+02 2.8000e+01 0.0000e+00 0.0000e+00 1.1900e+02 0.0000e+00 0.0000e+00 0.0000e+00 9.0000e+00 3.9000e+01 7.7000e+01 0.0000e+00 3.1000e+01 1.5000e+01 0.0000e+00 0.0000e+00 0.0000e+00 3.2400e+02 5.9000e+01 0.0000e+00 5.4300e+02 4.2300e+02
0.0000e+00 0.0000e+00 0.0000e+00 2.7920e+03 1.1500e+02 5.6960e+03 0.0000e+00 0.0000e+00 0.0000e+00 0.0000e+00 6.6000e+01 0.0000e+00 0.0000e+00 2.8400e+02 2.2200e+02 7.2000e+01 5.7000e+01 6.3100e+02 3.2200e+02 1.7020e+03 0.0000e+00 0.0000e+00 0.0000e+00 0.0000e+00 0.0000e+00 2.3300e+02 0.0000e+00 7.3500e+02 3.5400e+02 2.7900e+02 0.0000e+00 0.0000e+00 1.8700e+02 0.0000e+00 0.0000e+00 0.0000e+00 1.9240e+03 2.6000e+01 2.5000e+01 0.0000e+00 3.3000e+01 5.8000e+01 0.0000e+00 0.0000e+00 0.0000e+00 3.4500e+02 5.6100e+03 0.0000e+00 3.6100e+02 1.3500e+02
0.0000e+00 0.0000e+00 0.0000e+00 1.1000e+01 1.4000e+01 1.6300e+02 0.0000e+00 0.0000e+00 0.0000e+00 0.0000e+00 2.5000e+01 0.0000e+00 0.0000e+00 3.4000e+01 2.2000e+01 3.3000e+01 6.8000e+01 3.9200e+02 4.3000e+01 3.4800e+02 0.0000e+00 0.0000e+00 0.0000e+00 0.0000e+00 0.0000e+00 3.1600e+02 0.0000e+00 9.0000e+01 1.7000e+01 9.8000e+01 0.0000e+00 0.0000e+00 8.0000e+00 0.0000e+00 0.0000e+00 0.0000e+00 7.0000e+00 3.2000e+01 6.0000e+01 0.0000e+00 1.7000e+01 3.9000e+01 0.0000e+00 0.0000e+00 0.0000e+00 8.0000e+01 6.0000e+01 0.0000e+00 2.5000e+01 1.0400e+02
