3.2000e+01 3.1000e+01 1.6700e+02 3.8000e+01 3.0000e+00 0.0000e+00 1.5000e+01 5.0000e+00 5.8530e+03 5.9300e+03 3.5200e+02 5.6800e+03 8.0000e+01 4.4600e+03 3.7530e+03 2.5000e+01 8.4300e+02 4.2100e+02 7.9100e+02 6.8000e+01 2.2000e+01 5.3280e+03 2.7440e+03 5.9910e+03 2.1000e+01 4.6190e+03 2.4000e+01 3.3800e+02 1.1000e+01 4.7280e+03 1.5400e+02 3.0000e+00 4.3070e+03 6.1260e+03 1.1000e+01 1.6000e+01 1.4270e+03 5.0000e+01 3.0000e+00 1.1120e+03 1.1880e+03 0.0000e+00 5.7450e+03 5.9310e+03 2.0000e+00 1.1000e+01 4.0000e+00 1.1000e+01 2.7000e+01 1.4700e+02
5.0000e+00 5.0000e+00 1.1000e+01 0.0000e+00 4.0000e+00 2.0000e+00 0.0000e+00 1.0000e+01 0.0000e+00 0.0000e+00 1.0000e+00 0.0000e+00 3.0000e+00 1.0000e+00 1.0000e+02 1.0000e+00 7.0000e+00 9.4000e+01 4.5000e+01 9.0000e+00 7.0000e+00 6.0000e+00 3.0000e+00 0.0000e+00 3.0000e+00 9.0000e+00 8.0000e+00 3.0000e+00 2.5000e+01 5.0000e+00 4.0000e+00 6.0000e+00 1.0000e+00 0.0000e+00 5.0000e+00 1.4000e+01 6.0000e+00 2.0000e+00 3.0000e+00 0.0000e+00 0.0000e+00 0.0000e+00 0.0000e+00 0.0000e+00 2.0000e+00 1.0000e+01 0.0000e+00 0.0000e+00 2.0000e+00 4.0000e+00
3.2700e+02 2.5000e+01 5.6460e+03 0.0000e+00 0.0000e+00 2.6000e+01 5.8780e+03 2.4000e+01 0.0000e+00 0.0000e+00 5.0970e+03 0.0000e+00 5.0000e+00 0.0000e+00 3.6000e+01 0.0000e+00 3.0000e+00 8.0000e+00 1.0900e+02 1.5500e+02 2.0000e+00 2.0000e+00 7.0000e+00 0.0000e+00 4.6000e+01 2.4000e+01 6.0000e+01 4.7000e+01 1.9560e+03 3.0000e+00 1.7000e+01 5.9580e+03 6.1700e+02 0.0000e+00 3.0000e+00 6.0000e+00 0.0000e+00 7.9000e+01 1.0000e+00 1.7600e+02 2.0000e+00 1.0000e+00 0.0000e+00 0.0000e+00 1.0000e+01 6.0000e+00 0.0000e+00 5.9150e+03 6.3000e+01 3.8770e+03
2.0000e+00 3.0000e+00 0.0000e+00 0.0000e+00 1.0000e+00 9.0000e+00 0.0000e+00 0.0000e+00 0.0000e+00 0.0000e+00 5.0000e+00 0.0000e+00 3.0000e+00 2.2000e+01 4.0000e+00 1.0000e+00 1.0000e+00 6.0000e+01 8.0000e+00 2.3400e+02 5.5000e+01 6.0000e+00 1.5000e+01 0.0000e+00 3.5000e+01 4.4000e+01 9.1000e+01 2.0090e+03 2.3000e+01 1.9000e+01 1.7700e+02 0.0000e+00 3.0000e+00 0.0000e+00 2.5000e+01 1.3000e+01 1.5000e+01 5.0000e+00 8.7000e+01 9.0000e+00 9.0000e+00 9.0000e+00 0.0000e+00 0.0000e+00 8.0000e+00 3.7440e+03 5.0000e+01 0.0000e+00 2.0000e+01 1.1000e+01
2.8000e+01 1.6000e+01 0.0000e+00 7.0000e+00 1.5000e+01 1.9000e+01 0.0000e+00 9.9000e+01 0.0000e+00 0.0000e+00 6.2000e+01 0.0000e+00 3.2000e+01 2.0000e+00 2.2000e+01 1.8000e+01 2.1500e+03 1.5910e+03 1.1100e+02 1.1860e+03 2.2000e+01 2.2000e+01 2.0000e+00 0.0000e+00 4.0000e+00 0.0000e+00 8.8400e+02 7.0000e+01 2.1400e+02 6.0000e+00 1.0000e+01 0.0000e+00 1.9000e+01 0.0000e+00 8.6700e+02 1.2200e+02 4.0000e+01 3.0000e+00 8.0000e+00 8.0000e+00 2.3000e+01 3.5000e+01 0.0000e+00 0.0000e+00 1.5000e+01 1.8000e+01 1.0400e+02 0.0000e+00 9.4000e+01 6.7900e+02
5.3900e+03 5.8280e+03 0.0000e+00 2.8920e+03 2.1710e+03 1.5000e+01 0.0000e+00 1.0760e+03 0.0000e+00 0.0000e+00 8.7000e+01 0.0000e+00 5.6550e+03 3.9300e+02 5.7000e+01 0.0000e+00 4.3500e+02 8.0000e+00 2.8890e+03 0.0000e+00 5.5860e+03 3.7900e+02 3.0330e+03 0.0000e+00 5.8160e+03 1.2700e+02 4.5950e+03 2.1900e+02 2.3160e+03 2.0000e+00 5.3740e+03 0.0000e+00 3.5000e+01 0.0000e+00 4.9800e+03 5.5850e+03 2.0110e+03 5.5090e+03 5.4900e+03 4.5680e+03 4.0740e+03 5.6810e+03 0.0000e+00 0.0000e+00 5.8100e+03 1.2000e+02 6.0000e+00 0.0000e+00 5.2000e+01 2.4000e+01
0.0000e+00 0.0000e+00 0.0000e+00 6.4000e+01 3.0800e+03 0.0000e+00 0.0000e+00 4.4610e+03 0.0000e+00 0.0000e+00 1.0000e+00 0.0000e+00 0.0000e+00 1.0000e+01 8.0000e+00 4.3050e+03 9.1200e+02 3.0000e+00 3.0000e+00 3.3700e+02 1.8000e+01 0.0000e+00 0.0000e+00 0.0000e+00 0.0000e+00 1.4000e+01 0.0000e+00 3.3900e+02 1.3900e+02 1.0000e+01 0.0000e+00 0.0000e+00 1.8000e+01 0.0000e+00 0.0000e+00 0.0000e+00 9.0000e+00 1.0000e+00 4.4000e+01 0.0000e+00 1.4800e+02 2.0000e+00 0.0000e+00 0.0000e+00 0.0000e+00 1.3000e+01 4.0000e+00 0.0000e+00 3.7080e+03 2.0000e+00
0.0000e+00 0.0000e+00 0.0000e+00 4.0000e+00 5.2000e+01 2.9000e+01 0.0000e+00 0.0000e+00 0.0000e+00 0.0000e+00 1.3000e+01 0.0000e+00 0.0000e+00 1.3700e+02 1.9500e+02 1.7000e+01 6.0000e+00 1.1300e+02 4.0000e+00 1.6500e+02 0.0000e+00 0.0000e+00 0.0000e+00 0.0000e+00 0.0000e+00 1.2000e+01 0.0000e+00 1.1300e+02 3.1600e+02 1.2000e+01 0.0000e+00 0.0000e+00 8.2000e+01 0.0000e+00 0.0000e+00 0.0000e+00 1.0000e+00 2.3000e+01 5.4000e+01 0.0000e+00 1.6000e+01 5.0000e+00 0.0000e+00 0.0000e+00 0.0000e+00 2.2000e+02 3.0000e+01 0.0000e+00 3.9100e+02 3.4800e+02
0.0000e+00 0.0000e+00 0.0000e+00 2.6340e+03 8.3000e+01 5.2530e+03 0.0000e+00 0.0000e+00 0.0000e+00 0.0000e+00 4.4000e+01 0.0000e+00 0.0000e+00 2.2400e+02 1.3700e+02 3.5000e+01 2.8000e+01 2.8400e+02 2.0000e+02 9.9100e+02 0.0000e+00 0.0000e+00 0.0000e+00 0.0000e+00 0.0000e+00 1.8100e+02 0.0000e+00 4.3200e+02 2.9400e+02 2.1200e+02 0.0000e+00 0.0000e+00 1.3700e+02 0.0000e+00 0.0000e+00 0.0000e+00 1.7170e+03 1.3000e+01 1.2000e+01 0.0000e+00 1.8000e+01 3.8000e+01 0.0000e+00 0.0000e+00 0.0000e+00 2.3600e+02 4.5590e+03 0.0000e+00 2.5100e+02 9.8000e+01
0.0000e+00 0.0000e+00 0.0000e+00 2.0000e+00 4.0000e+00 1.2300e+02 0.0000e+00 0.0000e+00 0.0000e+00 0.0000e+00 1.2000e+01 0.0000e+00 0.0000e+00 1.7000e+01 5.0000e+00 1.1000e+01 3.6000e+01 1.6600e+02 1.6000e+01 1.7700e+02 0.0000e+00 0.0000e+00 0.0000e+00 0.0000e+00 0.0000e+00 2.5300e+02 0.0000e+00 3.7000e+01 6.0000e+00 6.4000e+01 0.0000e+00 0.0000e+00 0.0000e+00 0.0000e+00 0.0000e+00 0.0000e+00 0.0000e+00 1.7000e+01 4.0000e+01 0.0000e+00 6.0000e+00 2.3000e+01 0.0000e+00 0.0000e+00 0.0000e+00 4.3000e+01 3.1000e+01 0.0000e+00 8.0000e+00 7.2000e+01
