8.5811e-01 0.0000e+00 1.2500e-01 7.7391e-01 5.0794e-01 6.5306e-01 4.5000e-01 1.5385e-01 9.0658e-01 9.7231e-01
2.0000e-01 5.3571e-01 2.0000e-01 9.9776e-01 5.2703e-01 1.2500e-01 7.7311e-01 0.0000e+00 1.8182e-01 9.7190e-01
9.7256e-01 5.6250e-01 0.0000e+00 1.0000e+00 7.8595e-01 6.0526e-01 9.7235e-01 7.5399e-01 5.0000e-01 1.0000e+00
8.3178e-01 7.6852e-01 8.1900e-01 1.0000e+00 6.7405e-01 9.7671e-01 0.0000e+00 4.4444e-01 2.8571e-01 1.0000e+00
0.0000e+00 2.0000e-01 8.6758e-01 1.0000e+00 2.5000e-01 1.0000e+00 2.0000e-01 6.2810e-01 0.0000e+00 1.0000e+00
6.8852e-01 5.2000e-01 0.0000e+00 1.0000e+00 5.5556e-01 1.0000e+00 9.6339e-01 7.5251e-01 4.4444e-01 1.0000e+00
8.1967e-01 3.5714e-01 3.0769e-01 1.0000e+00 5.7798e-01 1.0000e+00 1.0000e+00 2.5000e-01 5.1429e-01 1.0000e+00
2.7273e-01 9.7328e-01 9.5776e-01 1.0000e+00 0.0000e+00 1.0000e+00 1.0000e+00 8.2557e-01 4.1667e-01 1.0000e+00
2.7273e-01 2.0000e-01 1.2500e-01 1.0000e+00 2.8571e-01 1.0000e+00 1.0000e+00 4.4444e-01 7.1311e-01 1.0000e+00
0.0000e+00 9.9401e-01 1.2500e-01 1.0000e+00 1.8750e-01 1.0000e+00 1.0000e+00 5.3333e-01 3.1250e-01 1.0000e+00
