2.5400e+02 0.0000e+00 1.0000e+00 8.9000e+01 3.2000e+01 3.2000e+01 9.0000e+00 2.0000e+00 8.7140e+03 7.3040e+03
2.0000e+00 1.5000e+01 2.0000e+00 9.8060e+03 3.9000e+01 1.0000e+00 9.2000e+01 0.0000e+00 2.0000e+00 2.4560e+03
8.8970e+03 1.8000e+01 0.0000e+00 0.0000e+00 7.3950e+03 2.3000e+01 7.3510e+03 4.7200e+02 1.6000e+01 0.0000e+00
1.7800e+02 8.3000e+01 1.8100e+02 0.0000e+00 2.1300e+02 9.7710e+03 0.0000e+00 1.6000e+01 4.0000e+00 0.0000e+00
0.0000e+00 2.0000e+00 3.8000e+02 0.0000e+00 5.0000e+00 0.0000e+00 2.0000e+00 7.6000e+01 0.0000e+00 0.0000e+00
4.2000e+01 1.3000e+01 0.0000e+00 0.0000e+00 5.0000e+01 0.0000e+00 2.2630e+03 4.5000e+02 1.2000e+01 0.0000e+00
1.5000e+02 5.0000e+00 4.0000e+00 0.0000e+00 6.3000e+01 0.0000e+00 0.0000e+00 4.0000e+00 1.8000e+01 0.0000e+00
3.0000e+00 7.8670e+03 8.8420e+03 0.0000e+00 0.0000e+00 0.0000e+00 0.0000e+00 6.9620e+03 1.0000e+01 0.0000e+00
3.0000e+00 2.0000e+00 1.0000e+00 0.0000e+00 6.0000e+00 0.0000e+00 0.0000e+00 1.6000e+01 8.7000e+01 0.0000e+00
0.0000e+00 1.6590e+03 1.0000e+00 0.0000e+00 3.0000e+00 0.0000e+00 0.0000e+00 3.2000e+01 5.0000e+00 0.0000e+00
