3.0000e+01 2.8000e+01 2.8000e+01 1.2000e+01 2.1000e+01 2.1000e+01 2.1000e+01 1.2000e+01 9.7580e+03 6.2600e+02
1.8000e+01 2.6000e+01 2.9000e+01 4.5300e+02 2.3000e+01 2.0000e+01 2.1000e+01 2.6000e+01 1.9000e+01 9.2770e+03
8.0070e+03 2.5000e+01 2.4000e+01 2.4000e+01 1.0000e+01 2.3000e+01 9.5000e+02 2.3000e+01 2.3000e+01 2.3000e+01
1.2000e+01 2.1000e+01 2.6000e+01 2.7000e+01 6.5000e+01 9.7910e+03 3.0000e+01 1.9000e+01 2.1000e+01 1.9000e+01
2.1000e+01 2.6000e+01 9.4860e+03 2.5000e+01 2.8000e+01 1.2000e+01 2.1000e+01 1.8000e+01 2.3000e+01 2.2000e+01
2.5000e+01 2.7000e+01 3.5000e+01 2.1000e+01 2.2000e+01 3.1000e+01 8.9570e+03 3.1000e+01 2.3000e+01 2.6000e+01
1.6090e+03 2.0000e+01 1.7000e+01 1.9000e+01 9.8430e+03 1.9000e+01 1.5000e+01 2.5000e+01 1.9000e+01 2.5000e+01
2.1000e+01 7.5200e+02 2.2200e+02 1.7000e+01 1.9000e+01 1.3000e+01 2.5000e+01 9.8000e+03 1.9000e+01 2.4000e+01
1.7000e+01 2.2000e+01 2.1000e+01 9.3600e+03 2.5000e+01 1.2000e+01 1.8000e+01 3.3000e+01 1.7000e+01 1.4000e+01
1.5000e+01 9.2500e+03 1.6000e+01 2.1000e+01 1.8000e+01 1.7000e+01 1.7000e+01 1.4000e+01 2.2000e+01 3.6000e+01
