9.9900e+02 9.7600e+02 9.5100e+02 1.0000e+03 9.8700e+02 9.8600e+02 1.0330e+03 1.0320e+03 9.7700e+02 1.0150e+03
9.6900e+02 9.9800e+02 1.0090e+03 1.0000e+03 9.7400e+02 9.8500e+02 1.0380e+03 9.7800e+02 9.5700e+02 1.0090e+03
9.8600e+02 1.0560e+03 1.0540e+03 9.9300e+02 9.7600e+02 1.0030e+03 1.0250e+03 1.0070e+03 9.9000e+02 1.0170e+03
1.0050e+03 1.0270e+03 9.7300e+02 1.0480e+03 1.0170e+03 1.0460e+03 1.0150e+03 9.7500e+02 1.0210e+03 1.0440e+03
1.0350e+03 1.0470e+03 9.9300e+02 9.8600e+02 9.2700e+02 1.0320e+03 1.0610e+03 1.0430e+03 9.8600e+02 9.7800e+02
9.8600e+02 1.0170e+03 9.9700e+02 1.0050e+03 9.9500e+02 9.8400e+02 9.7600e+02 1.0340e+03 9.9100e+02 1.0420e+03
1.0020e+03 9.7200e+02 1.0130e+03 1.0660e+03 9.9000e+02 9.7800e+02 9.8000e+02 1.0100e+03 1.0090e+03 9.7700e+02
9.6900e+02 1.0160e+03 9.6300e+02 9.5200e+02 1.0210e+03 1.0130e+03 1.0500e+03 9.7200e+02 1.0080e+03 9.7800e+02
9.8100e+02 9.6300e+02 9.9600e+02 9.7000e+02 9.6900e+02 1.0170e+03 9.9800e+02 1.0690e+03 1.0060e+03 1.0140e+03
9.3000e+02 9.6700e+02 9.8100e+02 1.0010e+03 1.0270e+03 1.0220e+03 9.3800e+02 1.0030e+03 9.4000e+02 1.0030e+03
