8.9873e-01 1.6667e-01 0.0000e+00 7.1014e-01 5.0000e-01 5.6757e-01 3.6364e-01 2.3077e-01 8.9932e-01 9.7540e-01
0.0000e+00 5.4545e-01 0.0000e+00 9.9805e-01 4.2424e-01 3.3333e-01 6.9231e-01 0.0000e+00 1.8182e-01 9.6552e-01
9.7345e-01 3.3333e-01 0.0000e+00 5.4286e-01 7.8720e-01 4.3478e-01 9.7212e-01 7.7551e-01 5.4167e-01 5.6410e-01
7.7778e-01 7.5000e-01 6.2500e-01 6.6667e-01 7.3889e-01 9.7704e-01 2.5000e-01 3.1250e-01 3.8889e-01 8.0000e-01
0.0000e+00 2.3077e-01 8.7909e-01 6.5432e-01 1.9048e-01 9.0909e-02 1.0000e-01 5.9551e-01 1.4286e-01 2.7778e-01
6.1905e-01 3.3333e-01 1.4286e-01 1.1111e-01 3.7500e-01 1.1111e-01 9.6573e-01 7.6278e-01 0.0000e+00 4.8276e-01
8.2643e-01 4.8837e-01 1.0000e-01 4.0000e-01 6.3391e-01 6.0714e-01 5.0943e-01 2.5000e-01 4.3636e-01 5.8182e-01
5.0000e-01 9.8223e-01 9.4737e-01 2.8571e-01 0.0000e+00 1.1111e-01 5.5556e-01 8.3412e-01 4.8649e-01 0.0000e+00
1.5385e-01 5.6716e-01 0.0000e+00 7.6385e-01 3.5714e-01 0.0000e+00 3.3333e-01 5.6853e-01 7.3299e-01 4.3182e-01
0.0000e+00 9.9482e-01 0.0000e+00 1.1111e-01 1.4286e-01 3.1250e-01 2.0000e-01 4.2424e-01 5.2174e-01 6.5823e-01
