1.0000e+00 1.0000e+00 1.0000e+00 1.0000e+00 1.0000e+00 5.9390e+03 5.0000e+00 1.0000e+00 1.0000e+00 1.0000e+00 1.0000e+00 1.0000e+00 1.0000e+00 3.0000e+00 2.0000e+00 1.0000e+00 1.0000e+00 1.0000e+00 1.0000e+00 1.0000e+00 1.0000e+00 7.0000e+00 2.0000e+00 1.0000e+00 1.0000e+00 8.0000e+00 5.0000e+00 1.0000e+00 2.0000e+00 3.0000e+00 1.0000e+00 2.0000e+00 1.0000e+00 2.0000e+00 1.0000e+00 1.0000e+00 1.0000e+00 1.0000e+00 1.0000e+00 1.0000e+00 6.0000e+00 1.0000e+00 4.0000e+00 1.0000e+00 2.0000e+00 2.0000e+00 1.3000e+01 1.0000e+01 1.0000e+00 1.0000e+00
1.0000e+00 1.0000e+00 1.0000e+00 2.0000e+00 1.0000e+00 1.4000e+01 1.0000e+00 1.0000e+00 2.0000e+00 2.0000e+00 1.0000e+00 1.0000e+00 1.0000e+00 1.0000e+00 3.0000e+00 1.0000e+00 5.8350e+03 1.0000e+00 1.0000e+00 1.0000e+00 4.0000e+00 1.0000e+00 1.0000e+00 2.0000e+00 1.0000e+00 2.0000e+00 1.0000e+00 1.0000e+00 1.0000e+00 1.0000e+00 1.0000e+00 1.8000e+01 5.0000e+00 1.0000e+00 2.8430e+03 1.0000e+00 1.0000e+00 5.0000e+00 1.0000e+00 1.0000e+00 1.0000e+00 1.0000e+00 4.0000e+00 1.0000e+00 1.0000e+01 3.0000e+00 1.0000e+00 1.0000e+00 1.0000e+00 1.0000e+00
4.0000e+00 3.0000e+00 3.0000e+00 1.0000e+00 1.0000e+00 1.0000e+00 2.0000e+00 1.0000e+00 1.0000e+00 8.0000e+00 1.0000e+00 1.0000e+00 1.0000e+00 1.0000e+00 1.0000e+00 2.0000e+00 1.0000e+00 1.0000e+00 1.0000e+00 1.0000e+00 1.0000e+00 5.8230e+03 1.0000e+00 1.0000e+00 1.0000e+00 1.0000e+00 1.0000e+00 1.0000e+00 1.0000e+00 1.2450e+03 1.0000e+00 1.0000e+00 1.0000e+00 2.0000e+00 2.0000e+00 1.0000e+00 1.0000e+00 5.0000e+00 3.2000e+01 1.0000e+00 1.0000e+00 1.0000e+00 2.0000e+00 1.0000e+00 1.0000e+00 2.0000e+00 1.0000e+00 1.0000e+00 1.0000e+00 1.0000e+00
1.0000e+00 1.0000e+00 4.0000e+00 1.0000e+00 1.0000e+00 1.0000e+00 1.0000e+00 1.0000e+00 1.0000e+00 1.0000e+00 1.0000e+00 2.3000e+01 1.0000e+00 6.1000e+01 1.0000e+00 5.0000e+00 1.0000e+00 1.0000e+00 1.0000e+00 1.0000e+00 1.0000e+00 3.0000e+00 5.6870e+03 4.0000e+00 1.0000e+00 1.0000e+00 1.0000e+00 1.0000e+00 1.0000e+00 9.0900e+02 1.0000e+00 1.0000e+00 1.0000e+00 1.0000e+00 1.0000e+00 3.3000e+01 1.0000e+00 1.0000e+00 2.0000e+00 1.0000e+00 1.0000e+00 1.0000e+00 1.0000e+00 1.0000e+00 1.0000e+00 1.0000e+00 1.0000e+00 1.0000e+00 1.0000e+00 1.0000e+00
2.0000e+00 1.0000e+00 1.0000e+00 2.0000e+00 1.0000e+00 1.0000e+00 5.5000e+01 1.0000e+00 1.0000e+00 1.0000e+00 1.0000e+00 1.0000e+00 1.0000e+00 8.0000e+00 1.0000e+00 1.0000e+00 1.0000e+00 1.0000e+00 1.0000e+00 1.0000e+00 5.0000e+00 1.0000e+00 1.0000e+00 1.0000e+00 1.0000e+00 1.0000e+00 1.0000e+00 1.0000e+00 5.8220e+03 8.0000e+00 1.0000e+00 2.0000e+00 1.0000e+00 1.0000e+00 3.0000e+00 1.0000e+00 1.0000e+00 1.0000e+00 6.8700e+02 1.0000e+00 1.0000e+00 5.0000e+00 3.0000e+00 1.0000e+00 1.0000e+00 2.0000e+00 1.0000e+00 1.0000e+00 1.0000e+00 1.0000e+00
2.8000e+01 1.0000e+00 1.0000e+00 1.0000e+00 1.0000e+00 1.0000e+00 1.0000e+00 1.0000e+00 1.0000e+00 1.0000e+00 3.0000e+00 1.0000e+00 1.0000e+00 1.0000e+00 1.0000e+00 1.0000e+00 1.0000e+00 1.0000e+00 1.0000e+00 1.0000e+00 1.0000e+00 1.0000e+00 1.0000e+00 1.0000e+00 1.0000e+00 1.0000e+00 1.0000e+00 1.0000e+00 1.0000e+00 2.0000e+00 1.0000e+00 2.0000e+00 1.0000e+00 1.0000e+00 1.0000e+00 1.0000e+00 1.0000e+00 1.0000e+00 3.0000e+00 5.9790e+03 1.0000e+00 1.0000e+00 2.0000e+00 1.0000e+00 2.0000e+00 2.0000e+00 1.0000e+00 2.0000e+00 1.0000e+00 1.0000e+00
5.8730e+03 1.0000e+00 1.0000e+00 1.0000e+00 1.0000e+00 1.0000e+00 1.0000e+00 1.0000e+00 1.0000e+00 1.0000e+00 7.5000e+01 1.0000e+00 1.0000e+00 1.0000e+00 1.0000e+00 1.0000e+00 1.0000e+00 1.0000e+00 1.0000e+00 1.0000e+00 1.0000e+00 1.0000e+00 1.0000e+00 1.0000e+00 1.0000e+00 1.0000e+00 1.0000e+00 1.0000e+00 1.0000e+00 1.0000e+00 1.0000e+00 1.0000e+00 1.0000e+00 2.0000e+00 1.0000e+00 1.0000e+00 1.0000e+00 1.0000e+00 1.0000e+00 1.0000e+00 1.0000e+00 1.0000e+00 1.0000e+00 1.0000e+00 1.0000e+00 1.3800e+02 4.0000e+00 2.0000e+00 1.0000e+00 1.0000e+00
1.0000e+00 1.0000e+00 1.0000e+00 1.0000e+00 1.0000e+00 1.0000e+00 1.0000e+00 1.0000e+00 1.0000e+00 1.0000e+00 1.0000e+00 1.0000e+00 1.0000e+00 1.0000e+00 1.0000e+00 1.0000e+00 1.0000e+00 1.0000e+00 1.0000e+00 1.0000e+00 1.0000e+00 1.0000e+00 1.0000e+00 1.0000e+00 1.0000e+00 1.0000e+00 1.0000e+00 5.0000e+00 1.0000e+00 1.0000e+00 4.0000e+00 1.0000e+00 1.0000e+00 1.0000e+00 1.0000e+00 1.0000e+00 1.0000e+00 1.0000e+00 1.0000e+00 1.0000e+00 1.0000e+00 1.0000e+00 1.0000e+00 1.0000e+00 1.0000e+00 1.0000e+00 1.0000e+00 1.0000e+00 1.0000e+00 1.0000e+00
1.0000e+00 1.0000e+00 8.0000e+00 1.0000e+00 1.0000e+00 1.0000e+00 2.0000e+00 1.0000e+00 4.0000e+00 1.0000e+00 1.0000e+00 1.0000e+00 1.0000e+00 1.0000e+00 1.0000e+00 3.8070e+03 1.2000e+01 1.0000e+00 1.0000e+00 1.0000e+00 1.0000e+00 1.0000e+00 1.0000e+00 1.0000e+00 1.0000e+00 1.0000e+00 1.0000e+00 1.0000e+00 1.0000e+00 1.0000e+00 1.0000e+00 1.0000e+00 7.0000e+00 1.0000e+00 1.8000e+01 1.0000e+00 1.0000e+00 1.0000e+00 1.0000e+00 1.0000e+00 1.0000e+00 1.0000e+00 1.0000e+00 1.0000e+00 5.0000e+00 1.0000e+00 4.0000e+00 1.0000e+00 1.0000e+00 1.0000e+00
1.0000e+00 1.0000e+00 1.0000e+00 1.0000e+00 1.0000e+00 1.0000e+00 1.0000e+00 1.0000e+00 1.0000e+00 1.4000e+01 1.0000e+00 4.0000e+00 1.0000e+00 5.0000e+00 3.0000e+00 6.3000e+01 1.0000e+00 1.0000e+00 1.0000e+00 1.0000e+00 1.0000e+00 1.0000e+00 1.0000e+00 1.0000e+00 3.0000e+00 1.5000e+01 1.0000e+00 1.0000e+00 1.0000e+00 1.0000e+00 1.0000e+00 1.0000e+00 1.0000e+00 1.0000e+00 3.0000e+00 4.0000e+00 1.0000e+00 2.0000e+00 1.0000e+00 1.0000e+00 1.0000e+00 4.0000e+00 1.0000e+00 1.0000e+00 1.0000e+00 1.0000e+00 7.4000e+01 1.0000e+00 1.0000e+00 1.0000e+00
1.0000e+00 1.0000e+00 1.0000e+00 6.0000e+00 1.0000e+00 1.0000e+00 0.0000e+00 1.0000e+00 1.0000e+00 1.0000e+00 2.0000e+00 1.0000e+00 1.0000e+00 2.0000e+00 1.0000e+01 4.0000e+00 1.3000e+01 1.0000e+00 2.0000e+00 2.0000e+00 2.0000e+00 1.7000e+01 1.0000e+00 9.0000e+00 1.0000e+00 1.0000e+00 5.6020e+03 1.0000e+00 1.0000e+00 2.0000e+00 4.2540e+03 3.1000e+01 1.0000e+00 3.0000e+00 1.0000e+00 9.0000e+00 1.0000e+00 1.0000e+00 1.0000e+00 1.0000e+00 1.0000e+00 2.0000e+00 1.0000e+00 1.0000e+00 1.0000e+00 4.0000e+00 1.0000e+00 3.0000e+00 3.2000e+01 1.0000e+00
1.0000e+00 1.0000e+00 1.0000e+00 1.0000e+00 3.0000e+00 1.0000e+00 2.0000e+00 1.0000e+00 1.0000e+00 1.0000e+00 1.0000e+00 1.0000e+00 1.0000e+00 1.0000e+00 1.0000e+00 1.0000e+00 1.0000e+00 1.0000e+00 4.0000e+00 5.0000e+00 1.0000e+00 3.0000e+00 1.0000e+00 1.0000e+00 1.0000e+00 1.0000e+00 1.0000e+00 1.0000e+00 1.0000e+00 4.0000e+00 4.0000e+00 1.0000e+00 1.0000e+00 3.0000e+00 1.0000e+00 7.0000e+00 1.0000e+00 1.0000e+00 2.0000e+00 1.0000e+00 1.0000e+00 1.0000e+00 1.0000e+00 1.0000e+00 1.0000e+00 3.0000e+00 1.0000e+00 3.0000e+00 1.0000e+00 1.0000e+00
5.0000e+00 4.0000e+00 1.0000e+00 1.0000e+00 1.0000e+00 3.0000e+00 2.0000e+00 2.0000e+00 1.0000e+00 1.0000e+00 5.0000e+00 2.0000e+00 6.0000e+00 2.0000e+00 3.0000e+00 6.0000e+00 8.0000e+00 1.0000e+00 6.4000e+01 5.3900e+02 1.0000e+00 3.0000e+00 8.0000e+00 1.0000e+00 9.0000e+00 2.6490e+03 1.0000e+00 2.0000e+00 1.0000e+00 0.0000e+00 1.0000e+00 1.0000e+00 2.0000e+00 1.0000e+00 1.0000e+00 9.0000e+00 3.0000e+00 1.0000e+00 2.0000e+00 2.0000e+00 3.3000e+01 6.1140e+03 2.0000e+00 6.0000e+00 1.0000e+00 0.0000e+00 2.0000e+00 2.0000e+00 1.0000e+00 4.0000e+00
1.0000e+00 1.0000e+00 1.0000e+00 2.0000e+00 1.1000e+01 7.0000e+00 1.0000e+00 1.0000e+00 1.0000e+00 1.0000e+00 1.0000e+00 3.4000e+01 1.0000e+00 1.0000e+00 2.5000e+01 3.0000e+00 1.0000e+00 1.0000e+00 1.0000e+00 7.0000e+00 1.0000e+00 1.0000e+00 6.0000e+00 1.0000e+00 1.0000e+00 4.0000e+00 1.0000e+00 4.0000e+00 1.0000e+00 5.0000e+00 1.0000e+01 1.0000e+00 1.0000e+00 1.0000e+00 1.0000e+00 5.7000e+01 1.0000e+00 7.0000e+00 8.0000e+00 2.0000e+00 1.0000e+00 1.0000e+00 1.0000e+00 3.0000e+00 4.0000e+00 5.4890e+03 1.0000e+00 1.0000e+00 4.0000e+00 1.0000e+00
5.0000e+00 1.0000e+00 1.0000e+00 2.1000e+01 1.0000e+00 1.0000e+00 1.6510e+03 1.0000e+00 5.9900e+03 1.0000e+00 1.0000e+00 1.0000e+00 1.6000e+01 4.0000e+00 1.0000e+00 1.0000e+00 1.0000e+00 1.0000e+00 1.0000e+00 1.0000e+00 3.0000e+00 1.0000e+00 1.0000e+00 3.0000e+00 1.0000e+00 1.0000e+00 1.0000e+00 1.0000e+00 1.0000e+00 2.0000e+00 1.0000e+00 1.0000e+00 1.0000e+00 1.0000e+00 1.0000e+00 1.3000e+01 1.0000e+00 1.0000e+00 2.0000e+00 1.0000e+00 1.9000e+01 1.0000e+00 5.0000e+00 1.0000e+00 2.0000e+00 2.0000e+00 1.0000e+00 2.0000e+00 1.0000e+00 1.0000e+00
1.0000e+00 1.0000e+00 3.0000e+00 1.0000e+00 1.0000e+00 2.0000e+00 2.0000e+00 1.0000e+00 1.0000e+00 1.0000e+00 1.0000e+00 1.0000e+00 1.0000e+00 4.0000e+00 2.0000e+00 1.0000e+00 1.0000e+00 1.0000e+00 1.0000e+00 1.1000e+01 1.0000e+00 3.0000e+00 1.0000e+00 6.0000e+00 1.0000e+00 1.0000e+00 4.0000e+00 4.0000e+00 1.0000e+00 1.0000e+00 1.0000e+00 1.0000e+00 1.0000e+00 1.0000e+00 2.0000e+00 1.0000e+00 1.0000e+00 1.0000e+00 2.0000e+00 1.0000e+00 1.0000e+00 1.0000e+00 4.0000e+00 1.0000e+00 5.5600e+02 1.0000e+00 1.0000e+00 4.7080e+03 1.0000e+00 1.0000e+00
1.0000e+00 1.0000e+00 1.0000e+00 1.0000e+00 1.0000e+00 1.0000e+00 1.0000e+00 1.0000e+00 1.0000e+00 1.0000e+00 1.0000e+00 1.0000e+00 1.0000e+00 1.0000e+00 1.0000e+00 1.0000e+00 1.0000e+00 1.0000e+00 1.0000e+00 1.0000e+00 1.0000e+00 1.0000e+00 1.0000e+00 1.0000e+00 1.0000e+00 1.0000e+00 1.0000e+00 1.0000e+00 1.0000e+00 1.0000e+00 1.0000e+00 1.0000e+00 1.0000e+00 1.0000e+00 1.0000e+00 1.0000e+00 1.0000e+00 1.0000e+00 1.0000e+00 1.0000e+00 1.0000e+00 1.0000e+00 1.0000e+00 1.0000e+00 1.0000e+00 3.0000e+00 1.0000e+00 1.0000e+00 5.0000e+00 1.0000e+00
1.0000e+00 5.9850e+03 1.0000e+00 1.5000e+01 1.0000e+00 1.0000e+00 0.0000e+00 1.7480e+03 1.0000e+00 1.0000e+00 1.0000e+00 1.0000e+00 1.0000e+00 7.0000e+00 1.0000e+00 7.0000e+00 2.0000e+00 1.0000e+00 1.0000e+00 1.0000e+00 1.0000e+00 1.0000e+00 1.0000e+00 1.0000e+00 1.0000e+00 1.0000e+00 2.0000e+00 7.0000e+00 1.0000e+00 0.0000e+00 1.0000e+00 7.0000e+00 1.0000e+00 1.0000e+00 4.0000e+00 1.0000e+00 1.0000e+00 1.0000e+00 1.0000e+00 1.0000e+00 1.0000e+00 1.0000e+00 1.0000e+00 1.0000e+00 3.8000e+01 2.0000e+00 1.0000e+00 1.1000e+01 2.4000e+01 1.0000e+01
1.0000e+00 1.0000e+00 1.0000e+00 1.0000e+00 1.0000e+00 3.0000e+00 1.0000e+00 1.0000e+00 1.0000e+00 1.0000e+00 1.0000e+00 1.0000e+00 1.0000e+00 1.0000e+00 5.0000e+00 1.0000e+00 1.0000e+00 1.0000e+00 1.0000e+00 1.0000e+00 1.0000e+00 1.0000e+00 1.0000e+00 1.0000e+00 6.0000e+00 1.0000e+00 1.0000e+00 1.0000e+00 1.0000e+00 1.0000e+00 1.0000e+00 1.0000e+00 1.0000e+00 1.0000e+00 1.0000e+00 1.0000e+00 1.0000e+00 1.0000e+00 8.0000e+00 1.0000e+00 1.0000e+00 1.0000e+00 1.6300e+02 1.0000e+00 1.0000e+00 1.0000e+00 4.0000e+00 1.0000e+00 1.0000e+00 1.0000e+00
4.0000e+00 1.0000e+00 1.0000e+00 1.0000e+00 1.0000e+00 1.0000e+00 1.0000e+00 1.0000e+00 1.0000e+00 1.0000e+00 1.0000e+00 1.0000e+00 1.0000e+00 1.0000e+00 1.0000e+00 1.0000e+00 5.0000e+00 1.0000e+00 1.0000e+00 1.0000e+00 1.0000e+00 1.0000e+00 1.0000e+00 1.0000e+00 1.0000e+00 1.0000e+00 1.0000e+00 1.0000e+00 1.0000e+00 4.0000e+00 1.0000e+00 1.0000e+00 1.0000e+00 1.0000e+00 1.0000e+00 1.0000e+00 2.1000e+01 1.0000e+00 1.0000e+00 1.0000e+00 1.0000e+00 1.0000e+00 3.0000e+00 1.0000e+00 1.0000e+00 1.0000e+00 1.0000e+00 1.0000e+00 1.0000e+00 1.0000e+00
1.0000e+00 1.0000e+00 1.0000e+00 1.0000e+00 1.0000e+00 9.0000e+00 1.0000e+00 1.0000e+00 1.0000e+00 1.0000e+00 1.0000e+00 1.0000e+00 1.0000e+00 5.0000e+00 1.0000e+00 1.0000e+00 1.0000e+00 5.0000e+00 1.0000e+00 1.0000e+00 1.0000e+00 1.0000e+00 1.0000e+00 1.0000e+00 4.0000e+00 1.0000e+00 1.0000e+00 1.0000e+00 1.0000e+00 1.0000e+00 1.0000e+00 1.0000e+00 2.0000e+00 1.0000e+00 1.0000e+00 1.0000e+00 5.8530e+03 1.0000e+00 1.0000e+00 1.0000e+00 1.0000e+00 1.0000e+00 3.0000e+00 1.0000e+00 1.0000e+00 1.0000e+00 1.0000e+00 1.0000e+00 1.0000e+00 5.9600e+03
1.0000e+00 1.0000e+00 1.0000e+00 1.0000e+00 2.0000e+00 1.0000e+00 1.0000e+00 1.0000e+00 1.0000e+00 1.0000e+00 1.0000e+00 1.0000e+00 1.0000e+00 1.0000e+00 1.0000e+00 1.0000e+00 1.0000e+00 1.0000e+00 1.0000e+00 1.0000e+00 1.0000e+00 1.0000e+00 1.0000e+00 1.0000e+00 1.0000e+00 1.0000e+00 1.0000e+00 1.0000e+00 2.0000e+00 2.0000e+00 1.0000e+00 1.0000e+00 1.0000e+00 6.0670e+03 2.0000e+00 1.0000e+00 1.0000e+00 3.0000e+00 0.0000e+00 1.0000e+00 1.0000e+00 1.0000e+00 1.0000e+00 1.0000e+00 2.0000e+00 1.0000e+00 1.0000e+00 1.0000e+00 1.0000e+00 1.0000e+00
1.0000e+00 1.0000e+00 1.0000e+00 2.0000e+00 1.0000e+00 1.0000e+00 1.0000e+00 1.0000e+00 1.0000e+00 3.0000e+00 1.0000e+00 3.0000e+00 1.0000e+00 1.0000e+00 2.0000e+00 1.0000e+00 1.0000e+00 1.0000e+00 1.0000e+00 1.0000e+00 1.0000e+00 1.0000e+00 1.0000e+00 3.0000e+00 2.0000e+00 5.0000e+00 1.0000e+00 1.0000e+00 3.8000e+01 4.0000e+00 3.0000e+00 5.9110e+03 2.0000e+00 1.0000e+00 2.0000e+00 3.0000e+00 2.5000e+01 2.0000e+00 2.0000e+00 1.0000e+00 1.0000e+00 1.0000e+00 4.0000e+00 1.0000e+00 1.0000e+00 1.0000e+00 3.0000e+00 1.0000e+00 1.0000e+00 1.0000e+00
1.0000e+00 1.0000e+00 1.0000e+00 1.0000e+00 1.0000e+00 2.0000e+00 2.0000e+00 1.0000e+00 1.0000e+00 1.0000e+00 1.0000e+00 1.0000e+00 1.0000e+00 1.0000e+00 7.0000e+00 1.0000e+00 7.0000e+00 1.0000e+00 1.0000e+00 7.0000e+00 5.0000e+00 3.4000e+01 3.4000e+01 1.0000e+00 1.0000e+00 3.2600e+03 2.2000e+01 1.0000e+00 1.0000e+00 0.0000e+00 1.0000e+00 1.0000e+00 1.0000e+00 1.0000e+00 1.0000e+00 5.8480e+03 1.0000e+00 1.0000e+00 1.0000e+00 2.0000e+00 1.0000e+00 1.0000e+00 2.0000e+00 1.0000e+00 2.0000e+00 1.0000e+00 1.0000e+00 3.0000e+00 1.0000e+00 1.0000e+00
2.0000e+00 1.0000e+00 1.0000e+00 1.0000e+00 2.0000e+00 1.0000e+00 2.0000e+00 1.0000e+00 1.0000e+00 2.0000e+00 1.0000e+00 1.0000e+00 1.0000e+00 1.0000e+00 1.0000e+00 2.0000e+00 1.0000e+00 1.0000e+00 1.0000e+00 1.0000e+00 2.0000e+00 1.0000e+00 1.0000e+00 1.0000e+00 1.0000e+00 1.0000e+00 1.0000e+00 1.0000e+00 1.0000e+00 1.0000e+00 2.0000e+00 1.0000e+00 1.0000e+00 2.0000e+00 2.4000e+01 8.0000e+00 1.0000e+00 2.5200e+02 0.0000e+00 1.0000e+00 1.0000e+00 1.0000e+00 1.0000e+00 1.0000e+00 5.2320e+03 1.0000e+00 1.0000e+00 1.0000e+00 1.0000e+00 1.0000e+00
1.0000e+00 1.0000e+00 1.0000e+00 1.0000e+00 3.7970e+03 2.0000e+00 2.2000e+01 2.0000e+00 1.0000e+00 2.0000e+00 1.0000e+00 1.1000e+01 1.0000e+00 1.0000e+00 1.0000e+00 1.0000e+00 1.0000e+00 1.0000e+00 4.0000e+00 1.0000e+00 2.0000e+00 1.0000e+00 1.0000e+00 2.1000e+01 1.0000e+00 1.0000e+00 1.0000e+00 1.0000e+00 1.0000e+00 1.0000e+00 1.0000e+00 1.0000e+00 1.0000e+00 1.0000e+00 4.0000e+00 2.1000e+01 1.0000e+00 2.9900e+02 8.6800e+02 1.0000e+00 1.0000e+00 3.0000e+00 1.1950e+03 2.0000e+00 1.0000e+00 2.0000e+00 2.0000e+00 3.0000e+00 4.6000e+01 1.0000e+00
1.0000e+00 1.0000e+00 1.0000e+00 1.0000e+00 1.0000e+00 1.0000e+00 1.0000e+00 1.0000e+00 1.0000e+00 1.0000e+00 1.0000e+00 4.0000e+00 1.0000e+00 1.0000e+00 3.0000e+00 4.9000e+01 1.0000e+00 1.0000e+00 1.0000e+00 1.0000e+00 1.0000e+00 3.0000e+00 1.0000e+00 1.0000e+00 1.0000e+00 1.0000e+00 1.0000e+00 1.0000e+00 1.0000e+00 1.0000e+01 1.0000e+00 5.0000e+00 1.0000e+00 1.0000e+00 9.0000e+00 7.0000e+00 1.0000e+00 1.8000e+01 6.0000e+00 1.0000e+00 1.0000e+00 1.0000e+00 1.0000e+00 3.0000e+00 1.0000e+00 1.0000e+00 4.0000e+00 1.0000e+00 1.0000e+00 1.0000e+00
8.0000e+00 1.0000e+00 1.0000e+00 1.0000e+00 1.0000e+00 3.0000e+00 1.0000e+00 1.0000e+00 1.0000e+00 1.0000e+00 1.0000e+00 1.0000e+00 1.0000e+00 1.0000e+00 1.0000e+00 1.0000e+00 1.0000e+00 1.0000e+00 1.0000e+00 1.5000e+01 1.0000e+00 1.0000e+00 1.0000e+00 1.0000e+00 1.0000e+00 1.0000e+00 1.0000e+00 5.0000e+00 1.0000e+00 1.0000e+00 1.0000e+00 1.0000e+00 1.0000e+00 1.0000e+00 3.0000e+00 1.0000e+00 1.0000e+00 1.0000e+00 1.0000e+00 1.0000e+00 1.0000e+00 1.0000e+00 1.0000e+00 1.0000e+00 1.0000e+00 1.5500e+02 1.0000e+00 1.0000e+00 1.0000e+00 1.0000e+00
2.9000e+01 3.0000e+00 1.0000e+00 1.0000e+00 1.1000e+01 1.0000e+00 1.0000e+00 1.0000e+00 1.0000e+00 1.0000e+00 1.0000e+00 6.0000e+00 1.0000e+00 1.0000e+00 2.8910e+03 5.0000e+00 1.0000e+00 1.0000e+00 1.0000e+00 5.3020e+03 1.6000e+01 8.0000e+00 2.1000e+01 8.0000e+00 1.0000e+00 1.0000e+00 1.0000e+00 1.0000e+00 1.0000e+00 1.0000e+00 1.0000e+00 1.0000e+00 1.0000e+00 5.0000e+00 4.0000e+00 1.4000e+01 1.0000e+00 1.0000e+00 1.3000e+01 1.0000e+00 4.0000e+00 1.0000e+00 2.0000e+00 1.0000e+00 5.0000e+00 2.0000e+00 1.0000e+00 1.0000e+00 1.0000e+00 1.0000e+00
1.0000e+00 1.0000e+00 1.0000e+00 1.0000e+00 1.0000e+00 3.0000e+00 2.4000e+01 1.0000e+00 7.0000e+00 1.0000e+00 1.0000e+00 1.0000e+00 1.0000e+00 1.0000e+00 1.0000e+00 1.0000e+00 4.0000e+00 1.0000e+00 1.0000e+00 1.0000e+00 1.0000e+00 6.0000e+00 1.0000e+00 1.0000e+00 1.0000e+00 8.0000e+00 1.0000e+00 1.0000e+00 1.0000e+00 1.0000e+00 1.0000e+00 1.0000e+00 1.0000e+00 1.0000e+00 1.0000e+00 1.0000e+00 1.0000e+00 1.0000e+00 1.6790e+03 1.0000e+00 1.0000e+00 1.0000e+00 1.0800e+02 1.0000e+00 1.0000e+00 1.0000e+00 5.7650e+03 3.0000e+00 1.0000e+00 1.0000e+00
1.0000e+00 1.0000e+00 1.0000e+00 1.0000e+00 1.0000e+00 1.0000e+00 0.0000e+00 1.0000e+00 1.0000e+00 1.0000e+00 1.0000e+00 1.0000e+00 3.0000e+00 1.0000e+00 1.0000e+01 1.8330e+03 1.0000e+00 1.0000e+00 1.0000e+00 1.0000e+00 5.7600e+03 2.0000e+00 1.0000e+00 1.0000e+00 1.2400e+02 1.0000e+00 1.0000e+00 1.0000e+00 1.0000e+00 1.0000e+00 1.0000e+00 1.0000e+00 2.0000e+00 1.0000e+00 2.0000e+00 1.0000e+00 1.0000e+00 1.0000e+01 1.0000e+00 1.0000e+00 1.0000e+00 1.0000e+00 2.6000e+01 1.0000e+00 8.0000e+00 1.0000e+00 6.0000e+00 2.0000e+00 1.0000e+00 1.0000e+00
2.0000e+00 1.0000e+00 1.0000e+00 1.0000e+00 2.0000e+00 1.0000e+00 1.0000e+00 1.0000e+00 1.0000e+00 1.0000e+00 1.0000e+00 5.6450e+03 1.0000e+00 1.0000e+00 2.9300e+03 1.0000e+00 1.0000e+00 1.0000e+00 1.0000e+00 1.0000e+00 1.0000e+00 1.0000e+00 3.0000e+00 1.0000e+00 1.0000e+00 1.0000e+00 1.0000e+00 1.0000e+00 1.0000e+00 5.0000e+00 3.0000e+00 1.0000e+00 1.0000e+00 2.0000e+00 2.0000e+00 1.0000e+00 1.0000e+00 3.0000e+00 2.5000e+01 1.0000e+00 1.0000e+00 1.0000e+00 2.0000e+00 1.0000e+00 2.0000e+00 1.0000e+00 1.0000e+00 1.0000e+00 1.0000e+00 1.0000e+00
1.0000e+00 3.0000e+00 1.0000e+00 1.0000e+00 1.0000e+00 1.0000e+00 1.0000e+00 1.0000e+00 1.0000e+00 1.0000e+00 1.0000e+00 6.0000e+00 1.0000e+00 1.0000e+00 1.0000e+00 3.0000e+00 1.0000e+00 1.0000e+00 1.0000e+00 1.0000e+00 1.0000e+00 1.0000e+00 1.0000e+00 1.0000e+00 1.0000e+00 1.0000e+00 1.0000e+00 4.0000e+00 1.0000e+00 3.0000e+00 1.0000e+00 1.0000e+00 1.0000e+00 4.0000e+00 3.1250e+03 1.0000e+00 1.0000e+00 2.0000e+00 2.6670e+03 1.0000e+00 4.0000e+00 3.0000e+00 1.0000e+00 1.0000e+00 2.0000e+00 1.0000e+00 1.0000e+00 1.0000e+00 1.0000e+00 1.0000e+00
4.0000e+00 4.0000e+00 2.0000e+00 3.0000e+00 4.0000e+00 2.0000e+00 0.0000e+00 4.1230e+03 1.0000e+00 4.4000e+01 2.0000e+00 1.0000e+00 2.0000e+00 6.0000e+00 2.0000e+00 7.0000e+00 1.0000e+00 5.0900e+03 2.0000e+00 1.0000e+00 2.5000e+01 1.0000e+00 1.0000e+00 3.0000e+01 2.0000e+00 8.0000e+00 1.0000e+00 2.0000e+00 8.0000e+00 1.0000e+00 2.0000e+00 1.0000e+00 1.0000e+00 1.0000e+00 1.0000e+00 1.4000e+01 1.0000e+00 1.0000e+00 1.0000e+00 1.6000e+01 2.5000e+01 2.0000e+00 6.0000e+00 9.0000e+00 0.0000e+00 2.0000e+00 3.0000e+00 1.0000e+00 4.0000e+00 9.0000e+00
1.0000e+00 1.0000e+00 1.0000e+00 1.0000e+00 1.0000e+00 1.0000e+00 1.0000e+00 1.0000e+00 1.0000e+00 1.0000e+00 1.0000e+00 1.0000e+00 1.0000e+00 1.0000e+00 1.0000e+00 1.0000e+00 1.0000e+00 1.0000e+00 1.0000e+00 1.0000e+00 1.0000e+00 1.0000e+00 1.0000e+00 1.0000e+00 1.0000e+00 1.0000e+00 1.0000e+00 5.0000e+00 1.0000e+00 1.0000e+00 1.0000e+00 1.0000e+00 1.0000e+00 1.0000e+00 1.0000e+00 1.0000e+00 1.0000e+00 1.0000e+00 1.0000e+00 3.0000e+00 1.0000e+00 1.0000e+00 3.0000e+00 5.8620e+03 1.0000e+00 3.0000e+00 1.0000e+00 1.0000e+00 1.0000e+00 1.0000e+00
0.0000e+00 1.0000e+00 1.0000e+01 2.0000e+00 1.0000e+00 0.0000e+00 0.0000e+00 1.0000e+00 9.0000e+00 3.0000e+00 7.0000e+00 3.1700e+02 4.0000e+00 2.0000e+00 1.0000e+00 0.0000e+00 1.4300e+02 6.2000e+01 5.7940e+03 3.0000e+00 6.8000e+01 1.0000e+00 2.0000e+00 2.0000e+00 2.0000e+00 9.0000e+00 1.4000e+02 2.0000e+00 0.0000e+00 1.0000e+00 4.9000e+01 1.0000e+00 5.0000e+00 1.0000e+00 0.0000e+00 1.0000e+00 1.0000e+00 0.0000e+00 0.0000e+00 1.0000e+00 3.0000e+00 1.8000e+01 0.0000e+00 6.0000e+00 0.0000e+00 2.0000e+00 1.0000e+00 1.0000e+00 3.2980e+03 0.0000e+00
1.0000e+00 1.0000e+00 1.0000e+00 1.0000e+00 1.0000e+00 1.0000e+00 2.0000e+00 1.0000e+00 1.0000e+00 5.9140e+03 1.0000e+00 1.0000e+00 1.0000e+00 1.0000e+00 1.0000e+00 1.0000e+00 4.0000e+00 1.0000e+00 1.0000e+00 1.0000e+00 1.0000e+00 1.0000e+00 1.0000e+00 1.7620e+03 1.0000e+00 1.0000e+00 1.0000e+00 1.0000e+00 1.0000e+00 1.0000e+00 1.0000e+00 1.0000e+00 1.0000e+00 1.0000e+00 1.0000e+00 1.0000e+00 1.0000e+00 1.0000e+00 2.0000e+00 1.0000e+00 1.0000e+00 1.0000e+00 1.2900e+02 1.0000e+00 1.0000e+00 1.0000e+00 1.0000e+00 1.0000e+00 1.0000e+00 3.1000e+01
1.0000e+00 1.0000e+00 1.0000e+00 2.0000e+00 2.0000e+00 5.0000e+00 2.5000e+01 1.0000e+00 1.0000e+00 1.0000e+00 1.0000e+00 5.0000e+00 1.0000e+00 1.0000e+00 7.0000e+00 1.8000e+01 1.0000e+00 1.0000e+00 7.0000e+00 1.0000e+00 3.0000e+00 2.0000e+00 1.0000e+00 4.1050e+03 1.0000e+00 9.0000e+00 1.0000e+00 1.0000e+00 1.0000e+00 2.0000e+00 1.0000e+00 1.0000e+00 1.0000e+00 1.0000e+00 3.0000e+00 1.0000e+00 5.0000e+00 2.0000e+00 6.0000e+00 2.5000e+01 3.0000e+00 1.0000e+00 3.6620e+03 2.0000e+00 1.0000e+00 2.0000e+00 1.0000e+00 2.0000e+00 1.0000e+00 1.1000e+01
0.0000e+00 8.0000e+00 2.1000e+01 1.0000e+00 1.0000e+00 3.0000e+00 1.0000e+00 1.0000e+00 1.0000e+00 5.0000e+00 1.0000e+00 2.0000e+00 5.8440e+03 5.7430e+03 1.0000e+00 0.0000e+00 1.0000e+00 1.4900e+02 1.0000e+00 2.0000e+00 1.0000e+00 1.0000e+00 1.0000e+00 8.0000e+00 0.0000e+00 1.0000e+00 5.0000e+00 3.0000e+00 2.0000e+00 1.0000e+00 1.0000e+00 1.0000e+00 1.0000e+00 0.0000e+00 2.0000e+00 1.0000e+00 1.0000e+00 1.0000e+00 1.0000e+00 1.0000e+00 3.0000e+00 5.0000e+00 0.0000e+00 3.0000e+00 1.0000e+00 2.0000e+00 3.0000e+00 3.0000e+00 2.0000e+00 1.0000e+00
1.0000e+00 1.0000e+00 5.9150e+03 0.0000e+00 2.0000e+00 0.0000e+00 0.0000e+00 8.0000e+00 2.0000e+00 1.4000e+01 1.0000e+00 1.0000e+00 8.0000e+00 2.0000e+00 1.0000e+00 1.0000e+00 2.3000e+01 5.8900e+02 5.0000e+00 4.0000e+00 5.0000e+00 1.0000e+00 1.0000e+00 7.0000e+00 0.0000e+00 5.0000e+00 2.0000e+00 2.0000e+00 5.0000e+00 0.0000e+00 1.4710e+03 1.0000e+00 7.0000e+00 0.0000e+00 1.0000e+00 1.0000e+00 1.0000e+00 1.0000e+00 1.0000e+00 6.0000e+00 4.0000e+00 1.0000e+00 0.0000e+00 1.0000e+00 1.0000e+00 0.0000e+00 1.3000e+01 1.0000e+00 2.5460e+03 1.0000e+00
1.0000e+00 1.0000e+00 1.0000e+00 1.0000e+00 9.0000e+00 1.0000e+00 1.0000e+00 1.0000e+00 1.0000e+00 1.0000e+00 4.0000e+00 1.0000e+00 1.0000e+00 1.0000e+00 1.0000e+00 1.0000e+00 4.0000e+00 1.0000e+00 1.0000e+00 1.0000e+00 1.0000e+00 3.0000e+00 3.0000e+00 1.0000e+00 5.7420e+03 6.9000e+01 1.0000e+00 1.0000e+00 6.0000e+00 1.0000e+00 1.0000e+00 1.0000e+00 1.0000e+00 1.0000e+00 2.0000e+00 1.0000e+00 1.0000e+00 1.0000e+00 1.0000e+00 1.0000e+00 1.0000e+00 1.0000e+00 1.0000e+00 1.0000e+00 2.0000e+00 2.0000e+00 1.0000e+00 1.1300e+03 1.0000e+00 1.0000e+00
1.0000e+00 1.0000e+00 1.0000e+00 0.0000e+00 2.0000e+00 2.0000e+00 0.0000e+00 1.0000e+00 2.0000e+01 2.0000e+00 4.0000e+00 4.0000e+00 1.0000e+00 1.2000e+01 2.0000e+00 2.0000e+00 1.0000e+00 3.0000e+00 5.0000e+00 3.2000e+01 7.0000e+00 0.0000e+00 1.0000e+00 2.0000e+00 0.0000e+00 2.0000e+00 8.7000e+01 6.0190e+03 1.0000e+00 1.0000e+00 5.0000e+00 1.0000e+00 5.0000e+00 1.0000e+00 2.0000e+00 1.0000e+00 1.0000e+00 1.0000e+00 1.0000e+00 7.0000e+00 5.8330e+03 3.0000e+00 0.0000e+00 2.0000e+01 3.0000e+00 1.0000e+00 1.0000e+00 0.0000e+00 2.0000e+01 3.0000e+00
1.0000e+00 1.0000e+00 5.0000e+00 1.0000e+00 1.0000e+00 1.0000e+00 1.0000e+00 1.0000e+00 1.0000e+00 1.0000e+00 1.0000e+00 1.0000e+00 1.0000e+00 1.0000e+00 3.0000e+00 1.0000e+00 1.0000e+00 1.0000e+00 1.0000e+00 1.0000e+00 1.0000e+00 1.0000e+00 1.0000e+00 1.0000e+00 1.0000e+00 1.0000e+00 1.0000e+00 1.0000e+00 4.0000e+00 1.0000e+00 4.0000e+00 3.0000e+00 1.0000e+00 1.0000e+00 1.0000e+00 1.0000e+00 1.0000e+00 1.0000e+00 1.0000e+00 1.0000e+00 1.0000e+00 1.0000e+00 1.0000e+00 1.0000e+00 1.0000e+00 3.0000e+00 1.0000e+00 1.0000e+00 1.0000e+00 1.0000e+00
1.0000e+00 1.0000e+00 1.0000e+00 1.0000e+00 1.0000e+00 1.0000e+00 3.4920e+03 1.0000e+00 1.0000e+00 1.0000e+00 1.0000e+00 1.0000e+00 1.0000e+00 1.0000e+00 1.0000e+00 3.0000e+00 4.0000e+00 1.0000e+00 1.0000e+00 1.0000e+00 1.0000e+00 1.0000e+00 1.0000e+01 1.0000e+00 1.0000e+00 1.0000e+00 1.0000e+00 1.0000e+00 1.0000e+00 1.0000e+00 1.0000e+00 1.0000e+00 1.0000e+00 1.0000e+00 1.0000e+00 1.0000e+00 1.0000e+00 1.0000e+00 1.0000e+00 1.0000e+00 1.0000e+00 1.0000e+00 1.0000e+00 1.0000e+00 1.0000e+00 1.0000e+00 1.0000e+00 3.0000e+00 1.0000e+00 1.0000e+00
1.0000e+00 1.0000e+00 1.0000e+00 1.0000e+00 1.0000e+00 1.0000e+00 2.0000e+00 1.0000e+00 1.0000e+00 1.0000e+00 1.0000e+00 1.0000e+00 1.0000e+00 1.0000e+00 1.0000e+00 1.0000e+00 1.0000e+00 1.0000e+00 1.0000e+00 4.0000e+00 1.0000e+00 3.0000e+00 4.0000e+00 1.3000e+01 1.0000e+00 1.0000e+00 5.0000e+00 9.0000e+00 1.0000e+00 3.6130e+03 1.0000e+00 1.0000e+00 1.0000e+00 3.0000e+00 1.0000e+00 1.0000e+00 1.0000e+00 2.0000e+00 5.4000e+01 1.0000e+00 1.0000e+00 1.0000e+00 1.0000e+00 1.0000e+00 2.0000e+00 7.0000e+00 1.0000e+00 1.0000e+00 1.0000e+00 3.0000e+00
1.0000e+00 3.0000e+00 1.0000e+00 1.0000e+00 2.2210e+03 1.0000e+00 4.0000e+00 6.0000e+00 1.0000e+00 1.0000e+00 5.8950e+03 1.0000e+00 1.0000e+00 1.0000e+00 1.0000e+00 1.3000e+01 1.0000e+00 1.0000e+00 1.0000e+00 1.0000e+00 1.0000e+00 1.0000e+00 1.0000e+00 1.0000e+00 1.0000e+00 1.0000e+00 1.0000e+00 1.0000e+00 1.0000e+00 1.0000e+00 1.0000e+00 1.0000e+00 3.0000e+00 1.0000e+00 1.0000e+00 1.0000e+00 1.0000e+00 1.0000e+00 1.0000e+00 3.0000e+00 1.0000e+00 1.0000e+00 1.0000e+00 3.0000e+00 1.0000e+00 1.0000e+00 1.0000e+00 7.0000e+00 1.0000e+00 1.0000e+00
1.0000e+00 1.0000e+00 1.3000e+01 1.0000e+00 5.0000e+00 1.0000e+00 1.0000e+00 4.0000e+00 1.0000e+00 4.0000e+00 1.0000e+00 1.0000e+00 1.0000e+00 1.0000e+00 1.0000e+00 1.0000e+00 1.0000e+00 1.0000e+00 1.0000e+00 1.0000e+00 5.3000e+01 3.0000e+00 1.0000e+00 1.0000e+00 1.0000e+00 1.0000e+00 1.0000e+00 1.0000e+00 1.0000e+00 2.0000e+00 1.0000e+00 1.0000e+00 1.0000e+00 1.0000e+00 1.0000e+00 1.0000e+00 1.0000e+00 1.0000e+00 1.0000e+00 1.0000e+00 1.0000e+00 1.0000e+00 1.0000e+00 1.0000e+00 1.0000e+00 1.0000e+00 1.0000e+00 1.0000e+00 1.0000e+00 1.0000e+00
4.0000e+00 1.0000e+00 3.0000e+00 5.9690e+03 2.0000e+00 1.0000e+00 5.0000e+00 1.0000e+00 1.0000e+00 1.0000e+00 1.0000e+00 1.0000e+00 3.0000e+00 1.0000e+00 1.0000e+00 2.0000e+00 1.0000e+00 1.0000e+00 1.0000e+00 3.0000e+00 1.0000e+00 1.0000e+00 1.0000e+00 1.0000e+00 1.0000e+00 5.0000e+00 1.0000e+00 1.0000e+00 1.8000e+01 5.0000e+00 1.0000e+00 7.0000e+00 1.0000e+00 1.0000e+00 3.0000e+00 1.0000e+00 1.0000e+00 1.0000e+00 1.0000e+00 2.0000e+00 1.0000e+00 3.0000e+00 6.5900e+02 1.0000e+00 1.0000e+00 1.0000e+00 1.0000e+00 1.0000e+00 1.0000e+00 1.0000e+00
5.0000e+00 1.0000e+00 1.0000e+00 1.0000e+00 1.0000e+00 1.0000e+00 1.0000e+00 1.0000e+00 1.0000e+00 1.0000e+00 1.0000e+00 1.0000e+00 1.0000e+00 1.0000e+00 9.0000e+00 1.0000e+00 1.0000e+00 1.0000e+00 1.0000e+00 1.0000e+00 1.0000e+00 3.0000e+00 1.0000e+00 1.0000e+00 1.0000e+00 1.0000e+00 1.0000e+00 1.0000e+00 3.0000e+00 3.3000e+01 4.0000e+00 4.0000e+00 1.0000e+00 2.0000e+00 2.0000e+00 1.0000e+00 1.0000e+00 5.3250e+03 2.0000e+00 1.0000e+00 1.0000e+00 1.0000e+00 1.0000e+00 1.0000e+00 1.0000e+00 1.0000e+00 1.5000e+01 1.0000e+00 1.0000e+00 1.0000e+00
2.0000e+00 1.0000e+00 1.0000e+00 2.0000e+00 6.0000e+00 1.0000e+00 6.5100e+02 1.0000e+00 1.0000e+00 2.0000e+00 1.0000e+00 1.0000e+00 3.0000e+00 1.0000e+00 1.0000e+00 2.0000e+00 1.0000e+00 1.0000e+00 1.0000e+00 1.0000e+00 2.0000e+00 1.0000e+00 1.0000e+00 1.0000e+00 1.0000e+00 1.0000e+00 3.0000e+00 8.0000e+00 9.1000e+01 2.0000e+00 1.0000e+00 3.0000e+00 5.8560e+03 3.0000e+00 3.0000e+00 7.0000e+00 5.0000e+00 1.0000e+00 3.0000e+00 1.0000e+00 1.0000e+00 1.0000e+00 3.0000e+00 1.0000e+00 1.0000e+00 2.0000e+00 4.0000e+00 1.0000e+00 1.0000e+00 1.0000e+00
