0.0000e+00 0.0000e+00 0.0000e+00 0.0000e+00 0.0000e+00 7.0029e-01 8.0000e-01 0.0000e+00 0.0000e+00 0.0000e+00 0.0000e+00 0.0000e+00 0.0000e+00 3.3333e-01 5.0000e-01 0.0000e+00 0.0000e+00 0.0000e+00 0.0000e+00 0.0000e+00 0.0000e+00 4.2857e-01 5.0000e-01 0.0000e+00 0.0000e+00 3.7500e-01 4.0000e-01 0.0000e+00 5.0000e-01 6.6667e-01 0.0000e+00 5.0000e-01 0.0000e+00 5.0000e-01 0.0000e+00 0.0000e+00 0.0000e+00 0.0000e+00 0.0000e+00 0.0000e+00 3.3333e-01 0.0000e+00 5.0000e-01 0.0000e+00 5.0000e-01 5.0000e-01 4.6154e-01 7.0000e-01 0.0000e+00 0.0000e+00
0.0000e+00 0.0000e+00 0.0000e+00 5.0000e-01 0.0000e+00 7.1429e-01 0.0000e+00 0.0000e+00 5.0000e-01 5.0000e-01 0.0000e+00 0.0000e+00 0.0000e+00 0.0000e+00 6.6667e-01 0.0000e+00 6.0411e-01 0.0000e+00 0.0000e+00 0.0000e+00 5.0000e-01 0.0000e+00 0.0000e+00 5.0000e-01 0.0000e+00 5.0000e-01 0.0000e+00 0.0000e+00 0.0000e+00 1.0000e+00 0.0000e+00 8.3333e-01 6.0000e-01 0.0000e+00 1.0000e+00 0.0000e+00 0.0000e+00 8.0000e-01 1.0000e+00 0.0000e+00 0.0000e+00 0.0000e+00 7.5000e-01 0.0000e+00 9.0000e-01 6.6667e-01 0.0000e+00 0.0000e+00 0.0000e+00 0.0000e+00
5.0000e-01 3.3333e-01 3.3333e-01 0.0000e+00 0.0000e+00 0.0000e+00 5.0000e-01 0.0000e+00 0.0000e+00 3.7500e-01 0.0000e+00 0.0000e+00 0.0000e+00 0.0000e+00 0.0000e+00 5.0000e-01 0.0000e+00 0.0000e+00 0.0000e+00 0.0000e+00 0.0000e+00 4.5355e-01 0.0000e+00 0.0000e+00 0.0000e+00 0.0000e+00 0.0000e+00 0.0000e+00 0.0000e+00 7.5743e-01 0.0000e+00 0.0000e+00 0.0000e+00 5.0000e-01 5.0000e-01 0.0000e+00 0.0000e+00 6.0000e-01 6.8750e-01 0.0000e+00 0.0000e+00 0.0000e+00 5.0000e-01 0.0000e+00 0.0000e+00 5.0000e-01 0.0000e+00 0.0000e+00 0.0000e+00 0.0000e+00
0.0000e+00 0.0000e+00 2.5000e-01 0.0000e+00 0.0000e+00 0.0000e+00 0.0000e+00 0.0000e+00 0.0000e+00 0.0000e+00 0.0000e+00 3.0435e-01 0.0000e+00 2.6230e-01 0.0000e+00 4.0000e-01 0.0000e+00 0.0000e+00 0.0000e+00 0.0000e+00 0.0000e+00 3.3333e-01 4.0478e-01 2.5000e-01 0.0000e+00 0.0000e+00 0.0000e+00 0.0000e+00 0.0000e+00 6.2376e-01 0.0000e+00 0.0000e+00 0.0000e+00 0.0000e+00 0.0000e+00 3.0303e-01 0.0000e+00 0.0000e+00 5.0000e-01 0.0000e+00 0.0000e+00 0.0000e+00 0.0000e+00 0.0000e+00 0.0000e+00 0.0000e+00 0.0000e+00 0.0000e+00 0.0000e+00 0.0000e+00
5.0000e-01 0.0000e+00 0.0000e+00 5.0000e-01 0.0000e+00 0.0000e+00 1.0000e+00 0.0000e+00 0.0000e+00 0.0000e+00 0.0000e+00 0.0000e+00 0.0000e+00 3.7500e-01 0.0000e+00 0.0000e+00 0.0000e+00 0.0000e+00 0.0000e+00 0.0000e+00 4.0000e-01 0.0000e+00 0.0000e+00 0.0000e+00 0.0000e+00 0.0000e+00 0.0000e+00 0.0000e+00 7.7276e-01 8.7500e-01 0.0000e+00 5.0000e-01 0.0000e+00 0.0000e+00 6.6667e-01 0.0000e+00 0.0000e+00 0.0000e+00 1.0000e+00 0.0000e+00 0.0000e+00 4.0000e-01 6.6667e-01 0.0000e+00 0.0000e+00 5.0000e-01 0.0000e+00 0.0000e+00 0.0000e+00 0.0000e+00
4.6429e-01 0.0000e+00 0.0000e+00 0.0000e+00 0.0000e+00 0.0000e+00 0.0000e+00 0.0000e+00 0.0000e+00 0.0000e+00 3.3333e-01 0.0000e+00 0.0000e+00 0.0000e+00 0.0000e+00 0.0000e+00 0.0000e+00 0.0000e+00 0.0000e+00 0.0000e+00 0.0000e+00 0.0000e+00 0.0000e+00 0.0000e+00 0.0000e+00 0.0000e+00 0.0000e+00 0.0000e+00 0.0000e+00 5.0000e-01 0.0000e+00 5.0000e-01 0.0000e+00 0.0000e+00 0.0000e+00 0.0000e+00 0.0000e+00 0.0000e+00 6.6667e-01 8.1770e-01 0.0000e+00 0.0000e+00 5.0000e-01 0.0000e+00 5.0000e-01 5.0000e-01 0.0000e+00 5.0000e-01 0.0000e+00 0.0000e+00
5.1541e-01 0.0000e+00 0.0000e+00 0.0000e+00 0.0000e+00 0.0000e+00 0.0000e+00 0.0000e+00 0.0000e+00 0.0000e+00 3.0667e-01 0.0000e+00 0.0000e+00 0.0000e+00 0.0000e+00 0.0000e+00 0.0000e+00 0.0000e+00 0.0000e+00 0.0000e+00 0.0000e+00 0.0000e+00 0.0000e+00 0.0000e+00 0.0000e+00 0.0000e+00 0.0000e+00 0.0000e+00 0.0000e+00 0.0000e+00 0.0000e+00 0.0000e+00 0.0000e+00 5.0000e-01 0.0000e+00 0.0000e+00 0.0000e+00 0.0000e+00 0.0000e+00 0.0000e+00 0.0000e+00 0.0000e+00 0.0000e+00 0.0000e+00 0.0000e+00 5.5072e-01 2.5000e-01 5.0000e-01 0.0000e+00 0.0000e+00
0.0000e+00 0.0000e+00 0.0000e+00 0.0000e+00 0.0000e+00 0.0000e+00 0.0000e+00 0.0000e+00 0.0000e+00 0.0000e+00 0.0000e+00 0.0000e+00 0.0000e+00 0.0000e+00 0.0000e+00 0.0000e+00 0.0000e+00 0.0000e+00 0.0000e+00 0.0000e+00 0.0000e+00 0.0000e+00 0.0000e+00 0.0000e+00 0.0000e+00 0.0000e+00 0.0000e+00 2.0000e-01 0.0000e+00 0.0000e+00 2.5000e-01 0.0000e+00 0.0000e+00 0.0000e+00 0.0000e+00 0.0000e+00 0.0000e+00 0.0000e+00 0.0000e+00 0.0000e+00 0.0000e+00 0.0000e+00 0.0000e+00 0.0000e+00 0.0000e+00 0.0000e+00 0.0000e+00 0.0000e+00 0.0000e+00 0.0000e+00
0.0000e+00 0.0000e+00 2.5000e-01 0.0000e+00 0.0000e+00 0.0000e+00 5.0000e-01 0.0000e+00 2.5000e-01 0.0000e+00 0.0000e+00 0.0000e+00 0.0000e+00 0.0000e+00 0.0000e+00 4.3867e-01 2.5000e-01 0.0000e+00 0.0000e+00 0.0000e+00 0.0000e+00 0.0000e+00 0.0000e+00 0.0000e+00 0.0000e+00 0.0000e+00 0.0000e+00 0.0000e+00 0.0000e+00 0.0000e+00 0.0000e+00 0.0000e+00 2.8571e-01 0.0000e+00 4.4444e-01 0.0000e+00 0.0000e+00 0.0000e+00 0.0000e+00 0.0000e+00 0.0000e+00 0.0000e+00 0.0000e+00 0.0000e+00 4.0000e-01 0.0000e+00 2.5000e-01 0.0000e+00 0.0000e+00 0.0000e+00
0.0000e+00 0.0000e+00 0.0000e+00 0.0000e+00 0.0000e+00 0.0000e+00 0.0000e+00 0.0000e+00 0.0000e+00 2.8571e-01 0.0000e+00 2.5000e-01 0.0000e+00 2.0000e-01 3.3333e-01 3.6508e-01 0.0000e+00 0.0000e+00 0.0000e+00 0.0000e+00 0.0000e+00 0.0000e+00 0.0000e+00 0.0000e+00 3.3333e-01 2.6667e-01 0.0000e+00 0.0000e+00 0.0000e+00 0.0000e+00 0.0000e+00 0.0000e+00 0.0000e+00 0.0000e+00 3.3333e-01 2.5000e-01 0.0000e+00 5.0000e-01 0.0000e+00 0.0000e+00 0.0000e+00 2.5000e-01 0.0000e+00 0.0000e+00 0.0000e+00 0.0000e+00 3.2432e-01 0.0000e+00 0.0000e+00 0.0000e+00
0.0000e+00 0.0000e+00 0.0000e+00 6.6667e-01 0.0000e+00 0.0000e+00 1.0000e+00 0.0000e+00 0.0000e+00 0.0000e+00 5.0000e-01 0.0000e+00 0.0000e+00 5.0000e-01 9.0000e-01 7.5000e-01 5.3846e-01 0.0000e+00 5.0000e-01 5.0000e-01 5.0000e-01 7.6471e-01 0.0000e+00 6.6667e-01 0.0000e+00 0.0000e+00 7.1689e-01 0.0000e+00 0.0000e+00 5.0000e-01 7.1862e-01 9.3548e-01 0.0000e+00 6.6667e-01 0.0000e+00 6.6667e-01 0.0000e+00 1.0000e+00 1.0000e+00 0.0000e+00 0.0000e+00 5.0000e-01 0.0000e+00 0.0000e+00 0.0000e+00 7.5000e-01 0.0000e+00 6.6667e-01 5.3125e-01 0.0000e+00
0.0000e+00 0.0000e+00 0.0000e+00 0.0000e+00 3.3333e-01 0.0000e+00 5.0000e-01 0.0000e+00 0.0000e+00 0.0000e+00 0.0000e+00 0.0000e+00 0.0000e+00 0.0000e+00 0.0000e+00 0.0000e+00 0.0000e+00 0.0000e+00 2.5000e-01 2.0000e-01 0.0000e+00 3.3333e-01 0.0000e+00 0.0000e+00 0.0000e+00 0.0000e+00 0.0000e+00 0.0000e+00 0.0000e+00 5.0000e-01 2.5000e-01 0.0000e+00 0.0000e+00 3.3333e-01 0.0000e+00 2.8571e-01 0.0000e+00 0.0000e+00 5.0000e-01 0.0000e+00 0.0000e+00 0.0000e+00 0.0000e+00 0.0000e+00 0.0000e+00 3.3333e-01 0.0000e+00 3.3333e-01 0.0000e+00 0.0000e+00
8.0000e-01 7.5000e-01 0.0000e+00 0.0000e+00 0.0000e+00 6.6667e-01 1.0000e+00 5.0000e-01 0.0000e+00 0.0000e+00 6.0000e-01 5.0000e-01 5.0000e-01 5.0000e-01 6.6667e-01 8.3333e-01 6.2500e-01 0.0000e+00 7.0312e-01 7.8850e-01 0.0000e+00 6.6667e-01 7.5000e-01 0.0000e+00 8.8889e-01 8.0445e-01 0.0000e+00 5.0000e-01 0.0000e+00 1.0000e+00 0.0000e+00 1.0000e+00 5.0000e-01 0.0000e+00 1.0000e+00 6.6667e-01 3.3333e-01 0.0000e+00 1.0000e+00 5.0000e-01 5.7576e-01 8.1796e-01 5.0000e-01 6.6667e-01 0.0000e+00 1.0000e+00 5.0000e-01 1.0000e+00 0.0000e+00 7.5000e-01
0.0000e+00 0.0000e+00 0.0000e+00 5.0000e-01 4.5455e-01 4.2857e-01 0.0000e+00 0.0000e+00 0.0000e+00 0.0000e+00 0.0000e+00 3.2353e-01 0.0000e+00 0.0000e+00 4.8000e-01 3.3333e-01 0.0000e+00 0.0000e+00 0.0000e+00 2.8571e-01 0.0000e+00 0.0000e+00 3.3333e-01 0.0000e+00 0.0000e+00 2.5000e-01 0.0000e+00 2.5000e-01 0.0000e+00 6.0000e-01 3.0000e-01 0.0000e+00 0.0000e+00 0.0000e+00 0.0000e+00 3.3333e-01 0.0000e+00 5.7143e-01 6.2500e-01 5.0000e-01 0.0000e+00 0.0000e+00 0.0000e+00 3.3333e-01 5.0000e-01 6.1632e-01 0.0000e+00 0.0000e+00 2.5000e-01 0.0000e+00
4.0000e-01 0.0000e+00 0.0000e+00 4.7619e-01 0.0000e+00 0.0000e+00 6.5778e-01 0.0000e+00 3.4624e-01 0.0000e+00 0.0000e+00 0.0000e+00 2.5000e-01 2.5000e-01 0.0000e+00 0.0000e+00 0.0000e+00 0.0000e+00 0.0000e+00 0.0000e+00 3.3333e-01 0.0000e+00 0.0000e+00 3.3333e-01 0.0000e+00 0.0000e+00 0.0000e+00 0.0000e+00 0.0000e+00 5.0000e-01 0.0000e+00 0.0000e+00 0.0000e+00 0.0000e+00 0.0000e+00 3.0769e-01 0.0000e+00 0.0000e+00 5.0000e-01 0.0000e+00 2.6316e-01 0.0000e+00 4.0000e-01 0.0000e+00 5.0000e-01 5.0000e-01 0.0000e+00 5.0000e-01 0.0000e+00 0.0000e+00
0.0000e+00 0.0000e+00 3.3333e-01 0.0000e+00 0.0000e+00 5.0000e-01 5.0000e-01 0.0000e+00 0.0000e+00 0.0000e+00 0.0000e+00 0.0000e+00 0.0000e+00 2.5000e-01 5.0000e-01 0.0000e+00 0.0000e+00 0.0000e+00 0.0000e+00 3.6364e-01 0.0000e+00 3.3333e-01 0.0000e+00 3.3333e-01 0.0000e+00 0.0000e+00 2.5000e-01 2.5000e-01 0.0000e+00 0.0000e+00 0.0000e+00 0.0000e+00 0.0000e+00 0.0000e+00 5.0000e-01 0.0000e+00 0.0000e+00 0.0000e+00 5.0000e-01 0.0000e+00 0.0000e+00 0.0000e+00 5.0000e-01 0.0000e+00 6.7806e-01 0.0000e+00 0.0000e+00 6.9690e-01 0.0000e+00 0.0000e+00
0.0000e+00 0.0000e+00 0.0000e+00 0.0000e+00 0.0000e+00 0.0000e+00 0.0000e+00 0.0000e+00 0.0000e+00 0.0000e+00 0.0000e+00 0.0000e+00 0.0000e+00 0.0000e+00 0.0000e+00 0.0000e+00 0.0000e+00 0.0000e+00 0.0000e+00 0.0000e+00 0.0000e+00 0.0000e+00 0.0000e+00 0.0000e+00 0.0000e+00 0.0000e+00 0.0000e+00 0.0000e+00 0.0000e+00 0.0000e+00 0.0000e+00 0.0000e+00 0.0000e+00 0.0000e+00 0.0000e+00 0.0000e+00 0.0000e+00 0.0000e+00 0.0000e+00 0.0000e+00 0.0000e+00 0.0000e+00 0.0000e+00 0.0000e+00 0.0000e+00 3.3333e-01 0.0000e+00 0.0000e+00 2.0000e-01 0.0000e+00
0.0000e+00 8.4528e-01 0.0000e+00 7.3333e-01 0.0000e+00 0.0000e+00 1.0000e+00 8.0320e-01 0.0000e+00 0.0000e+00 0.0000e+00 0.0000e+00 0.0000e+00 4.2857e-01 0.0000e+00 7.1429e-01 5.0000e-01 0.0000e+00 0.0000e+00 0.0000e+00 0.0000e+00 0.0000e+00 0.0000e+00 0.0000e+00 0.0000e+00 0.0000e+00 5.0000e-01 4.2857e-01 0.0000e+00 1.0000e+00 0.0000e+00 8.5714e-01 0.0000e+00 0.0000e+00 7.5000e-01 0.0000e+00 0.0000e+00 0.0000e+00 0.0000e+00 0.0000e+00 0.0000e+00 0.0000e+00 0.0000e+00 0.0000e+00 9.7368e-01 5.0000e-01 0.0000e+00 8.1818e-01 4.5833e-01 6.0000e-01
0.0000e+00 0.0000e+00 0.0000e+00 0.0000e+00 0.0000e+00 3.3333e-01 0.0000e+00 0.0000e+00 0.0000e+00 0.0000e+00 0.0000e+00 0.0000e+00 0.0000e+00 0.0000e+00 4.0000e-01 0.0000e+00 0.0000e+00 0.0000e+00 0.0000e+00 0.0000e+00 0.0000e+00 0.0000e+00 0.0000e+00 0.0000e+00 3.3333e-01 0.0000e+00 0.0000e+00 0.0000e+00 0.0000e+00 0.0000e+00 0.0000e+00 0.0000e+00 0.0000e+00 0.0000e+00 0.0000e+00 0.0000e+00 0.0000e+00 0.0000e+00 5.0000e-01 0.0000e+00 0.0000e+00 0.0000e+00 4.1718e-01 0.0000e+00 0.0000e+00 0.0000e+00 2.5000e-01 0.0000e+00 0.0000e+00 0.0000e+00
2.5000e-01 0.0000e+00 0.0000e+00 0.0000e+00 0.0000e+00 0.0000e+00 0.0000e+00 0.0000e+00 0.0000e+00 0.0000e+00 0.0000e+00 0.0000e+00 0.0000e+00 0.0000e+00 0.0000e+00 0.0000e+00 2.0000e-01 0.0000e+00 0.0000e+00 0.0000e+00 0.0000e+00 0.0000e+00 0.0000e+00 0.0000e+00 0.0000e+00 0.0000e+00 0.0000e+00 0.0000e+00 0.0000e+00 5.0000e-01 0.0000e+00 0.0000e+00 0.0000e+00 0.0000e+00 0.0000e+00 0.0000e+00 1.4286e-01 0.0000e+00 0.0000e+00 0.0000e+00 0.0000e+00 0.0000e+00 3.3333e-01 0.0000e+00 0.0000e+00 0.0000e+00 0.0000e+00 0.0000e+00 0.0000e+00 0.0000e+00
0.0000e+00 0.0000e+00 0.0000e+00 0.0000e+00 0.0000e+00 6.6667e-01 0.0000e+00 0.0000e+00 0.0000e+00 0.0000e+00 0.0000e+00 0.0000e+00 0.0000e+00 4.0000e-01 0.0000e+00 0.0000e+00 0.0000e+00 4.0000e-01 0.0000e+00 0.0000e+00 0.0000e+00 0.0000e+00 0.0000e+00 0.0000e+00 5.0000e-01 0.0000e+00 0.0000e+00 0.0000e+00 0.0000e+00 0.0000e+00 0.0000e+00 0.0000e+00 5.0000e-01 0.0000e+00 0.0000e+00 0.0000e+00 2.9694e-01 0.0000e+00 0.0000e+00 0.0000e+00 0.0000e+00 0.0000e+00 6.6667e-01 0.0000e+00 0.0000e+00 0.0000e+00 0.0000e+00 0.0000e+00 0.0000e+00 7.4178e-01
0.0000e+00 0.0000e+00 0.0000e+00 0.0000e+00 5.0000e-01 0.0000e+00 0.0000e+00 0.0000e+00 0.0000e+00 0.0000e+00 0.0000e+00 0.0000e+00 0.0000e+00 0.0000e+00 0.0000e+00 0.0000e+00 0.0000e+00 0.0000e+00 0.0000e+00 0.0000e+00 0.0000e+00 0.0000e+00 0.0000e+00 0.0000e+00 0.0000e+00 0.0000e+00 0.0000e+00 0.0000e+00 5.0000e-01 5.0000e-01 0.0000e+00 0.0000e+00 0.0000e+00 1.0000e+00 5.0000e-01 0.0000e+00 0.0000e+00 6.6667e-01 1.0000e+00 0.0000e+00 0.0000e+00 0.0000e+00 0.0000e+00 0.0000e+00 5.0000e-01 0.0000e+00 0.0000e+00 0.0000e+00 0.0000e+00 0.0000e+00
0.0000e+00 0.0000e+00 0.0000e+00 5.0000e-01 0.0000e+00 0.0000e+00 0.0000e+00 0.0000e+00 0.0000e+00 3.3333e-01 0.0000e+00 3.3333e-01 0.0000e+00 0.0000e+00 5.0000e-01 0.0000e+00 0.0000e+00 0.0000e+00 0.0000e+00 0.0000e+00 0.0000e+00 0.0000e+00 0.0000e+00 3.3333e-01 5.0000e-01 4.0000e-01 0.0000e+00 0.0000e+00 4.7368e-01 7.5000e-01 3.3333e-01 7.2018e-01 5.0000e-01 0.0000e+00 5.0000e-01 3.3333e-01 2.0000e-01 5.0000e-01 5.0000e-01 0.0000e+00 0.0000e+00 0.0000e+00 5.0000e-01 0.0000e+00 0.0000e+00 0.0000e+00 3.3333e-01 0.0000e+00 0.0000e+00 0.0000e+00
0.0000e+00 0.0000e+00 0.0000e+00 0.0000e+00 0.0000e+00 5.0000e-01 1.0000e+00 0.0000e+00 0.0000e+00 0.0000e+00 0.0000e+00 0.0000e+00 0.0000e+00 0.0000e+00 7.1429e-01 0.0000e+00 4.2857e-01 0.0000e+00 0.0000e+00 4.2857e-01 4.0000e-01 7.3529e-01 6.1765e-01 0.0000e+00 0.0000e+00 6.9816e-01 4.0909e-01 0.0000e+00 0.0000e+00 1.0000e+00 0.0000e+00 0.0000e+00 0.0000e+00 0.0000e+00 0.0000e+00 7.3735e-01 0.0000e+00 0.0000e+00 1.0000e+00 5.0000e-01 0.0000e+00 0.0000e+00 5.0000e-01 0.0000e+00 5.0000e-01 0.0000e+00 0.0000e+00 6.6667e-01 0.0000e+00 0.0000e+00
5.0000e-01 0.0000e+00 0.0000e+00 0.0000e+00 5.0000e-01 0.0000e+00 5.0000e-01 0.0000e+00 0.0000e+00 5.0000e-01 0.0000e+00 0.0000e+00 0.0000e+00 0.0000e+00 0.0000e+00 5.0000e-01 0.0000e+00 0.0000e+00 0.0000e+00 0.0000e+00 5.0000e-01 0.0000e+00 0.0000e+00 0.0000e+00 0.0000e+00 0.0000e+00 0.0000e+00 0.0000e+00 0.0000e+00 0.0000e+00 5.0000e-01 0.0000e+00 0.0000e+00 5.0000e-01 8.3333e-01 5.0000e-01 0.0000e+00 9.9206e-01 1.0000e+00 0.0000e+00 0.0000e+00 0.0000e+00 0.0000e+00 0.0000e+00 1.0000e+00 0.0000e+00 0.0000e+00 0.0000e+00 0.0000e+00 0.0000e+00
0.0000e+00 0.0000e+00 0.0000e+00 0.0000e+00 8.0300e-01 5.0000e-01 9.5455e-01 5.0000e-01 0.0000e+00 5.0000e-01 0.0000e+00 4.5455e-01 0.0000e+00 0.0000e+00 0.0000e+00 0.0000e+00 0.0000e+00 0.0000e+00 5.0000e-01 0.0000e+00 5.0000e-01 0.0000e+00 0.0000e+00 5.2381e-01 0.0000e+00 0.0000e+00 0.0000e+00 0.0000e+00 0.0000e+00 1.0000e+00 0.0000e+00 0.0000e+00 0.0000e+00 0.0000e+00 7.5000e-01 4.7619e-01 0.0000e+00 9.3980e-01 9.8387e-01 0.0000e+00 0.0000e+00 3.3333e-01 7.5816e-01 5.0000e-01 0.0000e+00 5.0000e-01 5.0000e-01 6.6667e-01 4.3478e-01 0.0000e+00
0.0000e+00 0.0000e+00 0.0000e+00 0.0000e+00 0.0000e+00 0.0000e+00 0.0000e+00 0.0000e+00 0.0000e+00 0.0000e+00 0.0000e+00 2.5000e-01 0.0000e+00 0.0000e+00 3.3333e-01 3.6735e-01 0.0000e+00 0.0000e+00 0.0000e+00 0.0000e+00 0.0000e+00 3.3333e-01 0.0000e+00 0.0000e+00 0.0000e+00 0.0000e+00 0.0000e+00 0.0000e+00 0.0000e+00 6.0000e-01 0.0000e+00 4.0000e-01 0.0000e+00 0.0000e+00 4.4444e-01 2.8571e-01 0.0000e+00 5.0000e-01 5.0000e-01 0.0000e+00 0.0000e+00 0.0000e+00 0.0000e+00 3.3333e-01 0.0000e+00 0.0000e+00 2.5000e-01 0.0000e+00 0.0000e+00 0.0000e+00
3.7500e-01 0.0000e+00 0.0000e+00 0.0000e+00 0.0000e+00 3.3333e-01 0.0000e+00 0.0000e+00 0.0000e+00 0.0000e+00 0.0000e+00 0.0000e+00 0.0000e+00 0.0000e+00 0.0000e+00 0.0000e+00 0.0000e+00 0.0000e+00 0.0000e+00 2.6667e-01 0.0000e+00 0.0000e+00 0.0000e+00 0.0000e+00 0.0000e+00 0.0000e+00 0.0000e+00 2.0000e-01 0.0000e+00 0.0000e+00 0.0000e+00 0.0000e+00 0.0000e+00 0.0000e+00 3.3333e-01 0.0000e+00 0.0000e+00 0.0000e+00 0.0000e+00 0.0000e+00 0.0000e+00 0.0000e+00 0.0000e+00 0.0000e+00 0.0000e+00 5.1613e-01 0.0000e+00 0.0000e+00 0.0000e+00 0.0000e+00
5.1724e-01 3.3333e-01 0.0000e+00 0.0000e+00 5.4545e-01 0.0000e+00 0.0000e+00 0.0000e+00 0.0000e+00 0.0000e+00 0.0000e+00 3.3333e-01 0.0000e+00 0.0000e+00 5.8284e-01 4.0000e-01 0.0000e+00 0.0000e+00 0.0000e+00 4.2720e-01 3.7500e-01 3.7500e-01 3.8095e-01 3.7500e-01 0.0000e+00 0.0000e+00 0.0000e+00 0.0000e+00 0.0000e+00 0.0000e+00 0.0000e+00 0.0000e+00 0.0000e+00 6.0000e-01 5.0000e-01 3.5714e-01 0.0000e+00 0.0000e+00 6.9231e-01 0.0000e+00 2.5000e-01 0.0000e+00 5.0000e-01 0.0000e+00 6.0000e-01 5.0000e-01 0.0000e+00 0.0000e+00 0.0000e+00 0.0000e+00
0.0000e+00 0.0000e+00 0.0000e+00 0.0000e+00 0.0000e+00 3.3333e-01 5.8333e-01 0.0000e+00 2.8571e-01 0.0000e+00 0.0000e+00 0.0000e+00 0.0000e+00 0.0000e+00 0.0000e+00 0.0000e+00 2.5000e-01 0.0000e+00 0.0000e+00 0.0000e+00 0.0000e+00 3.3333e-01 0.0000e+00 0.0000e+00 0.0000e+00 2.5000e-01 0.0000e+00 0.0000e+00 0.0000e+00 0.0000e+00 0.0000e+00 0.0000e+00 0.0000e+00 0.0000e+00 0.0000e+00 0.0000e+00 0.0000e+00 0.0000e+00 6.9029e-01 0.0000e+00 0.0000e+00 0.0000e+00 4.1667e-01 0.0000e+00 0.0000e+00 0.0000e+00 4.0867e-01 3.3333e-01 0.0000e+00 0.0000e+00
0.0000e+00 0.0000e+00 0.0000e+00 0.0000e+00 0.0000e+00 0.0000e+00 1.0000e+00 0.0000e+00 0.0000e+00 0.0000e+00 0.0000e+00 0.0000e+00 3.3333e-01 0.0000e+00 8.0000e-01 8.3579e-01 0.0000e+00 0.0000e+00 0.0000e+00 0.0000e+00 7.1267e-01 5.0000e-01 0.0000e+00 0.0000e+00 7.3387e-01 0.0000e+00 0.0000e+00 0.0000e+00 0.0000e+00 1.0000e+00 0.0000e+00 0.0000e+00 5.0000e-01 0.0000e+00 5.0000e-01 0.0000e+00 0.0000e+00 9.0000e-01 0.0000e+00 0.0000e+00 0.0000e+00 0.0000e+00 8.0769e-01 0.0000e+00 8.7500e-01 0.0000e+00 5.0000e-01 5.0000e-01 0.0000e+00 0.0000e+00
5.0000e-01 0.0000e+00 0.0000e+00 0.0000e+00 5.0000e-01 0.0000e+00 0.0000e+00 0.0000e+00 0.0000e+00 0.0000e+00 0.0000e+00 5.4101e-01 0.0000e+00 0.0000e+00 7.4949e-01 0.0000e+00 0.0000e+00 0.0000e+00 0.0000e+00 0.0000e+00 0.0000e+00 0.0000e+00 3.3333e-01 0.0000e+00 0.0000e+00 0.0000e+00 0.0000e+00 0.0000e+00 0.0000e+00 8.0000e-01 3.3333e-01 0.0000e+00 0.0000e+00 5.0000e-01 5.0000e-01 0.0000e+00 0.0000e+00 6.6667e-01 9.2000e-01 0.0000e+00 0.0000e+00 0.0000e+00 5.0000e-01 0.0000e+00 5.0000e-01 0.0000e+00 0.0000e+00 0.0000e+00 0.0000e+00 0.0000e+00
0.0000e+00 3.3333e-01 0.0000e+00 0.0000e+00 0.0000e+00 0.0000e+00 0.0000e+00 0.0000e+00 0.0000e+00 0.0000e+00 0.0000e+00 3.3333e-01 0.0000e+00 0.0000e+00 0.0000e+00 3.3333e-01 0.0000e+00 0.0000e+00 0.0000e+00 0.0000e+00 0.0000e+00 0.0000e+00 0.0000e+00 0.0000e+00 0.0000e+00 0.0000e+00 0.0000e+00 2.5000e-01 0.0000e+00 6.6667e-01 0.0000e+00 0.0000e+00 0.0000e+00 5.0000e-01 6.5856e-01 0.0000e+00 0.0000e+00 5.0000e-01 7.9978e-01 0.0000e+00 2.5000e-01 3.3333e-01 0.0000e+00 0.0000e+00 5.0000e-01 0.0000e+00 0.0000e+00 0.0000e+00 0.0000e+00 0.0000e+00
7.5000e-01 7.5000e-01 5.0000e-01 6.6667e-01 7.5000e-01 5.0000e-01 1.0000e+00 8.5957e-01 0.0000e+00 7.5000e-01 5.0000e-01 0.0000e+00 5.0000e-01 5.0000e-01 5.0000e-01 8.5714e-01 0.0000e+00 6.5363e-01 5.0000e-01 0.0000e+00 6.8000e-01 0.0000e+00 0.0000e+00 7.0000e-01 5.0000e-01 6.2500e-01 0.0000e+00 5.0000e-01 7.5000e-01 0.0000e+00 5.0000e-01 1.0000e+00 0.0000e+00 0.0000e+00 0.0000e+00 7.1429e-01 0.0000e+00 0.0000e+00 1.0000e+00 8.7500e-01 5.6000e-01 5.0000e-01 8.3333e-01 6.6667e-01 1.0000e+00 5.0000e-01 6.6667e-01 1.0000e+00 5.0000e-01 7.7778e-01
0.0000e+00 0.0000e+00 0.0000e+00 0.0000e+00 0.0000e+00 0.0000e+00 0.0000e+00 0.0000e+00 0.0000e+00 0.0000e+00 0.0000e+00 0.0000e+00 0.0000e+00 0.0000e+00 0.0000e+00 0.0000e+00 0.0000e+00 0.0000e+00 0.0000e+00 0.0000e+00 0.0000e+00 0.0000e+00 0.0000e+00 0.0000e+00 0.0000e+00 0.0000e+00 0.0000e+00 2.0000e-01 0.0000e+00 0.0000e+00 0.0000e+00 0.0000e+00 0.0000e+00 0.0000e+00 0.0000e+00 0.0000e+00 0.0000e+00 0.0000e+00 0.0000e+00 3.3333e-01 0.0000e+00 0.0000e+00 3.3333e-01 3.9901e-01 0.0000e+00 3.3333e-01 0.0000e+00 0.0000e+00 0.0000e+00 0.0000e+00
1.0000e+00 1.0000e+00 8.0000e-01 1.0000e+00 0.0000e+00 1.0000e+00 1.0000e+00 1.0000e+00 7.7778e-01 6.6667e-01 8.5714e-01 9.4006e-01 7.5000e-01 5.0000e-01 1.0000e+00 1.0000e+00 8.6713e-01 8.0645e-01 1.0000e+00 6.6667e-01 1.0000e+00 0.0000e+00 1.0000e+00 5.0000e-01 1.0000e+00 8.8889e-01 8.3571e-01 5.0000e-01 1.0000e+00 1.0000e+00 8.9796e-01 1.0000e+00 8.0000e-01 0.0000e+00 1.0000e+00 0.0000e+00 0.0000e+00 1.0000e+00 1.0000e+00 0.0000e+00 6.6667e-01 8.8889e-01 1.0000e+00 8.3333e-01 1.0000e+00 1.0000e+00 0.0000e+00 1.0000e+00 8.0928e-01 1.0000e+00
0.0000e+00 0.0000e+00 0.0000e+00 0.0000e+00 0.0000e+00 0.0000e+00 5.0000e-01 0.0000e+00 0.0000e+00 3.3362e-01 0.0000e+00 0.0000e+00 0.0000e+00 0.0000e+00 0.0000e+00 0.0000e+00 2.5000e-01 0.0000e+00 0.0000e+00 0.0000e+00 0.0000e+00 0.0000e+00 0.0000e+00 3.1442e-01 0.0000e+00 0.0000e+00 0.0000e+00 0.0000e+00 0.0000e+00 0.0000e+00 0.0000e+00 0.0000e+00 0.0000e+00 0.0000e+00 0.0000e+00 0.0000e+00 0.0000e+00 0.0000e+00 5.0000e-01 0.0000e+00 0.0000e+00 0.0000e+00 4.1860e-01 0.0000e+00 0.0000e+00 0.0000e+00 0.0000e+00 0.0000e+00 0.0000e+00 3.5484e-01
0.0000e+00 0.0000e+00 0.0000e+00 5.0000e-01 5.0000e-01 6.0000e-01 8.8000e-01 0.0000e+00 0.0000e+00 0.0000e+00 0.0000e+00 4.0000e-01 0.0000e+00 0.0000e+00 7.1429e-01 5.5556e-01 0.0000e+00 0.0000e+00 4.2857e-01 0.0000e+00 3.3333e-01 5.0000e-01 0.0000e+00 6.0438e-01 0.0000e+00 4.4444e-01 0.0000e+00 0.0000e+00 0.0000e+00 5.0000e-01 0.0000e+00 0.0000e+00 0.0000e+00 0.0000e+00 6.6667e-01 0.0000e+00 2.0000e-01 5.0000e-01 8.3333e-01 6.4000e-01 3.3333e-01 0.0000e+00 7.9956e-01 5.0000e-01 0.0000e+00 5.0000e-01 0.0000e+00 5.0000e-01 0.0000e+00 6.3636e-01
1.0000e+00 1.0000e+00 8.0952e-01 0.0000e+00 0.0000e+00 6.6667e-01 1.0000e+00 0.0000e+00 0.0000e+00 8.0000e-01 0.0000e+00 5.0000e-01 8.4086e-01 8.8995e-01 1.0000e+00 1.0000e+00 0.0000e+00 8.7248e-01 0.0000e+00 5.0000e-01 0.0000e+00 0.0000e+00 0.0000e+00 8.7500e-01 1.0000e+00 1.0000e+00 8.0000e-01 6.6667e-01 5.0000e-01 1.0000e+00 0.0000e+00 1.0000e+00 0.0000e+00 1.0000e+00 1.0000e+00 1.0000e+00 0.0000e+00 1.0000e+00 1.0000e+00 0.0000e+00 6.6667e-01 8.0000e-01 1.0000e+00 6.6667e-01 1.0000e+00 1.0000e+00 6.6667e-01 6.6667e-01 5.0000e-01 1.0000e+00
1.0000e+00 1.0000e+00 9.4320e-01 1.0000e+00 5.0000e-01 1.0000e+00 1.0000e+00 8.7500e-01 5.0000e-01 9.2857e-01 0.0000e+00 0.0000e+00 7.5000e-01 5.0000e-01 1.0000e+00 1.0000e+00 8.2609e-01 8.6078e-01 8.0000e-01 7.5000e-01 8.0000e-01 0.0000e+00 0.0000e+00 8.5714e-01 1.0000e+00 8.0000e-01 5.0000e-01 5.0000e-01 8.0000e-01 1.0000e+00 9.8029e-01 1.0000e+00 8.5714e-01 1.0000e+00 1.0000e+00 0.0000e+00 0.0000e+00 1.0000e+00 0.0000e+00 8.3333e-01 7.5000e-01 0.0000e+00 1.0000e+00 0.0000e+00 0.0000e+00 1.0000e+00 8.4615e-01 1.0000e+00 8.5192e-01 1.0000e+00
0.0000e+00 0.0000e+00 0.0000e+00 0.0000e+00 4.4444e-01 0.0000e+00 0.0000e+00 0.0000e+00 0.0000e+00 0.0000e+00 2.5000e-01 0.0000e+00 0.0000e+00 0.0000e+00 0.0000e+00 0.0000e+00 2.5000e-01 0.0000e+00 0.0000e+00 0.0000e+00 0.0000e+00 3.3333e-01 3.3333e-01 0.0000e+00 4.5124e-01 3.4783e-01 0.0000e+00 0.0000e+00 3.3333e-01 0.0000e+00 0.0000e+00 0.0000e+00 0.0000e+00 0.0000e+00 5.0000e-01 0.0000e+00 0.0000e+00 0.0000e+00 0.0000e+00 0.0000e+00 0.0000e+00 0.0000e+00 0.0000e+00 0.0000e+00 5.0000e-01 5.0000e-01 0.0000e+00 6.2920e-01 0.0000e+00 0.0000e+00
1.0000e+00 1.0000e+00 0.0000e+00 1.0000e+00 1.0000e+00 1.0000e+00 1.0000e+00 1.0000e+00 9.5000e-01 1.0000e+00 1.0000e+00 1.0000e+00 0.0000e+00 9.1667e-01 1.0000e+00 1.0000e+00 0.0000e+00 6.6667e-01 1.0000e+00 1.0000e+00 1.0000e+00 1.0000e+00 0.0000e+00 1.0000e+00 1.0000e+00 1.0000e+00 1.0000e+00 9.7807e-01 0.0000e+00 1.0000e+00 1.0000e+00 1.0000e+00 1.0000e+00 1.0000e+00 1.0000e+00 1.0000e+00 0.0000e+00 1.0000e+00 1.0000e+00 1.0000e+00 9.7188e-01 6.6667e-01 1.0000e+00 9.5000e-01 6.6667e-01 0.0000e+00 1.0000e+00 1.0000e+00 1.0000e+00 1.0000e+00
0.0000e+00 0.0000e+00 2.0000e-01 0.0000e+00 0.0000e+00 0.0000e+00 0.0000e+00 0.0000e+00 0.0000e+00 0.0000e+00 0.0000e+00 0.0000e+00 0.0000e+00 0.0000e+00 3.3333e-01 0.0000e+00 0.0000e+00 0.0000e+00 0.0000e+00 0.0000e+00 0.0000e+00 0.0000e+00 0.0000e+00 0.0000e+00 0.0000e+00 0.0000e+00 0.0000e+00 0.0000e+00 2.5000e-01 0.0000e+00 2.5000e-01 3.3333e-01 0.0000e+00 0.0000e+00 0.0000e+00 0.0000e+00 0.0000e+00 0.0000e+00 0.0000e+00 0.0000e+00 0.0000e+00 0.0000e+00 0.0000e+00 0.0000e+00 0.0000e+00 3.3333e-01 0.0000e+00 0.0000e+00 0.0000e+00 0.0000e+00
0.0000e+00 0.0000e+00 0.0000e+00 0.0000e+00 0.0000e+00 0.0000e+00 6.0223e-01 0.0000e+00 0.0000e+00 0.0000e+00 0.0000e+00 0.0000e+00 0.0000e+00 0.0000e+00 0.0000e+00 3.3333e-01 2.5000e-01 0.0000e+00 0.0000e+00 0.0000e+00 0.0000e+00 0.0000e+00 3.0000e-01 0.0000e+00 0.0000e+00 0.0000e+00 0.0000e+00 0.0000e+00 0.0000e+00 0.0000e+00 0.0000e+00 0.0000e+00 0.0000e+00 0.0000e+00 0.0000e+00 0.0000e+00 0.0000e+00 0.0000e+00 0.0000e+00 0.0000e+00 0.0000e+00 0.0000e+00 0.0000e+00 0.0000e+00 0.0000e+00 0.0000e+00 0.0000e+00 3.3333e-01 0.0000e+00 0.0000e+00
0.0000e+00 0.0000e+00 0.0000e+00 0.0000e+00 0.0000e+00 0.0000e+00 5.0000e-01 0.0000e+00 0.0000e+00 0.0000e+00 0.0000e+00 0.0000e+00 0.0000e+00 0.0000e+00 0.0000e+00 0.0000e+00 0.0000e+00 0.0000e+00 0.0000e+00 2.5000e-01 0.0000e+00 3.3333e-01 2.5000e-01 3.0769e-01 0.0000e+00 0.0000e+00 2.0000e-01 2.2222e-01 0.0000e+00 6.2497e-01 0.0000e+00 0.0000e+00 0.0000e+00 3.3333e-01 0.0000e+00 0.0000e+00 0.0000e+00 5.0000e-01 5.5556e-01 0.0000e+00 0.0000e+00 0.0000e+00 0.0000e+00 0.0000e+00 5.0000e-01 4.2857e-01 0.0000e+00 0.0000e+00 0.0000e+00 3.3333e-01
0.0000e+00 3.3333e-01 0.0000e+00 0.0000e+00 5.0428e-01 0.0000e+00 5.0000e-01 3.3333e-01 0.0000e+00 0.0000e+00 3.6319e-01 0.0000e+00 0.0000e+00 0.0000e+00 0.0000e+00 3.8462e-01 0.0000e+00 0.0000e+00 0.0000e+00 0.0000e+00 0.0000e+00 0.0000e+00 0.0000e+00 0.0000e+00 0.0000e+00 0.0000e+00 0.0000e+00 0.0000e+00 0.0000e+00 0.0000e+00 0.0000e+00 0.0000e+00 3.3333e-01 0.0000e+00 0.0000e+00 0.0000e+00 0.0000e+00 0.0000e+00 0.0000e+00 3.3333e-01 0.0000e+00 0.0000e+00 0.0000e+00 3.3333e-01 0.0000e+00 0.0000e+00 0.0000e+00 4.2857e-01 0.0000e+00 0.0000e+00
0.0000e+00 0.0000e+00 2.3077e-01 0.0000e+00 4.0000e-01 0.0000e+00 0.0000e+00 2.5000e-01 0.0000e+00 2.5000e-01 0.0000e+00 0.0000e+00 0.0000e+00 0.0000e+00 0.0000e+00 0.0000e+00 0.0000e+00 0.0000e+00 0.0000e+00 0.0000e+00 2.6415e-01 3.3333e-01 0.0000e+00 0.0000e+00 0.0000e+00 0.0000e+00 0.0000e+00 0.0000e+00 0.0000e+00 5.0000e-01 0.0000e+00 0.0000e+00 0.0000e+00 0.0000e+00 0.0000e+00 0.0000e+00 0.0000e+00 0.0000e+00 0.0000e+00 0.0000e+00 0.0000e+00 0.0000e+00 0.0000e+00 0.0000e+00 0.0000e+00 0.0000e+00 0.0000e+00 0.0000e+00 0.0000e+00 0.0000e+00
5.0000e-01 0.0000e+00 3.3333e-01 7.1067e-01 5.0000e-01 0.0000e+00 8.0000e-01 0.0000e+00 0.0000e+00 0.0000e+00 0.0000e+00 0.0000e+00 3.3333e-01 0.0000e+00 0.0000e+00 5.0000e-01 0.0000e+00 0.0000e+00 0.0000e+00 3.3333e-01 0.0000e+00 0.0000e+00 0.0000e+00 0.0000e+00 0.0000e+00 4.0000e-01 0.0000e+00 0.0000e+00 4.4444e-01 8.0000e-01 0.0000e+00 5.7143e-01 0.0000e+00 0.0000e+00 6.6667e-01 0.0000e+00 0.0000e+00 0.0000e+00 0.0000e+00 5.0000e-01 0.0000e+00 3.3333e-01 6.7982e-01 0.0000e+00 0.0000e+00 0.0000e+00 0.0000e+00 0.0000e+00 0.0000e+00 0.0000e+00
4.0000e-01 0.0000e+00 0.0000e+00 0.0000e+00 0.0000e+00 0.0000e+00 0.0000e+00 0.0000e+00 0.0000e+00 0.0000e+00 0.0000e+00 0.0000e+00 0.0000e+00 0.0000e+00 4.4444e-01 0.0000e+00 0.0000e+00 0.0000e+00 0.0000e+00 0.0000e+00 0.0000e+00 3.3333e-01 0.0000e+00 0.0000e+00 0.0000e+00 0.0000e+00 0.0000e+00 0.0000e+00 3.3333e-01 6.6667e-01 2.5000e-01 5.0000e-01 0.0000e+00 5.0000e-01 5.0000e-01 0.0000e+00 0.0000e+00 6.0920e-01 5.0000e-01 0.0000e+00 0.0000e+00 0.0000e+00 0.0000e+00 0.0000e+00 0.0000e+00 0.0000e+00 3.3333e-01 0.0000e+00 0.0000e+00 0.0000e+00
5.0000e-01 0.0000e+00 0.0000e+00 5.0000e-01 6.6667e-01 0.0000e+00 1.0000e+00 0.0000e+00 0.0000e+00 5.0000e-01 0.0000e+00 0.0000e+00 3.3333e-01 0.0000e+00 0.0000e+00 5.0000e-01 0.0000e+00 0.0000e+00 0.0000e+00 0.0000e+00 5.0000e-01 0.0000e+00 0.0000e+00 0.0000e+00 0.0000e+00 0.0000e+00 3.3333e-01 3.7500e-01 6.5934e-01 1.0000e+00 0.0000e+00 6.6667e-01 7.3992e-01 6.6667e-01 6.6667e-01 4.2857e-01 2.0000e-01 0.0000e+00 6.6667e-01 0.0000e+00 0.0000e+00 0.0000e+00 6.6667e-01 0.0000e+00 0.0000e+00 5.0000e-01 5.0000e-01 0.0000e+00 0.0000e+00 0.0000e+00
