1.1111e-01 1.1111e-01 2.8571e-01 2.1429e-01 1.6667e-01 7.3404e-01 8.9118e-01 1.1111e-01 2.0000e-01 1.0000e-01 6.4000e-01 3.6842e-01 2.3077e-01 3.3333e-01 4.2105e-01 5.8974e-01 3.0000e-01 2.0000e-01 0.0000e+00 0.0000e+00 2.8571e-01 3.1250e-01 1.6667e-01 2.3077e-01 1.8182e-01 1.1111e-01 2.0000e-01 0.0000e+00 3.7500e-01 5.3333e-01 2.0000e-01 3.3333e-01 2.3077e-01 2.5000e-01 5.1724e-01 5.8974e-01 1.1111e-01 5.4839e-01 9.0698e-01 6.7778e-01 2.0000e-01 1.8182e-01 5.5263e-01 2.8571e-01 4.8000e-01 4.1667e-01 5.7895e-01 5.3333e-01 3.3333e-01 1.1111e-01
4.5455e-01 1.1111e-01 0.0000e+00 4.6875e-01 4.2308e-01 6.6667e-01 2.8571e-01 3.5294e-01 2.0000e-01 1.0000e-01 2.0000e-01 4.6154e-01 1.6667e-01 1.1111e-01 0.0000e+00 6.3265e-01 6.4286e-01 3.3333e-01 0.0000e+00 3.3333e-01 7.7049e-01 2.3077e-01 2.3077e-01 2.3077e-01 1.8182e-01 0.0000e+00 4.2105e-01 2.0000e-01 2.1429e-01 8.0814e-01 0.0000e+00 9.1405e-01 1.8182e-01 0.0000e+00 1.0000e+00 2.0000e-01 4.0000e-01 2.0000e-01 1.0000e+00 1.0000e-01 0.0000e+00 1.1111e-01 7.1111e-01 2.3077e-01 7.4757e-01 1.1111e-01 0.0000e+00 3.8889e-01 2.5000e-01 1.1111e-01
2.5000e-01 1.1111e-01 0.0000e+00 1.6667e-01 0.0000e+00 5.7143e-01 2.8571e-01 2.3077e-01 0.0000e+00 1.0000e-01 3.3333e-01 0.0000e+00 0.0000e+00 1.1111e-01 0.0000e+00 1.1111e-01 9.0909e-02 1.1111e-01 1.1111e-01 0.0000e+00 2.5000e-01 2.3077e-01 1.0000e-01 1.1111e-01 0.0000e+00 1.1111e-01 0.0000e+00 0.0000e+00 2.1429e-01 6.4815e-01 1.1111e-01 0.0000e+00 1.8182e-01 2.0000e-01 1.0000e+00 2.5000e-01 0.0000e+00 5.7895e-01 1.0000e+00 3.1250e-01 0.0000e+00 0.0000e+00 5.0000e-01 4.0909e-01 0.0000e+00 1.1111e-01 2.8571e-01 2.0000e-01 1.1111e-01 0.0000e+00
1.8182e-01 0.0000e+00 1.1111e-01 0.0000e+00 0.0000e+00 2.5000e-01 5.0000e-01 1.1111e-01 1.1111e-01 0.0000e+00 1.1111e-01 3.5294e-01 0.0000e+00 2.3077e-01 0.0000e+00 4.2857e-01 0.0000e+00 0.0000e+00 0.0000e+00 0.0000e+00 0.0000e+00 0.0000e+00 3.5000e-01 0.0000e+00 0.0000e+00 2.0000e-01 0.0000e+00 0.0000e+00 0.0000e+00 4.2105e-01 0.0000e+00 2.0000e-01 0.0000e+00 0.0000e+00 1.0000e+00 0.0000e+00 0.0000e+00 0.0000e+00 1.0000e+00 3.9130e-01 0.0000e+00 0.0000e+00 4.6154e-01 0.0000e+00 0.0000e+00 3.1250e-01 0.0000e+00 3.3333e-01 0.0000e+00 0.0000e+00
1.1111e-01 0.0000e+00 2.5000e-01 1.0000e-01 3.3333e-01 1.1111e-01 1.0000e+00 3.5294e-01 2.5000e-01 1.0000e-01 3.8889e-01 3.1250e-01 0.0000e+00 1.8182e-01 3.8889e-01 1.1111e-01 0.0000e+00 2.0000e-01 1.1111e-01 0.0000e+00 2.0000e-01 1.1111e-01 2.6667e-01 1.8182e-01 0.0000e+00 2.5000e-01 2.5000e-01 2.0000e-01 7.8226e-01 4.2105e-01 0.0000e+00 2.8571e-01 2.6667e-01 0.0000e+00 1.0000e+00 0.0000e+00 0.0000e+00 1.1111e-01 1.0000e+00 1.0000e-01 2.0000e-01 0.0000e+00 4.5833e-01 0.0000e+00 2.5000e-01 4.1667e-01 2.5000e-01 2.8571e-01 0.0000e+00 3.3333e-01
3.3333e-01 0.0000e+00 2.5000e-01 1.0000e-01 2.9412e-01 2.0000e-01 1.0000e+00 0.0000e+00 2.0000e-01 2.1429e-01 0.0000e+00 1.8182e-01 1.0000e-01 0.0000e+00 3.5294e-01 5.3333e-01 0.0000e+00 2.0000e-01 0.0000e+00 3.3333e-01 0.0000e+00 2.3077e-01 0.0000e+00 1.1111e-01 1.8182e-01 1.1111e-01 0.0000e+00 2.5000e-01 0.0000e+00 2.0000e-01 0.0000e+00 0.0000e+00 1.8182e-01 0.0000e+00 1.0000e+00 5.0000e-01 1.8182e-01 0.0000e+00 1.0000e+00 8.2543e-01 1.1111e-01 1.1111e-01 4.3478e-01 0.0000e+00 2.0000e-01 0.0000e+00 4.2857e-01 3.8889e-01 2.0000e-01 0.0000e+00
5.1724e-01 0.0000e+00 2.5000e-01 1.0000e-01 0.0000e+00 2.0000e-01 1.0000e+00 0.0000e+00 0.0000e+00 0.0000e+00 4.5455e-01 0.0000e+00 1.0000e-01 1.1111e-01 0.0000e+00 0.0000e+00 0.0000e+00 0.0000e+00 0.0000e+00 1.1111e-01 1.1111e-01 0.0000e+00 2.3077e-01 1.1111e-01 0.0000e+00 2.0000e-01 0.0000e+00 0.0000e+00 0.0000e+00 2.8571e-01 0.0000e+00 0.0000e+00 0.0000e+00 1.1111e-01 1.0000e+00 1.1111e-01 0.0000e+00 1.1111e-01 1.0000e+00 0.0000e+00 0.0000e+00 0.0000e+00 0.0000e+00 0.0000e+00 0.0000e+00 3.3333e-01 4.2105e-01 0.0000e+00 0.0000e+00 1.1111e-01
1.1111e-01 0.0000e+00 0.0000e+00 0.0000e+00 0.0000e+00 1.1111e-01 1.0000e+00 1.1111e-01 0.0000e+00 0.0000e+00 2.5000e-01 1.8182e-01 1.6667e-01 0.0000e+00 0.0000e+00 3.5294e-01 2.3529e-01 1.1111e-01 1.1111e-01 0.0000e+00 2.0000e-01 1.8182e-01 1.0000e-01 0.0000e+00 0.0000e+00 1.1111e-01 0.0000e+00 0.0000e+00 0.0000e+00 2.5000e-01 0.0000e+00 2.0000e-01 0.0000e+00 0.0000e+00 1.0000e+00 0.0000e+00 0.0000e+00 0.0000e+00 1.0000e+00 0.0000e+00 0.0000e+00 1.1111e-01 1.1111e-01 0.0000e+00 0.0000e+00 0.0000e+00 0.0000e+00 2.5000e-01 0.0000e+00 2.0000e-01
0.0000e+00 1.1111e-01 1.1111e-01 2.1429e-01 3.5000e-01 1.1111e-01 1.0000e+00 1.1111e-01 2.0000e-01 0.0000e+00 2.0000e-01 0.0000e+00 0.0000e+00 0.0000e+00 2.5000e-01 4.5833e-01 2.0000e-01 1.1111e-01 1.1111e-01 0.0000e+00 1.1111e-01 3.8095e-01 1.0000e-01 1.1111e-01 2.5000e-01 3.8889e-01 0.0000e+00 1.1111e-01 2.5000e-01 1.1111e-01 0.0000e+00 1.1111e-01 1.0000e-01 0.0000e+00 1.0000e+00 3.3333e-01 0.0000e+00 3.3333e-01 1.0000e+00 0.0000e+00 0.0000e+00 3.1250e-01 0.0000e+00 1.8182e-01 5.0000e-01 0.0000e+00 1.1111e-01 1.1111e-01 0.0000e+00 1.1111e-01
1.1111e-01 0.0000e+00 1.1111e-01 3.1579e-01 4.8571e-01 4.5455e-01 1.0000e+00 1.1111e-01 0.0000e+00 2.5000e-01 2.5000e-01 1.1111e-01 1.0000e-01 1.1111e-01 0.0000e+00 2.0000e-01 9.0909e-02 0.0000e+00 2.5000e-01 0.0000e+00 2.5000e-01 4.0909e-01 2.3077e-01 1.1111e-01 1.1111e-01 3.8889e-01 2.5000e-01 2.5000e-01 3.1579e-01 0.0000e+00 1.1111e-01 0.0000e+00 0.0000e+00 2.5000e-01 1.0000e+00 3.8889e-01 0.0000e+00 3.8889e-01 1.0000e+00 2.3077e-01 2.0000e-01 1.8182e-01 1.1111e-01 0.0000e+00 2.0000e-01 1.1111e-01 0.0000e+00 2.0000e-01 1.1111e-01 2.5000e-01
8.9779e-01 1.1111e-01 3.5294e-01 8.0713e-01 2.3077e-01 2.5000e-01 1.0000e+00 0.0000e+00 1.1111e-01 3.7500e-01 2.0000e-01 2.5000e-01 1.6667e-01 2.8571e-01 9.1611e-01 6.4151e-01 3.9286e-01 6.6667e-01 5.7895e-01 2.0000e-01 6.8254e-01 7.5000e-01 5.6522e-01 8.7803e-01 5.0000e-01 2.8571e-01 6.0000e-01 1.1111e-01 0.0000e+00 4.5455e-01 7.4510e-01 7.2727e-01 4.0909e-01 4.2857e-01 1.0000e+00 7.2289e-01 0.0000e+00 5.0000e-01 1.0000e+00 7.7434e-01 0.0000e+00 8.0374e-01 6.6667e-01 5.5263e-01 5.7143e-01 5.5814e-01 2.5000e-01 6.8254e-01 3.8889e-01 3.8889e-01
3.8889e-01 1.1111e-01 1.1111e-01 0.0000e+00 2.3077e-01 5.7895e-01 1.0000e+00 1.1111e-01 0.0000e+00 1.6667e-01 2.8571e-01 3.5294e-01 0.0000e+00 0.0000e+00 3.8889e-01 6.2222e-01 3.0000e-01 1.1111e-01 0.0000e+00 1.1111e-01 3.3333e-01 1.8182e-01 0.0000e+00 1.8182e-01 1.8182e-01 2.0000e-01 4.2105e-01 0.0000e+00 4.1379e-01 2.0000e-01 2.5000e-01 1.1111e-01 0.0000e+00 1.1111e-01 1.0000e+00 1.1111e-01 0.0000e+00 5.8974e-01 1.0000e+00 1.0000e-01 0.0000e+00 1.1111e-01 0.0000e+00 2.3077e-01 0.0000e+00 2.3077e-01 2.0000e-01 0.0000e+00 2.5000e-01 0.0000e+00
7.7099e-01 6.9444e-01 6.8056e-01 3.5000e-01 6.1538e-01 7.4510e-01 1.0000e+00 6.4407e-01 1.1111e-01 7.8627e-01 6.0465e-01 6.6667e-01 6.1538e-01 7.3881e-01 5.8974e-01 2.5000e-01 6.9668e-01 3.8889e-01 7.3626e-01 6.8182e-01 5.8974e-01 5.1429e-01 4.8387e-01 7.4150e-01 8.0702e-01 8.2791e-01 3.3333e-01 4.8000e-01 6.1250e-01 5.4839e-01 7.9054e-01 8.5759e-01 7.5568e-01 5.0000e-01 1.0000e+00 4.8000e-01 7.8972e-01 7.7049e-01 1.0000e+00 6.9811e-01 7.3684e-01 8.1818e-01 3.6842e-01 7.5177e-01 2.5000e-01 6.6234e-01 6.4706e-01 1.1111e-01 4.5833e-01 6.0465e-01
0.0000e+00 1.1111e-01 2.5000e-01 2.1429e-01 3.9130e-01 3.3333e-01 1.0000e+00 1.1111e-01 1.1111e-01 3.4783e-01 0.0000e+00 4.2857e-01 1.0000e-01 0.0000e+00 1.1111e-01 4.5455e-01 0.0000e+00 2.8571e-01 1.1111e-01 0.0000e+00 1.1111e-01 5.8333e-01 1.6667e-01 0.0000e+00 0.0000e+00 0.0000e+00 0.0000e+00 2.0000e-01 2.1429e-01 4.5455e-01 0.0000e+00 2.0000e-01 3.6842e-01 2.8571e-01 1.0000e+00 1.1111e-01 2.8571e-01 6.8254e-01 1.0000e+00 6.1905e-01 0.0000e+00 0.0000e+00 6.0000e-01 1.1111e-01 5.0000e-01 4.0909e-01 0.0000e+00 1.1111e-01 1.1111e-01 1.1111e-01
2.8571e-01 2.0000e-01 0.0000e+00 4.0000e-01 3.8095e-01 3.3333e-01 1.0000e+00 2.3077e-01 2.0000e-01 0.0000e+00 5.1724e-01 0.0000e+00 4.1667e-01 5.2778e-01 1.1111e-01 2.8571e-01 0.0000e+00 0.0000e+00 2.0000e-01 2.5000e-01 2.5000e-01 2.6667e-01 2.3077e-01 2.3077e-01 0.0000e+00 2.0000e-01 1.1111e-01 3.3333e-01 1.0000e-01 2.0000e-01 2.5000e-01 2.8571e-01 3.8095e-01 1.1111e-01 1.0000e+00 1.1111e-01 2.3077e-01 5.3333e-01 1.0000e+00 2.6667e-01 2.0000e-01 1.1111e-01 2.5000e-01 5.5263e-01 6.6667e-01 1.1111e-01 4.8000e-01 3.3333e-01 5.7895e-01 0.0000e+00
0.0000e+00 0.0000e+00 1.1111e-01 0.0000e+00 1.6667e-01 2.0000e-01 1.0000e+00 0.0000e+00 1.1111e-01 0.0000e+00 2.8571e-01 1.8182e-01 1.0000e-01 0.0000e+00 5.4545e-01 0.0000e+00 0.0000e+00 0.0000e+00 0.0000e+00 2.5000e-01 5.0000e-01 3.1250e-01 1.6667e-01 2.3077e-01 1.8182e-01 0.0000e+00 1.1111e-01 2.0000e-01 0.0000e+00 2.0000e-01 0.0000e+00 2.5000e-01 1.0000e-01 7.3958e-01 1.0000e+00 2.5000e-01 0.0000e+00 7.6471e-01 1.0000e+00 1.8182e-01 1.1111e-01 1.1111e-01 6.0000e-01 1.1111e-01 7.2289e-01 0.0000e+00 0.0000e+00 6.5455e-01 2.0000e-01 1.1111e-01
0.0000e+00 0.0000e+00 0.0000e+00 2.1429e-01 0.0000e+00 1.1111e-01 1.0000e+00 0.0000e+00 0.0000e+00 0.0000e+00 5.1724e-01 0.0000e+00 2.6667e-01 3.3333e-01 3.3333e-01 0.0000e+00 9.0909e-02 0.0000e+00 0.0000e+00 2.0000e-01 3.3333e-01 0.0000e+00 1.6667e-01 1.1111e-01 1.8182e-01 0.0000e+00 0.0000e+00 4.2105e-01 1.0000e-01 2.0000e-01 0.0000e+00 1.1111e-01 1.0000e-01 2.0000e-01 1.0000e+00 0.0000e+00 0.0000e+00 0.0000e+00 1.0000e+00 0.0000e+00 0.0000e+00 0.0000e+00 0.0000e+00 1.8182e-01 0.0000e+00 1.8182e-01 2.0000e-01 1.1111e-01 0.0000e+00 1.1111e-01
3.3333e-01 8.2710e-01 1.8182e-01 6.7000e-01 6.5909e-01 5.3333e-01 1.0000e+00 8.4864e-01 2.0000e-01 0.0000e+00 7.1429e-01 4.6154e-01 1.0000e-01 7.8049e-01 2.0000e-01 7.9618e-01 5.1852e-01 2.0000e-01 1.1111e-01 0.0000e+00 0.0000e+00 1.1111e-01 0.0000e+00 0.0000e+00 6.2264e-01 5.3333e-01 0.0000e+00 5.4839e-01 2.1429e-01 3.8889e-01 0.0000e+00 4.8000e-01 2.3077e-01 2.5000e-01 1.0000e+00 7.2727e-01 7.3643e-01 0.0000e+00 1.0000e+00 0.0000e+00 1.1111e-01 0.0000e+00 7.7181e-01 0.0000e+00 9.8903e-01 3.1250e-01 0.0000e+00 5.7143e-01 4.8000e-01 4.2105e-01
2.5000e-01 2.5000e-01 1.1111e-01 1.0000e-01 4.6667e-01 0.0000e+00 1.0000e+00 0.0000e+00 2.0000e-01 0.0000e+00 4.2857e-01 0.0000e+00 0.0000e+00 1.1111e-01 2.0000e-01 3.5294e-01 1.5385e-01 0.0000e+00 0.0000e+00 0.0000e+00 0.0000e+00 1.1111e-01 0.0000e+00 1.8182e-01 1.8182e-01 0.0000e+00 0.0000e+00 0.0000e+00 1.6667e-01 2.0000e-01 0.0000e+00 0.0000e+00 0.0000e+00 0.0000e+00 1.0000e+00 0.0000e+00 0.0000e+00 0.0000e+00 1.0000e+00 0.0000e+00 0.0000e+00 0.0000e+00 2.8571e-01 0.0000e+00 1.0000e+00 0.0000e+00 0.0000e+00 2.0000e-01 0.0000e+00 0.0000e+00
3.8889e-01 0.0000e+00 0.0000e+00 2.1429e-01 1.6667e-01 0.0000e+00 1.0000e+00 0.0000e+00 0.0000e+00 0.0000e+00 3.8889e-01 2.5000e-01 0.0000e+00 0.0000e+00 2.0000e-01 2.5000e-01 0.0000e+00 0.0000e+00 0.0000e+00 0.0000e+00 1.1111e-01 3.1250e-01 0.0000e+00 1.1111e-01 1.1111e-01 0.0000e+00 0.0000e+00 2.0000e-01 0.0000e+00 1.1111e-01 0.0000e+00 2.0000e-01 0.0000e+00 1.1111e-01 1.0000e+00 0.0000e+00 1.1111e-01 2.8571e-01 1.0000e+00 2.6667e-01 0.0000e+00 0.0000e+00 1.8182e-01 2.3077e-01 1.0000e+00 1.1111e-01 0.0000e+00 0.0000e+00 0.0000e+00 1.1111e-01
0.0000e+00 0.0000e+00 0.0000e+00 2.6667e-01 1.0000e-01 6.6667e-01 1.0000e+00 0.0000e+00 0.0000e+00 0.0000e+00 4.8000e-01 0.0000e+00 0.0000e+00 1.8182e-01 0.0000e+00 8.4270e-01 1.5385e-01 1.1111e-01 2.0000e-01 2.8571e-01 1.1111e-01 0.0000e+00 0.0000e+00 1.1111e-01 1.8182e-01 2.0000e-01 0.0000e+00 0.0000e+00 0.0000e+00 2.0000e-01 2.5000e-01 2.0000e-01 1.0000e-01 0.0000e+00 1.0000e+00 2.0000e-01 0.0000e+00 1.1111e-01 1.0000e+00 1.8182e-01 2.5000e-01 0.0000e+00 4.0000e-01 4.3478e-01 1.0000e+00 4.4000e-01 2.8571e-01 2.0000e-01 2.8571e-01 7.6106e-01
3.8889e-01 0.0000e+00 0.0000e+00 5.0000e-01 6.0656e-01 2.5000e-01 1.0000e+00 2.3077e-01 2.5000e-01 1.0000e-01 2.0000e-01 0.0000e+00 0.0000e+00 2.8571e-01 2.5000e-01 5.7895e-01 1.5385e-01 2.0000e-01 1.1111e-01 2.5000e-01 1.1111e-01 2.6667e-01 2.3077e-01 2.6667e-01 1.1111e-01 1.1111e-01 4.5455e-01 0.0000e+00 1.0000e-01 2.8571e-01 0.0000e+00 0.0000e+00 0.0000e+00 1.0000e+00 1.0000e+00 2.0000e-01 0.0000e+00 5.7895e-01 1.0000e+00 0.0000e+00 2.5000e-01 1.1111e-01 4.3478e-01 1.8182e-01 1.0000e+00 1.8182e-01 0.0000e+00 2.8571e-01 2.0000e-01 0.0000e+00
3.5294e-01 1.1111e-01 1.8182e-01 5.5319e-01 6.5909e-01 3.8889e-01 1.0000e+00 2.3077e-01 4.5833e-01 0.0000e+00 2.5000e-01 1.1111e-01 1.0000e-01 1.8182e-01 2.0000e-01 4.5455e-01 5.2632e-01 0.0000e+00 2.5000e-01 1.1111e-01 0.0000e+00 2.6667e-01 5.2500e-01 6.0000e-01 2.8571e-01 4.2105e-01 2.0000e-01 4.2105e-01 5.1163e-01 7.3626e-01 2.5000e-01 7.0667e-01 3.3333e-01 1.0000e+00 1.0000e+00 4.2857e-01 1.8182e-01 6.9118e-01 1.0000e+00 3.3333e-01 0.0000e+00 0.0000e+00 4.0000e-01 1.8182e-01 1.0000e+00 0.0000e+00 1.1111e-01 3.3333e-01 2.0000e-01 1.1111e-01
1.1111e-01 0.0000e+00 0.0000e+00 0.0000e+00 0.0000e+00 5.7895e-01 1.0000e+00 1.1111e-01 4.2857e-01 0.0000e+00 4.5455e-01 0.0000e+00 0.0000e+00 2.3077e-01 7.2414e-01 1.1111e-01 3.7037e-01 0.0000e+00 0.0000e+00 3.8889e-01 2.0000e-01 6.8182e-01 6.7368e-01 0.0000e+00 2.5000e-01 6.0465e-01 4.2857e-01 3.3333e-01 0.0000e+00 1.1111e-01 5.1724e-01 0.0000e+00 2.3077e-01 1.0000e+00 1.0000e+00 7.8873e-01 2.3077e-01 0.0000e+00 1.0000e+00 1.0000e-01 0.0000e+00 0.0000e+00 1.1111e-01 0.0000e+00 1.0000e+00 1.1111e-01 6.6667e-01 3.5294e-01 5.0000e-01 4.2105e-01
3.5294e-01 0.0000e+00 1.1111e-01 1.6667e-01 4.4444e-01 1.1111e-01 1.0000e+00 1.1111e-01 1.1111e-01 1.0000e-01 0.0000e+00 3.1250e-01 0.0000e+00 1.1111e-01 3.5294e-01 2.8571e-01 9.0909e-02 0.0000e+00 0.0000e+00 0.0000e+00 2.0000e-01 1.8182e-01 1.0000e-01 1.1111e-01 1.8182e-01 2.8571e-01 3.5294e-01 4.2105e-01 2.1429e-01 0.0000e+00 0.0000e+00 2.0000e-01 2.6667e-01 1.0000e+00 1.0000e+00 2.5000e-01 0.0000e+00 9.8849e-01 1.0000e+00 1.0000e-01 0.0000e+00 4.0000e-01 5.2941e-01 2.3077e-01 1.0000e+00 0.0000e+00 2.5000e-01 2.0000e-01 0.0000e+00 1.1111e-01
7.3118e-01 1.1111e-01 0.0000e+00 6.6990e-01 8.1731e-01 7.5472e-01 1.0000e+00 2.8571e-01 1.1111e-01 6.0000e-01 1.1111e-01 6.6154e-01 1.6667e-01 0.0000e+00 4.2857e-01 5.3333e-01 3.1818e-01 4.0000e-01 2.0000e-01 2.0000e-01 3.3333e-01 0.0000e+00 2.3077e-01 6.9149e-01 2.8571e-01 2.5000e-01 4.2105e-01 1.1111e-01 0.0000e+00 2.8571e-01 0.0000e+00 3.3333e-01 2.6667e-01 1.0000e+00 1.0000e+00 6.2500e-01 0.0000e+00 1.0000e+00 1.0000e+00 7.3050e-01 1.1111e-01 0.0000e+00 7.7124e-01 4.4000e-01 1.0000e+00 6.1404e-01 0.0000e+00 6.8182e-01 2.5000e-01 0.0000e+00
3.3333e-01 0.0000e+00 0.0000e+00 0.0000e+00 1.6667e-01 1.1111e-01 1.0000e+00 1.8182e-01 0.0000e+00 0.0000e+00 1.1111e-01 1.1111e-01 0.0000e+00 0.0000e+00 3.3333e-01 3.3333e-01 0.0000e+00 0.0000e+00 0.0000e+00 1.1111e-01 1.1111e-01 0.0000e+00 0.0000e+00 1.1111e-01 0.0000e+00 3.3333e-01 0.0000e+00 0.0000e+00 2.1429e-01 4.5833e-01 0.0000e+00 0.0000e+00 0.0000e+00 1.0000e+00 1.0000e+00 4.2105e-01 0.0000e+00 1.0000e+00 1.0000e+00 0.0000e+00 0.0000e+00 1.1111e-01 4.0000e-01 1.1111e-01 1.0000e+00 2.3077e-01 0.0000e+00 0.0000e+00 2.0000e-01 0.0000e+00
1.8182e-01 1.1111e-01 1.1111e-01 0.0000e+00 2.6667e-01 0.0000e+00 1.0000e+00 2.3077e-01 0.0000e+00 1.0000e-01 2.5000e-01 0.0000e+00 0.0000e+00 0.0000e+00 0.0000e+00 0.0000e+00 0.0000e+00 0.0000e+00 0.0000e+00 2.0000e-01 0.0000e+00 1.1111e-01 0.0000e+00 0.0000e+00 1.1111e-01 2.8571e-01 0.0000e+00 1.1111e-01 0.0000e+00 0.0000e+00 2.0000e-01 2.5000e-01 1.0000e-01 1.0000e+00 1.0000e+00 0.0000e+00 0.0000e+00 1.0000e+00 1.0000e+00 0.0000e+00 2.0000e-01 1.1111e-01 1.8182e-01 0.0000e+00 1.0000e+00 3.3333e-01 2.0000e-01 2.0000e-01 2.8571e-01 0.0000e+00
4.8148e-01 2.0000e-01 5.5263e-01 7.0229e-01 5.4545e-01 6.3265e-01 1.0000e+00 2.8571e-01 1.1111e-01 6.0274e-01 3.8889e-01 5.3125e-01 0.0000e+00 4.0909e-01 7.4490e-01 0.0000e+00 4.0000e-01 2.5000e-01 3.3333e-01 3.8889e-01 2.0000e-01 2.3077e-01 3.8095e-01 4.0909e-01 4.6154e-01 4.5455e-01 4.2857e-01 3.8889e-01 4.3333e-01 4.5455e-01 1.1111e-01 3.3333e-01 2.6667e-01 1.0000e+00 1.0000e+00 2.8571e-01 1.8182e-01 1.0000e+00 1.0000e+00 6.1017e-01 2.8571e-01 4.2857e-01 2.8571e-01 4.0909e-01 1.0000e+00 3.8095e-01 4.2105e-01 2.0000e-01 2.0000e-01 2.5000e-01
1.1111e-01 1.1111e-01 0.0000e+00 2.1429e-01 1.6667e-01 3.3333e-01 1.0000e+00 0.0000e+00 0.0000e+00 2.5000e-01 5.9524e-01 2.5000e-01 1.6667e-01 0.0000e+00 2.0000e-01 4.5455e-01 2.0000e-01 0.0000e+00 0.0000e+00 0.0000e+00 2.5000e-01 0.0000e+00 1.6667e-01 1.8182e-01 1.1111e-01 2.5000e-01 5.5882e-01 2.0000e-01 2.7778e-01 5.4839e-01 0.0000e+00 0.0000e+00 1.8182e-01 1.0000e+00 1.0000e+00 2.5000e-01 1.8182e-01 1.0000e+00 1.0000e+00 2.3077e-01 1.1111e-01 0.0000e+00 5.1613e-01 1.1111e-01 1.0000e+00 1.8182e-01 3.3333e-01 5.4839e-01 0.0000e+00 0.0000e+00
0.0000e+00 0.0000e+00 0.0000e+00 2.1429e-01 2.9412e-01 0.0000e+00 1.0000e+00 0.0000e+00 1.1111e-01 6.3441e-01 9.2226e-01 2.8571e-01 1.6667e-01 2.3077e-01 8.3871e-01 8.1006e-01 2.0000e-01 0.0000e+00 2.0000e-01 2.0000e-01 6.8254e-01 0.0000e+00 1.0000e-01 0.0000e+00 7.1579e-01 3.3333e-01 1.1111e-01 1.1111e-01 1.0000e-01 5.0000e-01 2.5000e-01 3.3333e-01 3.1250e-01 1.0000e+00 1.0000e+00 6.4000e-01 1.1111e-01 1.0000e+00 1.0000e+00 0.0000e+00 0.0000e+00 1.1111e-01 7.7273e-01 3.6842e-01 1.0000e+00 0.0000e+00 7.3958e-01 8.4000e-01 2.5000e-01 2.0000e-01
2.5000e-01 2.5000e-01 3.5294e-01 3.6364e-01 3.3333e-01 3.5294e-01 1.0000e+00 1.8182e-01 4.0000e-01 2.1429e-01 2.8571e-01 6.0870e-01 2.3077e-01 3.8095e-01 7.6522e-01 7.6106e-01 1.5385e-01 2.8571e-01 2.8571e-01 3.5294e-01 2.0000e-01 2.3077e-01 2.3077e-01 2.3077e-01 1.8182e-01 5.1724e-01 2.0000e-01 1.1111e-01 0.0000e+00 8.6103e-01 2.5000e-01 2.0000e-01 0.0000e+00 1.0000e+00 1.0000e+00 5.4545e-01 1.1111e-01 1.0000e+00 1.0000e+00 2.3077e-01 1.1111e-01 2.8571e-01 6.5625e-01 3.5294e-01 1.0000e+00 3.6842e-01 3.5294e-01 6.7742e-01 2.0000e-01 2.5000e-01
4.2857e-01 0.0000e+00 1.1111e-01 5.5102e-01 1.6667e-01 5.1724e-01 1.0000e+00 3.1250e-01 0.0000e+00 2.5000e-01 0.0000e+00 2.5000e-01 0.0000e+00 1.1111e-01 4.2105e-01 7.3404e-01 0.0000e+00 2.0000e-01 0.0000e+00 0.0000e+00 0.0000e+00 1.1111e-01 0.0000e+00 3.3333e-01 1.1111e-01 3.8889e-01 1.1111e-01 2.0000e-01 1.6667e-01 6.3265e-01 2.5000e-01 0.0000e+00 1.8182e-01 1.0000e+00 1.0000e+00 1.1111e-01 1.1111e-01 1.0000e+00 1.0000e+00 2.3077e-01 2.0000e-01 3.6842e-01 3.5294e-01 0.0000e+00 1.0000e+00 4.0909e-01 4.5833e-01 2.8571e-01 0.0000e+00 0.0000e+00
5.3333e-01 5.1724e-01 7.0115e-01 6.8182e-01 6.3636e-01 6.7692e-01 1.0000e+00 8.7279e-01 6.5517e-01 6.7200e-01 6.1702e-01 6.0000e-01 7.3292e-01 5.5814e-01 7.1250e-01 8.4477e-01 3.9286e-01 7.1605e-01 5.4839e-01 5.7895e-01 4.2857e-01 5.2778e-01 5.1351e-01 6.8750e-01 3.6842e-01 7.0667e-01 2.0000e-01 2.8571e-01 6.8345e-01 4.8000e-01 6.1364e-01 5.0000e-01 6.9307e-01 1.0000e+00 1.0000e+00 6.6667e-01 6.2069e-01 1.0000e+00 1.0000e+00 7.6500e-01 7.0270e-01 4.5833e-01 6.4286e-01 6.5672e-01 1.0000e+00 7.8222e-01 6.4151e-01 6.2500e-01 5.1724e-01 6.8254e-01
0.0000e+00 0.0000e+00 0.0000e+00 1.6667e-01 0.0000e+00 2.0000e-01 1.0000e+00 0.0000e+00 1.1111e-01 1.0000e-01 2.0000e-01 2.5000e-01 0.0000e+00 0.0000e+00 0.0000e+00 2.0000e-01 0.0000e+00 0.0000e+00 0.0000e+00 0.0000e+00 2.0000e-01 1.1111e-01 0.0000e+00 1.1111e-01 0.0000e+00 1.1111e-01 0.0000e+00 2.0000e-01 1.0000e-01 0.0000e+00 3.5294e-01 0.0000e+00 1.0000e-01 1.0000e+00 1.0000e+00 1.1111e-01 0.0000e+00 1.0000e+00 1.0000e+00 0.0000e+00 0.0000e+00 0.0000e+00 3.5294e-01 3.1250e-01 1.0000e+00 1.1111e-01 1.1111e-01 2.5000e-01 0.0000e+00 0.0000e+00
8.0110e-01 7.4747e-01 8.2807e-01 8.0000e-01 8.7984e-01 1.0000e+00 1.0000e+00 8.2838e-01 7.9518e-01 7.9099e-01 8.4615e-01 9.2312e-01 7.4432e-01 6.9792e-01 9.7794e-01 8.1773e-01 8.1070e-01 7.4757e-01 1.0000e+00 8.8197e-01 1.0000e+00 7.5000e-01 8.8702e-01 8.2993e-01 7.9803e-01 9.8062e-01 8.0473e-01 8.0247e-01 8.4326e-01 9.9089e-01 8.2870e-01 9.8733e-01 7.3826e-01 1.0000e+00 1.0000e+00 8.2090e-01 9.1664e-01 1.0000e+00 1.0000e+00 7.0536e-01 8.3682e-01 9.3980e-01 5.0000e-01 7.9825e-01 1.0000e+00 8.3800e-01 7.3404e-01 8.2547e-01 8.0124e-01 1.0000e+00
2.5000e-01 0.0000e+00 0.0000e+00 2.6667e-01 0.0000e+00 1.0000e+00 1.0000e+00 0.0000e+00 0.0000e+00 3.1579e-01 0.0000e+00 0.0000e+00 1.6667e-01 0.0000e+00 1.0000e+00 2.5000e-01 9.0909e-02 2.5000e-01 1.0000e+00 0.0000e+00 1.0000e+00 1.8182e-01 0.0000e+00 3.8095e-01 0.0000e+00 1.0000e+00 2.5000e-01 1.1111e-01 0.0000e+00 1.0000e+00 0.0000e+00 1.0000e+00 3.6842e-01 1.0000e+00 1.0000e+00 1.1111e-01 0.0000e+00 1.0000e+00 1.0000e+00 3.3333e-01 0.0000e+00 3.1250e-01 2.8571e-01 0.0000e+00 1.0000e+00 1.1111e-01 2.0000e-01 1.1111e-01 0.0000e+00 1.0000e+00
2.5000e-01 0.0000e+00 1.8182e-01 4.2308e-01 3.9130e-01 1.0000e+00 1.0000e+00 2.8571e-01 0.0000e+00 2.1429e-01 4.5455e-01 4.5833e-01 0.0000e+00 1.1111e-01 1.0000e+00 6.2222e-01 0.0000e+00 2.5000e-01 1.0000e+00 1.1111e-01 1.0000e+00 5.1429e-01 2.3077e-01 6.4286e-01 3.1250e-01 1.0000e+00 1.1111e-01 1.1111e-01 5.2174e-01 1.0000e+00 2.0000e-01 1.0000e+00 1.8182e-01 1.0000e+00 1.0000e+00 3.3333e-01 4.3478e-01 1.0000e+00 1.0000e+00 6.6667e-01 0.0000e+00 1.8182e-01 7.6087e-01 2.8571e-01 1.0000e+00 2.3077e-01 3.8889e-01 5.1724e-01 0.0000e+00 1.0000e+00
6.6667e-01 8.7973e-01 8.1435e-01 5.0000e-01 1.6667e-01 1.0000e+00 1.0000e+00 4.0909e-01 7.0270e-01 7.7404e-01 1.1111e-01 7.7564e-01 8.5754e-01 8.6865e-01 1.0000e+00 9.0103e-01 3.0000e-01 8.3333e-01 1.0000e+00 8.9362e-01 1.0000e+00 2.6667e-01 3.3333e-01 8.5351e-01 8.8411e-01 1.0000e+00 7.5455e-01 6.6071e-01 6.0759e-01 1.0000e+00 2.0000e-01 1.0000e+00 2.3077e-01 1.0000e+00 1.0000e+00 9.8096e-01 3.1250e-01 1.0000e+00 1.0000e+00 1.8182e-01 6.9565e-01 7.5735e-01 8.4164e-01 3.6842e-01 1.0000e+00 1.1111e-01 7.8912e-01 7.8030e-01 1.1111e-01 1.0000e+00
7.3737e-01 7.0667e-01 9.3964e-01 8.4344e-01 6.7925e-01 1.0000e+00 1.0000e+00 7.3148e-01 7.8808e-01 7.1579e-01 6.6071e-01 6.8000e-01 7.5510e-01 8.1000e-01 1.0000e+00 8.4387e-01 7.6728e-01 8.7528e-01 1.0000e+00 7.0270e-01 1.0000e+00 7.8814e-01 5.9259e-01 8.1742e-01 7.6389e-01 1.0000e+00 8.3544e-01 7.8261e-01 7.9287e-01 1.0000e+00 9.7845e-01 1.0000e+00 7.6733e-01 1.0000e+00 1.0000e+00 1.0000e+00 7.9310e-01 1.0000e+00 1.0000e+00 7.6585e-01 5.7143e-01 7.9381e-01 6.9231e-01 8.1754e-01 1.0000e+00 8.8793e-01 7.8261e-01 7.4747e-01 8.6136e-01 1.0000e+00
6.7692e-01 1.1111e-01 1.8182e-01 0.0000e+00 2.6667e-01 1.0000e+00 1.0000e+00 1.1111e-01 2.0000e-01 1.0000e-01 2.8571e-01 0.0000e+00 0.0000e+00 2.8571e-01 1.0000e+00 0.0000e+00 0.0000e+00 0.0000e+00 1.0000e+00 2.0000e-01 1.0000e+00 3.3333e-01 0.0000e+00 1.8182e-01 4.5833e-01 1.0000e+00 2.0000e-01 2.0000e-01 2.5000e-01 1.0000e+00 1.0000e+00 1.0000e+00 0.0000e+00 1.0000e+00 1.0000e+00 1.0000e+00 0.0000e+00 1.0000e+00 1.0000e+00 0.0000e+00 0.0000e+00 1.1111e-01 2.8571e-01 1.8182e-01 1.0000e+00 6.1404e-01 1.1111e-01 5.4839e-01 1.1111e-01 1.0000e+00
9.5298e-01 9.9145e-01 8.8687e-01 8.7652e-01 8.6737e-01 1.0000e+00 1.0000e+00 9.3443e-01 9.5977e-01 8.2239e-01 9.5575e-01 9.3512e-01 8.9494e-01 9.1824e-01 1.0000e+00 9.5225e-01 8.2438e-01 9.5894e-01 1.0000e+00 1.0000e+00 1.0000e+00 9.1531e-01 8.8804e-01 9.0024e-01 9.3529e-01 1.0000e+00 1.0000e+00 9.8126e-01 8.3645e-01 1.0000e+00 1.0000e+00 1.0000e+00 9.0987e-01 1.0000e+00 1.0000e+00 1.0000e+00 9.0305e-01 1.0000e+00 1.0000e+00 9.0175e-01 9.6887e-01 8.5938e-01 9.3847e-01 9.3112e-01 1.0000e+00 9.0481e-01 1.0000e+00 1.0000e+00 1.0000e+00 1.0000e+00
0.0000e+00 1.0000e+00 0.0000e+00 0.0000e+00 2.3077e-01 1.0000e+00 1.0000e+00 0.0000e+00 0.0000e+00 2.7778e-01 0.0000e+00 1.8182e-01 0.0000e+00 0.0000e+00 1.0000e+00 2.8571e-01 0.0000e+00 0.0000e+00 1.0000e+00 1.0000e+00 1.0000e+00 0.0000e+00 0.0000e+00 1.8182e-01 0.0000e+00 1.0000e+00 1.0000e+00 1.0000e+00 2.7778e-01 1.0000e+00 1.0000e+00 1.0000e+00 0.0000e+00 1.0000e+00 1.0000e+00 1.0000e+00 1.8182e-01 1.0000e+00 1.0000e+00 0.0000e+00 1.0000e+00 0.0000e+00 1.1111e-01 0.0000e+00 1.0000e+00 1.8182e-01 1.0000e+00 1.0000e+00 1.0000e+00 1.0000e+00
0.0000e+00 1.0000e+00 1.1111e-01 1.0000e-01 1.6667e-01 1.0000e+00 1.0000e+00 2.3077e-01 0.0000e+00 1.6667e-01 2.0000e-01 0.0000e+00 0.0000e+00 1.8182e-01 1.0000e+00 3.3333e-01 0.0000e+00 4.0000e-01 1.0000e+00 1.0000e+00 1.0000e+00 1.8182e-01 2.3077e-01 0.0000e+00 1.8182e-01 1.0000e+00 1.0000e+00 1.0000e+00 0.0000e+00 1.0000e+00 1.0000e+00 1.0000e+00 0.0000e+00 1.0000e+00 1.0000e+00 1.0000e+00 0.0000e+00 1.0000e+00 1.0000e+00 7.2464e-01 1.0000e+00 0.0000e+00 0.0000e+00 0.0000e+00 1.0000e+00 2.3077e-01 1.0000e+00 1.0000e+00 1.0000e+00 1.0000e+00
2.5000e-01 1.0000e+00 1.1111e-01 3.6364e-01 1.6667e-01 1.0000e+00 1.0000e+00 0.0000e+00 1.1111e-01 4.3333e-01 3.3333e-01 5.5263e-01 1.0000e-01 3.1250e-01 1.0000e+00 5.8974e-01 1.5385e-01 2.0000e-01 1.0000e+00 1.0000e+00 1.0000e+00 3.8095e-01 2.6667e-01 1.1111e-01 2.5000e-01 1.0000e+00 1.0000e+00 1.0000e+00 4.0741e-01 1.0000e+00 1.0000e+00 1.0000e+00 3.3333e-01 1.0000e+00 1.0000e+00 1.0000e+00 0.0000e+00 1.0000e+00 1.0000e+00 3.8095e-01 1.0000e+00 1.8182e-01 5.0000e-01 1.1111e-01 1.0000e+00 3.1250e-01 1.0000e+00 1.0000e+00 1.0000e+00 1.0000e+00
0.0000e+00 1.0000e+00 1.1111e-01 3.6364e-01 1.6667e-01 1.0000e+00 1.0000e+00 1.1111e-01 0.0000e+00 2.1429e-01 5.1724e-01 1.8182e-01 0.0000e+00 3.8095e-01 1.0000e+00 2.8571e-01 0.0000e+00 3.3333e-01 1.0000e+00 1.0000e+00 1.0000e+00 1.1111e-01 1.6667e-01 3.1250e-01 1.1111e-01 1.0000e+00 1.0000e+00 1.0000e+00 0.0000e+00 1.0000e+00 1.0000e+00 1.0000e+00 3.8095e-01 1.0000e+00 1.0000e+00 1.0000e+00 1.8182e-01 1.0000e+00 1.0000e+00 3.3333e-01 1.0000e+00 3.1250e-01 1.8182e-01 5.6098e-01 1.0000e+00 0.0000e+00 1.0000e+00 1.0000e+00 1.0000e+00 1.0000e+00
0.0000e+00 1.0000e+00 0.0000e+00 0.0000e+00 2.3077e-01 1.0000e+00 1.0000e+00 3.1250e-01 2.5000e-01 0.0000e+00 1.1111e-01 1.8182e-01 1.6667e-01 0.0000e+00 1.0000e+00 1.1111e-01 0.0000e+00 0.0000e+00 1.0000e+00 1.0000e+00 1.0000e+00 2.3077e-01 0.0000e+00 0.0000e+00 0.0000e+00 1.0000e+00 1.0000e+00 1.0000e+00 1.0000e-01 1.0000e+00 1.0000e+00 1.0000e+00 0.0000e+00 1.0000e+00 1.0000e+00 1.0000e+00 0.0000e+00 1.0000e+00 1.0000e+00 0.0000e+00 1.0000e+00 1.1111e-01 3.5294e-01 2.8571e-01 1.0000e+00 0.0000e+00 1.0000e+00 1.0000e+00 1.0000e+00 1.0000e+00
6.2500e-01 1.0000e+00 2.5000e-01 7.1895e-01 4.4444e-01 1.0000e+00 1.0000e+00 3.5294e-01 3.3333e-01 3.8462e-01 5.0000e-01 2.8571e-01 0.0000e+00 2.8571e-01 1.0000e+00 6.2222e-01 4.2424e-01 1.1111e-01 1.0000e+00 1.0000e+00 1.0000e+00 5.2778e-01 1.6667e-01 3.1250e-01 3.5294e-01 1.0000e+00 1.0000e+00 1.0000e+00 2.1429e-01 1.0000e+00 1.0000e+00 1.0000e+00 1.8182e-01 1.0000e+00 1.0000e+00 1.0000e+00 0.0000e+00 1.0000e+00 1.0000e+00 3.5000e-01 1.0000e+00 1.1111e-01 6.5000e-01 5.1613e-01 1.0000e+00 1.8182e-01 1.0000e+00 1.0000e+00 1.0000e+00 1.0000e+00
3.3333e-01 1.0000e+00 0.0000e+00 3.5000e-01 2.6667e-01 1.0000e+00 1.0000e+00 1.1111e-01 2.0000e-01 1.0000e-01 1.1111e-01 2.5000e-01 1.0000e-01 0.0000e+00 1.0000e+00 3.3333e-01 0.0000e+00 0.0000e+00 1.0000e+00 1.0000e+00 1.0000e+00 1.1111e-01 0.0000e+00 4.4000e-01 2.8571e-01 1.0000e+00 1.0000e+00 1.0000e+00 4.5714e-01 1.0000e+00 1.0000e+00 1.0000e+00 0.0000e+00 1.0000e+00 1.0000e+00 1.0000e+00 1.1111e-01 1.0000e+00 1.0000e+00 0.0000e+00 1.0000e+00 1.8182e-01 4.3478e-01 1.1111e-01 1.0000e+00 3.6842e-01 1.0000e+00 1.0000e+00 1.0000e+00 1.0000e+00
3.5294e-01 1.0000e+00 0.0000e+00 3.5000e-01 5.6863e-01 1.0000e+00 1.0000e+00 1.1111e-01 2.8571e-01 8.4677e-01 1.1111e-01 3.1250e-01 2.9412e-01 0.0000e+00 1.0000e+00 3.5294e-01 2.0000e-01 2.0000e-01 1.0000e+00 1.0000e+00 1.0000e+00 1.8182e-01 1.6667e-01 1.1111e-01 0.0000e+00 1.0000e+00 1.0000e+00 1.0000e+00 6.6935e-01 1.0000e+00 1.0000e+00 1.0000e+00 7.6961e-01 1.0000e+00 1.0000e+00 1.0000e+00 1.1111e-01 1.0000e+00 1.0000e+00 2.6667e-01 1.0000e+00 4.3478e-01 7.2549e-01 5.1613e-01 1.0000e+00 3.1250e-01 1.0000e+00 1.0000e+00 1.0000e+00 1.0000e+00
