5.0000e-01 0.0000e+00 7.1891e-01 0.0000e+00 0.0000e+00 0.0000e+00 6.1176e-01 7.1001e-01 0.0000e+00 0.0000e+00 0.0000e+00 0.0000e+00 0.0000e+00 0.0000e+00 0.0000e+00 0.0000e+00 0.0000e+00 0.0000e+00 0.0000e+00 0.0000e+00 0.0000e+00 0.0000e+00 3.6218e-01 0.0000e+00 5.0000e-01 3.3333e-01 5.8148e-01 3.3333e-01 0.0000e+00 0.0000e+00 6.5960e-01 7.6544e-01 0.0000e+00 0.0000e+00 0.0000e+00 5.0000e-01 5.0000e-01 0.0000e+00 1.0000e+00 0.0000e+00 5.4310e-01 0.0000e+00 0.0000e+00 0.0000e+00 1.0000e+00 0.0000e+00 7.2727e-01 5.0000e-01 0.0000e+00 6.1572e-01
3.3333e-01 3.3333e-01 0.0000e+00 0.0000e+00 0.0000e+00 0.0000e+00 3.3333e-01 0.0000e+00 3.3333e-01 0.0000e+00 0.0000e+00 0.0000e+00 0.0000e+00 0.0000e+00 0.0000e+00 3.3333e-01 0.0000e+00 0.0000e+00 0.0000e+00 0.0000e+00 0.0000e+00 0.0000e+00 0.0000e+00 0.0000e+00 0.0000e+00 0.0000e+00 0.0000e+00 0.0000e+00 0.0000e+00 0.0000e+00 2.5000e-01 0.0000e+00 0.0000e+00 0.0000e+00 0.0000e+00 0.0000e+00 2.5000e-01 0.0000e+00 0.0000e+00 0.0000e+00 0.0000e+00 2.0000e-01 0.0000e+00 0.0000e+00 1.0000e+00 6.9037e-01 0.0000e+00 0.0000e+00 4.0763e-01 0.0000e+00
0.0000e+00 0.0000e+00 0.0000e+00 0.0000e+00 0.0000e+00 0.0000e+00 5.0000e-01 5.0000e-01 6.4865e-01 6.3767e-01 6.8932e-01 0.0000e+00 3.3333e-01 0.0000e+00 0.0000e+00 5.4545e-01 0.0000e+00 0.0000e+00 4.7538e-01 5.0000e-01 5.0000e-01 0.0000e+00 0.0000e+00 5.0000e-01 6.5658e-01 4.0000e-01 0.0000e+00 0.0000e+00 5.0000e-01 5.0000e-01 0.0000e+00 0.0000e+00 5.9067e-01 0.0000e+00 6.4781e-01 0.0000e+00 5.7143e-01 1.0000e+00 0.0000e+00 3.6364e-01 6.5969e-01 3.3333e-01 0.0000e+00 0.0000e+00 0.0000e+00 1.0000e+00 0.0000e+00 0.0000e+00 0.0000e+00 5.0000e-01
1.0000e+00 0.0000e+00 0.0000e+00 7.6914e-01 0.0000e+00 7.5000e-01 1.0000e+00 8.0952e-01 0.0000e+00 5.0000e-01 5.0000e-01 9.0588e-01 7.7133e-01 5.0000e-01 0.0000e+00 6.6667e-01 0.0000e+00 6.2500e-01 0.0000e+00 0.0000e+00 1.0000e+00 7.5000e-01 5.0000e-01 9.8180e-01 0.0000e+00 6.4821e-01 5.5556e-01 0.0000e+00 6.6667e-01 1.0000e+00 0.0000e+00 7.5000e-01 5.0000e-01 0.0000e+00 6.6667e-01 0.0000e+00 8.6301e-01 1.0000e+00 1.0000e+00 0.0000e+00 6.6667e-01 7.2389e-01 0.0000e+00 5.0000e-01 1.0000e+00 1.0000e+00 1.0000e+00 1.0000e+00 8.9796e-01 0.0000e+00
0.0000e+00 0.0000e+00 0.0000e+00 0.0000e+00 0.0000e+00 0.0000e+00 3.3333e-01 0.0000e+00 0.0000e+00 0.0000e+00 0.0000e+00 0.0000e+00 0.0000e+00 0.0000e+00 0.0000e+00 0.0000e+00 0.0000e+00 0.0000e+00 0.0000e+00 0.0000e+00 4.8316e-01 0.0000e+00 2.0000e-01 0.0000e+00 0.0000e+00 0.0000e+00 0.0000e+00 0.0000e+00 0.0000e+00 0.0000e+00 2.5000e-01 3.6000e-01 0.0000e+00 0.0000e+00 0.0000e+00 0.0000e+00 0.0000e+00 0.0000e+00 9.2122e-01 0.0000e+00 0.0000e+00 0.0000e+00 5.0000e-01 0.0000e+00 5.0000e-01 5.0000e-01 0.0000e+00 7.0458e-01 0.0000e+00 0.0000e+00
0.0000e+00 0.0000e+00 0.0000e+00 0.0000e+00 0.0000e+00 5.1320e-01 0.0000e+00 0.0000e+00 0.0000e+00 0.0000e+00 3.7500e-01 2.5000e-01 0.0000e+00 2.1081e-01 0.0000e+00 0.0000e+00 0.0000e+00 0.0000e+00 0.0000e+00 0.0000e+00 0.0000e+00 0.0000e+00 0.0000e+00 0.0000e+00 3.3333e-01 0.0000e+00 0.0000e+00 0.0000e+00 3.3333e-01 5.7143e-01 0.0000e+00 3.7500e-01 0.0000e+00 0.0000e+00 0.0000e+00 0.0000e+00 0.0000e+00 1.0000e+00 1.0000e+00 0.0000e+00 0.0000e+00 0.0000e+00 1.0000e+00 0.0000e+00 1.0000e+00 0.0000e+00 0.0000e+00 0.0000e+00 0.0000e+00 0.0000e+00
0.0000e+00 0.0000e+00 0.0000e+00 0.0000e+00 0.0000e+00 0.0000e+00 0.0000e+00 0.0000e+00 0.0000e+00 0.0000e+00 0.0000e+00 0.0000e+00 0.0000e+00 0.0000e+00 0.0000e+00 0.0000e+00 0.0000e+00 0.0000e+00 0.0000e+00 0.0000e+00 0.0000e+00 0.0000e+00 0.0000e+00 0.0000e+00 0.0000e+00 0.0000e+00 0.0000e+00 0.0000e+00 0.0000e+00 6.0406e-01 0.0000e+00 0.0000e+00 0.0000e+00 0.0000e+00 0.0000e+00 0.0000e+00 0.0000e+00 0.0000e+00 5.0000e-01 0.0000e+00 0.0000e+00 0.0000e+00 5.0000e-01 0.0000e+00 0.0000e+00 5.0000e-01 3.3333e-01 0.0000e+00 0.0000e+00 0.0000e+00
5.0000e-01 5.7100e-01 0.0000e+00 0.0000e+00 4.5082e-01 0.0000e+00 0.0000e+00 0.0000e+00 6.3609e-01 5.5172e-01 0.0000e+00 5.0000e-01 4.0000e-01 0.0000e+00 0.0000e+00 5.0000e-01 0.0000e+00 7.2483e-01 0.0000e+00 4.5455e-01 0.0000e+00 0.0000e+00 0.0000e+00 0.0000e+00 5.0000e-01 0.0000e+00 0.0000e+00 5.8361e-01 6.9136e-01 0.0000e+00 5.2381e-01 0.0000e+00 0.0000e+00 3.2046e-01 5.6250e-01 0.0000e+00 0.0000e+00 1.0000e+00 1.0000e+00 0.0000e+00 5.0000e-01 0.0000e+00 1.0000e+00 0.0000e+00 1.0000e+00 1.0000e+00 0.0000e+00 1.0000e+00 0.0000e+00 0.0000e+00
0.0000e+00 0.0000e+00 0.0000e+00 0.0000e+00 0.0000e+00 0.0000e+00 3.3333e-01 0.0000e+00 0.0000e+00 0.0000e+00 0.0000e+00 0.0000e+00 0.0000e+00 0.0000e+00 0.0000e+00 4.9145e-01 2.5000e-01 0.0000e+00 0.0000e+00 0.0000e+00 0.0000e+00 4.0197e-01 0.0000e+00 0.0000e+00 0.0000e+00 0.0000e+00 0.0000e+00 0.0000e+00 0.0000e+00 0.0000e+00 0.0000e+00 3.5714e-01 0.0000e+00 0.0000e+00 0.0000e+00 0.0000e+00 0.0000e+00 5.0000e-01 5.0000e-01 0.0000e+00 0.0000e+00 0.0000e+00 8.6207e-01 0.0000e+00 0.0000e+00 0.0000e+00 7.1748e-01 0.0000e+00 0.0000e+00 0.0000e+00
0.0000e+00 6.6667e-01 0.0000e+00 0.0000e+00 3.3333e-01 8.0000e-01 0.0000e+00 8.3499e-01 5.0000e-01 6.0000e-01 0.0000e+00 7.2727e-01 5.8333e-01 6.8606e-01 6.9867e-01 0.0000e+00 7.1469e-01 5.0000e-01 0.0000e+00 8.0401e-01 0.0000e+00 0.0000e+00 0.0000e+00 0.0000e+00 6.6667e-01 4.0000e-01 5.0000e-01 0.0000e+00 6.6667e-01 0.0000e+00 0.0000e+00 8.7500e-01 5.0000e-01 0.0000e+00 5.0000e-01 9.1829e-01 8.9290e-01 0.0000e+00 0.0000e+00 6.3747e-01 5.0000e-01 0.0000e+00 5.0000e-01 7.6806e-01 1.0000e+00 1.0000e+00 0.0000e+00 1.0000e+00 0.0000e+00 6.6667e-01
