2.0000e+00 0.0000e+00 4.3710e+03 0.0000e+00 0.0000e+00 0.0000e+00 3.6400e+02 3.1780e+03 0.0000e+00 0.0000e+00 0.0000e+00 0.0000e+00 0.0000e+00 0.0000e+00 0.0000e+00 0.0000e+00 0.0000e+00 0.0000e+00 0.0000e+00 0.0000e+00 0.0000e+00 0.0000e+00 2.1760e+03 0.0000e+00 2.0000e+00 1.0000e+00 3.4470e+03 2.0000e+00 0.0000e+00 0.0000e+00 3.9180e+03 4.5360e+03 0.0000e+00 0.0000e+00 0.0000e+00 1.0000e+00 1.0000e+00 0.0000e+00 0.0000e+00 0.0000e+00 6.3000e+01 0.0000e+00 0.0000e+00 0.0000e+00 2.0000e+00 0.0000e+00 8.0000e+00 1.0000e+00 0.0000e+00 3.6340e+03
1.0000e+00 1.0000e+00 0.0000e+00 0.0000e+00 0.0000e+00 0.0000e+00 4.0000e+00 0.0000e+00 2.0000e+00 0.0000e+00 0.0000e+00 0.0000e+00 0.0000e+00 0.0000e+00 0.0000e+00 6.0000e+00 0.0000e+00 0.0000e+00 0.0000e+00 0.0000e+00 0.0000e+00 0.0000e+00 0.0000e+00 0.0000e+00 0.0000e+00 0.0000e+00 0.0000e+00 0.0000e+00 0.0000e+00 0.0000e+00 1.0000e+00 0.0000e+00 0.0000e+00 0.0000e+00 0.0000e+00 0.0000e+00 1.0000e+00 0.0000e+00 0.0000e+00 0.0000e+00 0.0000e+00 1.0000e+00 0.0000e+00 0.0000e+00 5.9100e+03 4.1360e+03 0.0000e+00 0.0000e+00 2.4360e+03 0.0000e+00
0.0000e+00 0.0000e+00 0.0000e+00 0.0000e+00 0.0000e+00 0.0000e+00 1.0000e+00 4.0000e+00 4.8000e+01 3.8560e+03 4.0870e+03 0.0000e+00 1.0000e+00 0.0000e+00 0.0000e+00 6.0000e+00 0.0000e+00 0.0000e+00 2.8870e+03 8.0000e+00 1.0000e+00 0.0000e+00 0.0000e+00 1.0000e+00 3.9710e+03 6.0000e+00 0.0000e+00 0.0000e+00 1.0000e+00 1.0000e+00 0.0000e+00 0.0000e+00 3.5080e+03 0.0000e+00 3.8810e+03 0.0000e+00 1.2000e+01 0.0000e+00 0.0000e+00 4.0000e+00 3.9410e+03 1.0000e+00 0.0000e+00 0.0000e+00 0.0000e+00 0.0000e+00 0.0000e+00 0.0000e+00 0.0000e+00 1.0000e+00
6.0700e+03 0.0000e+00 0.0000e+00 4.6510e+03 0.0000e+00 3.0000e+00 5.2620e+03 1.7000e+01 0.0000e+00 1.0000e+00 1.0000e+00 5.4570e+03 4.6650e+03 1.0000e+00 0.0000e+00 2.0000e+00 0.0000e+00 5.0000e+00 0.0000e+00 0.0000e+00 8.0000e+00 3.0000e+00 1.0000e+00 5.9340e+03 0.0000e+00 3.8640e+03 5.0000e+00 0.0000e+00 2.0000e+00 2.0000e+00 0.0000e+00 3.0000e+00 1.0000e+00 0.0000e+00 2.0000e+00 0.0000e+00 1.8900e+02 0.0000e+00 1.0000e+00 0.0000e+00 2.0000e+00 4.3050e+03 0.0000e+00 2.0000e+00 0.0000e+00 3.0000e+00 6.0000e+00 0.0000e+00 4.4000e+01 0.0000e+00
0.0000e+00 0.0000e+00 0.0000e+00 0.0000e+00 0.0000e+00 0.0000e+00 2.0000e+00 0.0000e+00 0.0000e+00 0.0000e+00 0.0000e+00 0.0000e+00 0.0000e+00 0.0000e+00 0.0000e+00 0.0000e+00 0.0000e+00 0.0000e+00 0.0000e+00 0.0000e+00 2.9260e+03 0.0000e+00 1.0000e+00 0.0000e+00 0.0000e+00 0.0000e+00 0.0000e+00 0.0000e+00 0.0000e+00 0.0000e+00 1.0000e+00 9.0000e+00 0.0000e+00 0.0000e+00 0.0000e+00 0.0000e+00 0.0000e+00 0.0000e+00 3.9760e+03 0.0000e+00 0.0000e+00 0.0000e+00 1.0000e+00 0.0000e+00 1.0000e+00 1.0000e+00 0.0000e+00 4.2120e+03 0.0000e+00 0.0000e+00
0.0000e+00 0.0000e+00 0.0000e+00 0.0000e+00 0.0000e+00 3.0720e+03 0.0000e+00 0.0000e+00 0.0000e+00 0.0000e+00 3.0000e+00 1.0000e+00 0.0000e+00 3.9000e+01 0.0000e+00 0.0000e+00 0.0000e+00 0.0000e+00 0.0000e+00 0.0000e+00 0.0000e+00 0.0000e+00 0.0000e+00 0.0000e+00 2.0000e+00 0.0000e+00 0.0000e+00 0.0000e+00 1.0000e+00 4.0000e+00 0.0000e+00 3.0000e+00 0.0000e+00 0.0000e+00 0.0000e+00 0.0000e+00 0.0000e+00 5.9490e+03 1.6200e+03 0.0000e+00 0.0000e+00 0.0000e+00 5.9360e+03 0.0000e+00 0.0000e+00 0.0000e+00 0.0000e+00 0.0000e+00 0.0000e+00 0.0000e+00
0.0000e+00 0.0000e+00 0.0000e+00 0.0000e+00 0.0000e+00 0.0000e+00 0.0000e+00 0.0000e+00 0.0000e+00 0.0000e+00 0.0000e+00 0.0000e+00 0.0000e+00 0.0000e+00 0.0000e+00 0.0000e+00 0.0000e+00 0.0000e+00 0.0000e+00 0.0000e+00 0.0000e+00 0.0000e+00 0.0000e+00 0.0000e+00 0.0000e+00 0.0000e+00 0.0000e+00 0.0000e+00 0.0000e+00 3.6630e+03 0.0000e+00 0.0000e+00 0.0000e+00 0.0000e+00 0.0000e+00 0.0000e+00 0.0000e+00 0.0000e+00 1.0000e+00 0.0000e+00 0.0000e+00 0.0000e+00 1.0000e+00 0.0000e+00 0.0000e+00 1.0000e+00 1.0000e+00 0.0000e+00 0.0000e+00 0.0000e+00
2.0000e+00 3.4620e+03 0.0000e+00 0.0000e+00 2.6400e+03 0.0000e+00 0.0000e+00 0.0000e+00 3.7790e+03 1.6000e+01 0.0000e+00 1.0000e+00 2.0000e+00 0.0000e+00 0.0000e+00 1.0000e+00 0.0000e+00 4.3200e+03 0.0000e+00 5.0000e+00 0.0000e+00 0.0000e+00 0.0000e+00 0.0000e+00 3.0000e+00 0.0000e+00 0.0000e+00 3.4830e+03 4.2090e+03 0.0000e+00 1.1000e+01 0.0000e+00 0.0000e+00 1.9250e+03 9.0000e+00 0.0000e+00 0.0000e+00 0.0000e+00 1.0000e+00 0.0000e+00 1.0000e+00 0.0000e+00 1.0000e+00 0.0000e+00 1.0000e+00 1.0000e+00 0.0000e+00 2.0000e+00 0.0000e+00 0.0000e+00
0.0000e+00 0.0000e+00 0.0000e+00 0.0000e+00 0.0000e+00 0.0000e+00 1.0000e+00 0.0000e+00 0.0000e+00 0.0000e+00 0.0000e+00 0.0000e+00 0.0000e+00 0.0000e+00 0.0000e+00 2.9040e+03 1.0000e+00 0.0000e+00 0.0000e+00 0.0000e+00 0.0000e+00 2.4030e+03 0.0000e+00 0.0000e+00 0.0000e+00 0.0000e+00 0.0000e+00 0.0000e+00 0.0000e+00 0.0000e+00 0.0000e+00 5.0000e+00 0.0000e+00 0.0000e+00 0.0000e+00 0.0000e+00 0.0000e+00 1.0000e+00 1.0000e+00 0.0000e+00 0.0000e+00 0.0000e+00 5.0000e+01 0.0000e+00 0.0000e+00 0.0000e+00 4.2690e+03 0.0000e+00 0.0000e+00 0.0000e+00
0.0000e+00 2.0000e+00 0.0000e+00 0.0000e+00 1.0000e+00 8.0000e+00 0.0000e+00 1.1790e+03 1.0000e+00 3.0000e+00 0.0000e+00 8.0000e+00 1.4000e+01 3.8440e+03 4.1920e+03 0.0000e+00 4.2660e+03 1.0000e+00 0.0000e+00 4.8120e+03 0.0000e+00 0.0000e+00 0.0000e+00 0.0000e+00 2.0000e+00 2.0000e+00 3.0000e+00 0.0000e+00 2.0000e+00 0.0000e+00 0.0000e+00 1.4000e+01 1.0000e+00 0.0000e+00 1.0000e+00 5.4620e+03 5.1190e+03 0.0000e+00 0.0000e+00 3.8210e+03 1.0000e+00 0.0000e+00 1.0000e+00 4.5730e+03 0.0000e+00 0.0000e+00 0.0000e+00 0.0000e+00 0.0000e+00 6.0000e+00
