6.5854e-01 3.2099e-01 6.7606e-01 3.8158e-01 6.8182e-01 6.0000e-01 7.5000e-01 7.0270e-01 5.8571e-01 6.2821e-01 4.6667e-01 3.4328e-01 2.7119e-01 3.0137e-01 3.6842e-01 4.0580e-01 1.6949e-01 1.7647e-01 1.8421e-01 3.2468e-01 6.2903e-01 1.6901e-01 3.4831e-01 3.6486e-01 2.5000e-01 2.7273e-01 5.7500e-01 2.8571e-01 7.0130e-01 5.0000e-01 6.9444e-01 7.0769e-01 6.4062e-01 6.4912e-01 5.3571e-01 5.1316e-01 4.2105e-01 6.4286e-01 5.4430e-01 2.7397e-01 5.4286e-01 0.0000e+00 1.3158e-01 3.8824e-01 8.1667e-01 1.9753e-01 3.4211e-01 6.1644e-01 1.6667e-01 6.2687e-01
4.3056e-01 4.5570e-01 0.0000e+00 0.0000e+00 5.9701e-01 0.0000e+00 3.7805e-01 4.8052e-01 1.2903e-01 2.1053e-01 0.0000e+00 0.0000e+00 5.6604e-02 0.0000e+00 8.0645e-02 5.5696e-01 1.1940e-01 0.0000e+00 2.2857e-01 3.4848e-01 2.3684e-01 3.5135e-01 4.9275e-01 7.8125e-02 6.2500e-02 1.2987e-01 1.8667e-01 0.0000e+00 5.6250e-01 6.8852e-01 2.1667e-01 0.0000e+00 0.0000e+00 2.5758e-01 3.2353e-01 2.5397e-01 1.7333e-01 2.3288e-01 4.6479e-01 0.0000e+00 0.0000e+00 2.4419e-01 2.2093e-01 1.9178e-01 1.0000e+00 6.7568e-01 0.0000e+00 2.1591e-01 3.7662e-01 1.5942e-01
2.8070e-01 3.3333e-01 2.3377e-01 5.2239e-01 3.2203e-01 6.9231e-01 6.4894e-01 4.7887e-01 5.3521e-01 5.5556e-01 7.2222e-01 3.9062e-01 6.4384e-01 5.6452e-01 1.3699e-01 6.2195e-01 5.0769e-01 4.8611e-01 4.9351e-01 4.0260e-01 6.3235e-01 4.3333e-01 2.8814e-01 6.0000e-01 7.3973e-01 4.6667e-01 3.5443e-01 3.6232e-01 6.3514e-01 5.3333e-01 3.1818e-01 3.6842e-01 6.3095e-01 7.2222e-01 6.3793e-01 4.1026e-01 5.9155e-01 4.6269e-01 6.3333e-01 2.9268e-01 7.6712e-01 4.7059e-01 8.0263e-01 3.3333e-01 4.0299e-01 3.2394e-01 3.2911e-01 3.2258e-01 6.5789e-01 1.9697e-01
1.0000e+00 3.0952e-01 8.9855e-01 7.3529e-01 2.6250e-01 9.1379e-01 1.0000e+00 7.1429e-01 6.5714e-01 9.0164e-01 2.7536e-01 9.0789e-01 7.4242e-01 7.1429e-01 6.3492e-02 7.0667e-01 3.4483e-01 6.5625e-01 5.6923e-01 1.7460e-01 9.3243e-01 8.2857e-01 1.2987e-01 9.8765e-01 1.0145e-01 5.9211e-01 7.2131e-01 3.5714e-01 4.1463e-01 8.4615e-01 1.8182e-01 6.6667e-01 7.3529e-01 5.2632e-02 3.9241e-01 1.4493e-02 9.5833e-01 9.3333e-01 7.2222e-01 1.5254e-01 8.6567e-01 7.0690e-01 4.5000e-01 7.9710e-01 8.2895e-01 9.7561e-01 8.6076e-01 8.4848e-01 9.7059e-01 2.0588e-01
6.6667e-02 2.0896e-01 0.0000e+00 0.0000e+00 1.2676e-01 0.0000e+00 3.9130e-01 1.2346e-02 0.0000e+00 0.0000e+00 7.9365e-02 2.5373e-01 0.0000e+00 1.4085e-02 0.0000e+00 3.5593e-01 2.5714e-01 2.7027e-02 3.6145e-02 3.6250e-01 5.1316e-01 1.4286e-01 4.1667e-01 2.5287e-01 5.8824e-02 1.3333e-02 0.0000e+00 0.0000e+00 9.8592e-02 1.5068e-01 1.4286e-01 3.0380e-01 4.3478e-02 7.7778e-02 2.9114e-01 0.0000e+00 0.0000e+00 1.2162e-01 9.5652e-01 0.0000e+00 8.1081e-02 0.0000e+00 2.8333e-01 0.0000e+00 1.7568e-01 1.1842e-01 8.9552e-02 6.4286e-01 9.4595e-02 0.0000e+00
9.7222e-02 1.9444e-01 1.7742e-01 1.4286e-01 0.0000e+00 4.7059e-01 0.0000e+00 0.0000e+00 0.0000e+00 1.2329e-01 4.5070e-01 2.0238e-01 1.2162e-01 2.0482e-01 2.9268e-01 5.3125e-01 6.3492e-02 1.4493e-01 9.2105e-02 1.2676e-01 2.9412e-01 0.0000e+00 0.0000e+00 0.0000e+00 3.0303e-01 5.0633e-02 0.0000e+00 0.0000e+00 4.2105e-01 8.3929e-01 1.3333e-01 3.3803e-01 2.0290e-01 0.0000e+00 2.6087e-01 1.5942e-01 3.8462e-02 1.0000e+00 1.0000e+00 1.1940e-01 9.8361e-02 2.3333e-01 1.0000e+00 0.0000e+00 7.9730e-01 0.0000e+00 2.9310e-01 8.9286e-02 6.0606e-02 0.0000e+00
2.1795e-01 5.9701e-02 2.9851e-01 2.3596e-01 1.5068e-01 1.7241e-01 3.3824e-01 1.2676e-01 0.0000e+00 1.3924e-01 7.8947e-02 6.2500e-02 4.4118e-02 1.2857e-01 1.4085e-01 6.3158e-01 9.1954e-02 7.5000e-02 8.3333e-02 1.5278e-01 1.1594e-01 9.8592e-02 2.5373e-01 2.2222e-01 1.2500e-01 1.0769e-01 6.8966e-02 7.7922e-02 2.3333e-01 7.1622e-01 7.1429e-02 2.9412e-01 8.9744e-02 9.5890e-02 6.6667e-02 9.7222e-02 6.7568e-02 8.1081e-02 4.0000e-01 1.3235e-01 1.2195e-01 1.0526e-01 2.4051e-01 1.1111e-01 2.0548e-01 2.3077e-01 8.0645e-02 3.7736e-01 5.4348e-02 6.4103e-02
6.9444e-01 6.6250e-01 4.0260e-01 6.3889e-01 4.1772e-01 4.3750e-01 3.5211e-01 3.3803e-01 4.6667e-01 6.6129e-01 2.1212e-01 1.3953e-01 2.0370e-01 3.1034e-01 7.0492e-01 6.1333e-01 5.1389e-01 6.8657e-01 2.9333e-01 7.7108e-01 5.0000e-01 2.7692e-01 5.5319e-01 7.7922e-01 5.9091e-01 6.3014e-01 3.0556e-01 5.1667e-01 6.0294e-01 4.6032e-01 5.7143e-01 4.3750e-01 1.7808e-01 2.8767e-01 5.4098e-01 6.4103e-01 4.4776e-01 6.3855e-01 5.2632e-01 5.0000e-01 4.3662e-01 5.5556e-01 7.2619e-01 4.2647e-01 6.5079e-01 7.3134e-01 5.6000e-01 7.3973e-01 3.7500e-01 3.8028e-01
7.3171e-02 1.1688e-01 2.8571e-01 4.9351e-01 4.5205e-01 2.7941e-01 4.6970e-01 4.1935e-01 2.4194e-01 1.8841e-01 1.7647e-01 5.7143e-01 9.8765e-02 1.7241e-01 0.0000e+00 4.7561e-01 2.8571e-01 2.3377e-01 2.8571e-01 1.6667e-01 1.5789e-01 3.6620e-01 2.9545e-01 3.4667e-01 1.7647e-01 4.6575e-01 9.2308e-02 1.5000e-01 3.3333e-01 5.1250e-01 2.8169e-01 2.5758e-01 5.4054e-02 3.4286e-01 5.2113e-01 4.5588e-01 5.1282e-02 4.4118e-01 2.6087e-01 1.8421e-01 2.1519e-01 1.2500e-01 8.6154e-01 2.3438e-01 1.6129e-01 6.1538e-02 8.1481e-01 2.0896e-01 1.5068e-01 3.0357e-01
3.2500e-01 7.3134e-01 1.9178e-01 1.4085e-01 7.1642e-01 8.0769e-01 4.9351e-01 8.3077e-01 5.0685e-01 4.4118e-01 3.2857e-01 8.0519e-01 6.4557e-01 6.8919e-01 6.1667e-01 2.2785e-01 6.1333e-01 8.9286e-01 5.8696e-01 7.3134e-01 9.1935e-01 1.8182e-01 2.5000e-01 3.6111e-01 5.5714e-01 5.3623e-01 7.2603e-01 4.0278e-01 7.4194e-01 3.7931e-01 2.0000e-01 8.3824e-01 7.8571e-01 8.0822e-01 7.1875e-01 9.0789e-01 8.6301e-01 5.2778e-01 1.5789e-01 5.0794e-01 3.1667e-01 3.7736e-01 4.1270e-01 7.7632e-01 4.6753e-01 4.4000e-01 8.4848e-01 2.6923e-01 2.1519e-01 8.1538e-01
