5.4000e+01 2.6000e+01 3.9070e+03 2.9000e+01 4.7000e+01 4.5000e+01 1.9430e+03 3.7740e+03 3.3600e+03 5.1000e+01 3.5000e+01 2.3000e+01 1.6000e+01 2.2000e+01 2.1000e+01 2.8000e+01 1.0000e+01 1.5000e+01 1.4000e+01 2.5000e+01 3.9000e+01 1.2000e+01 3.1000e+01 2.7000e+01 1.9000e+01 1.8000e+01 5.3000e+01 2.4000e+01 5.4000e+01 2.7000e+01 3.4800e+03 4.0640e+03 1.9420e+03 3.8000e+01 3.0000e+01 3.9000e+01 3.2000e+01 4.5000e+01 4.3000e+01 2.1000e+01 3.8000e+01 0.0000e+00 1.0000e+01 3.3000e+01 4.9000e+01 1.6000e+01 2.6000e+01 4.5000e+01 1.4000e+01 4.3000e+01
3.2000e+01 4.8000e+01 0.0000e+00 0.0000e+00 3.8540e+03 0.0000e+00 3.1000e+01 3.9000e+01 8.0000e+00 1.6000e+01 0.0000e+00 0.0000e+00 3.0000e+00 0.0000e+00 5.0000e+00 4.4000e+01 8.0000e+00 0.0000e+00 1.6000e+01 2.3000e+01 1.8000e+01 2.6000e+01 3.6800e+02 5.0000e+00 5.0000e+00 1.0000e+01 1.4000e+01 0.0000e+00 3.1320e+03 4.2000e+01 1.3000e+01 0.0000e+00 0.0000e+00 1.7000e+01 2.2000e+01 1.6000e+01 1.3000e+01 1.7000e+01 3.3000e+01 0.0000e+00 0.0000e+00 2.1000e+01 1.9000e+01 1.4000e+01 5.2860e+03 3.6480e+03 0.0000e+00 1.9000e+01 2.9000e+01 1.1000e+01
1.6000e+01 2.7000e+01 1.8000e+01 3.6000e+01 1.9000e+01 5.5800e+02 6.1000e+01 3.4000e+01 3.8000e+01 3.5000e+01 3.7350e+03 2.5000e+01 3.0710e+03 8.4000e+01 1.0000e+01 5.1000e+01 2.5500e+03 3.5000e+01 2.5180e+03 3.1000e+01 4.3000e+01 2.6000e+01 1.7000e+01 4.8000e+01 3.4930e+03 2.8000e+01 2.8000e+01 2.5000e+01 4.8000e+01 4.0000e+01 2.1000e+01 2.8000e+01 5.8000e+01 3.2280e+03 3.8000e+01 3.2000e+01 4.2000e+01 3.1000e+01 3.8000e+01 2.4000e+01 3.5660e+03 3.2000e+01 6.1000e+01 2.3000e+01 2.7000e+01 2.3000e+01 2.6000e+01 2.0000e+01 5.1000e+01 1.3000e+01
5.3530e+03 2.6000e+01 1.4200e+02 5.0000e+01 2.1000e+01 2.8970e+03 2.2330e+03 6.5000e+01 4.6000e+01 4.8610e+03 1.9000e+01 6.9000e+01 5.1000e+01 4.6000e+01 4.0000e+00 5.3000e+01 2.0000e+01 4.2000e+01 3.7000e+01 1.1000e+01 6.9000e+01 4.7690e+03 1.0000e+01 9.5000e+01 7.0000e+00 4.5000e+01 4.5000e+01 2.5000e+01 3.4000e+01 5.5000e+01 1.2000e+01 4.8000e+01 5.0000e+01 4.0000e+00 3.1000e+01 1.0000e+00 4.7440e+03 7.0000e+01 5.2000e+01 9.0000e+00 5.9000e+01 7.0000e+01 2.7000e+01 5.6000e+01 6.3000e+01 8.1000e+01 6.8000e+01 5.6000e+01 5.0240e+03 1.4000e+01
4.0000e+00 1.4000e+01 0.0000e+00 0.0000e+00 9.0000e+00 0.0000e+00 2.7000e+01 1.0000e+00 0.0000e+00 0.0000e+00 5.0000e+00 1.7000e+01 0.0000e+00 1.0000e+00 0.0000e+00 2.1000e+01 1.8000e+01 2.0000e+00 3.0000e+00 2.9000e+01 2.6760e+03 1.1000e+01 1.3840e+03 2.2000e+01 4.0000e+00 1.0000e+00 0.0000e+00 0.0000e+00 7.0000e+00 1.1000e+01 9.0000e+00 2.4000e+01 4.0000e+00 7.0000e+00 2.3000e+01 0.0000e+00 0.0000e+00 9.0000e+00 5.0860e+03 0.0000e+00 6.0000e+00 0.0000e+00 1.7000e+01 0.0000e+00 1.3000e+01 9.0000e+00 6.0000e+00 3.8140e+03 7.0000e+00 0.0000e+00
7.0000e+00 1.4000e+01 1.1000e+01 7.0000e+00 0.0000e+00 6.8700e+02 0.0000e+00 0.0000e+00 0.0000e+00 9.0000e+00 3.3000e+01 1.7000e+01 9.0000e+00 1.7000e+01 2.4000e+01 3.4000e+01 4.0000e+00 1.0000e+01 7.0000e+00 9.0000e+00 2.0000e+01 0.0000e+00 0.0000e+00 0.0000e+00 2.0000e+01 4.0000e+00 0.0000e+00 0.0000e+00 3.2000e+01 3.9450e+03 8.0000e+00 2.4000e+01 1.4000e+01 0.0000e+00 1.8000e+01 1.1000e+01 3.0000e+00 5.3200e+03 7.7000e+01 8.0000e+00 6.0000e+00 2.1000e+01 5.5020e+03 0.0000e+00 6.1000e+01 0.0000e+00 1.7000e+01 5.0000e+00 4.0000e+00 0.0000e+00
1.7000e+01 4.0000e+00 2.0000e+01 2.1000e+01 1.1000e+01 1.0000e+01 2.3000e+01 9.0000e+00 0.0000e+00 1.1000e+01 6.0000e+00 4.0000e+00 3.0000e+00 9.0000e+00 1.0000e+01 3.2330e+03 8.0000e+00 6.0000e+00 5.0000e+00 1.1000e+01 8.0000e+00 7.0000e+00 1.7000e+01 1.6000e+01 9.0000e+00 7.0000e+00 6.0000e+00 6.0000e+00 1.4000e+01 6.0000e+01 5.0000e+00 2.0000e+01 7.0000e+00 7.0000e+00 5.0000e+00 7.0000e+00 5.0000e+00 6.0000e+00 3.8000e+01 9.0000e+00 1.0000e+01 8.0000e+00 1.9000e+01 6.0000e+00 1.5000e+01 1.5000e+01 5.0000e+00 2.0000e+01 5.0000e+00 5.0000e+00
5.0000e+01 2.9810e+03 3.1000e+01 4.6000e+01 3.3000e+01 2.8000e+01 2.5000e+01 2.4000e+01 3.5000e+01 4.3000e+01 1.4000e+01 1.2000e+01 1.1000e+01 2.7000e+01 3.0270e+03 4.6000e+01 4.3300e+02 4.7000e+01 2.2000e+01 3.4600e+03 4.0000e+01 1.8000e+01 2.6000e+01 4.0130e+03 3.9000e+01 4.9000e+01 2.2000e+01 3.0750e+03 4.1000e+01 2.9000e+01 4.0000e+01 2.8000e+01 1.3000e+01 2.1000e+01 3.3000e+01 5.0000e+01 3.0000e+01 5.3000e+01 3.0000e+01 3.3970e+03 3.1000e+01 2.6960e+03 6.1000e+01 3.0000e+01 4.1000e+01 4.9000e+01 4.2000e+01 5.4000e+01 2.1000e+01 2.7000e+01
6.0000e+00 9.0000e+00 1.8000e+01 2.7490e+03 3.3000e+01 1.9000e+01 4.8000e+01 2.6000e+01 1.5000e+01 1.3000e+01 1.2000e+01 2.6750e+03 8.0000e+00 1.0000e+01 0.0000e+00 3.9000e+01 2.0000e+01 1.8000e+01 2.0000e+01 1.3000e+01 1.2000e+01 2.6000e+01 2.6000e+01 2.6000e+01 1.2000e+01 2.2490e+03 6.0000e+00 1.2000e+01 2.7000e+01 4.1000e+01 2.0000e+01 1.7000e+01 4.0000e+00 2.4000e+01 2.7200e+03 3.3000e+01 4.0000e+00 3.0000e+01 1.8000e+01 1.4000e+01 1.7000e+01 1.0000e+01 6.0000e+01 1.5000e+01 1.0000e+01 4.0000e+00 3.8840e+03 1.4000e+01 1.1000e+01 1.7000e+01
2.6000e+01 5.0000e+01 1.4000e+01 1.0000e+01 4.8000e+01 6.5000e+01 3.8000e+01 5.4000e+01 3.7000e+01 3.0000e+01 2.3000e+01 6.2000e+01 5.1000e+01 3.5850e+03 3.7000e+01 1.8000e+01 1.5500e+02 4.5380e+03 6.4000e+01 5.0000e+01 5.8000e+01 1.4000e+01 1.6000e+01 2.6000e+01 3.9000e+01 3.7000e+01 3.7920e+03 2.9000e+01 4.6000e+01 2.2000e+01 1.2000e+01 5.7000e+01 1.9350e+03 6.2000e+01 4.6000e+01 4.9010e+03 7.1000e+01 3.8000e+01 1.2000e+01 3.3000e+01 1.9000e+01 2.0000e+01 2.6000e+01 4.1980e+03 3.6000e+01 2.2000e+01 5.6000e+01 1.4000e+01 1.7000e+01 4.5000e+03
