8.5600e+02 1.3500e+02 2.4800e+02 7.5200e+02 5.1700e+02 5.7700e+02 3.5800e+02 1.9700e+02 9.1500e+02 1.0170e+03
1.6700e+02 5.5600e+02 2.4400e+02 1.0150e+03 5.7800e+02 2.7100e+02 7.9400e+02 5.6000e+01 1.1200e+02 9.9700e+02
9.7600e+02 4.3700e+02 3.8000e+01 6.1600e+02 7.8400e+02 5.5200e+02 9.6300e+02 8.1200e+02 5.6700e+02 4.8600e+02
7.3900e+02 7.5000e+02 7.6900e+02 5.8500e+02 7.1700e+02 1.0140e+03 1.5100e+02 4.5000e+02 3.4500e+02 7.6000e+02
1.0000e+01 1.3700e+02 8.6800e+02 6.9100e+02 2.8700e+02 3.1700e+02 5.3000e+01 5.6000e+02 1.7800e+02 3.1100e+02
7.1000e+02 4.3800e+02 1.1600e+02 1.5400e+02 4.9800e+02 4.0400e+02 9.5700e+02 7.5700e+02 1.9400e+02 6.2900e+02
7.9600e+02 4.6500e+02 2.9400e+02 3.3000e+02 6.2200e+02 5.1600e+02 4.9000e+02 2.2500e+02 4.7100e+02 5.3700e+02
5.2500e+02 9.4400e+02 9.4100e+02 3.0300e+02 1.1000e+01 4.1300e+02 5.6900e+02 8.5700e+02 4.8500e+02 2.0000e+01
2.4600e+02 4.0600e+02 1.5000e+02 7.1700e+02 4.8600e+02 4.4000e+01 4.1600e+02 5.1300e+02 7.0500e+02 4.4700e+02
3.6000e+01 1.0510e+03 2.2900e+02 1.8500e+02 1.0600e+02 2.4000e+02 1.7000e+02 5.1500e+02 4.1000e+02 5.7600e+02
