5.8604e-01 2.9819e-01 7.3083e-01 3.2119e-01 6.1750e-01 6.6667e-01 6.4505e-01 7.2373e-01 6.0820e-01 6.3697e-01 3.7925e-01 3.9866e-01 2.7556e-01 3.3274e-01 3.7658e-01 4.3322e-01 2.1035e-01 1.4334e-01 1.6088e-01 3.3174e-01 5.3859e-01 2.3090e-01 3.4167e-01 3.9249e-01 2.1338e-01 3.0757e-01 5.6326e-01 2.3636e-01 7.0125e-01 5.9669e-01 6.5091e-01 7.8571e-01 5.8276e-01 6.4216e-01 4.3874e-01 4.6988e-01 3.3333e-01 5.9888e-01 5.5312e-01 3.6037e-01 5.6343e-01 0.0000e+00 2.3794e-01 4.3317e-01 7.8973e-01 2.2890e-01 4.5283e-01 6.9039e-01 2.1071e-01 5.9785e-01
4.2995e-01 4.0747e-01 0.0000e+00 0.0000e+00 7.3051e-01 0.0000e+00 3.1280e-01 5.2364e-01 1.6473e-01 1.8164e-01 0.0000e+00 0.0000e+00 6.0556e-02 0.0000e+00 9.2593e-02 5.5082e-01 1.1804e-01 0.0000e+00 1.9360e-01 4.2265e-01 1.9591e-01 3.8391e-01 4.0972e-01 7.8400e-02 9.4463e-02 1.3072e-01 1.8707e-01 0.0000e+00 5.8537e-01 6.9205e-01 2.0799e-01 0.0000e+00 0.0000e+00 2.5193e-01 2.4516e-01 2.2742e-01 1.6911e-01 1.8354e-01 4.0463e-01 0.0000e+00 0.0000e+00 2.0701e-01 1.9444e-01 2.0833e-01 1.0000e+00 7.0033e-01 0.0000e+00 1.9326e-01 4.4281e-01 1.2183e-01
2.3102e-01 3.1605e-01 2.7197e-01 6.2987e-01 4.2626e-01 6.1661e-01 5.7987e-01 4.2596e-01 6.4179e-01 6.4225e-01 7.1176e-01 2.4060e-01 5.9314e-01 6.3158e-01 2.4873e-01 5.7692e-01 5.3333e-01 4.0199e-01 4.3161e-01 4.0886e-01 6.9168e-01 4.2536e-01 2.6841e-01 6.3233e-01 6.6667e-01 3.8569e-01 4.0365e-01 3.7662e-01 6.6722e-01 5.0169e-01 3.3754e-01 3.8095e-01 5.8294e-01 5.9253e-01 6.5409e-01 4.0584e-01 6.2395e-01 3.7898e-01 6.2479e-01 3.3388e-01 6.4396e-01 3.8095e-01 8.4140e-01 4.2479e-01 3.8172e-01 3.3729e-01 3.7268e-01 3.3226e-01 6.1231e-01 3.5893e-01
1.0000e+00 3.4662e-01 9.3408e-01 7.6936e-01 2.8395e-01 8.8818e-01 1.0000e+00 7.0000e-01 7.0579e-01 9.0514e-01 2.6801e-01 8.9516e-01 7.7072e-01 7.2344e-01 9.5238e-02 7.0820e-01 2.7919e-01 7.7315e-01 6.6987e-01 1.1755e-01 9.3569e-01 8.9803e-01 1.0877e-01 9.7508e-01 3.3167e-02 6.5280e-01 7.3159e-01 3.8980e-01 4.0571e-01 7.0161e-01 1.3435e-01 6.8166e-01 7.0172e-01 7.5439e-02 3.7959e-01 4.2071e-02 9.0134e-01 9.6136e-01 7.0052e-01 1.2833e-01 8.7441e-01 7.2188e-01 3.1240e-01 7.2330e-01 8.5350e-01 9.9174e-01 9.2114e-01 8.3424e-01 9.2513e-01 2.2391e-01
1.1765e-01 1.7331e-01 0.0000e+00 0.0000e+00 1.6505e-01 0.0000e+00 3.2524e-01 1.0511e-02 0.0000e+00 0.0000e+00 5.1926e-02 2.9856e-01 0.0000e+00 1.9078e-02 0.0000e+00 3.7937e-01 2.5240e-01 1.5901e-02 7.5838e-02 3.9488e-01 5.1024e-01 1.2626e-01 3.0769e-01 2.0401e-01 8.1034e-02 2.2530e-02 0.0000e+00 0.0000e+00 1.1265e-01 1.8762e-01 2.1947e-01 3.6081e-01 4.6053e-02 5.4386e-02 2.9711e-01 0.0000e+00 0.0000e+00 8.3472e-02 9.2397e-01 0.0000e+00 1.0481e-01 0.0000e+00 2.1136e-01 0.0000e+00 1.7638e-01 9.5315e-02 8.1081e-02 7.1452e-01 9.8827e-02 0.0000e+00
1.7820e-01 1.7422e-01 1.8429e-01 1.0824e-01 0.0000e+00 5.3500e-01 0.0000e+00 0.0000e+00 0.0000e+00 8.6460e-02 4.0129e-01 1.8850e-01 1.1283e-01 2.1053e-01 3.9189e-01 5.0000e-01 1.1765e-01 9.2800e-02 8.0952e-02 8.4381e-02 2.6053e-01 0.0000e+00 0.0000e+00 0.0000e+00 3.0807e-01 9.9327e-02 0.0000e+00 0.0000e+00 3.4876e-01 7.7547e-01 7.6014e-02 3.3228e-01 2.3248e-01 0.0000e+00 3.0450e-01 7.9734e-02 4.1991e-02 1.0000e+00 1.0000e+00 1.1589e-01 9.8993e-02 2.1793e-01 1.0000e+00 0.0000e+00 7.7702e-01 0.0000e+00 2.3248e-01 1.1828e-01 1.0413e-01 0.0000e+00
2.4115e-01 4.1379e-02 2.9189e-01 1.9401e-01 1.4450e-01 1.8024e-01 2.7536e-01 1.1129e-01 0.0000e+00 1.7851e-01 9.1803e-02 8.3744e-02 5.9968e-02 9.5761e-02 6.2069e-02 6.2456e-01 3.5842e-02 9.0177e-02 9.1354e-02 8.2919e-02 1.5000e-01 9.6447e-02 2.2654e-01 3.0545e-01 9.4502e-02 9.7444e-02 4.6358e-02 8.5911e-02 1.4450e-01 6.0064e-01 5.4422e-02 1.8830e-01 4.9020e-02 7.7758e-02 1.9598e-01 1.1282e-01 5.1282e-02 1.0116e-01 4.2974e-01 9.9485e-02 1.0473e-01 1.1129e-01 2.6290e-01 9.0278e-02 2.2091e-01 2.6238e-01 1.1438e-01 2.3173e-01 7.0376e-02 6.4189e-02
6.6423e-01 5.9776e-01 4.0282e-01 4.5913e-01 4.5201e-01 5.1140e-01 2.9811e-01 4.5318e-01 6.2780e-01 6.2357e-01 1.6637e-01 2.2783e-01 3.6911e-01 2.6976e-01 5.9145e-01 5.9612e-01 6.2003e-01 7.2403e-01 2.6876e-01 5.8398e-01 5.7021e-01 3.6799e-01 5.4309e-01 7.6740e-01 4.5872e-01 6.4545e-01 3.2231e-01 5.8794e-01 7.0297e-01 4.9643e-01 4.7019e-01 4.1042e-01 1.6056e-01 3.4851e-01 5.7744e-01 6.2378e-01 4.1349e-01 6.0000e-01 4.6452e-01 5.9171e-01 3.5919e-01 5.0088e-01 6.0935e-01 4.1892e-01 6.9375e-01 7.0310e-01 6.1138e-01 7.4646e-01 4.0199e-01 3.8715e-01
6.1667e-02 7.7586e-02 3.3280e-01 5.2556e-01 5.1741e-01 2.0000e-01 4.0992e-01 3.7851e-01 1.8421e-01 2.1262e-01 1.8022e-01 5.1701e-01 9.0301e-02 2.1212e-01 9.8884e-02 5.2108e-01 3.0478e-01 2.2552e-01 2.0890e-01 1.9167e-01 1.2350e-01 3.9044e-01 3.0743e-01 3.2967e-01 1.8531e-01 3.8842e-01 1.0159e-01 1.0476e-01 3.0546e-01 4.9188e-01 3.2172e-01 2.1429e-01 9.5455e-02 3.2650e-01 5.0804e-01 4.8718e-01 1.0329e-01 4.6787e-01 3.0135e-01 1.7317e-01 2.0436e-01 9.7938e-02 8.3110e-01 2.6403e-01 1.0289e-01 9.0756e-02 7.0420e-01 1.7627e-01 9.6121e-02 3.2635e-01
2.9846e-01 7.0246e-01 1.6890e-01 2.0799e-01 6.7363e-01 8.1167e-01 4.9088e-01 7.9939e-01 5.6529e-01 4.9587e-01 3.4768e-01 8.7175e-01 6.9347e-01 6.9100e-01 7.2000e-01 2.8641e-01 7.0598e-01 8.4317e-01 7.2402e-01 8.2201e-01 7.7342e-01 1.8182e-01 1.7794e-01 3.1826e-01 4.8465e-01 4.9261e-01 6.9128e-01 3.0676e-01 7.8089e-01 2.7835e-01 2.3064e-01 8.3831e-01 8.1333e-01 8.2810e-01 6.6169e-01 9.1197e-01 8.8889e-01 6.6498e-01 2.6072e-01 6.3987e-01 3.0727e-01 3.0619e-01 4.9909e-01 7.6450e-01 5.1987e-01 3.4888e-01 8.4724e-01 2.8669e-01 3.3500e-01 8.5024e-01
