3.6100e+02 1.8100e+02 4.2900e+02 1.9400e+02 3.8100e+02 4.1800e+02 3.5800e+02 4.2700e+02 3.7100e+02 3.7900e+02 2.2300e+02 2.3800e+02 1.5900e+02 1.8800e+02 2.3800e+02 2.5300e+02 1.2600e+02 8.5000e+01 1.0200e+02 2.0800e+02 3.3500e+02 1.3600e+02 2.0500e+02 2.3000e+02 1.1800e+02 1.8700e+02 3.2500e+02 1.4300e+02 3.9200e+02 3.6100e+02 3.5800e+02 4.5100e+02 3.3800e+02 3.9300e+02 2.6500e+02 2.7300e+02 2.1200e+02 3.2100e+02 3.2800e+02 2.3100e+02 3.4200e+02 0.0000e+00 1.4300e+02 2.6900e+02 4.9200e+02 1.4100e+02 2.6400e+02 3.8800e+02 1.2200e+02 3.3300e+02
2.6700e+02 2.4000e+02 0.0000e+00 0.0000e+00 4.3100e+02 0.0000e+00 1.9300e+02 2.8800e+02 9.9000e+01 9.5000e+01 0.0000e+00 0.0000e+00 3.7000e+01 0.0000e+00 6.0000e+01 3.3600e+02 7.0000e+01 0.0000e+00 1.2100e+02 2.6500e+02 1.1500e+02 2.1000e+02 2.3600e+02 4.9000e+01 5.8000e+01 8.0000e+01 1.1000e+02 0.0000e+00 3.6000e+02 4.1800e+02 1.2500e+02 0.0000e+00 0.0000e+00 1.6300e+02 1.5200e+02 1.4100e+02 1.0400e+02 1.1600e+02 2.2700e+02 0.0000e+00 0.0000e+00 1.2400e+02 1.1900e+02 1.2500e+02 6.1400e+02 4.2300e+02 0.0000e+00 1.0900e+02 2.7100e+02 7.2000e+01
1.4300e+02 1.8900e+02 1.6400e+02 3.8800e+02 2.3700e+02 3.8600e+02 3.6300e+02 2.5600e+02 3.8700e+02 3.7700e+02 4.4200e+02 1.2800e+02 3.6300e+02 3.7200e+02 1.4700e+02 3.3000e+02 3.3600e+02 2.4200e+02 2.8400e+02 2.4000e+02 4.2400e+02 2.6500e+02 1.6400e+02 3.5600e+02 3.7400e+02 2.2100e+02 2.4300e+02 2.3200e+02 3.9900e+02 2.9600e+02 2.1400e+02 2.4800e+02 3.6900e+02 3.8100e+02 4.1600e+02 2.5000e+02 3.7000e+02 2.3800e+02 3.7300e+02 2.0300e+02 4.1600e+02 2.2400e+02 5.0400e+02 2.5700e+02 2.1300e+02 1.9900e+02 2.2100e+02 2.0700e+02 3.6800e+02 2.2900e+02
6.1500e+02 2.0000e+02 5.8100e+02 4.6700e+02 1.6100e+02 5.5600e+02 6.3500e+02 4.2000e+02 4.2700e+02 5.6300e+02 1.6000e+02 5.5500e+02 4.3700e+02 4.2900e+02 6.0000e+01 4.4900e+02 1.6500e+02 5.0100e+02 4.1800e+02 7.1000e+01 5.8200e+02 5.4600e+02 6.7000e+01 5.8700e+02 2.0000e+01 4.0800e+02 4.4700e+02 2.3700e+02 2.5600e+02 4.3500e+02 7.9000e+01 3.9400e+02 4.0700e+02 4.3000e+01 2.3800e+02 2.6000e+01 5.3900e+02 6.2200e+02 4.0700e+02 8.2000e+01 5.5700e+02 4.6200e+02 1.8900e+02 4.4700e+02 5.3600e+02 6.0000e+02 5.4900e+02 4.5800e+02 5.1900e+02 1.3300e+02
6.8000e+01 1.0000e+02 0.0000e+00 0.0000e+00 1.0200e+02 0.0000e+00 2.0100e+02 7.0000e+00 0.0000e+00 0.0000e+00 3.1000e+01 1.8600e+02 0.0000e+00 1.2000e+01 0.0000e+00 2.2800e+02 1.5800e+02 9.0000e+00 4.3000e+01 2.1600e+02 2.9900e+02 7.5000e+01 1.9600e+02 1.2200e+02 4.7000e+01 1.3000e+01 0.0000e+00 0.0000e+00 6.5000e+01 1.0000e+02 1.4200e+02 2.3200e+02 2.8000e+01 3.1000e+01 1.7500e+02 0.0000e+00 0.0000e+00 5.0000e+01 5.5900e+02 0.0000e+00 6.1000e+01 0.0000e+00 1.3400e+02 0.0000e+00 1.0900e+02 5.9000e+01 5.1000e+01 4.3300e+02 5.9000e+01 0.0000e+00
1.0300e+02 1.0000e+02 1.2200e+02 6.7000e+01 0.0000e+00 3.2100e+02 0.0000e+00 0.0000e+00 0.0000e+00 5.3000e+01 2.4800e+02 1.1800e+02 7.3000e+01 1.3200e+02 2.3200e+02 2.9600e+02 7.2000e+01 5.8000e+01 5.1000e+01 4.7000e+01 1.6700e+02 0.0000e+00 0.0000e+00 0.0000e+00 1.8700e+02 5.9000e+01 0.0000e+00 0.0000e+00 2.1100e+02 4.4900e+02 4.5000e+01 2.1000e+02 1.3600e+02 0.0000e+00 1.6900e+02 4.8000e+01 2.7000e+01 5.5900e+02 6.2100e+02 7.0000e+01 5.9000e+01 1.2400e+02 5.8500e+02 0.0000e+00 4.5300e+02 0.0000e+00 1.4600e+02 6.6000e+01 6.3000e+01 0.0000e+00
1.4300e+02 2.4000e+01 1.6200e+02 1.2300e+02 8.8000e+01 1.0400e+02 1.7100e+02 6.9000e+01 0.0000e+00 1.0800e+02 5.6000e+01 5.1000e+01 3.7000e+01 6.1000e+01 3.6000e+01 3.5100e+02 2.0000e+01 5.6000e+01 5.6000e+01 5.0000e+01 9.0000e+01 5.7000e+01 1.4000e+02 1.6800e+02 5.5000e+01 6.1000e+01 2.8000e+01 5.0000e+01 8.8000e+01 3.7300e+02 3.2000e+01 1.0300e+02 3.0000e+01 4.3000e+01 1.1700e+02 6.6000e+01 3.2000e+01 6.1000e+01 2.6300e+02 5.8000e+01 6.2000e+01 6.8000e+01 1.6300e+02 5.2000e+01 1.3100e+02 1.5900e+02 6.6000e+01 1.3000e+02 4.3000e+01 3.8000e+01
3.6400e+02 3.7300e+02 2.5700e+02 2.6400e+02 2.9200e+02 3.1400e+02 1.8900e+02 2.7100e+02 3.9300e+02 3.8100e+02 9.5000e+01 1.4900e+02 2.2700e+02 1.5700e+02 3.4600e+02 3.6900e+02 3.5900e+02 4.4600e+02 1.5400e+02 2.9900e+02 3.3300e+02 2.2300e+02 3.3400e+02 4.1900e+02 2.5000e+02 3.5500e+02 1.9500e+02 3.5100e+02 4.2600e+02 2.7800e+02 2.7600e+02 2.5200e+02 9.2000e+01 1.9900e+02 3.4300e+02 3.8300e+02 2.3900e+02 3.4800e+02 2.8800e+02 3.7100e+02 2.1300e+02 2.8300e+02 3.6500e+02 2.4800e+02 4.4400e+02 4.3100e+02 3.7600e+02 4.7400e+02 2.4200e+02 2.3500e+02
3.7000e+01 4.5000e+01 2.0800e+02 3.2900e+02 3.1200e+02 1.2700e+02 2.4800e+02 2.2900e+02 1.1200e+02 1.2800e+02 1.1300e+02 3.0400e+02 5.4000e+01 1.2600e+02 6.2000e+01 3.0900e+02 1.8500e+02 1.2900e+02 1.2200e+02 1.1500e+02 7.2000e+01 2.3700e+02 1.8200e+02 2.1000e+02 1.0600e+02 2.2800e+02 6.4000e+01 5.5000e+01 1.7900e+02 3.0300e+02 1.9400e+02 1.2900e+02 6.3000e+01 1.9100e+02 3.1600e+02 2.8500e+02 6.6000e+01 2.8400e+02 1.7900e+02 1.1100e+02 1.2200e+02 5.7000e+01 4.9700e+02 1.6000e+02 6.4000e+01 5.4000e+01 4.1900e+02 1.0400e+02 5.7000e+01 1.8700e+02
1.7400e+02 3.9900e+02 1.0100e+02 1.2500e+02 4.1900e+02 4.8700e+02 2.6900e+02 5.2200e+02 3.5500e+02 3.0000e+02 2.0200e+02 5.0300e+02 4.1400e+02 4.0700e+02 4.1400e+02 1.7700e+02 4.3700e+02 5.0000e+02 4.2500e+02 5.0800e+02 4.5400e+02 1.1200e+02 1.0000e+02 1.8300e+02 3.0000e+02 3.0000e+02 4.1200e+02 1.7700e+02 4.7400e+02 1.6200e+02 1.4000e+02 4.7700e+02 4.8800e+02 5.0100e+02 3.9900e+02 5.1800e+02 4.8800e+02 3.9500e+02 1.5200e+02 3.9800e+02 1.6900e+02 1.8800e+02 2.7400e+02 4.3500e+02 3.1400e+02 2.0200e+02 5.3800e+02 1.6800e+02 2.0100e+02 5.2800e+02
