1.1000e+01 1.0000e+00 1.0000e+00 3.0000e+00 1.0000e+00 1.0000e+00 1.0000e+00 1.0000e+00 1.0040e+04 2.0680e+03
1.0000e+00 1.0000e+00 1.0000e+00 3.4220e+03 4.0000e+00 3.0000e+00 4.0000e+00 1.0000e+00 1.0000e+00 7.7840e+03
8.5810e+03 4.0000e+00 1.0000e+00 2.0000e+00 2.0000e+00 5.0000e+00 5.9500e+02 1.0000e+00 2.0000e+00 3.0000e+00
4.0000e+00 2.0000e+00 3.0000e+00 4.0000e+00 2.0000e+00 9.9620e+03 1.0000e+00 1.0000e+00 2.0000e+00 5.0000e+00
1.0000e+00 1.0000e+00 3.4570e+03 6.5740e+03 1.0000e+00 4.0000e+00 1.0000e+00 2.0000e+00 3.0000e+00 1.0000e+00
1.0000e+00 1.0000e+00 1.0000e+00 1.0000e+00 4.0000e+00 3.0000e+00 9.1910e+03 2.1000e+01 1.0000e+00 1.0000e+00
1.4540e+03 1.0000e+00 1.0000e+00 2.0000e+00 9.8750e+03 1.0000e+00 2.0000e+00 1.0000e+00 1.0000e+00 7.9000e+01
1.0000e+00 1.6580e+03 6.4370e+03 4.0000e+00 2.0000e+00 1.0000e+00 1.0000e+00 4.2600e+02 1.0000e+00 1.0000e+00
2.0000e+00 1.0000e+00 1.0000e+00 1.0000e+00 1.9000e+01 1.0000e+00 2.0000e+00 9.7880e+03 1.0000e+00 3.8000e+01
1.0000e+00 8.3820e+03 2.0000e+00 1.0000e+00 1.0000e+00 1.0000e+00 2.0000e+00 2.0000e+00 1.0000e+00 2.0000e+00
