5.0485e-01 1.7143e-01 7.1887e-01 3.5897e-01 6.3768e-01 6.3870e-01 6.2500e-01 7.1289e-01 6.2214e-01 6.4022e-01 3.7500e-01 4.4068e-01 2.9630e-01 2.1875e-01 4.2795e-01 4.6154e-01 1.6667e-01 1.1765e-01 1.3333e-01 3.1250e-01 4.1026e-01 2.2222e-01 3.6800e-01 3.8636e-01 2.1429e-01 3.4426e-01 5.9023e-01 1.8919e-01 6.8284e-01 7.1429e-01 6.5515e-01 7.7081e-01 6.1368e-01 6.3298e-01 4.0385e-01 3.4286e-01 4.2424e-01 5.0000e-01 1.0000e+00 3.7113e-01 5.4113e-01 0.0000e+00 0.0000e+00 4.5304e-01 1.0000e+00 1.6667e-01 7.5000e-01 6.6667e-01 1.1765e-01 5.7993e-01
3.9310e-01 3.9211e-01 0.0000e+00 0.0000e+00 7.2120e-01 0.0000e+00 3.5000e-01 5.0893e-01 3.8462e-02 1.4286e-01 0.0000e+00 0.0000e+00 8.5714e-02 0.0000e+00 5.5556e-02 5.4815e-01 1.0000e-01 0.0000e+00 1.2963e-01 4.1772e-01 1.5385e-01 3.8043e-01 4.2881e-01 1.3793e-01 7.1429e-02 2.3611e-01 2.5000e-01 0.0000e+00 5.9194e-01 6.4021e-01 9.6774e-02 0.0000e+00 0.0000e+00 2.2581e-01 2.0930e-01 1.6129e-01 2.0455e-01 1.4286e-01 1.0000e+00 0.0000e+00 0.0000e+00 2.1495e-01 2.5000e-01 2.7273e-01 1.0000e+00 6.8165e-01 0.0000e+00 2.1429e-01 4.2105e-01 1.8750e-01
7.1429e-02 3.0769e-01 2.1739e-01 6.0424e-01 3.9130e-01 6.2445e-01 6.2676e-01 4.6341e-01 5.9937e-01 6.4730e-01 7.0529e-01 2.0000e-01 6.0082e-01 6.3701e-01 0.0000e+00 4.0909e-01 5.5586e-01 1.8182e-01 4.5833e-01 4.6528e-01 6.8378e-01 3.9394e-01 2.0455e-01 6.3741e-01 6.5439e-01 4.0816e-01 3.8793e-01 3.7097e-01 7.0877e-01 0.0000e+00 3.6923e-01 2.6087e-01 5.6747e-01 5.5654e-01 6.4580e-01 3.1250e-01 6.3550e-01 0.0000e+00 1.0000e+00 1.4286e-01 6.6230e-01 3.8172e-01 1.0000e+00 3.2353e-01 0.0000e+00 4.1935e-01 5.0000e-01 5.0000e-01 4.6067e-01 4.0000e-01
1.0000e+00 3.5294e-01 9.2528e-01 7.1053e-01 0.0000e+00 9.0444e-01 1.0000e+00 5.5882e-01 7.4375e-01 8.9583e-01 1.1111e-01 9.3125e-01 7.7963e-01 7.2694e-01 0.0000e+00 0.0000e+00 3.2000e-01 7.6129e-01 6.4110e-01 2.1429e-01 1.0000e+00 9.0371e-01 7.6923e-02 1.0000e+00 1.0000e-01 4.1379e-01 7.2923e-01 3.7143e-01 5.0000e-01 0.0000e+00 3.1579e-01 4.0000e-01 6.5455e-01 0.0000e+00 3.3333e-01 1.4286e-01 8.9323e-01 1.0000e+00 5.0000e-01 8.3333e-02 8.6911e-01 7.2204e-01 5.0000e-01 6.8333e-01 1.0000e+00 1.0000e+00 1.0000e+00 6.0000e-01 9.4063e-01 2.9412e-01
1.1111e-01 0.0000e+00 0.0000e+00 0.0000e+00 5.0000e-02 0.0000e+00 3.7882e-01 0.0000e+00 0.0000e+00 0.0000e+00 5.7143e-02 2.8986e-01 0.0000e+00 0.0000e+00 0.0000e+00 3.8393e-01 2.0886e-01 0.0000e+00 1.0127e-01 3.9901e-01 5.0422e-01 1.5942e-01 3.1288e-01 1.6949e-01 9.8039e-02 4.7619e-02 0.0000e+00 0.0000e+00 8.5714e-02 0.0000e+00 2.5581e-01 3.8776e-01 2.7027e-02 8.1633e-02 2.5217e-01 0.0000e+00 0.0000e+00 0.0000e+00 9.1544e-01 0.0000e+00 1.8293e-01 0.0000e+00 2.0000e-01 0.0000e+00 1.7647e-01 7.6923e-02 0.0000e+00 7.1078e-01 1.0870e-01 0.0000e+00
2.2222e-01 6.8182e-02 1.5789e-01 0.0000e+00 0.0000e+00 5.1785e-01 0.0000e+00 0.0000e+00 0.0000e+00 9.3750e-02 3.8767e-01 8.0000e-02 1.7188e-01 1.1905e-01 3.2965e-01 5.4412e-01 1.0638e-01 1.5000e-01 6.8182e-02 1.2195e-01 1.8182e-01 0.0000e+00 0.0000e+00 0.0000e+00 2.9167e-01 3.4483e-02 0.0000e+00 0.0000e+00 2.6316e-01 7.4341e-01 0.0000e+00 2.2727e-01 2.7434e-01 0.0000e+00 3.0526e-01 1.6216e-01 4.1667e-02 1.0000e+00 1.0000e+00 9.0909e-02 9.0909e-02 2.4868e-01 1.0000e+00 0.0000e+00 7.9000e-01 0.0000e+00 2.8000e-01 0.0000e+00 1.1765e-01 0.0000e+00
1.6667e-01 6.5574e-02 2.0513e-01 2.7344e-01 1.1538e-01 1.3462e-01 2.6613e-01 1.1111e-01 0.0000e+00 2.2222e-01 5.7143e-02 1.5385e-01 4.4444e-02 4.8780e-02 8.5714e-02 5.9206e-01 8.3333e-02 1.2963e-01 1.0843e-01 1.0714e-01 6.8966e-02 1.2500e-01 2.1719e-01 2.5688e-01 1.7647e-01 2.6316e-02 4.2553e-02 0.0000e+00 3.5714e-02 5.7959e-01 5.0000e-02 1.5217e-01 4.8780e-02 2.7027e-02 7.8947e-02 0.0000e+00 3.1250e-02 9.0909e-02 3.8095e-01 7.1429e-02 8.6957e-02 1.4286e-01 1.5385e-01 1.2987e-01 8.3333e-02 2.5424e-01 2.4242e-01 2.5926e-01 7.6923e-02 8.3333e-02
6.6400e-01 5.7240e-01 4.2308e-01 4.9333e-01 3.1250e-01 5.1020e-01 1.6667e-01 4.6269e-01 6.1232e-01 6.1205e-01 1.6667e-01 1.7647e-01 2.7907e-01 3.1915e-01 5.5334e-01 4.5833e-01 6.0586e-01 7.0753e-01 2.5490e-01 6.1670e-01 6.3380e-01 3.0556e-01 5.4376e-01 7.5394e-01 4.7826e-01 6.4611e-01 4.1026e-01 5.8944e-01 6.8949e-01 2.5000e-01 4.0845e-01 3.6667e-01 2.3333e-01 3.8806e-01 5.6028e-01 5.6557e-01 3.3333e-01 0.0000e+00 0.0000e+00 6.1330e-01 3.8182e-01 4.6366e-01 7.5000e-01 3.7500e-01 1.0000e+00 6.9048e-01 1.0000e+00 5.0000e-01 3.5714e-01 3.1707e-01
0.0000e+00 7.6923e-02 3.8603e-01 5.1224e-01 5.2297e-01 1.8519e-01 4.0294e-01 4.0863e-01 1.8667e-01 1.4583e-01 1.5556e-01 5.1871e-01 8.6957e-02 2.3585e-01 6.1224e-02 5.1570e-01 2.9231e-01 2.0896e-01 2.1622e-01 1.9178e-01 2.1739e-01 3.9526e-01 2.5862e-01 3.2000e-01 1.4000e-01 4.2173e-01 1.2903e-01 1.1290e-01 7.4074e-02 5.2143e-01 2.8378e-01 2.8000e-01 1.3462e-01 2.2917e-01 5.0093e-01 5.1265e-01 6.4516e-02 1.0000e-01 2.0000e-01 1.7442e-01 1.3043e-01 1.3253e-01 8.0615e-01 3.2394e-01 9.0909e-02 1.6667e-01 7.1412e-01 8.3333e-02 1.6327e-01 2.6230e-01
1.1111e-01 6.8927e-01 0.0000e+00 0.0000e+00 1.0000e+00 8.0912e-01 4.6429e-01 7.4675e-01 4.9020e-01 4.7059e-01 4.4444e-01 8.1673e-01 5.2632e-01 6.5455e-01 7.1046e-01 0.0000e+00 6.5217e-01 8.7251e-01 7.2059e-01 7.9857e-01 8.0000e-01 3.6364e-01 7.1429e-02 4.0000e-01 3.9286e-01 4.8980e-01 6.9985e-01 1.6667e-01 5.0000e-01 1.0000e+00 1.5385e-01 1.0000e+00 8.2495e-01 8.1797e-01 6.6250e-01 9.2506e-01 8.9461e-01 6.3636e-01 0.0000e+00 5.8784e-01 1.0000e-01 3.6735e-01 1.0000e+00 7.7847e-01 6.0000e-01 3.3333e-01 1.0000e+00 5.0000e-01 1.0000e-01 8.4238e-01
