5.2000e+01 6.0000e+00 3.2730e+03 1.4000e+01 4.4000e+01 3.7300e+02 2.3000e+02 3.2030e+03 1.7700e+03 7.1000e+02 1.8000e+01 2.6000e+01 1.6000e+01 7.0000e+00 9.8000e+01 1.2000e+01 5.0000e+00 2.0000e+00 4.0000e+00 1.5000e+01 1.6000e+01 6.0000e+00 4.6000e+01 1.7000e+01 6.0000e+00 2.1000e+01 2.4890e+03 7.0000e+00 3.6600e+02 5.0000e+00 3.5470e+03 4.1770e+03 7.1800e+02 1.6350e+03 2.1000e+01 1.2000e+01 2.8000e+01 2.0000e+00 2.0000e+00 3.6000e+01 1.2500e+02 0.0000e+00 0.0000e+00 8.2000e+01 4.0000e+00 2.0000e+00 3.0000e+00 6.0000e+00 2.0000e+00 3.1200e+02
5.7000e+01 3.3800e+02 0.0000e+00 0.0000e+00 3.9940e+03 0.0000e+00 3.5000e+01 3.9900e+02 1.0000e+00 5.0000e+00 0.0000e+00 0.0000e+00 3.0000e+00 0.0000e+00 2.0000e+00 7.4000e+01 4.0000e+00 0.0000e+00 7.0000e+00 1.6500e+02 4.0000e+00 7.0000e+01 1.2680e+03 4.0000e+00 2.0000e+00 1.7000e+01 2.5000e+01 0.0000e+00 2.2180e+03 1.2100e+02 3.0000e+00 0.0000e+00 0.0000e+00 1.4000e+01 9.0000e+00 5.0000e+00 9.0000e+00 1.0000e+00 1.0000e+00 0.0000e+00 0.0000e+00 2.3000e+01 2.0000e+00 3.0000e+01 5.7310e+03 3.9120e+03 0.0000e+00 3.0000e+00 9.6000e+01 9.0000e+00
1.0000e+00 2.4000e+01 5.0000e+00 1.7100e+02 9.0000e+00 2.8600e+02 2.6700e+02 3.8000e+01 9.5000e+02 1.0920e+03 3.9200e+03 4.0000e+00 2.6370e+03 3.3360e+03 0.0000e+00 9.0000e+00 8.2100e+02 4.0000e+00 1.7600e+02 6.7000e+01 2.5300e+02 2.6000e+01 9.0000e+00 2.7600e+02 3.4820e+03 4.0000e+01 4.5000e+01 4.6000e+01 8.0800e+02 0.0000e+00 2.4000e+01 6.0000e+00 3.2800e+02 2.5100e+02 4.2300e+02 1.0000e+01 4.6900e+02 0.0000e+00 1.0000e+00 4.0000e+00 2.6770e+03 7.1000e+01 4.0000e+00 2.2000e+01 0.0000e+00 1.3000e+01 2.0000e+00 1.0000e+00 4.1000e+01 3.2000e+01
4.9990e+03 1.2000e+01 9.0400e+02 5.4000e+01 0.0000e+00 9.3700e+02 4.1110e+03 1.9000e+01 2.3800e+02 2.1930e+03 1.0000e+00 1.4900e+02 9.8000e+02 1.9700e+02 0.0000e+00 0.0000e+00 8.0000e+00 1.1800e+02 2.0900e+02 3.0000e+00 6.0000e+00 4.4860e+03 1.0000e+00 4.0000e+01 1.0000e+00 1.2000e+01 4.7400e+02 1.3000e+01 3.0000e+00 0.0000e+00 6.0000e+00 4.0000e+00 7.2000e+01 0.0000e+00 5.0000e+00 1.0000e+00 9.3700e+02 2.0000e+00 1.0000e+00 1.0000e+00 1.2350e+03 3.4730e+03 1.0000e+00 1.6400e+02 1.0000e+00 7.0000e+00 6.0000e+00 3.0000e+00 5.0860e+03 5.0000e+00
5.0000e+00 0.0000e+00 0.0000e+00 0.0000e+00 1.0000e+00 0.0000e+00 1.8600e+02 0.0000e+00 0.0000e+00 0.0000e+00 2.0000e+00 4.0000e+01 0.0000e+00 0.0000e+00 0.0000e+00 4.3000e+01 3.3000e+01 0.0000e+00 8.0000e+00 1.1340e+03 2.6870e+03 1.1000e+01 3.6200e+02 1.0000e+01 5.0000e+00 2.0000e+00 0.0000e+00 0.0000e+00 3.0000e+00 0.0000e+00 4.4000e+01 1.3300e+02 1.0000e+00 4.0000e+00 2.9000e+01 0.0000e+00 0.0000e+00 0.0000e+00 5.4240e+03 0.0000e+00 1.5000e+01 0.0000e+00 3.0000e+00 0.0000e+00 3.0000e+00 2.0000e+00 0.0000e+00 4.0870e+03 5.0000e+00 0.0000e+00
1.2000e+01 3.0000e+00 6.0000e+00 0.0000e+00 0.0000e+00 1.7990e+03 0.0000e+00 0.0000e+00 0.0000e+00 3.0000e+00 8.8000e+01 2.0000e+00 1.1000e+01 5.0000e+00 1.4900e+02 1.1100e+02 5.0000e+00 6.0000e+00 3.0000e+00 5.0000e+00 6.0000e+00 0.0000e+00 0.0000e+00 0.0000e+00 3.5000e+01 1.0000e+00 0.0000e+00 0.0000e+00 1.5000e+01 3.5810e+03 0.0000e+00 1.0000e+01 3.1000e+01 0.0000e+00 2.9000e+01 6.0000e+00 1.0000e+00 5.9250e+03 4.0000e+00 4.0000e+00 3.0000e+00 4.7000e+01 5.6260e+03 0.0000e+00 2.3700e+02 0.0000e+00 7.0000e+00 0.0000e+00 4.0000e+00 0.0000e+00
1.0000e+01 4.0000e+00 1.6000e+01 3.5000e+01 3.0000e+00 7.0000e+00 3.3000e+01 5.0000e+00 0.0000e+00 2.4000e+01 2.0000e+00 8.0000e+00 2.0000e+00 2.0000e+00 6.0000e+00 3.1000e+03 5.0000e+00 7.0000e+00 9.0000e+00 6.0000e+00 2.0000e+00 7.0000e+00 4.8000e+01 2.8000e+01 1.5000e+01 1.0000e+00 2.0000e+00 0.0000e+00 1.0000e+00 4.2600e+02 2.0000e+00 7.0000e+00 2.0000e+00 1.0000e+00 3.0000e+00 0.0000e+00 1.0000e+00 1.0000e+00 8.0000e+00 4.0000e+00 4.0000e+00 1.7000e+01 2.0000e+00 1.0000e+01 1.0000e+00 1.5000e+01 8.0000e+00 7.0000e+00 3.0000e+00 4.0000e+00
3.3200e+02 1.9450e+03 2.2000e+01 3.7000e+01 5.0000e+00 5.0000e+01 3.0000e+00 3.1000e+01 6.7600e+02 2.5400e+02 3.0000e+00 3.0000e+00 1.2000e+01 1.5000e+01 1.0530e+03 1.1000e+01 2.1920e+03 2.4700e+03 1.3000e+01 5.3900e+02 9.0000e+01 1.1000e+01 6.7100e+02 3.7750e+03 5.5000e+01 2.2730e+03 4.8000e+01 3.2490e+03 2.8200e+02 1.0000e+00 2.9000e+01 1.1000e+01 7.0000e+00 2.6000e+01 7.9000e+01 6.9000e+01 1.2000e+01 0.0000e+00 0.0000e+00 3.4590e+03 2.1000e+01 1.8500e+02 3.0000e+00 3.0000e+01 1.0000e+00 8.7000e+01 1.0000e+00 2.0000e+00 1.5000e+01 1.3000e+01
0.0000e+00 4.0000e+00 1.0500e+02 2.7610e+03 1.4800e+02 1.0000e+01 1.3700e+02 1.6100e+02 1.4000e+01 7.0000e+00 7.0000e+00 2.7170e+03 4.0000e+00 2.5000e+01 3.0000e+00 1.1500e+02 7.6000e+01 1.4000e+01 3.2000e+01 1.4000e+01 1.0000e+01 2.0000e+02 6.0000e+01 4.0000e+01 7.0000e+00 8.5400e+02 8.0000e+00 7.0000e+00 2.0000e+00 7.3000e+01 4.2000e+01 2.1000e+01 7.0000e+00 2.2000e+01 2.4110e+03 1.9850e+03 2.0000e+00 1.0000e+00 1.0000e+00 1.5000e+01 6.0000e+00 1.1000e+01 2.6200e+02 1.1500e+02 1.0000e+00 5.0000e+00 4.2440e+03 1.0000e+00 8.0000e+00 3.2000e+01
1.0000e+00 8.7400e+02 0.0000e+00 0.0000e+00 6.0000e+00 2.8400e+02 1.3000e+01 1.1500e+02 2.5000e+01 1.6000e+01 1.2000e+01 2.0500e+02 4.0000e+01 1.0800e+02 2.3090e+03 0.0000e+00 1.9500e+02 1.8410e+03 3.5280e+03 1.1140e+03 4.0000e+00 8.0000e+00 1.0000e+00 8.0000e+00 1.1000e+01 2.4000e+01 4.5700e+02 3.0000e+00 4.0000e+00 1.0000e+00 2.0000e+00 4.0000e+00 3.2140e+03 2.1300e+03 5.3000e+01 1.6540e+03 3.5820e+03 7.0000e+00 0.0000e+00 8.7000e+01 1.0000e+00 1.8000e+01 0.0000e+00 3.7250e+03 3.0000e+00 1.0000e+00 4.0000e+00 1.0000e+00 1.0000e+00 4.2220e+03
