8.0000e+00 0.0000e+00 2.9000e+01 8.0000e+00 3.0000e+00 3.8700e+02 1.3230e+03 2.7000e+01 6.0000e+00 0.0000e+00 2.7000e+01 6.0000e+00 0.0000e+00 2.8000e+01 8.0000e+00 1.6000e+01 2.7000e+01 1.0000e+00 4.0000e+00 4.0000e+00 1.1000e+01 5.0000e+00 4.0000e+00 5.0000e+00 5.0000e+00 1.0000e+00 3.1000e+01 0.0000e+00 2.4000e+01 2.3000e+01 6.0000e+00 3.0000e+00 2.0000e+01 8.0000e+00 1.5000e+01 1.2500e+02 4.0000e+00 4.3000e+01 1.2160e+03 3.3000e+01 1.4000e+01 1.0000e+00 7.8000e+01 0.0000e+00 7.0000e+00 3.5000e+01 1.8200e+02 4.7000e+01 1.6000e+01 6.0000e+00
6.0000e+00 0.0000e+00 0.0000e+00 1.1000e+01 4.0000e+00 1.0000e+00 0.0000e+00 0.0000e+00 1.5000e+01 1.2000e+01 0.0000e+00 2.2100e+02 1.0000e+00 7.0000e+00 2.0000e+00 2.0000e+00 4.6600e+02 4.0000e+00 2.0000e+00 5.0000e+00 9.6200e+02 6.0000e+00 1.0000e+00 3.0000e+00 2.1000e+01 5.0000e+00 3.0000e+00 1.1000e+01 5.0000e+00 9.0000e+00 5.0000e+00 2.8020e+03 3.3000e+01 1.0000e+00 1.2000e+01 3.0000e+00 5.0000e+00 2.0000e+00 6.0000e+00 0.0000e+00 1.0000e+00 2.0000e+00 1.3300e+02 3.1000e+01 9.0000e+00 4.0000e+00 0.0000e+00 7.0000e+00 2.0000e+00 0.0000e+00
2.8000e+01 2.0000e+00 9.0000e+00 6.0000e+00 3.0000e+00 6.1000e+01 1.3000e+01 9.0000e+00 1.0000e+00 1.5000e+01 1.2000e+01 3.0000e+00 3.0000e+00 6.0000e+00 1.0000e+00 2.6000e+01 3.0000e+00 1.0000e+01 5.0000e+00 2.0000e+00 2.9000e+01 3.4000e+01 8.0000e+00 1.8000e+01 9.0000e+00 1.7000e+01 4.0000e+00 2.0000e+00 2.0000e+00 1.9180e+03 4.2000e+01 1.1000e+01 3.0000e+00 5.0000e+00 5.0000e+00 2.2000e+01 1.0000e+00 1.1900e+02 2.0500e+02 1.0000e+00 0.0000e+00 0.0000e+00 3.9900e+02 1.2000e+02 5.0000e+00 5.0000e+00 2.0000e+00 1.3000e+01 8.0000e+00 4.0000e+00
1.8000e+01 2.0000e+00 3.0000e+00 2.0000e+00 5.0000e+00 0.0000e+00 3.2000e+01 0.0000e+00 5.0000e+00 4.0000e+00 2.0000e+00 2.8000e+01 0.0000e+00 4.3000e+01 2.0000e+00 2.4000e+01 0.0000e+00 4.0000e+00 4.0000e+00 4.0000e+00 2.0000e+00 1.0000e+01 8.6500e+02 5.0000e+00 3.0000e+00 0.0000e+00 1.5000e+01 0.0000e+00 0.0000e+00 2.6500e+02 4.0000e+00 7.0000e+00 0.0000e+00 1.0000e+00 2.9000e+01 1.0000e+01 3.0000e+00 0.0000e+00 8.0000e+00 2.4000e+01 0.0000e+00 0.0000e+00 7.8000e+01 0.0000e+00 0.0000e+00 2.2000e+01 8.0000e+00 6.0000e+00 1.0000e+00 1.0000e+00
9.0000e+00 1.0000e+00 1.0000e+00 4.0000e+00 4.0000e+00 2.0000e+00 1.1000e+01 3.0000e+00 1.0000e+01 3.0000e+00 7.0000e+00 6.0000e+00 1.0000e+00 6.0000e+00 1.0000e+01 1.0000e+01 1.0000e+00 5.0000e+00 9.0000e+00 1.0000e+00 2.0000e+00 4.0000e+00 2.0000e+00 8.0000e+00 2.0000e+00 4.0000e+00 1.2000e+01 1.9000e+01 3.7480e+03 7.0000e+00 0.0000e+00 1.0000e+00 9.0000e+00 0.0000e+00 8.2000e+01 7.0000e+00 0.0000e+00 2.0000e+00 2.3000e+01 1.0000e+00 3.0000e+00 4.0000e+00 6.8000e+01 3.0000e+00 3.0000e+00 2.0000e+00 1.9000e+01 3.0000e+00 1.0000e+00 5.0000e+00
5.0000e+00 0.0000e+00 0.0000e+00 0.0000e+00 1.0000e+01 3.0000e+00 2.0000e+00 6.0000e+00 2.3000e+01 1.0000e+00 1.1000e+01 9.0000e+00 4.0000e+00 0.0000e+00 1.6000e+01 2.0000e+01 0.0000e+00 5.0000e+00 5.0000e+00 3.0000e+00 7.0000e+00 2.0000e+00 7.0000e+00 9.0000e+00 1.0000e+00 4.0000e+00 0.0000e+00 1.3000e+01 1.0000e+00 5.0000e+00 9.0000e+00 1.0000e+00 4.0000e+00 0.0000e+00 5.0000e+00 2.2000e+01 3.0000e+00 2.0000e+00 1.4100e+02 2.8910e+03 3.0000e+00 2.0000e+00 2.1000e+01 1.2000e+01 1.9000e+01 3.0000e+00 6.6000e+01 9.0000e+00 0.0000e+00 0.0000e+00
4.8400e+02 2.0000e+00 2.6000e+01 1.0000e+00 0.0000e+00 3.3000e+01 1.0000e+01 0.0000e+00 0.0000e+00 0.0000e+00 2.3000e+01 0.0000e+00 4.0000e+00 1.2000e+01 0.0000e+00 3.0000e+00 0.0000e+00 0.0000e+00 0.0000e+00 3.0000e+00 1.0000e+00 0.0000e+00 3.0000e+00 2.0000e+00 1.0000e+00 5.0000e+00 0.0000e+00 3.0000e+00 1.0000e+00 2.8000e+01 0.0000e+00 0.0000e+00 0.0000e+00 2.0000e+00 0.0000e+00 3.0000e+00 0.0000e+00 7.0000e+00 0.0000e+00 1.0000e+00 0.0000e+00 0.0000e+00 0.0000e+00 0.0000e+00 0.0000e+00 1.6560e+03 9.0000e+00 6.0000e+00 2.0000e+00 2.0000e+00
1.0000e+00 0.0000e+00 1.2000e+01 6.0000e+00 5.0000e+00 6.0000e+00 2.0000e+00 2.0000e+00 1.0000e+00 0.0000e+00 3.0000e+00 1.3000e+01 2.0000e+00 4.0000e+00 0.0000e+00 8.0000e+00 3.0000e+00 2.8000e+01 4.0000e+00 3.0000e+00 4.0000e+00 5.0000e+00 2.1000e+01 6.0000e+00 0.0000e+00 0.0000e+00 1.0000e+00 4.0000e+00 5.0000e+00 4.0000e+00 9.0000e+00 3.1000e+01 3.0000e+00 2.0000e+00 0.0000e+00 1.0000e+00 0.0000e+00 5.0000e+00 8.0000e+00 5.0000e+00 0.0000e+00 0.0000e+00 0.0000e+00 2.0000e+00 3.0000e+00 1.0000e+00 0.0000e+00 1.0000e+00 2.0000e+00 0.0000e+00
0.0000e+00 2.5000e+01 2.0000e+00 1.0000e+00 4.5000e+01 1.0000e+00 1.9000e+02 0.0000e+00 2.8000e+01 1.0000e+00 5.0000e+00 5.0000e+00 0.0000e+00 1.2000e+01 3.0000e+00 3.9000e+01 4.0000e+00 3.0000e+00 3.0000e+00 0.0000e+00 7.0000e+00 1.8000e+01 2.0000e+00 2.2000e+01 4.0000e+00 9.0000e+00 1.0000e+00 1.1000e+01 4.0000e+00 7.0000e+00 7.0000e+00 7.0000e+00 4.0000e+00 9.0000e+00 9.0000e+00 2.8000e+01 4.0000e+00 6.0000e+00 0.0000e+00 0.0000e+00 0.0000e+00 2.4000e+01 0.0000e+00 3.0000e+00 1.7900e+02 1.0000e+00 6.0000e+00 4.0000e+00 0.0000e+00 0.0000e+00
1.9000e+01 1.0000e+00 4.0000e+00 2.0000e+01 1.7380e+03 2.5000e+01 2.6000e+01 9.7000e+01 1.0000e+00 1.0000e+00 2.2000e+01 8.0000e+00 2.7000e+01 6.0000e+00 1.0000e+00 4.2000e+01 7.0000e+00 9.0000e+00 3.0000e+00 3.8000e+01 2.0000e+00 1.2500e+02 2.4000e+01 1.1000e+01 5.0000e+00 2.3000e+01 2.0000e+00 4.0000e+00 7.0000e+00 1.0000e+01 5.0000e+00 2.0000e+01 1.8000e+01 1.3000e+01 9.0000e+00 2.2000e+01 6.0000e+00 3.2000e+01 1.0600e+02 3.0000e+00 9.0000e+00 1.0000e+00 2.9000e+01 5.0000e+00 5.0000e+00 8.0000e+00 9.8000e+01 2.9000e+01 7.0000e+00 3.3000e+01
7.0000e+00 4.0000e+00 4.0000e+00 4.0000e+00 1.0000e+00 3.0000e+00 4.0000e+00 0.0000e+00 2.0000e+00 2.0000e+00 2.0000e+00 0.0000e+00 1.0000e+00 1.0000e+00 7.0000e+00 9.0000e+00 8.0000e+00 4.2000e+01 8.0000e+01 0.0000e+00 8.1000e+01 7.0000e+00 7.0000e+00 2.0900e+03 1.4000e+01 4.0000e+00 9.6000e+01 3.0000e+00 0.0000e+00 4.0000e+00 3.9300e+02 5.0000e+00 3.0000e+00 2.0000e+00 4.0000e+00 7.7000e+01 5.0000e+00 1.0000e+00 3.0000e+00 3.0000e+00 0.0000e+00 2.5580e+03 2.0000e+00 3.4000e+01 2.0000e+00 4.0000e+00 1.2000e+01 4.0000e+00 1.9000e+01 1.0000e+00
1.0000e+01 0.0000e+00 3.0000e+00 4.0000e+00 1.3000e+01 1.4420e+03 1.8000e+01 6.0000e+00 0.0000e+00 1.0000e+00 1.2000e+01 4.8000e+01 5.0000e+00 0.0000e+00 1.5000e+01 9.3000e+02 2.0000e+00 6.0000e+00 3.8000e+01 0.0000e+00 4.0000e+00 1.4000e+01 4.0000e+00 3.0000e+00 1.4000e+01 1.7000e+01 1.1400e+02 9.0000e+00 7.1000e+01 6.0000e+00 1.5000e+01 0.0000e+00 0.0000e+00 1.0000e+00 5.1000e+01 8.0000e+00 0.0000e+00 7.4000e+01 7.1000e+01 2.0000e+00 0.0000e+00 1.3000e+01 3.0000e+00 1.0000e+00 0.0000e+00 2.0000e+00 7.0000e+00 3.0000e+00 4.8000e+01 1.0000e+01
3.0000e+00 1.2400e+02 2.6800e+02 6.0000e+00 5.0000e+00 4.0000e+00 5.0000e+00 3.5000e+01 9.0000e+00 2.0000e+00 1.0000e+00 2.3000e+01 3.2000e+01 7.1700e+02 4.0000e+00 1.0000e+00 8.6000e+01 1.7000e+01 5.0200e+02 9.7000e+02 5.2000e+01 5.0000e+00 2.1000e+01 3.5000e+01 5.7100e+02 2.6100e+02 7.0000e+00 4.0000e+01 5.0000e+00 2.0000e+00 8.2200e+02 0.0000e+00 6.9000e+01 0.0000e+00 5.0000e+00 1.2000e+01 4.3200e+02 3.0000e+00 2.0000e+00 2.0000e+00 6.2000e+01 3.2300e+02 1.0000e+00 1.7200e+02 0.0000e+00 1.0000e+00 1.7800e+02 1.0000e+00 6.7000e+01 5.0000e+00
5.0000e+00 1.0000e+00 1.0000e+00 4.7000e+01 2.9000e+01 5.0000e+00 3.0000e+00 1.9000e+01 6.0000e+00 2.2000e+01 8.0000e+00 1.6000e+01 5.0000e+00 7.0000e+00 1.5000e+01 1.1000e+01 7.0000e+00 3.0000e+00 4.0000e+00 1.0000e+00 6.0000e+00 2.6360e+03 5.0000e+00 4.9000e+01 2.1000e+01 6.0000e+00 2.3000e+01 5.3000e+01 4.0000e+00 3.0000e+01 1.1000e+01 1.0000e+01 1.3000e+01 2.0000e+00 1.2000e+01 4.0000e+00 2.0000e+00 1.9800e+02 1.7600e+02 2.8000e+01 0.0000e+00 5.0000e+00 9.0000e+00 2.0000e+00 3.5000e+01 1.2400e+02 8.0000e+00 1.1000e+01 1.0000e+00 1.0000e+00
2.0000e+00 2.0000e+00 2.6000e+01 4.7000e+01 8.0000e+00 4.0000e+00 3.4000e+01 2.0000e+00 1.8000e+01 8.0000e+00 3.3000e+01 1.2000e+01 6.7000e+01 2.1100e+02 6.0000e+00 9.0000e+00 5.0000e+00 2.0000e+00 2.3000e+01 7.5000e+01 6.0000e+00 1.2000e+01 2.0000e+01 7.0000e+00 4.0000e+00 2.8000e+01 6.0000e+00 1.0200e+02 2.0000e+00 6.0000e+00 3.8000e+01 3.0000e+00 3.0000e+00 6.0000e+00 6.0000e+00 1.3000e+01 1.0000e+00 5.5000e+01 2.5000e+01 0.0000e+00 7.0000e+00 7.0000e+00 7.0000e+00 7.6000e+01 6.7000e+01 4.0000e+00 3.0100e+02 6.0000e+00 2.4570e+03 0.0000e+00
1.0000e+00 1.0000e+00 0.0000e+00 1.0000e+00 1.0000e+00 0.0000e+00 3.6000e+01 4.0000e+00 2.0000e+00 0.0000e+00 1.0000e+00 0.0000e+00 0.0000e+00 2.0000e+00 1.0000e+01 4.0000e+00 1.0000e+00 2.0000e+00 0.0000e+00 3.0000e+00 4.0000e+00 7.0000e+00 1.0000e+00 9.0000e+00 4.0000e+00 4.0000e+00 2.0000e+00 3.0000e+00 1.0000e+00 0.0000e+00 0.0000e+00 3.0000e+00 0.0000e+00 1.9700e+02 1.3540e+03 0.0000e+00 0.0000e+00 3.8400e+02 1.0000e+01 1.0000e+00 0.0000e+00 0.0000e+00 9.2000e+01 1.0000e+00 1.5900e+02 0.0000e+00 0.0000e+00 1.7970e+03 0.0000e+00 4.0000e+00
2.0000e+00 2.0000e+00 2.0000e+00 1.0000e+00 1.0000e+00 4.0000e+00 0.0000e+00 5.0000e+00 1.0000e+00 3.0000e+00 5.7800e+02 2.0000e+00 1.6000e+01 1.4000e+01 7.0000e+00 0.0000e+00 1.0000e+00 2.0000e+00 6.0000e+00 1.0000e+01 1.3000e+01 0.0000e+00 5.0000e+00 2.0000e+00 4.0000e+00 2.0000e+00 0.0000e+00 2.4000e+01 3.0000e+00 6.0000e+00 8.0000e+00 0.0000e+00 7.0000e+00 5.0000e+00 0.0000e+00 1.0000e+00 0.0000e+00 0.0000e+00 2.0000e+00 0.0000e+00 0.0000e+00 0.0000e+00 0.0000e+00 1.3000e+01 0.0000e+00 5.0000e+00 1.1000e+01 7.0000e+00 0.0000e+00 2.0000e+00
4.0000e+00 3.0390e+03 2.0000e+00 3.0000e+00 3.0000e+00 4.0000e+00 2.0000e+00 8.2800e+02 9.0000e+00 1.0000e+00 4.0000e+00 2.3000e+01 5.0000e+00 4.6900e+02 1.0000e+00 3.0000e+00 5.3000e+01 1.0000e+00 4.0000e+00 0.0000e+00 1.0000e+00 0.0000e+00 1.0000e+00 1.0000e+00 2.4200e+02 2.8000e+01 5.0000e+00 3.5000e+01 0.0000e+00 2.0000e+00 0.0000e+00 3.0000e+00 0.0000e+00 2.0000e+00 3.0000e+00 6.6000e+01 8.3800e+02 0.0000e+00 1.0000e+00 2.0000e+00 0.0000e+00 4.0000e+00 5.0000e+00 0.0000e+00 9.0000e+00 3.0000e+00 4.0000e+00 2.0000e+00 3.7000e+01 1.3000e+01
6.0000e+00 2.0000e+00 2.0000e+00 1.0000e+01 1.0000e+01 3.0000e+00 0.0000e+00 0.0000e+00 1.0000e+00 0.0000e+00 7.1500e+02 4.0000e+00 0.0000e+00 2.0000e+00 1.2000e+01 3.8000e+01 0.0000e+00 0.0000e+00 0.0000e+00 1.0000e+00 0.0000e+00 0.0000e+00 0.0000e+00 3.0000e+00 0.0000e+00 1.0000e+00 2.0000e+00 0.0000e+00 3.0000e+00 1.0000e+01 2.0000e+00 0.0000e+00 4.0000e+00 1.0000e+00 1.1000e+01 1.0000e+00 0.0000e+00 0.0000e+00 8.0000e+00 3.0000e+00 3.0000e+00 8.0000e+00 4.5000e+01 0.0000e+00 3.0000e+00 6.0000e+00 1.6000e+01 2.0000e+00 0.0000e+00 1.0000e+00
3.4000e+01 1.0000e+00 1.0000e+00 1.1000e+01 1.0000e+01 1.0000e+00 0.0000e+00 4.0000e+00 2.0000e+00 0.0000e+00 6.8000e+01 8.0000e+00 2.0000e+00 2.0000e+00 3.7000e+01 3.0000e+00 1.0000e+00 4.0000e+00 0.0000e+00 0.0000e+00 3.0000e+00 2.0000e+00 0.0000e+00 2.1000e+01 2.0000e+00 6.0000e+00 1.0000e+00 1.0000e+00 1.0000e+00 2.0000e+00 0.0000e+00 0.0000e+00 1.0000e+00 1.0000e+00 1.0000e+00 3.0000e+00 3.0000e+00 4.0000e+00 3.0000e+00 2.0000e+00 1.0000e+00 7.0000e+00 4.0000e+00 9.0000e+00 2.0000e+00 3.0000e+00 2.1000e+01 4.0000e+00 1.0000e+00 3.0000e+00
2.7000e+01 1.0000e+00 5.0000e+00 5.0000e+00 3.0000e+00 3.0000e+01 7.0000e+00 1.0000e+00 0.0000e+00 1.0000e+00 1.3000e+01 1.0000e+00 0.0000e+00 3.0000e+00 0.0000e+00 2.5000e+02 0.0000e+00 2.0000e+00 2.0000e+00 2.0000e+00 2.7000e+01 0.0000e+00 2.0000e+00 3.0000e+00 5.0000e+00 6.0000e+00 1.0000e+00 5.0000e+00 1.0000e+00 2.0000e+00 1.0000e+00 4.0000e+00 8.0000e+00 1.0000e+00 1.0000e+00 2.0000e+00 1.5000e+01 0.0000e+00 2.0000e+00 0.0000e+00 1.9000e+01 1.0000e+00 2.3000e+01 1.7000e+01 1.0000e+00 3.0000e+00 2.8000e+01 1.0000e+00 4.0000e+00 3.6980e+03
1.3000e+01 0.0000e+00 2.0000e+00 1.4000e+01 1.6000e+01 4.0000e+00 7.0000e+00 8.0000e+00 0.0000e+00 1.0000e+00 4.0000e+00 1.0000e+00 0.0000e+00 8.0000e+00 6.0000e+00 1.0000e+01 0.0000e+00 5.0000e+00 2.0000e+00 2.0000e+00 0.0000e+00 6.0000e+00 2.0000e+00 6.0000e+00 1.0000e+00 4.0000e+00 9.0000e+00 2.0000e+00 2.0000e+00 2.0000e+00 1.0000e+00 1.0000e+00 1.0000e+00 4.7080e+03 9.0000e+00 2.0000e+00 0.0000e+00 1.2000e+01 7.0000e+00 3.0000e+00 1.3000e+01 3.0000e+00 5.0000e+00 0.0000e+00 4.0000e+00 0.0000e+00 1.0000e+00 4.0000e+00 0.0000e+00 0.0000e+00
1.0000e+01 1.0000e+00 2.8000e+01 5.5000e+01 5.1000e+01 3.0000e+00 1.0000e+00 4.0000e+00 3.6000e+01 7.0000e+00 2.0000e+00 9.0000e+00 3.0000e+00 7.0000e+00 8.0000e+00 5.0000e+00 1.0590e+03 1.8000e+01 4.0000e+00 5.1000e+01 6.0000e+00 1.0000e+00 3.8100e+02 1.0200e+02 5.0000e+00 5.6000e+01 1.6000e+01 1.1300e+02 1.9000e+01 8.7000e+01 6.0000e+00 1.0830e+03 1.7100e+02 3.0000e+00 1.6000e+02 3.2000e+01 8.0000e+00 2.5700e+02 1.0000e+00 1.3000e+01 5.0000e+00 6.0000e+00 4.4000e+01 4.0000e+00 1.9000e+01 4.0000e+00 9.0000e+00 1.4000e+01 2.0000e+00 0.0000e+00
1.0000e+00 0.0000e+00 0.0000e+00 0.0000e+00 0.0000e+00 5.5000e+01 8.0000e+00 1.0000e+00 2.7000e+01 1.0000e+00 1.1000e+01 0.0000e+00 0.0000e+00 8.0000e+00 2.5000e+01 0.0000e+00 5.9000e+01 0.0000e+00 5.0000e+00 4.5000e+01 1.6000e+01 4.9000e+01 4.5200e+02 2.0000e+00 7.0000e+00 1.8770e+03 2.5000e+01 2.9000e+01 1.0000e+00 3.0000e+00 2.0000e+01 0.0000e+00 5.0000e+00 0.0000e+00 2.0000e+00 1.5970e+03 1.1000e+01 0.0000e+00 6.0000e+00 2.0000e+00 0.0000e+00 0.0000e+00 0.0000e+00 0.0000e+00 3.0000e+00 1.0000e+00 4.4200e+02 8.0000e+00 8.0000e+00 4.0000e+00
7.0000e+00 0.0000e+00 1.3000e+01 0.0000e+00 1.3000e+01 2.0000e+00 3.0000e+00 1.0000e+00 3.0000e+00 6.0000e+00 3.0000e+00 2.2000e+01 1.0000e+00 0.0000e+00 3.0000e+00 2.0000e+00 0.0000e+00 1.0000e+00 2.0000e+00 0.0000e+00 2.0000e+00 2.0000e+00 0.0000e+00 8.0000e+00 2.0000e+00 2.0000e+00 4.0000e+00 3.9900e+02 1.0000e+00 0.0000e+00 0.0000e+00 8.0000e+00 1.9000e+01 0.0000e+00 3.1000e+01 1.3000e+01 0.0000e+00 2.8400e+02 7.0000e+00 1.0000e+00 1.0000e+00 5.0000e+00 3.5000e+01 0.0000e+00 3.7740e+03 2.0000e+00 2.2000e+01 7.0000e+00 0.0000e+00 0.0000e+00
4.4000e+02 0.0000e+00 1.6000e+01 6.7000e+01 7.1800e+02 3.1000e+01 3.0000e+00 6.0000e+00 3.0000e+00 2.1800e+02 7.0000e+00 1.2130e+03 3.3000e+01 2.0000e+00 5.0000e+00 3.7000e+01 2.1000e+01 8.0000e+00 2.0000e+00 1.3000e+01 2.7000e+01 3.0000e+00 8.0000e+00 3.4900e+02 5.0000e+01 6.0000e+00 1.5000e+01 0.0000e+00 2.0000e+00 1.0000e+00 2.0000e+00 3.0000e+01 5.0000e+00 1.6000e+01 3.0000e+00 3.9000e+01 0.0000e+00 4.9900e+02 2.0000e+00 4.0000e+00 3.0000e+00 0.0000e+00 6.4000e+01 2.2000e+01 6.4000e+01 1.1700e+02 2.2000e+01 2.3800e+02 3.8000e+01 3.0000e+00
2.0000e+00 6.0000e+00 0.0000e+00 0.0000e+00 2.0000e+00 6.4000e+01 2.1340e+03 3.0000e+00 3.0000e+00 0.0000e+00 4.0000e+00 1.4000e+01 4.0000e+00 0.0000e+00 8.3000e+01 7.0000e+00 0.0000e+00 3.0000e+00 0.0000e+00 0.0000e+00 3.0000e+00 1.0000e+00 0.0000e+00 2.0000e+00 1.0000e+00 3.2000e+01 0.0000e+00 2.0000e+00 1.6000e+01 2.0000e+01 0.0000e+00 1.0000e+00 0.0000e+00 7.0000e+00 4.1600e+02 2.3000e+01 0.0000e+00 1.3300e+02 2.0000e+00 0.0000e+00 0.0000e+00 6.3000e+01 3.0000e+00 1.2000e+01 0.0000e+00 1.0000e+00 4.0000e+00 5.0000e+00 3.0000e+00 0.0000e+00
5.0000e+00 2.0000e+00 8.0000e+00 1.0000e+00 1.0000e+01 0.0000e+00 4.0000e+00 2.0000e+00 1.0000e+00 4.0000e+00 1.0000e+00 5.0000e+00 0.0000e+00 2.0000e+00 7.0000e+00 0.0000e+00 1.0000e+00 0.0000e+00 2.0000e+00 1.3000e+01 0.0000e+00 3.0000e+00 0.0000e+00 1.0000e+00 6.0000e+00 9.0000e+00 0.0000e+00 2.0000e+00 3.0000e+00 1.4000e+01 1.0000e+00 1.0000e+00 1.0000e+00 0.0000e+00 5.0000e+00 0.0000e+00 0.0000e+00 5.0000e+00 7.0000e+00 0.0000e+00 5.0000e+00 2.9000e+01 1.0000e+01 5.0000e+00 6.0000e+00 6.2400e+02 6.0000e+00 9.0000e+00 4.0000e+00 0.0000e+00
2.7000e+01 1.0000e+00 1.7000e+01 1.5550e+03 6.7000e+01 5.5000e+01 1.0600e+02 1.1000e+01 3.0000e+00 2.3000e+02 1.4000e+01 3.2000e+01 8.0000e+00 2.5000e+01 1.2000e+02 7.0000e+00 3.2700e+02 1.4000e+01 1.2000e+01 8.7000e+01 4.3000e+01 7.0000e+00 1.8000e+01 1.9000e+01 4.4800e+02 2.6000e+01 7.6000e+01 5.0000e+01 2.1000e+01 8.0000e+00 2.3000e+01 1.9000e+01 6.5000e+01 6.0000e+00 1.3000e+01 5.9000e+01 4.0000e+00 5.3000e+01 1.0000e+00 5.0000e+00 3.3000e+01 3.0000e+00 4.0000e+00 3.7000e+01 9.0000e+01 2.3000e+01 2.2000e+01 6.0000e+00 2.0000e+01 6.0000e+00
1.6000e+01 2.0000e+00 9.0000e+00 5.0000e+00 7.0000e+00 2.0000e+01 3.7000e+01 4.0000e+00 2.8200e+02 1.2000e+01 7.7000e+01 1.1000e+01 2.0000e+01 1.8000e+01 1.0000e+01 2.5000e+01 1.7000e+01 1.2000e+01 5.0000e+00 4.0000e+00 2.8000e+01 1.6000e+01 8.0000e+00 1.7000e+01 5.0000e+00 2.0000e+01 8.2700e+02 1.4000e+01 3.9000e+01 8.4000e+01 2.0000e+00 1.3000e+01 4.0000e+00 0.0000e+00 1.0800e+03 4.0000e+00 6.0000e+00 3.0000e+00 1.4300e+02 1.1000e+01 4.0000e+00 2.0000e+00 1.3900e+02 2.9000e+01 9.0000e+01 8.0000e+00 6.7000e+01 3.9000e+01 0.0000e+00 1.1000e+01
1.0000e+00 1.2000e+01 2.0000e+00 0.0000e+00 2.0000e+00 3.0000e+00 0.0000e+00 2.0000e+00 2.0000e+00 1.9600e+02 1.6420e+03 1.0000e+00 0.0000e+00 3.8000e+01 1.0900e+02 0.0000e+00 6.0000e+00 4.0000e+00 0.0000e+00 6.0000e+00 5.0300e+02 3.0000e+00 2.0000e+00 5.0000e+00 8.9900e+02 1.5000e+01 1.0000e+00 2.0000e+00 3.0000e+00 3.0000e+00 1.3000e+01 6.0000e+00 3.8000e+01 0.0000e+00 0.0000e+00 2.5700e+02 1.0000e+00 6.0000e+00 4.0000e+00 5.0000e+00 7.0000e+00 3.0000e+00 2.0000e+00 1.4000e+01 2.0000e+00 6.0000e+00 7.8900e+02 3.9300e+02 0.0000e+00 2.0000e+00
1.6000e+01 0.0000e+00 9.0000e+00 2.4000e+01 7.0000e+00 1.4000e+01 5.0000e+00 9.0000e+00 2.3000e+01 1.2000e+01 9.0000e+00 6.3900e+02 2.5000e+01 2.0000e+00 1.2970e+03 2.7500e+02 6.0000e+00 2.0000e+00 5.0000e+00 1.0000e+01 3.0000e+00 6.0000e+00 6.0000e+00 4.0000e+00 1.9000e+01 3.9000e+02 2.0000e+00 1.4000e+01 6.0000e+00 2.1300e+02 1.4000e+01 1.9000e+01 5.0000e+00 3.5000e+01 4.4000e+01 2.7800e+02 2.0000e+00 1.5500e+02 1.0000e+00 4.0000e+00 1.0000e+00 0.0000e+00 1.9000e+02 9.0000e+00 4.4000e+01 3.0000e+00 3.6000e+01 3.2600e+02 2.0000e+00 2.0000e+00
2.3000e+01 2.0000e+00 4.0000e+00 3.0000e+01 2.0000e+00 2.7600e+02 0.0000e+00 6.0000e+00 9.0000e+00 4.0000e+00 1.5000e+01 2.8000e+01 3.0000e+00 1.2000e+01 2.1000e+01 5.3700e+02 1.0000e+00 6.0000e+00 2.0000e+00 2.0000e+00 0.0000e+00 2.0000e+00 4.0000e+00 1.8000e+01 4.0000e+00 8.7000e+01 4.5000e+01 2.0000e+00 1.4000e+01 1.3700e+02 2.0000e+00 0.0000e+00 2.0000e+00 7.0000e+00 1.7800e+02 1.0000e+00 0.0000e+00 1.0000e+00 1.8320e+03 1.0000e+00 2.0000e+00 3.0000e+01 5.0000e+00 0.0000e+00 1.3000e+01 1.6000e+01 1.0000e+01 2.0000e+00 0.0000e+00 3.0000e+00
0.0000e+00 5.5000e+01 1.6100e+02 4.0000e+00 2.0000e+00 0.0000e+00 2.0000e+00 2.4400e+03 2.4800e+02 0.0000e+00 1.0000e+00 5.8000e+01 1.5630e+03 1.3500e+02 1.0000e+00 2.0000e+00 5.0000e+00 1.4000e+02 8.9000e+01 7.7000e+01 1.1000e+01 2.0000e+00 1.0200e+02 5.8000e+01 1.2000e+01 1.7000e+01 3.0000e+00 9.0000e+00 3.0000e+00 1.0000e+00 9.1000e+01 1.0000e+00 1.3500e+02 4.0000e+00 0.0000e+00 5.4000e+01 2.0000e+01 1.0000e+00 2.0000e+00 7.0000e+00 7.7000e+01 7.0000e+00 0.0000e+00 1.3600e+02 1.0000e+00 1.0000e+00 7.2000e+01 3.0000e+00 6.0000e+01 2.0000e+00
8.0000e+00 0.0000e+00 0.0000e+00 7.0000e+00 0.0000e+00 4.0000e+00 4.0000e+00 0.0000e+00 7.0000e+00 6.0000e+00 5.0000e+00 2.0000e+00 0.0000e+00 0.0000e+00 2.0000e+00 6.0000e+00 0.0000e+00 0.0000e+00 0.0000e+00 0.0000e+00 2.0000e+00 5.0000e+00 0.0000e+00 3.0000e+00 0.0000e+00 3.0000e+00 0.0000e+00 1.0000e+00 0.0000e+00 0.0000e+00 2.5000e+01 3.0000e+00 1.2000e+01 0.0000e+00 2.7000e+01 3.0000e+00 0.0000e+00 0.0000e+00 0.0000e+00 5.0000e+00 0.0000e+00 0.0000e+00 1.3000e+01 4.5500e+02 3.0000e+00 0.0000e+00 2.0000e+00 9.0000e+00 0.0000e+00 0.0000e+00
1.0000e+00 2.1000e+01 1.6100e+02 1.0000e+00 2.0000e+00 5.0000e+00 1.0000e+00 2.1000e+01 5.0000e+01 2.0000e+00 1.0000e+00 1.0000e+00 4.3500e+02 5.2000e+01 4.0000e+00 0.0000e+00 2.7200e+02 2.7100e+02 2.8190e+03 5.9800e+02 6.0000e+00 5.0000e+00 7.2000e+01 1.0000e+00 5.0000e+00 2.0000e+00 3.0000e+00 1.3300e+02 4.0000e+00 1.0000e+00 1.1000e+01 3.0000e+00 2.0000e+01 1.0000e+00 0.0000e+00 1.0000e+00 1.6600e+03 0.0000e+00 3.0000e+00 3.0000e+00 1.8100e+02 8.0000e+00 0.0000e+00 4.0000e+00 0.0000e+00 4.0000e+00 0.0000e+00 2.0000e+00 4.0000e+01 0.0000e+00
1.0000e+00 0.0000e+00 0.0000e+00 1.5000e+01 0.0000e+00 3.0000e+00 3.0000e+00 4.0000e+00 2.0000e+00 8.4000e+01 3.0000e+00 0.0000e+00 3.0000e+00 0.0000e+00 1.0000e+03 2.0000e+00 9.0000e+00 1.4500e+02 3.7000e+01 1.6000e+01 4.5000e+01 6.0000e+00 0.0000e+00 4.6000e+01 2.0000e+00 3.0000e+00 3.3000e+01 0.0000e+00 0.0000e+00 3.0000e+00 0.0000e+00 2.4000e+01 1.0100e+02 0.0000e+00 1.0000e+00 3.4000e+01 2.0000e+00 0.0000e+00 4.1000e+01 8.0000e+00 0.0000e+00 7.4000e+01 2.7000e+01 1.0000e+00 2.5000e+01 4.0000e+00 8.8000e+01 2.0000e+01 0.0000e+00 1.9000e+01
4.0000e+00 0.0000e+00 1.4000e+01 1.8000e+01 2.0000e+00 8.7400e+02 1.0000e+00 6.4000e+01 4.0000e+00 2.0000e+00 5.4000e+01 2.6000e+01 5.0000e+00 1.3000e+01 2.7000e+01 3.6000e+01 1.0000e+00 1.7000e+01 6.0000e+00 1.0000e+00 1.4000e+01 3.6000e+01 1.0000e+01 5.6300e+02 8.7000e+01 2.4000e+01 1.0000e+01 7.0000e+00 1.2000e+01 2.0000e+00 6.0000e+00 1.8000e+01 1.7000e+01 2.0000e+00 3.3000e+01 2.1000e+01 6.7000e+01 1.9000e+01 1.0000e+00 4.0000e+00 2.0000e+00 1.2000e+01 1.8820e+03 2.0000e+00 1.8000e+01 8.0000e+00 8.0000e+00 3.7000e+01 3.0000e+00 2.3000e+01
0.0000e+00 6.2700e+02 2.5000e+02 0.0000e+00 0.0000e+00 3.0000e+00 3.0000e+00 1.1000e+01 4.2000e+01 0.0000e+00 0.0000e+00 3.0000e+00 5.9100e+02 9.5700e+02 0.0000e+00 4.0000e+00 4.0000e+00 1.8850e+03 0.0000e+00 1.2020e+03 1.0000e+00 0.0000e+00 1.0000e+00 5.0000e+00 5.8200e+02 2.0000e+00 1.3000e+01 1.0800e+02 3.0000e+00 1.0000e+00 1.0000e+00 3.0000e+00 0.0000e+00 6.0000e+00 1.0000e+00 3.0000e+00 5.0000e+00 2.0000e+00 4.0000e+00 0.0000e+00 3.0000e+01 8.0000e+01 1.0000e+00 3.0000e+00 1.0000e+00 0.0000e+00 0.0000e+00 3.0000e+00 2.0000e+00 4.0000e+00
5.0000e+00 3.9000e+01 2.6230e+03 5.0000e+00 1.0000e+00 0.0000e+00 0.0000e+00 8.0000e+00 2.6000e+01 1.0000e+00 1.0000e+00 1.0000e+00 1.8600e+02 2.8400e+02 0.0000e+00 1.0000e+00 1.3300e+02 3.5700e+02 1.1200e+02 8.4000e+01 0.0000e+00 4.0000e+00 7.9000e+01 4.0000e+00 5.0000e+00 5.0000e+00 1.1000e+01 1.1600e+02 4.0000e+00 0.0000e+00 2.2360e+03 3.0000e+00 9.3000e+01 3.0000e+00 0.0000e+00 2.0000e+00 1.9100e+02 0.0000e+00 1.0000e+00 2.0000e+00 5.6000e+01 1.0000e+01 2.0000e+00 6.0000e+00 2.0000e+00 0.0000e+00 2.0000e+00 1.0000e+00 8.8000e+01 1.0000e+00
2.0410e+03 6.0000e+00 3.3000e+01 1.0000e+00 3.2000e+01 0.0000e+00 1.0000e+00 4.0000e+00 2.0000e+00 8.0000e+00 1.3000e+01 0.0000e+00 5.0000e+00 2.5000e+01 8.0000e+00 1.0000e+00 5.0000e+00 2.0000e+00 2.5000e+01 4.0000e+00 8.4000e+02 4.0000e+00 7.2000e+01 0.0000e+00 6.7000e+01 2.3000e+01 2.0000e+00 2.0000e+00 3.0000e+00 9.0000e+00 2.0000e+00 2.0000e+00 1.0000e+00 0.0000e+00 3.0000e+00 2.4000e+01 1.0000e+00 1.0000e+00 1.0000e+00 2.0000e+00 0.0000e+00 7.5000e+01 7.0000e+00 8.0000e+00 1.1400e+02 7.1000e+01 6.3000e+01 2.1700e+02 2.3000e+01 9.0000e+00
0.0000e+00 1.8000e+01 4.6000e+01 0.0000e+00 2.0000e+00 2.0000e+00 1.0000e+00 1.3000e+01 2.2060e+03 3.0000e+00 3.0000e+00 2.0000e+00 5.0100e+02 1.2000e+01 2.0000e+00 0.0000e+00 7.9000e+01 1.3700e+02 1.4200e+02 3.5000e+01 4.0000e+00 4.0000e+00 3.6000e+01 1.0000e+00 2.0000e+00 2.0000e+00 1.1000e+01 1.9540e+03 1.0000e+00 4.0000e+00 1.4000e+01 7.0000e+00 2.5000e+01 0.0000e+00 3.0000e+00 1.0000e+00 3.9400e+02 0.0000e+00 1.0000e+00 1.0000e+00 1.3680e+03 6.0000e+00 1.0000e+00 2.0000e+00 1.0000e+00 0.0000e+00 3.0000e+00 2.0000e+00 3.6000e+01 1.0000e+00
0.0000e+00 0.0000e+00 1.0000e+00 0.0000e+00 2.4000e+01 9.0000e+00 9.0000e+00 1.0000e+00 6.0000e+00 2.7000e+01 0.0000e+00 1.0000e+00 0.0000e+00 3.0000e+00 2.0000e+00 1.2000e+01 1.4000e+01 0.0000e+00 0.0000e+00 5.0000e+00 5.1000e+01 3.0000e+00 0.0000e+00 1.0000e+00 2.0000e+00 1.0000e+00 2.0000e+01 1.4000e+01 3.0000e+00 2.0000e+01 2.0000e+00 3.0000e+00 0.0000e+00 3.0000e+00 1.0000e+00 3.0000e+00 1.5000e+01 0.0000e+00 2.3000e+01 0.0000e+00 0.0000e+00 0.0000e+00 2.3000e+01 0.0000e+00 1.4000e+01 4.0000e+00 0.0000e+00 1.3000e+01 0.0000e+00 1.0000e+00
0.0000e+00 7.0000e+00 1.0000e+00 2.0000e+00 1.0000e+00 9.0000e+00 1.8800e+02 1.7000e+01 4.0000e+00 1.5000e+01 1.4000e+01 4.0000e+00 0.0000e+00 2.1000e+01 7.0000e+00 1.1000e+01 6.0000e+00 1.0100e+02 3.0000e+00 5.0000e+00 0.0000e+00 0.0000e+00 1.9000e+01 1.0000e+00 2.0000e+00 1.0000e+00 4.0000e+00 1.0000e+00 2.0000e+00 7.0000e+00 8.0000e+00 4.0000e+00 0.0000e+00 1.0000e+00 9.0000e+00 1.9000e+01 0.0000e+00 3.4000e+01 6.0000e+00 1.2820e+03 0.0000e+00 3.0000e+00 0.0000e+00 8.0000e+00 1.0000e+00 1.1000e+01 5.0000e+00 1.4000e+01 1.0000e+00 2.0000e+00
1.8000e+01 5.0000e+00 5.0000e+00 1.0500e+02 8.0000e+00 6.0000e+00 4.0000e+01 3.0000e+00 1.3000e+01 1.8000e+01 3.0000e+00 2.5800e+02 3.0000e+00 4.0000e+00 5.5000e+01 9.9100e+02 2.0000e+00 2.9000e+01 9.0000e+00 2.0000e+00 7.0000e+00 1.2000e+01 1.9000e+01 2.3000e+01 3.7000e+01 1.8000e+01 9.0000e+00 1.2000e+01 9.0000e+00 5.2200e+02 4.0000e+00 1.3000e+01 1.3000e+01 1.0000e+00 8.4000e+01 1.2400e+02 5.1000e+01 2.0000e+01 1.0100e+02 4.0000e+00 2.3000e+01 2.1000e+01 6.6000e+01 0.0000e+00 2.7000e+01 4.1000e+01 2.2000e+01 8.0000e+00 1.1000e+01 1.3000e+01
3.0000e+00 8.0000e+00 1.9000e+01 4.4000e+01 1.9500e+02 1.0700e+02 5.9000e+01 7.0000e+00 6.0000e+00 4.0000e+00 2.4000e+01 4.0000e+00 8.0000e+00 2.7000e+01 8.5000e+01 2.5000e+01 3.0000e+00 6.1000e+01 0.0000e+00 1.3000e+01 7.0000e+00 2.0000e+00 1.8000e+01 4.6000e+01 9.0000e+00 1.3000e+01 1.1340e+03 8.0000e+00 9.0000e+00 2.9000e+01 6.0000e+00 1.0000e+00 1.6300e+02 6.0000e+00 1.4000e+01 8.0000e+00 1.7000e+01 6.0000e+00 3.0000e+00 3.2000e+01 7.0000e+00 2.0000e+01 3.0000e+00 1.0600e+03 2.0000e+01 0.0000e+00 3.8000e+01 2.2000e+01 2.0000e+00 2.0000e+00
6.0000e+00 0.0000e+00 1.3000e+01 0.0000e+00 8.0000e+00 1.0000e+00 0.0000e+00 5.0000e+00 4.0000e+01 1.0000e+00 2.0000e+00 2.0000e+00 4.0000e+00 5.0000e+00 8.0000e+00 1.0000e+00 1.0000e+00 0.0000e+00 5.0000e+00 1.0000e+00 4.0000e+00 3.0000e+00 0.0000e+00 0.0000e+00 6.0000e+00 0.0000e+00 0.0000e+00 0.0000e+00 3.0000e+00 1.4000e+01 8.0000e+00 4.0000e+00 0.0000e+00 0.0000e+00 0.0000e+00 8.0000e+00 0.0000e+00 5.0000e+00 1.0000e+00 0.0000e+00 0.0000e+00 0.0000e+00 1.3000e+01 3.0000e+00 0.0000e+00 0.0000e+00 3.0000e+00 4.0000e+00 7.0000e+00 4.0000e+00
7.0000e+01 0.0000e+00 2.9000e+01 1.1450e+03 7.0000e+00 1.0000e+00 3.5000e+01 1.0000e+01 1.2500e+02 5.0000e+00 3.8000e+01 2.3000e+01 1.3000e+01 4.7000e+01 7.8000e+01 4.4000e+01 2.8000e+01 1.0000e+00 3.2000e+01 2.0000e+00 2.6200e+02 1.8800e+02 1.8000e+01 1.5000e+01 8.0000e+00 8.0000e+00 1.4000e+01 0.0000e+00 9.0000e+00 3.3000e+01 1.2000e+01 1.2400e+02 1.0000e+00 8.0000e+00 4.8000e+01 9.0000e+00 4.0000e+00 8.0000e+00 4.0000e+00 4.0000e+00 1.2590e+03 7.0000e+00 1.3000e+02 5.4000e+01 3.0000e+00 4.0000e+00 2.1000e+01 5.0000e+00 3.5000e+01 0.0000e+00
1.3000e+01 7.0000e+00 1.0000e+00 1.2000e+01 7.0000e+00 1.1000e+01 1.4000e+01 1.5000e+01 2.1000e+01 7.0000e+00 5.0000e+00 2.1000e+01 6.0000e+00 4.0000e+00 7.9000e+01 1.0000e+00 1.3000e+01 4.0000e+00 2.5000e+01 3.0000e+01 1.1000e+01 1.4000e+01 8.0000e+00 7.0000e+00 7.0000e+01 1.4000e+01 3.0000e+00 1.5000e+01 4.0000e+01 2.1400e+02 5.0000e+00 1.3000e+01 2.0000e+00 3.0000e+00 4.4000e+01 1.5000e+01 4.0000e+00 1.4270e+03 3.3400e+02 2.0000e+00 2.6000e+01 5.0000e+00 2.3000e+01 1.6000e+01 0.0000e+00 1.5000e+01 2.1000e+01 1.3000e+01 1.0000e+00 5.0000e+00
0.0000e+00 1.2000e+01 3.0000e+00 7.0000e+00 1.7000e+01 2.0000e+00 5.0000e+00 1.0000e+00 1.2000e+01 2.8290e+03 3.0000e+00 2.0000e+00 3.2000e+01 3.0000e+00 3.0000e+00 0.0000e+00 1.0000e+00 1.0000e+00 1.0000e+00 3.5000e+01 7.0000e+00 7.0000e+00 2.0000e+00 9.0000e+00 0.0000e+00 6.0000e+00 1.0000e+00 3.6000e+01 2.5000e+01 0.0000e+00 9.0000e+00 4.0000e+00 1.8640e+03 1.1000e+01 0.0000e+00 8.3000e+01 4.0000e+00 1.0000e+00 1.0000e+00 1.0000e+00 2.0000e+00 2.1000e+01 3.0000e+00 6.2000e+01 1.0000e+00 6.0000e+00 6.4000e+01 8.0000e+00 4.0000e+00 0.0000e+00
