8.6000e+01 6.1000e+01 7.3000e+01 6.6000e+01 7.8000e+01 8.3000e+01 7.9000e+01 8.5000e+01 5.4050e+03 6.0000e+01 6.6000e+01 7.4000e+01 6.7000e+01 1.5100e+02 6.1000e+01 9.2000e+01 7.9000e+01 7.1000e+01 7.3000e+01 8.1000e+01 5.6000e+01 5.3500e+03 1.5000e+02 5.3180e+03 6.3000e+01 7.3000e+01 6.7000e+01 7.2000e+01 8.1000e+01 5.2130e+03 5.8000e+01 6.1000e+01 8.7000e+01 7.2000e+01 7.0000e+01 8.1000e+01 6.0000e+01 6.6000e+01 7.8000e+01 2.2200e+03 5.4300e+03 6.5000e+01 7.7000e+01 1.0300e+02 7.0000e+01 7.3000e+01 6.2000e+01 6.7000e+01 6.4000e+01 6.8000e+01
8.4000e+01 7.1000e+01 1.7680e+03 8.2000e+01 6.6000e+01 8.2000e+01 5.7000e+01 7.4000e+01 5.1000e+01 9.1000e+01 6.8000e+01 6.3000e+01 6.9000e+01 6.1000e+01 5.3290e+03 7.5000e+01 8.2000e+01 6.8000e+01 5.3390e+03 7.4000e+01 6.5000e+01 8.1000e+01 8.3000e+01 7.8000e+01 8.5000e+01 8.6000e+01 8.0000e+01 7.6000e+01 7.2000e+01 7.8000e+01 7.8000e+01 8.4000e+01 6.6000e+01 6.8000e+01 5.1800e+03 7.6000e+01 6.9000e+01 7.0000e+01 6.6000e+01 7.6000e+01 5.8000e+01 7.5000e+01 5.2410e+03 7.5000e+01 7.1000e+01 8.0000e+01 8.3000e+01 6.8000e+01 8.4000e+01 5.2000e+01
5.6000e+01 7.3000e+01 3.0600e+02 6.8000e+01 7.1000e+01 7.7000e+01 5.3810e+03 7.0000e+01 6.6000e+01 6.7000e+01 5.4510e+03 7.5000e+01 8.8000e+01 6.7000e+01 7.2000e+01 7.3000e+01 7.8000e+01 7.3000e+01 7.7000e+01 7.5000e+01 7.3000e+01 8.2000e+01 5.6000e+01 6.4000e+01 7.2000e+01 7.4000e+01 8.0000e+01 7.5000e+01 7.7000e+01 6.3000e+01 6.7000e+01 5.4530e+03 5.4550e+03 7.8000e+01 6.8000e+01 6.1000e+01 7.9000e+01 7.7000e+01 8.1000e+01 8.8000e+01 7.7000e+01 7.4000e+01 8.9000e+01 6.9000e+01 5.1000e+01 8.4000e+01 7.1000e+01 4.7840e+03 8.5000e+01 7.1000e+01
5.9000e+01 5.9000e+01 5.9000e+01 7.3000e+01 8.2000e+01 5.0000e+01 7.2000e+01 7.1000e+01 6.5000e+01 6.7000e+01 7.1000e+01 7.0000e+01 5.6000e+01 6.0000e+01 6.2000e+01 6.4000e+01 6.4000e+01 8.7000e+01 6.8000e+01 5.3740e+03 8.8000e+01 7.4000e+01 6.1000e+01 5.7000e+01 7.0000e+01 6.4000e+01 8.4000e+01 5.2880e+03 7.4000e+01 7.9000e+01 5.3810e+03 8.8000e+01 8.0000e+01 6.5000e+01 7.3000e+01 7.9000e+01 8.8000e+01 6.9000e+01 5.4390e+03 6.2000e+01 6.7000e+01 6.7000e+01 6.7000e+01 7.3000e+01 6.2000e+01 5.2980e+03 5.6000e+01 5.5000e+01 7.6000e+01 6.5000e+01
5.7000e+01 6.3000e+01 8.1000e+01 7.6000e+01 7.9000e+01 6.2000e+01 7.6000e+01 7.4000e+01 7.8000e+01 6.5000e+01 7.4000e+01 6.2000e+01 5.2680e+03 6.4000e+01 6.6000e+01 6.1000e+01 5.3600e+03 5.4210e+03 6.9000e+01 5.6000e+01 6.0000e+01 7.1000e+01 6.5000e+01 7.9000e+01 6.4000e+01 6.9000e+01 5.3050e+03 7.2000e+01 6.2000e+01 8.7000e+01 6.1000e+01 7.7000e+01 6.7000e+01 7.4000e+01 1.0300e+02 9.2600e+02 9.7000e+01 4.8000e+01 8.1000e+01 7.9000e+01 6.1000e+01 5.6000e+01 6.2000e+01 6.3000e+01 7.6000e+01 7.9000e+01 8.8000e+01 6.8000e+01 7.2000e+01 5.2440e+03
6.3000e+01 8.1000e+01 7.6000e+01 6.7000e+01 8.3000e+01 8.4000e+01 8.6000e+01 7.5000e+01 7.4000e+01 8.0000e+01 7.1000e+01 8.1000e+01 8.6000e+01 8.1000e+01 6.9000e+01 7.0000e+01 7.5000e+01 6.8000e+01 7.2000e+01 7.5000e+01 6.4000e+01 8.0000e+01 5.2500e+03 8.9000e+01 5.2720e+03 6.8000e+01 7.3000e+01 7.0000e+01 8.4000e+01 7.0000e+01 6.7000e+01 6.8000e+01 7.8000e+01 7.7000e+01 6.3000e+01 6.8000e+01 7.3000e+01 5.3460e+03 6.1000e+01 3.0300e+03 1.0200e+02 5.3390e+03 5.9000e+01 5.6000e+01 5.3820e+03 6.5000e+01 7.1000e+01 7.6000e+01 6.1000e+01 8.3000e+01
5.3970e+03 6.9000e+01 6.2000e+01 7.9000e+01 5.3810e+03 5.8000e+01 7.2000e+01 5.3920e+03 7.1000e+01 5.3340e+03 6.5000e+01 7.1000e+01 8.4000e+01 7.4000e+01 6.9000e+01 5.3530e+03 6.6000e+01 7.3000e+01 7.4000e+01 5.9000e+01 6.8000e+01 7.8000e+01 6.8000e+01 6.7000e+01 7.8000e+01 6.3000e+01 6.6000e+01 6.5000e+01 6.7000e+01 7.0000e+01 6.9000e+01 6.3000e+01 6.7000e+01 8.5000e+01 6.5000e+01 7.5000e+01 7.5000e+01 6.3000e+01 9.1000e+01 7.0000e+01 9.5000e+01 8.6000e+01 6.7000e+01 6.3000e+01 7.2000e+01 7.1000e+01 7.9000e+01 8.6800e+02 7.5000e+01 7.3000e+01
6.9000e+01 5.4000e+01 6.6000e+01 7.9000e+01 8.5000e+01 5.2000e+01 8.1000e+01 5.5000e+01 8.2000e+01 8.0000e+01 7.9000e+01 6.2000e+01 7.3000e+01 5.3220e+03 6.7000e+01 8.4000e+01 8.0000e+01 7.2000e+01 6.8000e+01 7.4000e+01 4.4700e+02 6.8000e+01 6.8000e+01 6.3000e+01 5.8000e+01 7.2000e+01 7.3000e+01 7.1000e+01 5.3510e+03 7.2000e+01 8.0000e+01 7.5000e+01 7.5000e+01 5.2560e+03 6.8000e+01 4.4920e+03 6.0000e+01 7.6000e+01 7.5000e+01 7.5000e+01 8.3000e+01 7.8000e+01 7.7000e+01 6.3000e+01 7.2000e+01 7.6000e+01 6.0000e+01 8.8000e+01 5.3790e+03 9.1000e+01
5.2000e+01 5.2990e+03 7.8000e+01 5.3530e+03 7.7000e+01 8.1000e+01 5.7000e+01 5.8000e+01 6.6000e+01 6.7000e+01 6.4000e+01 7.1000e+01 6.8000e+01 5.3000e+01 5.7000e+01 7.1000e+01 6.6000e+01 8.3000e+01 7.9000e+01 7.5000e+01 6.2000e+01 7.5000e+01 1.0800e+02 6.1000e+01 5.5000e+01 6.6000e+01 6.8000e+01 7.6000e+01 7.9000e+01 2.5400e+02 6.0000e+01 6.3000e+01 8.3000e+01 6.3000e+01 8.5000e+01 6.3000e+01 5.3760e+03 6.9000e+01 8.2000e+01 7.2000e+01 6.4000e+01 5.4000e+01 7.4000e+01 5.3330e+03 7.5000e+01 5.8000e+01 5.4630e+03 6.7000e+01 5.9000e+01 7.4000e+01
7.9000e+01 7.8000e+01 3.4580e+03 8.4000e+01 6.8000e+01 5.3300e+03 7.0000e+01 6.8000e+01 6.1000e+01 7.8000e+01 7.3000e+01 5.3700e+03 7.1000e+01 6.5000e+01 7.6000e+01 7.0000e+01 7.4000e+01 6.4000e+01 7.5000e+01 9.6000e+01 4.9880e+03 7.5000e+01 7.7000e+01 7.5000e+01 7.0000e+01 5.2780e+03 1.2600e+02 7.1000e+01 7.6000e+01 8.2000e+01 7.3000e+01 7.8000e+01 6.7000e+01 5.7000e+01 6.1000e+01 7.4000e+01 7.1000e+01 6.7000e+01 9.1000e+01 5.0000e+01 7.0000e+01 8.1000e+01 5.9000e+01 7.0000e+01 7.9000e+01 7.2000e+01 7.0000e+01 5.8000e+01 8.3000e+01 9.8000e+01
