7.5581e-01 3.7705e-01 8.7671e-01 7.8788e-01 4.4872e-01 1.2048e-02 4.5570e-01 2.4706e-01 9.8571e-01 1.0000e+00 8.4848e-01 9.5946e-01 7.3134e-01 9.0541e-01 7.2131e-01 5.8696e-01 7.7215e-01 5.0704e-01 7.2603e-01 4.5679e-01 6.2500e-01 9.6923e-01 9.4366e-01 9.8507e-01 4.6032e-01 9.1781e-01 7.4627e-01 6.0563e-01 5.0617e-01 9.0323e-01 8.2759e-01 5.2459e-01 8.8095e-01 1.0000e+00 5.0000e-01 5.0617e-01 8.5000e-01 6.3636e-01 3.7179e-01 9.4565e-01 9.0588e-01 4.0000e-01 9.7403e-01 9.8305e-01 2.4286e-01 3.1507e-01 3.0645e-01 5.0746e-01 4.8438e-01 6.6176e-01
2.2619e-01 3.8028e-01 5.4217e-01 9.7561e-02 7.5758e-02 2.4390e-01 3.5088e-02 4.4595e-01 2.3529e-01 3.9560e-01 1.9118e-01 1.5873e-01 2.1739e-01 4.9180e-02 5.2308e-01 2.6667e-02 3.6585e-01 3.2353e-01 4.1791e-01 1.8919e-01 2.3077e-01 4.5000e-01 3.8554e-01 8.9744e-02 3.8824e-01 4.3023e-01 3.5000e-01 2.6316e-01 5.2778e-01 1.7949e-01 3.7179e-01 5.1190e-01 1.5152e-01 1.7647e-01 5.6897e-01 4.8684e-01 2.0290e-01 8.5714e-02 1.9697e-01 1.7105e-01 3.4483e-02 8.0000e-02 6.6197e-01 3.7333e-01 2.1127e-01 3.1250e-01 2.4096e-02 1.4706e-02 1.0714e-01 5.0000e-01
8.3929e-01 6.7123e-01 1.0000e+00 1.3235e-01 1.2676e-01 4.1558e-01 1.0000e+00 6.5714e-01 2.7273e-01 2.5373e-01 9.6970e-01 2.6667e-02 1.1364e-01 1.0448e-01 6.1111e-01 0.0000e+00 1.9231e-01 1.7808e-01 6.2338e-01 5.0667e-01 2.8767e-01 1.4634e-01 5.5357e-01 1.0938e-01 7.3611e-01 5.9459e-01 7.0000e-01 3.3333e-01 8.9610e-01 2.8571e-01 5.3731e-01 1.0000e+00 8.7838e-01 2.4359e-01 2.6471e-01 7.0492e-01 1.5190e-01 7.4026e-01 2.0988e-01 8.1818e-01 1.6883e-01 3.9189e-01 1.1236e-02 5.5072e-01 4.9020e-01 2.7381e-01 1.4085e-02 1.0000e+00 4.4706e-01 9.4366e-01
3.2203e-01 3.7288e-01 1.6949e-02 1.6438e-01 6.0976e-02 6.0000e-01 2.2222e-01 7.0423e-02 1.3846e-01 4.9254e-01 3.6620e-01 6.4286e-01 2.6786e-01 5.0000e-01 3.2258e-02 1.4062e-01 4.6875e-02 3.9080e-01 4.2647e-01 5.1316e-01 7.0455e-01 3.7838e-01 4.4262e-01 5.3571e-01 5.7143e-01 6.6667e-01 7.5000e-01 5.6716e-01 6.0811e-01 3.4177e-01 8.4524e-01 5.5682e-01 4.7500e-01 7.3846e-01 6.7123e-01 5.9494e-01 2.9545e-01 4.6377e-01 7.9221e-01 3.2258e-01 4.0299e-01 5.6061e-01 1.9403e-01 1.7808e-01 5.9677e-01 7.5676e-01 5.1786e-01 4.1818e-01 6.4000e-01 5.6923e-01
5.0877e-01 5.0794e-01 6.7901e-01 5.0000e-01 5.5696e-01 5.9677e-01 3.9474e-01 6.7568e-01 1.2821e-01 4.9231e-01 6.7568e-01 5.3226e-01 7.9167e-01 4.0625e-01 4.0909e-01 4.2623e-01 8.3784e-01 6.1290e-01 4.7826e-01 5.3571e-01 6.8333e-01 5.9155e-01 2.0000e-01 2.7848e-01 4.3750e-01 4.7826e-01 8.8333e-01 4.8611e-01 7.7419e-01 3.5632e-01 6.5574e-01 7.4667e-01 4.7761e-01 3.5135e-01 8.6813e-01 8.4416e-01 6.8041e-01 4.3750e-01 5.9259e-01 4.3038e-01 6.7857e-01 5.7143e-01 5.3226e-01 2.0635e-01 5.1316e-01 4.4304e-01 5.9091e-01 5.0000e-01 6.5278e-01 8.8889e-01
9.8413e-01 1.0000e+00 9.8684e-01 9.5522e-01 9.1463e-01 4.6429e-01 6.8605e-01 9.4667e-01 7.4324e-01 1.0000e+00 6.4789e-01 7.6543e-01 9.5294e-01 8.7654e-01 5.5072e-01 2.8571e-02 7.8667e-01 1.0294e-01 7.0833e-01 9.3333e-02 9.5312e-01 9.7436e-01 1.0000e+00 9.8837e-01 1.0000e+00 6.9118e-01 9.8630e-01 5.4286e-01 8.6905e-01 8.5714e-02 1.0000e+00 8.5294e-01 5.6410e-01 9.3506e-01 9.5238e-01 9.8529e-01 9.4444e-01 9.7260e-01 9.5082e-01 1.0000e+00 9.4595e-01 9.5238e-01 9.6610e-01 1.0000e+00 1.0000e+00 6.3077e-01 4.6479e-01 9.0789e-01 6.3934e-01 4.4578e-01
1.0000e+00 2.1739e-01 8.5484e-01 7.5949e-01 9.1176e-01 1.7241e-01 9.0141e-01 9.7297e-01 2.5352e-01 9.5652e-01 2.6154e-01 1.2676e-01 1.4286e-01 5.0685e-01 4.0580e-01 8.0769e-01 6.6667e-01 2.7397e-02 8.1081e-02 5.9322e-01 8.5294e-01 1.2821e-02 5.8824e-01 4.0299e-01 7.5325e-01 2.5397e-01 1.5152e-02 5.5385e-01 7.7612e-01 2.5714e-01 3.1884e-01 7.4603e-01 3.5821e-01 5.8824e-02 0.0000e+00 9.7059e-01 3.0667e-01 7.9365e-02 6.7033e-01 7.4286e-01 8.0220e-01 2.4419e-01 9.8485e-01 2.6984e-01 6.9444e-02 3.5211e-01 3.0380e-01 9.8529e-01 7.8378e-01 5.4795e-02
2.3188e-01 6.2963e-01 7.4242e-01 3.2911e-01 7.1429e-01 5.7692e-01 3.7037e-01 5.0909e-01 7.2368e-01 6.5823e-01 3.7975e-01 7.0968e-01 3.1507e-01 7.0968e-01 6.5672e-01 4.4048e-01 5.5000e-01 4.2254e-01 2.0588e-01 5.4286e-01 8.8608e-01 4.4118e-01 3.9706e-01 2.8571e-01 2.9310e-01 3.4722e-01 8.5246e-01 5.4930e-01 9.2857e-01 2.5000e-01 5.1250e-01 5.6000e-01 6.8919e-01 9.2727e-01 8.2090e-01 8.3908e-01 1.0000e-01 4.6053e-01 4.9333e-01 4.6667e-01 6.1446e-01 2.8205e-01 1.9481e-01 3.3333e-01 2.7778e-01 6.8421e-01 5.6667e-01 3.2955e-01 7.7922e-01 8.3908e-01
8.0769e-01 8.9024e-01 6.4103e-01 9.3056e-01 7.7632e-01 8.7342e-01 7.1429e-01 6.2069e-01 5.4545e-01 5.0746e-01 6.9841e-01 6.4789e-01 8.0597e-01 7.3077e-01 7.1930e-01 5.2113e-01 5.7576e-01 5.0602e-01 6.5823e-01 5.0667e-01 6.9355e-01 4.8000e-01 8.2500e-01 5.2459e-01 5.6364e-01 8.1538e-01 8.5294e-01 4.8684e-01 8.6076e-01 7.8947e-01 6.6667e-01 7.1429e-01 7.5000e-01 6.3492e-01 8.0000e-01 6.1905e-01 8.8608e-01 6.3768e-01 4.0244e-01 5.0000e-01 6.4062e-01 6.2963e-01 7.5676e-01 8.8571e-01 6.0000e-01 6.5517e-01 8.1690e-01 7.0149e-01 6.2712e-01 7.9730e-01
5.8228e-01 1.5385e-01 7.8125e-01 9.5238e-02 1.6176e-01 8.0556e-01 2.1429e-01 2.2059e-01 8.1967e-02 5.5128e-01 5.6164e-01 8.4746e-01 2.2535e-01 4.4615e-01 9.2105e-02 3.1429e-01 5.1351e-01 2.9688e-01 5.5405e-01 5.2941e-01 8.3117e-01 2.6667e-01 5.1316e-01 2.4000e-01 5.0000e-01 7.5758e-01 8.0303e-01 4.2254e-01 4.6053e-01 6.2338e-01 5.0685e-01 6.6234e-01 7.4627e-02 4.5614e-01 5.0820e-01 2.4324e-01 7.0423e-02 5.3731e-01 6.0000e-01 1.2000e-01 5.1429e-01 5.4321e-01 4.0678e-01 3.0000e-01 6.6667e-01 5.0000e-01 5.0725e-01 5.6897e-01 5.1807e-01 6.0204e-01
