6.5000e+01 2.3000e+01 6.4000e+01 5.2000e+01 3.5000e+01 1.0000e+00 3.6000e+01 2.1000e+01 5.2900e+03 6.0000e+01 5.6000e+01 7.1000e+01 4.9000e+01 1.3000e+02 4.4000e+01 5.4000e+01 6.1000e+01 3.6000e+01 5.3000e+01 3.7000e+01 3.5000e+01 5.1880e+03 1.4300e+02 5.2900e+03 2.9000e+01 6.7000e+01 5.0000e+01 4.4000e+01 4.1000e+01 4.5940e+03 4.8000e+01 3.2000e+01 7.7000e+01 7.2000e+01 3.5000e+01 4.1000e+01 5.1000e+01 4.2000e+01 2.9000e+01 2.0720e+03 5.0000e+03 2.6000e+01 7.5000e+01 1.0100e+02 1.7000e+01 2.3000e+01 1.9000e+01 3.4000e+01 3.1000e+01 4.5000e+01
1.9000e+01 2.7000e+01 9.5500e+02 8.0000e+00 5.0000e+00 2.0000e+01 2.0000e+00 3.3000e+01 1.2000e+01 3.6000e+01 1.3000e+01 1.0000e+01 1.5000e+01 3.0000e+00 2.9590e+03 2.0000e+00 3.0000e+01 2.2000e+01 2.1320e+03 1.4000e+01 1.5000e+01 3.7000e+01 3.2000e+01 7.0000e+00 3.3000e+01 3.7000e+01 2.8000e+01 2.0000e+01 3.8000e+01 1.4000e+01 2.9000e+01 4.3000e+01 1.0000e+01 1.2000e+01 2.2510e+03 3.7000e+01 1.4000e+01 6.0000e+00 1.3000e+01 1.3000e+01 2.0000e+00 6.0000e+00 3.0980e+03 2.8000e+01 1.5000e+01 2.5000e+01 2.0000e+00 1.0000e+00 9.0000e+00 2.6000e+01
4.7000e+01 4.9000e+01 3.0200e+02 9.0000e+00 9.0000e+00 3.2000e+01 5.3810e+03 4.6000e+01 1.8000e+01 1.7000e+01 5.1840e+03 2.0000e+00 1.0000e+01 7.0000e+00 4.4000e+01 0.0000e+00 1.5000e+01 1.3000e+01 4.8000e+01 3.8000e+01 2.1000e+01 1.2000e+01 3.1000e+01 7.0000e+00 5.3000e+01 4.4000e+01 5.6000e+01 2.5000e+01 6.9000e+01 1.8000e+01 3.6000e+01 5.4530e+03 4.4440e+03 1.9000e+01 1.8000e+01 4.3000e+01 1.2000e+01 5.7000e+01 1.7000e+01 7.2000e+01 1.3000e+01 2.9000e+01 1.0000e+00 3.8000e+01 2.5000e+01 2.3000e+01 1.0000e+00 4.7050e+03 3.8000e+01 6.7000e+01
1.9000e+01 2.2000e+01 1.0000e+00 1.2000e+01 5.0000e+00 3.0000e+01 1.6000e+01 5.0000e+00 9.0000e+00 3.3000e+01 2.6000e+01 4.5000e+01 1.5000e+01 3.0000e+01 2.0000e+00 9.0000e+00 3.0000e+00 3.4000e+01 2.9000e+01 2.6400e+03 6.2000e+01 2.8000e+01 2.7000e+01 3.1000e+01 4.0000e+01 4.3000e+01 6.3000e+01 3.3150e+03 4.5000e+01 2.7000e+01 4.5800e+03 4.9000e+01 3.8000e+01 4.8000e+01 4.9000e+01 4.7000e+01 2.6000e+01 3.2000e+01 4.0720e+03 2.0000e+01 2.7000e+01 3.8000e+01 1.3000e+01 1.3000e+01 3.7000e+01 4.1560e+03 2.9000e+01 2.3000e+01 4.9000e+01 3.7000e+01
2.9000e+01 3.2000e+01 5.5000e+01 3.8000e+01 4.4000e+01 3.7000e+01 3.0000e+01 5.0000e+01 1.0000e+01 3.2000e+01 5.0000e+01 3.3000e+01 4.2580e+03 2.6000e+01 2.7000e+01 2.6000e+01 4.3190e+03 2.6850e+03 3.3000e+01 3.0000e+01 4.1000e+01 4.2000e+01 1.3000e+01 2.2000e+01 2.8000e+01 3.3000e+01 4.8390e+03 3.5000e+01 4.8000e+01 3.1000e+01 4.0000e+01 5.8000e+01 3.2000e+01 2.6000e+01 8.8000e+01 7.2700e+02 6.6000e+01 2.1000e+01 4.8000e+01 3.4000e+01 4.1000e+01 3.2000e+01 3.3000e+01 1.3000e+01 3.9000e+01 3.5000e+01 5.2000e+01 3.4000e+01 4.7000e+01 4.4630e+03
6.2000e+01 8.1000e+01 7.5000e+01 6.4000e+01 7.6000e+01 3.9000e+01 5.9000e+01 7.1000e+01 5.5000e+01 8.0000e+01 4.6000e+01 6.2000e+01 8.2000e+01 7.1000e+01 3.8000e+01 2.0000e+00 5.9000e+01 7.0000e+00 5.1000e+01 7.0000e+00 6.1000e+01 7.8000e+01 5.2360e+03 8.7000e+01 5.2720e+03 4.7000e+01 7.2000e+01 3.8000e+01 7.3000e+01 6.0000e+00 6.7000e+01 5.8000e+01 4.4000e+01 7.2000e+01 6.0000e+01 6.7000e+01 6.9000e+01 5.1590e+03 5.8000e+01 3.0170e+03 9.6000e+01 5.1340e+03 5.7000e+01 5.6000e+01 5.3290e+03 4.1000e+01 3.3000e+01 6.9000e+01 3.9000e+01 3.7000e+01
5.2610e+03 1.5000e+01 5.3000e+01 6.0000e+01 4.9280e+03 1.0000e+01 6.5000e+01 5.2030e+03 1.8000e+01 4.8280e+03 1.7000e+01 9.0000e+00 1.2000e+01 3.8000e+01 2.8000e+01 3.9940e+03 4.4000e+01 2.0000e+00 6.0000e+00 3.5000e+01 5.8000e+01 1.0000e+00 4.0000e+01 2.7000e+01 5.9000e+01 1.6000e+01 1.0000e+00 3.6000e+01 5.2000e+01 1.8000e+01 2.2000e+01 4.7000e+01 2.4000e+01 5.0000e+00 0.0000e+00 7.1000e+01 2.3000e+01 5.0000e+00 6.1000e+01 5.2000e+01 7.6000e+01 2.1000e+01 6.6000e+01 1.7000e+01 5.0000e+00 2.5000e+01 2.4000e+01 8.5300e+02 5.8000e+01 4.0000e+00
1.6000e+01 3.4000e+01 4.9000e+01 2.6000e+01 6.1000e+01 3.0000e+01 3.0000e+01 2.8000e+01 5.9000e+01 5.3000e+01 3.0000e+01 4.4000e+01 2.3000e+01 4.0740e+03 4.4000e+01 3.7000e+01 4.4000e+01 3.1000e+01 1.4000e+01 4.0000e+01 3.6600e+02 3.0000e+01 2.7000e+01 1.8000e+01 1.7000e+01 2.5000e+01 6.1000e+01 3.9000e+01 4.4310e+03 1.8000e+01 4.1000e+01 4.2000e+01 5.1000e+01 4.6460e+03 5.6000e+01 3.6770e+03 6.0000e+00 3.5000e+01 3.7000e+01 3.5000e+01 5.1000e+01 2.2000e+01 1.5000e+01 2.1000e+01 2.0000e+01 5.2000e+01 3.4000e+01 2.9000e+01 3.9710e+03 7.6000e+01
4.2000e+01 4.8810e+03 5.0000e+01 5.0670e+03 6.0000e+01 7.1000e+01 4.0000e+01 3.6000e+01 3.6000e+01 3.4000e+01 4.5000e+01 4.6000e+01 5.4000e+01 3.9000e+01 4.1000e+01 3.7000e+01 3.8000e+01 4.2000e+01 5.2000e+01 3.8000e+01 4.3000e+01 3.6000e+01 9.2000e+01 3.2000e+01 3.1000e+01 5.4000e+01 5.8000e+01 3.7000e+01 6.8000e+01 2.0700e+02 4.0000e+01 4.5000e+01 6.2000e+01 4.0000e+01 6.8000e+01 3.9000e+01 4.8140e+03 4.4000e+01 3.3000e+01 3.6000e+01 4.1000e+01 3.4000e+01 5.6000e+01 4.9420e+03 4.5000e+01 3.8000e+01 4.3670e+03 4.7000e+01 3.7000e+01 5.9000e+01
4.6000e+01 1.2000e+01 2.5930e+03 8.0000e+00 1.1000e+01 4.2370e+03 1.5000e+01 1.5000e+01 5.0000e+00 4.3000e+01 4.1000e+01 4.3680e+03 1.6000e+01 2.9000e+01 7.0000e+00 2.2000e+01 3.8000e+01 1.9000e+01 4.1000e+01 5.2000e+01 4.1270e+03 2.0000e+01 3.9000e+01 1.8000e+01 3.5000e+01 4.4020e+03 9.9000e+01 3.0000e+01 3.5000e+01 5.0000e+01 3.7000e+01 5.2000e+01 5.0000e+00 2.6000e+01 3.1000e+01 1.8000e+01 5.0000e+00 3.6000e+01 5.5000e+01 6.0000e+00 3.6000e+01 4.4000e+01 2.4000e+01 2.1000e+01 5.4000e+01 3.6000e+01 3.6000e+01 3.3000e+01 4.3000e+01 5.9000e+01
