2.5000e-01 0.0000e+00 3.2990e-01 3.8462e-01 2.5926e-01 7.0623e-01 9.0923e-01 2.5532e-01 2.2642e-01 1.0526e-01 4.2105e-01 1.6129e-01 1.2121e-01 1.7073e-01 3.6364e-01 5.9770e-01 1.7778e-01 2.3214e-01 8.0000e-02 1.7500e-01 2.8000e-01 2.9412e-01 1.2903e-01 3.0189e-01 0.0000e+00 2.9310e-01 3.8043e-01 4.3478e-02 4.2308e-01 5.2381e-01 3.4615e-01 3.5135e-01 2.2222e-01 0.0000e+00 3.8462e-01 5.0789e-01 1.0345e-01 5.4930e-01 9.1974e-01 4.8000e-01 2.6154e-01 2.0930e-01 6.6667e-01 1.8750e-01 3.2000e-01 2.8571e-01 5.2452e-01 3.1579e-01 5.2632e-02 7.1429e-02
3.3333e-01 1.1765e-01 0.0000e+00 4.8649e-01 3.5000e-01 6.1905e-01 4.0000e-01 3.7209e-01 3.7288e-01 3.4615e-01 3.8095e-01 6.1662e-01 2.1429e-01 6.2500e-02 0.0000e+00 7.1429e-01 6.0754e-01 6.2500e-02 1.1111e-01 2.7273e-01 7.1272e-01 4.3333e-01 2.3077e-01 2.6087e-01 4.3284e-01 3.2353e-01 2.6087e-01 2.6471e-01 3.1250e-01 7.6923e-01 1.5000e-01 8.9815e-01 4.0351e-01 1.1111e-01 1.0000e+00 1.3333e-01 1.1111e-01 5.0000e-01 1.0000e+00 5.0000e-01 1.1111e-01 6.6667e-02 8.2394e-01 5.5285e-01 1.0000e+00 0.0000e+00 7.1429e-02 2.7778e-01 2.9630e-01 1.0000e-01
2.0000e-01 8.3333e-02 5.7143e-02 1.8919e-01 1.6129e-01 4.2857e-01 4.7273e-01 2.3457e-01 7.5000e-02 2.4138e-01 3.1746e-01 1.1905e-01 3.0303e-02 3.0303e-02 0.0000e+00 4.2254e-01 1.1111e-01 2.2857e-01 9.5238e-02 9.3023e-02 2.0968e-01 4.6774e-01 1.3725e-01 2.7957e-01 2.4211e-01 2.3750e-01 3.8462e-02 5.5556e-02 5.2632e-02 7.1247e-01 2.5000e-01 1.6667e-01 6.0606e-02 1.6000e-01 2.0833e-01 3.0000e-01 3.1250e-02 5.5020e-01 6.7333e-01 3.6667e-01 3.1250e-02 0.0000e+00 5.8146e-01 3.5407e-01 1.7391e-01 0.0000e+00 1.9355e-01 1.5625e-01 1.1111e-01 8.6957e-02
2.0455e-01 2.9412e-02 1.1864e-01 7.4074e-02 2.5397e-01 0.0000e+00 6.3473e-01 0.0000e+00 1.3043e-01 1.0811e-01 0.0000e+00 2.7381e-01 2.5641e-02 2.1260e-01 1.4286e-01 3.6232e-01 8.7719e-02 8.0000e-02 1.0909e-01 4.8780e-02 3.2258e-02 2.0000e-01 3.7862e-01 1.1364e-01 5.2632e-02 1.0638e-01 1.9444e-01 0.0000e+00 4.5455e-02 5.6286e-01 6.9767e-02 1.2903e-01 0.0000e+00 5.0000e-02 3.7500e-01 1.2766e-01 2.7027e-02 0.0000e+00 4.1071e-01 4.3333e-01 0.0000e+00 0.0000e+00 4.0152e-01 0.0000e+00 0.0000e+00 3.2292e-01 1.2727e-01 2.4638e-01 3.2258e-02 7.4074e-02
2.1053e-01 1.4286e-01 2.4490e-01 1.6667e-01 2.6923e-01 4.1667e-01 1.0000e+00 1.7241e-01 2.8358e-01 2.4138e-01 1.7647e-01 1.8750e-01 1.4706e-01 1.0714e-01 3.6585e-01 3.3333e-01 7.6923e-02 8.0000e-02 8.3333e-02 4.7619e-02 2.7273e-01 2.1739e-01 8.6957e-02 2.0690e-01 1.6129e-01 9.5238e-02 3.4921e-01 2.0455e-01 7.6949e-01 6.0000e-01 8.6957e-02 0.0000e+00 2.3256e-01 2.5000e-01 6.8421e-01 2.5000e-01 1.5152e-01 4.4118e-01 1.0000e+00 1.2500e-01 4.5455e-02 2.1053e-01 6.0833e-01 2.4324e-01 2.0000e-01 2.6087e-01 3.0357e-01 2.9032e-01 2.1875e-01 1.6667e-01
2.8261e-01 0.0000e+00 6.0606e-02 9.0909e-02 2.5581e-01 2.5000e-01 3.6667e-01 0.0000e+00 1.6393e-01 1.0714e-01 3.3333e-01 2.0635e-01 1.1111e-01 0.0000e+00 2.6087e-01 3.7500e-01 3.0303e-02 5.8824e-02 8.3333e-02 6.0606e-02 9.3750e-02 1.2000e-01 2.0833e-01 2.0000e-01 0.0000e+00 6.8966e-02 0.0000e+00 2.5641e-01 5.8824e-02 4.3137e-01 1.0256e-01 2.0000e-01 3.5714e-02 0.0000e+00 2.5000e-01 3.1481e-01 1.1364e-01 2.3077e-01 7.3196e-01 8.1787e-01 3.3333e-02 0.0000e+00 3.2609e-01 9.6774e-02 4.2466e-01 1.5385e-01 3.7097e-01 1.4286e-01 9.6774e-02 0.0000e+00
5.1398e-01 8.8889e-02 2.3358e-01 4.1667e-02 0.0000e+00 2.2500e-01 3.6364e-01 0.0000e+00 2.6316e-02 0.0000e+00 2.0000e-01 0.0000e+00 0.0000e+00 1.3889e-01 0.0000e+00 1.7857e-01 0.0000e+00 0.0000e+00 2.7778e-02 6.6667e-02 3.2258e-02 0.0000e+00 9.8039e-02 1.0000e-01 0.0000e+00 3.1250e-02 0.0000e+00 4.7619e-02 1.3333e-01 3.8462e-01 2.8571e-02 0.0000e+00 0.0000e+00 1.9444e-01 0.0000e+00 5.8824e-02 0.0000e+00 9.5238e-02 0.0000e+00 2.6923e-01 0.0000e+00 0.0000e+00 0.0000e+00 0.0000e+00 0.0000e+00 5.3670e-01 5.4054e-02 9.6774e-02 5.8824e-02 4.3478e-02
1.0714e-01 5.2632e-02 8.3333e-02 1.8182e-01 1.0345e-01 1.4286e-01 1.5789e-01 5.5556e-02 2.6316e-02 8.8235e-02 2.3077e-01 1.0417e-01 1.1290e-01 6.5217e-02 4.3478e-02 3.0000e-01 7.5472e-02 1.3889e-01 0.0000e+00 1.1667e-01 9.5238e-02 1.3889e-01 1.5278e-01 6.0606e-02 7.1429e-02 7.5000e-02 3.3333e-02 2.6316e-02 1.9512e-01 2.1429e-01 2.8571e-02 2.3077e-01 0.0000e+00 5.0000e-02 1.8519e-01 3.3333e-02 2.7027e-02 2.5000e-01 3.0303e-01 1.2500e-01 0.0000e+00 2.8571e-02 1.9444e-01 1.4545e-01 0.0000e+00 0.0000e+00 3.0303e-02 7.1429e-02 0.0000e+00 4.3478e-02
0.0000e+00 2.9825e-01 2.7778e-02 1.0000e-01 2.0833e-01 5.0000e-02 6.0568e-01 1.9512e-01 1.5190e-01 6.6667e-02 8.0000e-02 1.1538e-01 2.5641e-02 4.7619e-02 1.7073e-01 4.4853e-01 1.4943e-01 2.6316e-02 1.0909e-01 6.6667e-02 1.2245e-01 2.8049e-01 0.0000e+00 2.1519e-01 1.7105e-01 2.3077e-01 9.7561e-02 1.6854e-01 1.9512e-01 2.1429e-01 1.8182e-01 1.6667e-01 1.7105e-01 1.6129e-01 5.8824e-02 2.1250e-01 8.1633e-02 2.3684e-01 0.0000e+00 7.1429e-02 2.6316e-02 2.8571e-02 8.6957e-02 3.2258e-02 5.2360e-01 0.0000e+00 7.3171e-02 1.6667e-01 7.8947e-02 2.1569e-01
1.7949e-01 8.8889e-02 5.0000e-02 2.0000e-01 5.2464e-01 2.3810e-01 4.8958e-01 3.2222e-01 1.1290e-01 2.0000e-01 2.5424e-01 1.6176e-01 2.1481e-01 1.1290e-01 2.2222e-01 3.6620e-01 1.0769e-01 1.9048e-01 1.4493e-01 2.7103e-01 2.4779e-01 3.9189e-01 2.0909e-01 1.6071e-01 2.9412e-02 2.8814e-01 2.0000e-01 4.7619e-02 2.7419e-01 1.0526e-01 1.3846e-01 1.9048e-01 8.6957e-02 5.0000e-02 2.3529e-01 2.8859e-01 1.2500e-01 4.4218e-01 5.4110e-01 0.0000e+00 1.3889e-01 1.0000e-01 3.0769e-01 9.5238e-02 2.0588e-01 2.2000e-01 2.3214e-01 1.1765e-01 2.0513e-01 1.7073e-01
5.0000e-01 3.0000e-01 1.8750e-01 7.5000e-01 0.0000e+00 1.4286e-01 5.0000e-01 0.0000e+00 0.0000e+00 1.1111e-01 5.0000e-01 3.0000e-01 1.3333e-01 2.5000e-01 1.0000e+00 3.3333e-01 2.0000e-01 4.1026e-01 6.2069e-01 1.4286e-01 6.3736e-01 7.5904e-01 5.0000e-01 8.8112e-01 4.3243e-01 4.3750e-01 7.0139e-01 2.7273e-01 0.0000e+00 4.0000e-01 7.1074e-01 6.2500e-01 2.8571e-01 6.6667e-01 2.5000e-01 7.2050e-01 1.8750e-01 5.0000e-01 1.0000e+00 6.6667e-01 0.0000e+00 8.0676e-01 5.0000e-01 6.5421e-01 6.6667e-01 6.6667e-01 2.7778e-01 6.6667e-01 5.8730e-01 2.5000e-01
2.1429e-01 9.5238e-02 5.4054e-02 4.5455e-02 1.5152e-01 6.0554e-01 4.0426e-01 8.1081e-02 0.0000e+00 7.1429e-02 3.2051e-01 2.7007e-01 2.7778e-02 0.0000e+00 3.1395e-01 6.1874e-01 9.2593e-02 1.3115e-01 1.2500e-01 7.1429e-02 3.3778e-01 1.7949e-01 2.4615e-01 1.4894e-01 1.4286e-01 2.5688e-01 3.3498e-01 8.5106e-02 4.0940e-01 2.9412e-01 2.1649e-01 4.7619e-02 0.0000e+00 5.2632e-02 4.8905e-01 8.5714e-02 0.0000e+00 5.3767e-01 5.3000e-01 1.3333e-01 0.0000e+00 2.1505e-01 1.5385e-01 8.3333e-02 0.0000e+00 1.5625e-01 1.5789e-01 1.4706e-01 2.8099e-01 1.0714e-01
6.6667e-01 7.1242e-01 7.2692e-01 2.8571e-01 6.6667e-01 6.6667e-01 1.0000e+00 6.3235e-01 4.7727e-01 1.0000e+00 0.0000e+00 6.5591e-01 5.5844e-01 7.6429e-01 2.5000e-01 2.5000e-01 6.2963e-01 2.3529e-01 7.8835e-01 8.0920e-01 6.7089e-01 6.0000e-01 5.2000e-01 6.5000e-01 7.9276e-01 8.0180e-01 3.6842e-01 5.6962e-01 8.0000e-01 6.6667e-01 8.1609e-01 1.0000e+00 7.1429e-01 0.0000e+00 1.0000e+00 5.7500e-01 7.3626e-01 7.5000e-01 1.0000e+00 8.5714e-01 5.6164e-01 8.1486e-01 0.0000e+00 7.6048e-01 0.0000e+00 1.0000e+00 6.5517e-01 2.5000e-01 7.1429e-01 8.0000e-01
1.5000e-01 1.4706e-01 1.1765e-01 4.6154e-01 3.8333e-01 2.6923e-01 1.0000e-01 1.9512e-01 1.7021e-01 3.6000e-01 1.8182e-01 2.6866e-01 1.1111e-01 1.9231e-01 3.2609e-01 1.4286e-01 1.5217e-01 9.3750e-02 0.0000e+00 1.8750e-01 4.7619e-02 6.5801e-01 1.3889e-01 3.0159e-01 1.8605e-01 3.0769e-01 2.7273e-01 2.9126e-01 2.3077e-01 4.8936e-01 1.2121e-01 3.9286e-01 3.6111e-01 0.0000e+00 3.4615e-01 2.5000e-01 4.0000e-02 6.8868e-01 7.3939e-01 6.0377e-01 1.1429e-01 0.0000e+00 3.4286e-01 0.0000e+00 5.2874e-01 5.8721e-01 1.6667e-01 2.7027e-01 1.1538e-01 0.0000e+00
4.0385e-01 8.3333e-02 2.8169e-01 2.5000e-01 4.0351e-01 8.3333e-02 5.9574e-01 1.6129e-01 3.2110e-01 3.3929e-01 4.0385e-01 1.5625e-01 4.3008e-01 4.2553e-01 2.3077e-01 9.0909e-02 2.0000e-01 2.6087e-01 3.3010e-01 3.8418e-01 9.0909e-02 4.2667e-01 2.1277e-01 3.2258e-01 2.2917e-01 3.3333e-01 2.1622e-01 3.7059e-01 1.2500e-01 1.0000e-01 3.0380e-01 1.9048e-01 2.4528e-01 7.6923e-02 4.7619e-01 2.0588e-01 0.0000e+00 6.0185e-01 6.1538e-01 2.5000e-01 2.6087e-01 2.4528e-01 3.7143e-01 4.5982e-01 6.6216e-01 2.7586e-01 4.8021e-01 2.9730e-01 5.9781e-01 6.6667e-02
7.6923e-02 5.2632e-02 1.3793e-01 0.0000e+00 2.5000e-01 9.0909e-02 7.2727e-01 1.9355e-01 0.0000e+00 1.1111e-01 2.1053e-01 2.1622e-01 1.0714e-01 8.0000e-02 4.3103e-01 0.0000e+00 1.5789e-01 0.0000e+00 1.5625e-01 2.7119e-01 3.2143e-01 2.1739e-01 8.6957e-02 1.3636e-01 5.0000e-02 5.5556e-02 2.5641e-01 1.0714e-01 0.0000e+00 0.0000e+00 0.0000e+00 1.7647e-01 5.0000e-02 7.1739e-01 8.5423e-01 3.3898e-01 4.7619e-02 7.7016e-01 6.4286e-01 2.2222e-01 0.0000e+00 0.0000e+00 6.3576e-01 9.5238e-02 7.3125e-01 7.6923e-02 1.2500e-01 7.0502e-01 0.0000e+00 0.0000e+00
1.0714e-01 2.9412e-02 5.0000e-02 0.0000e+00 1.0345e-01 5.0000e-02 7.1429e-02 5.5556e-02 0.0000e+00 0.0000e+00 5.1398e-01 1.0417e-01 1.2857e-01 1.8182e-01 3.4375e-01 0.0000e+00 8.7719e-02 9.2593e-02 6.8182e-02 8.1633e-02 1.8919e-01 4.1667e-02 0.0000e+00 6.0606e-02 1.8293e-01 1.3208e-01 0.0000e+00 2.1642e-01 1.6667e-01 1.0526e-01 2.8571e-02 1.0714e-01 5.1282e-02 5.0000e-02 5.8824e-02 1.2766e-01 8.1633e-02 0.0000e+00 1.5789e-01 0.0000e+00 0.0000e+00 0.0000e+00 0.0000e+00 1.3462e-01 0.0000e+00 1.7949e-01 1.0417e-01 2.5000e-01 3.2258e-02 7.4074e-02
7.5000e-01 8.3452e-01 1.8750e-01 6.6667e-01 8.7500e-01 3.7500e-01 5.0000e-01 8.2173e-01 0.0000e+00 1.1111e-01 2.5000e-01 3.9286e-01 4.3478e-01 7.2727e-01 0.0000e+00 5.0000e-01 5.5752e-01 1.4286e-01 2.6316e-01 0.0000e+00 2.1429e-01 5.0000e-01 1.4286e-01 0.0000e+00 6.4615e-01 4.5455e-01 1.0000e-01 5.6701e-01 1.6667e-01 0.0000e+00 0.0000e+00 4.2857e-01 0.0000e+00 2.5000e-01 5.0000e-01 6.1905e-01 7.7177e-01 0.0000e+00 6.0000e-01 0.0000e+00 0.0000e+00 3.1818e-01 7.5000e-01 0.0000e+00 1.0000e+00 5.0000e-01 0.0000e+00 5.7143e-01 5.8182e-01 4.4444e-01
2.0455e-01 7.1429e-02 1.1864e-01 2.0000e-01 2.8000e-01 2.1053e-01 2.5926e-01 0.0000e+00 4.7619e-02 0.0000e+00 4.9233e-01 8.8889e-02 0.0000e+00 4.7619e-02 4.3478e-02 5.5597e-01 0.0000e+00 0.0000e+00 0.0000e+00 8.1633e-02 3.2258e-02 7.4074e-02 0.0000e+00 1.1364e-01 2.9412e-02 5.5556e-02 9.7561e-02 8.0000e-02 1.5152e-01 3.1818e-01 0.0000e+00 0.0000e+00 1.3333e-01 5.0000e-02 1.0000e-01 5.8824e-02 0.0000e+00 0.0000e+00 3.5714e-01 1.2500e-01 6.5217e-02 2.8571e-02 4.2236e-01 0.0000e+00 1.4815e-01 1.7949e-01 1.1765e-01 4.1667e-02 0.0000e+00 0.0000e+00
2.5806e-01 2.9412e-02 5.0000e-02 1.2121e-01 1.4286e-01 0.0000e+00 1.9048e-01 1.4035e-01 6.5217e-02 1.0811e-01 3.9894e-01 1.7568e-01 0.0000e+00 0.0000e+00 2.8205e-01 2.0000e-01 2.4390e-02 9.2593e-02 0.0000e+00 4.8780e-02 3.2258e-02 4.1667e-02 0.0000e+00 1.6949e-01 2.9412e-02 7.5000e-02 3.3333e-02 2.6316e-02 1.0714e-01 6.2500e-02 2.8571e-02 1.2903e-01 0.0000e+00 5.0000e-02 5.8824e-02 3.3333e-02 6.5217e-02 9.5238e-02 0.0000e+00 0.0000e+00 6.5217e-02 5.1282e-02 2.3256e-01 5.7143e-02 9.0909e-02 7.6923e-02 1.7568e-01 0.0000e+00 0.0000e+00 4.3478e-02
1.7647e-01 1.2500e-01 8.6957e-02 1.2500e-01 1.3333e-01 6.4062e-01 5.6250e-01 0.0000e+00 0.0000e+00 6.6667e-02 4.1860e-01 5.2632e-02 0.0000e+00 2.4000e-01 0.0000e+00 7.9302e-01 1.4706e-01 4.7619e-02 8.6957e-02 1.1538e-01 3.6232e-01 7.6923e-02 0.0000e+00 5.8824e-02 2.1622e-01 0.0000e+00 1.3636e-01 1.1111e-01 0.0000e+00 3.1250e-01 1.6667e-01 2.1053e-01 5.2632e-02 0.0000e+00 2.3077e-01 2.0690e-01 2.5490e-01 2.7778e-01 0.0000e+00 1.2500e-01 2.2727e-01 1.2000e-01 3.7037e-01 3.7838e-01 9.0909e-02 3.7143e-01 3.8462e-01 7.1429e-02 0.0000e+00 7.5000e-01
2.3077e-01 0.0000e+00 2.0833e-01 5.7143e-01 5.4348e-01 0.0000e+00 1.0000e+00 0.0000e+00 2.0000e-01 9.0909e-02 2.6667e-01 7.1429e-02 1.0526e-01 2.0000e-01 4.5161e-01 4.0000e-01 1.6667e-01 2.0000e-01 0.0000e+00 1.5000e-01 0.0000e+00 2.5000e-01 2.5000e-01 2.1053e-01 7.1429e-02 2.2727e-01 3.6111e-01 6.2500e-02 1.8182e-01 5.0000e-01 0.0000e+00 2.6667e-01 7.1429e-02 1.0000e+00 5.0000e-01 2.6087e-01 1.1111e-01 6.0000e-01 1.0000e+00 3.3333e-01 2.0000e-01 1.5789e-01 8.0000e-01 0.0000e+00 5.7143e-01 1.6667e-01 7.1429e-02 4.8649e-01 7.6923e-02 1.6667e-01
2.9630e-01 1.2000e-01 2.1429e-01 5.2542e-01 5.0549e-01 2.8571e-01 4.2857e-01 1.7241e-01 2.5000e-01 3.7500e-01 2.6087e-01 1.4286e-01 0.0000e+00 1.2903e-01 3.1250e-01 4.7368e-01 5.0179e-01 1.3333e-01 1.1111e-01 4.4765e-01 2.6190e-01 2.4000e-01 5.2174e-01 5.1894e-01 1.6129e-01 2.0588e-01 2.9787e-01 4.0909e-01 4.9275e-01 7.0000e-01 8.6957e-02 7.3067e-01 5.3820e-01 1.8750e-01 7.3118e-01 3.4921e-01 2.5455e-01 7.1849e-01 0.0000e+00 1.0000e+00 1.3333e-01 0.0000e+00 3.5714e-01 2.6190e-01 5.4839e-01 2.3810e-01 1.6667e-01 4.1071e-01 2.1875e-01 0.0000e+00
0.0000e+00 6.6667e-02 0.0000e+00 0.0000e+00 1.0000e-01 4.2857e-01 6.6667e-01 1.6667e-01 2.8205e-01 0.0000e+00 2.9412e-01 0.0000e+00 0.0000e+00 6.2500e-02 6.0000e-01 1.4286e-01 1.6000e-01 0.0000e+00 1.1111e-01 5.2604e-01 4.6377e-01 6.2727e-01 6.4311e-01 7.6923e-02 1.5789e-01 7.1283e-01 3.4286e-01 4.3878e-01 0.0000e+00 0.0000e+00 3.7736e-01 0.0000e+00 0.0000e+00 0.0000e+00 1.4286e-01 7.3768e-01 2.3333e-01 0.0000e+00 6.0000e-01 3.0000e-01 0.0000e+00 0.0000e+00 1.8182e-01 0.0000e+00 4.7368e-01 1.0000e-01 6.2864e-01 3.3333e-01 2.8000e-01 0.0000e+00
2.1429e-01 1.5000e-01 1.6667e-01 0.0000e+00 2.5000e-01 2.5000e-01 4.4444e-01 1.1765e-01 0.0000e+00 3.5484e-01 2.5000e-01 4.6875e-01 1.3043e-01 1.3636e-01 3.4783e-01 3.5714e-01 5.5556e-02 0.0000e+00 2.1429e-01 0.0000e+00 1.5789e-01 0.0000e+00 6.2500e-02 1.6667e-01 6.2500e-02 2.6667e-01 3.3333e-01 6.0278e-01 1.0000e-01 0.0000e+00 6.2500e-02 2.9412e-01 2.4138e-01 0.0000e+00 7.8571e-01 4.1176e-01 0.0000e+00 9.8851e-01 1.0000e+00 0.0000e+00 1.0000e-01 2.2222e-01 5.0000e-01 1.5789e-01 1.0000e+00 9.0909e-02 2.0833e-01 3.0000e-01 7.1429e-02 0.0000e+00
7.3764e-01 1.5000e-01 0.0000e+00 6.8981e-01 8.0569e-01 6.8235e-01 6.6667e-01 2.6667e-01 1.6000e-01 6.5950e-01 1.6667e-01 6.6154e-01 3.6842e-01 1.6000e-01 4.0000e-01 4.0000e-01 2.5581e-01 2.6316e-01 1.0526e-01 2.3529e-01 2.9032e-01 2.8571e-01 3.7500e-01 6.3520e-01 4.3182e-01 3.7736e-01 1.2500e-01 3.2075e-01 2.9412e-01 5.7143e-01 6.2500e-02 5.4167e-01 2.0000e-01 4.1667e-01 8.0000e-01 5.0980e-01 1.3636e-01 9.5358e-01 1.0000e+00 7.5000e-01 5.8824e-02 6.2500e-02 7.9468e-01 4.5333e-01 5.4545e-01 5.1064e-01 2.5806e-01 6.8619e-01 4.7561e-01 2.3529e-01
3.1081e-01 1.5254e-01 0.0000e+00 0.0000e+00 1.5152e-01 4.2017e-01 7.3000e-01 1.2766e-01 8.5106e-02 0.0000e+00 1.5625e-01 1.8571e-01 1.4493e-01 0.0000e+00 3.9535e-01 1.9231e-01 0.0000e+00 2.8571e-02 2.9412e-02 0.0000e+00 6.0606e-02 8.0000e-02 0.0000e+00 8.8235e-02 5.5556e-02 2.1250e-01 0.0000e+00 2.8571e-02 2.6923e-01 4.1791e-01 1.0638e-01 4.7619e-02 0.0000e+00 5.2632e-02 6.3685e-01 3.4703e-01 0.0000e+00 3.6765e-01 7.6923e-02 0.0000e+00 0.0000e+00 2.8402e-01 2.5581e-01 1.8033e-01 0.0000e+00 2.3404e-01 1.4815e-01 4.3478e-02 1.0526e-01 0.0000e+00
1.2903e-01 2.9412e-02 9.6154e-02 0.0000e+00 1.4286e-01 9.0909e-02 2.9032e-01 5.5556e-02 6.5217e-02 0.0000e+00 2.1277e-01 1.8519e-01 0.0000e+00 6.5217e-02 4.3478e-02 1.0000e-01 9.8361e-02 0.0000e+00 1.0909e-01 1.1667e-01 9.5238e-02 7.4074e-02 0.0000e+00 0.0000e+00 8.6957e-02 1.4035e-01 0.0000e+00 1.3043e-01 4.5455e-02 1.4286e-01 5.0000e-02 0.0000e+00 0.0000e+00 0.0000e+00 2.3529e-01 0.0000e+00 4.7619e-02 2.2222e-01 3.2432e-01 0.0000e+00 6.5217e-02 2.0000e-01 3.0159e-01 1.3462e-01 2.5581e-01 5.0594e-01 7.3171e-02 2.2951e-01 9.7561e-02 0.0000e+00
4.9398e-01 0.0000e+00 4.5192e-01 6.8889e-01 4.5714e-01 6.5500e-01 8.3058e-01 2.1622e-01 1.7500e-01 5.5856e-01 5.4167e-01 4.5045e-01 3.1250e-01 3.6429e-01 5.5000e-01 9.0909e-02 4.4660e-01 1.4706e-01 2.2917e-01 3.9157e-01 3.5135e-01 4.1379e-01 1.8421e-01 1.3043e-01 5.2828e-01 3.8000e-01 4.6369e-01 3.7255e-01 2.6087e-01 4.2308e-01 3.2955e-01 3.8095e-01 3.6937e-01 4.1463e-01 4.8718e-01 3.3333e-01 1.7949e-01 5.6757e-01 6.1364e-01 3.5294e-01 3.3945e-01 3.1579e-01 3.8889e-01 3.8298e-01 6.0194e-01 3.4286e-01 4.0876e-01 2.0833e-01 3.1579e-01 2.1739e-01
2.0000e-01 3.8462e-02 1.4583e-01 2.4390e-01 1.5385e-01 2.8571e-01 6.1261e-01 1.3158e-01 4.1926e-01 1.5625e-01 5.2366e-01 2.5882e-01 2.1250e-01 2.1519e-01 2.7660e-01 2.9032e-01 2.5781e-01 1.6071e-01 0.0000e+00 0.0000e+00 2.8889e-01 3.7363e-01 6.2500e-02 1.5789e-01 1.6327e-01 2.1667e-01 5.0866e-01 1.6071e-01 3.3929e-01 4.4231e-01 6.4516e-02 3.3898e-01 2.0000e-01 0.0000e+00 6.9319e-01 2.0408e-01 3.4483e-02 3.3333e-01 6.9758e-01 3.3333e-01 1.6949e-01 1.7308e-01 4.7500e-01 1.1765e-01 5.9763e-01 2.4324e-01 4.2545e-01 3.4211e-01 7.4074e-02 2.0588e-01
1.1111e-01 0.0000e+00 1.2500e-01 0.0000e+00 0.0000e+00 1.6667e-01 0.0000e+00 7.6923e-02 1.5000e-01 7.2656e-01 9.2440e-01 0.0000e+00 1.5000e-01 2.9412e-01 7.4699e-01 1.0000e+00 2.4138e-01 0.0000e+00 7.1429e-02 3.1429e-01 6.9620e-01 0.0000e+00 1.9048e-01 2.2222e-01 7.1586e-01 3.0769e-01 2.7273e-01 6.6667e-02 1.1111e-01 6.6667e-01 2.0000e-01 2.8571e-01 5.0000e-01 1.2500e-01 5.0000e-01 6.0169e-01 0.0000e+00 6.6667e-01 8.0000e-01 3.7500e-01 1.8182e-01 2.6923e-01 1.0000e+00 3.0769e-01 7.7778e-01 3.6842e-01 7.2030e-01 8.1163e-01 2.9167e-01 3.6842e-01
3.9474e-01 5.5556e-02 1.6667e-01 4.4828e-01 3.7143e-01 3.4783e-01 6.6667e-01 5.5556e-02 2.9231e-01 3.9286e-01 1.7647e-01 5.2368e-01 3.6283e-01 2.4490e-01 7.3369e-01 8.3699e-01 0.0000e+00 1.1538e-01 1.6129e-01 1.4286e-01 2.2581e-01 0.0000e+00 1.2000e-01 1.4286e-01 1.7241e-01 5.4353e-01 0.0000e+00 2.7586e-01 3.3333e-01 8.6233e-01 1.4815e-01 1.4286e-01 1.7241e-01 5.7317e-01 6.5823e-01 5.6941e-01 0.0000e+00 7.9880e-01 8.5714e-01 2.5000e-01 8.6957e-02 1.6667e-01 6.3780e-01 2.4242e-01 6.2069e-01 0.0000e+00 4.5033e-01 6.4865e-01 1.3636e-01 2.1053e-01
2.7660e-01 3.5714e-02 1.4000e-01 4.6559e-01 2.9825e-01 5.6000e-01 5.0000e-01 9.0909e-02 1.0870e-01 1.4706e-01 2.7660e-01 2.4096e-01 1.5254e-01 1.1111e-01 2.9825e-01 6.4617e-01 5.4054e-02 7.8947e-02 1.1364e-01 5.8824e-02 2.0690e-01 2.0000e-01 1.7742e-01 1.1765e-01 3.5714e-02 3.8246e-01 3.3793e-01 1.3462e-01 2.6829e-01 4.5000e-01 1.4286e-01 1.2500e-01 6.2500e-02 5.8824e-02 6.5253e-01 1.9608e-01 0.0000e+00 6.6667e-02 7.8271e-01 0.0000e+00 3.2258e-02 2.6606e-01 0.0000e+00 3.8462e-02 3.6000e-01 3.9604e-01 1.3953e-01 2.3256e-01 1.1429e-01 1.8750e-01
1.0000e+00 5.8209e-01 6.6667e-01 6.6667e-01 7.5000e-01 7.5000e-01 6.6667e-01 8.6691e-01 7.0370e-01 3.3333e-01 6.6667e-01 5.5738e-01 7.6873e-01 6.3855e-01 1.0000e+00 1.0000e+00 3.0769e-01 6.7094e-01 5.6000e-01 5.7609e-01 6.1429e-01 6.6667e-01 6.8545e-01 4.6667e-01 3.8462e-01 6.5657e-01 1.0000e-01 3.0435e-01 6.6667e-01 0.0000e+00 6.5035e-01 1.0000e+00 6.9231e-01 6.6667e-01 7.5000e-01 5.7447e-01 6.0000e-01 5.0000e-01 1.0000e+00 1.0000e+00 6.9659e-01 2.7778e-01 1.0000e+00 6.4706e-01 6.6667e-01 1.0000e+00 7.2059e-01 5.0000e-01 7.0635e-01 6.8000e-01
2.7273e-01 0.0000e+00 0.0000e+00 1.0000e-01 0.0000e+00 1.8182e-01 7.1429e-02 1.0638e-01 1.0345e-01 1.5217e-01 8.0000e-02 8.8889e-02 0.0000e+00 0.0000e+00 4.3478e-02 3.4375e-01 0.0000e+00 0.0000e+00 0.0000e+00 0.0000e+00 1.1111e-01 2.3333e-01 0.0000e+00 1.1364e-01 0.0000e+00 0.0000e+00 0.0000e+00 1.1290e-01 1.0714e-01 0.0000e+00 2.1101e-01 1.0714e-01 1.6438e-01 0.0000e+00 2.6316e-01 1.1364e-01 0.0000e+00 0.0000e+00 0.0000e+00 1.2500e-01 0.0000e+00 0.0000e+00 4.0152e-01 4.0938e-01 2.5581e-01 4.5455e-02 7.3171e-02 9.6774e-02 0.0000e+00 1.2121e-01
5.0000e-01 6.7647e-01 7.5000e-01 5.0000e-01 1.0000e+00 1.0000e+00 1.0000e+00 7.7273e-01 7.2381e-01 8.5714e-01 7.5000e-01 9.2308e-01 8.1139e-01 8.0357e-01 1.0000e+00 1.0000e+00 7.6415e-01 8.3333e-01 1.0000e+00 8.9964e-01 1.0000e+00 5.0000e-01 9.1176e-01 8.5714e-01 1.0000e+00 1.0000e+00 8.4615e-01 7.6923e-01 6.6667e-01 1.0000e+00 8.9706e-01 1.0000e+00 5.0000e-01 1.0000e+00 1.0000e+00 1.0000e+00 9.2450e-01 1.0000e+00 1.0000e+00 1.0000e+00 8.3175e-01 9.0196e-01 1.0000e+00 8.3333e-01 5.0000e-01 1.0000e+00 1.0000e+00 0.0000e+00 5.8333e-01 1.0000e+00
1.9048e-01 0.0000e+00 0.0000e+00 2.5373e-01 0.0000e+00 1.4286e-01 7.1429e-02 1.0638e-01 8.0000e-02 3.5349e-01 4.5455e-02 0.0000e+00 2.5641e-02 0.0000e+00 5.0594e-01 2.1875e-01 1.3750e-01 3.4036e-01 1.4493e-01 1.2500e-01 2.4779e-01 4.1667e-02 0.0000e+00 2.9747e-01 5.2632e-02 1.9231e-01 2.2472e-01 0.0000e+00 0.0000e+00 1.0526e-01 0.0000e+00 2.1277e-01 2.9960e-01 0.0000e+00 1.8519e-01 2.7481e-01 2.7027e-02 1.2500e-01 3.9216e-01 3.7209e-01 0.0000e+00 2.7604e-01 3.9516e-01 7.8947e-02 4.7005e-01 0.0000e+00 2.9146e-01 1.5000e-01 0.0000e+00 1.8182e-01
1.7647e-01 5.2632e-02 1.2000e-01 4.3636e-01 1.7647e-01 8.0420e-01 1.0000e+00 3.0769e-01 1.7143e-01 1.8182e-01 4.8333e-01 4.4138e-01 4.7619e-02 8.3333e-02 5.2222e-01 5.4348e-01 4.5455e-02 2.0513e-01 2.2500e-01 5.0000e-02 1.6000e-01 5.0588e-01 2.6667e-01 6.0105e-01 4.7391e-01 3.5294e-01 1.6667e-01 2.4490e-01 2.2222e-01 0.0000e+00 1.6667e-01 4.7368e-01 2.8846e-01 9.0909e-02 5.1351e-01 2.7027e-01 3.8400e-01 4.2857e-01 7.5000e-01 6.6667e-01 1.8919e-01 1.6667e-01 8.1211e-01 1.8519e-01 5.4717e-01 8.3333e-02 4.0385e-01 3.8095e-01 1.6667e-01 3.9024e-01
1.0000e+00 8.9881e-01 8.2816e-01 3.3333e-01 0.0000e+00 1.0000e+00 1.0000e+00 1.2500e-01 6.7327e-01 0.0000e+00 5.0000e-01 7.3267e-01 8.2048e-01 8.6024e-01 5.0000e-01 1.0000e+00 9.0909e-02 8.7459e-01 1.1111e-01 8.4958e-01 1.0000e+00 1.0000e+00 0.0000e+00 1.0000e+00 8.5865e-01 2.5000e-01 8.1818e-01 7.2941e-01 6.0000e-01 1.0000e+00 0.0000e+00 1.0000e+00 0.0000e+00 8.1818e-01 1.0000e+00 1.0000e+00 1.6667e-01 0.0000e+00 0.0000e+00 0.0000e+00 5.6250e-01 6.5079e-01 1.0000e+00 4.2857e-01 1.0000e+00 1.0000e+00 8.4444e-01 0.0000e+00 0.0000e+00 5.0000e-01
1.0000e+00 6.8421e-01 9.4250e-01 1.0000e+00 1.0000e+00 1.0000e+00 1.0000e+00 7.8571e-01 5.8333e-01 1.0000e+00 6.6667e-01 6.8750e-01 7.5568e-01 7.9592e-01 1.0000e+00 5.0000e-01 7.2671e-01 8.6212e-01 7.6296e-01 7.4167e-01 1.0000e+00 1.0000e+00 7.7622e-01 1.0000e+00 8.2857e-01 6.6667e-01 1.0000e+00 7.2072e-01 7.5000e-01 1.0000e+00 9.7901e-01 1.0000e+00 1.0000e+00 7.1429e-01 3.3333e-01 1.0000e+00 7.7778e-01 1.0000e+00 1.0000e+00 1.0000e+00 7.2881e-01 7.5676e-01 1.0000e+00 1.0000e+00 0.0000e+00 1.0000e+00 5.0000e-01 1.0000e+00 8.3333e-01 6.0000e-01
7.0484e-01 1.1111e-01 2.8000e-01 0.0000e+00 4.5783e-01 7.6923e-02 0.0000e+00 1.1538e-01 1.3889e-01 3.5000e-01 2.1739e-01 0.0000e+00 0.0000e+00 1.9149e-01 3.1579e-01 2.6316e-01 9.3750e-02 4.1667e-02 2.9268e-01 1.2500e-01 5.4783e-01 2.4138e-01 3.6429e-01 5.2632e-02 3.6066e-01 2.9032e-01 9.0909e-02 4.1667e-02 1.2500e-01 2.7778e-01 1.2903e-01 1.5789e-01 1.0714e-01 0.0000e+00 2.6316e-01 2.1622e-01 0.0000e+00 2.2222e-01 1.1111e-01 0.0000e+00 0.0000e+00 3.6842e-01 2.8000e-01 1.2000e-01 5.3247e-01 5.6500e-01 3.6364e-01 6.3343e-01 4.0625e-01 3.7736e-01
1.0000e+00 1.0000e+00 9.4000e-01 7.1429e-01 1.0000e+00 1.0000e+00 1.0000e+00 9.3750e-01 9.6837e-01 1.0000e+00 1.0000e+00 1.0000e+00 8.9377e-01 9.2308e-01 1.0000e+00 1.0000e+00 8.3632e-01 9.7183e-01 8.6740e-01 1.0000e+00 1.0000e+00 1.0000e+00 9.0625e-01 1.0000e+00 1.0000e+00 1.0000e+00 1.0000e+00 9.7808e-01 0.0000e+00 1.0000e+00 9.7872e-01 1.0000e+00 8.0000e-01 8.7500e-01 1.0000e+00 1.0000e+00 9.0132e-01 1.0000e+00 1.0000e+00 1.0000e+00 9.6394e-01 8.3333e-01 1.0000e+00 1.0000e+00 5.0000e-01 0.0000e+00 1.0000e+00 1.0000e+00 1.0000e+00 1.0000e+00
0.0000e+00 0.0000e+00 2.7778e-02 0.0000e+00 2.7397e-01 2.0000e-01 4.1379e-01 3.1250e-02 6.5217e-02 1.3953e-01 0.0000e+00 3.0303e-02 2.5641e-02 2.6316e-02 1.4286e-01 2.9787e-01 1.0769e-01 0.0000e+00 2.7778e-02 8.1633e-02 2.5714e-01 1.0000e-01 1.1864e-01 0.0000e+00 2.9412e-02 7.5000e-02 2.5000e-01 2.0661e-01 1.0714e-01 1.4286e-01 5.0000e-02 3.3654e-01 0.0000e+00 0.0000e+00 1.3636e-01 1.6667e-01 8.1633e-02 0.0000e+00 4.7619e-01 0.0000e+00 0.0000e+00 0.0000e+00 3.2432e-01 0.0000e+00 3.4667e-01 4.5455e-02 0.0000e+00 7.1429e-02 0.0000e+00 1.2121e-01
4.5455e-02 1.3559e-01 8.3333e-02 1.0000e-01 1.0345e-01 2.9310e-01 5.2985e-01 1.2963e-01 0.0000e+00 6.6667e-02 3.1868e-01 5.4054e-02 0.0000e+00 4.7619e-02 1.0000e-01 2.0000e-01 2.4390e-02 2.5888e-01 5.0000e-02 9.4340e-02 3.2258e-02 1.0000e-01 3.1781e-01 1.1364e-01 2.9412e-02 9.3023e-02 1.5789e-01 8.0000e-02 4.5455e-02 2.3333e-01 1.5493e-01 0.0000e+00 0.0000e+00 8.6957e-02 2.7500e-01 2.5234e-01 0.0000e+00 2.8571e-01 1.9048e-01 7.1059e-01 0.0000e+00 5.1282e-02 2.6000e-01 1.1111e-01 9.0909e-02 2.7273e-01 7.3171e-02 1.5000e-01 5.8824e-02 0.0000e+00
3.8824e-01 5.2632e-02 6.8182e-02 3.4109e-01 1.5789e-01 3.0645e-01 3.5714e-01 7.5000e-02 1.0345e-01 2.2973e-01 4.5455e-02 3.8002e-01 7.8431e-02 1.5854e-01 3.8542e-01 5.9068e-01 6.1224e-02 6.5217e-02 9.6154e-02 1.0714e-01 3.1878e-01 2.2807e-01 1.0909e-01 1.0000e-01 2.7660e-01 2.3364e-01 1.8841e-01 6.5217e-02 2.9167e-01 6.2132e-01 1.9588e-01 1.6667e-01 2.0408e-01 1.6129e-01 4.9206e-01 3.6236e-01 2.3129e-01 3.4328e-01 5.8824e-01 3.5897e-01 1.3235e-01 1.8605e-01 2.7778e-01 1.7910e-01 3.3803e-01 2.7536e-01 1.6418e-01 2.6316e-01 9.7561e-02 1.7073e-01
5.8824e-02 9.3750e-02 2.5000e-01 3.4375e-01 5.5419e-01 4.7253e-01 5.8108e-01 9.6774e-02 1.5686e-01 0.0000e+00 3.1250e-01 2.2034e-01 1.0256e-01 1.7544e-01 5.5619e-01 5.2083e-01 9.7561e-02 2.8906e-01 1.6327e-01 1.0526e-01 1.7073e-01 9.5238e-02 1.2500e-01 3.5714e-01 1.1429e-01 1.9149e-01 5.1538e-01 1.1905e-01 0.0000e+00 3.9474e-01 3.8462e-02 5.8824e-02 4.3292e-01 1.5000e-01 3.8462e-01 1.9048e-01 1.4894e-01 1.2500e-01 3.3333e-01 4.0741e-01 1.9355e-01 1.2821e-01 2.5000e-01 5.2118e-01 3.3333e-01 2.5714e-01 2.5676e-01 4.2857e-01 1.0345e-01 1.0000e-01
0.0000e+00 0.0000e+00 8.3333e-02 0.0000e+00 1.9565e-01 1.4286e-01 0.0000e+00 1.8421e-01 2.7530e-01 0.0000e+00 0.0000e+00 1.1538e-01 2.5641e-02 1.0345e-01 1.8182e-01 1.0000e-01 2.4390e-02 0.0000e+00 5.0000e-02 8.1633e-02 1.1111e-01 1.5385e-01 0.0000e+00 6.0606e-02 1.2500e-01 7.5000e-02 0.0000e+00 2.6316e-02 1.9512e-01 4.3478e-01 1.3115e-01 1.2903e-01 5.1282e-02 0.0000e+00 0.0000e+00 8.1081e-02 0.0000e+00 1.7241e-01 1.9048e-01 0.0000e+00 0.0000e+00 1.1111e-01 2.1053e-01 1.4545e-01 5.2632e-02 7.6923e-02 9.0909e-02 7.1429e-02 1.1111e-01 1.2121e-01
5.8333e-01 8.6957e-02 3.0000e-01 6.9862e-01 7.1429e-02 8.3333e-02 6.9565e-01 1.8750e-01 4.3066e-01 3.7288e-01 5.5285e-01 3.0000e-01 2.7536e-01 2.9333e-01 4.9462e-01 6.2766e-01 7.4074e-02 1.0714e-01 3.5514e-01 1.3333e-01 5.5928e-01 5.9073e-01 2.9412e-01 3.0612e-01 1.3793e-01 3.3333e-01 2.5641e-01 4.5455e-02 2.3810e-01 6.0938e-01 1.3793e-01 6.2140e-01 8.6957e-02 3.7500e-01 4.7059e-01 3.0769e-01 1.2903e-01 2.0000e-01 8.5714e-01 3.3333e-01 5.3063e-01 8.6957e-02 5.8491e-01 1.5385e-01 0.0000e+00 1.2500e-01 3.3333e-01 2.7586e-01 3.2759e-01 7.1429e-02
2.4561e-01 8.8889e-02 1.6456e-01 2.8049e-01 2.3214e-01 2.5532e-01 3.2432e-01 3.1250e-02 2.2143e-01 2.5843e-01 2.0000e-01 1.0417e-01 1.5000e-01 1.3043e-01 3.8043e-01 1.3043e-01 8.7719e-02 1.1475e-01 3.0721e-01 1.9000e-01 1.3462e-01 2.2807e-01 6.8182e-02 3.0409e-01 2.3846e-01 1.0638e-01 2.6050e-01 2.3418e-01 3.7209e-01 2.8947e-01 1.5493e-01 3.6220e-01 7.1429e-02 1.1538e-01 3.9506e-01 1.7460e-01 1.0526e-01 5.8209e-01 5.7143e-01 0.0000e+00 1.9231e-01 6.9767e-02 3.3750e-01 2.2917e-01 0.0000e+00 2.4561e-01 1.7568e-01 2.7907e-01 9.7561e-02 7.4074e-02
1.8182e-01 3.5294e-01 1.2500e-01 3.3333e-01 6.6667e-01 6.6667e-01 1.0000e+00 2.5000e-01 3.7500e-01 8.6040e-01 0.0000e+00 2.3810e-01 3.6170e-01 7.1429e-02 2.3077e-01 1.0000e+00 1.1111e-01 1.5789e-01 0.0000e+00 5.2846e-01 1.8750e-01 1.8182e-01 3.8636e-01 2.0000e-01 0.0000e+00 3.4483e-01 3.2000e-01 3.6364e-01 5.7143e-01 5.0000e-01 3.2258e-01 4.4444e-01 7.3330e-01 1.4286e-01 1.0000e+00 6.2308e-01 0.0000e+00 0.0000e+00 1.0000e+00 0.0000e+00 7.1429e-02 3.2258e-01 5.0000e-01 4.9123e-01 1.0000e+00 3.1250e-01 3.9474e-01 0.0000e+00 1.8750e-01 3.6842e-01
