8.4300e+02 1.5700e+02 2.0800e+02 8.2000e+02 4.9600e+02 6.0200e+02 3.7100e+02 2.1000e+02 9.0500e+02 9.3600e+02
1.6100e+02 5.8500e+02 2.3900e+02 9.8500e+02 5.9400e+02 2.9300e+02 7.3800e+02 4.2000e+01 9.8000e+01 9.5400e+02
9.5200e+02 4.3800e+02 5.6000e+01 6.5500e+02 7.6800e+02 5.6200e+02 9.5800e+02 8.0100e+02 5.7100e+02 5.0700e+02
7.3400e+02 7.3700e+02 7.9300e+02 5.6700e+02 6.9600e+02 9.6700e+02 1.5500e+02 4.1800e+02 3.6300e+02 7.6800e+02
6.0000e+00 1.4800e+02 8.8900e+02 6.9300e+02 2.8800e+02 3.0300e+02 6.6000e+01 5.2100e+02 1.6700e+02 3.1900e+02
7.3000e+02 4.0100e+02 1.3400e+02 1.4300e+02 4.4900e+02 4.1800e+02 8.9500e+02 7.2700e+02 1.9700e+02 5.8700e+02
8.3200e+02 4.5200e+02 2.5900e+02 3.3300e+02 6.3900e+02 5.4500e+02 4.8600e+02 2.2400e+02 4.9500e+02 6.4300e+02
5.1000e+02 9.5700e+02 9.8400e+02 2.9700e+02 1.4000e+01 4.1700e+02 5.6800e+02 8.3800e+02 5.1200e+02 1.7000e+01
2.2300e+02 4.3500e+02 1.3100e+02 8.1000e+02 5.0500e+02 5.6000e+01 4.0500e+02 5.2600e+02 6.6200e+02 4.6900e+02
4.9000e+01 1.0050e+03 2.1300e+02 1.8200e+02 1.0800e+02 2.6500e+02 2.0600e+02 4.6400e+02 4.5600e+02 5.5500e+02
