2.6000e+01 3.4000e+01 2.0000e+01 2.3000e+01 2.2000e+01 2.8000e+01 2.6000e+01 1.8000e+01 2.0000e+01 9.6840e+03
1.7000e+01 2.5000e+01 1.8000e+01 9.5630e+03 1.7000e+01 2.6000e+01 2.3000e+01 2.6000e+01 1.1000e+01 3.7000e+01
6.4700e+02 2.0000e+01 2.9000e+01 2.2000e+01 9.8790e+03 1.9000e+01 4.9600e+02 6.6000e+01 2.6000e+01 1.7000e+01
3.2000e+01 1.7000e+01 1.2000e+01 2.5000e+01 2.3000e+01 9.7830e+03 2.5000e+01 2.3000e+01 2.5000e+01 2.1000e+01
1.5000e+01 2.2000e+01 9.7210e+03 2.4000e+01 2.6000e+01 2.3000e+01 2.5000e+01 1.7000e+01 2.1000e+01 2.9000e+01
2.2000e+01 2.8000e+01 2.0000e+01 1.6000e+01 2.2000e+01 2.3000e+01 9.2110e+03 1.8000e+01 2.9000e+01 1.9000e+01
9.1460e+03 1.9000e+01 1.6000e+01 2.5000e+01 3.7000e+01 1.9000e+01 2.5000e+01 2.3000e+01 2.5000e+01 2.5000e+01
2.7000e+01 7.4300e+02 2.5000e+01 2.2000e+01 2.9000e+01 1.8000e+01 2.5000e+01 9.8670e+03 2.4000e+01 2.5000e+01
2.6000e+01 3.0000e+01 2.4000e+01 2.7500e+02 2.0000e+01 1.9000e+01 2.4000e+01 1.9000e+01 9.7950e+03 2.5000e+01
2.9000e+01 9.1780e+03 2.0000e+01 2.3000e+01 1.8000e+01 2.1000e+01 1.8000e+01 2.4000e+01 2.8000e+01 1.7000e+01
