7.3993e-01 4.9477e-01 8.4463e-01 7.4359e-01 3.8047e-01 1.6694e-02 5.1736e-01 2.2824e-01 9.7199e-01 9.9669e-01 8.6643e-01 9.6284e-01 7.4593e-01 9.2687e-01 7.4664e-01 4.7500e-01 7.9146e-01 4.8562e-01 7.0459e-01 4.7890e-01 5.5840e-01 9.5819e-01 9.5392e-01 9.9005e-01 5.3333e-01 9.1847e-01 7.7759e-01 5.7512e-01 5.2404e-01 8.8397e-01 8.3860e-01 4.5177e-01 8.8276e-01 9.9013e-01 4.4406e-01 5.3093e-01 8.8414e-01 7.1739e-01 4.7069e-01 9.3092e-01 9.4003e-01 3.0622e-01 9.8322e-01 9.8448e-01 2.9721e-01 3.5490e-01 2.7214e-01 4.6021e-01 4.6053e-01 7.0333e-01
1.9318e-01 3.2363e-01 5.2605e-01 8.3882e-02 1.2341e-01 2.9505e-01 6.7002e-02 5.0894e-01 1.6478e-01 3.8501e-01 1.5238e-01 2.2375e-01 2.6214e-01 6.5495e-02 5.7027e-01 4.0498e-02 3.4127e-01 4.3408e-01 4.1710e-01 2.1181e-01 3.7012e-01 4.9682e-01 3.8267e-01 1.2054e-01 3.9898e-01 4.0404e-01 2.3960e-01 2.2147e-01 4.5469e-01 1.4742e-01 3.3333e-01 4.8365e-01 1.8135e-01 2.1370e-01 4.1812e-01 4.7552e-01 1.7391e-01 1.1324e-01 2.3143e-01 1.0849e-01 6.1990e-02 9.4617e-02 6.0065e-01 4.1639e-01 1.8530e-01 2.9421e-01 3.5889e-02 1.6474e-03 1.0485e-01 5.1852e-01
8.7934e-01 6.5187e-01 9.8951e-01 2.1336e-01 9.1589e-02 4.3248e-01 1.0000e+00 6.0739e-01 2.4763e-01 2.4490e-01 9.0997e-01 8.5069e-02 1.6863e-01 8.2215e-02 5.3288e-01 0.0000e+00 1.4333e-01 1.5199e-01 5.1424e-01 5.2632e-01 2.6721e-01 1.1092e-01 5.4849e-01 8.6735e-02 7.0050e-01 5.1916e-01 6.7599e-01 3.3391e-01 9.2281e-01 3.3948e-01 5.2765e-01 1.0000e+00 8.0311e-01 3.6303e-01 2.3363e-01 5.8273e-01 1.4570e-01 6.7208e-01 2.1791e-01 7.8070e-01 1.8981e-01 2.9489e-01 4.2139e-02 5.3234e-01 4.4444e-01 2.6418e-01 5.6198e-02 9.8336e-01 5.4286e-01 9.2185e-01
3.6620e-01 3.4386e-01 1.6367e-02 1.4613e-01 7.0261e-02 4.8454e-01 2.5159e-01 4.4728e-02 8.5366e-02 4.4300e-01 3.6027e-01 5.2333e-01 2.7521e-01 4.8270e-01 6.0554e-02 1.4068e-01 6.0100e-02 3.5786e-01 3.6140e-01 5.3356e-01 7.3045e-01 4.1625e-01 5.1085e-01 5.7759e-01 7.3301e-01 6.9107e-01 7.9935e-01 6.1616e-01 5.8275e-01 5.0167e-01 8.4474e-01 5.4735e-01 4.8590e-01 7.6346e-01 6.7731e-01 5.7091e-01 3.3920e-01 3.9292e-01 7.5296e-01 2.8498e-01 4.3952e-01 5.5428e-01 2.3307e-01 1.4378e-01 5.9184e-01 7.8510e-01 6.3356e-01 5.0166e-01 5.4469e-01 4.9666e-01
5.4636e-01 6.0739e-01 6.6934e-01 4.1667e-01 5.2690e-01 5.4118e-01 4.1443e-01 7.5833e-01 1.2583e-01 4.4048e-01 7.0531e-01 6.3149e-01 7.6634e-01 3.7819e-01 4.0620e-01 3.9937e-01 8.0960e-01 5.1140e-01 4.7634e-01 5.7027e-01 6.6501e-01 5.2381e-01 2.4223e-01 3.1761e-01 4.5766e-01 4.3118e-01 9.0550e-01 4.9835e-01 8.1406e-01 3.1955e-01 5.3322e-01 7.0915e-01 4.8264e-01 3.1825e-01 9.0328e-01 7.9077e-01 6.5738e-01 4.8640e-01 5.7404e-01 3.8408e-01 5.5468e-01 6.4182e-01 4.0480e-01 2.9116e-01 4.5904e-01 4.4408e-01 6.3166e-01 4.4073e-01 6.6459e-01 8.3304e-01
9.9487e-01 1.0000e+00 9.9822e-01 9.2977e-01 9.1857e-01 5.2117e-01 7.1577e-01 9.3790e-01 8.3281e-01 9.7712e-01 7.3957e-01 7.8493e-01 9.7607e-01 8.6631e-01 5.8765e-01 4.5918e-02 6.7476e-01 1.3889e-01 7.1094e-01 1.0273e-01 9.5622e-01 9.9473e-01 9.9835e-01 9.8911e-01 1.0000e+00 7.5549e-01 9.6635e-01 5.9162e-01 9.2416e-01 1.5252e-01 9.8276e-01 8.5309e-01 5.4225e-01 8.7793e-01 9.6207e-01 9.7651e-01 8.9309e-01 9.6290e-01 9.5056e-01 9.9328e-01 9.4464e-01 9.5925e-01 9.4737e-01 9.9654e-01 9.9329e-01 6.6977e-01 3.8889e-01 9.1126e-01 5.9044e-01 4.8460e-01
9.6791e-01 2.0683e-01 8.1944e-01 6.9580e-01 9.1267e-01 1.9496e-01 9.6335e-01 9.7245e-01 2.0833e-01 9.0660e-01 2.9302e-01 1.4191e-01 1.4190e-01 3.8368e-01 3.1369e-01 7.2109e-01 7.7013e-01 7.0492e-02 8.7413e-02 5.2231e-01 7.8818e-01 1.4925e-02 5.2985e-01 2.6591e-01 7.5160e-01 3.3110e-01 3.7217e-02 5.6973e-01 7.5360e-01 2.7541e-01 3.4350e-01 7.6020e-01 2.8750e-01 2.0800e-02 2.2222e-02 8.7889e-01 3.4761e-01 8.2077e-02 5.8389e-01 7.0494e-01 7.6887e-01 2.7883e-01 9.5261e-01 2.5671e-01 1.2439e-01 3.4443e-01 2.3856e-01 9.8562e-01 8.0257e-01 1.0218e-01
3.2409e-01 6.0514e-01 6.6328e-01 2.7667e-01 7.4957e-01 4.0555e-01 3.3979e-01 5.0814e-01 6.6440e-01 6.3193e-01 4.1652e-01 8.1864e-01 2.5307e-01 7.7273e-01 6.4808e-01 4.8768e-01 5.3560e-01 4.4113e-01 1.8435e-01 5.1505e-01 8.4743e-01 4.3443e-01 3.3443e-01 2.9085e-01 3.4576e-01 3.7829e-01 8.1048e-01 4.8350e-01 8.4516e-01 3.5690e-01 5.6058e-01 5.3523e-01 6.9169e-01 8.9249e-01 7.8798e-01 8.0438e-01 1.0083e-01 5.3578e-01 5.4839e-01 4.8020e-01 5.2787e-01 2.4915e-01 1.9608e-01 3.1962e-01 3.2496e-01 7.4411e-01 5.5017e-01 3.2577e-01 7.1599e-01 7.9595e-01
6.5391e-01 8.9916e-01 7.3083e-01 9.5812e-01 7.1778e-01 9.0404e-01 6.2697e-01 5.6487e-01 5.5282e-01 5.5857e-01 6.7895e-01 6.8448e-01 7.6232e-01 7.6617e-01 6.2952e-01 4.9914e-01 5.7069e-01 4.4262e-01 6.2898e-01 5.7237e-01 5.7167e-01 5.2439e-01 7.9160e-01 5.0079e-01 6.7174e-01 7.3203e-01 8.4122e-01 5.7377e-01 8.4710e-01 7.9868e-01 6.1352e-01 6.5874e-01 7.1572e-01 6.3861e-01 8.0458e-01 6.1364e-01 8.8830e-01 6.3148e-01 4.1717e-01 5.4643e-01 6.8293e-01 5.5537e-01 7.3770e-01 9.2091e-01 6.5372e-01 7.3684e-01 7.9863e-01 6.0968e-01 6.3007e-01 7.4062e-01
6.2114e-01 1.2234e-01 7.6117e-01 7.4675e-02 1.8197e-01 8.0363e-01 2.3826e-01 2.3306e-01 9.5016e-02 6.5816e-01 5.7143e-01 8.4270e-01 2.0608e-01 4.9141e-01 1.4976e-01 2.1918e-01 5.8632e-01 4.6701e-01 4.5724e-01 4.8748e-01 8.1889e-01 3.3555e-01 5.0164e-01 3.0017e-01 4.6599e-01 8.3646e-01 8.3245e-01 4.6786e-01 4.5110e-01 5.8875e-01 4.5766e-01 6.3285e-01 7.6547e-02 4.8475e-01 4.9256e-01 2.3089e-01 6.9919e-02 4.3344e-01 6.4500e-01 1.5878e-01 5.9302e-01 5.3051e-01 4.4274e-01 2.9153e-01 6.0000e-01 4.8123e-01 5.2404e-01 6.7846e-01 4.7727e-01 6.4828e-01
