2.6984e-01 1.8000e-01 2.9630e-01 3.9450e-01 2.0183e-01 6.7480e-01 9.5614e-01 2.5581e-01 2.2481e-01 1.3333e-01 4.9167e-01 2.6496e-01 1.0909e-01 3.1250e-01 2.6190e-01 4.3548e-01 2.8000e-01 9.6000e-02 5.8824e-02 1.7172e-01 3.4906e-01 2.6496e-01 1.1607e-01 2.0721e-01 7.3770e-02 2.5410e-01 4.1228e-01 1.6505e-01 4.0000e-01 5.0781e-01 2.3913e-01 3.3333e-01 2.3881e-01 3.3333e-01 4.5161e-01 5.1220e-01 1.8421e-01 5.3448e-01 9.2437e-01 6.1607e-01 2.4219e-01 1.1290e-01 6.1468e-01 1.9403e-01 3.7984e-01 4.4538e-01 5.1200e-01 4.6400e-01 2.1008e-01 2.1739e-01
3.0147e-01 9.4828e-02 3.5088e-02 5.1402e-01 3.7719e-01 6.0833e-01 1.8095e-01 2.5000e-01 3.0357e-01 3.8053e-01 1.7778e-01 6.6165e-01 1.3559e-01 7.4074e-02 3.8182e-01 6.3934e-01 5.8621e-01 2.5000e-01 1.4179e-01 1.8548e-01 6.7692e-01 3.7288e-01 3.1061e-01 2.2388e-01 4.0476e-01 3.7692e-01 3.0328e-01 2.6190e-01 3.1159e-01 7.9195e-01 2.0000e-01 9.3220e-01 4.6847e-01 4.4643e-02 1.0000e+00 1.4953e-01 2.2936e-01 6.4356e-01 1.0000e+00 1.7500e-01 8.9286e-02 8.1633e-02 8.2014e-01 5.5556e-01 8.0741e-01 2.7826e-01 1.0811e-01 2.7523e-01 1.4634e-01 1.0476e-01
2.0567e-01 6.5574e-02 5.9829e-02 1.9424e-01 2.0354e-01 4.1129e-01 4.1964e-01 1.9403e-01 4.2373e-02 1.6418e-01 2.7679e-01 8.5271e-02 4.3796e-02 4.2553e-02 2.5641e-02 4.4444e-01 1.0370e-01 1.7742e-01 1.3333e-01 5.8333e-02 2.7481e-01 4.2017e-01 1.3710e-01 3.0935e-01 2.0611e-01 2.6027e-01 6.9231e-02 6.8966e-02 1.4634e-01 7.1171e-01 2.9565e-01 2.1538e-01 8.6207e-02 1.7424e-01 3.2787e-01 2.0513e-01 4.0816e-02 5.6667e-01 7.1875e-01 3.8519e-01 1.7857e-02 4.0000e-02 6.7669e-01 4.2963e-01 2.6087e-01 1.0280e-01 2.0792e-01 1.4173e-01 1.9685e-01 1.0400e-01
2.7350e-01 9.8039e-03 3.4188e-02 7.8947e-02 1.9167e-01 6.3636e-02 5.8120e-01 2.5210e-02 1.5126e-01 6.4815e-02 8.5470e-02 2.0175e-01 0.0000e+00 3.1061e-01 1.3913e-01 2.5984e-01 4.8000e-02 4.5802e-02 9.9174e-02 4.8780e-02 7.4074e-02 1.9355e-01 3.9695e-01 9.5238e-02 7.2165e-02 5.5118e-02 2.0175e-01 7.4627e-03 1.4286e-02 5.8394e-01 4.8000e-02 8.7719e-02 1.7241e-02 3.8095e-02 5.6098e-01 1.7925e-01 4.8780e-02 0.0000e+00 3.9496e-01 4.0441e-01 0.0000e+00 0.0000e+00 3.4286e-01 0.0000e+00 2.3256e-02 2.6415e-01 5.6911e-02 2.3664e-01 1.8349e-02 7.0312e-02
2.7273e-01 7.2993e-02 1.5044e-01 1.7500e-01 3.4677e-01 3.0303e-01 1.0000e+00 2.2656e-01 2.5000e-01 1.7986e-01 3.0282e-01 2.1053e-01 9.8039e-02 1.4493e-01 3.5652e-01 4.2105e-01 1.2000e-01 4.5455e-02 2.2222e-01 8.4034e-03 1.8584e-01 2.1429e-01 2.4000e-01 2.3009e-01 9.6000e-02 1.6038e-01 2.3894e-01 3.2743e-01 8.2222e-01 5.0833e-01 3.1250e-02 7.9646e-02 1.0769e-01 1.4400e-01 6.6346e-01 2.4370e-01 2.5641e-02 2.3711e-01 1.0000e+00 1.8898e-01 9.3750e-02 2.6549e-01 6.0902e-01 1.2500e-01 2.4528e-01 2.4219e-01 3.4694e-01 1.9828e-01 1.6814e-01 1.7213e-01
2.3913e-01 4.7619e-02 3.7736e-02 1.8797e-01 3.4677e-01 1.6514e-01 2.8462e-01 5.4545e-02 1.8699e-01 1.0000e-01 3.2031e-01 1.6071e-01 8.2645e-02 0.0000e+00 2.3846e-01 3.4426e-01 2.0619e-02 6.0345e-02 1.1200e-01 5.9322e-02 7.0796e-02 1.0656e-01 1.6807e-01 1.3043e-01 1.0476e-01 8.4746e-02 2.3077e-02 2.0952e-01 1.3869e-01 2.3704e-01 1.8868e-01 2.1101e-01 9.3458e-02 1.5504e-02 2.6400e-01 3.4454e-01 5.3097e-02 1.7910e-01 7.9798e-01 7.8261e-01 1.0317e-01 9.0090e-03 3.8318e-01 1.5385e-01 3.9130e-01 2.5225e-01 2.7273e-01 1.9084e-01 6.8182e-02 0.0000e+00
5.6667e-01 3.9370e-02 2.1538e-01 2.5000e-02 3.6232e-02 2.4800e-01 1.9231e-01 0.0000e+00 1.7391e-02 0.0000e+00 3.3333e-01 0.0000e+00 6.8702e-02 2.1849e-01 0.0000e+00 8.7719e-02 0.0000e+00 0.0000e+00 8.1301e-03 7.8947e-02 5.2239e-02 0.0000e+00 2.3308e-01 3.7037e-02 4.4444e-02 7.8947e-02 0.0000e+00 9.1667e-02 8.1818e-02 3.1818e-01 0.0000e+00 0.0000e+00 0.0000e+00 1.9841e-01 0.0000e+00 1.2903e-01 0.0000e+00 2.7119e-01 0.0000e+00 2.2321e-01 0.0000e+00 0.0000e+00 8.1818e-02 0.0000e+00 0.0000e+00 6.0345e-01 1.8349e-01 1.4961e-01 6.0870e-02 1.5200e-01
9.5890e-02 4.0323e-02 8.1301e-02 1.3953e-01 9.6296e-02 2.1667e-01 1.8657e-01 4.0984e-02 3.8760e-02 1.0435e-01 1.9685e-01 1.2397e-01 6.4286e-02 1.0435e-01 5.6604e-02 3.3621e-01 1.3913e-01 1.1404e-01 7.9365e-02 4.8387e-02 1.0294e-01 1.2500e-01 1.1888e-01 8.9286e-02 7.3770e-02 3.5211e-02 2.6316e-02 1.1475e-01 1.3913e-01 3.8017e-01 1.5702e-01 1.7544e-01 4.1322e-02 3.1008e-02 8.5271e-02 7.9710e-02 3.6697e-02 2.6891e-01 3.4328e-01 3.2520e-02 1.6949e-02 2.7778e-02 8.8889e-02 9.2308e-02 1.6393e-02 1.6529e-02 5.6911e-02 8.9286e-02 5.4688e-02 6.5574e-02
6.2500e-02 2.1239e-01 7.4074e-02 6.7227e-02 2.5410e-01 4.6512e-02 6.1905e-01 1.8939e-01 1.3084e-01 5.6604e-02 1.0185e-01 1.0078e-01 3.1496e-02 9.5652e-02 2.2222e-01 4.5217e-01 1.6981e-01 7.1429e-02 8.2645e-02 2.4793e-02 6.8966e-02 2.0863e-01 7.6923e-02 2.9167e-01 2.0192e-01 2.2764e-01 5.2174e-02 2.2124e-01 1.0370e-01 1.8261e-01 1.5152e-01 1.7355e-01 1.5942e-01 1.3710e-01 2.2034e-01 2.4444e-01 7.5000e-02 2.8226e-01 1.0317e-01 5.2632e-02 3.1746e-02 1.4179e-01 4.2017e-02 9.1743e-02 5.8929e-01 5.4054e-02 1.6364e-01 1.7117e-01 9.3458e-03 8.9286e-02
1.6667e-01 9.4017e-02 1.2903e-01 2.4545e-01 5.3846e-01 3.5652e-01 5.1327e-01 3.6441e-01 1.2821e-01 1.2264e-01 3.2632e-01 1.4151e-01 1.5000e-01 1.3600e-01 1.4423e-01 3.6885e-01 1.4094e-01 1.5833e-01 1.6514e-01 2.8205e-01 1.7391e-01 3.9200e-01 2.3664e-01 1.7857e-01 1.0156e-01 1.7593e-01 2.0909e-01 1.2097e-01 2.2222e-01 1.8487e-01 1.4545e-01 2.6126e-01 1.9643e-01 1.4286e-01 2.3656e-01 3.2727e-01 9.0909e-02 4.2735e-01 5.8871e-01 1.4159e-01 1.0092e-01 1.1200e-01 2.7907e-01 1.4035e-01 2.0930e-01 2.8571e-01 3.1132e-01 2.1311e-01 1.2500e-01 2.7826e-01
9.0071e-01 2.5373e-01 3.5385e-01 8.4874e-01 2.5397e-01 2.0721e-01 8.2609e-01 1.1215e-01 2.4779e-01 2.3077e-01 3.3333e-01 2.0438e-01 7.5342e-02 2.4107e-01 8.8000e-01 6.9072e-01 3.0709e-01 5.5963e-01 6.0177e-01 7.8125e-02 6.7857e-01 7.0175e-01 5.3153e-01 9.0598e-01 5.0413e-01 2.5210e-01 7.0635e-01 3.4483e-01 1.0169e-01 4.5283e-01 7.0312e-01 7.6800e-01 3.3333e-01 6.9355e-01 3.9823e-01 6.7708e-01 2.3636e-01 5.9048e-01 8.0172e-01 8.2707e-01 1.6260e-02 8.1148e-01 6.0000e-01 6.0769e-01 5.7547e-01 7.0968e-01 3.8596e-01 7.7000e-01 4.5763e-01 1.9167e-01
2.7731e-01 8.0357e-02 1.3861e-01 6.7227e-02 1.2605e-01 6.3636e-01 4.5378e-01 9.6491e-02 0.0000e+00 6.6667e-02 3.5714e-01 3.2000e-01 1.4925e-01 0.0000e+00 3.3929e-01 5.5882e-01 9.4488e-02 7.0175e-02 1.5702e-01 1.7094e-02 2.9565e-01 1.9091e-01 2.5000e-01 1.1207e-01 1.6541e-01 2.2222e-01 4.5370e-01 6.7797e-02 4.0777e-01 2.8037e-01 2.3529e-01 7.6336e-02 0.0000e+00 3.3333e-02 5.9434e-01 1.5556e-01 0.0000e+00 5.8036e-01 6.1386e-01 4.3860e-02 0.0000e+00 3.3645e-01 1.2097e-01 7.0866e-02 0.0000e+00 1.4286e-01 9.6491e-02 2.4762e-01 2.9545e-01 2.4603e-01
8.1513e-01 7.4775e-01 6.3333e-01 4.9541e-01 6.9421e-01 7.0339e-01 5.7692e-01 7.1963e-01 4.6825e-01 7.6147e-01 5.2000e-01 6.8085e-01 5.8537e-01 7.2441e-01 5.7143e-01 3.9683e-01 7.0149e-01 3.7594e-01 8.1250e-01 8.6207e-01 6.4085e-01 5.2740e-01 5.2174e-01 7.8358e-01 8.6667e-01 8.0000e-01 3.4615e-01 5.6098e-01 6.6387e-01 7.2642e-01 7.5781e-01 8.2906e-01 7.2727e-01 4.0196e-01 6.1654e-01 5.4167e-01 6.9919e-01 7.6087e-01 7.2072e-01 7.6991e-01 6.8421e-01 7.6471e-01 3.6441e-01 7.7876e-01 3.6066e-01 6.2185e-01 7.0000e-01 3.6937e-01 7.4038e-01 6.6667e-01
2.0769e-01 1.2397e-01 7.0796e-02 4.1406e-01 3.3043e-01 3.2456e-01 2.2340e-01 2.7119e-01 1.5702e-01 2.5191e-01 2.2727e-01 4.1880e-01 5.0725e-02 1.9231e-01 4.5902e-01 3.0469e-01 1.5686e-01 1.5833e-01 6.3636e-02 1.3934e-01 1.6535e-01 6.2069e-01 1.4876e-01 3.4146e-01 2.3664e-01 2.2628e-01 2.1905e-01 3.1655e-01 2.1239e-01 5.4630e-01 1.3675e-01 3.6842e-01 3.8542e-01 1.1189e-01 3.4839e-01 2.8030e-01 9.0226e-02 6.2500e-01 7.2500e-01 5.8824e-01 6.5421e-02 1.1511e-01 4.2045e-01 1.2174e-01 4.7586e-01 5.9231e-01 1.6071e-01 3.4821e-01 9.5652e-02 1.0833e-01
2.5581e-01 9.7561e-02 1.9328e-01 4.4000e-01 3.6066e-01 2.4138e-01 7.1186e-01 1.2871e-01 3.2800e-01 3.0645e-01 5.1639e-01 1.4925e-01 4.2202e-01 5.0400e-01 1.3725e-01 2.1970e-01 1.7094e-01 1.4094e-01 3.3846e-01 3.5507e-01 1.6038e-01 2.8926e-01 2.7273e-01 2.8000e-01 2.3762e-01 3.5338e-01 2.3585e-01 3.8400e-01 2.1186e-01 2.7273e-01 2.9000e-01 3.0159e-01 3.4375e-01 1.4530e-01 3.4286e-01 2.6923e-01 1.8462e-01 5.5963e-01 5.8333e-01 2.5600e-01 1.6514e-01 3.1452e-01 4.1985e-01 3.3028e-01 6.1607e-01 1.9084e-01 5.3061e-01 3.2432e-01 5.5906e-01 1.5504e-01
2.9703e-02 4.1667e-02 1.1348e-01 1.4844e-01 2.5439e-01 2.3009e-01 5.9524e-01 1.4159e-01 9.7561e-02 4.2017e-02 2.1101e-01 8.0000e-02 3.9683e-02 1.2500e-01 5.9048e-01 2.5833e-01 8.1967e-02 3.1496e-02 6.4286e-02 1.9328e-01 3.3333e-01 2.0863e-01 4.9587e-02 2.1600e-01 1.3223e-01 1.2500e-01 2.5472e-01 1.3559e-01 4.5455e-02 1.3830e-01 3.4783e-02 2.4194e-01 1.0744e-01 7.3786e-01 8.5981e-01 2.4793e-01 3.6496e-02 7.6515e-01 7.4312e-01 1.1290e-01 2.4390e-02 0.0000e+00 5.9167e-01 1.2174e-01 7.1429e-01 1.8349e-02 9.9099e-02 7.0896e-01 5.7143e-02 1.4400e-01
8.7302e-02 4.0984e-02 6.3492e-02 7.4380e-02 6.8966e-02 1.7986e-01 8.8496e-03 4.4248e-02 1.6260e-02 6.9231e-02 3.7681e-01 7.8947e-02 2.2321e-01 1.1009e-01 2.6866e-01 0.0000e+00 1.4851e-01 6.4220e-02 7.9137e-02 8.3333e-02 2.7193e-01 8.4746e-03 6.5041e-02 5.5556e-02 1.1966e-01 7.0175e-02 0.0000e+00 1.6529e-01 1.0309e-01 7.1429e-02 1.0577e-01 1.2121e-01 1.3208e-01 1.2381e-01 1.0924e-01 1.2844e-01 6.2500e-02 0.0000e+00 9.7561e-02 2.9412e-02 0.0000e+00 0.0000e+00 0.0000e+00 1.5094e-01 0.0000e+00 2.1138e-01 1.0317e-01 2.3276e-01 8.3333e-02 1.2613e-01
4.3089e-01 8.1982e-01 1.0185e-01 6.2295e-01 6.6154e-01 5.7798e-01 5.3571e-01 8.4615e-01 2.5243e-01 5.4054e-02 7.1028e-01 4.9180e-01 3.6496e-01 8.1513e-01 2.6891e-01 7.6923e-01 5.5769e-01 5.9322e-02 2.4370e-01 3.7594e-02 2.0870e-01 1.5447e-01 3.8760e-02 6.7227e-02 6.6667e-01 5.4286e-01 2.3967e-01 4.9485e-01 1.1864e-01 4.0000e-01 0.0000e+00 4.9167e-01 9.7561e-02 3.0345e-01 2.4793e-01 7.5229e-01 7.7193e-01 0.0000e+00 5.0000e-01 1.3636e-01 0.0000e+00 1.0924e-01 7.1552e-01 0.0000e+00 1.0000e+00 5.5906e-01 3.8760e-02 6.9912e-01 5.0893e-01 4.7458e-01
1.6800e-01 8.4906e-02 5.0847e-02 1.8116e-01 1.9672e-01 6.8966e-02 1.6667e-01 0.0000e+00 7.2581e-02 0.0000e+00 4.8800e-01 7.8014e-02 0.0000e+00 8.8889e-02 1.9008e-01 4.5522e-01 7.5630e-02 0.0000e+00 0.0000e+00 1.1304e-01 6.4220e-02 1.2281e-01 0.0000e+00 8.3333e-02 1.7094e-02 3.3557e-02 1.9231e-02 1.0000e-02 1.0000e-01 3.3077e-01 3.2520e-02 2.8302e-02 8.3333e-02 4.7244e-02 2.1495e-01 3.0769e-02 0.0000e+00 8.0292e-02 4.9606e-01 1.4062e-01 8.1081e-02 1.0370e-01 4.2636e-01 0.0000e+00 1.2963e-01 2.0769e-01 2.0863e-01 6.0811e-02 2.8777e-02 4.8000e-02
2.9630e-01 1.8349e-02 1.6000e-02 7.5472e-02 1.6783e-01 9.0909e-02 2.0721e-01 6.8966e-02 9.3220e-02 1.5385e-02 3.2710e-01 1.8321e-01 5.4054e-02 4.5802e-02 2.5850e-01 2.5490e-01 4.0000e-02 5.6000e-02 3.7736e-02 2.5210e-02 6.2016e-02 8.1081e-02 4.2735e-02 1.9048e-01 3.9683e-02 1.4876e-01 7.8125e-03 7.2000e-02 1.3710e-01 2.0690e-01 3.7313e-02 8.0000e-02 0.0000e+00 6.4000e-02 8.0882e-02 5.6911e-02 9.9174e-02 1.5873e-01 1.3492e-01 1.6364e-01 4.0984e-02 7.1429e-02 2.0168e-01 7.6923e-02 9.5652e-02 9.1667e-02 1.6190e-01 9.6774e-02 2.4793e-02 9.0090e-02
4.0351e-01 2.7273e-02 6.8376e-02 1.2037e-01 2.2727e-02 7.1154e-01 4.8837e-01 4.9587e-02 4.6296e-02 2.4194e-02 5.5085e-01 4.2857e-02 0.0000e+00 1.9048e-01 0.0000e+00 8.0916e-01 1.7797e-01 1.8939e-01 1.6667e-01 1.1029e-01 3.9823e-01 1.4159e-01 1.3274e-01 3.3613e-02 3.0000e-01 1.8750e-01 3.2258e-02 1.3008e-01 9.0164e-02 2.2414e-01 2.0000e-01 2.4638e-01 1.4615e-01 2.5000e-02 3.0400e-01 3.4109e-01 2.5000e-01 2.0721e-01 2.0202e-01 3.4783e-02 2.2901e-01 1.4035e-01 4.2975e-01 4.0678e-01 2.2857e-01 2.7778e-01 3.5514e-01 1.4400e-01 1.2500e-01 7.1552e-01
3.8793e-01 2.8302e-02 1.3274e-01 5.5814e-01 5.3957e-01 1.2030e-01 5.4167e-01 2.1239e-01 7.5000e-02 1.8692e-01 2.0354e-01 1.1364e-01 9.1743e-03 2.0561e-01 3.1858e-01 4.9541e-01 9.6491e-02 1.9828e-01 2.4590e-02 6.7227e-02 6.5574e-02 1.2500e-01 1.7742e-01 2.3077e-01 9.7345e-02 2.4510e-01 2.8472e-01 1.5126e-01 2.1488e-01 1.7391e-01 9.6774e-02 2.3810e-01 2.4167e-01 1.0000e+00 5.4400e-01 2.3810e-01 8.3333e-02 6.8908e-01 7.4783e-01 3.3099e-01 2.9630e-01 1.0744e-01 3.2308e-01 8.0357e-02 4.3519e-01 1.8803e-01 6.8966e-02 3.6207e-01 1.0219e-01 1.6981e-01
3.3628e-01 9.0909e-02 3.7410e-01 5.7500e-01 4.9123e-01 3.1579e-01 2.6619e-01 2.2131e-01 3.4091e-01 2.9457e-01 1.1905e-01 1.7117e-01 5.1724e-02 2.1233e-01 2.5472e-01 4.6667e-01 4.4545e-01 9.3750e-02 8.3333e-02 4.4531e-01 2.1875e-01 3.1481e-01 5.2830e-01 4.8182e-01 2.7200e-01 3.5000e-01 2.8947e-01 4.7287e-01 3.8017e-01 6.7717e-01 1.8487e-01 6.5179e-01 4.3103e-01 8.8889e-02 7.3554e-01 4.0000e-01 1.6176e-01 6.6667e-01 2.2881e-01 4.3802e-01 2.4779e-01 1.5323e-01 5.7252e-01 1.9200e-01 5.2427e-01 1.3380e-01 1.4400e-01 3.2231e-01 1.6822e-01 9.1667e-02
1.2037e-01 5.6075e-02 0.0000e+00 2.5000e-02 5.3846e-02 6.5714e-01 5.3608e-01 1.6935e-01 3.2407e-01 3.9370e-02 4.0870e-01 1.7391e-02 0.0000e+00 2.2308e-01 6.1864e-01 5.3435e-02 4.1958e-01 1.4388e-02 1.7500e-01 4.8598e-01 3.9048e-01 6.8033e-01 6.6379e-01 1.2389e-01 2.4031e-01 7.3109e-01 4.4444e-01 3.8686e-01 4.4248e-02 1.2844e-01 3.7903e-01 0.0000e+00 1.7557e-01 9.0090e-03 4.0310e-01 7.5758e-01 2.7200e-01 0.0000e+00 6.9643e-01 2.1260e-01 0.0000e+00 0.0000e+00 9.0909e-02 0.0000e+00 2.4576e-01 9.8361e-02 5.7724e-01 4.0833e-01 3.0709e-01 2.5600e-01
1.9820e-01 1.8349e-02 2.1368e-01 4.8544e-02 4.0385e-01 1.7293e-01 3.1746e-01 3.1496e-02 7.4380e-02 3.7600e-01 2.4194e-01 3.8462e-01 7.2727e-02 1.7568e-01 3.9437e-01 3.1858e-01 6.7669e-02 3.5714e-02 1.0185e-01 5.8824e-02 1.3274e-01 1.1538e-01 5.1282e-02 1.4615e-01 1.1538e-01 2.0968e-01 3.3333e-01 5.5140e-01 1.2069e-01 9.3750e-02 2.3256e-02 2.8302e-01 2.7679e-01 1.3043e-01 7.8261e-01 2.9310e-01 1.6529e-02 9.9206e-01 1.0000e+00 3.2000e-02 6.6116e-02 1.6814e-01 5.2846e-01 9.3220e-02 1.0000e+00 1.8182e-01 2.5781e-01 2.0312e-01 5.4264e-02 8.4746e-02
8.1416e-01 5.1724e-02 3.1250e-01 6.2617e-01 7.3118e-01 7.2881e-01 8.1818e-01 3.2308e-01 1.3793e-01 6.3333e-01 3.1068e-01 6.9492e-01 3.1933e-01 1.9580e-01 4.1401e-01 5.7265e-01 2.5217e-01 1.4844e-01 7.9710e-02 2.1368e-01 2.7869e-01 2.7559e-01 2.5664e-01 6.6393e-01 3.9286e-01 3.1452e-01 2.6950e-01 1.7273e-01 1.6327e-01 4.6218e-01 3.5088e-02 3.9344e-01 2.4088e-01 4.4882e-01 7.2727e-01 5.5639e-01 1.5517e-01 9.0226e-01 9.9301e-01 6.3333e-01 1.9469e-01 1.3934e-01 7.0769e-01 4.0816e-01 6.5812e-01 6.5789e-01 2.7826e-01 6.6667e-01 4.6269e-01 2.3200e-01
2.7350e-01 6.9231e-02 0.0000e+00 0.0000e+00 2.6316e-01 4.1441e-01 7.9381e-01 1.0619e-01 6.0345e-02 0.0000e+00 1.7647e-01 2.0161e-01 1.3178e-01 0.0000e+00 4.0187e-01 3.6842e-01 0.0000e+00 6.0976e-02 8.6957e-02 6.0606e-02 9.6774e-02 1.6406e-01 0.0000e+00 8.3333e-02 6.9565e-02 2.2727e-01 0.0000e+00 1.6129e-02 3.4783e-01 4.4186e-01 1.1570e-01 2.6087e-02 0.0000e+00 9.2593e-02 6.3717e-01 3.8194e-01 0.0000e+00 4.6479e-01 1.7797e-01 0.0000e+00 0.0000e+00 2.7642e-01 2.4786e-01 2.6786e-01 0.0000e+00 2.1008e-01 1.3333e-01 1.4729e-01 1.3274e-01 8.5470e-03
1.8269e-01 1.5267e-02 7.6923e-02 1.2069e-01 1.8269e-01 1.6279e-01 1.5748e-01 9.5588e-02 6.5041e-02 6.9307e-02 2.2000e-01 2.0492e-01 0.0000e+00 6.0345e-02 6.6667e-02 1.1194e-01 3.1008e-02 0.0000e+00 7.5000e-02 2.5191e-01 2.0312e-01 1.0400e-01 0.0000e+00 6.0811e-02 9.3525e-02 1.8182e-01 0.0000e+00 1.4655e-01 9.4891e-02 2.3636e-01 7.7519e-02 1.4961e-01 5.2632e-02 0.0000e+00 1.4414e-01 0.0000e+00 4.0323e-02 2.4324e-01 3.7607e-01 0.0000e+00 1.0092e-01 1.8939e-01 3.2039e-01 1.6667e-01 1.7188e-01 5.2294e-01 1.3008e-01 2.3577e-01 1.0938e-01 0.0000e+00
4.1129e-01 1.5200e-01 4.8507e-01 6.8254e-01 5.5263e-01 5.8462e-01 9.1270e-01 2.6812e-01 2.7723e-01 5.9130e-01 4.9645e-01 5.1485e-01 2.5424e-01 2.5410e-01 6.6400e-01 3.7984e-01 3.6283e-01 2.2951e-01 2.6271e-01 4.1129e-01 3.8182e-01 2.4348e-01 2.2807e-01 3.1200e-01 5.3279e-01 4.2500e-01 4.3519e-01 2.2764e-01 3.7984e-01 3.9640e-01 2.8713e-01 4.1129e-01 4.3262e-01 2.9752e-01 6.3415e-01 3.0097e-01 1.5079e-01 5.0000e-01 6.3478e-01 5.2336e-01 4.6087e-01 2.8333e-01 3.8532e-01 4.0517e-01 6.3559e-01 4.5669e-01 4.0870e-01 3.0392e-01 3.3566e-01 2.7885e-01
1.7600e-01 8.4034e-02 2.0833e-01 2.2500e-01 1.4159e-01 2.9268e-01 5.8088e-01 1.5126e-01 3.5294e-01 2.4590e-01 4.8361e-01 3.3898e-01 1.7949e-01 1.3333e-01 3.1092e-01 4.3548e-01 1.9469e-01 2.3009e-01 1.2389e-01 1.0084e-01 2.2115e-01 3.9091e-01 9.5652e-02 2.1154e-01 1.9084e-01 1.8605e-01 4.9107e-01 1.9130e-01 4.2574e-01 5.8955e-01 7.2727e-02 2.8682e-01 2.0175e-01 4.3478e-02 7.4453e-01 2.7586e-01 8.1081e-02 2.5833e-01 6.6957e-01 2.4658e-01 8.1081e-02 2.1138e-01 4.7107e-01 1.6260e-01 5.9690e-01 2.8099e-01 3.8732e-01 4.1593e-01 1.1765e-01 2.2414e-01
1.7094e-01 2.4576e-01 3.8462e-02 2.0472e-01 2.2131e-01 2.9464e-01 7.2358e-01 2.0690e-01 1.2500e-01 6.9444e-01 8.4733e-01 1.7582e-01 6.5217e-02 4.0517e-01 7.4419e-01 8.7931e-01 1.7143e-01 7.7670e-02 1.0744e-01 1.9828e-01 6.2931e-01 1.9286e-01 9.3023e-02 1.0619e-01 6.5217e-01 2.5962e-01 2.1212e-01 1.3158e-01 3.2031e-01 6.2222e-01 2.4074e-01 2.4138e-01 3.9344e-01 1.6279e-01 6.9725e-01 6.9643e-01 4.3478e-02 8.3077e-01 8.0769e-01 3.4021e-01 2.9091e-01 2.0000e-01 7.0796e-01 2.6446e-01 8.6957e-01 2.9091e-01 6.7200e-01 8.0916e-01 1.8519e-01 2.9661e-01
3.4028e-01 1.9048e-01 3.1496e-01 4.6957e-01 3.6066e-01 4.5000e-01 7.6068e-01 2.2414e-01 2.2727e-01 3.6752e-01 2.5620e-01 5.1163e-01 3.1000e-01 1.8898e-01 7.1304e-01 7.9412e-01 1.5108e-01 1.2295e-01 1.0949e-01 2.1239e-01 9.4488e-02 1.7355e-01 2.9412e-01 1.8261e-01 2.2018e-01 5.8730e-01 1.3821e-01 2.0968e-01 3.0000e-01 8.1102e-01 2.1818e-01 2.8244e-01 1.8571e-01 7.0968e-01 6.7797e-01 6.3077e-01 5.1471e-02 7.9339e-01 8.4848e-01 4.1667e-01 8.5938e-02 1.3821e-01 7.0588e-01 3.9796e-01 6.1000e-01 1.7000e-01 4.5528e-01 5.8974e-01 7.6923e-02 2.9688e-01
2.3684e-01 2.5862e-02 2.0870e-01 4.4348e-01 2.5000e-01 5.4286e-01 4.4186e-01 1.4530e-01 1.2903e-01 1.8349e-01 1.7699e-01 2.3932e-01 9.9099e-02 2.2222e-01 4.1085e-01 6.5833e-01 1.0092e-01 8.7302e-02 1.3462e-01 4.0984e-02 1.2281e-01 1.0811e-01 1.1111e-01 2.5203e-01 3.7736e-02 3.4127e-01 2.3438e-01 4.8780e-02 2.0513e-01 5.7732e-01 6.8182e-02 1.3084e-01 3.2520e-02 1.5686e-01 6.8468e-01 1.5172e-01 6.8966e-02 1.8045e-01 7.7586e-01 6.1538e-02 4.5802e-02 3.3051e-01 1.4754e-01 2.7523e-02 4.2857e-01 3.8655e-01 1.8182e-01 1.8898e-01 4.0650e-02 1.3636e-01
6.2500e-01 6.2963e-01 7.1318e-01 6.9919e-01 6.6667e-01 5.5118e-01 7.3950e-01 8.3333e-01 6.9298e-01 5.2632e-01 5.9231e-01 5.9649e-01 7.9630e-01 6.7376e-01 6.5833e-01 8.1731e-01 3.8462e-01 6.7164e-01 6.5487e-01 5.8511e-01 5.4400e-01 5.7143e-01 6.8468e-01 6.2810e-01 3.4028e-01 7.1311e-01 3.2075e-01 3.4559e-01 7.0339e-01 5.8065e-01 5.7432e-01 4.1732e-01 6.8142e-01 6.7133e-01 5.9055e-01 6.5278e-01 6.3918e-01 5.6489e-01 6.3866e-01 7.0732e-01 6.6406e-01 3.4146e-01 6.7568e-01 6.9630e-01 3.0435e-01 6.9663e-01 7.0769e-01 6.6929e-01 5.6303e-01 6.5468e-01
2.4031e-01 0.0000e+00 0.0000e+00 1.5929e-01 0.0000e+00 2.3636e-01 1.3889e-01 6.3380e-02 1.0294e-01 1.0769e-01 5.9322e-02 1.2605e-01 0.0000e+00 0.0000e+00 1.1966e-01 2.2727e-01 0.0000e+00 0.0000e+00 0.0000e+00 0.0000e+00 7.8947e-02 2.4286e-01 0.0000e+00 1.0833e-01 0.0000e+00 9.0164e-02 0.0000e+00 7.7586e-02 3.1746e-02 0.0000e+00 1.8966e-01 4.4444e-02 2.3485e-01 0.0000e+00 2.9565e-01 1.1570e-01 0.0000e+00 0.0000e+00 0.0000e+00 1.0924e-01 0.0000e+00 0.0000e+00 2.9104e-01 3.9850e-01 1.8692e-01 1.3534e-01 1.0484e-01 1.2245e-01 4.0984e-02 7.2464e-03
7.4790e-01 7.6724e-01 8.1667e-01 8.5714e-01 9.1429e-01 1.0000e+00 1.0000e+00 7.6119e-01 7.2477e-01 9.0000e-01 8.6607e-01 9.2523e-01 8.4173e-01 7.3171e-01 1.0000e+00 7.6271e-01 8.8281e-01 8.3051e-01 1.0000e+00 8.7931e-01 1.0000e+00 7.1053e-01 8.7387e-01 8.2883e-01 7.6531e-01 9.7037e-01 7.8814e-01 7.8632e-01 8.4348e-01 1.0000e+00 8.7288e-01 1.0000e+00 7.9464e-01 8.2500e-01 9.2241e-01 8.5039e-01 9.0090e-01 8.0172e-01 1.0000e+00 7.6423e-01 7.8448e-01 9.6364e-01 7.7444e-01 7.8723e-01 7.8761e-01 7.7273e-01 7.5385e-01 8.0488e-01 7.7344e-01 1.0000e+00
1.1818e-01 0.0000e+00 0.0000e+00 2.4219e-01 0.0000e+00 7.6336e-02 2.6772e-01 1.1382e-01 4.1667e-02 3.2540e-01 1.2174e-01 0.0000e+00 7.0866e-02 0.0000e+00 4.7863e-01 1.6393e-01 7.3394e-02 3.4426e-01 2.1705e-01 2.2609e-01 2.2124e-01 1.0156e-01 0.0000e+00 3.1481e-01 3.6697e-02 1.0924e-01 2.0896e-01 8.3333e-03 0.0000e+00 6.2500e-02 0.0000e+00 2.8704e-01 3.1667e-01 2.9126e-02 1.8852e-01 3.0882e-01 2.5641e-02 3.9683e-02 4.4186e-01 4.0157e-01 0.0000e+00 2.4638e-01 4.5833e-01 3.6697e-02 5.1667e-01 1.0526e-01 3.3058e-01 3.5849e-01 8.2645e-03 2.6549e-01
2.4060e-01 8.6538e-02 1.6216e-01 4.3284e-01 2.7500e-01 7.9091e-01 9.0000e-01 3.9130e-01 1.4851e-01 2.6271e-01 4.9606e-01 3.8168e-01 1.3636e-01 2.7103e-01 5.0382e-01 5.7364e-01 6.0870e-02 2.3571e-01 2.5984e-01 8.9109e-02 3.0400e-01 3.9091e-01 2.2222e-01 5.7364e-01 4.0708e-01 3.5714e-01 3.4375e-01 1.5044e-01 3.6641e-01 2.2034e-01 8.9552e-02 3.8760e-01 2.7143e-01 1.4851e-01 6.0000e-01 4.4248e-01 4.0157e-01 3.4286e-01 6.2500e-01 6.4103e-01 1.3281e-01 1.8852e-01 8.5593e-01 1.7949e-01 4.8611e-01 2.5564e-01 3.8281e-01 5.0388e-01 1.9266e-01 4.2742e-01
6.5254e-01 8.2308e-01 8.2759e-01 5.3636e-01 2.1094e-01 8.2707e-01 8.6923e-01 4.0909e-01 6.7133e-01 7.9817e-01 1.5044e-01 8.1890e-01 8.0392e-01 8.7970e-01 2.9268e-01 8.8696e-01 1.8584e-01 8.6290e-01 2.2481e-01 8.7179e-01 1.4912e-01 2.0000e-01 3.3036e-01 8.6087e-01 8.6607e-01 4.3089e-01 8.0992e-01 7.1304e-01 7.0312e-01 8.7736e-01 1.7647e-01 5.5833e-01 1.6279e-01 8.9189e-01 5.9843e-01 9.7600e-01 2.2093e-01 7.2358e-01 8.0702e-01 1.3386e-01 6.4754e-01 6.5942e-01 7.7419e-01 2.4088e-01 6.4167e-01 7.3171e-02 8.1538e-01 8.3471e-01 2.2656e-01 7.8632e-01
7.1311e-01 7.0339e-01 9.6491e-01 8.3621e-01 7.0000e-01 9.1339e-01 8.2645e-01 6.7925e-01 7.2993e-01 7.7953e-01 7.7444e-01 7.2277e-01 7.4590e-01 8.5833e-01 8.3929e-01 8.7129e-01 7.6316e-01 8.5217e-01 6.6346e-01 7.1667e-01 6.5306e-01 8.2576e-01 7.1795e-01 8.2836e-01 6.8889e-01 7.9365e-01 8.2031e-01 8.0172e-01 7.3016e-01 7.7692e-01 9.8413e-01 7.1654e-01 8.5185e-01 7.6923e-01 7.7311e-01 8.4211e-01 8.6957e-01 8.8776e-01 7.0297e-01 8.3740e-01 6.9630e-01 8.0303e-01 7.6522e-01 8.1081e-01 6.9841e-01 8.9286e-01 7.5472e-01 8.4483e-01 8.7826e-01 8.8136e-01
7.0229e-01 5.4054e-02 3.0216e-01 2.7778e-02 4.3548e-01 1.3768e-01 9.0090e-02 1.8462e-01 8.6614e-02 3.4783e-01 2.7731e-01 2.5210e-02 6.9565e-02 3.9423e-01 2.1239e-01 8.3333e-02 1.1200e-01 1.0606e-01 3.3036e-01 5.8333e-02 5.3398e-01 1.8321e-01 4.2609e-01 6.4000e-02 4.4000e-01 3.4167e-01 1.1538e-01 6.7797e-02 3.3065e-01 3.2258e-01 2.3387e-01 9.6000e-02 8.5938e-02 4.4444e-02 3.1667e-01 2.5217e-01 8.8710e-02 9.1667e-02 3.3613e-02 4.6512e-02 0.0000e+00 3.2258e-01 2.9661e-01 2.8125e-01 7.1200e-01 6.5672e-01 4.4776e-01 6.0169e-01 3.0392e-01 4.1600e-01
9.4915e-01 9.9194e-01 9.3023e-01 8.8462e-01 9.1892e-01 1.0000e+00 9.4615e-01 8.8571e-01 9.8374e-01 8.7500e-01 9.6330e-01 9.0426e-01 9.4393e-01 9.3130e-01 1.0000e+00 9.7938e-01 7.8947e-01 9.5902e-01 8.7402e-01 1.0000e+00 9.6825e-01 9.6296e-01 9.1964e-01 9.0000e-01 9.6000e-01 9.5868e-01 1.0000e+00 9.8319e-01 8.3761e-01 9.0816e-01 9.5000e-01 9.0179e-01 9.0351e-01 9.0714e-01 9.5935e-01 9.1736e-01 9.4545e-01 7.8151e-01 9.0476e-01 9.1339e-01 9.8400e-01 8.6842e-01 9.1538e-01 9.6639e-01 8.8889e-01 8.9286e-01 1.0000e+00 1.0000e+00 1.0000e+00 9.1129e-01
0.0000e+00 0.0000e+00 4.0000e-02 0.0000e+00 2.8846e-01 1.5534e-01 3.6000e-01 7.2000e-02 4.7170e-02 1.6129e-01 0.0000e+00 7.1429e-02 5.4688e-02 3.4483e-02 2.4409e-01 3.3028e-01 1.3846e-01 0.0000e+00 4.8544e-02 2.4793e-02 3.5433e-01 1.8421e-01 2.6316e-02 1.4493e-02 5.4688e-02 6.6667e-02 2.5180e-01 1.5909e-01 1.8519e-01 1.8898e-01 3.6036e-02 2.8906e-01 0.0000e+00 1.7241e-02 1.0526e-01 1.8605e-01 1.2381e-01 0.0000e+00 3.1858e-01 0.0000e+00 0.0000e+00 0.0000e+00 3.3871e-01 0.0000e+00 3.3594e-01 1.0569e-01 0.0000e+00 2.1600e-01 0.0000e+00 9.5652e-02
3.2787e-02 1.1382e-01 1.0345e-01 5.8824e-02 8.6957e-02 2.6119e-01 6.4341e-01 1.4545e-01 5.4795e-02 1.1029e-01 2.7679e-01 1.3393e-01 0.0000e+00 1.4286e-01 8.2569e-02 3.8281e-01 1.4062e-01 3.3333e-01 4.8000e-02 1.3846e-01 1.8692e-02 1.3725e-01 2.6050e-01 6.3492e-02 6.0606e-02 8.3333e-02 2.0423e-01 2.7778e-02 1.1304e-01 1.4159e-01 1.1024e-01 1.0833e-01 0.0000e+00 4.7619e-02 2.2430e-01 2.7068e-01 6.7797e-02 3.0252e-01 1.6379e-01 6.4062e-01 0.0000e+00 6.0606e-02 1.2500e-01 7.8947e-02 1.4783e-01 2.2414e-01 1.0400e-01 2.9060e-01 8.4034e-02 1.6129e-02
3.9474e-01 2.7273e-02 7.5188e-02 4.0000e-01 1.5672e-01 3.6697e-01 3.8636e-01 1.3386e-01 2.1642e-01 1.5517e-01 2.3485e-01 4.2537e-01 1.4286e-01 1.5455e-01 4.5098e-01 5.1471e-01 9.3220e-02 2.6190e-01 1.5152e-01 1.0236e-01 2.6549e-01 1.8750e-01 2.0000e-01 1.5789e-01 2.7350e-01 2.1053e-01 2.2727e-01 1.9008e-01 2.5564e-01 6.2308e-01 1.4634e-01 3.2283e-01 1.8699e-01 1.3043e-01 4.4737e-01 4.2636e-01 1.4634e-01 3.9167e-01 5.8015e-01 2.1951e-01 1.0753e-01 1.9469e-01 4.2636e-01 1.9469e-01 4.1085e-01 4.3662e-01 2.4427e-01 1.5686e-01 2.0769e-01 2.1138e-01
6.0606e-02 5.2174e-02 3.2117e-01 3.8462e-01 5.4887e-01 5.0485e-01 6.6667e-01 9.4488e-02 1.6438e-01 1.8182e-01 3.3010e-01 1.5044e-01 1.2195e-01 2.6549e-01 5.7037e-01 4.0708e-01 7.2727e-02 3.1461e-01 1.2174e-01 2.1622e-01 1.7483e-01 7.4766e-02 2.1739e-01 3.4513e-01 4.4444e-02 1.5504e-01 4.3478e-01 1.1712e-01 3.7069e-01 4.8921e-01 2.5688e-01 1.4286e-01 4.8739e-01 1.5702e-01 3.4351e-01 1.5126e-01 1.5574e-01 2.0513e-01 2.0536e-01 4.5217e-01 2.1739e-01 2.4786e-01 3.1897e-01 5.2128e-01 2.5984e-01 1.1017e-01 2.7778e-01 3.4921e-01 8.1633e-02 1.5748e-01
1.8657e-01 1.6129e-02 8.4746e-02 0.0000e+00 1.9469e-01 5.7851e-02 0.0000e+00 1.9685e-01 1.9672e-01 4.2373e-02 4.6512e-02 9.3023e-02 5.6604e-02 8.1967e-02 2.6772e-01 1.3077e-01 0.0000e+00 9.1743e-03 2.6087e-02 8.7302e-02 1.7969e-01 8.1818e-02 3.7313e-02 2.0202e-02 8.2645e-02 4.7244e-02 1.6393e-02 2.8846e-02 1.5686e-01 3.0714e-01 8.8235e-02 1.0853e-01 1.8349e-02 0.0000e+00 1.0000e-01 1.0400e-01 0.0000e+00 1.2644e-01 1.2977e-01 0.0000e+00 0.0000e+00 1.2403e-01 2.7027e-01 1.0680e-01 5.0000e-02 1.1927e-01 7.8947e-02 2.9197e-02 1.0435e-01 6.5421e-02
5.9483e-01 1.0000e-01 2.4812e-01 7.0161e-01 2.5743e-01 1.3043e-01 5.9542e-01 1.7647e-01 3.7719e-01 2.3333e-01 4.3636e-01 4.2623e-01 2.7273e-01 2.2222e-01 6.0331e-01 5.9836e-01 3.1452e-01 5.1095e-02 2.3490e-01 1.2605e-01 5.5556e-01 5.9130e-01 2.5620e-01 2.5000e-01 2.6168e-01 2.8788e-01 3.3663e-01 1.3043e-01 2.9752e-01 6.8750e-01 1.8182e-01 6.4463e-01 7.6923e-02 4.0870e-01 5.7018e-01 2.6562e-01 9.2593e-02 2.3846e-01 7.7953e-01 3.5537e-01 5.5372e-01 2.6667e-01 6.9912e-01 3.5461e-01 1.8692e-01 2.3529e-01 2.6606e-01 2.5641e-01 2.9927e-01 1.0680e-01
1.7544e-01 1.0476e-01 1.8269e-01 3.1250e-01 1.5455e-01 2.6984e-01 2.8767e-01 1.5179e-01 1.9841e-01 1.7708e-01 1.0169e-01 3.2500e-01 1.8584e-01 1.4167e-01 4.4737e-01 1.5789e-01 2.4528e-01 1.5323e-01 3.0108e-01 2.0000e-01 1.3816e-01 2.2222e-01 9.4828e-02 2.7143e-01 2.6050e-01 1.7687e-01 1.7323e-01 1.9231e-01 2.9839e-01 5.0820e-01 1.6667e-01 3.4286e-01 9.0164e-02 6.2500e-02 4.2857e-01 2.5000e-01 1.1905e-01 5.9130e-01 6.1468e-01 1.4189e-01 1.4407e-01 8.9431e-02 3.9516e-01 2.0312e-01 0.0000e+00 2.7737e-01 1.7757e-01 2.4370e-01 1.1818e-01 2.1818e-01
3.4459e-01 2.7907e-01 1.0924e-01 3.4545e-01 6.6957e-01 4.5161e-01 1.0000e+00 1.2500e-01 3.2174e-01 8.2946e-01 2.4561e-01 2.7612e-01 4.5312e-01 1.1628e-01 3.4234e-01 3.2353e-01 1.9266e-01 1.5126e-01 1.5323e-01 5.2542e-01 3.9669e-01 3.3071e-01 2.9134e-01 3.4167e-01 1.7886e-01 3.3051e-01 4.2241e-01 5.3922e-01 5.6489e-01 6.8807e-01 2.8037e-01 3.7956e-01 7.1429e-01 4.7826e-01 6.3964e-01 7.2727e-01 7.0866e-02 3.9796e-01 5.1852e-01 3.5833e-01 8.1967e-02 4.7414e-01 7.6923e-01 5.1923e-01 4.3609e-01 3.4127e-01 5.1852e-01 1.6260e-01 2.1622e-01 3.4746e-01
