9.8900e+02 9.5900e+02 1.0410e+03 1.0090e+03 9.7800e+02 9.9900e+02 1.0050e+03 1.0560e+03 1.0440e+03 9.4600e+02
1.0000e+03 9.7800e+02 9.9000e+02 9.9900e+02 9.9900e+02 1.0010e+03 1.0190e+03 9.8000e+02 1.0220e+03 9.7600e+02
9.8900e+02 9.9600e+02 1.0530e+03 1.0440e+03 9.9500e+02 9.8200e+02 1.0330e+03 1.0470e+03 9.6700e+02 1.0240e+03
1.0480e+03 1.0050e+03 9.7400e+02 1.0160e+03 1.0190e+03 1.0350e+03 1.0110e+03 9.6200e+02 9.7800e+02 1.0090e+03
9.6900e+02 9.6100e+02 9.5800e+02 1.0020e+03 9.7600e+02 1.0350e+03 9.7700e+02 9.6400e+02 1.0510e+03 9.9400e+02
9.9000e+02 9.7500e+02 1.0250e+03 9.7500e+02 1.0040e+03 1.0030e+03 9.9400e+02 1.0430e+03 9.9600e+02 9.7200e+02
9.8400e+02 9.8800e+02 1.0010e+03 1.0230e+03 9.5700e+02 9.7600e+02 1.0310e+03 9.5700e+02 9.4800e+02 1.0150e+03
1.0450e+03 9.8600e+02 9.9000e+02 9.8400e+02 1.0070e+03 9.4200e+02 1.0390e+03 1.0030e+03 9.7800e+02 9.7800e+02
1.0490e+03 9.6800e+02 9.9200e+02 1.0220e+03 1.0030e+03 1.0110e+03 1.0150e+03 9.9300e+02 1.0350e+03 1.0080e+03
1.0500e+03 9.9700e+02 9.9800e+02 9.9000e+02 1.0380e+03 9.9000e+02 9.7200e+02 9.9400e+02 1.0390e+03 9.6300e+02
