2.1900e+02 6.0000e+00 6.0000e+00 6.7000e+01 8.6000e+01 2.0000e+01 2.3000e+01 8.0000e+00 9.7350e+03 5.9160e+03
8.0000e+00 2.3000e+01 8.0000e+00 1.0124e+04 8.8000e+01 1.6000e+01 9.7000e+01 1.0000e+01 9.0000e+00 4.1010e+03
9.6170e+03 8.0000e+00 8.0000e+00 0.0000e+00 9.0110e+03 3.8000e+01 7.3550e+03 6.8500e+02 3.1000e+01 0.0000e+00
0.0000e+00 1.0200e+02 1.8800e+02 0.0000e+00 3.9700e+02 9.9390e+03 1.1000e+01 5.3000e+01 1.6000e+01 0.0000e+00
0.0000e+00 6.0000e+00 4.4200e+02 0.0000e+00 2.0000e+01 0.0000e+00 6.0000e+00 7.7000e+01 7.0000e+00 0.0000e+00
0.0000e+00 1.0000e+01 6.0000e+00 0.0000e+00 7.1000e+01 0.0000e+00 2.4740e+03 5.5400e+02 1.8000e+01 0.0000e+00
0.0000e+00 1.6000e+01 8.0000e+00 0.0000e+00 1.6500e+02 0.0000e+00 0.0000e+00 8.0000e+00 5.1000e+01 0.0000e+00
0.0000e+00 6.8450e+03 9.2490e+03 0.0000e+00 9.0000e+00 0.0000e+00 0.0000e+00 8.3840e+03 1.8000e+01 0.0000e+00
0.0000e+00 3.1000e+01 1.2000e+01 0.0000e+00 8.0000e+01 0.0000e+00 0.0000e+00 8.3000e+01 1.2900e+02 0.0000e+00
0.0000e+00 3.1120e+03 6.0000e+00 0.0000e+00 1.4000e+01 0.0000e+00 0.0000e+00 4.9000e+01 1.1000e+01 0.0000e+00
