1.2300e+02 2.6000e+01 4.1330e+03 5.0000e+00 3.5000e+01 3.8300e+02 2.3400e+02 3.5080e+03 1.5540e+03 4.7000e+02 2.2000e+01 1.7000e+01 1.1000e+01 1.3000e+01 5.0000e+00 2.8000e+01 3.0000e+00 4.0000e+00 9.0000e+00 3.0000e+00 4.4000e+01 1.1000e+01 1.8000e+01 1.1000e+01 1.0000e+00 6.0000e+00 2.2730e+03 2.1000e+01 5.2300e+02 0.0000e+00 3.5800e+03 3.8800e+03 7.3100e+02 1.0200e+03 1.9000e+01 5.9000e+01 3.1000e+01 3.0000e+00 1.0000e+00 1.0000e+01 3.3600e+02 0.0000e+00 0.0000e+00 4.1000e+01 5.0000e+00 1.0000e+00 3.0000e+00 4.0000e+00 4.0000e+00 5.0800e+02
1.4500e+02 6.9800e+02 0.0000e+00 0.0000e+00 4.0520e+03 0.0000e+00 1.1000e+01 1.5500e+02 8.0000e+00 5.0000e+00 0.0000e+00 0.0000e+00 0.0000e+00 0.0000e+00 2.0000e+00 1.9000e+01 5.0000e+00 0.0000e+00 2.0000e+01 7.4000e+01 7.0000e+00 8.6000e+01 1.1580e+03 3.0000e+00 5.0000e+00 3.0000e+00 1.0000e+01 0.0000e+00 2.3640e+03 2.0000e+02 2.1000e+01 0.0000e+00 0.0000e+00 1.1000e+01 3.0000e+00 9.0000e+00 6.0000e+00 6.0000e+00 3.0000e+00 0.0000e+00 0.0000e+00 2.1000e+01 0.0000e+00 1.9000e+01 5.6430e+03 3.8180e+03 0.0000e+00 2.0000e+00 9.1000e+01 2.0000e+00
1.5000e+01 3.9000e+01 5.0000e+00 1.5200e+02 7.0000e+00 1.8100e+02 9.2000e+01 3.7000e+01 8.0300e+02 6.7000e+02 3.9570e+03 6.0000e+00 2.4260e+03 3.4180e+03 1.3000e+01 1.9000e+01 5.7200e+02 3.0000e+01 1.8100e+02 3.9000e+01 2.3600e+02 3.2000e+01 2.0000e+00 4.7400e+02 3.5650e+03 1.6000e+01 2.0000e+01 2.6000e+01 5.2200e+02 4.0000e+00 2.8000e+01 1.9000e+01 1.0500e+03 5.8100e+02 3.2800e+02 1.9000e+01 5.3400e+02 2.0000e+00 2.0000e+00 1.9000e+01 2.6390e+03 9.9000e+01 1.0000e+00 4.8000e+01 1.0000e+00 8.0000e+00 1.0000e+00 0.0000e+00 1.0800e+02 2.7000e+01
4.5210e+03 1.5000e+01 1.0900e+02 1.0800e+02 0.0000e+00 1.5860e+03 4.7270e+03 4.9000e+01 1.1500e+02 3.3980e+03 1.0000e+00 1.5500e+02 8.8200e+02 2.0000e+02 0.0000e+00 0.0000e+00 1.7000e+01 1.1800e+02 2.6500e+02 4.0000e+00 8.0000e+00 4.1030e+03 1.0000e+00 2.0000e+01 0.0000e+00 5.5000e+01 6.8500e+02 2.5000e+01 1.0000e+00 2.0000e+00 1.0000e+00 7.0000e+00 4.2000e+01 0.0000e+00 0.0000e+00 0.0000e+00 8.0300e+02 5.0000e+00 1.0000e+00 2.0000e+00 1.0120e+03 3.3040e+03 1.0000e+00 1.0200e+02 4.0000e+00 6.0000e+00 9.0000e+00 1.0000e+00 4.9630e+03 3.0000e+00
2.0000e+00 1.5000e+01 0.0000e+00 0.0000e+00 2.0000e+00 0.0000e+00 1.6300e+02 1.0000e+00 0.0000e+00 0.0000e+00 0.0000e+00 3.1000e+01 0.0000e+00 0.0000e+00 0.0000e+00 1.6000e+01 1.4000e+01 0.0000e+00 2.0000e+00 1.5370e+03 2.5100e+03 7.0000e+00 1.9100e+02 6.0000e+00 2.0000e+00 2.0000e+00 0.0000e+00 0.0000e+00 2.0000e+00 3.0000e+00 9.0000e+00 1.7500e+02 0.0000e+00 1.1000e+01 3.9000e+01 0.0000e+00 0.0000e+00 1.0000e+00 5.5310e+03 0.0000e+00 7.0000e+00 0.0000e+00 5.0000e+00 0.0000e+00 0.0000e+00 7.0000e+00 0.0000e+00 4.2080e+03 2.0000e+00 0.0000e+00
1.0000e+01 1.5000e+01 4.0000e+00 5.0000e+00 0.0000e+00 1.3220e+03 0.0000e+00 0.0000e+00 0.0000e+00 3.0000e+00 8.7000e+01 9.0000e+00 1.0000e+00 2.0000e+00 6.1900e+02 1.2800e+02 5.0000e+00 4.0000e+00 0.0000e+00 5.0000e+00 1.9000e+01 0.0000e+00 0.0000e+00 0.0000e+00 3.9000e+01 2.0000e+00 0.0000e+00 0.0000e+00 1.5000e+01 3.6080e+03 2.0000e+00 4.4000e+01 2.2000e+01 0.0000e+00 4.3000e+01 2.0000e+00 0.0000e+00 5.9970e+03 4.0000e+00 7.0000e+00 3.0000e+00 2.8000e+01 5.5190e+03 0.0000e+00 1.8900e+02 0.0000e+00 7.0000e+00 1.0000e+00 4.0000e+00 0.0000e+00
2.0000e+01 5.0000e+00 4.1000e+01 6.0000e+00 5.0000e+00 1.5000e+01 1.5000e+01 4.0000e+00 0.0000e+00 1.1000e+01 2.0000e+00 2.0000e+00 1.0000e+00 5.0000e+00 1.0000e+01 3.1460e+03 5.0000e+00 9.0000e+00 6.0000e+00 6.0000e+00 4.0000e+00 6.0000e+00 6.8000e+01 3.4000e+01 1.1000e+01 2.0000e+00 2.0000e+00 7.0000e+00 4.0000e+00 4.7000e+02 0.0000e+00 3.0000e+00 1.0000e+00 3.0000e+00 1.7000e+01 5.0000e+00 0.0000e+00 1.0000e+00 3.0000e+00 3.0000e+00 3.0000e+00 3.7000e+01 3.0000e+00 7.0000e+00 5.0000e+00 4.0000e+00 1.0000e+00 4.0000e+00 3.0000e+00 1.0000e+00
5.2100e+02 1.1370e+03 6.0000e+00 1.9000e+01 6.0000e+00 1.9000e+01 7.0000e+00 2.6000e+01 1.0640e+03 1.0400e+02 1.0000e+00 6.0000e+00 2.5000e+01 4.0000e+00 6.8500e+02 1.8000e+01 2.4230e+03 2.9350e+03 4.2000e+01 4.8700e+02 9.1000e+01 2.2000e+01 1.0980e+03 3.6320e+03 3.6000e+01 2.2650e+03 5.0000e+00 3.1840e+03 2.4600e+02 1.0000e+00 6.0000e+01 3.0000e+01 2.0000e+00 1.3000e+01 7.8000e+01 1.4500e+02 3.8000e+01 0.0000e+00 2.0000e+00 3.3380e+03 1.0000e+01 2.4700e+02 3.0000e+00 3.6000e+01 4.0000e+00 8.8000e+01 2.0000e+00 1.0000e+00 2.1000e+01 1.0000e+01
5.0000e+00 3.0000e+00 4.2000e+01 2.8260e+03 8.0000e+01 1.7000e+01 6.3000e+01 1.8800e+02 1.7000e+01 2.2000e+01 0.0000e+00 2.5660e+03 5.0000e+00 1.0000e+01 5.0000e+00 1.3500e+02 5.4000e+01 1.5000e+01 3.2000e+01 2.0000e+01 1.0000e+00 2.9700e+02 7.5000e+01 3.8000e+01 2.2000e+01 9.4900e+02 1.0000e+00 6.0000e+00 1.5000e+01 3.7000e+01 2.3000e+01 6.0000e+00 4.0000e+00 6.5000e+01 2.4470e+03 1.6410e+03 4.0000e+00 8.0000e+00 1.0000e+00 1.9000e+01 1.2000e+01 5.0000e+00 3.3700e+02 9.0000e+01 4.0000e+00 3.0000e+00 4.2390e+03 4.0000e+00 9.0000e+00 4.3000e+01
2.0000e+00 1.2160e+03 2.0000e+00 1.0000e+00 1.0000e+00 5.1200e+02 1.7000e+01 8.6000e+01 2.8000e+01 8.0000e+00 5.0000e+00 4.8200e+02 2.7000e+02 1.5600e+02 1.9320e+03 0.0000e+00 3.8800e+02 1.4000e+03 3.3440e+03 7.8900e+02 8.2000e+01 2.0000e+00 3.0000e+00 4.0000e+00 2.2000e+01 2.3000e+01 5.3800e+02 9.0000e+00 7.0000e+00 2.0000e+00 3.0000e+00 1.0400e+02 2.3120e+03 2.4670e+03 4.9000e+01 1.9530e+03 3.5330e+03 1.0000e+00 0.0000e+00 1.1300e+02 5.0000e+00 1.0000e+01 0.0000e+00 3.8550e+03 0.0000e+00 1.0000e+00 7.0000e+00 0.0000e+00 6.0000e+00 3.9870e+03
