1.9400e+02 2.0000e+00 0.0000e+00 8.9000e+01 3.5000e+01 1.6000e+01 0.0000e+00 6.0000e+00 8.8760e+03 8.1030e+03
1.0000e+00 1.0000e+01 1.0000e+00 9.8810e+03 1.2000e+01 7.0000e+00 9.3000e+01 1.0000e+00 0.0000e+00 1.6090e+03
9.5860e+03 5.0000e+00 0.0000e+00 0.0000e+00 6.5200e+03 2.5000e+01 6.4090e+03 4.9200e+02 3.0000e+01 0.0000e+00
0.0000e+00 4.5000e+01 1.5900e+02 0.0000e+00 8.6500e+02 9.6780e+03 0.0000e+00 1.8000e+01 2.0000e+00 0.0000e+00
0.0000e+00 0.0000e+00 1.9900e+02 0.0000e+00 7.0000e+00 0.0000e+00 0.0000e+00 5.4000e+01 0.0000e+00 0.0000e+00
0.0000e+00 1.2000e+01 0.0000e+00 0.0000e+00 5.0000e+00 0.0000e+00 2.9600e+03 2.3400e+02 2.0000e+00 0.0000e+00
0.0000e+00 1.7000e+01 0.0000e+00 0.0000e+00 1.4000e+02 0.0000e+00 0.0000e+00 2.0000e+00 1.5000e+01 0.0000e+00
0.0000e+00 5.6730e+03 9.0200e+03 0.0000e+00 1.0000e+00 0.0000e+00 0.0000e+00 7.6050e+03 3.7000e+01 0.0000e+00
0.0000e+00 5.0000e+00 0.0000e+00 0.0000e+00 1.3000e+01 0.0000e+00 0.0000e+00 2.4000e+01 3.5000e+01 0.0000e+00
0.0000e+00 3.9880e+03 0.0000e+00 0.0000e+00 0.0000e+00 0.0000e+00 0.0000e+00 1.2000e+01 6.0000e+00 0.0000e+00
