8.5567e-01 2.7273e-01 4.2105e-01 6.7241e-01 4.7059e-01 6.0526e-01 2.0000e-01 1.5385e-01 9.0945e-01 9.6993e-01
0.0000e+00 6.3636e-01 1.2500e-01 9.9840e-01 5.3333e-01 1.2500e-01 7.5258e-01 9.0909e-02 1.1111e-01 9.6382e-01
9.7341e-01 3.5714e-01 0.0000e+00 1.0000e+00 7.8753e-01 5.8824e-01 9.7137e-01 7.8565e-01 6.6667e-01 1.0000e+00
7.5258e-01 7.5758e-01 7.5439e-01 1.0000e+00 6.9585e-01 9.7917e-01 1.2500e-01 4.0000e-01 3.8095e-01 1.0000e+00
0.0000e+00 1.2500e-01 8.8995e-01 1.0000e+00 3.2000e-01 1.0000e+00 0.0000e+00 5.5385e-01 1.1111e-01 1.0000e+00
7.6364e-01 5.7576e-01 0.0000e+00 1.0000e+00 5.3333e-01 1.0000e+00 9.6548e-01 7.3171e-01 2.3077e-01 1.0000e+00
8.2759e-01 5.2000e-01 0.0000e+00 1.0000e+00 6.0448e-01 1.0000e+00 1.0000e+00 2.5000e-01 3.1250e-01 1.0000e+00
3.0769e-01 9.6934e-01 9.5433e-01 1.0000e+00 0.0000e+00 1.0000e+00 1.0000e+00 8.3026e-01 4.6154e-01 1.0000e+00
2.0000e-01 4.5000e-01 1.2500e-01 1.0000e+00 4.9123e-01 1.0000e+00 1.0000e+00 5.3571e-01 7.2794e-01 1.0000e+00
0.0000e+00 9.9513e-01 0.0000e+00 1.0000e+00 0.0000e+00 1.0000e+00 1.0000e+00 5.3571e-01 4.6154e-01 1.0000e+00
