2.4900e+02 3.0000e+00 8.0000e+00 3.9000e+01 2.4000e+01 2.3000e+01 2.0000e+00 2.0000e+00 8.6170e+03 6.1940e+03
0.0000e+00 2.8000e+01 1.0000e+00 9.9620e+03 4.0000e+01 1.0000e+00 7.3000e+01 1.0000e+00 1.0000e+00 3.5160e+03
8.9340e+03 5.0000e+00 0.0000e+00 0.0000e+00 7.2390e+03 2.0000e+01 6.8880e+03 8.9800e+02 5.4000e+01 0.0000e+00
7.3000e+01 7.5000e+01 8.6000e+01 0.0000e+00 3.0200e+02 9.7290e+03 1.0000e+00 1.2000e+01 8.0000e+00 0.0000e+00
0.0000e+00 1.0000e+00 6.5500e+02 0.0000e+00 8.0000e+00 0.0000e+00 0.0000e+00 3.6000e+01 1.0000e+00 0.0000e+00
8.4000e+01 1.9000e+01 0.0000e+00 0.0000e+00 4.0000e+01 0.0000e+00 2.8530e+03 2.7000e+02 3.0000e+00 0.0000e+00
1.6800e+02 1.3000e+01 0.0000e+00 0.0000e+00 8.1000e+01 0.0000e+00 0.0000e+00 4.0000e+00 5.0000e+00 0.0000e+00
4.0000e+00 5.9440e+03 8.6510e+03 0.0000e+00 0.0000e+00 0.0000e+00 0.0000e+00 6.7600e+03 1.2000e+01 0.0000e+00
2.0000e+00 9.0000e+00 1.0000e+00 0.0000e+00 2.8000e+01 0.0000e+00 0.0000e+00 3.0000e+01 9.9000e+01 0.0000e+00
0.0000e+00 3.6750e+03 0.0000e+00 0.0000e+00 0.0000e+00 0.0000e+00 0.0000e+00 3.0000e+01 1.2000e+01 0.0000e+00
