1.8600e+02 1.0000e+01 8.0000e+00 9.0000e+01 6.2000e+01 3.6000e+01 1.3000e+01 1.1000e+01 9.6960e+03 7.5390e+03
1.1000e+01 3.9000e+01 1.0000e+01 1.0058e+04 1.6500e+02 6.0000e+00 6.0000e+01 1.1000e+01 9.0000e+00 2.4940e+03
9.4940e+03 8.0000e+00 8.0000e+00 0.0000e+00 9.2170e+03 3.8000e+01 7.5010e+03 3.1700e+02 6.6000e+01 0.0000e+00
1.1700e+02 1.4100e+02 1.3500e+02 0.0000e+00 2.4900e+02 1.0070e+04 8.0000e+00 3.3000e+01 2.2000e+01 0.0000e+00
6.0000e+00 6.0000e+00 7.2100e+02 0.0000e+00 2.0000e+01 0.0000e+00 6.0000e+00 7.9000e+01 1.1000e+01 0.0000e+00
3.4000e+01 2.8000e+01 6.0000e+00 0.0000e+00 4.8000e+01 0.0000e+00 2.2870e+03 6.5700e+02 1.1000e+01 0.0000e+00
1.0300e+02 2.1000e+01 6.0000e+00 0.0000e+00 2.3000e+02 0.0000e+00 0.0000e+00 1.8000e+01 1.4000e+01 0.0000e+00
2.8000e+01 7.5650e+03 8.9250e+03 0.0000e+00 1.2000e+01 0.0000e+00 0.0000e+00 8.6590e+03 5.7000e+01 0.0000e+00
6.0000e+00 1.1000e+01 1.0000e+01 0.0000e+00 8.0000e+01 0.0000e+00 0.0000e+00 4.6000e+01 7.4000e+01 0.0000e+00
6.0000e+00 2.1670e+03 1.0000e+01 0.0000e+00 9.0000e+00 0.0000e+00 0.0000e+00 5.1000e+01 3.4000e+01 0.0000e+00
