8.2258e-01 2.0000e-01 1.2500e-01 7.4444e-01 5.0000e-01 5.8333e-01 3.0769e-01 9.0909e-02 9.0759e-01 9.7241e-01
2.7273e-01 6.1538e-01 2.0000e-01 9.9861e-01 6.2424e-01 0.0000e+00 6.8333e-01 9.0909e-02 1.1111e-01 9.6752e-01
9.7525e-01 1.2500e-01 1.2500e-01 1.0000e+00 7.8778e-01 6.0526e-01 9.7227e-01 7.1924e-01 6.3636e-01 1.0000e+00
7.7778e-01 7.9433e-01 7.7037e-01 1.0000e+00 6.5863e-01 9.7865e-01 1.2500e-01 4.2424e-01 4.0909e-01 1.0000e+00
0.0000e+00 0.0000e+00 8.9182e-01 1.0000e+00 2.5000e-01 1.0000e+00 0.0000e+00 5.8228e-01 1.8182e-01 1.0000e+00
5.8824e-01 5.3571e-01 0.0000e+00 1.0000e+00 4.5833e-01 1.0000e+00 9.6283e-01 7.6104e-01 1.8182e-01 1.0000e+00
7.5728e-01 4.7619e-01 0.0000e+00 1.0000e+00 6.5217e-01 1.0000e+00 1.0000e+00 2.7778e-01 2.8571e-01 1.0000e+00
5.3571e-01 9.7237e-01 9.5641e-01 1.0000e+00 8.3333e-02 1.0000e+00 1.0000e+00 8.3023e-01 6.1404e-01 1.0000e+00
0.0000e+00 2.7273e-01 2.0000e-01 1.0000e+00 5.3750e-01 1.0000e+00 1.0000e+00 5.0000e-01 6.4865e-01 1.0000e+00
0.0000e+00 9.9354e-01 2.0000e-01 1.0000e+00 0.0000e+00 1.0000e+00 1.0000e+00 5.0980e-01 5.0000e-01 1.0000e+00
