7.3000e+01 6.0000e+00 1.1000e+01 9.8000e+01 4.8000e+01 5.9000e+01 1.3000e+01 8.0000e+00 3.7250e+03 6.0170e+03
7.0000e+00 9.0000e+00 8.0000e+00 5.9830e+03 4.9000e+01 1.5000e+01 1.1200e+02 8.0000e+00 1.1000e+01 3.4980e+03
2.0480e+03 1.0000e+01 6.0000e+00 5.0000e+01 7.3970e+03 5.5000e+01 7.2500e+02 6.4200e+02 7.4000e+01 2.6000e+01
1.9000e+01 1.6000e+01 4.0000e+01 1.1000e+01 2.5300e+02 9.7130e+03 6.0000e+00 1.4000e+01 1.0000e+01 1.4000e+01
8.0000e+00 1.0000e+01 8.8240e+03 1.5100e+02 3.6000e+01 2.0000e+01 1.0000e+01 2.6700e+02 1.4000e+01 1.8000e+01
6.1000e+01 6.0000e+00 5.0000e+00 7.0000e+00 7.1000e+01 2.2000e+01 8.9630e+03 4.2500e+02 1.1000e+01 3.4000e+01
7.7030e+03 2.1000e+01 1.0000e+01 1.5000e+01 1.9290e+03 9.1000e+01 3.1000e+01 1.3000e+01 3.6000e+01 2.3200e+02
4.3000e+01 8.8100e+02 9.8400e+02 9.0000e+00 1.0000e+01 1.3000e+01 5.2000e+01 8.5440e+03 2.5000e+01 7.0000e+00
1.7000e+01 1.8000e+01 9.0000e+00 3.7550e+03 1.0400e+02 1.0000e+01 4.7000e+01 1.8000e+02 6.1710e+03 6.4000e+01
7.0000e+00 8.9330e+03 1.3000e+01 1.1000e+01 1.4000e+01 2.0000e+01 9.0000e+00 6.4000e+01 2.3000e+01 3.2000e+01
