8.2192e-01 1.6667e-01 3.6364e-01 7.5510e-01 4.7917e-01 6.2712e-01 3.8462e-01 0.0000e+00 9.1544e-01 9.7075e-01
1.4286e-01 3.3333e-01 2.5000e-01 9.9783e-01 4.8980e-01 3.3333e-01 8.0357e-01 0.0000e+00 1.8182e-01 9.6569e-01
9.7852e-01 5.0000e-01 1.6667e-01 6.2000e-01 7.8978e-01 6.0000e-01 9.7103e-01 7.8193e-01 6.4865e-01 5.0000e-01
6.3158e-01 6.2500e-01 7.7500e-01 7.2727e-01 7.1542e-01 9.7951e-01 1.6667e-01 2.8571e-01 2.0000e-01 7.8571e-01
0.0000e+00 1.0000e-01 8.7919e-01 6.4901e-01 3.0556e-01 2.5000e-01 1.0000e-01 6.2172e-01 1.4286e-01 2.7778e-01
6.7213e-01 1.6667e-01 0.0000e+00 0.0000e+00 5.2113e-01 4.0909e-01 9.6519e-01 7.5059e-01 1.8182e-01 5.2941e-01
8.2293e-01 3.3333e-01 1.0000e-01 2.0000e-01 6.3971e-01 5.3846e-01 4.1935e-01 7.6923e-02 3.8889e-01 6.6810e-01
5.8140e-01 9.6481e-01 9.6138e-01 1.1111e-01 0.0000e+00 2.3077e-01 6.1538e-01 8.2561e-01 4.0000e-01 0.0000e+00
2.3529e-01 2.7778e-01 0.0000e+00 7.6085e-01 4.3269e-01 0.0000e+00 4.6809e-01 5.3889e-01 7.3440e-01 5.0000e-01
0.0000e+00 9.9362e-01 3.0769e-01 1.8182e-01 1.4286e-01 3.5000e-01 1.1111e-01 5.4688e-01 3.9130e-01 5.0000e-01
