6.0000e+01 1.0000e+00 4.0000e+00 7.4000e+01 2.3000e+01 3.7000e+01 5.0000e+00 0.0000e+00 3.4100e+03 5.8410e+03
1.0000e+00 3.0000e+00 2.0000e+00 5.9700e+03 2.4000e+01 5.0000e+00 9.0000e+01 0.0000e+00 2.0000e+00 3.3780e+03
2.0040e+03 5.0000e+00 1.0000e+00 3.1000e+01 5.8420e+03 3.3000e+01 7.0400e+02 5.0200e+02 4.8000e+01 1.3000e+01
1.2000e+01 1.0000e+01 3.1000e+01 8.0000e+00 1.8100e+02 9.5140e+03 1.0000e+00 4.0000e+00 2.0000e+00 1.1000e+01
0.0000e+00 1.0000e+00 7.7580e+03 9.8000e+01 1.1000e+01 5.0000e+00 1.0000e+00 1.6600e+02 2.0000e+00 5.0000e+00
4.1000e+01 1.0000e+00 0.0000e+00 0.0000e+00 3.7000e+01 9.0000e+00 8.6510e+03 3.1900e+02 2.0000e+00 1.8000e+01
6.3390e+03 7.0000e+00 1.0000e+00 3.0000e+00 1.2340e+03 4.9000e+01 1.3000e+01 1.0000e+00 1.4000e+01 1.5500e+02
2.5000e+01 8.5000e+02 9.4600e+02 1.0000e+00 0.0000e+00 3.0000e+00 3.2000e+01 7.0540e+03 1.0000e+01 0.0000e+00
4.0000e+00 5.0000e+00 0.0000e+00 2.8570e+03 4.5000e+01 0.0000e+00 2.2000e+01 9.7000e+01 4.5320e+03 3.2000e+01
0.0000e+00 8.8760e+03 4.0000e+00 2.0000e+00 2.0000e+00 7.0000e+00 1.0000e+00 3.5000e+01 9.0000e+00 1.6000e+01
