7.4127e-01 5.1590e-01 8.0887e-01 7.3810e-01 4.1281e-01 1.7483e-02 4.6986e-01 2.4007e-01 9.8990e-01 9.9828e-01 8.5977e-01 9.7059e-01 7.6063e-01 9.0445e-01 7.2697e-01 4.6689e-01 7.7983e-01 5.0081e-01 6.6721e-01 4.6276e-01 5.7192e-01 9.6779e-01 9.5294e-01 9.9324e-01 5.3477e-01 8.8907e-01 7.4650e-01 5.6190e-01 5.0424e-01 8.9203e-01 8.4738e-01 4.8443e-01 8.9073e-01 9.9003e-01 4.5023e-01 5.6198e-01 8.5738e-01 7.2315e-01 4.8027e-01 9.2586e-01 9.3321e-01 3.1561e-01 9.6730e-01 9.8377e-01 2.7951e-01 3.7651e-01 2.7225e-01 4.6231e-01 4.4427e-01 7.2013e-01
1.9271e-01 3.3433e-01 5.3547e-01 5.6239e-02 1.4375e-01 2.8548e-01 7.9861e-02 4.8136e-01 1.7496e-01 4.1947e-01 1.6299e-01 2.4399e-01 2.4710e-01 6.7826e-02 5.3608e-01 4.3993e-02 3.0964e-01 4.0065e-01 3.7217e-01 2.1290e-01 3.3496e-01 4.8900e-01 4.0034e-01 1.0886e-01 4.3281e-01 4.0091e-01 2.7145e-01 2.0000e-01 4.6787e-01 1.6420e-01 3.1122e-01 5.1237e-01 1.7276e-01 2.1746e-01 4.4915e-01 5.2721e-01 1.6926e-01 8.6556e-02 2.7000e-01 1.4706e-01 5.5016e-02 9.7603e-02 5.3473e-01 3.9868e-01 1.8865e-01 2.8120e-01 3.1667e-02 4.5732e-03 8.7912e-02 4.4279e-01
8.5690e-01 7.2318e-01 9.9514e-01 1.8601e-01 9.1603e-02 4.5455e-01 1.0000e+00 5.7042e-01 2.6212e-01 3.1239e-01 9.4472e-01 1.0897e-01 1.2957e-01 1.1828e-01 5.8660e-01 0.0000e+00 1.4691e-01 1.1806e-01 5.7767e-01 5.2076e-01 2.6230e-01 1.2562e-01 5.4770e-01 8.6039e-02 7.1203e-01 5.2381e-01 6.9349e-01 3.5354e-01 9.2332e-01 2.7442e-01 4.8841e-01 1.0000e+00 8.2542e-01 3.0574e-01 2.4000e-01 5.9839e-01 1.5894e-01 6.8647e-01 2.1784e-01 8.0431e-01 1.8731e-01 2.4840e-01 4.7771e-02 5.4068e-01 4.5354e-01 2.8670e-01 5.3265e-02 9.7800e-01 5.0436e-01 8.9103e-01
3.1886e-01 3.4237e-01 2.5682e-02 1.5166e-01 5.1155e-02 5.0786e-01 2.7349e-01 6.3545e-02 1.0877e-01 4.5216e-01 3.5691e-01 4.9920e-01 2.5997e-01 5.0510e-01 7.8689e-02 1.4041e-01 6.9728e-02 3.5437e-01 3.4742e-01 5.0997e-01 7.2790e-01 4.2589e-01 4.9492e-01 6.0806e-01 6.9412e-01 7.0525e-01 7.8536e-01 6.4086e-01 5.4027e-01 4.9301e-01 8.4135e-01 5.3169e-01 4.8908e-01 7.6451e-01 7.2492e-01 5.7971e-01 3.4053e-01 4.3845e-01 7.5610e-01 3.0486e-01 4.5641e-01 5.8983e-01 2.3602e-01 1.5529e-01 5.8564e-01 7.9553e-01 6.0274e-01 4.9558e-01 5.6701e-01 5.0877e-01
5.5263e-01 5.6876e-01 6.3289e-01 3.9761e-01 5.6849e-01 5.2090e-01 4.9406e-01 7.7058e-01 1.3912e-01 4.2857e-01 7.2115e-01 6.1789e-01 8.1013e-01 3.3836e-01 4.3710e-01 4.2114e-01 8.1290e-01 5.0739e-01 4.7088e-01 6.1471e-01 6.6721e-01 5.4797e-01 3.0532e-01 2.8693e-01 4.3248e-01 4.4218e-01 9.0221e-01 5.0000e-01 8.3633e-01 3.2616e-01 5.0164e-01 7.6783e-01 4.8421e-01 3.3717e-01 9.2243e-01 7.7704e-01 6.6830e-01 5.3333e-01 5.5281e-01 3.5739e-01 5.2931e-01 6.3121e-01 3.8000e-01 2.5350e-01 4.7573e-01 4.3284e-01 6.1695e-01 4.5134e-01 6.1670e-01 8.4854e-01
9.9665e-01 1.0000e+00 9.9681e-01 9.6276e-01 9.0317e-01 5.7904e-01 7.0647e-01 9.5560e-01 8.6985e-01 9.8007e-01 7.1631e-01 8.3183e-01 9.7535e-01 8.4157e-01 5.7737e-01 4.7855e-02 7.1256e-01 1.3884e-01 7.2321e-01 1.2195e-01 9.5126e-01 9.9369e-01 9.9657e-01 9.9342e-01 1.0000e+00 7.5436e-01 9.7909e-01 6.3024e-01 9.1026e-01 1.4783e-01 9.7990e-01 8.6125e-01 5.7581e-01 8.9145e-01 9.7858e-01 9.7884e-01 9.0753e-01 9.7477e-01 9.5000e-01 9.9337e-01 9.5076e-01 9.6434e-01 9.3517e-01 9.9475e-01 9.8342e-01 6.8675e-01 3.9528e-01 8.9813e-01 5.6847e-01 4.7950e-01
9.6708e-01 2.1311e-01 8.2167e-01 7.3486e-01 9.3071e-01 2.2848e-01 9.6911e-01 9.6071e-01 2.1379e-01 9.0113e-01 2.6080e-01 1.0737e-01 1.6420e-01 3.9452e-01 3.0833e-01 7.6501e-01 7.3390e-01 5.4545e-02 1.1409e-01 5.5573e-01 7.6819e-01 2.9364e-02 4.8137e-01 2.7597e-01 7.8444e-01 3.0637e-01 4.2994e-02 5.7218e-01 7.5987e-01 2.5333e-01 3.7565e-01 7.3322e-01 3.1979e-01 1.5101e-02 1.4634e-02 8.6591e-01 3.6116e-01 7.6789e-02 6.0778e-01 7.0450e-01 8.0862e-01 3.2578e-01 9.6060e-01 2.7288e-01 1.0673e-01 3.8449e-01 2.5079e-01 9.8200e-01 8.2085e-01 9.8305e-02
3.6898e-01 6.1186e-01 6.2925e-01 3.1137e-01 7.3063e-01 4.2857e-01 3.6057e-01 4.7965e-01 6.8971e-01 6.3097e-01 4.0232e-01 8.0524e-01 2.8877e-01 7.7492e-01 6.8285e-01 4.6520e-01 5.1182e-01 4.3127e-01 1.6693e-01 5.2480e-01 8.1593e-01 4.4677e-01 3.0449e-01 2.9366e-01 3.0270e-01 4.0309e-01 8.3231e-01 5.0729e-01 8.4455e-01 3.3167e-01 5.5556e-01 5.1411e-01 6.8855e-01 8.9298e-01 7.7601e-01 8.2343e-01 9.5935e-02 4.9280e-01 6.6007e-01 4.4348e-01 5.5286e-01 2.7923e-01 1.5959e-01 2.9313e-01 3.1960e-01 6.7695e-01 5.6333e-01 2.9833e-01 7.2611e-01 7.7509e-01
6.9231e-01 9.3058e-01 7.1681e-01 9.4444e-01 7.3693e-01 9.2749e-01 6.3867e-01 5.9688e-01 5.6061e-01 5.5298e-01 7.0995e-01 7.0016e-01 7.5728e-01 7.5517e-01 6.7931e-01 4.5440e-01 5.9776e-01 4.5394e-01 6.2803e-01 5.6304e-01 6.1478e-01 4.9744e-01 8.1944e-01 5.0877e-01 6.6129e-01 7.7289e-01 8.5448e-01 5.5789e-01 8.4829e-01 8.1913e-01 5.5330e-01 7.0328e-01 7.3463e-01 6.3813e-01 8.0687e-01 6.6667e-01 8.8774e-01 6.3149e-01 4.2789e-01 5.4530e-01 6.7687e-01 5.7119e-01 7.1380e-01 9.1045e-01 6.7270e-01 7.2452e-01 8.0064e-01 6.0199e-01 6.6724e-01 7.5520e-01
6.0305e-01 1.3575e-01 7.2542e-01 8.5859e-02 1.7863e-01 8.2708e-01 2.5411e-01 2.5625e-01 9.9834e-02 5.9455e-01 5.7741e-01 8.1673e-01 1.8596e-01 4.8313e-01 1.3289e-01 2.7070e-01 5.8904e-01 4.1207e-01 4.7774e-01 5.0836e-01 8.1260e-01 3.5877e-01 5.1952e-01 2.7349e-01 4.9510e-01 8.5476e-01 8.1342e-01 5.1394e-01 5.1807e-01 5.8054e-01 5.4957e-01 6.2521e-01 7.0053e-02 4.5951e-01 5.1736e-01 1.9741e-01 6.5180e-02 4.8305e-01 6.4532e-01 1.2903e-01 5.7994e-01 5.4045e-01 4.1909e-01 3.1570e-01 5.8874e-01 4.6325e-01 5.6770e-01 6.8624e-01 5.2000e-01 6.7112e-01
