1.0000e+00 3.0000e+00 1.0000e+00 2.0000e+00 1.0000e+00 4.0000e+00 3.6930e+03 3.0000e+00 1.0000e+00 1.0000e+00 5.8000e+01 3.0000e+00 1.0000e+00 1.0000e+00 1.0000e+00 2.2000e+01 1.0000e+00 3.0000e+00 1.0000e+00 1.0000e+01 1.0000e+00 1.0000e+00 1.0000e+00 1.0000e+00 1.0000e+00 1.0000e+00 1.9550e+03 1.0000e+00 1.0000e+00 1.0000e+00 1.0000e+00 3.0000e+00 1.0000e+00 5.0000e+00 8.0000e+00 7.0000e+00 1.0000e+00 1.0000e+00 1.1000e+01 1.0000e+00 1.0000e+00 1.0000e+00 1.0000e+00 1.0000e+00 2.0000e+00 1.0000e+00 7.0000e+00 1.0000e+00 1.0000e+00 1.0000e+00
1.0000e+00 1.0000e+00 1.0000e+00 8.0000e+00 1.0000e+00 7.0000e+00 0.0000e+00 1.0000e+00 1.0000e+00 1.0000e+00 1.0000e+00 1.0000e+00 1.0000e+00 1.0000e+00 1.0000e+00 1.0000e+00 1.0000e+00 1.0000e+00 1.0000e+00 1.0000e+00 6.0110e+03 1.0000e+00 1.0000e+00 2.0000e+00 2.0000e+00 1.0000e+00 1.0000e+00 1.0000e+00 1.0000e+00 9.8700e+02 1.0000e+00 1.0000e+00 1.0000e+00 1.0000e+00 3.1400e+02 2.0000e+00 1.0000e+00 6.0000e+00 1.0000e+00 1.0000e+00 1.0000e+00 1.0000e+00 3.0000e+00 1.0000e+00 6.0000e+00 1.0000e+00 1.0000e+00 1.0000e+00 1.0000e+00 1.0000e+00
3.0000e+00 1.0000e+00 1.0000e+00 1.0000e+00 1.0000e+00 1.9900e+02 2.0000e+00 1.0000e+00 1.0000e+00 1.0000e+00 3.0000e+00 3.0000e+00 1.0000e+00 1.0000e+00 1.0000e+00 1.0000e+00 1.0000e+00 1.0000e+00 1.0000e+00 1.0000e+00 6.0000e+00 6.0000e+00 1.0000e+00 2.8000e+01 3.0000e+00 1.0000e+00 1.0000e+00 1.0000e+00 1.0000e+00 1.0000e+00 4.0000e+00 1.0000e+00 1.0000e+00 1.0000e+00 1.0000e+00 1.0000e+00 1.0000e+00 1.0000e+00 1.0000e+00 1.0000e+00 1.0000e+00 1.0000e+00 5.6680e+03 1.0000e+00 1.0000e+00 1.0000e+00 3.0000e+00 1.0000e+00 1.0000e+00 3.0000e+00
5.0000e+00 1.0000e+00 1.0000e+00 1.0000e+00 1.0000e+00 1.0000e+00 1.5000e+01 1.0000e+00 1.0000e+00 1.0000e+00 1.0000e+00 1.0000e+00 1.0000e+00 5.0000e+00 1.0000e+00 1.0000e+00 1.0000e+00 1.0000e+00 1.0000e+00 1.0000e+00 1.0000e+00 1.0000e+00 1.0000e+00 4.0000e+00 1.0000e+00 1.0000e+00 1.0000e+00 1.0000e+00 1.0000e+00 8.0000e+00 1.0000e+00 1.0000e+00 1.0000e+00 1.0000e+00 1.0000e+00 3.0000e+00 1.0000e+00 1.0000e+00 1.0000e+00 3.0000e+00 1.0000e+00 1.0000e+00 1.0000e+00 1.0000e+00 1.0000e+00 1.0000e+00 1.0000e+00 1.0000e+00 1.0000e+00 1.0000e+00
1.0000e+00 1.0000e+00 1.0000e+00 2.0000e+00 2.0000e+00 1.0000e+00 4.0000e+01 1.0000e+00 1.0000e+00 1.0000e+00 1.0000e+00 1.0000e+00 1.0000e+00 5.0000e+00 1.0000e+00 2.0000e+00 1.0000e+00 1.0000e+00 1.0000e+00 1.0000e+00 2.0000e+00 1.0000e+00 1.0000e+00 1.0000e+00 1.0000e+00 1.0000e+00 1.0000e+00 1.0000e+00 6.0410e+03 5.0000e+00 1.0000e+00 1.0000e+00 1.0000e+00 1.0000e+00 4.0000e+00 1.0000e+00 1.0000e+00 2.0000e+00 3.7200e+02 1.0000e+00 1.0000e+00 1.0000e+00 1.0000e+00 2.0000e+00 1.0000e+00 1.0000e+00 1.0000e+00 1.0000e+00 1.0000e+00 1.0000e+00
3.0000e+00 1.0000e+00 1.0000e+00 1.0000e+00 1.0000e+00 3.0000e+00 1.0000e+00 1.0000e+00 4.0000e+00 1.0000e+00 8.0000e+00 1.0000e+00 1.0000e+00 1.0000e+00 1.0000e+00 5.0000e+00 1.0000e+00 1.0000e+00 1.0000e+00 1.0000e+00 1.0000e+00 1.0000e+00 1.0000e+00 1.0000e+00 1.0000e+00 1.0000e+00 1.0000e+00 1.0000e+00 1.0000e+00 3.0000e+00 1.0000e+00 1.0000e+00 1.0000e+00 1.0000e+00 1.0000e+00 2.6000e+01 1.0000e+00 1.0000e+00 1.0400e+02 5.6890e+03 1.0000e+00 1.0000e+00 5.0000e+00 1.0000e+00 1.0000e+00 1.0000e+00 9.0000e+00 1.0000e+00 1.0000e+00 1.0000e+00
4.7190e+03 1.0000e+00 1.0000e+00 1.0000e+00 1.0000e+00 2.6000e+01 2.0000e+00 1.0000e+00 1.0000e+00 1.0000e+00 3.0000e+00 1.0000e+00 4.0000e+00 1.0000e+00 1.0000e+00 1.0000e+00 1.0000e+00 1.0000e+00 1.0000e+00 1.0000e+00 1.0000e+00 1.0000e+00 7.0000e+00 4.0000e+00 1.0000e+00 1.0000e+00 1.0000e+00 1.0000e+00 1.0000e+00 1.0000e+00 1.0000e+00 1.0000e+00 1.0000e+00 2.0000e+00 1.0000e+00 1.0000e+00 1.0000e+00 1.0000e+00 1.0000e+00 1.0000e+00 1.0000e+00 1.0000e+00 1.0000e+00 1.0000e+00 1.0000e+00 1.0000e+00 1.0000e+00 1.0000e+00 1.0000e+00 1.0000e+00
1.0000e+00 1.0000e+00 1.0000e+00 1.0000e+00 1.0000e+00 1.0000e+00 1.0000e+00 1.0000e+00 1.0000e+00 1.0000e+00 1.0000e+00 1.0000e+00 1.0000e+00 1.0000e+00 1.0000e+00 1.0000e+00 1.0000e+00 1.0000e+00 1.0000e+00 5.0000e+00 1.0000e+00 1.0000e+00 1.0000e+00 1.0000e+00 1.0000e+00 1.0000e+00 1.0000e+00 1.0000e+00 1.0000e+00 1.0000e+00 4.0000e+00 1.0000e+00 1.0000e+00 1.0000e+00 1.0000e+00 1.0000e+00 1.0000e+00 1.0000e+00 2.0000e+00 1.0000e+00 1.0000e+00 1.0000e+00 1.0000e+00 1.0000e+00 1.0000e+00 1.0000e+00 1.0000e+00 1.0000e+00 1.0000e+00 1.0000e+00
1.0000e+00 4.0000e+00 1.0000e+00 1.0000e+00 1.0000e+00 1.0000e+00 1.0000e+00 2.0000e+01 1.0000e+00 1.0000e+00 1.0000e+00 1.0000e+00 1.0000e+00 1.0000e+00 3.0000e+00 1.0000e+00 3.6000e+01 1.0000e+00 1.0000e+00 1.0000e+00 1.0000e+00 4.0000e+00 1.0000e+00 1.0000e+00 1.0000e+00 1.0000e+00 1.0000e+00 1.2000e+01 1.0000e+00 1.0000e+00 1.0000e+00 1.0000e+00 1.0000e+00 3.0000e+00 3.0000e+00 1.0000e+00 1.0000e+00 1.0000e+00 1.0000e+00 1.0000e+00 1.0000e+00 1.0000e+00 1.0000e+00 1.0000e+00 1.0000e+00 1.0000e+00 1.0000e+00 3.0000e+00 1.0000e+00 1.0000e+00
1.0000e+00 4.0000e+00 1.0000e+00 1.0000e+00 1.0000e+00 3.0000e+00 1.0000e+00 7.0000e+00 1.0000e+00 1.0000e+00 1.0000e+00 1.1000e+01 8.0000e+00 1.0000e+00 1.0000e+00 1.0000e+00 1.0000e+00 4.0000e+00 1.0000e+00 1.0000e+00 1.0000e+00 5.9370e+03 1.0000e+00 4.0000e+00 1.0000e+00 1.0000e+00 1.0000e+00 1.0000e+00 1.0000e+00 1.0000e+00 4.0000e+00 1.0000e+00 1.0000e+00 1.0000e+00 1.0000e+00 1.0000e+00 1.5000e+01 1.0000e+00 2.6000e+01 1.0000e+00 1.0000e+00 1.0000e+00 1.0000e+00 1.0000e+00 1.0000e+00 8.0000e+00 1.0000e+00 3.0000e+00 1.0000e+00 1.0000e+00
7.0000e+00 1.0000e+00 1.0000e+00 6.0000e+00 2.0000e+00 2.0000e+00 0.0000e+00 1.0000e+00 1.0000e+00 2.0000e+00 0.0000e+00 1.0000e+00 1.0000e+00 1.0000e+00 1.7000e+01 2.0000e+00 1.0000e+00 1.0000e+00 1.0000e+00 2.0000e+00 1.2000e+01 6.0000e+00 4.0000e+00 5.7870e+03 2.0000e+00 1.0000e+00 3.8290e+03 2.0000e+00 1.0000e+00 3.0000e+00 3.0000e+00 4.0000e+00 1.0000e+00 1.0000e+00 2.0000e+00 2.0000e+00 1.0000e+00 1.0000e+00 0.0000e+00 1.0000e+00 1.0000e+00 1.0000e+00 1.0000e+00 7.0000e+00 2.0000e+00 2.0000e+00 2.0000e+00 1.0000e+00 1.0000e+00 1.0000e+00
3.0000e+00 1.0000e+00 1.0000e+00 4.0000e+00 1.0000e+00 3.0000e+00 1.0000e+00 1.0000e+00 1.0000e+00 6.0000e+00 1.0000e+00 1.0000e+00 1.0000e+00 1.0000e+00 1.0000e+00 3.0000e+00 1.0000e+00 1.0000e+00 8.0000e+00 1.0000e+00 1.0000e+00 1.0000e+00 1.0000e+00 1.0000e+00 1.0000e+00 1.0000e+00 1.0000e+00 1.0000e+00 3.0000e+00 1.0000e+00 1.0000e+00 1.0000e+00 1.0000e+00 1.0000e+00 3.0000e+00 1.0000e+00 1.0000e+00 1.0000e+00 2.0000e+00 1.0000e+00 1.0000e+00 1.0000e+00 1.0000e+00 1.0000e+00 1.0000e+00 1.0000e+00 1.0000e+00 1.0000e+00 9.0000e+00 1.0000e+00
0.0000e+00 1.0000e+00 1.1000e+01 5.0000e+00 1.0000e+01 1.0000e+00 0.0000e+00 1.0000e+00 1.0000e+00 4.0000e+00 0.0000e+00 1.1000e+01 2.0000e+00 5.7990e+03 5.0000e+00 2.0000e+00 4.0000e+00 1.0000e+00 2.2000e+01 1.5000e+01 2.0000e+00 5.0000e+00 2.0000e+00 5.0000e+00 4.7000e+01 1.1000e+01 2.0000e+00 2.0000e+00 2.0000e+00 8.0000e+00 3.0000e+00 1.0000e+00 3.0110e+03 1.0000e+00 0.0000e+00 3.0000e+00 1.4670e+03 0.0000e+00 1.0000e+00 0.0000e+00 2.0000e+00 5.0000e+00 1.0000e+00 3.0000e+00 1.0000e+00 1.0000e+00 3.0000e+00 1.0000e+00 1.0000e+00 6.0000e+00
1.0000e+00 1.0000e+00 1.0000e+00 1.0000e+00 1.0000e+00 2.0000e+00 1.0000e+00 1.3000e+01 1.8000e+01 2.0000e+00 1.0000e+00 1.0000e+00 1.0000e+00 1.0000e+00 1.0000e+00 7.0000e+00 3.0000e+00 1.0000e+00 1.0000e+00 4.0000e+00 1.0000e+00 1.2000e+01 3.0000e+00 1.0000e+00 1.0000e+00 1.0000e+00 1.0000e+00 1.0000e+00 1.0000e+00 4.9000e+01 1.0000e+00 1.0000e+00 1.0000e+00 1.0000e+00 1.0000e+00 1.0000e+00 1.0000e+00 2.1000e+01 4.8160e+03 1.0000e+00 4.0000e+00 6.0000e+00 7.0000e+00 3.0000e+00 1.0000e+00 1.2000e+01 1.4000e+01 1.0000e+00 1.0000e+00 1.0000e+00
2.0000e+00 1.0000e+00 1.0000e+00 1.0000e+00 3.0000e+00 3.0000e+00 6.0000e+00 1.0000e+00 1.0000e+00 1.0000e+00 1.0000e+00 1.0000e+00 1.0000e+00 1.0000e+00 1.0000e+00 1.0000e+00 4.0000e+00 1.0000e+00 1.0000e+00 1.0000e+00 1.0000e+00 1.0000e+00 1.0000e+01 1.0000e+00 1.0000e+00 1.0000e+00 1.0000e+00 1.3000e+01 1.0000e+00 1.0000e+00 1.0000e+00 1.0000e+00 2.6210e+03 1.0000e+00 1.0000e+00 1.0000e+00 1.0000e+00 2.0000e+00 2.1000e+01 1.0000e+00 1.0000e+00 1.0000e+00 2.1000e+01 3.0000e+00 1.0000e+00 1.0000e+00 5.7960e+03 1.0000e+00 1.0000e+00 1.0000e+00
1.0000e+00 1.0000e+00 1.0000e+00 4.0000e+00 1.0000e+00 1.0000e+00 5.0000e+00 1.0000e+00 9.0000e+00 1.0000e+00 2.0000e+00 1.0000e+00 1.0000e+00 1.0000e+00 1.0000e+00 6.0000e+00 1.0000e+00 1.0000e+00 1.0000e+00 3.0000e+00 3.0000e+00 1.0000e+00 1.0000e+00 1.0000e+00 1.0000e+00 1.0000e+00 1.0000e+00 1.0000e+00 1.0000e+00 2.0000e+00 1.0000e+00 2.0000e+00 1.0000e+00 1.0000e+00 7.4500e+02 1.0000e+00 1.0000e+00 2.0000e+00 2.0000e+00 1.0000e+00 1.0000e+00 1.0000e+00 1.0000e+00 1.0000e+00 2.0000e+00 1.0000e+00 1.0000e+00 5.6130e+03 1.0000e+00 1.0000e+00
1.0000e+00 1.0000e+00 1.0000e+00 1.0000e+00 4.0000e+00 1.0000e+00 1.0000e+00 1.0000e+00 1.0000e+00 1.0000e+00 5.0000e+00 1.0000e+00 1.0000e+00 1.0000e+00 3.0000e+00 1.0000e+00 1.0000e+00 1.0000e+00 1.0000e+00 1.0000e+00 1.0000e+00 1.0000e+00 1.0000e+00 1.0000e+00 1.0000e+00 1.0000e+00 1.0000e+00 1.0000e+00 1.0000e+00 1.0000e+00 1.0000e+00 1.0000e+00 1.0000e+00 1.0000e+00 1.0000e+00 1.0000e+00 1.0000e+00 1.0000e+00 1.0000e+00 1.0000e+00 1.0000e+00 1.0000e+00 1.0000e+00 1.0000e+00 1.0000e+00 1.0000e+00 1.0000e+00 1.0000e+00 1.0000e+00 1.0000e+00
1.0000e+00 5.9490e+03 1.0000e+00 1.0000e+00 2.0000e+00 0.0000e+00 0.0000e+00 1.0000e+00 1.0000e+00 1.0000e+00 1.0000e+00 1.0000e+00 5.0000e+00 1.0000e+00 1.0000e+00 1.0000e+00 2.0000e+00 1.0000e+00 1.0000e+00 1.0000e+00 1.0000e+00 1.0000e+00 1.0000e+00 1.0000e+00 2.9000e+01 1.0000e+00 1.0000e+00 1.0000e+00 1.0000e+00 2.0000e+00 1.0000e+00 2.0000e+00 1.0000e+00 1.0000e+00 3.0000e+00 4.0000e+00 3.8070e+03 0.0000e+00 1.0000e+00 1.0000e+00 1.0000e+00 1.0000e+00 1.0000e+00 1.0000e+00 2.0000e+00 1.0000e+00 2.0000e+00 4.0000e+00 1.0000e+01 2.0000e+00
3.0000e+00 1.0000e+00 1.0000e+00 6.0000e+00 1.0000e+00 1.0000e+00 1.0000e+00 1.0000e+00 1.0000e+00 1.0000e+00 5.7930e+03 1.0000e+00 1.0000e+00 1.0000e+00 3.0000e+00 1.0000e+00 1.0000e+00 1.0000e+00 1.0000e+00 1.0000e+00 1.0000e+00 1.0000e+00 1.0000e+00 1.0000e+00 1.0000e+00 1.0000e+00 1.0000e+00 1.0000e+00 1.0000e+00 1.0000e+00 1.0000e+00 1.0000e+00 4.0000e+00 1.0000e+00 1.0000e+00 1.0000e+00 1.0000e+00 1.0000e+00 1.0000e+01 3.0000e+00 1.0000e+00 1.0000e+00 6.0000e+00 1.0000e+00 1.0000e+00 1.0000e+00 1.0000e+00 1.0000e+00 1.0000e+00 1.0000e+00
1.0000e+00 1.0000e+00 1.0000e+00 1.0000e+00 4.0000e+00 1.0000e+00 2.0000e+00 1.0000e+00 1.0000e+00 1.0000e+00 3.0000e+00 1.0000e+00 1.0000e+00 1.0000e+00 3.4000e+01 6.0000e+00 1.0000e+00 1.0000e+00 1.0000e+00 1.0000e+00 1.0000e+00 1.0000e+00 1.0000e+00 1.0000e+00 1.0000e+00 4.0000e+00 1.0000e+00 1.0000e+00 1.0000e+00 1.0000e+00 1.0000e+00 1.0000e+00 1.0000e+00 3.0000e+00 3.0000e+00 1.0000e+00 1.0000e+00 1.0000e+00 1.0000e+00 1.0000e+00 1.0000e+00 1.0000e+00 3.0000e+00 1.0000e+00 1.0000e+00 1.0000e+00 4.0000e+00 1.0000e+00 1.0000e+00 6.0000e+00
1.0000e+00 1.0000e+00 1.0000e+00 1.0000e+00 2.0000e+00 2.0000e+00 4.0000e+00 1.0000e+00 1.0000e+00 1.0000e+00 1.0000e+00 1.0000e+00 1.0000e+00 1.0000e+00 1.0000e+00 2.0430e+03 3.0000e+00 1.0000e+00 1.0000e+00 1.0000e+00 1.0000e+00 1.0000e+00 1.0000e+00 1.0000e+00 1.0000e+00 1.0000e+00 1.0000e+00 1.0000e+00 1.0000e+00 1.0000e+00 1.0000e+00 1.0000e+00 1.0000e+00 1.0000e+00 3.0000e+00 2.0000e+00 1.0000e+00 1.0000e+00 1.0000e+00 1.0000e+00 1.0000e+00 1.0000e+00 1.0000e+00 1.0000e+00 1.0000e+00 1.0000e+00 2.0000e+00 1.0000e+00 1.0000e+00 5.9440e+03
1.0000e+00 1.0000e+00 1.0000e+00 1.0000e+00 2.0000e+00 1.0000e+00 2.0000e+00 1.0000e+00 1.0000e+00 1.0000e+00 1.0000e+00 1.0000e+00 1.0000e+00 1.0000e+00 2.0000e+00 1.0000e+00 1.0000e+00 1.0000e+00 1.0000e+00 1.0000e+00 1.0000e+00 1.0000e+00 1.0000e+00 1.0000e+00 2.0000e+00 1.0000e+00 1.0000e+00 1.0000e+00 4.0000e+00 1.0000e+00 1.0000e+00 1.0000e+00 1.0000e+00 5.8720e+03 1.0000e+00 1.0000e+00 2.0000e+00 1.0000e+00 1.0000e+00 1.0000e+00 1.3000e+01 1.0000e+00 3.0000e+00 1.0000e+00 2.0000e+00 1.0000e+00 2.0000e+00 3.0000e+00 1.0000e+00 1.0000e+00
1.0000e+00 1.0000e+00 1.0000e+00 8.3000e+01 1.0000e+01 1.0000e+00 1.0000e+00 1.0000e+00 1.0000e+00 1.0000e+00 1.0000e+00 1.0000e+00 1.0000e+00 1.0000e+00 1.0000e+00 1.0000e+00 5.8140e+03 1.0000e+00 3.0000e+00 6.2000e+01 1.0000e+00 1.0000e+00 8.0000e+00 1.0000e+00 1.0000e+00 1.0000e+00 3.0000e+00 1.9000e+01 1.0000e+00 1.8290e+03 1.0000e+00 3.0000e+00 3.0000e+00 1.0000e+00 3.0000e+00 2.0000e+00 1.0000e+00 1.0000e+00 1.0000e+00 9.0000e+00 3.0000e+00 1.0000e+00 1.0000e+00 1.0000e+00 1.0000e+00 1.0000e+00 1.0000e+00 1.0000e+00 1.0000e+00 1.0000e+00
1.0000e+00 1.0000e+00 1.0000e+00 1.0000e+00 1.0000e+00 3.8000e+01 1.0000e+00 1.0000e+00 1.0000e+00 1.0000e+00 1.0000e+00 1.0000e+00 1.0000e+00 1.0000e+00 2.0000e+00 1.0000e+00 1.0000e+00 1.0000e+00 1.0000e+00 1.0000e+00 1.0000e+00 2.0000e+00 1.0000e+00 1.0000e+00 1.0000e+00 2.6080e+03 1.0000e+00 1.0000e+00 1.0000e+00 1.0000e+00 1.0000e+00 1.0000e+00 1.0000e+00 1.0000e+00 1.0000e+00 5.9530e+03 1.0000e+00 1.0000e+00 2.0000e+00 6.0000e+00 1.0000e+00 1.0000e+00 1.0000e+00 1.0000e+00 3.0000e+00 1.0000e+00 1.0000e+00 1.0000e+00 1.3200e+02 1.0000e+00
1.0000e+00 1.0000e+00 1.0000e+00 1.0000e+00 9.0000e+00 2.0000e+00 1.0000e+00 1.0000e+00 3.0000e+00 2.0000e+00 1.0000e+00 1.0000e+00 1.0000e+00 1.0000e+00 2.0000e+00 1.0000e+00 1.0000e+00 1.0000e+00 1.0000e+00 1.0000e+00 1.0000e+00 1.0000e+00 1.0000e+00 1.0000e+00 1.0000e+00 2.0000e+00 3.0000e+00 5.6460e+03 1.0000e+00 1.0000e+00 1.0000e+00 1.0000e+00 1.0000e+00 1.0000e+00 3.0000e+00 3.0000e+00 1.0000e+00 8.7000e+01 1.0000e+00 1.0000e+00 1.0000e+00 2.0000e+00 1.0000e+00 1.0000e+00 2.8670e+03 1.0000e+00 1.0000e+00 1.0000e+00 1.0000e+00 1.0000e+00
1.0380e+03 1.0000e+00 3.0000e+00 1.0000e+00 1.0000e+00 8.1000e+01 2.0000e+00 1.0000e+00 3.0000e+00 2.0000e+00 1.0000e+00 4.0000e+00 1.0000e+00 1.0000e+00 1.0000e+00 1.0000e+00 3.0000e+00 1.0000e+00 1.1000e+01 3.0000e+00 1.0000e+00 1.0000e+00 1.0000e+00 1.0000e+00 2.0000e+00 3.0000e+00 1.0000e+00 1.0000e+00 1.0000e+00 8.0000e+00 1.0000e+00 2.0000e+00 7.0000e+00 1.0000e+00 7.0000e+00 7.0000e+00 1.0000e+00 3.5990e+03 5.4400e+02 8.9000e+01 1.0000e+00 1.0000e+00 1.0000e+00 1.0000e+00 1.0000e+00 1.0000e+00 2.0000e+00 2.0000e+00 1.0000e+00 2.0000e+00
1.0000e+00 1.0000e+00 1.0000e+00 1.0000e+00 1.6000e+01 3.0000e+00 2.0660e+03 1.0000e+00 1.0000e+00 1.0000e+00 1.0000e+00 1.0000e+00 1.0000e+00 1.0000e+00 1.0000e+00 7.2000e+01 1.0000e+00 1.0000e+00 1.0000e+00 1.0000e+00 1.0000e+00 1.0000e+00 1.0000e+00 1.0000e+00 1.0000e+00 1.0000e+00 1.0000e+00 1.0000e+00 1.0000e+00 3.0000e+00 1.0000e+00 1.0000e+00 1.0000e+00 1.0000e+00 2.8510e+03 3.0000e+00 1.0000e+00 4.0000e+00 1.0000e+00 1.0000e+00 1.0000e+00 7.0000e+00 1.0000e+00 1.0000e+00 1.0000e+00 1.0000e+00 1.0000e+00 1.0000e+00 1.0000e+00 1.0000e+00
1.0000e+00 4.0000e+00 1.0000e+00 1.0000e+00 1.0000e+00 1.0000e+00 1.0000e+00 1.0000e+00 1.0000e+00 1.0000e+00 1.0000e+00 1.0000e+00 1.0000e+00 1.0000e+00 1.0000e+00 1.0000e+00 1.0000e+00 1.0000e+00 1.0000e+00 4.7000e+01 6.0000e+00 1.0000e+00 1.0000e+00 1.0000e+00 1.0000e+00 1.0000e+00 1.0000e+00 1.0000e+00 1.0000e+00 3.0000e+00 1.0000e+00 1.0000e+00 1.0000e+00 1.0000e+00 2.0000e+00 1.0000e+00 1.0000e+00 1.0000e+00 7.0000e+00 1.0000e+00 1.0000e+00 4.0000e+00 1.0000e+00 1.1000e+01 1.0000e+00 5.9310e+03 1.0000e+00 1.0000e+00 1.0000e+00 1.0000e+00
2.0000e+00 3.0000e+00 1.0000e+00 5.7750e+03 7.0000e+00 1.0000e+00 2.3000e+01 3.0000e+00 1.0000e+00 2.0000e+00 1.0000e+00 6.0000e+00 1.0000e+00 1.0000e+00 1.0000e+00 2.0000e+00 1.0000e+00 1.0000e+00 1.0000e+00 1.0000e+00 1.3000e+01 9.0000e+00 1.0000e+00 3.0000e+00 9.9900e+02 1.0000e+00 3.0000e+00 1.0000e+00 1.0000e+00 1.0000e+00 1.0000e+00 1.0000e+00 1.5400e+02 2.0000e+00 4.0000e+00 1.9000e+01 1.0000e+00 3.0000e+00 4.0000e+00 1.0000e+00 1.0000e+00 1.0000e+00 1.0000e+00 4.0000e+00 1.2000e+01 2.0000e+00 1.0000e+00 1.0000e+00 1.4000e+01 1.0000e+00
1.0000e+00 1.0000e+00 1.0000e+00 3.0000e+00 5.0000e+00 3.0000e+00 1.0000e+00 1.0000e+00 4.7350e+03 2.0000e+00 1.0000e+00 5.0000e+00 4.0000e+00 1.0000e+00 1.1000e+01 1.0000e+00 1.0000e+00 4.0000e+00 1.0000e+00 1.0000e+00 1.0000e+00 3.0000e+00 1.0000e+00 2.0000e+01 1.0000e+00 1.0000e+00 1.0000e+00 1.0000e+00 1.0000e+00 1.0000e+00 1.0000e+00 1.0000e+00 1.0000e+00 2.0000e+00 1.0000e+00 1.0000e+00 1.0000e+00 1.0000e+00 9.8000e+01 1.0000e+00 1.0000e+00 1.0000e+00 1.0000e+00 1.0000e+00 2.9410e+03 1.0000e+00 8.0000e+00 5.0000e+00 1.0000e+00 1.0000e+00
1.0000e+00 1.0000e+00 1.0000e+00 1.0000e+00 2.0000e+00 1.0000e+00 0.0000e+00 1.0000e+00 7.0000e+00 5.0000e+00 2.0000e+01 1.0000e+00 1.0000e+00 8.0000e+00 3.0000e+00 3.5050e+03 1.0000e+00 1.0000e+00 1.0000e+00 1.0000e+00 1.0000e+00 2.0000e+00 1.0000e+00 1.0000e+00 4.8890e+03 1.0000e+00 1.0000e+00 1.0000e+00 8.0000e+00 3.5000e+01 1.0000e+00 2.0000e+00 2.0000e+00 1.0000e+00 0.0000e+00 1.4000e+01 1.0000e+00 2.0000e+00 0.0000e+00 5.0000e+00 1.0000e+00 1.0000e+00 4.0000e+00 1.0000e+00 3.0000e+00 1.0000e+00 2.0000e+00 3.0000e+00 1.0000e+00 2.0000e+00
1.0000e+00 3.0000e+00 1.0000e+00 1.0000e+00 1.0000e+00 2.0000e+00 3.0000e+00 1.0000e+00 1.0000e+00 1.0000e+00 1.0000e+00 4.0000e+00 1.0000e+00 1.0000e+00 5.8200e+03 4.0000e+00 1.0000e+00 1.0000e+00 1.0000e+00 1.0000e+00 2.0000e+00 1.0000e+00 3.0000e+00 1.0000e+00 1.0000e+00 1.6000e+01 1.0000e+00 1.0000e+00 1.0000e+00 2.0000e+00 1.0000e+00 1.0000e+00 3.0000e+00 2.0000e+00 2.0000e+00 1.0000e+00 1.0000e+00 3.0000e+00 3.0000e+00 1.0000e+00 1.0000e+00 1.0000e+00 1.5700e+02 1.0000e+00 7.0000e+00 1.0000e+00 1.0000e+00 2.2900e+02 1.0000e+00 1.0000e+00
1.0000e+00 1.0000e+00 1.0000e+00 1.0000e+00 1.0000e+00 2.0000e+00 2.0000e+00 6.0000e+00 1.0000e+00 1.0000e+00 2.0000e+00 3.0000e+00 1.0000e+00 1.0000e+00 1.0000e+00 5.0000e+00 1.0000e+00 1.0000e+00 1.0000e+00 1.0000e+00 1.0000e+00 1.0000e+00 1.0000e+00 1.6000e+01 1.0000e+00 1.4660e+03 1.0000e+00 1.0000e+00 1.0000e+00 2.8490e+03 1.0000e+00 1.0000e+00 1.0000e+00 1.0000e+00 1.9830e+03 3.0000e+00 1.0000e+00 1.0000e+00 2.0000e+00 1.0000e+00 1.0000e+00 1.0000e+00 1.0000e+00 1.0000e+00 1.0000e+00 2.3000e+01 5.0000e+00 1.0000e+00 1.0000e+00 1.0000e+00
1.0000e+00 7.0000e+00 1.4320e+03 2.0000e+00 1.0000e+00 0.0000e+00 0.0000e+00 6.0230e+03 1.0000e+00 3.0000e+00 0.0000e+00 2.4000e+01 1.4000e+01 4.0000e+00 4.0000e+00 6.0000e+00 2.0000e+00 1.0000e+00 1.7000e+01 2.0000e+00 1.0000e+00 5.0000e+00 1.0000e+00 1.0000e+00 2.0000e+00 3.0000e+00 2.0000e+00 3.0000e+00 3.0000e+00 0.0000e+00 1.0000e+00 1.0000e+00 1.0000e+00 1.0000e+00 1.0000e+00 1.0000e+00 1.0000e+00 0.0000e+00 0.0000e+00 1.0000e+00 1.9290e+03 1.0000e+00 2.0000e+00 2.0000e+00 0.0000e+00 8.0000e+00 1.5000e+01 4.0000e+00 2.0000e+00 4.0000e+00
1.0000e+00 1.0000e+00 1.0000e+00 1.0000e+00 1.0000e+00 1.0000e+00 1.0000e+00 1.0000e+00 1.0000e+00 1.0000e+00 1.0000e+00 1.0000e+00 1.0000e+00 1.0000e+00 1.0000e+00 1.0000e+00 1.0000e+00 1.0000e+00 1.0000e+00 1.0000e+00 1.0000e+00 3.7000e+01 1.0000e+00 1.0000e+00 1.0000e+00 1.0000e+00 1.0000e+00 1.0000e+00 1.0000e+00 1.0000e+00 1.0000e+00 1.0000e+00 6.7000e+01 1.0000e+00 1.0000e+00 1.0000e+00 1.0000e+00 1.0000e+00 1.0000e+00 1.0000e+00 1.0000e+00 1.0000e+00 3.0000e+00 5.8800e+03 1.0000e+00 1.0000e+00 1.0000e+00 3.0000e+00 1.0000e+00 1.0000e+00
1.0000e+00 2.0000e+00 1.0000e+00 2.0000e+00 0.0000e+00 0.0000e+00 2.0000e+00 3.0000e+00 3.0000e+00 1.0000e+00 0.0000e+00 1.0000e+00 5.1000e+01 2.2000e+01 1.0000e+00 0.0000e+00 5.1000e+01 6.9200e+02 6.0010e+03 4.0000e+00 9.0000e+00 2.0000e+00 5.0000e+00 0.0000e+00 1.0000e+00 1.6140e+03 6.1000e+01 2.3000e+01 1.0000e+00 3.0000e+00 5.0000e+00 2.0000e+00 4.0000e+00 0.0000e+00 2.0000e+00 1.0000e+00 4.4000e+02 0.0000e+00 0.0000e+00 1.0000e+00 1.5200e+02 4.7400e+02 1.0000e+00 7.0000e+00 0.0000e+00 0.0000e+00 0.0000e+00 0.0000e+00 2.9000e+01 1.0000e+00
1.0000e+00 1.0000e+00 1.0000e+00 1.0000e+00 1.0000e+00 1.0000e+00 2.0000e+00 1.0000e+00 1.0000e+00 1.0000e+00 1.0000e+00 1.0000e+00 1.0000e+00 1.0000e+00 3.0000e+00 1.0000e+00 1.0000e+00 1.0000e+00 1.8000e+01 1.0000e+00 1.0000e+00 1.0000e+00 1.0000e+00 1.0000e+00 1.0000e+00 1.0000e+00 1.0000e+00 1.0000e+00 1.0000e+00 1.0000e+00 1.0000e+00 2.5400e+02 8.0000e+00 1.0000e+00 1.0000e+00 1.0000e+00 1.0000e+00 1.0000e+00 4.0000e+00 5.0000e+00 1.0000e+00 3.7000e+01 3.0000e+00 1.0000e+00 1.0000e+00 1.0000e+00 1.0000e+00 3.0000e+00 1.0000e+00 3.0000e+00
4.0000e+00 1.0000e+00 1.0000e+00 1.2000e+01 1.0000e+00 5.5830e+03 1.0000e+00 1.0000e+00 1.0000e+00 1.0000e+00 1.0000e+00 1.0000e+00 1.0000e+00 1.0000e+00 2.0000e+00 1.0000e+00 1.0000e+00 1.0000e+00 1.0000e+00 1.0000e+00 1.0000e+00 7.0000e+00 3.0000e+00 1.0000e+00 1.0000e+00 1.4700e+02 1.0000e+00 1.4000e+01 1.0000e+00 3.0000e+00 1.0000e+00 1.0000e+00 1.0000e+00 1.0000e+00 1.0000e+00 1.0000e+00 2.2300e+02 1.0000e+00 1.0000e+00 1.1200e+02 1.0000e+00 1.0000e+00 1.0000e+00 1.0000e+00 2.0000e+00 1.0000e+00 1.0000e+00 1.0000e+00 1.0000e+00 1.0000e+00
1.0000e+00 2.0000e+00 2.8000e+01 1.0000e+00 1.0000e+00 1.0000e+00 0.0000e+00 1.0000e+00 1.0000e+00 3.0000e+00 1.0000e+00 2.0000e+00 5.8720e+03 1.0000e+00 2.0000e+00 0.0000e+00 1.0000e+00 5.1130e+03 1.0000e+00 2.0000e+00 1.0000e+00 1.0000e+00 2.0000e+00 9.0000e+00 1.9000e+01 2.0000e+00 1.6000e+01 2.0000e+00 1.0000e+00 0.0000e+00 1.0000e+00 3.0000e+00 1.0000e+00 0.0000e+00 0.0000e+00 4.0000e+00 1.0000e+00 3.0000e+00 1.0000e+00 1.0000e+00 1.0000e+00 3.2000e+01 1.0000e+00 1.0000e+00 2.0000e+00 1.0000e+00 9.0000e+00 2.0000e+00 1.0000e+00 1.0000e+00
0.0000e+00 1.0000e+00 4.1280e+03 2.0000e+00 6.0000e+00 2.0000e+00 0.0000e+00 3.0000e+00 1.0000e+00 1.0000e+00 0.0000e+00 3.0000e+00 1.0000e+00 5.0000e+00 0.0000e+00 1.0000e+00 2.2000e+01 6.0000e+00 2.0000e+00 1.0000e+00 2.0000e+00 2.0000e+00 2.0000e+00 1.0000e+00 1.0000e+00 4.7000e+01 1.0000e+00 4.0000e+00 3.1000e+01 2.0000e+00 6.0840e+03 1.0000e+00 3.0000e+00 1.0000e+00 1.0000e+00 0.0000e+00 6.0000e+00 2.0000e+00 0.0000e+00 1.0000e+00 2.0000e+00 5.0000e+00 0.0000e+00 3.0000e+00 1.0000e+00 7.0000e+00 1.3000e+01 2.0000e+00 1.1000e+01 5.0000e+00
1.0000e+00 1.0000e+00 3.6400e+02 1.0000e+00 3.0000e+00 1.0000e+00 1.0000e+00 1.0000e+00 1.0000e+00 1.0000e+00 1.0000e+00 1.0000e+00 1.0000e+00 1.0000e+00 1.0000e+00 1.0000e+00 1.0000e+00 1.0000e+00 1.0000e+00 1.0000e+00 1.0000e+00 1.1000e+01 1.0000e+00 1.0000e+00 1.0000e+00 1.0000e+00 1.0000e+00 1.0000e+00 3.0000e+00 1.0000e+00 1.0000e+00 1.0000e+00 4.0000e+00 1.0000e+00 1.4000e+01 1.0000e+00 1.0000e+00 1.0000e+00 1.0000e+00 1.0000e+00 1.0000e+00 5.4340e+03 1.0000e+00 1.0000e+00 1.0000e+00 1.0000e+00 1.0000e+00 1.0000e+00 4.3710e+03 3.0000e+00
0.0000e+00 1.0000e+00 2.0000e+00 1.0000e+00 0.0000e+00 2.0000e+00 0.0000e+00 3.0000e+00 7.0000e+00 1.0000e+00 4.0000e+00 1.0000e+00 3.3000e+01 4.6000e+01 3.0000e+00 1.0000e+00 3.0000e+00 4.0000e+00 1.0000e+00 5.8690e+03 1.1000e+01 1.0000e+00 2.7000e+01 1.0000e+00 1.0000e+00 2.0000e+00 8.0000e+00 6.0000e+01 6.0000e+00 1.0000e+00 1.0000e+00 1.0000e+00 2.0000e+00 3.0000e+00 0.0000e+00 2.0000e+00 3.0000e+00 1.0000e+00 0.0000e+00 0.0000e+00 3.8500e+03 0.0000e+00 0.0000e+00 1.1000e+01 3.0000e+00 1.0000e+00 0.0000e+00 0.0000e+00 1.3860e+03 2.0000e+00
1.0000e+00 1.0000e+00 1.0000e+00 1.0000e+00 4.0000e+00 1.0000e+00 1.0000e+00 1.0000e+00 1.0000e+00 1.0000e+00 1.0000e+00 1.0000e+00 1.0000e+00 1.0000e+00 1.0000e+00 3.0000e+00 1.0000e+00 1.0000e+00 1.0000e+00 1.0000e+00 1.0000e+00 1.0000e+00 1.0000e+00 1.0000e+00 1.0000e+00 1.0000e+00 1.0000e+00 1.0000e+00 1.0000e+00 1.0000e+00 4.0000e+00 1.0000e+00 1.0000e+00 1.0000e+00 1.0000e+00 1.0000e+00 1.0000e+00 1.0000e+00 1.0000e+00 1.0000e+00 1.0000e+00 1.0000e+00 1.0000e+00 1.0000e+00 1.0000e+00 1.0000e+00 1.0000e+00 6.0000e+00 1.0000e+00 1.0000e+00
1.0000e+00 1.0000e+00 1.0000e+00 1.0000e+00 1.0000e+00 3.0000e+00 1.0000e+00 1.0000e+00 1.0000e+00 3.0000e+00 1.0000e+00 1.0000e+00 1.0000e+00 1.0000e+00 1.0000e+00 6.0000e+00 1.0000e+00 4.0000e+00 1.0000e+00 1.0000e+00 1.0000e+00 1.0000e+00 5.9790e+03 1.0000e+00 1.0000e+00 1.0000e+00 1.0000e+00 1.0000e+00 1.0000e+00 1.0000e+00 1.0000e+00 1.0000e+00 1.0000e+00 1.0000e+00 1.0000e+00 1.0000e+00 1.0000e+00 3.0000e+00 1.0000e+00 1.0000e+00 1.0000e+00 1.0000e+00 1.0000e+00 1.0000e+00 1.0000e+00 1.0000e+00 4.0000e+00 2.0000e+01 9.0000e+00 1.0000e+00
1.0000e+00 1.0000e+00 1.0000e+00 1.0000e+00 1.0000e+00 1.0000e+00 2.0000e+00 1.0000e+00 1.0000e+00 1.0000e+00 1.0000e+00 5.8610e+03 1.0000e+00 1.0000e+00 1.0000e+00 1.0000e+00 1.0000e+00 1.0000e+00 1.0000e+00 1.0000e+00 1.0000e+00 1.0000e+00 2.1000e+01 1.0000e+00 1.0000e+00 1.0000e+00 1.0000e+00 1.0000e+00 1.0000e+00 3.0000e+00 1.0000e+00 1.0000e+00 1.0000e+00 1.0000e+00 1.0000e+00 1.0000e+00 1.0000e+00 1.0000e+00 4.0000e+00 3.0000e+00 1.0000e+00 8.0000e+00 1.0000e+00 1.0000e+00 1.0000e+00 2.5000e+01 1.0000e+00 1.0000e+00 5.0000e+00 1.0000e+00
1.0000e+00 1.0000e+00 1.0000e+00 1.0000e+00 5.8110e+03 1.0000e+00 1.0000e+00 1.0000e+00 1.0000e+00 1.0000e+00 1.0000e+00 1.0000e+00 1.0000e+00 1.2000e+01 1.0000e+00 2.6700e+02 1.0000e+00 1.0000e+00 1.0000e+00 1.0000e+00 1.0000e+00 1.0000e+00 1.0000e+00 1.0000e+00 1.0000e+00 1.0000e+00 1.0000e+00 1.0000e+00 1.0000e+00 1.0000e+00 1.0000e+00 1.2000e+01 8.0000e+00 1.0000e+00 2.0000e+00 1.0000e+00 4.0000e+00 2.0000e+00 1.0000e+00 7.0000e+00 1.0000e+00 4.0000e+00 1.0000e+00 1.0000e+00 3.0000e+00 1.0000e+00 1.0000e+00 3.0000e+00 1.0000e+00 1.0000e+00
1.0000e+00 1.0000e+00 1.0000e+00 1.0000e+00 1.0000e+00 1.0000e+00 1.0000e+00 1.0000e+00 5.0000e+00 1.0000e+00 1.0000e+00 1.0000e+00 1.0000e+00 1.0000e+00 1.0000e+00 1.0000e+00 1.0000e+00 1.0000e+00 1.0000e+00 1.0000e+00 1.0000e+00 1.0000e+00 1.0000e+00 1.0000e+00 4.0000e+00 1.0000e+00 1.0000e+00 1.0000e+00 1.0000e+00 1.0000e+00 1.0000e+00 1.0000e+00 1.0000e+00 1.0000e+00 2.0000e+00 1.0000e+00 1.0000e+00 1.0000e+00 1.0000e+00 1.0000e+00 1.0000e+00 1.0000e+00 1.0000e+00 3.0000e+00 1.0000e+00 1.0000e+00 1.0000e+00 1.0000e+00 1.0000e+00 1.0000e+00
2.0000e+00 1.0000e+00 1.0000e+00 1.0000e+00 1.0000e+00 1.0000e+00 1.0000e+00 1.0000e+00 1.1690e+03 1.0000e+00 1.0000e+00 2.0000e+00 1.0000e+00 1.0000e+00 2.0000e+00 1.0000e+00 1.0000e+00 1.0000e+00 1.0000e+00 9.0000e+00 2.0000e+00 3.2000e+01 1.0000e+00 1.0000e+00 7.0000e+00 1.0000e+00 9.0000e+00 1.0000e+00 1.0000e+00 1.0000e+00 1.0000e+00 5.7960e+03 1.0000e+00 1.0000e+00 3.0000e+00 3.0000e+00 1.0000e+00 1.0000e+00 3.0000e+00 1.0000e+00 1.0000e+00 1.0000e+00 1.0000e+00 1.0000e+00 1.0000e+00 4.0000e+00 1.0000e+00 1.0000e+00 1.0000e+00 1.0000e+00
5.0000e+00 1.0000e+00 1.0000e+00 1.0000e+00 1.0000e+00 1.0000e+00 1.0000e+00 1.0000e+00 1.0000e+00 3.0000e+00 1.0000e+00 1.0000e+00 1.0000e+00 1.0000e+00 3.0000e+00 1.0000e+00 1.0000e+00 1.0000e+00 1.0000e+00 1.0000e+00 1.0000e+00 1.0000e+00 1.0000e+00 1.0000e+00 1.0000e+00 1.0000e+00 1.0000e+00 1.0000e+00 3.0000e+00 1.0000e+00 1.0000e+00 1.0000e+00 1.0000e+00 1.0000e+00 6.0000e+00 1.0000e+00 1.0000e+00 2.2600e+03 2.0000e+00 1.0000e+00 1.0000e+00 1.0000e+00 1.2000e+01 1.0000e+00 1.0000e+00 1.0000e+00 1.0000e+00 1.0000e+00 1.0000e+00 1.0000e+00
1.0000e+00 1.0000e+00 1.0000e+00 7.0000e+00 1.0000e+00 2.0000e+00 4.0000e+00 1.0000e+00 1.0000e+00 5.9600e+03 1.0000e+00 1.0000e+00 1.9000e+01 1.0000e+00 1.0000e+00 1.0000e+00 1.0000e+00 1.0000e+00 1.0000e+00 3.0000e+00 1.0000e+00 1.0000e+00 1.0000e+00 1.0000e+00 1.0000e+00 1.0000e+00 1.0000e+00 1.0000e+00 1.0000e+00 1.1500e+02 1.0000e+00 1.5000e+01 1.0000e+00 1.0000e+00 2.0000e+00 2.0000e+00 1.0000e+00 1.0000e+00 1.0000e+00 1.0000e+00 1.0000e+00 1.0000e+00 2.0000e+00 1.0000e+00 1.0000e+00 1.0000e+00 2.0000e+00 1.0000e+00 1.0000e+00 1.0000e+00
