3.5417e-01 0.0000e+00 3.1683e-01 3.9344e-01 2.9412e-01 6.6227e-01 8.8678e-01 3.2222e-01 2.4242e-01 2.5641e-01 4.9020e-01 1.3333e-01 0.0000e+00 1.9565e-01 3.1707e-01 5.2174e-01 2.4658e-01 9.6774e-02 1.3889e-01 1.0000e-01 1.6129e-01 3.1579e-01 1.2903e-01 3.0000e-01 1.6667e-01 1.5625e-01 3.1429e-01 7.1429e-02 4.6154e-01 5.4545e-01 2.2642e-01 2.4000e-01 2.2000e-01 2.2727e-01 2.0000e-01 5.2764e-01 7.1429e-02 5.8095e-01 9.1033e-01 6.8000e-01 1.9608e-01 1.0345e-01 6.1572e-01 5.0000e-02 2.2222e-01 1.9048e-01 5.0660e-01 4.5455e-01 1.6667e-01 1.7391e-01
1.6667e-01 1.6667e-01 6.6667e-02 5.6863e-01 4.0000e-01 6.6667e-01 1.4286e-01 2.7586e-01 4.0000e-01 1.8750e-01 1.0000e-01 6.1620e-01 1.7391e-01 0.0000e+00 2.6667e-01 6.2500e-01 6.0104e-01 1.1111e-01 1.1111e-01 1.1111e-01 7.1747e-01 5.3488e-01 2.9412e-01 2.1053e-01 5.0000e-01 1.6667e-01 1.3333e-01 2.6471e-01 2.5000e-01 6.0000e-01 2.3077e-01 9.1137e-01 4.5570e-01 0.0000e+00 1.0000e+00 8.3333e-02 2.7778e-01 6.6667e-01 1.0000e+00 6.0000e-01 6.2500e-02 0.0000e+00 8.1951e-01 5.1685e-01 8.5714e-01 1.8182e-01 1.2500e-01 2.1429e-01 1.7647e-01 0.0000e+00
2.4444e-01 3.5714e-02 0.0000e+00 1.6129e-01 5.2632e-02 4.8171e-01 3.2000e-01 1.8750e-01 3.0303e-02 1.0000e-01 2.1622e-01 8.5714e-02 0.0000e+00 9.5238e-02 0.0000e+00 4.3210e-01 1.1538e-01 3.1250e-02 1.1111e-01 3.1250e-02 2.9565e-01 4.4390e-01 1.1628e-01 2.3944e-01 2.3171e-01 3.5047e-01 0.0000e+00 1.1765e-01 2.4324e-01 7.1650e-01 2.5439e-01 1.4815e-01 9.7561e-02 1.0000e-01 2.0833e-01 2.6667e-01 3.1250e-02 3.1707e-01 7.0699e-01 1.8750e-01 0.0000e+00 0.0000e+00 5.8980e-01 3.5514e-01 2.1429e-01 5.5556e-02 2.7184e-01 3.0556e-01 1.1111e-01 1.6129e-01
3.3884e-01 0.0000e+00 8.3333e-02 1.0000e-01 1.4706e-01 5.0000e-02 6.3084e-01 0.0000e+00 1.9091e-01 0.0000e+00 1.0714e-01 2.6623e-01 0.0000e+00 2.4204e-01 1.3889e-01 3.4328e-01 8.9286e-02 2.6316e-02 1.1667e-01 9.4340e-02 9.5238e-02 2.4194e-01 4.0806e-01 1.1364e-01 2.9412e-02 3.1250e-02 1.8310e-01 2.5641e-02 4.7619e-02 5.8984e-01 2.7778e-02 0.0000e+00 0.0000e+00 8.3333e-02 4.7879e-01 1.3333e-01 4.7619e-02 0.0000e+00 3.5135e-01 4.3333e-01 0.0000e+00 0.0000e+00 3.8710e-01 0.0000e+00 0.0000e+00 3.5897e-01 0.0000e+00 2.6316e-01 0.0000e+00 0.0000e+00
1.9048e-01 0.0000e+00 8.0000e-02 2.4000e-01 4.1176e-01 3.2000e-01 1.0000e+00 5.0000e-02 2.2000e-01 1.4286e-01 7.6923e-02 2.7778e-01 0.0000e+00 1.2903e-01 3.3333e-01 4.7619e-01 7.4074e-02 7.6923e-02 1.6667e-01 0.0000e+00 2.2222e-01 1.9048e-01 1.3793e-01 2.2857e-01 2.1053e-01 2.4390e-01 3.8298e-01 1.2500e-01 7.7279e-01 5.0000e-01 0.0000e+00 0.0000e+00 1.3333e-01 1.3333e-01 5.4000e-01 2.2581e-01 4.3478e-02 3.7037e-01 1.0000e+00 3.5714e-01 1.6216e-01 8.3333e-02 5.9559e-01 1.4815e-01 0.0000e+00 1.3333e-01 2.8302e-01 0.0000e+00 9.5238e-02 1.5789e-01
1.2500e-01 0.0000e+00 1.0000e-01 1.2000e-01 1.5385e-01 6.2500e-02 3.8710e-01 1.0526e-01 1.1111e-01 1.0714e-01 3.6000e-01 2.5000e-01 1.2245e-01 0.0000e+00 2.5000e-01 3.3333e-01 0.0000e+00 9.5238e-02 1.2766e-01 5.8824e-02 1.1429e-01 5.2632e-02 6.2500e-02 1.1765e-01 3.7037e-02 3.8462e-02 0.0000e+00 7.8947e-02 5.8824e-02 2.0000e-01 8.3333e-02 2.2857e-01 1.0256e-01 0.0000e+00 1.9048e-01 3.8889e-01 3.2258e-02 1.1765e-01 6.7039e-01 8.1682e-01 5.7143e-02 0.0000e+00 3.5088e-01 1.3158e-01 4.2667e-01 3.0000e-01 1.2821e-01 1.6129e-01 9.6774e-02 5.2632e-02
4.9783e-01 8.8889e-02 1.2698e-01 0.0000e+00 0.0000e+00 3.6893e-01 2.9032e-01 0.0000e+00 0.0000e+00 0.0000e+00 3.1868e-01 0.0000e+00 0.0000e+00 8.1633e-02 0.0000e+00 9.5238e-02 0.0000e+00 0.0000e+00 0.0000e+00 9.4340e-02 3.2258e-02 0.0000e+00 1.6216e-01 0.0000e+00 0.0000e+00 0.0000e+00 0.0000e+00 4.6512e-02 8.3333e-02 4.3333e-01 0.0000e+00 0.0000e+00 0.0000e+00 1.5625e-01 0.0000e+00 1.8333e-01 0.0000e+00 1.7241e-01 0.0000e+00 2.0000e-01 2.5641e-02 0.0000e+00 8.6957e-02 0.0000e+00 0.0000e+00 5.5014e-01 2.1505e-01 1.3514e-01 5.8824e-02 1.5385e-01
0.0000e+00 0.0000e+00 1.4286e-01 1.0000e-01 1.4706e-01 1.6129e-01 2.1739e-01 5.2632e-02 0.0000e+00 6.4516e-02 2.6562e-01 1.2727e-01 1.1290e-01 9.6154e-02 0.0000e+00 3.2203e-01 7.5472e-02 1.3043e-01 9.6154e-02 1.3433e-01 1.6129e-01 0.0000e+00 1.5714e-01 1.1364e-01 5.2632e-02 3.1250e-02 3.2258e-02 7.8431e-02 4.7619e-02 1.7391e-01 1.6000e-01 1.6667e-01 6.9767e-02 0.0000e+00 0.0000e+00 1.5686e-01 0.0000e+00 1.5385e-01 3.9583e-01 7.1429e-02 6.3830e-02 2.7778e-02 8.6957e-02 1.6923e-01 0.0000e+00 0.0000e+00 0.0000e+00 4.1667e-02 5.8824e-02 7.4074e-02
4.3478e-02 1.8519e-01 0.0000e+00 1.0000e-01 2.6562e-01 0.0000e+00 5.9091e-01 1.4286e-01 1.9469e-01 3.7037e-02 1.7949e-01 1.1765e-01 2.5641e-02 1.1667e-01 0.0000e+00 3.1579e-01 1.0000e-01 7.8431e-02 6.6667e-02 4.8780e-02 1.2245e-01 1.5789e-01 5.1282e-02 2.5664e-01 1.3559e-01 1.8667e-01 7.6923e-02 1.9828e-01 1.3793e-01 1.7391e-01 5.0000e-02 2.6230e-01 1.6667e-01 1.5625e-01 5.8824e-02 2.7966e-01 2.6316e-02 3.1579e-01 0.0000e+00 0.0000e+00 0.0000e+00 8.5106e-02 1.6129e-01 1.5254e-01 5.5347e-01 8.0000e-02 1.5000e-01 7.1429e-02 3.3333e-02 1.2121e-01
2.2222e-01 3.0303e-02 1.0714e-01 2.3214e-01 5.4413e-01 2.1053e-01 4.6053e-01 3.1525e-01 1.1290e-01 1.6000e-01 3.3654e-01 1.7568e-01 2.3810e-01 1.6867e-01 2.0408e-01 3.6000e-01 6.2500e-02 1.7708e-01 1.1667e-01 2.7586e-01 2.0732e-01 3.5461e-01 1.5714e-01 2.0513e-01 1.2727e-01 2.2449e-01 1.8310e-01 7.8431e-02 1.1538e-01 1.4286e-01 1.2903e-01 1.6667e-01 1.7857e-01 4.7619e-02 2.5000e-01 2.8333e-01 1.1290e-01 3.4286e-01 6.0338e-01 7.1429e-02 7.8431e-02 9.8039e-02 2.7273e-01 1.8310e-01 0.0000e+00 2.1739e-01 2.5397e-01 1.6667e-01 1.4815e-01 2.8049e-01
1.0000e+00 1.5385e-01 3.0435e-01 7.1429e-01 3.3333e-01 0.0000e+00 8.0000e-01 9.0909e-02 3.3333e-01 2.8571e-01 2.5000e-01 4.1935e-01 8.3333e-02 2.6316e-01 8.0000e-01 1.0000e+00 2.9167e-01 5.0000e-01 6.1832e-01 8.3333e-02 6.2500e-01 7.1429e-01 4.6667e-01 8.8661e-01 5.4237e-01 1.6667e-01 7.0073e-01 2.2222e-01 0.0000e+00 7.5000e-01 7.2506e-01 5.0000e-01 0.0000e+00 4.1667e-01 0.0000e+00 6.9767e-01 2.2222e-01 5.0000e-01 1.0000e+00 5.7143e-01 0.0000e+00 8.0964e-01 2.5000e-01 5.6364e-01 1.4286e-01 6.6667e-01 3.7500e-01 5.0000e-01 5.1220e-01 2.0000e-01
2.6000e-01 3.4483e-02 9.3023e-02 5.0000e-02 2.1622e-01 6.1597e-01 5.0725e-01 0.0000e+00 0.0000e+00 0.0000e+00 3.6264e-01 2.7350e-01 8.8889e-02 0.0000e+00 2.7869e-01 6.2981e-01 5.1282e-02 3.0303e-02 1.2000e-01 7.5000e-02 3.5776e-01 8.6957e-02 1.6949e-01 9.0909e-02 2.4490e-01 1.6000e-01 4.0275e-01 7.3171e-02 4.1739e-01 2.7586e-01 2.5620e-01 1.6667e-01 0.0000e+00 0.0000e+00 5.3757e-01 2.5352e-01 0.0000e+00 5.4478e-01 6.5049e-01 1.4286e-01 0.0000e+00 3.2653e-01 9.5238e-02 6.4516e-02 0.0000e+00 2.4390e-01 1.3333e-01 1.7143e-01 2.8704e-01 2.5926e-01
6.0000e-01 7.1975e-01 7.6509e-01 5.0000e-01 3.3333e-01 1.0000e+00 1.0000e+00 7.0345e-01 4.3243e-01 1.0000e+00 2.8571e-01 6.2319e-01 6.6279e-01 7.8502e-01 6.6667e-01 1.0000e+00 6.7123e-01 4.0625e-01 7.7976e-01 7.9857e-01 5.8333e-01 8.0000e-01 5.7812e-01 6.1538e-01 8.3051e-01 7.7826e-01 2.8571e-01 5.9341e-01 7.5000e-01 6.0000e-01 7.8778e-01 1.0000e+00 7.4545e-01 7.5000e-01 2.5000e-01 0.0000e+00 7.6061e-01 0.0000e+00 5.0000e-01 5.0000e-01 6.4935e-01 7.9225e-01 3.3333e-01 7.6630e-01 6.0000e-01 6.6667e-01 7.4214e-01 0.0000e+00 6.7123e-01 2.5000e-01
6.2500e-02 7.6923e-02 7.1429e-02 4.5000e-01 3.2558e-01 3.2353e-01 1.6667e-01 7.6923e-02 1.1111e-01 3.2812e-01 6.6667e-02 3.8065e-01 1.2821e-01 1.3514e-01 4.7200e-01 4.6429e-01 1.3953e-01 1.4634e-01 7.1429e-02 1.1765e-01 1.1111e-01 6.6527e-01 1.5385e-01 2.9688e-01 2.9630e-01 1.0714e-01 1.7143e-01 2.9730e-01 3.2432e-01 5.8025e-01 1.6667e-01 6.6667e-02 1.3889e-01 7.1429e-02 3.0435e-01 3.4211e-01 1.3158e-01 6.2927e-01 6.8421e-01 7.0270e-01 9.0909e-02 7.4074e-02 4.7436e-01 1.1111e-01 2.1053e-01 5.9412e-01 1.0714e-01 2.2581e-01 2.0513e-01 1.0526e-01
0.0000e+00 8.3333e-02 2.6562e-01 4.2424e-01 3.9623e-01 0.0000e+00 7.4603e-01 1.8421e-01 3.5172e-01 2.0690e-01 3.8776e-01 2.1429e-01 3.6250e-01 4.5662e-01 2.5000e-01 3.4615e-01 2.0370e-01 7.4074e-02 3.5606e-01 4.0000e-01 1.6667e-01 3.6735e-01 3.1818e-01 1.4815e-01 1.1111e-01 1.6129e-01 2.2500e-01 3.7895e-01 2.1053e-01 3.6364e-01 3.2258e-01 3.5897e-01 3.5088e-01 1.3333e-01 1.5385e-01 2.0000e-01 4.1667e-02 5.9434e-01 4.5833e-01 0.0000e+00 2.6389e-01 2.6230e-01 3.4375e-01 4.0000e-01 6.5196e-01 2.6923e-01 5.0320e-01 2.2222e-01 5.9917e-01 2.8125e-01
0.0000e+00 0.0000e+00 4.7619e-02 1.2500e-01 1.6667e-01 1.4286e-01 6.5000e-01 3.1250e-01 1.0714e-01 0.0000e+00 1.3333e-01 1.2500e-01 1.0714e-01 1.8919e-01 5.0000e-01 2.7778e-01 0.0000e+00 0.0000e+00 0.0000e+00 1.7143e-01 2.4324e-01 2.8571e-01 8.6957e-02 2.5641e-01 1.4815e-01 9.5238e-02 1.5385e-01 1.0714e-01 8.3333e-02 0.0000e+00 4.7619e-02 7.6923e-02 0.0000e+00 7.0897e-01 8.5451e-01 6.2500e-02 4.5455e-02 7.8199e-01 8.4615e-01 1.4286e-01 0.0000e+00 0.0000e+00 5.1515e-01 5.5556e-02 6.7073e-01 0.0000e+00 5.5556e-02 7.0686e-01 0.0000e+00 1.6667e-01
4.3478e-02 5.4054e-02 0.0000e+00 4.3478e-02 0.0000e+00 1.1538e-01 0.0000e+00 7.1429e-02 0.0000e+00 0.0000e+00 4.8243e-01 3.0303e-02 1.5663e-01 2.1186e-01 3.1373e-01 0.0000e+00 8.9286e-02 4.6512e-02 2.7027e-02 1.3433e-01 1.3462e-01 0.0000e+00 5.1282e-02 0.0000e+00 2.9412e-02 1.2000e-01 0.0000e+00 1.3043e-01 4.7619e-02 0.0000e+00 5.0000e-02 1.9512e-01 8.5106e-02 4.7619e-02 0.0000e+00 8.5714e-02 2.6316e-02 0.0000e+00 1.6667e-01 0.0000e+00 0.0000e+00 0.0000e+00 0.0000e+00 2.1978e-01 0.0000e+00 2.3529e-01 9.3023e-02 2.0755e-01 1.4815e-01 2.0000e-01
1.4286e-01 8.4174e-01 1.8750e-01 7.0588e-01 8.0000e-01 3.3333e-01 4.4444e-01 7.6386e-01 1.4286e-01 1.1111e-01 1.0000e+00 4.1379e-01 8.3333e-02 7.3356e-01 3.3333e-01 1.0000e+00 4.7458e-01 1.4286e-01 3.0435e-01 0.0000e+00 3.6364e-01 0.0000e+00 0.0000e+00 0.0000e+00 6.4407e-01 4.0000e-01 2.1429e-01 4.4898e-01 3.3333e-01 6.0000e-01 0.0000e+00 5.0000e-01 0.0000e+00 2.8571e-01 0.0000e+00 7.2222e-01 7.6073e-01 0.0000e+00 4.0000e-01 0.0000e+00 0.0000e+00 9.0909e-02 1.0000e+00 0.0000e+00 1.0000e+00 4.5455e-01 0.0000e+00 6.6667e-01 4.8571e-01 4.7826e-01
7.6923e-02 7.3171e-02 6.6667e-02 1.7073e-01 1.6216e-01 8.6957e-02 1.2500e-01 0.0000e+00 2.5641e-02 0.0000e+00 5.0530e-01 1.3793e-01 0.0000e+00 2.7027e-02 2.5373e-01 5.1376e-01 0.0000e+00 0.0000e+00 0.0000e+00 6.6667e-02 3.2258e-02 1.5789e-01 0.0000e+00 9.7561e-02 7.3171e-02 5.5556e-02 5.7143e-02 4.6512e-02 4.7619e-02 3.4000e-01 0.0000e+00 0.0000e+00 5.0000e-02 0.0000e+00 2.0690e-01 3.5714e-02 0.0000e+00 9.5238e-02 4.8780e-01 0.0000e+00 0.0000e+00 8.5106e-02 3.2911e-01 0.0000e+00 9.0909e-02 2.0930e-01 1.8056e-01 0.0000e+00 5.8824e-02 7.4074e-02
1.5789e-01 0.0000e+00 2.7778e-02 4.3478e-02 1.9048e-01 0.0000e+00 2.1739e-01 5.2632e-02 7.8431e-02 6.4516e-02 2.8767e-01 1.6176e-01 0.0000e+00 1.1667e-01 1.8182e-01 2.8571e-01 4.5455e-02 7.8431e-02 0.0000e+00 0.0000e+00 3.2258e-02 7.4074e-02 0.0000e+00 1.1364e-01 5.2632e-02 1.3208e-01 0.0000e+00 6.3830e-02 1.5625e-01 0.0000e+00 6.8182e-02 1.0714e-01 0.0000e+00 0.0000e+00 5.8824e-02 3.5714e-02 1.0345e-01 5.5556e-02 0.0000e+00 7.1429e-02 6.3830e-02 1.2069e-01 1.1538e-01 1.4286e-01 1.2500e-01 8.0000e-02 1.7391e-01 1.1765e-01 0.0000e+00 1.0000e-01
4.0000e-01 0.0000e+00 0.0000e+00 7.6923e-02 0.0000e+00 5.5385e-01 5.2174e-01 0.0000e+00 8.6957e-02 0.0000e+00 5.5914e-01 0.0000e+00 0.0000e+00 2.2500e-01 0.0000e+00 8.1728e-01 2.0000e-01 5.0000e-02 1.6667e-01 0.0000e+00 3.5593e-01 1.3333e-01 9.5238e-02 1.0526e-01 2.4324e-01 5.8824e-02 0.0000e+00 8.6957e-02 0.0000e+00 2.8571e-01 1.4815e-01 2.5000e-01 1.2500e-01 9.0909e-02 2.3077e-01 2.4138e-01 2.3913e-01 2.1429e-01 0.0000e+00 1.4286e-01 1.1538e-01 0.0000e+00 4.2424e-01 4.0909e-01 0.0000e+00 1.8750e-01 3.5484e-01 1.6667e-01 6.2500e-02 7.5595e-01
3.9130e-01 0.0000e+00 2.8125e-01 4.4828e-01 3.5000e-01 3.0769e-01 6.6667e-01 7.1429e-02 1.4286e-01 2.8571e-01 1.8182e-01 1.2500e-01 0.0000e+00 0.0000e+00 1.6667e-01 5.0000e-01 0.0000e+00 1.7391e-01 1.1765e-01 6.6667e-02 1.3333e-01 2.6667e-01 2.3077e-01 8.3333e-02 7.1429e-02 7.6923e-02 4.5763e-01 0.0000e+00 3.5294e-01 1.4286e-01 6.6667e-02 2.8571e-01 1.9048e-01 1.0000e+00 6.2500e-01 3.4615e-01 1.5000e-01 5.4545e-01 5.0000e-01 5.3333e-01 3.7931e-01 6.6667e-02 2.0000e-01 1.3333e-01 2.2222e-01 1.1111e-01 0.0000e+00 3.3333e-01 0.0000e+00 1.6667e-01
2.9032e-01 1.6129e-01 3.6434e-01 3.6364e-01 4.4286e-01 3.9474e-01 2.8571e-01 2.9231e-01 3.0851e-01 3.5593e-01 1.2500e-01 2.3256e-01 4.3478e-02 1.0714e-01 4.2647e-01 4.5238e-01 4.9973e-01 1.5789e-01 4.5455e-02 3.9896e-01 3.0508e-01 3.2432e-01 5.0000e-01 4.4720e-01 2.1429e-01 2.0000e-01 2.3077e-01 4.1544e-01 4.2857e-01 7.5486e-01 2.5862e-01 7.0820e-01 4.8966e-01 7.6923e-02 6.1628e-01 2.0000e-01 1.8605e-01 7.0588e-01 2.5000e-01 6.0870e-01 1.0000e-01 1.3333e-01 4.7541e-01 2.3077e-01 3.6667e-01 1.6667e-01 0.0000e+00 3.4783e-01 9.5238e-02 1.1765e-01
0.0000e+00 6.6667e-02 0.0000e+00 0.0000e+00 1.0000e-01 6.3934e-01 3.6364e-01 2.8125e-01 3.3333e-01 0.0000e+00 4.2308e-01 0.0000e+00 0.0000e+00 1.4286e-01 6.4220e-01 0.0000e+00 3.0612e-01 0.0000e+00 1.7391e-01 5.0289e-01 3.5897e-01 6.6929e-01 6.2741e-01 0.0000e+00 2.3077e-01 7.0670e-01 2.5000e-01 4.1758e-01 0.0000e+00 0.0000e+00 4.5545e-01 0.0000e+00 6.2500e-02 0.0000e+00 3.0000e-01 7.4718e-01 2.8205e-01 0.0000e+00 6.1538e-01 3.6364e-01 0.0000e+00 0.0000e+00 1.1111e-01 0.0000e+00 3.6364e-01 1.0000e-01 6.5977e-01 2.7778e-01 2.5000e-01 9.0909e-02
2.5000e-01 0.0000e+00 1.7391e-01 0.0000e+00 3.4783e-01 3.1250e-01 2.8571e-01 0.0000e+00 1.0000e-01 4.8333e-01 0.0000e+00 3.4884e-01 1.0000e-01 1.4286e-01 4.5946e-01 0.0000e+00 0.0000e+00 0.0000e+00 6.2500e-02 0.0000e+00 1.2500e-01 0.0000e+00 0.0000e+00 7.1429e-02 0.0000e+00 2.9032e-01 2.9032e-01 6.2477e-01 1.6667e-01 1.4286e-01 0.0000e+00 1.6667e-01 2.0000e-01 0.0000e+00 5.3846e-01 2.3810e-01 0.0000e+00 9.8580e-01 1.0000e+00 1.4286e-01 1.0000e-01 1.1111e-01 5.1515e-01 7.1429e-02 1.0000e+00 1.6667e-01 2.9032e-01 3.7037e-01 0.0000e+00 9.0909e-02
7.3947e-01 1.5000e-01 2.0690e-01 6.8586e-01 8.0200e-01 6.7816e-01 1.0000e+00 1.4286e-01 1.0000e-01 5.3763e-01 3.1579e-01 6.6038e-01 3.3333e-01 5.8824e-02 3.6000e-01 6.6102e-01 0.0000e+00 1.0000e-01 1.6667e-01 2.6316e-01 3.1429e-01 2.3529e-01 1.4286e-01 6.3615e-01 3.5849e-01 3.1579e-01 2.4000e-01 1.6000e-01 3.3333e-01 5.7143e-01 6.2500e-02 4.1379e-01 1.6667e-01 3.8095e-01 8.5714e-01 6.0500e-01 1.7857e-01 9.4799e-01 1.0000e+00 7.0000e-01 1.0000e-01 1.4286e-01 6.5823e-01 4.7778e-01 6.2000e-01 5.7377e-01 2.0833e-01 6.8775e-01 3.5714e-01 2.3529e-01
8.0000e-02 1.3208e-01 0.0000e+00 0.0000e+00 1.3333e-01 3.9048e-01 7.2400e-01 9.0909e-02 0.0000e+00 0.0000e+00 1.1111e-01 2.1348e-01 1.5584e-01 0.0000e+00 3.4959e-01 2.0000e-01 0.0000e+00 1.1864e-01 1.0000e-01 6.9767e-02 0.0000e+00 1.0714e-01 0.0000e+00 6.0606e-02 7.5000e-02 1.1364e-01 0.0000e+00 4.8780e-02 3.5227e-01 4.4186e-01 0.0000e+00 0.0000e+00 0.0000e+00 8.6957e-02 6.1982e-01 2.9752e-01 0.0000e+00 5.0602e-01 2.8000e-01 0.0000e+00 0.0000e+00 3.0328e-01 5.2632e-02 1.9718e-01 0.0000e+00 1.3793e-01 7.8947e-02 2.6087e-01 1.0000e-01 0.0000e+00
1.2500e-01 3.0303e-02 1.2698e-01 1.0000e-01 8.0000e-02 0.0000e+00 1.2500e-01 7.1429e-02 7.8431e-02 3.7037e-02 2.8767e-01 1.5625e-01 0.0000e+00 8.1633e-02 7.4074e-02 1.7857e-01 2.5000e-02 0.0000e+00 0.0000e+00 2.0000e-01 1.7647e-01 7.4074e-02 0.0000e+00 3.3333e-02 8.8889e-02 1.2000e-01 0.0000e+00 7.8431e-02 4.7619e-02 2.5000e-01 8.3333e-02 1.7949e-01 0.0000e+00 0.0000e+00 2.7500e-01 0.0000e+00 0.0000e+00 0.0000e+00 4.1176e-01 0.0000e+00 4.6512e-02 2.3077e-01 3.6000e-01 5.7143e-02 9.0909e-02 4.9466e-01 1.0638e-01 1.5000e-01 9.7561e-02 0.0000e+00
3.6957e-01 1.6129e-01 4.3542e-01 6.7509e-01 6.1261e-01 5.6731e-01 8.4735e-01 2.9231e-01 2.5758e-01 5.6939e-01 5.4745e-01 4.6875e-01 2.2222e-01 3.6364e-01 5.7831e-01 1.5385e-01 4.1534e-01 1.8605e-01 3.3333e-01 4.2424e-01 2.7451e-01 2.5926e-01 3.0263e-01 3.5897e-01 5.2097e-01 3.6264e-01 4.6190e-01 3.6054e-01 2.6087e-01 3.1579e-01 3.1395e-01 4.6377e-01 3.9634e-01 2.3810e-01 5.9211e-01 2.1875e-01 7.6923e-02 5.3226e-01 8.3333e-01 6.1364e-01 3.5252e-01 3.4615e-01 4.0476e-01 4.6396e-01 6.6184e-01 5.2041e-01 4.4878e-01 3.3333e-01 3.1034e-01 1.1765e-01
1.0000e-01 6.8966e-02 1.6981e-01 2.5641e-01 1.6000e-01 6.6667e-02 5.5000e-01 2.6437e-01 4.1555e-01 3.2500e-01 5.3750e-01 2.9412e-01 1.5385e-01 1.7857e-01 2.2857e-01 4.3548e-01 1.9444e-01 2.0833e-01 6.4516e-02 3.5714e-02 3.3858e-01 3.2143e-01 3.8462e-02 2.3214e-01 6.8966e-02 2.5714e-01 4.9899e-01 1.4286e-01 4.1096e-01 6.2766e-01 0.0000e+00 1.3636e-01 1.8182e-01 6.2500e-02 7.1621e-01 3.2967e-01 1.8033e-01 1.9048e-01 7.1134e-01 3.4783e-01 6.0606e-02 2.4051e-01 4.8361e-01 2.1154e-01 6.4740e-01 1.6667e-01 4.0753e-01 2.5581e-01 1.8605e-01 2.6190e-01
1.0000e-01 7.6923e-02 6.6667e-02 1.0000e-01 1.1111e-01 5.0000e-01 5.0000e-01 2.5000e-01 2.7273e-01 6.5035e-01 9.1927e-01 7.6923e-02 6.6667e-02 2.3077e-01 7.7178e-01 1.0000e+00 1.7391e-01 6.6667e-02 6.6667e-02 6.6667e-02 7.2357e-01 1.0000e-01 1.6667e-01 1.4286e-01 6.9780e-01 2.8000e-01 2.6087e-01 1.1111e-01 4.2105e-01 1.0000e+00 2.7586e-01 1.8182e-01 4.2857e-01 1.2500e-01 0.0000e+00 5.2459e-01 1.1111e-01 1.0000e+00 4.0000e-01 4.2857e-01 1.8182e-01 3.5000e-01 1.0000e+00 3.3333e-01 1.0000e+00 4.0000e-01 7.0338e-01 7.9858e-01 3.0769e-01 3.3333e-01
2.9167e-01 1.6000e-01 2.3077e-01 3.2143e-01 4.3182e-01 4.5946e-01 1.0000e+00 1.3043e-01 2.8814e-01 1.9048e-01 0.0000e+00 5.6080e-01 3.1429e-01 3.2353e-01 7.3903e-01 7.8857e-01 4.7619e-02 1.1538e-01 5.2632e-02 3.1884e-01 1.0526e-01 2.1053e-01 1.9355e-01 1.4286e-01 2.1212e-01 5.9655e-01 1.6667e-01 2.3256e-01 2.0000e-01 8.5329e-01 2.0588e-01 3.9394e-01 1.7241e-01 6.1905e-01 6.9892e-01 6.4368e-01 1.1538e-01 7.7778e-01 8.0000e-01 4.4444e-01 1.1538e-01 3.1667e-01 6.9347e-01 3.5593e-01 6.0811e-01 1.8750e-01 3.9241e-01 6.5574e-01 1.0526e-01 3.8462e-01
3.4667e-01 3.7037e-02 0.0000e+00 4.5771e-01 2.0588e-01 5.3629e-01 4.7917e-01 1.6000e-01 5.7143e-02 1.2903e-01 2.1212e-01 1.8519e-01 1.3462e-01 2.2353e-01 3.0645e-01 6.4569e-01 9.3023e-02 9.5238e-02 1.2766e-01 1.2766e-01 1.1429e-01 0.0000e+00 1.4583e-01 1.3514e-01 6.4516e-02 3.3951e-01 3.1034e-01 3.2258e-02 2.5714e-01 5.1685e-01 1.7241e-01 0.0000e+00 6.2500e-02 0.0000e+00 6.5924e-01 1.6216e-01 7.8947e-02 1.1765e-01 8.0610e-01 0.0000e+00 0.0000e+00 2.9577e-01 1.0526e-01 3.8462e-02 4.6000e-01 3.0769e-01 9.0909e-02 1.2000e-01 9.6774e-02 0.0000e+00
5.0000e-01 5.3333e-01 7.0485e-01 3.3333e-01 5.0000e-01 1.0000e+00 1.0000e+00 8.5950e-01 6.6129e-01 3.3333e-01 1.0000e+00 6.1429e-01 7.8964e-01 6.7816e-01 7.5000e-01 1.0000e+00 5.0000e-01 6.9291e-01 6.1386e-01 5.8228e-01 6.2500e-01 6.6667e-01 6.0494e-01 7.4046e-01 2.5000e-01 6.8868e-01 3.3333e-01 3.4615e-01 1.0000e+00 5.0000e-01 6.3208e-01 6.6667e-01 7.0157e-01 7.5000e-01 1.0000e+00 6.6667e-01 5.3846e-01 4.2857e-01 0.0000e+00 8.5714e-01 6.8872e-01 3.9286e-01 1.0000e+00 7.4405e-01 1.0000e+00 0.0000e+00 6.8000e-01 6.6667e-01 5.9615e-01 6.0000e-01
1.2500e-01 0.0000e+00 0.0000e+00 1.4286e-01 0.0000e+00 1.9444e-01 1.5789e-01 0.0000e+00 1.6667e-01 1.3636e-01 4.5455e-02 1.8750e-01 0.0000e+00 0.0000e+00 0.0000e+00 2.9412e-01 0.0000e+00 0.0000e+00 0.0000e+00 0.0000e+00 9.5238e-02 1.4286e-01 0.0000e+00 3.3333e-02 0.0000e+00 0.0000e+00 0.0000e+00 4.6512e-02 4.7619e-02 0.0000e+00 2.3571e-01 1.0714e-01 1.6667e-01 0.0000e+00 2.8571e-01 1.0526e-01 0.0000e+00 0.0000e+00 0.0000e+00 1.6667e-01 0.0000e+00 0.0000e+00 3.7719e-01 3.9813e-01 1.4815e-01 1.5152e-01 5.5556e-02 9.6774e-02 0.0000e+00 0.0000e+00
1.0000e+00 8.7097e-01 7.7273e-01 3.3333e-01 1.0000e+00 1.0000e+00 1.0000e+00 7.5000e-01 7.2277e-01 1.0000e+00 1.0000e+00 6.6667e-01 8.1641e-01 8.1481e-01 1.0000e+00 1.0000e+00 8.1707e-01 8.5122e-01 1.0000e+00 9.1328e-01 1.0000e+00 5.0000e-01 8.6885e-01 6.6667e-01 6.6667e-01 1.0000e+00 7.1429e-01 7.7124e-01 8.3333e-01 1.0000e+00 8.4615e-01 1.0000e+00 7.3684e-01 1.0000e+00 1.0000e+00 1.0000e+00 9.1962e-01 7.5000e-01 1.0000e+00 1.0000e+00 8.0184e-01 1.0000e+00 1.0000e+00 1.0000e+00 1.0000e+00 1.0000e+00 6.6667e-01 7.5000e-01 8.5294e-01 1.0000e+00
1.7073e-01 0.0000e+00 0.0000e+00 1.8182e-01 0.0000e+00 1.9444e-01 2.1739e-01 1.4286e-01 6.3830e-02 3.5498e-01 4.5455e-02 0.0000e+00 9.0909e-02 0.0000e+00 4.9216e-01 9.5238e-02 8.9286e-02 3.2984e-01 2.4324e-01 2.0690e-01 2.8205e-01 0.0000e+00 0.0000e+00 3.0000e-01 5.2632e-02 1.3208e-01 2.5620e-01 2.5641e-02 0.0000e+00 6.2500e-02 0.0000e+00 2.5000e-01 3.0612e-01 0.0000e+00 2.2581e-01 3.2184e-01 4.7619e-02 5.5556e-02 5.3390e-01 2.5000e-01 0.0000e+00 2.8814e-01 4.3005e-01 9.5238e-02 4.8746e-01 1.3333e-01 3.6555e-01 4.1667e-02 0.0000e+00 3.0208e-01
2.3810e-01 0.0000e+00 1.2000e-01 3.6842e-01 3.0769e-01 8.0198e-01 1.0000e+00 3.9216e-01 4.7619e-02 6.6667e-02 5.6311e-01 4.3511e-01 1.7143e-01 2.9508e-01 4.1667e-01 4.3333e-01 1.3333e-01 1.3793e-01 2.4444e-01 8.6957e-02 2.8889e-01 4.6774e-01 5.2632e-02 5.8787e-01 4.3836e-01 4.4531e-01 2.0690e-01 2.5000e-01 4.3243e-01 0.0000e+00 9.0909e-02 4.2857e-01 3.5714e-01 1.4286e-01 6.3768e-01 4.6078e-01 4.0132e-01 4.7222e-01 0.0000e+00 6.6667e-01 4.7619e-02 1.6667e-01 8.0360e-01 2.7500e-01 3.0000e-01 1.8750e-01 4.0625e-01 4.5161e-01 1.3636e-01 3.9535e-01
1.0000e+00 8.8110e-01 8.3936e-01 0.0000e+00 5.0000e-01 1.0000e+00 7.5000e-01 0.0000e+00 5.8182e-01 0.0000e+00 0.0000e+00 8.1395e-01 8.4365e-01 8.8292e-01 1.0000e+00 1.0000e+00 3.1579e-01 8.6945e-01 0.0000e+00 8.6364e-01 1.6667e-01 1.0000e+00 2.8571e-01 7.5000e-01 8.9030e-01 5.0000e-01 5.3846e-01 6.8966e-01 5.0000e-01 1.0000e+00 0.0000e+00 5.0000e-01 0.0000e+00 8.0000e-01 1.0000e+00 1.0000e+00 1.6667e-01 1.0000e+00 1.0000e+00 0.0000e+00 6.6667e-01 5.8140e-01 1.0000e+00 0.0000e+00 1.0000e+00 0.0000e+00 3.3333e-01 1.0000e+00 3.7500e-01 1.0000e+00
0.0000e+00 5.0000e-01 9.4193e-01 1.0000e+00 8.0000e-01 1.0000e+00 1.0000e+00 8.3784e-01 6.9474e-01 4.2857e-01 1.0000e+00 1.0000e+00 7.4265e-01 8.4158e-01 1.0000e+00 1.0000e+00 7.5806e-01 8.5294e-01 7.3333e-01 6.9880e-01 1.0000e+00 1.0000e+00 7.4510e-01 1.0000e+00 1.0000e+00 1.0000e+00 1.0000e+00 7.9661e-01 6.6667e-01 0.0000e+00 9.8148e-01 6.6667e-01 8.2775e-01 1.0000e+00 1.0000e+00 5.0000e-01 7.4419e-01 1.0000e+00 1.0000e+00 6.6667e-01 6.0377e-01 7.8571e-01 1.0000e+00 1.0000e+00 1.0000e+00 1.0000e+00 6.6667e-01 1.0000e+00 7.9861e-01 0.0000e+00
6.9779e-01 8.3333e-02 3.6620e-01 0.0000e+00 2.4000e-01 1.3333e-01 1.8182e-01 1.3333e-01 1.0000e-01 2.6316e-01 3.7209e-01 0.0000e+00 1.3889e-01 3.3019e-01 3.2500e-01 0.0000e+00 9.6774e-02 0.0000e+00 3.2323e-01 4.3478e-02 5.4070e-01 1.5789e-01 3.6134e-01 9.0909e-02 4.3668e-01 2.4444e-01 9.0909e-02 1.3889e-01 2.1053e-01 2.1429e-01 2.7941e-01 7.1429e-02 8.0000e-02 7.6923e-02 2.7778e-01 5.5556e-02 4.1667e-02 0.0000e+00 0.0000e+00 1.1111e-01 0.0000e+00 3.6641e-01 1.3333e-01 2.0000e-01 5.7426e-01 6.3174e-01 4.1667e-01 6.3529e-01 2.8846e-01 3.2500e-01
1.0000e+00 1.0000e+00 9.0323e-01 1.0000e+00 1.0000e+00 1.0000e+00 1.0000e+00 9.2857e-01 9.6164e-01 1.0000e+00 1.0000e+00 1.0000e+00 8.8550e-01 9.3750e-01 1.0000e+00 1.0000e+00 8.3660e-01 9.6269e-01 8.9205e-01 1.0000e+00 1.0000e+00 1.0000e+00 8.8095e-01 1.0000e+00 1.0000e+00 1.0000e+00 1.0000e+00 9.6834e-01 5.0000e-01 1.0000e+00 8.1081e-01 8.7500e-01 8.6667e-01 1.0000e+00 1.0000e+00 1.0000e+00 9.4089e-01 5.0000e-01 1.0000e+00 1.0000e+00 9.6937e-01 9.2308e-01 1.0000e+00 1.0000e+00 1.0000e+00 1.0000e+00 1.0000e+00 1.0000e+00 1.0000e+00 1.0000e+00
0.0000e+00 0.0000e+00 2.7778e-02 0.0000e+00 2.8947e-01 8.6957e-02 3.0303e-01 2.9412e-02 1.2121e-01 2.4390e-01 0.0000e+00 5.4054e-02 6.3830e-02 8.1633e-02 1.3889e-01 3.4783e-01 1.1765e-01 0.0000e+00 6.6667e-02 6.6667e-02 2.8205e-01 1.9565e-01 0.0000e+00 3.3333e-02 5.2632e-02 5.5556e-02 2.7007e-01 1.5000e-01 1.7647e-01 3.0952e-01 6.8182e-02 2.5000e-01 0.0000e+00 0.0000e+00 1.3636e-01 1.4583e-01 4.7619e-02 0.0000e+00 3.8636e-01 0.0000e+00 0.0000e+00 0.0000e+00 3.1507e-01 0.0000e+00 3.1148e-01 2.0930e-01 0.0000e+00 1.1765e-01 0.0000e+00 1.8182e-01
4.3478e-02 5.4054e-02 8.3333e-02 0.0000e+00 4.5455e-02 2.1053e-01 6.1468e-01 1.5942e-01 2.5641e-02 8.8235e-02 2.7273e-01 5.4054e-02 0.0000e+00 1.6867e-01 4.1667e-02 1.5385e-01 1.5730e-01 2.9825e-01 8.1633e-02 1.2500e-01 7.6923e-02 0.0000e+00 3.3987e-01 1.1364e-01 8.8889e-02 1.3208e-01 1.8310e-01 2.5641e-02 4.7619e-02 2.7778e-01 1.1864e-01 4.5455e-02 0.0000e+00 0.0000e+00 3.4483e-01 2.1622e-01 9.2593e-02 2.5000e-01 1.2500e-01 7.0168e-01 0.0000e+00 2.7778e-02 1.1538e-01 1.0870e-01 1.7241e-01 1.8421e-01 1.0638e-01 3.4286e-01 1.1111e-01 4.1667e-02
2.9412e-01 7.3171e-02 1.1864e-01 3.8889e-01 1.6216e-01 3.3750e-01 3.3333e-01 1.2500e-01 1.2121e-01 2.4706e-01 8.0000e-02 3.7895e-01 2.5641e-02 1.8280e-01 3.9367e-01 5.9320e-01 1.7172e-01 1.8447e-01 6.6667e-02 1.4085e-01 3.3569e-01 2.1569e-01 1.6883e-01 5.8824e-02 2.8986e-01 1.5873e-01 2.3810e-01 2.1481e-01 2.2727e-01 6.1395e-01 1.7647e-01 2.3529e-01 2.3913e-01 8.3333e-02 4.4715e-01 3.6519e-01 1.6854e-01 3.7037e-01 5.1923e-01 2.6923e-01 1.8447e-01 1.7284e-01 3.7500e-01 1.9481e-01 4.1406e-01 4.2273e-01 1.7391e-01 9.6774e-02 1.5789e-01 2.4194e-01
0.0000e+00 0.0000e+00 3.3953e-01 3.3846e-01 5.3778e-01 5.5720e-01 4.8889e-01 0.0000e+00 1.5094e-01 8.3333e-02 2.8889e-01 1.1429e-01 1.0000e-01 2.3529e-01 5.1136e-01 3.9623e-01 1.2500e-01 2.7049e-01 8.3333e-02 8.3333e-02 7.1429e-02 1.5385e-01 2.4390e-01 2.5373e-01 3.8462e-02 7.1429e-02 5.0252e-01 1.4000e-01 2.5000e-01 5.4167e-01 1.6000e-01 1.0000e-01 3.8592e-01 6.2500e-02 0.0000e+00 1.7949e-01 1.7742e-01 1.5789e-01 1.5385e-01 5.8108e-01 2.7820e-01 2.2222e-01 1.1111e-01 5.0305e-01 2.3077e-01 5.8824e-02 3.4591e-01 4.2143e-01 1.7073e-01 2.4390e-01
1.5789e-01 3.0303e-02 1.4286e-01 0.0000e+00 1.0714e-01 0.0000e+00 0.0000e+00 2.1698e-01 1.6092e-01 0.0000e+00 8.0000e-02 9.0909e-02 4.6512e-02 1.2698e-01 2.9213e-01 1.7857e-01 2.5000e-02 0.0000e+00 2.7027e-02 2.7027e-02 2.1176e-01 1.4286e-01 6.9767e-02 0.0000e+00 1.6667e-01 0.0000e+00 3.2258e-02 2.5641e-02 1.3793e-01 1.9231e-01 1.6456e-01 1.0714e-01 8.5106e-02 0.0000e+00 1.8519e-01 1.0526e-01 0.0000e+00 9.5238e-02 2.0000e-01 0.0000e+00 0.0000e+00 2.7778e-02 2.7586e-01 1.2245e-01 0.0000e+00 1.0714e-01 1.8667e-01 4.1667e-02 5.8824e-02 4.1667e-02
5.7065e-01 8.6957e-02 2.7419e-01 7.0866e-01 2.8571e-01 2.5000e-01 6.8254e-01 2.6415e-01 2.9630e-01 3.1111e-01 5.0575e-01 2.7778e-01 2.5397e-01 4.0000e-01 5.0877e-01 5.2632e-01 3.3051e-01 4.3478e-02 3.1765e-01 8.0000e-02 5.2133e-01 6.2467e-01 2.8571e-01 3.2787e-01 2.3256e-01 2.8846e-01 2.8571e-01 1.0345e-01 2.9167e-01 5.9322e-01 2.7419e-01 5.5285e-01 1.1111e-01 3.6364e-01 5.3191e-01 2.9545e-01 1.0345e-01 1.5385e-01 6.7647e-01 6.0976e-01 4.9547e-01 1.7143e-01 5.7522e-01 3.1034e-01 3.5714e-01 2.6087e-01 2.9825e-01 2.9412e-01 3.9130e-01 0.0000e+00
2.0833e-01 5.4054e-02 6.6667e-02 2.9545e-01 2.2000e-01 1.1538e-01 2.5926e-01 1.0204e-01 6.3830e-02 2.5000e-01 2.0455e-01 2.7160e-01 1.4474e-01 1.6250e-01 3.8500e-01 9.5238e-02 1.3333e-01 1.8627e-01 2.2308e-01 1.9000e-01 7.6923e-02 1.4286e-01 1.5714e-01 1.7460e-01 2.5517e-01 2.1348e-01 2.3232e-01 4.6512e-02 3.6449e-01 5.2582e-01 8.3333e-02 2.2449e-01 6.9767e-02 1.5625e-01 4.3636e-01 2.1127e-01 4.7619e-02 5.7250e-01 6.2654e-01 0.0000e+00 2.1481e-01 2.7778e-02 3.7037e-01 1.7647e-01 0.0000e+00 3.5135e-01 1.6667e-01 1.5000e-01 5.8824e-02 2.1154e-01
3.1250e-01 1.7647e-01 7.1429e-02 4.0909e-01 7.2034e-01 0.0000e+00 1.0000e+00 0.0000e+00 2.7586e-01 8.5750e-01 1.8182e-01 3.7143e-01 4.5455e-01 0.0000e+00 1.8182e-01 5.0000e-01 1.8182e-01 0.0000e+00 1.2500e-01 3.8298e-01 3.7500e-01 0.0000e+00 2.2727e-01 2.3529e-01 2.9630e-01 3.8889e-01 1.8750e-01 4.4118e-01 5.9459e-01 5.0000e-01 1.6667e-01 2.0000e-01 7.2822e-01 4.7368e-01 0.0000e+00 7.1171e-01 7.1429e-02 0.0000e+00 1.0000e+00 0.0000e+00 0.0000e+00 4.8649e-01 5.0000e-01 5.4430e-01 1.0000e+00 2.8571e-01 3.4483e-01 2.6667e-01 1.8750e-01 3.3333e-01
