2.3000e+01 4.0000e+00 6.0000e+00 6.1000e+01 8.4000e+01 2.1000e+01 1.1000e+01 1.6000e+01 3.5770e+03 6.3010e+03
6.0000e+00 3.1000e+01 5.0000e+00 6.1470e+03 5.5000e+01 1.5000e+01 3.1000e+01 9.0000e+00 7.0000e+00 3.4210e+03
1.4180e+03 9.0000e+00 5.0000e+00 2.8000e+01 8.0480e+03 3.3000e+01 1.0250e+03 6.2800e+02 1.9000e+01 2.1000e+01
1.4000e+01 7.0000e+00 1.2000e+01 4.0000e+00 1.4400e+02 9.9240e+03 4.0000e+00 2.3000e+01 8.0000e+00 3.0000e+00
8.0000e+00 2.3000e+01 8.9890e+03 1.1000e+02 2.4000e+01 2.6000e+01 8.0000e+00 1.0400e+02 2.1000e+01 2.2000e+01
7.8000e+01 1.1000e+01 7.0000e+00 9.0000e+00 1.1900e+02 1.4000e+01 8.9000e+03 5.4400e+02 2.2000e+01 3.8000e+01
8.3070e+03 1.7000e+01 1.0000e+01 9.0000e+00 1.2750e+03 7.9000e+01 3.7000e+01 1.5000e+01 7.9000e+01 8.8000e+01
3.6000e+01 1.0400e+03 7.6700e+02 1.8000e+01 1.2000e+01 2.6000e+01 2.1000e+01 8.4760e+03 2.0000e+01 7.0000e+00
1.3000e+01 1.4000e+01 1.4000e+01 3.5690e+03 1.9900e+02 1.3000e+01 3.4000e+01 1.2600e+02 6.3040e+03 5.0000e+01
7.0000e+00 8.8330e+03 1.3000e+01 9.0000e+00 1.2000e+01 1.3000e+01 1.0000e+01 2.7000e+01 5.6000e+01 6.0000e+01
