2.1000e+01 0.0000e+00 1.0000e+00 4.2000e+01 4.8000e+01 9.0000e+00 4.0000e+00 5.0000e+00 3.2870e+03 6.1090e+03
1.0000e+00 1.9000e+01 0.0000e+00 6.1300e+03 2.8000e+01 5.0000e+00 1.9000e+01 1.0000e+00 0.0000e+00 3.3140e+03
1.3820e+03 5.0000e+00 0.0000e+00 1.4000e+01 6.3130e+03 1.7000e+01 9.9100e+02 4.9700e+02 7.0000e+00 9.0000e+00
1.2000e+01 5.0000e+00 9.0000e+00 0.0000e+00 9.5000e+01 9.7010e+03 0.0000e+00 1.0000e+01 1.0000e+00 3.0000e+00
0.0000e+00 9.0000e+00 7.9350e+03 6.7000e+01 5.0000e+00 9.0000e+00 0.0000e+00 5.6000e+01 6.0000e+00 7.0000e+00
5.6000e+01 4.0000e+00 1.0000e+00 1.0000e+00 6.9000e+01 4.0000e+00 8.6170e+03 4.2300e+02 9.0000e+00 2.1000e+01
6.9060e+03 5.0000e+00 1.0000e+00 0.0000e+00 7.9900e+02 4.2000e+01 1.7000e+01 2.0000e+00 4.1000e+01 5.0000e+01
2.0000e+01 1.0020e+03 7.3300e+02 6.0000e+00 1.0000e+00 1.1000e+01 9.0000e+00 7.0140e+03 7.0000e+00 0.0000e+00
2.0000e+00 3.0000e+00 3.0000e+00 2.7120e+03 9.9000e+01 1.0000e+00 1.4000e+01 6.5000e+01 4.6600e+03 2.3000e+01
0.0000e+00 8.7820e+03 4.0000e+00 1.0000e+00 1.0000e+00 3.0000e+00 2.0000e+00 1.0000e+01 3.2000e+01 3.7000e+01
