7.2727e-01 5.6667e-01 1.0000e+00 8.0208e-01 4.4444e-01 0.0000e+00 1.4286e-01 0.0000e+00 9.7797e-01 1.0000e+00 9.3333e-01 9.5455e-01 7.3333e-01 8.9869e-01 7.4227e-01 3.2000e-01 7.9651e-01 3.0769e-01 6.8226e-01 4.0000e-01 4.2857e-01 9.6957e-01 9.5403e-01 9.9371e-01 4.8000e-01 8.5714e-01 8.7500e-01 5.3448e-01 5.7143e-01 8.8233e-01 6.6667e-01 6.3636e-01 8.7987e-01 9.0000e-01 4.0000e-01 5.8333e-01 8.8662e-01 7.5652e-01 5.2000e-01 9.3485e-01 9.2339e-01 3.8889e-01 1.0000e+00 9.5775e-01 3.8889e-01 0.0000e+00 3.9286e-01 0.0000e+00 3.8095e-01 8.3333e-01
1.2903e-01 2.9545e-01 5.5013e-01 4.3478e-02 1.0000e-01 1.5152e-01 4.5455e-02 4.1000e-01 1.5000e-01 4.2520e-01 1.9048e-01 8.3333e-02 2.3810e-01 6.8966e-02 5.5477e-01 5.2632e-02 3.2824e-01 4.1394e-01 3.9651e-01 1.7797e-01 2.4444e-01 4.8947e-01 4.1228e-01 9.6774e-02 4.1644e-01 4.4162e-01 1.2000e-01 2.0238e-01 4.8496e-01 1.4583e-01 2.5000e-01 5.1748e-01 2.1127e-01 1.2000e-01 2.9310e-01 4.8996e-01 2.0370e-01 9.6774e-02 2.5373e-01 1.6279e-01 9.3750e-02 7.1429e-02 5.9123e-01 4.1392e-01 1.7391e-01 1.9048e-01 3.2258e-02 0.0000e+00 3.7037e-02 4.8983e-01
8.5819e-01 6.3492e-01 9.9237e-01 2.5000e-01 0.0000e+00 3.7500e-01 1.0000e+00 6.4151e-01 2.6667e-01 2.9412e-01 9.5034e-01 0.0000e+00 2.3077e-01 1.0000e-01 5.2941e-01 0.0000e+00 2.6667e-01 0.0000e+00 5.9155e-01 4.0260e-01 1.4286e-01 1.6667e-01 6.4198e-01 0.0000e+00 7.4346e-01 4.6667e-01 6.4286e-01 2.9167e-01 9.3103e-01 2.0000e-01 7.5000e-01 1.0000e+00 8.1508e-01 4.7059e-01 2.2222e-01 6.7164e-01 1.0000e-01 5.9677e-01 1.8182e-01 8.1429e-01 1.6667e-01 3.1579e-01 0.0000e+00 5.5000e-01 3.9130e-01 2.8571e-01 0.0000e+00 9.8315e-01 4.5946e-01 9.1224e-01
2.7273e-01 3.6111e-01 0.0000e+00 7.6923e-02 1.3333e-01 5.3947e-01 1.4286e-01 1.4286e-01 7.1429e-02 7.6923e-02 4.1463e-01 5.5844e-01 3.5897e-01 5.2500e-01 0.0000e+00 9.0909e-02 0.0000e+00 3.4146e-01 2.7273e-01 4.9916e-01 7.1154e-01 4.2593e-01 4.4262e-01 6.2776e-01 7.1168e-01 7.0089e-01 7.2535e-01 6.3142e-01 4.5833e-01 4.8361e-01 8.5306e-01 5.7798e-01 5.1299e-01 7.8077e-01 7.2297e-01 6.0274e-01 2.2727e-01 4.8193e-01 7.4860e-01 3.6585e-01 3.7778e-01 5.4930e-01 3.0000e-01 1.3333e-01 5.9740e-01 7.8302e-01 6.2680e-01 3.7500e-01 5.5276e-01 5.3247e-01
6.8919e-01 4.7727e-01 6.0274e-01 3.8462e-01 4.8980e-01 5.4167e-01 5.4000e-01 7.3305e-01 0.0000e+00 5.0000e-01 7.4098e-01 6.3158e-01 8.1117e-01 4.0541e-01 3.4783e-01 3.7705e-01 8.0177e-01 5.2857e-01 4.9776e-01 5.7538e-01 6.5333e-01 5.4167e-01 1.4286e-01 3.6667e-01 3.5714e-01 3.1250e-01 9.1348e-01 4.7475e-01 8.2961e-01 3.1034e-01 5.0000e-01 7.3554e-01 5.0602e-01 2.6667e-01 9.1574e-01 7.8479e-01 6.5217e-01 4.4186e-01 5.7647e-01 3.3333e-01 5.4321e-01 6.1871e-01 2.3077e-01 9.0909e-02 3.7500e-01 4.8718e-01 5.6938e-01 4.0741e-01 6.2255e-01 8.5315e-01
1.0000e+00 1.0000e+00 1.0000e+00 9.5000e-01 9.3750e-01 3.0000e-01 6.8966e-01 9.5455e-01 8.2587e-01 9.4737e-01 6.9231e-01 6.8750e-01 9.7143e-01 8.2251e-01 5.9459e-01 8.3333e-02 7.4000e-01 7.6923e-02 6.6919e-01 7.1429e-02 1.0000e+00 1.0000e+00 9.9601e-01 9.8435e-01 1.0000e+00 8.5714e-01 1.0000e+00 5.9770e-01 1.0000e+00 0.0000e+00 1.0000e+00 6.0000e-01 5.3659e-01 7.7778e-01 1.0000e+00 1.0000e+00 9.1078e-01 9.6497e-01 9.8182e-01 9.9436e-01 9.4015e-01 9.6261e-01 1.0000e+00 9.6610e-01 9.9000e-01 6.0526e-01 3.8462e-01 8.8889e-01 5.0000e-01 5.0000e-01
9.7510e-01 1.1111e-01 9.2857e-01 7.1277e-01 9.1674e-01 2.2222e-01 9.5385e-01 9.6506e-01 3.8095e-01 9.0527e-01 1.1111e-01 0.0000e+00 1.0000e-01 3.9130e-01 2.0000e-01 7.4577e-01 7.5481e-01 0.0000e+00 6.6667e-02 5.2941e-01 7.8947e-01 0.0000e+00 4.4444e-01 3.3333e-01 7.8571e-01 3.0000e-01 0.0000e+00 5.1351e-01 7.0588e-01 3.0000e-01 2.0000e-01 7.5676e-01 2.0000e-01 0.0000e+00 0.0000e+00 8.6199e-01 3.8095e-01 1.0000e-01 6.4179e-01 7.5587e-01 8.0426e-01 2.1429e-01 9.7222e-01 1.8182e-01 1.6667e-01 2.8571e-01 3.0435e-01 9.6970e-01 7.9354e-01 1.1111e-01
2.0000e-01 5.2857e-01 6.7089e-01 9.0909e-02 7.0223e-01 3.4783e-01 4.2424e-01 5.3448e-01 6.4602e-01 5.7895e-01 4.6341e-01 8.1305e-01 2.2222e-01 7.6625e-01 5.8025e-01 5.0935e-01 5.7391e-01 3.3871e-01 5.2632e-02 4.8539e-01 8.2609e-01 4.3478e-01 3.0769e-01 2.7273e-01 1.7647e-01 3.1579e-01 8.4211e-01 5.4321e-01 8.2960e-01 2.7586e-01 6.0656e-01 5.0000e-01 6.7434e-01 8.8267e-01 7.8086e-01 8.1965e-01 0.0000e+00 4.3478e-01 5.9664e-01 0.0000e+00 5.6303e-01 3.2143e-01 0.0000e+00 2.8571e-01 3.8889e-01 6.7742e-01 5.8044e-01 2.7778e-01 7.3710e-01 7.9159e-01
6.0000e-01 9.2091e-01 6.6667e-01 9.4629e-01 7.1429e-01 8.7755e-01 7.0886e-01 3.3333e-01 5.0000e-01 6.0345e-01 6.9333e-01 6.0000e-01 6.3889e-01 6.7890e-01 6.8421e-01 3.6842e-01 6.0000e-01 3.9216e-01 6.4070e-01 4.5763e-01 6.6667e-01 5.3659e-01 7.8007e-01 3.8095e-01 6.0656e-01 6.6667e-01 9.0909e-01 5.8594e-01 8.1548e-01 8.1449e-01 2.0000e-01 5.8974e-01 6.9725e-01 8.1818e-01 8.1250e-01 6.6129e-01 8.9683e-01 6.2319e-01 4.0909e-01 4.4444e-01 6.1842e-01 5.6863e-01 7.3684e-01 9.2463e-01 7.1223e-01 7.0130e-01 7.8180e-01 6.1364e-01 6.7361e-01 7.3737e-01
6.2921e-01 7.6923e-02 7.1886e-01 7.6923e-02 1.2500e-01 7.9614e-01 8.3333e-02 0.0000e+00 0.0000e+00 5.1064e-01 5.5769e-01 8.1133e-01 2.8571e-01 4.2623e-01 0.0000e+00 2.0588e-01 5.9649e-01 3.0159e-01 4.6602e-01 5.0175e-01 8.3027e-01 2.5000e-01 5.4676e-01 2.8571e-01 4.8864e-01 8.3429e-01 8.0645e-01 5.3708e-01 4.1026e-01 5.6071e-01 6.3810e-01 6.2424e-01 6.2500e-02 5.3448e-01 4.4737e-01 8.3333e-02 1.2500e-01 3.5897e-01 6.5602e-01 2.2727e-01 5.7944e-01 5.4135e-01 4.8889e-01 2.9630e-01 6.0949e-01 5.5670e-01 5.7274e-01 6.7937e-01 5.3049e-01 6.0432e-01
