8.0000e+00 1.7000e+01 6.0000e+00 7.7000e+01 8.0000e+00 0.0000e+00 1.0000e+00 0.0000e+00 5.3260e+03 3.3000e+01 1.4000e+01 2.1000e+01 6.6000e+01 7.5400e+02 7.2000e+01 8.0000e+00 1.3700e+02 8.0000e+00 3.5000e+02 2.2000e+01 3.0000e+00 3.6010e+03 3.8190e+03 4.7430e+03 1.2000e+01 1.2000e+01 7.0000e+00 3.1000e+01 4.0000e+00 2.7370e+03 6.0000e+00 7.0000e+00 2.1240e+03 9.0000e+00 6.0000e+00 7.0000e+00 4.7700e+02 8.7000e+01 1.3000e+01 1.8080e+03 1.8200e+03 7.0000e+00 1.7000e+01 6.8000e+01 7.0000e+00 0.0000e+00 1.1000e+01 0.0000e+00 8.0000e+00 1.0000e+01
4.0000e+00 2.6000e+01 2.1070e+03 1.0000e+00 3.0000e+00 5.0000e+00 1.0000e+00 8.2000e+01 6.0000e+00 1.6200e+02 8.0000e+00 2.0000e+00 1.5000e+01 2.0000e+00 3.0790e+03 2.0000e+00 4.3000e+01 2.2680e+03 1.4080e+03 2.1000e+01 1.1000e+01 7.9000e+02 1.4100e+02 3.0000e+00 1.5200e+02 8.7000e+01 3.0000e+00 1.7000e+01 2.7400e+02 7.0000e+00 1.1000e+01 5.9200e+02 1.5000e+01 3.0000e+00 1.7000e+01 3.6600e+02 1.1000e+01 3.0000e+00 1.7000e+01 7.0000e+00 3.0000e+00 2.0000e+00 3.3700e+03 1.1300e+02 8.0000e+00 8.0000e+00 1.0000e+00 0.0000e+00 1.0000e+00 3.1300e+02
3.5100e+02 4.0000e+01 1.3000e+03 3.0000e+00 0.0000e+00 6.0000e+00 5.7200e+03 3.4000e+01 4.0000e+00 5.0000e+00 5.1670e+03 0.0000e+00 3.0000e+00 1.0000e+00 1.8000e+01 0.0000e+00 4.0000e+00 0.0000e+00 1.6800e+02 3.1000e+01 1.0000e+00 2.0000e+00 5.2000e+01 0.0000e+00 1.4200e+02 7.0000e+00 1.8000e+01 7.0000e+00 3.2400e+02 3.0000e+00 9.0000e+00 4.3120e+03 1.7940e+03 8.0000e+00 2.0000e+00 4.5000e+01 1.0000e+00 3.7000e+01 2.0000e+00 3.9900e+02 2.0000e+00 6.0000e+00 0.0000e+00 2.2000e+01 9.0000e+00 4.0000e+00 0.0000e+00 5.6010e+03 1.7000e+01 7.9000e+02
6.0000e+00 1.3000e+01 0.0000e+00 1.0000e+00 2.0000e+00 4.1000e+01 2.0000e+00 2.0000e+00 1.0000e+00 1.0000e+00 1.7000e+01 4.3000e+01 1.4000e+01 6.3000e+01 0.0000e+00 2.0000e+00 0.0000e+00 2.8000e+01 1.5000e+01 5.9500e+02 1.8500e+02 2.3000e+01 2.7000e+01 1.9900e+02 1.4020e+03 1.5700e+02 2.0600e+02 2.9980e+03 2.2000e+01 5.9000e+01 4.8710e+03 6.3000e+01 7.9000e+01 6.6600e+02 2.1400e+02 8.8000e+01 5.0000e+00 4.0000e+01 3.7520e+03 1.5000e+01 1.7000e+01 7.8000e+01 6.0000e+00 2.0000e+00 1.3800e+02 4.2620e+03 1.2630e+03 1.2000e+01 1.1000e+02 4.1000e+01
1.0200e+02 2.1000e+01 4.4000e+01 1.0000e+01 2.4000e+01 2.6000e+01 2.7000e+01 1.7300e+02 0.0000e+00 2.8000e+01 2.2600e+02 4.8000e+01 4.3130e+03 1.5000e+01 8.0000e+00 2.3000e+01 3.9960e+03 1.4800e+02 1.1100e+02 1.5190e+03 4.9000e+01 3.9000e+01 2.0000e+00 1.1000e+01 1.0000e+01 5.0000e+00 3.1040e+03 4.7000e+01 1.0760e+03 9.0000e+00 1.6000e+01 1.7800e+02 4.2000e+01 4.0000e+00 4.6300e+03 4.8500e+02 1.2000e+02 1.9000e+01 4.9000e+01 9.0000e+00 4.4000e+01 8.6000e+01 3.0000e+00 1.0000e+00 1.2000e+01 1.9000e+01 1.1900e+02 1.1000e+01 1.2700e+02 2.5970e+03
8.0000e+00 5.5000e+01 5.0000e+00 5.7000e+01 3.0000e+01 3.0000e+00 2.0000e+01 2.1000e+01 1.6600e+02 1.8000e+01 9.0000e+00 1.1000e+01 2.7200e+02 1.9000e+02 2.2000e+01 1.0000e+00 7.4000e+01 1.0000e+00 2.6500e+02 1.0000e+00 6.0000e+00 4.4900e+02 9.9800e+02 6.9200e+02 2.8340e+03 1.2000e+01 6.0000e+00 5.2000e+01 7.0000e+00 0.0000e+00 1.1000e+01 3.0000e+00 2.2000e+01 7.0000e+00 1.9000e+01 9.0000e+00 2.4500e+02 5.2620e+03 3.2400e+02 2.9980e+03 2.8590e+03 5.2010e+03 9.0000e+00 5.7000e+01 5.1470e+03 2.3000e+01 1.0000e+01 8.0000e+00 1.7000e+01 6.0000e+00
5.0120e+03 1.0000e+00 1.3000e+01 6.7000e+01 4.9330e+03 2.0000e+00 6.2000e+01 5.2200e+03 8.0000e+00 4.7110e+03 1.0000e+00 0.0000e+00 1.0000e+00 9.0000e+00 2.0000e+00 4.1450e+03 1.5700e+02 0.0000e+00 1.0000e+00 1.2600e+02 1.5000e+01 0.0000e+00 1.2000e+01 6.0000e+00 2.4200e+02 3.0000e+00 0.0000e+00 3.8000e+01 1.2000e+01 6.0000e+00 1.0000e+00 2.8000e+01 3.0000e+00 0.0000e+00 0.0000e+00 3.5600e+02 8.0000e+00 1.0000e+00 4.3000e+01 1.6100e+02 4.1500e+02 3.0000e+00 3.5000e+01 2.0000e+00 2.0000e+00 4.0000e+00 7.0000e+00 3.2000e+01 5.6500e+02 1.0000e+00
3.0000e+00 3.7000e+01 1.0600e+02 1.0000e+00 2.8300e+02 8.0000e+00 1.4000e+01 3.1000e+01 1.4600e+02 6.6000e+01 1.9000e+01 7.3500e+02 4.0000e+00 3.4780e+03 4.7000e+01 1.0900e+02 6.6000e+01 2.1000e+01 1.0000e+00 2.1600e+02 6.2700e+02 2.0000e+01 8.0000e+00 6.0000e+00 3.0000e+00 6.0000e+00 7.5200e+02 1.3200e+02 2.9260e+03 8.0000e+00 3.7000e+01 2.3000e+01 6.1500e+02 4.3180e+03 2.5300e+02 3.2040e+03 0.0000e+00 2.0000e+01 7.1000e+01 0.0000e+00 6.7000e+01 9.0000e+00 0.0000e+00 6.0000e+00 1.4000e+01 1.2600e+02 1.8400e+02 5.0000e+00 3.3140e+03 8.0900e+02
2.4000e+01 5.0650e+03 1.8000e+01 5.3740e+03 8.5000e+01 1.2900e+02 5.6000e+01 5.0000e+00 1.8000e+01 3.5000e+01 5.2000e+01 9.0000e+00 4.6000e+01 7.4000e+01 5.2000e+01 1.4000e+01 3.6000e+01 2.0000e+01 4.0300e+02 5.4000e+01 6.0000e+00 2.2000e+01 2.2700e+02 8.0000e+00 3.7000e+01 1.0000e+01 1.0000e+01 7.5000e+01 1.3700e+02 1.9670e+03 1.0000e+00 2.3000e+01 1.5200e+02 9.0000e+00 1.3000e+01 4.1000e+01 4.4160e+03 4.3000e+01 9.0000e+00 1.2000e+01 4.7000e+01 2.9000e+01 1.4000e+01 5.0300e+03 9.9000e+01 5.4000e+01 2.2680e+03 2.7000e+01 9.7000e+01 7.3000e+01
1.1200e+02 1.0000e+00 4.2700e+02 1.0000e+00 2.0000e+00 4.4520e+03 1.0000e+00 0.0000e+00 0.0000e+00 4.8000e+01 5.8000e+01 3.9390e+03 8.0000e+00 2.6000e+01 0.0000e+00 7.0000e+00 1.3600e+02 1.9000e+01 1.4400e+02 5.7300e+02 3.9720e+03 6.0000e+00 7.6000e+01 8.0000e+00 4.3000e+01 4.4960e+03 1.1000e+03 2.1000e+02 1.6000e+01 1.5700e+02 6.7000e+01 1.0300e+02 1.0000e+00 3.1000e+01 1.7000e+01 1.0000e+00 2.0000e+00 1.4000e+01 2.6700e+02 5.0000e+00 1.2400e+02 7.2000e+01 2.2000e+01 8.0000e+00 1.6700e+02 5.4000e+01 3.1100e+02 2.1400e+02 8.7000e+01 8.4000e+01
