0.0000e+00 1.1111e-01 4.0000e-01 3.8095e-01 3.8095e-01 6.8182e-01 8.8846e-01 1.8182e-01 2.0000e-01 0.0000e+00 5.3125e-01 1.8182e-01 2.9412e-01 3.1250e-01 2.0000e-01 2.0000e-01 2.0000e-01 0.0000e+00 1.1111e-01 1.1111e-01 2.0000e-01 2.8571e-01 1.6667e-01 0.0000e+00 1.1111e-01 1.1111e-01 2.8571e-01 0.0000e+00 4.4118e-01 4.5455e-01 2.5000e-01 2.5000e-01 1.0000e-01 4.2105e-01 3.8889e-01 3.8889e-01 0.0000e+00 7.5229e-01 9.0365e-01 5.4762e-01 0.0000e+00 2.3077e-01 7.0588e-01 2.3077e-01 0.0000e+00 3.6842e-01 4.5455e-01 4.5455e-01 1.1111e-01 2.0000e-01
4.0000e-01 0.0000e+00 1.1111e-01 6.0938e-01 5.1351e-01 2.5000e-01 3.3333e-01 0.0000e+00 3.5294e-01 4.2308e-01 2.5000e-01 7.2449e-01 2.3077e-01 1.1111e-01 4.8000e-01 6.4815e-01 6.4228e-01 2.8571e-01 1.1111e-01 1.1111e-01 6.4815e-01 4.0000e-01 4.6667e-01 2.8571e-01 0.0000e+00 1.1111e-01 3.8889e-01 1.1111e-01 3.3333e-01 7.8417e-01 1.1111e-01 8.8972e-01 2.9412e-01 0.0000e+00 1.0000e+00 1.1111e-01 0.0000e+00 5.1724e-01 1.0000e+00 2.3077e-01 1.1111e-01 0.0000e+00 7.8125e-01 4.0000e-01 8.3186e-01 0.0000e+00 0.0000e+00 4.2105e-01 3.5294e-01 0.0000e+00
0.0000e+00 0.0000e+00 1.1111e-01 1.0000e-01 2.3077e-01 4.8000e-01 4.2105e-01 0.0000e+00 0.0000e+00 2.6667e-01 4.0000e-01 1.1111e-01 0.0000e+00 0.0000e+00 1.1111e-01 5.1724e-01 9.0909e-02 1.1111e-01 1.1111e-01 0.0000e+00 0.0000e+00 3.1250e-01 1.6667e-01 1.1111e-01 0.0000e+00 3.3333e-01 0.0000e+00 0.0000e+00 9.0909e-02 7.6522e-01 1.1111e-01 1.1111e-01 2.3077e-01 1.1111e-01 1.0000e+00 0.0000e+00 0.0000e+00 6.4000e-01 1.0000e+00 3.3333e-01 0.0000e+00 0.0000e+00 5.9091e-01 4.3478e-01 1.1111e-01 3.3333e-01 2.8571e-01 1.1111e-01 0.0000e+00 2.5000e-01
2.8571e-01 0.0000e+00 1.1111e-01 0.0000e+00 1.6667e-01 0.0000e+00 5.0000e-01 1.1111e-01 1.1111e-01 0.0000e+00 0.0000e+00 2.5000e-01 0.0000e+00 1.8182e-01 1.1111e-01 2.0000e-01 1.5385e-01 1.1111e-01 0.0000e+00 0.0000e+00 0.0000e+00 2.3077e-01 2.3077e-01 1.1111e-01 0.0000e+00 0.0000e+00 2.8571e-01 0.0000e+00 0.0000e+00 5.7895e-01 0.0000e+00 2.0000e-01 1.0000e-01 0.0000e+00 1.0000e+00 0.0000e+00 1.1111e-01 0.0000e+00 1.0000e+00 5.1429e-01 0.0000e+00 0.0000e+00 3.6842e-01 0.0000e+00 0.0000e+00 4.4444e-01 0.0000e+00 2.0000e-01 0.0000e+00 1.1111e-01
1.8182e-01 0.0000e+00 1.1111e-01 3.5000e-01 1.6667e-01 2.0000e-01 1.0000e+00 4.4000e-01 2.5000e-01 0.0000e+00 2.8571e-01 1.1111e-01 0.0000e+00 1.8182e-01 2.5000e-01 4.2105e-01 9.0909e-02 0.0000e+00 2.5000e-01 1.1111e-01 0.0000e+00 2.8571e-01 2.6667e-01 1.8182e-01 1.8182e-01 3.3333e-01 3.5294e-01 3.3333e-01 7.5219e-01 2.8571e-01 0.0000e+00 2.0000e-01 0.0000e+00 1.1111e-01 1.0000e+00 1.1111e-01 1.1111e-01 3.8889e-01 1.0000e+00 3.1250e-01 2.0000e-01 2.3077e-01 4.2857e-01 0.0000e+00 2.8571e-01 1.8182e-01 2.5000e-01 0.0000e+00 2.5000e-01 2.0000e-01
4.2857e-01 0.0000e+00 0.0000e+00 3.8095e-01 3.3333e-01 3.3333e-01 1.0000e+00 0.0000e+00 4.0000e-01 1.0000e-01 2.8571e-01 1.8182e-01 0.0000e+00 0.0000e+00 1.1111e-01 3.5294e-01 0.0000e+00 0.0000e+00 0.0000e+00 1.1111e-01 0.0000e+00 1.1111e-01 0.0000e+00 1.1111e-01 0.0000e+00 2.0000e-01 1.1111e-01 2.8571e-01 9.0909e-02 2.5000e-01 0.0000e+00 0.0000e+00 1.0000e-01 0.0000e+00 1.0000e+00 5.7143e-01 0.0000e+00 2.0000e-01 1.0000e+00 8.2303e-01 0.0000e+00 0.0000e+00 5.1613e-01 0.0000e+00 4.5455e-01 3.3333e-01 3.3333e-01 2.5000e-01 1.1111e-01 0.0000e+00
5.4545e-01 0.0000e+00 0.0000e+00 1.0000e-01 0.0000e+00 2.5000e-01 1.0000e+00 0.0000e+00 0.0000e+00 0.0000e+00 2.8571e-01 0.0000e+00 0.0000e+00 0.0000e+00 0.0000e+00 0.0000e+00 0.0000e+00 0.0000e+00 0.0000e+00 0.0000e+00 0.0000e+00 0.0000e+00 0.0000e+00 0.0000e+00 0.0000e+00 0.0000e+00 0.0000e+00 1.1111e-01 0.0000e+00 5.0000e-01 0.0000e+00 0.0000e+00 0.0000e+00 3.8889e-01 1.0000e+00 0.0000e+00 0.0000e+00 0.0000e+00 1.0000e+00 3.1250e-01 0.0000e+00 0.0000e+00 1.1111e-01 0.0000e+00 0.0000e+00 5.6818e-01 2.0000e-01 1.1111e-01 0.0000e+00 0.0000e+00
0.0000e+00 0.0000e+00 1.1111e-01 1.0000e-01 2.6667e-01 0.0000e+00 1.0000e+00 1.8182e-01 0.0000e+00 1.6667e-01 1.8182e-01 2.8571e-01 0.0000e+00 1.1111e-01 0.0000e+00 2.8571e-01 9.0909e-02 0.0000e+00 0.0000e+00 0.0000e+00 0.0000e+00 1.1111e-01 1.0000e-01 0.0000e+00 0.0000e+00 0.0000e+00 0.0000e+00 2.0000e-01 2.1429e-01 2.0000e-01 0.0000e+00 0.0000e+00 0.0000e+00 0.0000e+00 1.0000e+00 0.0000e+00 0.0000e+00 2.5000e-01 1.0000e+00 1.0000e-01 0.0000e+00 1.1111e-01 0.0000e+00 2.3077e-01 1.1111e-01 0.0000e+00 0.0000e+00 0.0000e+00 0.0000e+00 0.0000e+00
0.0000e+00 2.5000e-01 1.1111e-01 1.0000e-01 2.3077e-01 0.0000e+00 1.0000e+00 3.1250e-01 2.5000e-01 1.0000e-01 0.0000e+00 1.8182e-01 1.0000e-01 1.1111e-01 2.5000e-01 4.5455e-01 9.0909e-02 0.0000e+00 0.0000e+00 0.0000e+00 0.0000e+00 3.6842e-01 0.0000e+00 3.3333e-01 0.0000e+00 2.0000e-01 0.0000e+00 2.8571e-01 0.0000e+00 0.0000e+00 0.0000e+00 2.5000e-01 1.6667e-01 0.0000e+00 1.0000e+00 3.3333e-01 0.0000e+00 1.1111e-01 1.0000e+00 1.8182e-01 0.0000e+00 1.1111e-01 1.1111e-01 1.1111e-01 5.1724e-01 1.1111e-01 1.1111e-01 2.8571e-01 1.1111e-01 0.0000e+00
3.3333e-01 0.0000e+00 0.0000e+00 1.6667e-01 4.4444e-01 1.1111e-01 1.0000e+00 3.6842e-01 0.0000e+00 1.0000e-01 3.3333e-01 2.5000e-01 4.2308e-01 1.1111e-01 0.0000e+00 2.5000e-01 1.5385e-01 2.8571e-01 1.1111e-01 2.0000e-01 0.0000e+00 1.8182e-01 0.0000e+00 1.8182e-01 0.0000e+00 3.3333e-01 2.5000e-01 1.1111e-01 2.1429e-01 2.0000e-01 0.0000e+00 1.1111e-01 1.6667e-01 0.0000e+00 1.0000e+00 4.2857e-01 0.0000e+00 3.8889e-01 1.0000e+00 0.0000e+00 0.0000e+00 0.0000e+00 2.5000e-01 1.1111e-01 2.5000e-01 1.8182e-01 2.5000e-01 1.1111e-01 0.0000e+00 3.3333e-01
9.0345e-01 2.0000e-01 2.5000e-01 8.3700e-01 2.3077e-01 1.1111e-01 1.0000e+00 0.0000e+00 2.5000e-01 1.0000e-01 3.3333e-01 1.8182e-01 1.6667e-01 1.1111e-01 8.9573e-01 5.5882e-01 3.7037e-01 5.4839e-01 6.8254e-01 0.0000e+00 6.6667e-01 7.9070e-01 5.7692e-01 8.8925e-01 6.4407e-01 0.0000e+00 7.3034e-01 3.3333e-01 9.0909e-02 4.5455e-01 7.1250e-01 7.5238e-01 2.9412e-01 7.2727e-01 1.0000e+00 5.3333e-01 4.0000e-01 4.8000e-01 1.0000e+00 8.2405e-01 0.0000e+00 8.0508e-01 6.5000e-01 6.1538e-01 3.3333e-01 6.1404e-01 3.8889e-01 6.6667e-01 2.8571e-01 2.8571e-01
2.8571e-01 1.1111e-01 1.1111e-01 1.0000e-01 2.3077e-01 6.3265e-01 1.0000e+00 0.0000e+00 0.0000e+00 1.0000e-01 0.0000e+00 2.8571e-01 1.0000e-01 0.0000e+00 3.5294e-01 2.0000e-01 9.0909e-02 2.0000e-01 2.5000e-01 0.0000e+00 3.3333e-01 1.1111e-01 2.3077e-01 0.0000e+00 1.8182e-01 2.8571e-01 3.5294e-01 1.1111e-01 4.1935e-01 2.0000e-01 1.1111e-01 0.0000e+00 0.0000e+00 0.0000e+00 1.0000e+00 4.2857e-01 0.0000e+00 5.1724e-01 1.0000e+00 0.0000e+00 0.0000e+00 2.8571e-01 1.8182e-01 0.0000e+00 0.0000e+00 0.0000e+00 0.0000e+00 1.1111e-01 1.1111e-01 1.1111e-01
7.8882e-01 6.5455e-01 7.3636e-01 2.3077e-01 6.7961e-01 6.8182e-01 1.0000e+00 7.3984e-01 5.0000e-01 7.9135e-01 4.0000e-01 5.0000e-01 5.3659e-01 7.1429e-01 5.4839e-01 4.8000e-01 6.4567e-01 4.2857e-01 7.8767e-01 7.5472e-01 6.0465e-01 5.5000e-01 6.2500e-01 7.0297e-01 7.8531e-01 8.1006e-01 2.5000e-01 5.6757e-01 6.7391e-01 6.9565e-01 7.6316e-01 8.3117e-01 7.7311e-01 5.1724e-01 1.0000e+00 5.7143e-01 7.9476e-01 6.9863e-01 1.0000e+00 7.5789e-01 6.2500e-01 8.2253e-01 3.1250e-01 7.3504e-01 5.0000e-01 5.3846e-01 7.4757e-01 3.3333e-01 5.8974e-01 6.8657e-01
0.0000e+00 1.1111e-01 1.8182e-01 3.5000e-01 1.0000e-01 3.5294e-01 1.0000e+00 0.0000e+00 1.1111e-01 3.6364e-01 0.0000e+00 3.8889e-01 2.3077e-01 1.1111e-01 4.5833e-01 4.2857e-01 2.0000e-01 3.5294e-01 0.0000e+00 0.0000e+00 1.1111e-01 6.3333e-01 2.3077e-01 2.8571e-01 3.1250e-01 2.0000e-01 3.3333e-01 4.2857e-01 3.0000e-01 5.4839e-01 2.0000e-01 2.8571e-01 1.6667e-01 0.0000e+00 1.0000e+00 2.8571e-01 0.0000e+00 5.7895e-01 1.0000e+00 4.4444e-01 1.1111e-01 0.0000e+00 3.6842e-01 1.8182e-01 5.4839e-01 5.3846e-01 2.5000e-01 3.3333e-01 0.0000e+00 2.5000e-01
4.2857e-01 1.1111e-01 3.5294e-01 4.1667e-01 3.8095e-01 2.5000e-01 1.0000e+00 1.1111e-01 3.8889e-01 2.6667e-01 2.5000e-01 1.1111e-01 3.3333e-01 4.4000e-01 2.8571e-01 2.8571e-01 1.5385e-01 1.1111e-01 3.3333e-01 3.5294e-01 2.8571e-01 2.8571e-01 3.5000e-01 4.3478e-01 0.0000e+00 1.1111e-01 2.5000e-01 4.2105e-01 1.5385e-01 2.0000e-01 2.8571e-01 0.0000e+00 2.3077e-01 1.1111e-01 1.0000e+00 3.5294e-01 2.3077e-01 5.7143e-01 1.0000e+00 1.0000e-01 2.0000e-01 4.0000e-01 5.5556e-01 3.1250e-01 5.5882e-01 0.0000e+00 2.5000e-01 3.5294e-01 5.0000e-01 2.5000e-01
0.0000e+00 0.0000e+00 1.8182e-01 1.0000e-01 2.3077e-01 2.0000e-01 1.0000e+00 2.3077e-01 2.0000e-01 1.6667e-01 1.8182e-01 0.0000e+00 1.0000e-01 1.1111e-01 3.8889e-01 1.1111e-01 0.0000e+00 0.0000e+00 1.1111e-01 2.5000e-01 2.8571e-01 2.3077e-01 0.0000e+00 1.1111e-01 2.3077e-01 0.0000e+00 1.1111e-01 0.0000e+00 0.0000e+00 1.1111e-01 0.0000e+00 0.0000e+00 1.0000e-01 6.7742e-01 1.0000e+00 0.0000e+00 0.0000e+00 7.5893e-01 1.0000e+00 1.8182e-01 0.0000e+00 0.0000e+00 5.8140e-01 1.1111e-01 6.9565e-01 0.0000e+00 1.1111e-01 6.9565e-01 0.0000e+00 2.5000e-01
0.0000e+00 2.0000e-01 1.1111e-01 0.0000e+00 1.6667e-01 1.1111e-01 1.0000e+00 1.1111e-01 0.0000e+00 0.0000e+00 3.3333e-01 0.0000e+00 1.0000e-01 3.1250e-01 2.0000e-01 0.0000e+00 9.0909e-02 1.1111e-01 0.0000e+00 0.0000e+00 2.0000e-01 0.0000e+00 1.6667e-01 1.1111e-01 2.3077e-01 2.0000e-01 0.0000e+00 1.1111e-01 9.0909e-02 1.1111e-01 0.0000e+00 0.0000e+00 0.0000e+00 0.0000e+00 1.0000e+00 0.0000e+00 0.0000e+00 0.0000e+00 1.0000e+00 0.0000e+00 0.0000e+00 0.0000e+00 0.0000e+00 1.1111e-01 0.0000e+00 2.6667e-01 0.0000e+00 4.2105e-01 0.0000e+00 2.0000e-01
4.8000e-01 8.2266e-01 2.5000e-01 4.4828e-01 7.7606e-01 2.8571e-01 1.0000e+00 7.3770e-01 2.0000e-01 1.0000e-01 6.1702e-01 5.3125e-01 4.1667e-01 8.1350e-01 0.0000e+00 7.9054e-01 5.4688e-01 0.0000e+00 2.5000e-01 0.0000e+00 2.5000e-01 2.8571e-01 0.0000e+00 0.0000e+00 6.4516e-01 4.5455e-01 2.5000e-01 4.2105e-01 1.5385e-01 4.2105e-01 0.0000e+00 6.0000e-01 0.0000e+00 2.5000e-01 1.0000e+00 7.8417e-01 7.3109e-01 0.0000e+00 1.0000e+00 0.0000e+00 0.0000e+00 2.8571e-01 7.6923e-01 0.0000e+00 9.8999e-01 2.3077e-01 0.0000e+00 6.6071e-01 4.5833e-01 4.8000e-01
2.5000e-01 0.0000e+00 0.0000e+00 2.3077e-01 0.0000e+00 1.1111e-01 1.0000e+00 0.0000e+00 2.0000e-01 0.0000e+00 3.5294e-01 1.1111e-01 0.0000e+00 0.0000e+00 1.1111e-01 4.2857e-01 0.0000e+00 0.0000e+00 0.0000e+00 0.0000e+00 0.0000e+00 1.1111e-01 0.0000e+00 1.1111e-01 1.1111e-01 1.1111e-01 1.1111e-01 0.0000e+00 0.0000e+00 3.8889e-01 0.0000e+00 1.1111e-01 1.6667e-01 0.0000e+00 1.0000e+00 2.0000e-01 0.0000e+00 0.0000e+00 1.0000e+00 3.3333e-01 0.0000e+00 0.0000e+00 2.5000e-01 0.0000e+00 1.0000e+00 1.1111e-01 2.5000e-01 1.1111e-01 0.0000e+00 0.0000e+00
3.3333e-01 0.0000e+00 0.0000e+00 2.3077e-01 1.6667e-01 0.0000e+00 1.0000e+00 1.8182e-01 0.0000e+00 1.6667e-01 3.8889e-01 2.8571e-01 1.0000e-01 0.0000e+00 2.0000e-01 0.0000e+00 9.0909e-02 0.0000e+00 0.0000e+00 0.0000e+00 1.1111e-01 0.0000e+00 1.0000e-01 0.0000e+00 0.0000e+00 1.1111e-01 0.0000e+00 1.1111e-01 2.1429e-01 2.0000e-01 0.0000e+00 0.0000e+00 0.0000e+00 1.1111e-01 1.0000e+00 0.0000e+00 0.0000e+00 1.1111e-01 1.0000e+00 0.0000e+00 0.0000e+00 0.0000e+00 1.8182e-01 1.1111e-01 1.0000e+00 1.1111e-01 2.0000e-01 0.0000e+00 0.0000e+00 0.0000e+00
2.5000e-01 0.0000e+00 2.5000e-01 0.0000e+00 0.0000e+00 6.5455e-01 1.0000e+00 0.0000e+00 0.0000e+00 0.0000e+00 5.4286e-01 1.1111e-01 0.0000e+00 0.0000e+00 0.0000e+00 8.0473e-01 2.3529e-01 0.0000e+00 0.0000e+00 1.1111e-01 5.5882e-01 1.1111e-01 0.0000e+00 0.0000e+00 1.1111e-01 1.1111e-01 0.0000e+00 1.1111e-01 2.5000e-01 1.1111e-01 0.0000e+00 3.5294e-01 0.0000e+00 0.0000e+00 1.0000e+00 2.5000e-01 1.1111e-01 2.0000e-01 1.0000e+00 0.0000e+00 4.2857e-01 1.1111e-01 1.1111e-01 4.3478e-01 1.0000e+00 3.3333e-01 2.0000e-01 1.1111e-01 1.1111e-01 7.8417e-01
3.8889e-01 0.0000e+00 2.5000e-01 3.3333e-01 3.3333e-01 1.1111e-01 1.0000e+00 1.1111e-01 0.0000e+00 1.0000e-01 3.8889e-01 0.0000e+00 1.0000e-01 1.8182e-01 3.8889e-01 6.0000e-01 0.0000e+00 3.3333e-01 1.1111e-01 1.1111e-01 0.0000e+00 3.1250e-01 0.0000e+00 0.0000e+00 1.1111e-01 2.0000e-01 4.8000e-01 0.0000e+00 9.0909e-02 2.8571e-01 0.0000e+00 3.3333e-01 1.6667e-01 1.0000e+00 1.0000e+00 4.5455e-01 0.0000e+00 6.3265e-01 1.0000e+00 1.0000e-01 0.0000e+00 1.1111e-01 3.6842e-01 0.0000e+00 1.0000e+00 1.1111e-01 1.1111e-01 5.1724e-01 2.0000e-01 1.1111e-01
3.5294e-01 2.0000e-01 1.8182e-01 3.5000e-01 5.0000e-01 1.1111e-01 1.0000e+00 0.0000e+00 3.3333e-01 3.1579e-01 1.1111e-01 3.8889e-01 0.0000e+00 2.3077e-01 2.8571e-01 6.0000e-01 6.0440e-01 2.8571e-01 0.0000e+00 4.5833e-01 2.0000e-01 3.5294e-01 4.6667e-01 5.5263e-01 2.3077e-01 3.5294e-01 3.5294e-01 4.8000e-01 4.3750e-01 6.8254e-01 3.5294e-01 7.8873e-01 5.1351e-01 1.0000e+00 1.0000e+00 4.2857e-01 1.1111e-01 7.5676e-01 1.0000e+00 4.8485e-01 2.0000e-01 1.1111e-01 5.0000e-01 2.3077e-01 1.0000e+00 2.6667e-01 2.0000e-01 4.2105e-01 2.0000e-01 0.0000e+00
1.1111e-01 0.0000e+00 0.0000e+00 0.0000e+00 0.0000e+00 2.5000e-01 1.0000e+00 3.1250e-01 1.1111e-01 0.0000e+00 2.8571e-01 0.0000e+00 0.0000e+00 2.3077e-01 6.1364e-01 1.1111e-01 4.2857e-01 0.0000e+00 2.5000e-01 4.5455e-01 4.5455e-01 5.4054e-01 5.9322e-01 0.0000e+00 0.0000e+00 7.3684e-01 4.2105e-01 5.0000e-01 1.5385e-01 1.1111e-01 0.0000e+00 0.0000e+00 3.3333e-01 1.0000e+00 1.0000e+00 7.1951e-01 3.6842e-01 1.1111e-01 1.0000e+00 1.8182e-01 0.0000e+00 0.0000e+00 3.1250e-01 0.0000e+00 1.0000e+00 1.8182e-01 6.9565e-01 1.1111e-01 3.8889e-01 2.0000e-01
1.1111e-01 0.0000e+00 3.1250e-01 0.0000e+00 4.4828e-01 0.0000e+00 1.0000e+00 0.0000e+00 0.0000e+00 3.5000e-01 2.5000e-01 1.8182e-01 0.0000e+00 0.0000e+00 3.3333e-01 5.1724e-01 0.0000e+00 0.0000e+00 0.0000e+00 1.1111e-01 2.0000e-01 3.1250e-01 1.0000e-01 2.8571e-01 0.0000e+00 0.0000e+00 3.5294e-01 5.0000e-01 0.0000e+00 0.0000e+00 0.0000e+00 2.0000e-01 2.6667e-01 1.0000e+00 1.0000e+00 0.0000e+00 1.1111e-01 9.8877e-01 1.0000e+00 1.0000e-01 2.0000e-01 4.6154e-01 5.4286e-01 1.8182e-01 1.0000e+00 0.0000e+00 3.8889e-01 1.1111e-01 0.0000e+00 1.1111e-01
7.9532e-01 0.0000e+00 0.0000e+00 6.1290e-01 7.9394e-01 7.6860e-01 1.0000e+00 4.0000e-01 2.0000e-01 6.5979e-01 1.8182e-01 6.3462e-01 2.9412e-01 1.1111e-01 4.5455e-01 5.3333e-01 3.3333e-01 0.0000e+00 1.1111e-01 2.8571e-01 2.0000e-01 4.0000e-01 3.9130e-01 6.9565e-01 5.1613e-01 1.1111e-01 2.8571e-01 2.5000e-01 0.0000e+00 4.2105e-01 0.0000e+00 2.0000e-01 2.9412e-01 1.0000e+00 1.0000e+00 5.1724e-01 0.0000e+00 1.0000e+00 1.0000e+00 6.8367e-01 0.0000e+00 0.0000e+00 7.5758e-01 5.1515e-01 1.0000e+00 5.4762e-01 2.0000e-01 6.9444e-01 3.5294e-01 4.2857e-01
0.0000e+00 0.0000e+00 0.0000e+00 0.0000e+00 2.6667e-01 2.5000e-01 1.0000e+00 0.0000e+00 1.1111e-01 0.0000e+00 1.1111e-01 1.8182e-01 0.0000e+00 0.0000e+00 2.5000e-01 3.5294e-01 0.0000e+00 0.0000e+00 0.0000e+00 0.0000e+00 0.0000e+00 0.0000e+00 0.0000e+00 1.1111e-01 1.8182e-01 1.1111e-01 0.0000e+00 2.5000e-01 3.9286e-01 4.8000e-01 1.1111e-01 0.0000e+00 0.0000e+00 1.0000e+00 1.0000e+00 3.5294e-01 0.0000e+00 1.0000e+00 1.0000e+00 0.0000e+00 0.0000e+00 4.0000e-01 1.1111e-01 0.0000e+00 1.0000e+00 1.8182e-01 3.3333e-01 0.0000e+00 1.1111e-01 0.0000e+00
1.1111e-01 0.0000e+00 1.8182e-01 0.0000e+00 1.6667e-01 2.8571e-01 1.0000e+00 0.0000e+00 0.0000e+00 0.0000e+00 2.5000e-01 2.5000e-01 0.0000e+00 0.0000e+00 2.0000e-01 0.0000e+00 1.5385e-01 0.0000e+00 1.1111e-01 3.3333e-01 1.1111e-01 1.8182e-01 0.0000e+00 1.1111e-01 1.1111e-01 0.0000e+00 0.0000e+00 0.0000e+00 9.0909e-02 2.8571e-01 1.1111e-01 1.1111e-01 0.0000e+00 1.0000e+00 1.0000e+00 0.0000e+00 0.0000e+00 1.0000e+00 1.0000e+00 0.0000e+00 1.1111e-01 1.8182e-01 3.5294e-01 1.1111e-01 1.0000e+00 5.0000e-01 1.1111e-01 1.1111e-01 0.0000e+00 0.0000e+00
5.0000e-01 2.0000e-01 5.2941e-01 5.8929e-01 5.1282e-01 6.7742e-01 1.0000e+00 1.1111e-01 2.0000e-01 6.4286e-01 4.5833e-01 4.8000e-01 3.3333e-01 3.6842e-01 5.3333e-01 3.8889e-01 3.3333e-01 1.1111e-01 2.5000e-01 4.2105e-01 4.5455e-01 4.3478e-01 2.3077e-01 1.1111e-01 3.1250e-01 2.5000e-01 2.0000e-01 3.8889e-01 3.8462e-01 0.0000e+00 3.8889e-01 4.8000e-01 3.8095e-01 1.0000e+00 1.0000e+00 5.1724e-01 0.0000e+00 1.0000e+00 1.0000e+00 5.9649e-01 4.8000e-01 1.1111e-01 5.2941e-01 4.0000e-01 1.0000e+00 5.0000e-01 3.8889e-01 2.5000e-01 2.0000e-01 2.0000e-01
1.8182e-01 2.8571e-01 1.8182e-01 0.0000e+00 1.0000e-01 2.8571e-01 1.0000e+00 2.8571e-01 5.1724e-01 4.0000e-01 3.5294e-01 0.0000e+00 2.3077e-01 0.0000e+00 2.0000e-01 2.8571e-01 3.0000e-01 2.5000e-01 0.0000e+00 2.0000e-01 2.0000e-01 4.0000e-01 0.0000e+00 2.8571e-01 0.0000e+00 1.1111e-01 3.8889e-01 2.0000e-01 2.1429e-01 3.3333e-01 0.0000e+00 3.5294e-01 1.0000e-01 1.0000e+00 1.0000e+00 1.1111e-01 1.1111e-01 1.0000e+00 1.0000e+00 2.6667e-01 0.0000e+00 2.3077e-01 5.7500e-01 4.0909e-01 1.0000e+00 1.1111e-01 2.5000e-01 4.2105e-01 0.0000e+00 2.5000e-01
1.1111e-01 2.5000e-01 1.1111e-01 2.3077e-01 2.6667e-01 1.1111e-01 1.0000e+00 2.8571e-01 0.0000e+00 7.0548e-01 9.2648e-01 2.5000e-01 0.0000e+00 5.2778e-01 7.2289e-01 8.2547e-01 9.0909e-02 0.0000e+00 2.0000e-01 0.0000e+00 6.4706e-01 1.8182e-01 2.9412e-01 1.1111e-01 5.5263e-01 2.0000e-01 0.0000e+00 1.1111e-01 2.7778e-01 6.4706e-01 1.1111e-01 4.2857e-01 3.3333e-01 1.0000e+00 1.0000e+00 7.2289e-01 1.8182e-01 1.0000e+00 1.0000e+00 1.8182e-01 2.8571e-01 0.0000e+00 6.4407e-01 3.1250e-01 1.0000e+00 3.1250e-01 6.9118e-01 8.1771e-01 2.5000e-01 3.5294e-01
2.8571e-01 0.0000e+00 3.5294e-01 3.3333e-01 2.3077e-01 2.5000e-01 1.0000e+00 0.0000e+00 3.8889e-01 3.1579e-01 4.2857e-01 3.3333e-01 1.0000e-01 1.1111e-01 7.5472e-01 7.8723e-01 0.0000e+00 0.0000e+00 2.5000e-01 0.0000e+00 0.0000e+00 3.1250e-01 0.0000e+00 1.1111e-01 3.1250e-01 3.3333e-01 2.0000e-01 2.5000e-01 2.5000e-01 8.6136e-01 1.1111e-01 4.2105e-01 1.6667e-01 1.0000e+00 1.0000e+00 6.0465e-01 1.1111e-01 1.0000e+00 1.0000e+00 5.0000e-01 0.0000e+00 0.0000e+00 7.1910e-01 2.8571e-01 1.0000e+00 1.1111e-01 5.0000e-01 7.1605e-01 0.0000e+00 3.8889e-01
3.8889e-01 1.1111e-01 0.0000e+00 2.3077e-01 1.0000e-01 5.7895e-01 1.0000e+00 0.0000e+00 0.0000e+00 1.6667e-01 3.8889e-01 2.5000e-01 2.6667e-01 0.0000e+00 4.5833e-01 6.4815e-01 9.0909e-02 1.1111e-01 0.0000e+00 0.0000e+00 0.0000e+00 0.0000e+00 1.0000e-01 2.3077e-01 0.0000e+00 4.2105e-01 1.1111e-01 1.1111e-01 2.1429e-01 5.4545e-01 3.3333e-01 1.1111e-01 1.0000e-01 1.0000e+00 1.0000e+00 1.1111e-01 1.1111e-01 1.0000e+00 1.0000e+00 1.0000e-01 2.0000e-01 1.8182e-01 1.1111e-01 0.0000e+00 1.0000e+00 4.1667e-01 0.0000e+00 0.0000e+00 0.0000e+00 0.0000e+00
5.1724e-01 6.6667e-01 7.6296e-01 6.0345e-01 5.3659e-01 6.4706e-01 1.0000e+00 8.2650e-01 6.8571e-01 6.5979e-01 6.2500e-01 6.4286e-01 7.7947e-01 6.7500e-01 5.5882e-01 8.2648e-01 3.9286e-01 6.4000e-01 5.7143e-01 5.3333e-01 7.0667e-01 6.1111e-01 6.9027e-01 7.2500e-01 1.1111e-01 7.1250e-01 3.5294e-01 4.5455e-01 6.8027e-01 5.8974e-01 5.0000e-01 3.8889e-01 6.2857e-01 1.0000e+00 1.0000e+00 7.1053e-01 5.7778e-01 1.0000e+00 1.0000e+00 6.3380e-01 6.0000e-01 2.8571e-01 7.6871e-01 7.9024e-01 1.0000e+00 7.2441e-01 6.9565e-01 5.4839e-01 6.9118e-01 6.0465e-01
0.0000e+00 0.0000e+00 0.0000e+00 1.0000e-01 0.0000e+00 3.3333e-01 1.0000e+00 0.0000e+00 1.1111e-01 1.0000e-01 1.1111e-01 0.0000e+00 0.0000e+00 0.0000e+00 1.1111e-01 1.1111e-01 0.0000e+00 0.0000e+00 0.0000e+00 0.0000e+00 0.0000e+00 4.0000e-01 0.0000e+00 0.0000e+00 0.0000e+00 0.0000e+00 0.0000e+00 1.1111e-01 0.0000e+00 0.0000e+00 2.8571e-01 0.0000e+00 2.3077e-01 1.0000e+00 1.0000e+00 0.0000e+00 0.0000e+00 1.0000e+00 1.0000e+00 1.0000e-01 0.0000e+00 0.0000e+00 3.5294e-01 2.3077e-01 1.0000e+00 0.0000e+00 2.0000e-01 2.0000e-01 0.0000e+00 0.0000e+00
6.9014e-01 8.0588e-01 7.9459e-01 8.2528e-01 8.8387e-01 1.0000e+00 1.0000e+00 7.7326e-01 7.0513e-01 8.1875e-01 8.4969e-01 9.2900e-01 8.3009e-01 6.9231e-01 9.7957e-01 7.9333e-01 7.9474e-01 8.4127e-01 1.0000e+00 9.0849e-01 1.0000e+00 7.6364e-01 8.7433e-01 8.4233e-01 7.6774e-01 9.8108e-01 8.4672e-01 8.1215e-01 8.3333e-01 9.8990e-01 8.9555e-01 9.8727e-01 7.3548e-01 1.0000e+00 1.0000e+00 8.5274e-01 9.1491e-01 1.0000e+00 1.0000e+00 7.0968e-01 8.3750e-01 9.3355e-01 7.6871e-01 7.0000e-01 1.0000e+00 7.7340e-01 7.4757e-01 8.1006e-01 7.7863e-01 1.0000e+00
0.0000e+00 0.0000e+00 0.0000e+00 4.4444e-01 0.0000e+00 1.0000e+00 1.0000e+00 1.8182e-01 0.0000e+00 4.5161e-01 1.8182e-01 0.0000e+00 0.0000e+00 0.0000e+00 1.0000e+00 2.5000e-01 0.0000e+00 4.8000e-01 1.0000e+00 1.1111e-01 1.0000e+00 0.0000e+00 0.0000e+00 1.8182e-01 1.1111e-01 1.0000e+00 3.5294e-01 0.0000e+00 0.0000e+00 1.0000e+00 0.0000e+00 1.0000e+00 4.1667e-01 1.0000e+00 1.0000e+00 1.1111e-01 0.0000e+00 1.0000e+00 1.0000e+00 3.1250e-01 0.0000e+00 3.5294e-01 5.0000e-01 0.0000e+00 1.0000e+00 1.1111e-01 3.3333e-01 2.5000e-01 0.0000e+00 1.0000e+00
1.1111e-01 1.1111e-01 1.8182e-01 4.4444e-01 1.6667e-01 1.0000e+00 1.0000e+00 1.1111e-01 2.0000e-01 1.6667e-01 5.6757e-01 4.8000e-01 0.0000e+00 3.6842e-01 1.0000e+00 6.4706e-01 0.0000e+00 1.1111e-01 1.0000e+00 1.1111e-01 1.0000e+00 3.5294e-01 1.6667e-01 6.0000e-01 2.8571e-01 1.0000e+00 2.0000e-01 2.5000e-01 5.0000e-01 1.0000e+00 0.0000e+00 1.0000e+00 4.8387e-01 1.0000e+00 1.0000e+00 3.8889e-01 4.0000e-01 1.0000e+00 1.0000e+00 6.0000e-01 2.5000e-01 2.3077e-01 7.7483e-01 2.3077e-01 1.0000e+00 0.0000e+00 2.8571e-01 5.0000e-01 1.1111e-01 1.0000e+00
5.3125e-01 8.8595e-01 8.3601e-01 6.8317e-01 2.9412e-01 1.0000e+00 1.0000e+00 5.5263e-01 6.8116e-01 7.7228e-01 1.1111e-01 8.2329e-01 8.3467e-01 8.8160e-01 1.0000e+00 8.9796e-01 3.3333e-01 9.0047e-01 1.0000e+00 8.4411e-01 1.0000e+00 0.0000e+00 1.6667e-01 8.3029e-01 8.6148e-01 1.0000e+00 6.9118e-01 6.1702e-01 6.7391e-01 1.0000e+00 0.0000e+00 1.0000e+00 0.0000e+00 1.0000e+00 1.0000e+00 9.7884e-01 0.0000e+00 1.0000e+00 1.0000e+00 1.0000e-01 6.2222e-01 7.5000e-01 7.8857e-01 2.8571e-01 1.0000e+00 1.8182e-01 8.3682e-01 8.2805e-01 2.0000e-01 1.0000e+00
7.5610e-01 7.1605e-01 9.4125e-01 8.5968e-01 6.8868e-01 1.0000e+00 1.0000e+00 6.7949e-01 6.9014e-01 6.3415e-01 7.6562e-01 7.0000e-01 7.8671e-01 8.2759e-01 1.0000e+00 8.4752e-01 7.6259e-01 7.7236e-01 1.0000e+00 7.0270e-01 1.0000e+00 7.8392e-01 6.7647e-01 8.5875e-01 7.5188e-01 1.0000e+00 8.3539e-01 7.7692e-01 7.7668e-01 1.0000e+00 9.7965e-01 1.0000e+00 8.3032e-01 1.0000e+00 1.0000e+00 1.0000e+00 7.7143e-01 1.0000e+00 1.0000e+00 8.0563e-01 5.4839e-01 6.7568e-01 7.5000e-01 7.9524e-01 1.0000e+00 8.9444e-01 6.4706e-01 7.8195e-01 8.5759e-01 1.0000e+00
7.5214e-01 1.1111e-01 1.8182e-01 0.0000e+00 5.0000e-01 1.0000e+00 1.0000e+00 1.1111e-01 1.1111e-01 1.0000e-01 3.3333e-01 0.0000e+00 1.0000e-01 2.8571e-01 1.0000e+00 0.0000e+00 0.0000e+00 1.1111e-01 1.0000e+00 2.8571e-01 1.0000e+00 1.1111e-01 3.3333e-01 1.8182e-01 4.0909e-01 1.0000e+00 0.0000e+00 2.0000e-01 2.1429e-01 1.0000e+00 1.0000e+00 1.0000e+00 2.9412e-01 1.0000e+00 1.0000e+00 1.0000e+00 0.0000e+00 1.0000e+00 1.0000e+00 0.0000e+00 0.0000e+00 4.6154e-01 2.8571e-01 1.1111e-01 1.0000e+00 5.6818e-01 4.5833e-01 5.8974e-01 3.3333e-01 1.0000e+00
9.4973e-01 9.8852e-01 8.8903e-01 8.8431e-01 8.7325e-01 1.0000e+00 1.0000e+00 9.3166e-01 9.5981e-01 8.5538e-01 9.4485e-01 9.3554e-01 8.9578e-01 9.1561e-01 1.0000e+00 9.5419e-01 8.2562e-01 9.6228e-01 1.0000e+00 1.0000e+00 1.0000e+00 9.2667e-01 8.8060e-01 9.0958e-01 9.3312e-01 1.0000e+00 1.0000e+00 9.8221e-01 8.3171e-01 1.0000e+00 1.0000e+00 1.0000e+00 8.9950e-01 1.0000e+00 1.0000e+00 1.0000e+00 9.1400e-01 1.0000e+00 1.0000e+00 8.9860e-01 9.7105e-01 8.6355e-01 9.3914e-01 9.3223e-01 1.0000e+00 9.0483e-01 1.0000e+00 1.0000e+00 1.0000e+00 1.0000e+00
0.0000e+00 1.0000e+00 0.0000e+00 0.0000e+00 3.3333e-01 1.0000e+00 1.0000e+00 1.1111e-01 0.0000e+00 2.6667e-01 0.0000e+00 0.0000e+00 1.0000e-01 0.0000e+00 1.0000e+00 3.8889e-01 9.0909e-02 0.0000e+00 1.0000e+00 1.0000e+00 1.0000e+00 1.1111e-01 1.0000e-01 1.8182e-01 0.0000e+00 1.0000e+00 1.0000e+00 1.0000e+00 1.5385e-01 1.0000e+00 1.0000e+00 1.0000e+00 0.0000e+00 1.0000e+00 1.0000e+00 1.0000e+00 1.1111e-01 1.0000e+00 1.0000e+00 0.0000e+00 1.0000e+00 0.0000e+00 0.0000e+00 0.0000e+00 1.0000e+00 1.1111e-01 1.0000e+00 1.0000e+00 1.0000e+00 1.0000e+00
1.1111e-01 1.0000e+00 0.0000e+00 1.0000e-01 1.0000e-01 1.0000e+00 1.0000e+00 2.3077e-01 1.1111e-01 0.0000e+00 2.5000e-01 2.5000e-01 0.0000e+00 0.0000e+00 1.0000e+00 2.0000e-01 1.5385e-01 2.0000e-01 1.0000e+00 1.0000e+00 1.0000e+00 1.8182e-01 1.6667e-01 1.1111e-01 1.1111e-01 1.0000e+00 1.0000e+00 1.0000e+00 9.0909e-02 1.0000e+00 1.0000e+00 1.0000e+00 0.0000e+00 1.0000e+00 1.0000e+00 1.0000e+00 0.0000e+00 1.0000e+00 1.0000e+00 6.5854e-01 1.0000e+00 1.1111e-01 0.0000e+00 1.1111e-01 1.0000e+00 3.1250e-01 1.0000e+00 1.0000e+00 1.0000e+00 1.0000e+00
4.5833e-01 1.0000e+00 1.1111e-01 4.6875e-01 2.3077e-01 1.0000e+00 1.0000e+00 2.3077e-01 2.0000e-01 3.1579e-01 3.3333e-01 3.3333e-01 0.0000e+00 1.1111e-01 1.0000e+00 6.8182e-01 1.5385e-01 1.1111e-01 1.0000e+00 1.0000e+00 1.0000e+00 2.8571e-01 2.6667e-01 1.8182e-01 1.8182e-01 1.0000e+00 1.0000e+00 1.0000e+00 1.5385e-01 1.0000e+00 1.0000e+00 1.0000e+00 2.3077e-01 1.0000e+00 1.0000e+00 1.0000e+00 3.5294e-01 1.0000e+00 1.0000e+00 2.6667e-01 1.0000e+00 1.1111e-01 4.0000e-01 1.8182e-01 1.0000e+00 2.6667e-01 1.0000e+00 1.0000e+00 1.0000e+00 1.0000e+00
0.0000e+00 1.0000e+00 1.8182e-01 4.2308e-01 6.0000e-01 1.0000e+00 1.0000e+00 0.0000e+00 2.0000e-01 1.6667e-01 3.3333e-01 1.1111e-01 0.0000e+00 4.0909e-01 1.0000e+00 2.0000e-01 0.0000e+00 5.0000e-01 1.0000e+00 1.0000e+00 1.0000e+00 1.1111e-01 2.6667e-01 5.2778e-01 0.0000e+00 1.0000e+00 1.0000e+00 1.0000e+00 2.1429e-01 1.0000e+00 1.0000e+00 1.0000e+00 4.2308e-01 1.0000e+00 1.0000e+00 1.0000e+00 0.0000e+00 1.0000e+00 1.0000e+00 4.1667e-01 1.0000e+00 3.5294e-01 1.8182e-01 5.9574e-01 1.0000e+00 0.0000e+00 1.0000e+00 1.0000e+00 1.0000e+00 1.0000e+00
0.0000e+00 1.0000e+00 0.0000e+00 0.0000e+00 0.0000e+00 1.0000e+00 1.0000e+00 3.1250e-01 1.1111e-01 0.0000e+00 0.0000e+00 0.0000e+00 0.0000e+00 1.8182e-01 1.0000e+00 2.0000e-01 0.0000e+00 0.0000e+00 1.0000e+00 1.0000e+00 1.0000e+00 0.0000e+00 0.0000e+00 0.0000e+00 0.0000e+00 1.0000e+00 1.0000e+00 1.0000e+00 3.8462e-01 1.0000e+00 1.0000e+00 1.0000e+00 1.0000e-01 1.0000e+00 1.0000e+00 1.0000e+00 0.0000e+00 1.0000e+00 1.0000e+00 0.0000e+00 1.0000e+00 0.0000e+00 1.1111e-01 1.8182e-01 1.0000e+00 0.0000e+00 1.0000e+00 1.0000e+00 1.0000e+00 1.0000e+00
6.0870e-01 1.0000e+00 5.0000e-01 6.8807e-01 1.6667e-01 1.0000e+00 1.0000e+00 2.3077e-01 4.5455e-01 1.0000e-01 5.4286e-01 5.9524e-01 3.8095e-01 3.3333e-01 1.0000e+00 5.5882e-01 9.0909e-02 0.0000e+00 1.0000e+00 1.0000e+00 1.0000e+00 5.4054e-01 2.3077e-01 2.8571e-01 1.8182e-01 1.0000e+00 1.0000e+00 1.0000e+00 2.1429e-01 1.0000e+00 1.0000e+00 1.0000e+00 0.0000e+00 1.0000e+00 1.0000e+00 1.0000e+00 0.0000e+00 1.0000e+00 1.0000e+00 3.5000e-01 1.0000e+00 1.8182e-01 6.7164e-01 4.3478e-01 1.0000e+00 1.1111e-01 1.0000e+00 1.0000e+00 1.0000e+00 1.0000e+00
2.5000e-01 1.0000e+00 1.1111e-01 3.8095e-01 2.3077e-01 1.0000e+00 1.0000e+00 0.0000e+00 2.0000e-01 2.1429e-01 0.0000e+00 2.5000e-01 1.6667e-01 0.0000e+00 1.0000e+00 0.0000e+00 2.6316e-01 2.0000e-01 1.0000e+00 1.0000e+00 1.0000e+00 2.3077e-01 0.0000e+00 4.3478e-01 1.1111e-01 1.0000e+00 1.0000e+00 1.0000e+00 3.4783e-01 1.0000e+00 1.0000e+00 1.0000e+00 2.3077e-01 1.0000e+00 1.0000e+00 1.0000e+00 1.8182e-01 1.0000e+00 1.0000e+00 1.8182e-01 1.0000e+00 0.0000e+00 3.1250e-01 0.0000e+00 1.0000e+00 0.0000e+00 1.0000e+00 1.0000e+00 1.0000e+00 1.0000e+00
1.1111e-01 1.0000e+00 1.1111e-01 2.9412e-01 5.9649e-01 1.0000e+00 1.0000e+00 2.8571e-01 3.5294e-01 8.6118e-01 0.0000e+00 1.8182e-01 3.8095e-01 1.8182e-01 1.0000e+00 2.8571e-01 0.0000e+00 0.0000e+00 1.0000e+00 1.0000e+00 1.0000e+00 3.1250e-01 0.0000e+00 3.1250e-01 1.8182e-01 1.0000e+00 1.0000e+00 1.0000e+00 6.6406e-01 1.0000e+00 1.0000e+00 1.0000e+00 7.4118e-01 1.0000e+00 1.0000e+00 1.0000e+00 0.0000e+00 1.0000e+00 1.0000e+00 2.3077e-01 1.0000e+00 4.0000e-01 6.8831e-01 5.0000e-01 1.0000e+00 3.1250e-01 1.0000e+00 1.0000e+00 1.0000e+00 1.0000e+00
