1.1000e+01 1.0000e+00 2.8000e+01 1.6000e+01 1.1000e+01 1.7800e+02 1.3340e+03 2.2000e+01 3.2000e+01 0.0000e+00 9.1000e+01 1.0000e+01 2.0000e+00 2.0000e+01 7.0000e+00 2.0000e+00 2.0000e+01 3.0000e+00 7.0000e+00 1.7000e+01 1.1000e+01 7.0000e+00 1.0000e+00 1.4000e+01 7.0000e+00 9.0000e+00 2.2000e+01 6.0000e+00 2.9000e+01 3.5000e+01 1.5000e+01 3.0000e+00 1.1000e+01 2.2000e+01 7.0000e+00 8.8000e+01 4.0000e+00 5.6000e+01 1.2520e+03 2.4000e+01 9.0000e+00 1.4000e+01 9.3000e+01 4.0000e+00 6.0000e+00 1.8000e+01 2.5200e+02 2.9000e+01 8.0000e+00 1.0000e+00
5.0000e+00 6.0000e+00 0.0000e+00 1.6000e+01 2.0000e+00 9.0000e+00 5.0000e+00 9.0000e+00 8.0000e+00 8.0000e+00 1.0000e+00 1.5900e+02 1.0000e+00 2.0000e+00 3.0000e+00 3.0000e+00 4.6900e+02 4.0000e+00 3.0000e+00 1.5000e+01 8.5100e+02 7.0000e+00 5.0000e+00 7.0000e+00 2.5000e+01 1.2000e+01 4.0000e+00 1.1000e+01 3.0000e+00 5.0000e+00 2.0000e+00 3.0670e+03 3.4000e+01 1.0000e+00 9.0000e+00 0.0000e+00 9.0000e+00 4.0000e+00 6.0000e+00 2.0000e+00 2.0000e+00 1.0000e+00 5.0000e+00 1.3000e+01 4.0000e+00 5.0000e+00 2.0000e+00 1.0000e+00 6.0000e+00 1.0000e+00
1.4000e+01 5.0000e+00 7.0000e+00 6.0000e+00 2.0000e+01 5.8000e+01 1.2000e+01 1.0000e+00 0.0000e+00 5.0000e+00 9.0000e+00 3.0000e+00 0.0000e+00 3.0000e+00 1.0000e+00 7.0000e+00 3.0000e+00 2.7000e+01 5.0000e+00 1.0000e+00 8.0000e+00 7.5000e+01 6.0000e+00 3.3000e+01 2.6000e+01 3.0000e+00 1.0000e+00 1.0000e+00 5.0000e+00 1.8420e+03 8.0000e+00 0.0000e+00 0.0000e+00 2.0000e+00 1.0000e+00 1.6000e+01 3.0000e+00 1.0400e+02 2.1300e+02 1.2000e+01 2.0000e+00 2.0000e+00 5.6400e+02 7.1000e+01 1.4000e+01 2.0000e+00 1.7000e+01 1.3000e+01 3.0000e+00 1.0000e+00
1.1000e+01 2.0000e+00 2.0000e+00 1.0000e+00 2.0000e+00 3.0000e+00 9.2000e+01 2.0000e+00 1.2000e+01 1.0000e+00 7.0000e+00 3.8000e+01 0.0000e+00 9.0000e+00 5.0000e+00 3.0000e+01 2.0000e+00 8.0000e+00 8.0000e+00 7.0000e+00 1.0000e+00 1.2000e+01 7.8400e+02 2.0000e+00 2.0000e+00 3.0000e+00 7.0000e+00 0.0000e+00 0.0000e+00 5.9300e+02 0.0000e+00 5.0000e+00 2.0000e+00 0.0000e+00 5.7000e+01 7.0000e+00 2.0000e+00 0.0000e+00 1.0000e+01 1.9000e+01 0.0000e+00 0.0000e+00 1.1200e+02 0.0000e+00 0.0000e+00 2.0000e+01 6.0000e+00 7.0000e+00 1.0000e+00 2.0000e+00
6.0000e+00 3.0000e+00 4.0000e+00 8.0000e+00 1.5000e+01 0.0000e+00 2.2000e+01 4.0000e+00 2.2000e+01 7.0000e+00 2.0000e+00 3.0000e+00 1.0000e+00 1.0000e+00 3.2000e+01 5.0000e+00 2.0000e+00 2.0000e+00 9.0000e+00 1.0000e+00 1.0000e+01 1.0000e+00 1.2000e+01 5.0000e+00 1.1000e+01 3.0000e+00 1.1000e+01 1.1000e+01 3.5820e+03 1.1000e+01 0.0000e+00 0.0000e+00 7.0000e+00 2.0000e+00 2.5000e+01 1.3000e+01 2.0000e+00 6.0000e+00 1.6000e+01 5.0000e+00 4.0000e+00 8.0000e+00 1.3600e+02 6.0000e+00 3.0000e+00 6.0000e+00 8.0000e+00 4.0000e+00 3.0000e+00 0.0000e+00
1.3000e+01 1.0000e+00 3.0000e+00 4.0000e+00 1.1000e+01 5.0000e+00 1.9000e+01 2.0000e+00 1.2000e+01 2.0000e+00 7.0000e+00 0.0000e+00 5.0000e+00 0.0000e+00 1.9000e+01 4.5000e+01 2.0000e+00 0.0000e+00 1.0000e+00 1.0000e+00 1.0000e+00 5.0000e+00 2.0000e+00 4.0000e+00 3.0000e+00 1.0000e+00 0.0000e+00 1.4000e+01 1.0000e+00 7.0000e+00 5.0000e+00 1.0000e+01 9.0000e+00 0.0000e+00 2.0000e+00 2.5000e+01 1.0000e+00 6.0000e+00 3.0800e+02 2.6930e+03 4.0000e+00 1.0000e+00 3.0000e+00 6.0000e+00 1.3000e+01 2.2000e+01 5.0000e+01 5.0000e+00 5.0000e+00 0.0000e+00
4.9400e+02 3.0000e+00 1.7000e+01 0.0000e+00 0.0000e+00 1.4000e+01 4.0000e+00 0.0000e+00 1.0000e+00 0.0000e+00 1.1000e+01 0.0000e+00 0.0000e+00 1.9000e+01 0.0000e+00 2.0000e+00 0.0000e+00 0.0000e+00 0.0000e+00 5.0000e+00 1.0000e+00 0.0000e+00 6.0000e+00 3.0000e+00 0.0000e+00 1.6000e+01 0.0000e+00 1.0000e+00 2.0000e+00 1.8000e+01 2.0000e+00 0.0000e+00 0.0000e+00 3.0000e+00 0.0000e+00 3.0000e+00 0.0000e+00 1.0000e+00 0.0000e+00 3.0000e+00 1.0000e+00 0.0000e+00 4.0000e+00 0.0000e+00 0.0000e+00 1.8650e+03 1.4000e+01 1.1000e+01 2.0000e+00 1.0000e+00
1.0000e+00 1.0000e+00 5.0000e+00 1.2000e+01 2.0000e+00 1.0000e+00 1.0000e+00 1.0000e+00 1.0000e+00 0.0000e+00 5.0000e+00 1.3000e+01 6.0000e+00 3.0000e+00 1.0000e+00 1.2000e+01 4.0000e+00 8.0000e+00 5.0000e+00 0.0000e+00 1.0000e+00 0.0000e+00 8.0000e+00 3.0000e+00 4.0000e+00 1.0000e+00 2.0000e+00 2.0000e+00 4.0000e+00 1.3000e+01 6.0000e+00 2.0000e+00 2.0000e+00 2.0000e+00 1.0000e+00 8.0000e+00 3.0000e+00 1.2000e+01 1.8000e+01 3.0000e+00 0.0000e+00 2.0000e+00 2.0000e+00 2.0000e+00 2.0000e+00 1.0000e+00 0.0000e+00 0.0000e+00 0.0000e+00 1.0000e+00
3.0000e+00 8.0000e+00 0.0000e+00 6.0000e+00 1.1000e+01 1.0000e+00 3.7300e+02 1.5000e+01 2.5000e+01 1.0000e+00 3.0000e+00 1.0000e+00 1.0000e+00 6.0000e+00 3.0000e+00 1.4000e+01 9.0000e+00 5.0000e+00 3.0000e+00 1.0000e+00 7.0000e+00 2.0000e+01 4.0000e+00 5.1000e+01 1.1000e+01 1.0000e+01 3.0000e+00 2.4000e+01 1.0000e+00 7.0000e+00 8.0000e+00 5.0000e+00 1.2000e+01 6.0000e+00 7.0000e+00 1.7000e+01 3.0000e+00 1.5000e+01 2.0000e+00 1.0000e+00 1.0000e+00 1.4000e+01 1.0000e+00 7.0000e+00 9.7000e+01 0.0000e+00 1.2000e+01 5.0000e+00 0.0000e+00 3.0000e+00
9.0000e+00 6.0000e+00 6.0000e+00 7.0000e+00 1.7360e+03 1.2000e+01 3.4000e+01 1.8300e+02 5.0000e+00 1.0000e+01 1.4000e+01 1.7000e+01 5.2000e+01 1.3000e+01 1.0000e+01 3.6000e+01 1.0000e+00 4.0000e+00 6.0000e+00 6.6000e+01 1.7000e+01 8.3000e+01 8.0000e+00 2.0000e+00 1.3000e+01 4.2000e+01 2.3000e+01 3.0000e+00 1.2000e+01 4.0000e+00 3.0000e+00 2.0000e+01 3.1000e+01 4.0000e+00 4.3000e+01 1.9000e+01 6.0000e+00 2.6000e+01 3.4000e+01 2.0000e+00 6.0000e+00 2.0000e+00 2.7000e+01 4.0000e+00 3.0000e+00 0.0000e+00 1.8000e+01 1.0000e+00 4.0000e+00 3.1000e+01
7.0000e+00 4.0000e+00 4.0000e+00 4.0000e+00 3.0000e+00 1.0000e+00 4.0000e+00 0.0000e+00 8.0000e+00 1.0000e+00 1.0000e+00 3.0000e+00 0.0000e+00 2.0000e+00 5.0000e+00 1.0000e+00 1.4000e+01 8.0000e+00 7.4000e+01 0.0000e+00 8.8000e+01 6.0000e+00 2.6000e+01 2.0340e+03 1.8000e+01 6.0000e+00 1.0300e+02 9.0000e+00 1.0000e+00 1.0000e+00 3.0100e+02 1.0000e+01 8.0000e+00 4.0000e+00 1.0000e+00 5.6000e+01 0.0000e+00 2.0000e+00 3.0000e+00 3.0000e+00 0.0000e+00 2.7920e+03 5.0000e+00 2.7000e+01 1.0000e+00 4.0000e+00 6.0000e+00 3.0000e+00 2.3000e+01 3.0000e+00
9.0000e+00 3.0000e+00 8.0000e+00 1.0000e+00 1.1000e+01 1.4150e+03 2.7000e+01 1.1000e+01 0.0000e+00 3.0000e+00 3.3000e+01 4.4000e+01 4.0000e+00 0.0000e+00 4.1000e+01 6.7600e+02 5.0000e+00 7.0000e+00 1.9000e+01 1.0000e+00 3.3000e+01 7.0000e+00 2.0000e+01 0.0000e+00 1.0000e+01 2.0000e+01 2.6100e+02 3.0000e+00 4.6000e+01 2.2000e+01 2.3000e+01 1.0000e+00 0.0000e+00 0.0000e+00 4.9000e+01 5.0000e+00 0.0000e+00 1.5700e+02 6.4000e+01 1.0000e+00 0.0000e+00 6.2000e+01 0.0000e+00 1.0000e+00 0.0000e+00 1.4000e+01 1.1000e+01 4.0000e+00 2.7000e+01 5.0000e+00
3.0000e+00 3.1000e+01 3.4500e+02 4.0000e+00 4.0000e+00 6.0000e+00 4.0000e+00 5.1000e+01 1.2000e+01 3.0000e+00 1.0000e+00 5.4000e+01 1.2700e+02 1.9000e+02 2.0000e+00 1.0000e+00 1.1000e+02 7.0000e+00 7.6800e+02 1.0370e+03 4.1000e+01 0.0000e+00 6.3000e+01 5.3000e+01 5.5400e+02 3.4000e+02 1.3000e+01 1.0000e+02 0.0000e+00 4.0000e+00 7.6100e+02 5.0000e+00 1.2400e+02 4.0000e+00 3.0000e+00 2.0000e+00 6.4800e+02 3.0000e+00 4.0000e+00 3.0000e+00 1.3200e+02 1.4700e+02 2.0000e+00 1.2100e+02 2.0000e+00 0.0000e+00 5.8000e+01 2.0000e+00 5.1000e+01 9.0000e+00
0.0000e+00 3.0000e+00 4.0000e+00 1.4000e+01 1.4000e+01 2.0000e+00 3.0000e+00 1.6000e+01 5.0000e+00 3.5000e+01 5.0000e+00 4.2000e+01 3.0000e+00 8.0000e+00 3.8000e+01 1.3000e+01 1.7000e+01 3.0000e+00 5.0000e+00 5.0000e+00 5.0000e+00 2.4750e+03 2.0000e+00 2.8000e+01 2.8000e+01 5.0000e+00 6.0000e+00 2.3000e+01 3.0000e+00 4.3000e+01 1.6000e+01 1.0000e+01 4.0000e+01 1.0000e+00 1.5000e+01 1.1000e+01 2.0000e+00 1.5000e+02 2.1100e+02 6.2000e+01 1.0000e+00 1.0000e+00 1.7000e+01 1.0000e+00 9.0000e+00 2.3800e+02 4.0000e+00 8.0000e+00 0.0000e+00 0.0000e+00
5.0000e+00 3.0000e+00 2.7000e+01 1.5000e+01 1.8000e+01 2.0000e+00 2.6000e+01 3.0000e+00 2.5000e+01 2.2000e+01 4.2000e+01 1.0000e+00 9.5000e+01 1.2600e+02 1.0000e+00 1.0000e+00 1.1000e+01 1.0000e+01 2.7000e+01 1.3800e+02 2.0000e+00 1.9000e+01 2.0000e+01 3.5000e+01 1.0000e+00 2.7000e+01 1.5000e+01 8.1000e+01 2.0000e+00 1.2000e+01 1.0000e+01 6.0000e+00 3.1000e+01 2.0000e+00 7.0000e+00 3.0000e+00 3.0000e+00 4.4000e+01 1.8000e+01 0.0000e+00 1.2000e+01 2.4000e+01 2.6000e+01 5.6000e+01 1.5800e+02 2.0000e+00 2.8300e+02 1.9000e+01 2.3110e+03 2.0000e+00
1.0000e+00 0.0000e+00 3.0000e+00 6.0000e+00 4.0000e+00 2.0000e+00 6.0000e+00 1.0000e+00 0.0000e+00 0.0000e+00 0.0000e+00 1.0000e+00 0.0000e+00 4.0000e+00 3.5000e+01 4.0000e+00 3.0000e+00 1.0000e+00 2.0000e+00 1.1000e+01 1.1000e+01 1.0000e+01 0.0000e+00 2.0000e+00 3.0000e+00 6.0000e+00 9.0000e+00 2.0000e+00 1.0000e+00 1.0000e+00 0.0000e+00 3.0000e+00 4.0000e+00 3.0500e+02 1.2990e+03 9.0000e+00 1.0000e+00 5.8100e+02 1.7000e+01 0.0000e+00 0.0000e+00 0.0000e+00 5.9000e+01 8.0000e+00 5.6000e+01 0.0000e+00 1.2000e+01 1.7110e+03 3.0000e+00 0.0000e+00
3.0000e+00 0.0000e+00 4.0000e+00 6.0000e+00 2.0000e+00 8.0000e+00 1.0000e+00 0.0000e+00 2.0000e+00 2.0000e+00 5.3300e+02 1.0000e+00 1.3000e+01 1.2000e+01 1.3000e+01 0.0000e+00 7.0000e+00 6.0000e+00 7.0000e+00 7.0000e+00 4.0000e+00 0.0000e+00 3.0000e+00 2.0000e+00 1.1000e+01 6.0000e+00 0.0000e+00 7.0000e+00 5.0000e+00 0.0000e+00 0.0000e+00 1.0000e+00 1.0000e+00 0.0000e+00 5.0000e+00 2.0000e+00 4.0000e+00 0.0000e+00 4.0000e+00 0.0000e+00 0.0000e+00 0.0000e+00 0.0000e+00 6.0000e+00 0.0000e+00 5.0000e+00 3.0000e+00 2.0000e+00 1.1000e+01 1.0000e+00
2.0000e+00 3.4280e+03 0.0000e+00 3.0000e+00 3.0000e+00 3.0000e+00 2.0000e+00 5.9400e+02 7.0000e+00 0.0000e+00 7.0000e+00 2.5000e+01 1.6000e+01 5.9200e+02 2.0000e+00 4.0000e+00 1.5000e+01 2.0000e+00 2.0000e+00 0.0000e+00 2.0000e+00 0.0000e+00 0.0000e+00 0.0000e+00 1.0100e+02 1.5000e+01 4.0000e+00 5.2000e+01 2.0000e+00 2.0000e+00 0.0000e+00 2.0000e+00 0.0000e+00 0.0000e+00 2.0000e+00 5.3000e+01 8.7800e+02 0.0000e+00 1.0000e+00 0.0000e+00 0.0000e+00 1.0000e+00 4.0000e+00 0.0000e+00 6.0000e+00 5.0000e+00 1.0000e+00 3.0000e+00 2.0000e+01 1.9000e+01
9.0000e+00 1.0000e+00 1.0000e+00 3.0000e+00 9.0000e+00 4.0000e+00 5.0000e+00 0.0000e+00 9.0000e+00 0.0000e+00 7.2600e+02 4.0000e+00 0.0000e+00 2.0000e+00 1.0000e+01 1.4800e+02 1.0000e+00 0.0000e+00 0.0000e+00 1.0000e+00 0.0000e+00 0.0000e+00 0.0000e+00 0.0000e+00 4.0000e+00 2.0000e+00 1.0000e+00 0.0000e+00 2.0000e+00 2.2000e+01 1.0000e+00 0.0000e+00 0.0000e+00 0.0000e+00 6.0000e+00 0.0000e+00 0.0000e+00 0.0000e+00 4.6000e+01 4.0000e+00 2.0000e+00 1.1000e+01 4.5000e+01 0.0000e+00 3.0000e+00 9.0000e+00 1.0000e+01 4.0000e+00 0.0000e+00 2.0000e+00
2.0000e+00 1.0000e+00 3.0000e+00 2.0000e+00 1.1000e+01 1.0000e+00 8.0000e+00 1.0000e+00 2.0000e+00 2.0000e+00 5.5000e+01 8.0000e+00 2.0000e+00 1.0000e+00 2.3000e+01 0.0000e+00 0.0000e+00 4.0000e+00 3.0000e+00 1.0000e+00 4.0000e+00 7.0000e+00 2.0000e+00 5.0000e+00 1.0000e+00 5.0000e+00 1.0000e+00 3.0000e+00 3.0000e+00 6.0000e+00 2.0000e+00 3.0000e+00 0.0000e+00 3.0000e+00 1.0000e+00 3.0000e+00 3.0000e+00 1.0000e+00 1.0000e+00 1.0000e+00 4.0000e+00 0.0000e+00 3.0000e+00 5.0000e+00 0.0000e+00 2.0000e+00 8.0000e+00 2.0000e+00 0.0000e+00 1.0000e+00
3.0000e+00 1.0000e+00 0.0000e+00 0.0000e+00 2.0000e+00 5.8000e+01 2.0000e+00 0.0000e+00 1.0000e+00 0.0000e+00 1.9000e+01 1.0000e+00 0.0000e+00 3.0000e+00 0.0000e+00 3.1300e+02 5.0000e+00 6.0000e+00 5.0000e+00 1.0000e+00 2.5000e+01 0.0000e+00 2.0000e+00 0.0000e+00 1.3000e+01 3.0000e+00 1.0000e+00 5.0000e+00 0.0000e+00 3.0000e+00 3.0000e+00 5.0000e+00 3.0000e+00 3.0000e+00 0.0000e+00 5.0000e+00 2.6000e+01 1.0000e+00 0.0000e+00 0.0000e+00 1.4000e+01 4.0000e+00 8.0000e+00 8.0000e+00 5.0000e+00 0.0000e+00 2.7000e+01 2.0000e+00 6.0000e+00 3.6170e+03
4.0000e+00 0.0000e+00 1.0000e+00 1.0000e+01 2.3000e+01 3.0000e+00 2.0000e+00 1.1000e+01 4.0000e+00 4.0000e+00 5.0000e+00 4.0000e+00 1.0000e+00 1.0000e+01 5.0000e+00 1.0000e+00 0.0000e+00 2.0000e+00 0.0000e+00 2.0000e+00 0.0000e+00 2.0000e+00 5.0000e+00 6.0000e+00 2.0000e+00 1.0000e+00 4.0000e+00 3.0000e+00 6.0000e+00 1.0000e+00 1.0000e+00 0.0000e+00 2.0000e+00 4.8000e+03 9.0000e+00 5.0000e+00 1.0000e+00 6.0000e+00 7.0000e+00 6.0000e+00 1.5000e+01 1.0000e+00 3.0000e+00 0.0000e+00 9.0000e+00 1.0000e+00 2.0000e+00 1.4000e+01 0.0000e+00 1.0000e+00
1.2000e+01 5.0000e+00 4.2000e+01 4.0000e+00 6.3000e+01 4.0000e+00 1.0000e+00 1.0000e+00 4.0000e+01 2.4000e+01 3.0000e+00 4.0000e+00 2.0000e+00 7.0000e+00 7.0000e+00 3.9000e+01 9.8500e+02 5.0000e+00 8.0000e+00 1.8700e+02 6.0000e+00 1.3000e+01 2.2200e+02 2.3700e+02 6.0000e+00 2.3000e+01 2.6000e+01 1.5200e+02 2.0000e+00 6.7000e+01 1.0000e+01 9.4100e+02 3.9500e+02 0.0000e+00 1.5900e+02 3.0000e+01 7.0000e+00 1.4800e+02 0.0000e+00 1.5000e+01 1.3000e+01 2.0000e+00 3.9000e+01 0.0000e+00 2.0000e+01 1.0000e+00 2.0000e+00 1.8000e+01 7.0000e+00 1.0000e+00
1.0000e+00 0.0000e+00 0.0000e+00 0.0000e+00 0.0000e+00 9.0000e+00 4.0000e+00 1.0000e+00 1.2000e+01 0.0000e+00 1.1000e+01 0.0000e+00 0.0000e+00 5.0000e+00 5.7000e+01 0.0000e+00 2.8000e+01 0.0000e+00 1.0000e+00 5.0000e+01 6.0000e+00 1.0900e+02 3.9500e+02 3.0000e+00 5.0000e+00 1.5780e+03 1.1000e+01 2.0000e+01 0.0000e+00 1.0000e+00 2.5000e+01 0.0000e+00 0.0000e+00 0.0000e+00 3.0000e+00 2.0570e+03 1.2000e+01 0.0000e+00 6.0000e+00 0.0000e+00 0.0000e+00 0.0000e+00 0.0000e+00 0.0000e+00 0.0000e+00 1.0000e+00 3.8300e+02 1.5000e+01 3.1000e+01 1.0000e+00
4.0000e+00 2.0000e+00 1.0000e+01 0.0000e+00 1.7000e+01 0.0000e+00 0.0000e+00 0.0000e+00 3.0000e+00 1.8000e+01 1.0000e+00 3.0000e+01 0.0000e+00 4.0000e+00 7.0000e+00 4.0000e+00 3.0000e+00 2.0000e+00 4.0000e+00 0.0000e+00 0.0000e+00 1.0000e+00 0.0000e+00 5.0000e+00 0.0000e+00 1.1000e+01 1.3000e+01 3.5600e+02 0.0000e+00 0.0000e+00 1.0000e+00 7.0000e+00 9.0000e+00 1.0000e+00 8.0000e+00 9.0000e+00 1.0000e+00 3.2400e+02 9.0000e+00 1.0000e+00 0.0000e+00 1.1000e+01 1.9000e+01 0.0000e+00 3.7510e+03 1.0000e+00 3.5000e+01 3.0000e+00 0.0000e+00 0.0000e+00
4.3900e+02 3.0000e+00 4.0000e+00 1.3000e+02 7.3000e+02 2.6000e+01 3.0000e+00 3.0000e+00 9.0000e+00 1.0100e+02 4.0000e+00 8.4100e+02 1.7000e+01 3.0000e+00 1.2000e+01 3.7000e+01 1.1000e+01 3.0000e+00 2.0000e+00 7.0000e+00 1.6000e+01 4.0000e+00 2.1000e+01 4.1300e+02 8.8000e+01 1.0000e+01 3.0000e+00 1.4000e+01 2.0000e+00 1.0000e+00 3.0000e+00 1.2000e+01 5.0000e+00 9.0000e+00 4.0000e+00 8.6000e+01 2.0000e+00 1.0990e+03 2.0000e+00 4.0000e+00 2.0000e+00 3.0000e+00 1.0000e+02 1.1000e+01 4.5000e+01 8.4000e+01 1.5000e+01 6.0000e+01 5.0000e+01 0.0000e+00
2.1000e+01 2.0000e+00 0.0000e+00 0.0000e+00 4.0000e+00 8.9000e+01 1.5990e+03 2.0000e+00 4.0000e+00 0.0000e+00 1.0000e+01 6.0000e+00 3.0000e+00 0.0000e+00 6.8000e+01 2.2000e+01 0.0000e+00 3.0000e+00 8.0000e+00 5.0000e+00 1.0000e+01 0.0000e+00 0.0000e+00 3.0000e+00 1.1000e+01 1.4000e+01 0.0000e+00 1.0000e+00 2.8000e+01 4.4000e+01 6.0000e+00 3.0000e+00 0.0000e+00 2.0000e+00 7.8300e+02 2.8000e+01 0.0000e+00 1.9400e+02 6.0000e+00 0.0000e+00 0.0000e+00 4.9000e+01 5.0000e+00 1.0000e+00 0.0000e+00 5.0000e+00 7.0000e+00 1.3000e+01 8.0000e+00 1.0000e+00
3.0000e+00 1.0000e+00 4.0000e+00 2.0000e+00 1.0000e+01 4.0000e+00 1.0000e+00 3.0000e+00 0.0000e+00 3.0000e+00 6.0000e+00 1.0000e+01 0.0000e+00 4.0000e+00 3.0000e+00 6.0000e+00 2.0000e+00 0.0000e+00 3.0000e+00 1.4000e+01 1.5000e+01 1.0000e+00 0.0000e+00 3.0000e+00 5.0000e+00 1.8000e+01 0.0000e+00 9.0000e+00 1.0000e+00 4.0000e+00 4.0000e+00 3.0000e+00 0.0000e+00 0.0000e+00 5.0000e+00 0.0000e+00 1.0000e+00 6.0000e+00 2.8000e+01 0.0000e+00 1.1000e+01 2.1000e+01 1.1000e+01 3.0000e+00 3.0000e+00 1.7400e+02 2.0000e+00 1.4000e+01 1.1000e+01 0.0000e+00
3.1000e+01 3.0000e+00 1.8300e+02 9.0900e+02 7.1000e+01 5.4000e+01 3.8400e+02 1.4000e+01 1.4000e+01 2.4700e+02 5.3000e+01 1.1900e+02 1.0000e+01 5.4000e+01 9.4000e+01 9.0000e+00 1.8900e+02 2.1000e+01 2.3000e+01 2.9000e+01 3.4000e+01 2.9000e+01 9.0000e+00 1.8000e+01 3.4800e+02 5.6000e+01 5.5000e+01 4.6000e+01 9.0000e+00 6.0000e+00 3.0000e+01 1.8000e+01 3.7000e+01 1.5000e+01 1.9000e+01 1.0000e+01 9.0000e+00 2.3000e+01 2.1000e+01 2.0000e+01 1.1300e+02 1.4000e+01 1.5000e+01 6.8000e+01 1.2900e+02 3.3000e+01 9.7000e+01 3.0000e+01 3.0000e+01 1.3000e+01
4.0000e+00 3.0000e+00 7.0000e+00 1.0000e+01 6.0000e+00 2.4000e+01 7.6000e+01 1.4000e+01 2.9400e+02 8.0000e+00 1.2700e+02 5.0000e+01 5.0000e+00 1.3000e+01 2.3000e+01 1.9000e+01 3.0000e+00 7.0000e+00 0.0000e+00 6.0000e+00 2.7000e+01 6.0000e+01 3.0000e+00 1.6000e+01 6.0000e+00 2.2000e+01 7.5500e+02 2.7000e+01 3.0000e+01 1.9000e+01 1.0000e+00 1.8000e+01 1.3000e+01 1.0000e+00 9.7500e+02 1.4000e+01 0.0000e+00 0.0000e+00 2.4600e+02 4.0000e+00 3.0000e+00 9.0000e+00 3.8000e+01 2.0000e+00 2.1000e+02 6.0000e+00 1.2400e+02 4.1000e+01 3.0000e+00 3.0000e+00
1.0000e+00 7.0000e+00 1.0000e+00 0.0000e+00 2.0000e+00 1.0000e+00 2.0000e+00 8.0000e+00 4.0000e+00 8.4000e+01 1.4460e+03 3.0000e+00 1.0000e+00 4.0000e+00 2.8400e+02 5.0000e+00 1.0000e+00 2.0000e+00 1.0000e+00 0.0000e+00 3.2800e+02 1.0000e+00 1.0000e+00 6.0000e+00 1.2410e+03 6.0000e+00 1.2000e+01 3.0000e+00 2.0000e+00 2.0000e+00 4.0000e+00 2.0000e+00 2.4000e+01 0.0000e+00 2.0000e+00 1.1300e+02 2.0000e+00 2.0000e+00 2.0000e+00 3.0000e+00 7.0000e+00 6.0000e+00 3.0000e+00 1.4000e+01 1.0000e+01 6.0000e+00 7.2700e+02 6.2200e+02 0.0000e+00 5.0000e+00
8.0000e+00 6.0000e+00 5.0000e+00 1.2000e+01 1.3000e+01 8.0000e+00 3.0000e+00 8.0000e+00 2.9000e+01 2.1000e+01 8.0000e+00 2.8300e+02 1.5000e+01 2.0000e+00 1.5590e+03 1.4900e+02 1.0000e+00 1.0000e+00 9.0000e+00 2.0000e+00 4.0000e+00 1.0000e+00 1.6000e+01 4.0000e+00 4.0000e+00 6.4300e+02 3.0000e+00 5.0000e+00 2.0000e+00 1.9400e+02 5.0000e+00 7.0000e+00 2.0000e+00 2.7000e+01 3.9000e+01 4.2100e+02 2.0000e+00 1.1800e+02 6.0000e+00 2.0000e+00 1.0000e+00 1.0000e+01 1.8400e+02 1.1000e+01 5.0000e+01 3.0000e+00 4.5000e+01 3.0100e+02 3.0000e+00 2.0000e+01
2.6000e+01 4.0000e+00 5.0000e+00 3.5000e+01 9.0000e+00 1.7600e+02 2.6000e+01 8.0000e+00 2.0000e+01 1.0000e+00 5.0000e+00 3.5000e+01 6.0000e+00 1.0000e+01 4.5000e+01 7.3500e+02 0.0000e+00 0.0000e+00 9.0000e+00 1.0000e+00 1.0000e+00 3.0000e+00 4.0000e+00 6.0000e+00 0.0000e+00 3.6000e+01 6.8000e+01 0.0000e+00 1.5000e+01 9.5000e+01 3.0000e+00 6.0000e+00 1.0000e+00 3.0000e+00 2.5800e+02 3.0000e+00 1.0000e+00 5.0000e+00 1.6000e+03 3.0000e+00 5.0000e+00 2.0000e+01 3.0000e+00 0.0000e+00 1.6000e+01 4.2000e+01 1.8000e+01 7.0000e+00 2.0000e+00 0.0000e+00
1.0000e+00 3.0000e+01 1.3000e+02 2.0000e+00 1.0000e+00 0.0000e+00 3.0000e+00 2.6310e+03 4.2000e+01 7.0000e+00 3.0000e+00 1.9000e+01 1.8340e+03 1.4500e+02 1.0000e+00 3.0000e+00 3.4000e+01 5.7000e+01 2.4000e+01 3.6000e+01 2.3000e+01 4.0000e+00 1.0700e+02 4.9000e+01 3.0000e+00 1.3000e+01 7.0000e+00 6.0000e+00 1.0000e+00 1.0000e+00 1.5100e+02 0.0000e+00 9.2000e+01 4.0000e+00 0.0000e+00 5.3000e+01 1.4300e+02 1.0000e+00 1.0000e+00 4.0000e+00 9.2000e+01 4.0000e+00 1.0000e+00 7.6000e+01 0.0000e+00 5.0000e+00 4.9000e+01 3.0000e+00 1.9000e+01 5.0000e+00
4.0000e+00 0.0000e+00 0.0000e+00 6.0000e+00 0.0000e+00 9.0000e+00 0.0000e+00 3.0000e+00 3.5000e+01 5.0000e+00 1.0000e+00 1.0000e+01 0.0000e+00 0.0000e+00 2.0000e+00 6.0000e+00 0.0000e+00 0.0000e+00 0.0000e+00 0.0000e+00 9.0000e+00 1.4000e+01 0.0000e+00 4.0000e+00 0.0000e+00 3.0000e+00 0.0000e+00 6.0000e+00 2.0000e+00 0.0000e+00 1.6000e+01 1.0000e+00 1.3000e+01 0.0000e+00 2.9000e+01 1.2000e+01 0.0000e+00 0.0000e+00 0.0000e+00 9.0000e+00 0.0000e+00 0.0000e+00 1.5000e+01 5.4000e+02 5.0000e+00 7.0000e+00 2.0000e+00 1.0000e+01 0.0000e+00 0.0000e+00
2.0000e+00 2.8000e+01 2.9000e+01 3.0000e+00 0.0000e+00 1.0000e+00 0.0000e+00 2.3000e+01 1.1700e+02 0.0000e+00 3.0000e+00 5.0000e+00 1.5300e+02 7.7000e+01 1.0000e+00 1.0000e+00 1.9500e+02 4.1600e+02 2.6560e+03 7.8700e+02 6.0000e+00 1.0000e+00 4.8200e+02 6.0000e+00 1.7000e+01 2.0000e+00 3.0000e+00 7.0000e+01 1.0000e+00 1.0000e+00 3.0000e+01 2.0000e+00 8.0000e+00 1.0000e+01 0.0000e+00 2.0000e+00 1.4580e+03 0.0000e+00 2.0000e+00 2.0000e+00 2.2400e+02 6.0000e+00 2.0000e+00 8.0000e+00 0.0000e+00 1.0000e+00 2.0000e+00 0.0000e+00 2.4000e+01 6.0000e+00
1.0000e+00 0.0000e+00 0.0000e+00 3.8000e+01 0.0000e+00 6.0000e+00 9.0000e+00 8.0000e+00 1.0000e+00 9.3000e+01 6.0000e+00 0.0000e+00 2.0000e+00 0.0000e+00 2.9100e+02 1.0000e+00 3.0000e+00 1.5400e+02 3.7000e+01 1.3000e+01 5.2000e+01 2.0000e+00 0.0000e+00 3.7000e+01 1.0000e+00 1.5000e+01 4.7000e+01 0.0000e+00 0.0000e+00 1.0000e+00 0.0000e+00 3.5000e+01 1.3400e+02 0.0000e+00 2.0000e+00 1.0000e+01 2.0000e+00 3.0000e+00 4.4000e+01 1.0000e+01 0.0000e+00 6.1000e+01 3.5000e+01 3.0000e+00 5.6000e+01 1.0000e+00 7.5000e+01 6.9000e+01 0.0000e+00 2.3000e+01
0.0000e+00 3.0000e+00 4.0000e+00 1.5000e+01 5.0000e+00 1.4280e+03 1.0000e+00 4.0000e+00 5.0000e+00 3.0000e+00 3.4000e+01 1.8000e+01 6.0000e+00 4.0000e+00 4.2000e+01 4.7000e+01 4.0000e+00 4.0000e+00 8.0000e+00 4.0000e+00 1.3000e+01 2.7000e+01 7.0000e+00 3.2300e+02 6.9000e+01 1.8000e+01 3.5000e+01 1.0000e+00 1.7000e+01 3.0000e+00 5.0000e+00 2.9000e+01 1.2000e+01 1.0000e+00 2.7000e+01 2.9000e+01 6.6000e+01 1.0000e+01 2.0000e+00 1.0000e+00 4.0000e+00 3.0000e+00 1.7160e+03 9.0000e+00 1.6000e+01 3.0000e+00 4.8000e+01 1.7000e+01 6.0000e+00 2.9000e+01
0.0000e+00 3.7100e+02 2.9200e+02 0.0000e+00 0.0000e+00 2.0000e+00 0.0000e+00 7.0000e+00 8.3000e+01 4.0000e+00 1.0000e+00 3.2000e+01 7.6800e+02 1.7960e+03 0.0000e+00 2.0000e+00 3.0000e+00 1.9520e+03 1.0000e+00 7.8900e+02 1.0000e+00 1.0000e+00 7.0000e+00 0.0000e+00 2.8800e+02 1.0000e+00 2.0000e+00 6.0000e+01 2.0000e+00 1.0000e+00 0.0000e+00 1.0000e+00 2.0000e+00 1.1000e+01 2.0000e+00 3.0000e+00 0.0000e+00 0.0000e+00 1.0000e+00 0.0000e+00 4.8000e+01 2.2000e+01 1.0000e+00 4.0000e+00 0.0000e+00 0.0000e+00 0.0000e+00 1.0000e+00 1.0000e+00 3.0000e+00
0.0000e+00 4.0000e+01 2.4160e+03 2.0000e+00 2.0000e+00 0.0000e+00 1.0000e+00 1.8000e+01 1.6000e+01 2.0000e+00 1.0000e+00 8.0000e+00 1.5000e+02 1.8000e+02 1.0000e+00 0.0000e+00 1.8500e+02 3.7400e+02 8.5000e+01 7.1000e+01 2.0000e+00 7.0000e+00 8.0000e+01 2.0000e+00 1.6000e+01 1.0000e+00 1.0000e+00 1.8700e+02 1.0000e+00 3.0000e+00 2.4270e+03 4.0000e+00 6.3000e+01 6.0000e+00 1.0000e+00 1.0000e+00 2.4700e+02 0.0000e+00 0.0000e+00 4.0000e+00 3.6000e+01 6.0000e+00 2.0000e+00 1.1000e+01 0.0000e+00 4.0000e+00 2.0000e+00 0.0000e+00 5.2000e+01 4.0000e+00
2.1180e+03 2.0000e+00 3.3000e+01 1.0000e+00 2.2000e+01 0.0000e+00 0.0000e+00 5.0000e+00 4.0000e+00 7.0000e+00 1.3000e+01 0.0000e+00 2.0000e+00 3.6000e+01 4.0000e+00 1.0000e+00 1.0000e+00 3.0000e+00 6.2000e+01 0.0000e+00 7.1300e+02 3.0000e+00 2.8000e+01 1.0000e+00 9.1000e+01 2.8000e+01 5.0000e+00 3.0000e+00 2.0000e+00 1.2000e+01 1.0000e+01 1.0000e+00 1.0000e+00 0.0000e+00 1.0000e+00 1.3000e+01 1.0000e+00 0.0000e+00 0.0000e+00 0.0000e+00 0.0000e+00 3.6000e+01 7.0000e+00 6.0000e+00 6.7000e+01 2.0500e+02 1.0100e+02 1.3100e+02 2.9000e+01 6.0000e+00
0.0000e+00 1.5000e+01 2.2000e+01 1.0000e+00 1.0000e+00 0.0000e+00 3.0000e+00 1.3000e+01 2.2160e+03 0.0000e+00 3.0000e+00 5.0000e+00 2.7000e+01 2.2000e+01 1.0000e+00 0.0000e+00 3.1300e+02 9.3000e+01 6.4000e+01 2.5000e+01 2.0000e+00 5.0000e+00 1.2400e+02 1.0000e+00 1.5000e+01 0.0000e+00 1.0000e+00 2.0220e+03 1.0000e+00 1.0000e+00 2.1000e+01 5.0000e+00 9.0000e+00 1.0000e+01 1.0000e+00 0.0000e+00 5.3000e+01 0.0000e+00 0.0000e+00 1.0000e+00 2.0510e+03 1.1000e+01 0.0000e+00 1.2000e+01 0.0000e+00 3.0000e+00 3.0000e+00 4.0000e+00 2.2000e+01 3.0000e+00
0.0000e+00 0.0000e+00 6.0000e+00 0.0000e+00 1.6000e+01 5.0000e+00 1.1000e+01 0.0000e+00 2.0000e+00 1.0000e+01 0.0000e+00 6.0000e+00 2.0000e+00 5.0000e+00 1.1000e+01 4.0000e+00 9.0000e+00 0.0000e+00 0.0000e+00 5.0000e+00 2.8000e+01 3.0000e+00 1.0000e+00 4.0000e+00 2.0000e+00 3.0000e+00 4.1000e+01 1.2000e+01 4.0000e+00 1.6000e+01 4.0000e+00 4.0000e+00 0.0000e+00 0.0000e+00 0.0000e+00 1.2000e+01 3.0000e+00 0.0000e+00 2.2000e+01 0.0000e+00 0.0000e+00 0.0000e+00 2.5000e+01 0.0000e+00 2.6000e+01 6.0000e+00 0.0000e+00 9.0000e+00 0.0000e+00 1.0000e+00
0.0000e+00 8.0000e+00 6.0000e+00 2.0000e+00 1.0000e+00 1.4000e+01 1.4600e+02 4.0000e+00 0.0000e+00 1.8000e+01 5.6000e+01 5.0000e+00 0.0000e+00 4.0000e+00 1.0000e+00 2.4000e+01 2.0000e+00 9.9000e+01 4.0000e+00 3.0000e+00 1.0000e+00 1.1000e+01 3.8000e+01 3.0000e+00 1.0000e+00 8.0000e+00 1.2000e+01 3.0000e+00 3.0000e+00 2.0000e+00 1.3000e+01 5.0000e+00 0.0000e+00 0.0000e+00 3.0000e+00 1.4000e+01 0.0000e+00 9.0000e+00 2.0000e+00 1.3480e+03 0.0000e+00 5.0000e+00 5.0000e+00 2.0000e+00 5.0000e+00 8.0000e+00 4.0000e+00 3.5000e+01 3.0000e+00 0.0000e+00
4.9000e+01 1.0000e+00 1.0000e+01 8.6000e+01 2.0000e+00 1.4000e+01 1.2000e+01 2.0000e+00 1.6000e+01 7.0000e+00 5.0000e+00 5.9900e+02 1.4000e+01 1.2000e+01 9.8000e+01 9.8100e+02 3.0000e+00 1.1000e+01 1.1000e+01 3.0000e+00 1.3000e+01 1.8000e+01 9.0000e+00 6.0000e+00 6.2000e+01 2.1000e+01 2.8000e+01 3.0000e+00 6.0000e+00 3.7900e+02 1.0000e+01 1.5000e+01 2.1000e+01 2.0000e+00 5.4000e+01 9.7000e+01 2.2000e+01 4.0000e+01 6.0000e+01 0.0000e+00 1.3000e+01 1.2000e+01 6.5000e+01 9.0000e+00 2.1000e+01 6.2000e+01 2.4000e+01 1.4000e+01 6.0000e+00 3.0000e+00
2.0000e+00 4.0000e+00 2.5000e+01 9.9000e+01 1.7400e+02 5.9000e+01 5.3000e+01 7.0000e+00 1.4000e+01 2.0000e+00 7.0000e+00 1.3000e+01 5.0000e+00 6.0000e+00 1.1100e+02 2.3000e+01 1.0000e+00 4.7000e+01 6.0000e+00 7.0000e+00 1.3000e+01 2.0000e+00 6.0000e+00 4.8000e+01 0.0000e+00 2.4000e+01 7.7800e+02 1.0000e+00 1.4000e+01 3.4000e+01 6.0000e+00 1.0000e+00 2.3800e+02 0.0000e+00 2.4000e+01 1.4000e+01 1.8000e+01 2.0000e+00 2.0000e+00 2.4000e+01 1.7000e+01 1.9000e+01 7.0000e+00 1.3840e+03 3.0000e+00 3.0000e+00 1.3000e+01 3.4000e+01 4.0000e+00 5.0000e+00
2.0000e+00 0.0000e+00 1.0000e+00 0.0000e+00 5.0000e+00 0.0000e+00 0.0000e+00 2.1000e+01 4.5000e+01 1.0000e+00 1.0000e+00 2.0000e+00 3.0000e+00 1.1000e+01 4.0000e+00 1.0000e+00 1.0000e+00 0.0000e+00 2.0000e+00 5.0000e+00 2.2000e+01 2.0000e+00 1.0000e+00 3.0000e+00 4.0000e+00 1.0000e+00 0.0000e+00 0.0000e+00 1.6000e+01 9.0000e+00 5.0000e+00 2.0000e+00 1.0000e+00 0.0000e+00 0.0000e+00 0.0000e+00 0.0000e+00 1.0000e+00 0.0000e+00 0.0000e+00 0.0000e+00 1.0000e+00 3.0000e+01 7.0000e+00 0.0000e+00 3.0000e+00 2.0000e+00 1.0000e+00 2.0000e+00 3.0000e+00
8.6000e+01 2.0000e+00 3.8000e+01 1.8390e+03 1.0000e+01 5.0000e+00 1.4000e+01 4.0000e+00 6.3000e+01 4.0000e+00 2.5000e+01 2.1000e+01 3.6000e+01 4.0000e+01 9.4000e+01 7.0000e+01 1.3000e+01 1.0000e+00 4.0000e+00 0.0000e+00 3.9200e+02 9.2000e+01 2.0000e+01 1.0000e+01 1.8000e+01 2.6000e+01 1.3000e+01 1.0000e+00 4.0000e+00 4.9000e+01 2.0000e+00 9.6000e+01 6.0000e+00 1.1000e+01 1.4000e+01 3.0000e+00 7.0000e+00 1.0000e+00 2.0000e+00 9.0000e+00 6.5200e+02 1.0000e+01 1.2600e+02 1.7000e+01 4.0000e+00 6.0000e+00 2.5000e+01 9.0000e+00 4.1000e+01 0.0000e+00
1.1000e+01 8.0000e+00 3.0000e+00 4.5000e+01 3.0000e+00 1.4000e+01 1.0000e+01 5.0000e+00 2.5000e+01 1.3000e+01 5.0000e+00 2.3000e+01 6.0000e+00 9.0000e+00 9.5000e+01 1.9000e+01 1.7000e+01 1.5000e+01 9.0000e+00 1.1000e+01 4.0000e+00 2.6000e+01 1.4000e+01 3.9000e+01 2.5000e+01 1.0000e+01 2.1000e+01 1.6000e+01 4.4000e+01 1.1600e+02 4.0000e+00 6.0000e+00 1.6000e+01 1.0000e+00 2.3000e+01 1.4000e+01 6.0000e+00 8.6100e+02 8.9000e+01 2.0000e+00 2.4000e+01 1.0000e+00 1.1700e+02 1.0000e+00 0.0000e+00 5.0000e+00 8.0000e+00 1.9000e+01 8.0000e+00 1.3000e+01
5.0000e+00 2.0000e+00 1.0000e+00 1.2000e+01 2.6000e+01 0.0000e+00 1.0000e+00 7.0000e+00 5.0000e+00 3.1520e+03 2.0000e+00 6.0000e+00 2.0000e+00 0.0000e+00 3.0000e+00 1.0000e+00 0.0000e+00 1.0000e+00 1.0000e+00 2.0000e+01 7.0000e+00 4.0000e+00 4.0000e+00 1.5000e+01 3.0000e+00 1.7000e+01 1.3000e+01 2.8000e+01 2.1000e+01 1.0000e+00 8.0000e+00 6.0000e+00 1.5070e+03 1.2000e+01 3.0000e+00 8.3000e+01 0.0000e+00 2.0000e+00 0.0000e+00 0.0000e+00 1.0000e+00 4.7000e+01 3.0000e+00 3.5000e+01 1.0000e+00 1.0000e+00 4.1000e+01 1.0000e+00 3.0000e+00 3.0000e+00
