8.4444e-01 0.0000e+00 1.6667e-01 7.2500e-01 5.4545e-01 5.6818e-01 4.1667e-01 2.1429e-01 9.0578e-01 9.7100e-01
2.2222e-01 5.6522e-01 0.0000e+00 9.9803e-01 5.7447e-01 4.0000e-01 8.3784e-01 0.0000e+00 1.1111e-01 9.7145e-01
9.8019e-01 4.2857e-01 0.0000e+00 6.4151e-01 7.8162e-01 5.7143e-01 9.6744e-01 7.7745e-01 4.0909e-01 1.2500e-01
8.1818e-01 7.5000e-01 6.1538e-01 2.5000e-01 7.0507e-01 9.7815e-01 0.0000e+00 4.3478e-01 5.0000e-01 7.0588e-01
0.0000e+00 2.9412e-01 8.7938e-01 6.3000e-01 2.1739e-01 1.5385e-01 0.0000e+00 6.1607e-01 1.5385e-01 3.8462e-01
7.5000e-01 2.5000e-01 0.0000e+00 0.0000e+00 4.3478e-01 3.8095e-01 9.6772e-01 7.3333e-01 1.8182e-01 6.0465e-01
8.2570e-01 4.8837e-01 1.0000e-01 2.8571e-01 6.2509e-01 4.6429e-01 4.6341e-01 7.1429e-02 5.4902e-01 6.2308e-01
5.4839e-01 9.6671e-01 9.5527e-01 2.0000e-01 0.0000e+00 4.0000e-01 6.4815e-01 8.3386e-01 5.4545e-01 0.0000e+00
2.3529e-01 4.2857e-01 0.0000e+00 7.7460e-01 4.8555e-01 0.0000e+00 5.3030e-01 5.5656e-01 7.3155e-01 3.8235e-01
0.0000e+00 9.9513e-01 2.7273e-01 0.0000e+00 0.0000e+00 2.3077e-01 1.2500e-01 5.0000e-01 4.1667e-01 5.7500e-01
