2.9921e-01 9.9099e-02 2.8986e-01 4.1322e-01 3.0702e-01 6.4220e-01 8.9256e-01 2.7273e-01 2.2794e-01 1.4912e-01 4.6667e-01 2.2857e-01 1.3008e-01 2.7206e-01 2.9577e-01 5.2577e-01 2.2047e-01 1.4783e-01 4.1667e-02 2.3214e-01 2.5893e-01 3.4188e-01 7.8261e-02 2.5210e-01 9.0000e-02 1.9835e-01 4.2017e-01 1.4141e-01 4.6018e-01 5.0515e-01 1.8750e-01 2.7143e-01 2.0175e-01 4.2446e-01 3.5780e-01 4.8039e-01 1.3710e-01 5.2518e-01 8.7097e-01 5.4622e-01 1.7692e-01 1.0569e-01 6.9444e-01 1.7241e-01 4.0000e-01 4.2636e-01 4.3103e-01 4.3137e-01 1.8261e-01 1.8261e-01
3.0833e-01 9.8039e-02 3.6697e-02 4.9505e-01 3.7838e-01 5.7273e-01 1.4286e-01 2.3404e-01 2.7103e-01 3.1387e-01 2.2764e-01 5.1923e-01 1.5038e-01 1.2195e-01 2.6891e-01 6.4516e-01 5.0000e-01 2.4194e-01 1.3636e-01 3.3929e-01 7.0769e-01 4.1667e-01 2.2131e-01 1.9828e-01 3.7984e-01 3.1200e-01 3.0252e-01 2.9661e-01 2.6829e-01 8.1600e-01 1.2281e-01 9.1736e-01 4.2373e-01 2.7273e-02 1.0000e+00 1.6129e-01 1.7172e-01 5.7576e-01 1.0000e+00 1.8033e-01 9.3023e-02 8.1301e-02 8.4746e-01 5.8730e-01 8.4034e-01 3.2231e-01 8.3333e-02 2.5000e-01 1.7213e-01 1.1382e-01
2.3684e-01 8.3333e-02 1.1304e-01 1.5833e-01 1.4844e-01 5.1304e-01 4.0336e-01 1.7073e-01 0.0000e+00 2.7731e-01 1.9388e-01 4.6875e-02 6.8702e-02 9.1603e-02 4.3860e-02 4.1880e-01 7.9646e-02 2.1154e-01 7.9646e-02 5.7851e-02 2.3967e-01 4.2623e-01 1.1009e-01 2.8346e-01 2.1239e-01 2.4409e-01 1.2727e-01 9.3458e-02 1.3084e-01 7.8814e-01 2.6531e-01 1.5574e-01 5.1724e-02 1.4615e-01 1.9048e-01 2.7679e-01 3.3058e-02 4.9600e-01 7.0543e-01 2.8571e-01 3.1250e-02 2.5424e-02 5.0000e-01 4.1346e-01 2.7027e-01 1.0185e-01 2.2951e-01 2.0741e-01 9.3525e-02 1.2121e-01
2.5620e-01 2.5641e-02 8.9286e-02 2.5424e-02 9.4828e-02 7.5000e-02 5.7377e-01 6.8182e-02 1.4655e-01 4.3860e-02 7.7519e-02 2.4771e-01 0.0000e+00 3.0172e-01 1.6783e-01 2.9630e-01 3.4483e-02 5.7851e-02 8.3969e-02 4.2735e-02 3.8760e-02 1.3600e-01 4.0984e-01 1.0000e-01 5.0000e-02 6.7797e-02 2.1053e-01 2.2388e-02 8.5470e-03 6.4748e-01 6.1224e-02 7.5188e-02 7.8740e-03 2.5641e-02 4.3089e-01 1.6084e-01 2.6786e-02 0.0000e+00 4.0741e-01 3.3333e-01 0.0000e+00 0.0000e+00 4.3137e-01 2.6786e-02 0.0000e+00 2.8571e-01 1.0000e-01 1.9403e-01 3.9062e-02 5.4688e-02
2.3276e-01 7.5000e-02 1.2500e-01 3.0435e-01 2.6772e-01 3.2432e-01 1.0000e+00 1.6949e-01 2.2936e-01 2.2764e-01 2.6923e-01 1.6364e-01 7.9208e-02 1.8095e-01 2.6316e-01 2.8346e-01 9.9174e-02 9.0226e-02 1.8919e-01 3.7383e-02 2.4194e-01 2.3622e-01 2.0721e-01 1.9847e-01 2.0325e-01 2.4561e-01 2.6891e-01 1.9130e-01 7.9200e-01 6.1600e-01 1.6667e-02 9.9237e-02 1.3131e-01 1.3077e-01 6.9466e-01 1.3934e-01 3.9216e-02 3.1452e-01 1.0000e+00 2.5806e-01 7.7586e-02 1.7925e-01 6.9173e-01 1.4516e-01 2.9204e-01 2.2807e-01 2.5893e-01 1.2500e-01 1.2295e-01 1.6901e-01
1.9626e-01 6.2016e-02 4.2017e-02 1.4634e-01 3.2231e-01 1.6522e-01 4.0870e-01 9.6491e-02 2.5758e-01 9.6491e-02 2.6429e-01 1.8571e-01 9.5652e-02 0.0000e+00 2.2556e-01 3.3858e-01 0.0000e+00 5.1724e-02 9.4203e-02 9.2308e-02 8.3333e-02 1.4530e-01 1.0909e-01 1.5833e-01 6.1947e-02 6.0345e-02 1.6667e-02 2.1477e-01 9.0090e-02 2.7559e-01 1.6129e-01 2.3200e-01 1.3740e-01 4.4118e-02 2.4272e-01 3.4127e-01 8.3333e-02 1.2403e-01 7.4336e-01 8.2443e-01 9.0909e-02 4.8000e-02 4.4628e-01 1.7797e-01 4.1803e-01 3.3721e-01 2.7966e-01 2.2835e-01 1.3115e-01 8.7719e-03
4.8092e-01 4.3103e-02 1.9328e-01 1.7699e-02 3.8835e-02 2.9000e-01 1.6176e-01 0.0000e+00 3.1496e-02 0.0000e+00 3.3813e-01 0.0000e+00 7.6336e-02 2.0183e-01 0.0000e+00 5.2174e-02 0.0000e+00 0.0000e+00 0.0000e+00 1.3913e-01 3.7594e-02 0.0000e+00 1.2800e-01 2.4590e-02 1.5038e-02 8.9109e-02 0.0000e+00 3.6364e-02 9.4488e-02 3.4454e-01 2.7273e-02 0.0000e+00 0.0000e+00 1.8382e-01 0.0000e+00 1.1852e-01 0.0000e+00 1.7822e-01 0.0000e+00 2.1186e-01 1.5038e-02 0.0000e+00 1.2097e-01 0.0000e+00 0.0000e+00 5.8594e-01 2.2549e-01 2.3485e-01 6.2500e-02 1.3600e-01
7.2581e-02 3.5398e-02 1.2069e-01 1.2605e-01 1.5038e-01 2.0661e-01 1.4035e-01 6.2500e-02 2.0548e-02 7.9646e-02 1.9008e-01 1.9130e-01 9.0164e-02 1.1111e-01 4.7619e-02 3.2203e-01 1.1570e-01 1.5833e-01 8.9109e-02 7.6336e-02 5.1724e-02 1.1304e-01 1.2000e-01 1.5254e-01 6.7961e-02 1.6529e-02 2.4194e-02 1.0909e-01 1.2000e-01 3.2812e-01 1.3014e-01 1.8033e-01 5.4688e-02 6.3492e-02 1.2069e-01 1.1719e-01 1.4493e-02 2.1600e-01 3.9474e-01 4.8276e-02 2.7397e-02 2.3438e-02 7.1429e-02 7.4766e-02 1.0526e-02 0.0000e+00 3.0303e-02 1.0370e-01 5.6000e-02 3.4188e-02
7.2000e-02 1.4583e-01 7.8261e-02 8.8235e-02 3.1818e-01 1.0606e-01 6.0156e-01 1.6529e-01 1.5385e-01 7.7586e-02 5.8333e-02 5.8824e-02 3.4783e-02 1.6260e-01 1.7647e-01 5.0704e-01 1.3333e-01 1.0656e-01 1.1644e-01 3.6036e-02 5.6911e-02 2.2951e-01 4.7170e-02 2.3077e-01 1.8519e-01 1.9626e-01 5.5118e-02 1.3445e-01 1.5267e-01 2.1970e-01 1.3592e-01 1.8939e-01 1.6547e-01 2.4000e-01 2.1667e-01 2.6797e-01 3.8462e-02 2.5234e-01 6.7669e-02 7.3529e-02 8.6207e-03 1.5254e-01 4.6296e-02 1.2389e-01 5.7143e-01 4.0984e-02 1.9444e-01 8.5470e-02 4.6875e-02 1.3514e-01
1.4035e-01 8.8710e-02 1.1290e-01 2.2222e-01 4.8000e-01 2.1429e-01 3.8667e-01 2.5000e-01 1.3235e-01 1.6667e-01 2.6087e-01 1.1511e-01 1.6216e-01 1.0619e-01 1.8018e-01 3.7681e-01 1.0236e-01 1.1927e-01 2.0870e-01 2.4060e-01 2.3741e-01 4.0000e-01 2.4219e-01 1.2605e-01 1.0435e-01 2.5581e-01 2.0472e-01 9.0909e-02 2.5439e-01 1.9388e-01 1.1864e-01 2.5664e-01 1.8657e-01 1.3333e-01 3.1858e-01 2.5253e-01 7.2464e-02 3.3333e-01 5.3846e-01 1.4407e-01 1.1765e-01 4.8951e-02 3.2727e-01 1.4035e-01 2.1101e-01 1.7857e-01 2.4806e-01 2.5664e-01 2.0000e-01 2.5893e-01
8.4956e-01 9.7744e-02 2.9060e-01 8.3871e-01 2.2308e-01 3.0508e-01 8.4921e-01 9.0278e-02 3.3898e-01 2.7642e-01 2.4771e-01 3.1933e-01 7.5630e-02 2.2222e-01 9.0426e-01 5.1695e-01 2.9204e-01 5.5085e-01 6.7521e-01 8.2759e-02 7.1074e-01 8.3784e-01 6.1667e-01 9.1579e-01 4.0708e-01 3.4454e-01 7.5194e-01 2.5424e-01 1.2195e-01 4.4231e-01 6.9565e-01 7.6068e-01 4.0594e-01 5.8730e-01 4.1732e-01 7.2441e-01 2.4800e-01 5.0000e-01 7.7570e-01 7.6344e-01 8.8496e-03 7.3451e-01 6.5041e-01 6.1818e-01 5.9016e-01 6.2205e-01 2.8030e-01 7.3438e-01 5.8252e-01 2.6613e-01
2.1429e-01 7.8740e-02 8.3333e-02 1.4394e-01 2.0161e-01 5.7018e-01 3.9062e-01 7.3171e-02 0.0000e+00 1.0938e-01 3.6220e-01 2.4167e-01 6.5574e-02 0.0000e+00 3.4711e-01 5.7627e-01 8.8710e-02 1.2389e-01 1.4876e-01 3.5088e-02 2.9839e-01 1.1278e-01 2.1094e-01 9.2308e-02 2.3810e-01 2.3478e-01 3.7500e-01 1.1570e-01 4.8000e-01 3.4483e-01 2.0144e-01 1.1029e-01 0.0000e+00 3.2787e-02 5.0926e-01 1.5702e-01 0.0000e+00 5.2713e-01 6.6972e-01 6.1404e-02 0.0000e+00 2.8082e-01 1.0092e-01 5.4054e-02 0.0000e+00 1.7593e-01 1.0370e-01 1.5179e-01 3.0702e-01 1.7708e-01
7.9808e-01 7.0732e-01 7.6923e-01 4.9645e-01 6.2411e-01 7.5373e-01 5.8730e-01 7.0370e-01 4.8529e-01 8.0620e-01 4.4444e-01 6.4615e-01 6.9725e-01 7.2000e-01 5.8824e-01 4.6078e-01 6.4885e-01 4.0179e-01 7.6190e-01 8.1818e-01 6.5812e-01 5.0909e-01 6.1905e-01 6.7480e-01 7.5735e-01 8.4298e-01 4.9153e-01 5.9542e-01 6.7568e-01 6.8841e-01 8.0952e-01 8.8073e-01 7.0248e-01 3.5455e-01 6.5254e-01 5.1724e-01 7.6190e-01 7.2222e-01 7.9070e-01 7.4510e-01 6.3077e-01 8.0000e-01 3.3628e-01 7.7778e-01 4.5312e-01 7.2115e-01 7.2727e-01 4.0458e-01 7.0297e-01 6.6667e-01
1.4545e-01 1.6814e-01 8.8000e-02 4.2276e-01 3.1538e-01 2.7820e-01 2.1168e-01 2.3485e-01 1.5000e-01 3.0702e-01 2.6549e-01 3.5135e-01 9.4828e-02 1.9728e-01 3.4127e-01 3.4146e-01 1.2174e-01 1.7391e-01 5.5046e-02 1.0687e-01 1.4530e-01 7.1053e-01 1.6239e-01 3.3058e-01 2.4603e-01 2.2222e-01 2.4242e-01 2.5197e-01 1.4894e-01 5.4472e-01 2.2222e-01 3.5433e-01 3.9535e-01 1.4634e-01 3.4167e-01 3.0233e-01 8.0645e-02 6.5323e-01 7.3529e-01 7.2269e-01 3.7736e-02 8.3333e-02 3.3636e-01 1.5385e-01 5.0769e-01 6.3248e-01 1.6129e-01 3.1405e-01 1.0435e-01 1.3793e-01
2.8571e-01 6.7797e-02 2.6415e-01 3.3813e-01 3.5897e-01 2.7000e-01 7.5652e-01 1.8657e-01 3.3094e-01 2.3438e-01 4.9587e-01 1.2712e-01 3.9286e-01 4.2735e-01 1.6822e-01 2.3585e-01 1.3846e-01 2.2581e-01 3.0702e-01 3.6620e-01 1.9178e-01 2.4800e-01 2.6772e-01 2.5439e-01 1.4583e-01 3.3621e-01 2.0438e-01 3.3333e-01 2.0561e-01 2.3214e-01 2.2835e-01 2.5781e-01 3.8136e-01 1.8269e-01 3.3036e-01 2.3810e-01 1.2174e-01 6.1538e-01 6.0000e-01 3.0357e-01 1.4062e-01 2.4561e-01 4.8438e-01 3.8095e-01 6.3333e-01 2.2222e-01 4.4915e-01 3.3099e-01 6.4762e-01 1.4912e-01
7.4627e-03 0.0000e+00 7.8431e-02 1.4173e-01 1.8705e-01 7.6271e-02 6.1240e-01 2.1212e-01 6.6667e-02 7.7586e-02 1.2698e-01 8.6538e-02 5.4054e-02 1.1475e-01 3.8333e-01 3.0973e-01 9.4488e-02 3.5211e-02 6.7227e-02 1.1475e-01 3.1000e-01 2.5600e-01 7.6271e-02 1.4961e-01 7.4380e-02 9.4828e-02 1.6923e-01 2.0168e-01 8.8710e-02 1.6505e-01 3.4188e-02 2.0472e-01 7.2072e-02 7.5630e-01 8.2500e-01 2.4752e-01 2.6316e-02 7.7444e-01 7.5207e-01 1.4062e-01 0.0000e+00 8.5470e-03 5.6391e-01 1.3534e-01 6.9492e-01 1.6260e-02 7.0423e-02 6.5116e-01 2.7027e-02 1.2295e-01
7.4627e-02 5.4545e-02 1.1940e-01 6.5574e-02 4.3165e-02 5.7377e-02 4.3103e-02 9.9174e-02 7.9365e-03 7.6190e-02 4.5669e-01 9.3023e-02 1.8033e-01 2.5773e-01 2.3585e-01 0.0000e+00 1.3636e-01 9.8485e-02 4.3860e-02 1.2500e-01 1.8182e-01 9.9010e-03 9.4203e-02 3.8168e-02 5.1724e-02 9.2308e-02 0.0000e+00 2.6613e-01 1.1570e-01 7.8014e-02 7.7586e-02 1.2389e-01 8.6207e-02 1.1719e-01 6.6667e-02 1.0280e-01 3.8760e-02 0.0000e+00 1.7593e-01 3.5398e-02 0.0000e+00 0.0000e+00 0.0000e+00 1.0256e-01 0.0000e+00 2.6923e-01 1.0526e-01 2.0870e-01 1.2295e-01 6.8182e-02
5.7658e-01 8.0833e-01 1.0924e-01 6.2037e-01 6.6667e-01 5.1402e-01 5.1969e-01 7.9675e-01 2.3770e-01 2.7523e-02 6.5094e-01 5.0370e-01 2.9524e-01 7.4265e-01 2.3009e-01 7.9675e-01 4.5902e-01 7.4074e-02 2.7885e-01 2.6786e-02 2.2764e-01 1.5152e-01 5.2632e-02 1.1927e-01 7.2727e-01 4.9138e-01 2.5243e-01 4.9580e-01 1.6071e-01 4.5455e-01 0.0000e+00 5.1111e-01 7.8431e-02 3.0645e-01 3.6364e-01 8.3333e-01 7.6613e-01 0.0000e+00 4.9180e-01 8.1081e-02 0.0000e+00 1.4634e-01 7.3504e-01 0.0000e+00 9.7600e-01 5.8416e-01 7.0796e-02 7.7869e-01 4.5669e-01 4.1803e-01
1.5315e-01 9.8361e-02 2.1978e-02 1.9417e-01 2.8829e-01 7.2000e-02 9.3220e-02 0.0000e+00 6.7227e-02 0.0000e+00 5.2756e-01 8.1818e-02 0.0000e+00 9.4340e-02 2.6471e-01 4.8837e-01 3.3613e-02 0.0000e+00 0.0000e+00 5.6911e-02 2.5424e-02 8.6207e-02 0.0000e+00 6.8702e-02 3.7736e-02 5.9829e-02 4.8387e-02 1.7857e-02 1.3710e-01 3.1897e-01 1.4388e-02 9.1743e-03 1.0526e-01 6.2992e-02 2.1600e-01 1.7857e-02 0.0000e+00 8.2569e-02 3.7097e-01 1.4286e-01 5.0847e-02 1.0000e-01 4.5000e-01 0.0000e+00 6.9565e-02 2.0388e-01 2.6549e-01 3.9062e-02 3.2258e-02 4.6296e-02
2.6154e-01 1.5385e-02 2.4793e-02 1.3223e-01 2.0175e-01 1.5789e-01 2.4427e-01 5.1724e-02 8.1081e-02 6.7227e-02 3.8346e-01 1.9298e-01 9.0090e-03 4.2735e-02 2.2759e-01 2.5210e-01 1.6260e-02 6.9767e-02 3.2520e-02 5.5046e-02 3.4783e-02 9.1667e-02 4.0984e-02 1.7647e-01 3.4783e-02 8.7302e-02 9.6154e-03 9.2593e-02 1.2121e-01 1.6667e-01 6.6667e-02 6.0345e-02 2.2556e-02 4.1322e-02 6.9444e-02 8.8710e-02 4.8000e-02 1.4894e-01 9.2593e-02 1.8400e-01 0.0000e+00 6.6667e-02 1.2500e-01 1.2605e-01 8.4906e-02 1.1864e-01 8.9655e-02 6.3492e-02 9.7087e-03 7.8014e-02
4.0816e-01 3.5294e-02 1.2397e-01 8.8889e-02 7.2000e-02 6.2698e-01 4.7154e-01 9.1743e-02 2.7027e-02 7.3529e-03 5.3211e-01 3.2787e-02 0.0000e+00 1.9835e-01 0.0000e+00 7.3984e-01 1.2598e-01 1.5748e-01 1.0084e-01 9.9010e-02 3.5200e-01 7.7519e-02 7.6271e-02 5.1546e-02 2.3358e-01 2.2314e-01 3.7313e-02 1.4050e-01 1.2745e-01 1.6807e-01 1.5447e-01 2.8571e-01 1.7476e-01 3.9604e-02 2.6316e-01 1.9588e-01 3.9815e-01 2.4793e-01 1.9858e-01 8.4906e-02 2.4390e-01 5.8333e-02 4.4643e-01 3.1852e-01 2.0423e-01 2.6613e-01 3.1356e-01 1.4961e-01 1.1538e-01 7.1053e-01
3.8614e-01 5.6000e-02 1.7037e-01 5.6000e-01 4.2373e-01 2.2314e-01 5.1456e-01 2.2581e-01 1.0490e-01 1.1538e-01 2.0833e-01 8.6614e-02 1.9048e-02 1.6981e-01 3.1034e-01 4.9618e-01 7.0175e-02 2.0513e-01 4.5045e-02 1.3208e-01 1.0084e-01 1.6935e-01 2.1705e-01 2.8571e-01 1.0744e-01 2.3134e-01 3.0952e-01 1.0345e-01 1.6102e-01 2.2917e-01 4.3796e-02 1.8018e-01 2.1311e-01 1.0000e+00 5.8333e-01 2.3148e-01 7.4074e-02 7.2794e-01 6.8468e-01 2.9104e-01 3.4821e-01 1.3223e-01 4.1739e-01 6.0345e-02 4.7727e-01 1.9841e-01 8.8710e-02 4.0179e-01 1.4286e-01 4.4248e-02
3.3929e-01 9.7345e-02 1.8750e-01 5.2336e-01 5.2941e-01 3.8406e-01 3.1544e-01 2.6087e-01 4.0206e-01 3.2381e-01 1.9355e-01 1.8110e-01 9.5652e-02 1.8333e-01 3.0000e-01 4.8800e-01 5.0000e-01 1.9643e-01 9.8592e-02 4.1748e-01 1.9820e-01 2.9630e-01 4.3269e-01 5.6557e-01 2.2388e-01 3.4884e-01 3.3621e-01 4.2537e-01 3.9640e-01 6.9718e-01 1.6190e-01 7.5701e-01 5.0442e-01 7.6271e-02 7.4257e-01 3.7705e-01 2.2222e-01 6.3710e-01 2.5362e-01 5.6481e-01 2.1008e-01 1.6102e-01 5.4310e-01 1.1712e-01 5.0725e-01 2.0755e-01 1.5315e-01 3.5849e-01 1.5789e-01 1.5044e-01
4.0268e-02 2.2901e-02 0.0000e+00 7.8740e-03 8.2707e-02 6.1864e-01 5.5140e-01 2.4107e-01 3.3333e-01 4.8544e-02 4.8872e-01 8.4034e-03 1.8182e-02 1.5238e-01 5.8491e-01 5.8824e-02 4.1964e-01 1.5873e-02 1.3281e-01 5.4310e-01 3.0075e-01 6.5517e-01 6.8333e-01 8.8000e-02 2.0000e-01 6.9748e-01 4.1739e-01 3.8525e-01 1.7094e-02 1.6807e-01 3.7864e-01 7.8125e-03 1.6667e-01 1.7094e-02 4.3363e-01 7.3188e-01 2.0370e-01 8.2645e-03 7.6106e-01 2.3894e-01 0.0000e+00 0.0000e+00 1.0317e-01 0.0000e+00 2.8205e-01 1.4563e-01 5.6034e-01 4.0152e-01 3.0088e-01 2.5743e-01
2.3423e-01 5.5046e-02 1.6031e-01 8.3333e-02 3.6066e-01 2.6606e-01 2.1875e-01 6.3063e-02 1.1404e-01 3.7168e-01 1.4655e-01 4.0152e-01 5.9701e-02 2.5000e-01 3.6364e-01 2.7820e-01 1.0078e-01 3.9735e-02 1.0714e-01 6.6038e-02 1.1538e-01 2.1705e-01 2.6786e-02 2.1053e-01 6.7961e-02 1.5238e-01 3.5507e-01 5.0400e-01 7.4830e-02 9.3525e-02 2.2727e-02 2.4812e-01 1.8110e-01 8.1081e-02 7.0677e-01 2.9204e-01 8.1301e-03 1.0000e+00 1.0000e+00 3.6364e-02 3.3613e-02 1.8421e-01 5.5769e-01 9.3750e-02 1.0000e+00 1.8487e-01 3.2000e-01 1.6529e-01 5.6075e-02 2.4194e-02
7.6296e-01 5.3030e-02 2.0168e-01 7.2816e-01 8.4496e-01 7.1429e-01 8.6179e-01 2.4348e-01 1.9841e-01 6.4815e-01 3.4307e-01 7.1930e-01 2.0536e-01 1.7910e-01 4.1667e-01 5.9016e-01 2.0721e-01 2.1538e-01 8.2090e-02 2.5843e-01 3.4286e-01 2.3529e-01 2.3611e-01 5.9091e-01 4.2857e-01 2.9752e-01 2.7551e-01 2.1600e-01 2.3232e-01 4.5113e-01 6.0870e-02 4.6457e-01 2.4818e-01 2.3585e-01 6.5138e-01 4.8624e-01 1.2409e-01 9.4697e-01 9.8485e-01 7.0642e-01 1.7600e-01 1.4729e-01 7.7686e-01 4.3750e-01 5.8537e-01 5.6452e-01 3.5537e-01 7.1429e-01 4.3307e-01 2.6891e-01
3.2090e-01 9.8039e-02 0.0000e+00 0.0000e+00 2.1481e-01 4.4961e-01 8.1000e-01 9.0164e-02 1.0400e-01 0.0000e+00 2.1000e-01 1.6379e-01 5.8824e-02 0.0000e+00 4.5455e-01 3.0392e-01 0.0000e+00 8.6957e-02 6.7797e-02 5.5556e-02 4.7619e-02 1.1017e-01 0.0000e+00 1.1504e-01 1.1290e-01 2.1951e-01 0.0000e+00 6.8376e-02 2.5197e-01 4.5000e-01 6.2500e-02 3.1496e-02 0.0000e+00 1.0084e-01 6.0000e-01 3.7500e-01 0.0000e+00 4.7581e-01 1.8333e-01 0.0000e+00 0.0000e+00 3.2039e-01 1.5873e-01 1.8852e-01 0.0000e+00 1.0256e-01 1.3934e-01 1.8705e-01 1.1607e-01 8.4746e-03
1.6964e-01 0.0000e+00 9.2437e-02 1.0000e-01 1.3008e-01 1.5323e-01 2.4590e-01 4.8000e-02 3.7594e-02 1.5126e-01 1.7500e-01 8.0645e-02 0.0000e+00 4.3478e-02 6.7961e-02 1.7054e-01 3.1008e-02 0.0000e+00 6.3636e-02 2.1705e-01 1.5625e-01 8.7302e-02 0.0000e+00 4.5802e-02 8.0808e-02 1.3669e-01 0.0000e+00 1.4141e-01 3.4483e-02 2.9752e-01 9.4017e-02 8.3333e-02 4.8000e-02 0.0000e+00 1.4050e-01 0.0000e+00 6.3636e-02 1.2069e-01 3.4646e-01 0.0000e+00 1.1278e-01 1.3761e-01 2.6316e-01 1.2500e-01 1.6000e-01 5.6452e-01 8.6538e-02 2.3967e-01 6.6667e-02 0.0000e+00
4.5455e-01 1.3393e-01 4.2241e-01 6.5854e-01 5.5446e-01 6.6429e-01 8.4553e-01 2.9752e-01 2.0000e-01 6.3303e-01 5.0877e-01 4.5045e-01 3.4545e-01 2.6957e-01 5.3719e-01 3.9837e-01 5.0420e-01 2.2857e-01 2.6282e-01 3.8793e-01 4.6341e-01 2.5664e-01 2.5833e-01 3.6885e-01 5.0400e-01 2.8448e-01 3.6957e-01 3.3010e-01 3.8053e-01 4.7244e-01 3.5714e-01 4.3750e-01 3.5537e-01 3.9316e-01 5.5752e-01 4.1739e-01 1.4912e-01 5.0459e-01 5.2459e-01 4.7273e-01 4.4203e-01 2.8346e-01 4.2241e-01 4.9533e-01 5.7143e-01 4.8696e-01 4.4643e-01 3.0370e-01 3.2292e-01 3.7895e-01
2.2400e-01 1.0000e-01 1.1966e-01 2.2881e-01 1.6814e-01 2.4219e-01 6.2069e-01 1.9643e-01 3.7600e-01 2.7419e-01 4.9630e-01 4.1964e-01 1.4912e-01 1.4783e-01 2.7723e-01 4.0625e-01 2.5000e-01 2.0755e-01 6.4220e-02 7.3171e-02 2.9565e-01 3.5833e-01 8.5470e-02 2.3358e-01 1.6822e-01 2.1138e-01 5.2632e-01 2.1239e-01 3.8596e-01 4.6512e-01 3.6036e-02 3.1579e-01 2.3077e-01 7.5472e-02 6.5986e-01 2.2951e-01 8.1301e-02 2.5243e-01 6.8908e-01 2.1008e-01 1.1290e-01 2.3684e-01 6.0909e-01 1.6279e-01 5.8209e-01 2.5191e-01 4.3307e-01 3.7288e-01 4.9587e-02 1.8421e-01
1.6102e-01 2.8571e-01 3.3898e-02 1.9828e-01 2.1698e-01 3.0526e-01 7.9200e-01 2.2222e-01 1.4000e-01 6.6935e-01 9.6491e-01 1.5517e-01 4.9180e-02 4.5902e-01 7.1818e-01 7.9856e-01 2.1488e-01 5.8252e-02 8.6614e-02 1.3492e-01 7.3228e-01 2.0800e-01 1.1818e-01 1.8692e-01 7.3016e-01 2.1818e-01 2.5410e-01 1.4655e-01 2.4752e-01 6.4706e-01 2.3200e-01 2.9688e-01 3.9344e-01 6.7227e-02 6.6393e-01 6.8966e-01 3.4483e-02 8.9431e-01 8.0000e-01 3.5043e-01 1.9008e-01 2.5225e-01 7.7692e-01 2.8148e-01 8.4615e-01 2.2556e-01 7.2581e-01 7.5258e-01 1.9444e-01 2.6190e-01
3.2000e-01 1.7600e-01 2.8571e-01 4.4882e-01 4.7973e-01 4.0404e-01 8.0208e-01 2.0909e-01 3.7209e-01 3.6585e-01 2.8671e-01 5.6250e-01 3.5659e-01 2.3333e-01 7.4528e-01 8.0000e-01 1.4173e-01 1.0924e-01 1.2931e-01 2.6357e-01 1.9492e-01 2.0472e-01 2.0909e-01 1.5000e-01 2.2807e-01 5.8772e-01 4.9180e-02 1.6000e-01 3.0303e-01 8.1513e-01 2.0000e-01 3.1148e-01 2.2535e-01 5.7273e-01 7.2072e-01 6.2205e-01 5.5556e-02 8.4328e-01 9.4118e-01 4.3651e-01 1.0484e-01 2.6772e-01 7.2131e-01 2.7193e-01 7.2034e-01 2.1127e-01 3.8168e-01 6.5487e-01 9.6774e-02 3.0357e-01
2.3000e-01 6.6667e-02 9.6491e-02 4.9580e-01 1.5517e-01 5.8824e-01 5.1220e-01 1.5596e-01 7.8431e-02 2.2772e-01 2.5862e-01 3.3036e-01 2.2222e-01 2.1368e-01 3.1858e-01 6.1404e-01 5.1724e-02 6.3492e-02 1.3043e-01 5.7554e-02 1.1719e-01 1.5972e-01 7.8125e-02 1.9118e-01 5.4054e-02 2.8571e-01 2.8682e-01 7.7670e-02 3.0709e-01 5.6154e-01 1.3636e-01 1.3861e-01 3.8760e-02 1.5385e-01 6.3415e-01 1.0924e-01 6.8966e-02 1.6667e-01 7.9048e-01 4.6729e-02 1.0656e-01 4.0187e-01 1.5126e-01 1.6529e-02 3.0894e-01 3.9231e-01 1.8852e-01 1.8978e-01 3.2787e-02 1.8018e-01
6.5116e-01 5.9091e-01 7.2000e-01 7.1774e-01 6.9167e-01 6.4000e-01 6.2406e-01 8.5981e-01 6.6667e-01 6.2143e-01 5.8416e-01 6.1062e-01 8.6555e-01 7.0833e-01 6.8142e-01 8.8095e-01 4.2241e-01 6.2016e-01 5.7895e-01 6.4234e-01 6.5354e-01 6.5217e-01 7.2881e-01 6.3636e-01 3.2308e-01 6.1165e-01 3.3858e-01 4.2063e-01 6.1224e-01 6.1207e-01 6.3636e-01 4.4348e-01 7.3913e-01 6.6667e-01 5.8261e-01 5.8974e-01 6.4220e-01 6.1069e-01 7.2441e-01 7.7966e-01 7.0690e-01 3.3898e-01 7.6860e-01 7.6522e-01 3.9344e-01 7.7863e-01 6.0000e-01 6.3115e-01 5.9843e-01 6.8908e-01
2.3134e-01 0.0000e+00 0.0000e+00 1.7037e-01 0.0000e+00 1.9672e-01 1.1111e-01 5.6604e-02 1.4679e-01 9.0090e-02 4.5802e-02 1.7895e-01 0.0000e+00 0.0000e+00 7.6336e-02 2.4167e-01 0.0000e+00 0.0000e+00 0.0000e+00 0.0000e+00 9.0090e-02 1.6667e-01 0.0000e+00 5.7377e-02 0.0000e+00 4.5802e-02 0.0000e+00 1.0000e-01 7.3826e-02 0.0000e+00 1.9658e-01 5.6911e-02 2.3577e-01 0.0000e+00 3.3333e-01 8.4746e-02 0.0000e+00 0.0000e+00 0.0000e+00 1.0791e-01 0.0000e+00 0.0000e+00 3.5780e-01 4.2991e-01 2.3077e-01 1.2698e-01 1.0687e-01 2.2321e-01 4.3478e-02 7.2464e-03
8.2787e-01 8.0000e-01 7.5806e-01 7.6991e-01 8.7302e-01 1.0000e+00 1.0000e+00 7.8505e-01 7.5352e-01 8.2812e-01 8.3871e-01 9.1549e-01 8.1746e-01 7.3600e-01 9.8246e-01 7.8226e-01 7.8571e-01 8.4426e-01 1.0000e+00 8.9706e-01 1.0000e+00 7.2897e-01 8.8136e-01 8.0000e-01 8.4375e-01 9.6552e-01 8.4921e-01 7.8400e-01 8.2963e-01 9.9194e-01 8.7407e-01 9.9225e-01 7.0787e-01 8.6957e-01 9.3333e-01 8.6861e-01 9.5122e-01 8.4545e-01 1.0000e+00 6.6935e-01 8.1560e-01 9.3478e-01 8.1967e-01 8.2400e-01 8.3333e-01 8.5950e-01 7.6000e-01 8.2946e-01 8.5714e-01 1.0000e+00
1.9084e-01 0.0000e+00 0.0000e+00 3.5833e-01 0.0000e+00 1.3710e-01 2.2131e-01 9.1667e-02 8.6538e-02 3.8261e-01 9.4828e-02 0.0000e+00 6.1404e-02 0.0000e+00 4.3478e-01 1.6346e-01 1.1811e-01 3.6290e-01 2.0000e-01 2.5000e-01 2.6606e-01 7.8261e-02 0.0000e+00 3.1092e-01 6.8966e-02 1.1404e-01 2.7500e-01 0.0000e+00 0.0000e+00 6.0403e-02 0.0000e+00 2.9630e-01 3.3094e-01 0.0000e+00 2.3000e-01 2.9412e-01 2.5424e-02 7.8261e-02 5.5224e-01 3.7069e-01 0.0000e+00 3.0556e-01 3.8525e-01 1.1111e-01 5.1456e-01 5.7377e-02 3.7705e-01 2.7481e-01 0.0000e+00 2.9907e-01
2.5893e-01 4.2017e-02 2.0690e-01 4.6617e-01 2.6950e-01 7.8899e-01 8.5714e-01 3.6441e-01 1.5966e-01 2.0301e-01 4.7183e-01 4.3478e-01 1.3393e-01 2.5373e-01 5.4545e-01 5.8261e-01 7.0312e-02 2.2642e-01 3.2110e-01 1.1290e-01 2.6984e-01 3.7255e-01 2.1622e-01 5.4128e-01 4.5968e-01 3.1034e-01 3.3333e-01 1.8254e-01 3.6975e-01 2.7119e-01 1.0656e-01 3.3858e-01 2.7338e-01 7.5472e-02 5.2212e-01 3.9259e-01 3.8583e-01 3.8400e-01 7.0536e-01 6.1446e-01 1.3821e-01 1.7500e-01 8.7692e-01 2.0513e-01 5.2137e-01 2.2308e-01 3.9850e-01 3.6508e-01 1.6364e-01 3.6508e-01
6.3158e-01 8.7931e-01 8.6290e-01 5.7143e-01 1.8627e-01 8.0702e-01 8.0870e-01 3.3628e-01 6.8807e-01 7.4603e-01 1.6129e-01 7.4603e-01 8.8696e-01 9.2241e-01 2.2835e-01 8.2051e-01 1.7241e-01 8.1746e-01 2.2222e-01 8.7218e-01 1.7699e-01 1.3077e-01 2.8099e-01 8.5859e-01 8.4615e-01 4.3750e-01 7.7344e-01 6.6964e-01 6.6142e-01 8.3471e-01 1.2097e-01 6.8217e-01 1.3793e-01 8.4746e-01 5.6897e-01 9.8113e-01 1.9200e-01 7.3786e-01 7.8030e-01 7.0796e-02 6.5468e-01 6.4486e-01 8.2031e-01 3.5385e-01 7.1318e-01 7.3171e-02 7.9310e-01 8.0282e-01 2.3529e-01 7.2800e-01
7.4603e-01 7.3043e-01 9.3846e-01 8.2906e-01 6.6667e-01 9.2105e-01 7.6296e-01 7.6923e-01 6.2617e-01 6.5854e-01 8.4211e-01 6.6304e-01 7.5373e-01 8.0556e-01 8.2609e-01 7.8862e-01 7.5455e-01 9.0741e-01 6.7826e-01 6.9748e-01 6.2857e-01 7.2441e-01 6.7769e-01 8.3486e-01 7.5258e-01 7.8761e-01 8.5088e-01 8.2727e-01 7.9710e-01 7.5610e-01 9.9138e-01 7.5000e-01 7.9825e-01 6.8376e-01 7.4576e-01 8.5821e-01 8.6364e-01 9.2473e-01 6.9925e-01 7.7857e-01 7.4242e-01 7.3282e-01 8.3036e-01 8.2857e-01 5.7724e-01 9.3805e-01 7.0085e-01 8.3333e-01 8.5417e-01 8.8182e-01
7.2358e-01 1.4286e-01 2.7206e-01 4.4643e-02 4.0157e-01 1.1111e-01 1.1538e-01 1.4530e-01 6.8966e-02 2.6126e-01 2.8448e-01 3.3898e-02 5.5556e-02 2.9365e-01 2.5234e-01 9.1667e-02 1.1765e-01 5.5118e-02 2.9801e-01 9.3220e-02 6.4228e-01 1.2931e-01 4.0179e-01 0.0000e+00 4.9495e-01 2.8682e-01 1.3710e-01 4.8780e-02 2.3188e-01 4.0972e-01 2.3529e-01 1.4062e-01 1.0791e-01 2.6549e-02 3.8095e-01 3.0357e-01 8.2569e-02 6.1947e-02 1.4815e-02 1.7094e-02 1.4599e-02 3.7037e-01 1.7910e-01 1.7213e-01 5.8475e-01 5.9504e-01 4.4615e-01 5.6098e-01 3.3333e-01 3.2877e-01
9.4958e-01 9.8276e-01 8.8372e-01 8.4404e-01 8.8393e-01 1.0000e+00 8.9076e-01 9.2593e-01 9.7059e-01 8.8000e-01 9.7059e-01 9.5868e-01 9.1919e-01 9.1509e-01 1.0000e+00 9.5902e-01 8.3459e-01 9.4828e-01 8.6325e-01 1.0000e+00 9.6364e-01 9.1736e-01 8.5455e-01 8.6260e-01 9.0826e-01 9.0909e-01 1.0000e+00 9.8611e-01 7.5630e-01 9.6552e-01 9.1935e-01 9.0517e-01 8.7736e-01 8.8182e-01 8.4314e-01 9.8462e-01 9.1429e-01 8.1818e-01 9.1228e-01 9.2982e-01 9.7414e-01 8.4874e-01 9.3578e-01 9.3966e-01 7.8261e-01 9.1736e-01 1.0000e+00 1.0000e+00 1.0000e+00 9.0090e-01
0.0000e+00 0.0000e+00 5.1020e-02 0.0000e+00 2.1488e-01 1.3492e-01 2.8333e-01 7.0175e-02 6.7227e-02 1.7266e-01 0.0000e+00 8.8496e-03 8.6957e-02 1.8349e-02 1.2500e-01 3.2759e-01 2.3529e-01 0.0000e+00 4.4248e-02 5.1282e-02 2.4742e-01 2.0721e-01 6.2992e-02 2.5641e-02 8.0357e-02 1.1765e-01 2.7368e-01 1.4783e-01 2.1805e-01 1.6822e-01 6.6667e-02 2.8182e-01 0.0000e+00 1.6529e-02 1.2264e-01 2.0339e-01 9.4488e-02 0.0000e+00 4.0164e-01 0.0000e+00 0.0000e+00 0.0000e+00 3.3929e-01 0.0000e+00 3.6441e-01 1.2500e-01 0.0000e+00 1.7600e-01 0.0000e+00 8.6538e-02
2.9197e-02 1.1650e-01 1.0484e-01 9.7345e-02 1.1667e-01 2.9927e-01 6.3158e-01 1.2230e-01 9.0909e-02 1.2397e-01 2.4390e-01 8.6957e-02 0.0000e+00 1.6807e-01 5.4054e-02 3.1092e-01 1.0526e-01 3.2331e-01 3.4783e-02 1.3492e-01 4.8000e-02 2.7778e-02 3.3071e-01 7.0312e-02 1.3386e-01 9.7345e-02 1.8868e-01 0.0000e+00 7.6271e-02 2.1239e-01 1.1811e-01 1.0000e-01 0.0000e+00 1.8692e-02 2.1186e-01 2.2556e-01 5.0420e-02 2.4576e-01 1.3178e-01 7.4576e-01 0.0000e+00 6.4815e-02 1.5748e-01 1.0185e-01 1.8750e-01 2.6562e-01 1.4407e-01 2.5926e-01 9.0000e-02 4.8000e-02
4.1573e-01 5.3571e-02 6.2500e-02 3.6220e-01 2.0388e-01 3.3884e-01 4.2593e-01 1.3821e-01 1.9259e-01 1.9167e-01 2.4348e-01 3.8017e-01 3.3613e-02 9.8361e-02 3.3333e-01 5.4128e-01 1.0714e-01 1.8261e-01 1.2295e-01 6.3830e-02 2.9293e-01 1.4844e-01 1.5929e-01 2.3276e-01 2.1429e-01 1.5517e-01 2.3762e-01 1.7518e-01 3.1746e-01 6.1404e-01 1.2069e-01 2.7350e-01 2.3729e-01 1.0000e-01 4.7273e-01 3.8889e-01 2.2857e-01 4.5192e-01 5.5455e-01 1.5741e-01 1.2264e-01 1.4151e-01 3.9024e-01 1.7600e-01 4.3802e-01 4.1791e-01 2.0155e-01 1.5842e-01 1.2879e-01 2.4219e-01
1.0370e-01 8.8000e-02 3.0986e-01 4.2748e-01 5.4412e-01 4.8305e-01 5.8621e-01 9.5238e-02 2.1008e-01 1.9792e-01 3.4783e-01 1.6071e-01 8.0292e-02 2.5954e-01 4.8387e-01 3.7931e-01 7.2581e-02 3.2258e-01 4.2373e-02 1.7347e-01 1.3115e-01 1.2230e-01 2.3140e-01 3.8182e-01 3.6697e-02 2.2131e-01 4.6667e-01 1.5596e-01 2.5455e-01 4.8246e-01 2.7481e-01 1.5447e-01 3.9640e-01 1.6535e-01 2.8829e-01 7.4766e-02 1.6901e-01 2.0513e-01 1.5517e-01 4.7863e-01 2.1739e-01 2.0721e-01 2.0325e-01 4.9138e-01 3.7589e-01 8.1301e-02 3.3333e-01 3.7405e-01 1.0400e-01 1.4414e-01
1.1486e-01 2.8571e-02 4.5802e-02 0.0000e+00 1.7391e-01 7.0796e-02 0.0000e+00 1.6102e-01 2.0721e-01 3.1496e-02 3.9683e-02 1.2844e-01 5.8333e-02 1.0744e-01 2.9600e-01 1.1304e-01 3.6765e-02 2.5210e-02 3.5088e-02 2.9197e-02 1.9469e-01 9.6000e-02 3.4783e-02 4.0000e-02 1.6529e-01 1.8692e-02 3.6364e-02 2.4000e-02 2.3810e-01 3.3945e-01 1.3793e-01 8.2645e-02 2.4194e-02 0.0000e+00 1.1111e-01 7.8261e-02 0.0000e+00 1.6129e-01 2.3704e-01 0.0000e+00 0.0000e+00 9.7561e-02 3.2692e-01 3.3898e-02 2.3622e-02 1.3077e-01 9.5238e-02 3.6364e-02 1.3514e-01 8.2707e-02
6.7227e-01 1.0638e-01 3.1532e-01 6.9369e-01 3.6735e-01 1.6406e-01 6.4463e-01 2.6772e-01 4.3443e-01 2.9008e-01 4.7458e-01 4.3697e-01 2.5203e-01 3.0833e-01 4.7154e-01 5.7265e-01 3.1579e-01 5.5944e-02 2.4324e-01 8.3333e-02 5.4545e-01 6.5854e-01 2.8906e-01 3.1061e-01 1.8349e-01 2.7679e-01 2.3810e-01 1.4141e-01 2.9630e-01 6.6667e-01 1.8519e-01 6.2121e-01 6.3380e-02 2.5243e-01 6.4844e-01 2.5424e-01 1.1215e-01 2.3729e-01 8.2576e-01 4.2222e-01 4.9153e-01 2.7966e-01 6.9000e-01 3.5484e-01 2.0661e-01 2.4038e-01 3.0833e-01 2.5000e-01 2.8440e-01 1.2844e-01
2.2936e-01 1.1111e-01 1.2174e-01 3.2800e-01 1.3274e-01 3.4545e-01 2.7869e-01 1.6981e-01 1.6822e-01 2.4615e-01 8.4034e-02 2.4793e-01 1.9167e-01 1.5126e-01 4.4355e-01 1.1667e-01 1.1765e-01 1.3043e-01 2.6087e-01 2.5210e-01 1.4400e-01 2.7273e-01 1.0484e-01 2.4427e-01 2.9323e-01 1.4912e-01 1.8254e-01 1.6393e-01 3.3333e-01 5.6923e-01 1.9512e-01 3.1933e-01 9.8485e-02 1.4394e-01 4.3396e-01 2.3256e-01 1.0400e-01 6.5185e-01 5.8929e-01 1.2821e-01 1.7647e-01 9.3220e-02 3.7838e-01 1.7021e-01 0.0000e+00 2.5641e-01 1.7647e-01 2.6772e-01 5.7377e-02 1.7647e-01
2.7358e-01 2.9839e-01 1.7797e-01 4.2400e-01 6.5649e-01 3.7226e-01 1.0000e+00 2.7200e-01 2.9323e-01 8.2353e-01 1.8487e-01 2.2642e-01 3.2673e-01 5.4688e-02 3.7037e-01 3.7705e-01 8.1081e-02 1.1607e-01 1.3953e-01 5.5725e-01 3.3333e-01 4.2373e-01 2.6400e-01 2.7103e-01 1.1940e-01 3.7815e-01 3.0556e-01 5.2459e-01 6.1165e-01 6.6142e-01 3.4146e-01 3.6207e-01 7.6860e-01 4.7059e-01 6.1905e-01 6.4062e-01 7.2581e-02 2.6667e-01 5.8140e-01 3.1897e-01 1.1679e-01 4.0000e-01 7.7982e-01 5.7273e-01 5.8871e-01 2.7481e-01 5.1429e-01 2.4786e-01 1.9658e-01 3.1132e-01
