5.0000e-01 2.9412e-01 7.1429e-01 4.2553e-01 5.8140e-01 6.5854e-01 5.4839e-01 6.7347e-01 6.3532e-01 6.3077e-01 3.0769e-01 3.3333e-01 1.7647e-01 2.6923e-01 2.3077e-01 4.9254e-01 1.1765e-01 0.0000e+00 7.1429e-02 1.4286e-01 5.0000e-01 2.6667e-01 2.8205e-01 2.8571e-01 1.9231e-01 2.5714e-01 6.0759e-01 1.6129e-01 7.1601e-01 5.5357e-01 6.6156e-01 7.7615e-01 6.2400e-01 6.3830e-01 4.6296e-01 4.1667e-01 0.0000e+00 5.4839e-01 6.1364e-01 2.9545e-01 6.9118e-01 0.0000e+00 3.5294e-01 5.0685e-01 7.6471e-01 0.0000e+00 5.7778e-01 7.2945e-01 0.0000e+00 5.5932e-01
2.0000e-01 4.5349e-01 0.0000e+00 0.0000e+00 7.1386e-01 0.0000e+00 4.2105e-01 4.6512e-01 1.5789e-01 2.3077e-01 0.0000e+00 0.0000e+00 0.0000e+00 0.0000e+00 0.0000e+00 5.0943e-01 1.1765e-01 0.0000e+00 1.1765e-01 4.5455e-01 2.5000e-01 2.9412e-01 4.3149e-01 1.1111e-01 5.8824e-02 2.4242e-01 3.5135e-01 0.0000e+00 5.7009e-01 7.0754e-01 1.6667e-01 0.0000e+00 0.0000e+00 2.0000e-01 1.4286e-01 1.1111e-01 2.6667e-01 3.3333e-01 5.1724e-01 0.0000e+00 0.0000e+00 1.2500e-01 1.1111e-01 1.7647e-01 1.0000e+00 6.7213e-01 0.0000e+00 9.0909e-02 4.5833e-01 0.0000e+00
2.0000e-01 2.8125e-01 2.8571e-01 5.7600e-01 4.3939e-01 6.4286e-01 2.8571e-01 4.1176e-01 5.9167e-01 6.4865e-01 6.8720e-01 4.2308e-01 5.1899e-01 6.0669e-01 1.8182e-01 5.6962e-01 4.3284e-01 4.1379e-01 5.3103e-01 4.2500e-01 6.2963e-01 2.6667e-01 2.7632e-01 4.8000e-01 6.5394e-01 3.5185e-01 2.8571e-01 3.4118e-01 7.2207e-01 4.4643e-01 3.5714e-01 4.7826e-01 4.3590e-01 6.1864e-01 6.3866e-01 5.1429e-01 6.1017e-01 2.0000e-01 5.7895e-01 3.0435e-01 4.3333e-01 2.9032e-01 8.6441e-01 2.6087e-01 1.0000e+00 3.3333e-01 1.1111e-01 2.7778e-01 5.2941e-01 3.3333e-01
1.0000e+00 2.3077e-01 9.2985e-01 7.6981e-01 3.8298e-01 9.1216e-01 1.0000e+00 6.9697e-01 7.0853e-01 9.1193e-01 3.0769e-01 9.0515e-01 7.6982e-01 7.3646e-01 6.6667e-02 6.7466e-01 2.7586e-01 7.6762e-01 6.3116e-01 1.4286e-01 9.4275e-01 9.0158e-01 0.0000e+00 9.8185e-01 5.8824e-02 6.5287e-01 7.3623e-01 4.4934e-01 3.9474e-01 7.4054e-01 1.4286e-01 6.9547e-01 6.3504e-01 1.5385e-01 4.1096e-01 0.0000e+00 8.8761e-01 9.6235e-01 7.3626e-01 2.2581e-01 8.8014e-01 7.2487e-01 2.0000e-01 7.0284e-01 1.0000e+00 9.8817e-01 9.3099e-01 8.4223e-01 9.3901e-01 1.5385e-01
1.0000e+00 6.6667e-02 0.0000e+00 0.0000e+00 0.0000e+00 0.0000e+00 1.0000e+00 9.0909e-02 0.0000e+00 0.0000e+00 0.0000e+00 2.3077e-01 0.0000e+00 7.1429e-02 0.0000e+00 4.2105e-01 1.9048e-01 0.0000e+00 1.9048e-01 5.0847e-01 4.5833e-01 1.6667e-01 1.2121e-01 1.0000e+00 0.0000e+00 0.0000e+00 0.0000e+00 0.0000e+00 8.3333e-02 1.3333e-01 2.5714e-01 4.6341e-01 0.0000e+00 9.0909e-02 1.4286e-01 0.0000e+00 0.0000e+00 0.0000e+00 9.3049e-01 0.0000e+00 0.0000e+00 0.0000e+00 2.0000e-01 0.0000e+00 1.0000e+00 1.0000e+00 0.0000e+00 7.1245e-01 0.0000e+00 0.0000e+00
1.0000e+00 3.0556e-01 1.1111e-01 1.7647e-01 0.0000e+00 4.1667e-01 1.0000e+00 0.0000e+00 0.0000e+00 1.0000e-01 3.2558e-01 2.3077e-01 0.0000e+00 7.1429e-02 4.2857e-01 4.5263e-01 2.1739e-01 1.0000e-01 0.0000e+00 0.0000e+00 4.0909e-01 0.0000e+00 0.0000e+00 1.0000e+00 3.1111e-01 6.2500e-02 0.0000e+00 0.0000e+00 3.9474e-01 7.4726e-01 1.0526e-01 2.6316e-01 1.5385e-01 0.0000e+00 3.0952e-01 0.0000e+00 0.0000e+00 1.0000e+00 1.0000e+00 5.8824e-02 1.0000e-01 2.4000e-01 1.0000e+00 0.0000e+00 1.0000e+00 1.0000e+00 3.1250e-01 9.0909e-02 1.8182e-01 0.0000e+00
1.0000e+00 6.6667e-02 4.0909e-01 2.8000e-01 1.2500e-01 3.3333e-01 1.0000e+00 9.0909e-02 0.0000e+00 1.0000e-01 0.0000e+00 1.0000e-01 0.0000e+00 1.6667e-01 2.5000e-01 5.5061e-01 0.0000e+00 1.0000e-01 7.1429e-02 1.4286e-01 2.5000e-01 1.6667e-01 2.5758e-01 1.0000e+00 2.0690e-01 0.0000e+00 0.0000e+00 0.0000e+00 2.1053e-01 6.6313e-01 1.0526e-01 1.5385e-01 0.0000e+00 9.0909e-02 2.0000e-01 2.6667e-01 0.0000e+00 1.0000e+00 1.0000e+00 2.0690e-01 0.0000e+00 2.4000e-01 1.0000e+00 0.0000e+00 1.0000e+00 1.0000e+00 2.3077e-01 3.0000e-01 2.3077e-01 0.0000e+00
1.0000e+00 5.3529e-01 4.0000e-01 1.7647e-01 4.6753e-01 4.1667e-01 1.0000e+00 4.1176e-01 6.4804e-01 6.2687e-01 2.8571e-01 0.0000e+00 4.5098e-01 2.2727e-01 5.6967e-01 6.0329e-01 6.2411e-01 7.2430e-01 3.4884e-01 5.4545e-01 5.5556e-01 3.3333e-01 5.3387e-01 1.0000e+00 4.3564e-01 6.4251e-01 7.1429e-02 5.8438e-01 6.2570e-01 5.1220e-01 5.0562e-01 4.6341e-01 9.0909e-02 1.5385e-01 5.9245e-01 6.5789e-01 5.0000e-01 1.0000e+00 1.0000e+00 6.2527e-01 2.1429e-01 5.2500e-01 1.0000e+00 3.4375e-01 1.0000e+00 1.0000e+00 6.9318e-01 7.4286e-01 3.1250e-01 3.9286e-01
1.0000e+00 6.6667e-02 1.8182e-01 5.1316e-01 5.0485e-01 0.0000e+00 1.0000e+00 2.6316e-01 0.0000e+00 1.0000e-01 1.1111e-01 4.2308e-01 7.6923e-02 2.0000e-01 0.0000e+00 4.9242e-01 7.1429e-02 0.0000e+00 1.1765e-01 1.4286e-01 1.8182e-01 1.0000e-01 1.9565e-01 1.0000e+00 2.2581e-01 3.9726e-01 0.0000e+00 8.6957e-02 3.2143e-01 5.0633e-01 3.2653e-01 3.7037e-01 0.0000e+00 4.1176e-01 5.3425e-01 4.6429e-01 2.3077e-01 1.0000e+00 1.0000e+00 2.5000e-01 2.1429e-01 1.5789e-01 1.0000e+00 3.0769e-01 1.0000e+00 1.0000e+00 6.8966e-01 2.0000e-01 1.1111e-01 2.7778e-01
1.0000e+00 6.9524e-01 0.0000e+00 2.8000e-01 6.9812e-01 7.8017e-01 1.0000e+00 8.1969e-01 4.8958e-01 6.2500e-01 3.6538e-01 8.5605e-01 6.4835e-01 6.2893e-01 6.9917e-01 2.5806e-01 7.1389e-01 8.6167e-01 7.0994e-01 8.0485e-01 7.6552e-01 1.0000e-01 1.7073e-01 1.0000e+00 5.0000e-01 3.0233e-01 6.7610e-01 2.7273e-01 7.7559e-01 2.6087e-01 2.1429e-01 8.2334e-01 8.1839e-01 8.1791e-01 6.6629e-01 9.1774e-01 8.9459e-01 1.0000e+00 1.0000e+00 6.3413e-01 2.9412e-01 3.2353e-01 1.0000e+00 7.6926e-01 1.0000e+00 1.0000e+00 8.5259e-01 2.3529e-01 1.1111e-01 8.5771e-01
