1.7200e+02 7.0000e+01 5.4810e+03 2.5000e+01 7.5000e+01 5.1000e+02 3.7400e+02 4.3670e+03 2.7000e+03 4.9600e+02 2.5000e+01 4.6000e+01 7.5000e+01 8.3000e+01 1.1500e+02 2.1000e+01 2.9000e+01 1.7000e+01 2.5000e+01 4.4000e+01 2.0200e+02 2.1000e+01 2.0700e+02 4.1000e+01 1.6000e+01 2.6000e+01 4.1860e+03 8.4000e+01 3.6200e+02 3.0000e+00 5.3600e+03 5.3410e+03 1.2780e+03 1.8890e+03 2.5000e+01 6.1000e+01 5.3000e+01 8.0000e+00 2.0000e+00 1.0000e+02 4.6600e+02 2.0000e+01 4.0000e+00 1.7100e+02 0.0000e+00 1.5000e+01 8.0000e+00 4.0000e+00 1.2000e+01 7.4900e+02
2.5400e+02 5.3700e+02 1.7000e+01 1.7000e+01 5.4760e+03 1.8000e+01 4.5000e+01 4.4300e+02 3.3000e+01 4.2000e+01 1.8000e+01 1.6000e+01 4.0000e+01 2.2000e+01 5.0000e+01 5.2000e+01 4.2000e+01 1.9000e+01 7.1000e+01 2.2100e+02 5.7000e+01 3.1800e+02 1.9350e+03 2.6000e+01 2.4000e+01 3.3000e+01 1.2800e+02 2.9000e+01 4.6980e+03 4.3300e+02 3.4000e+01 1.6000e+01 2.2000e+01 6.1000e+01 9.2000e+01 3.3000e+01 4.4000e+01 1.0000e+01 8.0000e+00 2.6000e+01 2.0000e+01 6.5000e+01 5.0000e+00 8.0000e+01 5.8290e+03 5.7420e+03 9.0000e+00 1.4000e+01 2.0000e+02 4.7000e+01
1.9000e+01 7.7000e+01 2.9000e+01 2.7900e+02 1.8000e+01 6.5500e+02 2.6300e+02 9.3000e+01 1.9530e+03 8.2400e+02 5.6020e+03 2.6000e+01 4.8600e+03 5.1370e+03 3.4000e+01 5.5000e+01 9.2900e+02 4.6000e+01 7.7000e+02 1.1700e+02 9.4400e+02 1.0000e+02 6.5000e+01 5.0200e+02 5.6670e+03 6.9000e+01 1.2400e+02 9.7000e+01 4.8100e+02 1.0000e+00 5.0000e+01 5.2000e+01 1.0310e+03 8.2900e+02 3.5400e+02 3.8000e+01 2.5200e+02 3.0000e+00 3.0000e+00 8.7000e+01 3.6580e+03 2.0000e+02 2.0000e+00 1.9800e+02 2.0000e+00 2.2000e+01 6.0000e+00 2.0000e+00 2.6100e+02 2.4000e+01
4.5130e+03 2.4000e+01 9.1000e+01 1.6200e+02 4.0000e+00 1.0260e+03 4.5330e+03 5.7000e+01 2.0100e+02 3.8870e+03 1.1000e+01 6.5000e+01 5.8600e+02 3.7900e+02 1.5000e+01 0.0000e+00 2.9000e+01 1.8000e+02 6.2300e+02 1.3000e+01 3.0000e+00 4.7280e+03 1.5000e+01 1.3000e+01 1.0000e+01 2.1600e+02 7.0100e+02 4.0000e+01 5.0000e+00 1.0000e+00 1.4000e+01 1.1000e+01 7.0000e+01 1.0000e+01 1.0000e+00 6.0000e+00 1.0760e+03 0.0000e+00 4.0000e+00 1.0000e+01 1.6130e+03 4.3560e+03 3.0000e+00 2.9300e+02 1.0000e+00 4.0000e+00 6.0000e+00 5.0000e+00 5.5120e+03 1.8000e+01
5.1000e+01 9.9000e+01 2.6000e+01 2.6000e+01 5.1000e+01 2.7000e+01 1.7900e+02 2.7000e+01 3.4000e+01 2.9000e+01 3.1000e+01 5.6000e+01 3.8000e+01 3.3000e+01 4.2000e+01 9.9000e+01 2.8100e+02 3.2000e+01 8.8000e+01 3.2500e+03 4.4910e+03 5.3000e+01 1.5840e+03 8.4000e+01 4.3000e+01 4.3000e+01 3.7000e+01 4.4000e+01 3.3000e+01 3.4000e+01 1.9200e+02 3.5800e+02 4.9000e+01 4.4000e+01 2.6500e+02 2.5000e+01 2.8000e+01 1.1000e+01 6.0500e+03 4.0000e+01 3.0000e+01 4.7000e+01 1.5000e+01 3.7000e+01 1.7000e+01 2.0000e+01 1.4000e+01 5.7420e+03 3.6000e+01 3.0000e+01
9.2000e+01 7.0000e+01 3.2000e+01 1.9000e+01 1.3000e+01 3.2650e+03 2.0000e+01 2.0000e+01 2.6000e+01 4.6000e+01 3.1400e+02 4.6000e+01 4.7000e+01 8.5000e+01 1.6950e+03 1.2400e+02 5.2000e+01 2.1000e+01 4.9000e+01 3.0000e+01 7.1000e+01 2.3000e+01 3.2000e+01 1.9000e+01 8.2000e+01 2.6000e+01 2.8000e+01 3.3000e+01 7.3000e+01 4.4930e+03 4.1000e+01 7.3000e+01 1.3000e+02 2.4000e+01 1.2400e+02 3.1000e+01 2.5000e+01 6.0020e+03 8.0000e+00 7.2000e+01 3.0000e+01 1.6100e+02 5.3000e+03 2.8000e+01 1.5600e+02 1.5000e+01 1.9000e+01 1.1000e+01 3.1000e+01 2.3000e+01
1.0900e+02 6.3000e+01 2.6200e+02 5.9000e+01 2.6000e+01 4.5000e+01 1.6100e+02 4.2000e+01 3.4000e+01 7.3000e+01 4.2000e+01 3.8000e+01 4.7000e+01 4.1000e+01 5.7000e+01 5.3350e+03 4.6000e+01 7.2000e+01 1.1900e+02 5.0000e+01 4.4000e+01 5.3000e+01 4.5800e+02 1.5500e+02 3.1000e+01 8.0000e+01 3.7000e+01 1.3400e+02 3.6000e+01 8.8800e+02 3.2000e+01 6.5000e+01 3.7000e+01 6.9000e+01 7.7000e+01 2.9000e+01 3.2000e+01 9.0000e+00 1.9000e+01 8.9000e+01 3.0000e+01 1.0500e+02 1.5000e+01 4.2000e+01 2.2000e+01 5.3000e+01 1.7000e+01 4.2000e+01 3.9000e+01 3.0000e+01
7.2100e+02 3.6670e+03 2.4000e+01 5.1000e+01 2.3000e+01 1.6500e+02 4.2000e+01 5.1000e+01 8.5700e+02 3.6400e+02 1.1000e+01 2.6000e+01 4.0000e+01 2.6000e+01 1.3740e+03 1.0000e+00 2.6600e+03 4.3960e+03 8.5000e+01 9.4800e+02 1.7700e+02 5.1000e+01 1.2810e+03 5.1230e+03 6.0000e+01 3.5710e+03 1.1400e+02 5.3740e+03 3.9400e+02 0.0000e+00 4.2000e+01 5.8000e+01 1.8000e+01 7.5000e+01 2.1200e+02 6.3000e+01 6.3000e+01 3.0000e+00 1.0000e+00 5.2230e+03 2.6000e+01 9.5100e+02 3.0000e+00 8.5000e+01 2.0000e+00 9.8000e+01 4.0000e+00 3.0000e+00 6.7000e+01 8.3000e+01
2.3000e+01 7.4000e+01 6.6000e+01 5.1750e+03 2.7100e+02 4.0000e+01 5.6000e+02 6.0300e+02 1.1000e+02 4.2000e+01 4.8000e+01 5.2420e+03 3.7000e+01 5.9000e+01 6.1000e+01 2.2000e+02 2.8900e+02 9.9000e+01 1.9000e+02 6.9000e+01 2.1000e+01 6.3600e+02 2.5900e+02 4.7000e+01 8.1000e+01 1.9020e+03 6.2000e+01 8.5000e+01 5.8000e+01 1.3800e+02 2.1300e+02 5.5000e+01 4.6000e+01 3.1700e+02 4.6720e+03 2.9000e+03 5.0000e+01 1.2000e+01 3.0000e+00 7.6000e+01 9.8000e+01 7.4000e+01 5.6200e+02 2.0300e+02 1.1000e+01 2.0000e+01 6.0330e+03 1.9000e+01 2.4000e+01 5.3000e+01
1.8000e+01 1.2830e+03 1.4000e+01 1.1000e+01 1.0000e+00 3.1300e+02 4.0000e+01 2.8700e+02 2.7000e+01 3.2000e+01 2.6000e+01 3.8900e+02 2.5000e+02 1.4300e+02 2.5420e+03 2.0000e+00 1.6510e+03 1.1840e+03 3.9960e+03 1.2030e+03 1.0000e+02 1.3000e+01 1.9000e+01 1.4000e+01 1.1000e+01 6.2000e+01 6.4000e+02 4.1000e+01 3.0000e+00 2.0000e+00 1.9000e+01 2.3000e+01 3.2580e+03 2.5850e+03 5.6000e+01 2.7010e+03 4.4310e+03 3.0000e+00 1.0000e+00 3.6300e+02 1.4000e+01 3.1000e+01 6.0000e+00 4.7210e+03 2.0000e+00 2.0000e+00 8.0000e+00 3.0000e+00 1.2000e+01 4.9550e+03
