9.6000e+01 2.1000e+01 3.9780e+03 6.0000e+00 4.8000e+01 3.2100e+02 2.3200e+02 3.0970e+03 1.6480e+03 3.0300e+02 6.0000e+00 1.9000e+01 2.5000e+01 3.3000e+01 4.1000e+01 9.0000e+00 5.0000e+00 2.0000e+00 2.0000e+00 1.4000e+01 1.2300e+02 3.0000e+00 8.6000e+01 1.5000e+01 1.0000e+00 4.0000e+00 2.5010e+03 2.6000e+01 2.4400e+02 1.0000e+00 3.4950e+03 4.0310e+03 7.8000e+02 1.1910e+03 6.0000e+00 2.7000e+01 2.0000e+01 6.0000e+00 1.0000e+00 3.6000e+01 2.7500e+02 0.0000e+00 0.0000e+00 7.5000e+01 0.0000e+00 3.0000e+00 6.0000e+00 3.0000e+00 0.0000e+00 4.5800e+02
1.1300e+02 2.0300e+02 0.0000e+00 0.0000e+00 3.9410e+03 0.0000e+00 1.0000e+01 2.1200e+02 3.0000e+00 8.0000e+00 0.0000e+00 0.0000e+00 4.0000e+00 0.0000e+00 6.0000e+00 2.3000e+01 5.0000e+00 0.0000e+00 1.2000e+01 8.6000e+01 1.7000e+01 1.3400e+02 8.1300e+02 3.0000e+00 1.0000e+00 3.0000e+00 3.7000e+01 0.0000e+00 2.8980e+03 3.0800e+02 4.0000e+00 0.0000e+00 0.0000e+00 1.4000e+01 3.2000e+01 6.0000e+00 9.0000e+00 3.0000e+00 2.0000e+00 0.0000e+00 0.0000e+00 9.0000e+00 0.0000e+00 1.8000e+01 5.8290e+03 3.8420e+03 0.0000e+00 3.0000e+00 8.2000e+01 9.0000e+00
3.0000e+00 2.4000e+01 8.0000e+00 1.6800e+02 6.0000e+00 4.1700e+02 1.5400e+02 4.4000e+01 1.1650e+03 5.1700e+02 3.9560e+03 7.0000e+00 2.8480e+03 3.2590e+03 5.0000e+00 3.5000e+01 5.1000e+02 1.6000e+01 3.7500e+02 5.3000e+01 6.5800e+02 4.4000e+01 1.8000e+01 3.2300e+02 3.6960e+03 2.4000e+01 5.0000e+01 3.1000e+01 3.3100e+02 0.0000e+00 1.6000e+01 2.2000e+01 6.1300e+02 4.9000e+02 2.1900e+02 1.3000e+01 1.4100e+02 1.0000e+00 3.0000e+00 2.9000e+01 2.4070e+03 7.6000e+01 1.0000e+00 8.8000e+01 2.0000e+00 7.0000e+00 2.0000e+00 1.0000e+00 1.4800e+02 4.0000e+00
4.5130e+03 7.0000e+00 8.6000e+01 1.2900e+02 1.0000e+00 9.2900e+02 4.5330e+03 3.7000e+01 1.4000e+02 3.5890e+03 2.0000e+00 6.5000e+01 4.2800e+02 2.8600e+02 2.0000e+00 0.0000e+00 1.1000e+01 1.4000e+02 4.2000e+02 3.0000e+00 3.0000e+00 4.2420e+03 2.0000e+00 1.3000e+01 1.0000e+00 1.5200e+02 5.2600e+02 1.5000e+01 2.0000e+00 1.0000e+00 3.0000e+00 7.0000e+00 4.2000e+01 1.0000e+00 0.0000e+00 0.0000e+00 9.5800e+02 0.0000e+00 3.0000e+00 0.0000e+00 1.4180e+03 3.1150e+03 3.0000e+00 2.0300e+02 1.0000e+00 4.0000e+00 5.0000e+00 5.0000e+00 5.1910e+03 6.0000e+00
7.0000e+00 1.4000e+01 0.0000e+00 0.0000e+00 1.3000e+01 0.0000e+00 5.4000e+01 0.0000e+00 0.0000e+00 0.0000e+00 1.0000e+00 1.0000e+01 0.0000e+00 0.0000e+00 0.0000e+00 3.9000e+01 7.5000e+01 1.0000e+00 1.0000e+01 1.3390e+03 2.1510e+03 6.0000e+00 5.2800e+02 1.9000e+01 3.0000e+00 2.0000e+00 0.0000e+00 0.0000e+00 3.0000e+00 8.0000e+00 5.1000e+01 1.3700e+02 4.0000e+00 3.0000e+00 9.1000e+01 0.0000e+00 0.0000e+00 1.0000e+00 5.5910e+03 0.0000e+00 0.0000e+00 0.0000e+00 3.0000e+00 0.0000e+00 3.0000e+00 0.0000e+00 0.0000e+00 4.1050e+03 2.0000e+00 0.0000e+00
2.8000e+01 1.1000e+01 4.0000e+00 0.0000e+00 0.0000e+00 1.7010e+03 0.0000e+00 0.0000e+00 0.0000e+00 8.0000e+00 1.3200e+02 1.0000e+01 5.0000e+00 2.0000e+01 6.5600e+02 6.6000e+01 7.0000e+00 0.0000e+00 4.0000e+00 2.0000e+00 2.1000e+01 0.0000e+00 0.0000e+00 0.0000e+00 2.0000e+01 0.0000e+00 0.0000e+00 0.0000e+00 2.3000e+01 3.3610e+03 5.0000e+00 2.2000e+01 3.8000e+01 0.0000e+00 4.3000e+01 4.0000e+00 1.0000e+00 6.0020e+03 8.0000e+00 1.2000e+01 2.0000e+00 3.7000e+01 5.3000e+03 0.0000e+00 1.1300e+02 0.0000e+00 4.0000e+00 1.0000e+00 3.0000e+00 0.0000e+00
2.7000e+01 5.0000e+00 8.9000e+01 1.0000e+01 3.0000e+00 5.0000e+00 4.7000e+01 4.0000e+00 0.0000e+00 1.3000e+01 4.0000e+00 4.0000e+00 2.0000e+00 2.0000e+00 3.0000e+00 3.2680e+03 2.0000e+00 1.3000e+01 1.8000e+01 5.0000e+00 6.0000e+00 6.0000e+00 1.2400e+02 4.6000e+01 0.0000e+00 1.2000e+01 0.0000e+00 2.2000e+01 4.0000e+00 5.3200e+02 0.0000e+00 1.3000e+01 1.0000e+00 1.0000e+01 1.6000e+01 1.0000e+00 1.0000e+00 0.0000e+00 7.0000e+00 1.2000e+01 0.0000e+00 1.3000e+01 3.0000e+00 1.0000e+00 6.0000e+00 1.2000e+01 1.0000e+00 1.5000e+01 3.0000e+00 0.0000e+00
4.9200e+02 2.1470e+03 6.0000e+00 2.2000e+01 1.0000e+01 9.4000e+01 1.6000e+01 2.1000e+01 5.0900e+02 2.2400e+02 0.0000e+00 8.0000e+00 1.0000e+01 5.0000e+00 7.4900e+02 0.0000e+00 1.6320e+03 3.1510e+03 2.8000e+01 6.0600e+02 1.1000e+02 1.9000e+01 6.9400e+02 3.8770e+03 2.3000e+01 2.2900e+03 4.8000e+01 3.0700e+03 2.7900e+02 0.0000e+00 1.3000e+01 2.8000e+01 2.0000e+00 3.1000e+01 1.3000e+02 3.0000e+01 2.7000e+01 2.0000e+00 1.0000e+00 3.1360e+03 6.0000e+00 4.7700e+02 2.0000e+00 3.2000e+01 1.0000e+00 6.3000e+01 0.0000e+00 3.0000e+00 3.0000e+01 3.7000e+01
0.0000e+00 1.0000e+01 1.5000e+01 2.6200e+03 1.3900e+02 5.0000e+00 2.3900e+02 2.5700e+02 2.5000e+01 5.0000e+00 8.0000e+00 2.7570e+03 1.0000e+00 9.0000e+00 6.0000e+00 1.1700e+02 8.8000e+01 2.6000e+01 4.4000e+01 1.3000e+01 0.0000e+00 2.5300e+02 6.9000e+01 8.0000e+00 1.7000e+01 7.8200e+02 8.0000e+00 1.2000e+01 1.4000e+01 7.2000e+01 6.7000e+01 1.2000e+01 5.0000e+00 1.1000e+02 2.3550e+03 1.4570e+03 8.0000e+00 2.0000e+00 1.0000e+00 1.1000e+01 2.4000e+01 8.0000e+00 4.6700e+02 5.5000e+01 1.0000e+00 1.0000e+00 4.3130e+03 4.0000e+00 0.0000e+00 8.0000e+00
6.0000e+00 8.9700e+02 4.0000e+00 2.0000e+00 1.0000e+00 2.4900e+02 2.2000e+01 2.2800e+02 9.0000e+00 1.5000e+01 1.1000e+01 3.3700e+02 1.5900e+02 9.2000e+01 1.7830e+03 0.0000e+00 1.2330e+03 1.0070e+03 2.8010e+03 9.7600e+02 7.4000e+01 2.0000e+00 3.0000e+00 4.0000e+00 1.0000e+00 3.2000e+01 4.5400e+02 1.4000e+01 2.0000e+00 0.0000e+00 5.0000e+00 1.8000e+01 2.6700e+03 2.1120e+03 3.5000e+01 2.5080e+03 3.9160e+03 2.0000e+00 0.0000e+00 2.3400e+02 3.0000e+00 8.0000e+00 5.0000e+00 3.6060e+03 1.0000e+00 0.0000e+00 6.0000e+00 0.0000e+00 2.0000e+00 4.2420e+03
