1.0560e+03 9.9000e+02 9.9200e+02 1.0610e+03 9.4800e+02 1.0270e+03 9.7000e+02 1.0210e+03 1.0090e+03 9.5300e+02
9.7600e+02 1.0250e+03 9.6100e+02 1.0100e+03 1.0200e+03 9.6300e+02 9.9800e+02 1.0190e+03 9.9400e+02 9.8700e+02
9.8800e+02 1.0020e+03 1.0160e+03 1.0140e+03 9.8800e+02 9.6000e+02 1.0080e+03 1.0130e+03 9.9100e+02 1.0340e+03
9.2500e+02 1.0270e+03 9.7000e+02 1.0090e+03 1.0310e+03 9.7000e+02 1.0040e+03 9.9200e+02 9.4600e+02 1.0060e+03
9.8100e+02 1.0310e+03 1.0280e+03 1.0070e+03 1.0250e+03 9.8600e+02 9.1400e+02 9.6200e+02 9.7300e+02 1.0220e+03
9.8300e+02 1.0000e+03 1.0490e+03 1.0190e+03 1.0270e+03 1.0180e+03 1.0280e+03 1.0260e+03 9.6900e+02 9.8000e+02
1.0510e+03 9.8200e+02 9.4800e+02 9.5600e+02 1.0320e+03 1.0560e+03 9.7300e+02 1.0310e+03 1.0220e+03 1.0230e+03
1.0570e+03 1.0220e+03 9.6700e+02 9.7600e+02 1.0300e+03 9.9100e+02 9.9500e+02 9.8500e+02 1.0570e+03 9.8600e+02
1.0110e+03 1.0360e+03 9.6400e+02 9.7100e+02 1.0030e+03 1.0370e+03 1.0270e+03 1.0190e+03 1.0110e+03 9.8800e+02
9.5900e+02 1.0010e+03 1.0100e+03 9.9500e+02 9.8900e+02 9.7100e+02 9.8100e+02 1.0330e+03 1.0320e+03 9.2000e+02
