7.2727e-01 5.0000e-01 8.3582e-01 6.8254e-01 4.4595e-01 0.0000e+00 5.0725e-01 1.4706e-01 9.7260e-01 1.0000e+00 8.3077e-01 9.5946e-01 7.9104e-01 7.9167e-01 7.6923e-01 5.0617e-01 8.1818e-01 4.3478e-01 7.0423e-01 3.7333e-01 5.6338e-01 9.7436e-01 9.8718e-01 9.8529e-01 6.1194e-01 9.3243e-01 7.2917e-01 5.4545e-01 5.6579e-01 8.2857e-01 8.8312e-01 4.6552e-01 8.6486e-01 9.6923e-01 4.6575e-01 5.7627e-01 8.4722e-01 7.3973e-01 5.8462e-01 9.4737e-01 9.1549e-01 3.4848e-01 9.5455e-01 1.0000e+00 2.0588e-01 4.6250e-01 2.1176e-01 6.4000e-01 4.3077e-01 7.2152e-01
2.2500e-01 3.1868e-01 4.9206e-01 1.1940e-01 1.2500e-01 3.3333e-01 2.7778e-02 5.0000e-01 1.4667e-01 5.4717e-01 1.0448e-01 2.6984e-01 2.3611e-01 3.1250e-02 5.2941e-01 4.1096e-02 3.4783e-01 3.8667e-01 2.9630e-01 1.6216e-01 3.5294e-01 4.9315e-01 3.2000e-01 1.2500e-01 4.2857e-01 3.9474e-01 2.3750e-01 1.9118e-01 5.0725e-01 6.8966e-02 3.2857e-01 5.2778e-01 1.1111e-01 2.2078e-01 3.9286e-01 4.2857e-01 2.3684e-01 1.1111e-01 2.1154e-01 1.4865e-01 1.0959e-01 9.5890e-02 5.4167e-01 3.4783e-01 1.6667e-01 2.9688e-01 1.7857e-02 0.0000e+00 9.4118e-02 3.8750e-01
7.9012e-01 7.1429e-01 1.0000e+00 1.2308e-01 7.8947e-02 4.0000e-01 1.0000e+00 6.8421e-01 3.3871e-01 2.1839e-01 9.2771e-01 1.4062e-01 1.1538e-01 5.8824e-02 6.1429e-01 0.0000e+00 1.0465e-01 1.3953e-01 5.9322e-01 4.7368e-01 4.0000e-01 1.2766e-01 5.5128e-01 1.5942e-01 6.5152e-01 5.3165e-01 5.9740e-01 2.6027e-01 8.8889e-01 2.7273e-01 4.9296e-01 1.0000e+00 7.7215e-01 3.3333e-01 2.3684e-01 5.4098e-01 1.5493e-01 6.7391e-01 2.1333e-01 8.1013e-01 1.6667e-01 2.5000e-01 4.0000e-02 5.5696e-01 4.4444e-01 2.9508e-01 4.9383e-02 9.8649e-01 5.0746e-01 9.0667e-01
3.0667e-01 2.4638e-01 0.0000e+00 1.9718e-01 2.7027e-02 5.8824e-01 2.8169e-01 1.3699e-02 3.8462e-02 4.9383e-01 4.0678e-01 4.4118e-01 3.1429e-01 4.6667e-01 8.3333e-02 8.3333e-02 2.8169e-02 4.6377e-01 3.2857e-01 3.8750e-01 7.1831e-01 4.0299e-01 5.3125e-01 5.6716e-01 7.5362e-01 5.9740e-01 7.6623e-01 6.6667e-01 4.9315e-01 5.2542e-01 7.6829e-01 6.8919e-01 5.5000e-01 7.5000e-01 6.7089e-01 5.7576e-01 3.7500e-01 5.0000e-01 6.8116e-01 1.9672e-01 4.0385e-01 6.0317e-01 1.7391e-01 1.3043e-01 5.7971e-01 8.2812e-01 6.3529e-01 5.5844e-01 6.4286e-01 4.6835e-01
5.5172e-01 5.6522e-01 6.0000e-01 3.2836e-01 5.4930e-01 5.5556e-01 4.2857e-01 8.0328e-01 1.6176e-01 3.3333e-01 6.8333e-01 5.7895e-01 8.5714e-01 4.0323e-01 4.4776e-01 3.4722e-01 7.7419e-01 5.1282e-01 4.2029e-01 6.5672e-01 7.0423e-01 5.2564e-01 2.0000e-01 2.9851e-01 4.0278e-01 3.8235e-01 8.8000e-01 4.7761e-01 7.9412e-01 2.8070e-01 5.6944e-01 7.3913e-01 4.7500e-01 3.3784e-01 8.5897e-01 7.6271e-01 6.0526e-01 5.8571e-01 6.3043e-01 4.4444e-01 5.2326e-01 5.4098e-01 3.3333e-01 3.1579e-01 4.6753e-01 4.8750e-01 5.8209e-01 4.5977e-01 7.8125e-01 8.6076e-01
1.0000e+00 1.0000e+00 1.0000e+00 9.4737e-01 9.5775e-01 5.9740e-01 6.3235e-01 9.3976e-01 8.8333e-01 9.8795e-01 6.5476e-01 8.1250e-01 9.7297e-01 8.5542e-01 6.0000e-01 3.3333e-02 6.4286e-01 7.5000e-02 7.0312e-01 9.5238e-02 9.5122e-01 9.5455e-01 9.8718e-01 9.8701e-01 1.0000e+00 7.5325e-01 9.8630e-01 4.9123e-01 9.0566e-01 9.8901e-02 9.8592e-01 8.2051e-01 4.9315e-01 8.1159e-01 9.8630e-01 1.0000e+00 9.4366e-01 9.7959e-01 9.0909e-01 1.0000e+00 9.5652e-01 9.6774e-01 9.4231e-01 1.0000e+00 9.8413e-01 6.9048e-01 4.3077e-01 9.1304e-01 5.6164e-01 5.3333e-01
9.5714e-01 1.6000e-01 8.4722e-01 7.3684e-01 9.5522e-01 2.2807e-01 9.6774e-01 9.7059e-01 2.8125e-01 8.9394e-01 2.8571e-01 8.6957e-02 1.3115e-01 3.0120e-01 3.6250e-01 8.1538e-01 7.7273e-01 2.8169e-02 1.6667e-01 5.1389e-01 7.6190e-01 3.0769e-02 5.3947e-01 2.6027e-01 7.0423e-01 3.2308e-01 7.3171e-02 5.8333e-01 6.8254e-01 1.9355e-01 4.7143e-01 8.6301e-01 1.7073e-01 0.0000e+00 2.5641e-02 9.2105e-01 4.1250e-01 9.3750e-02 6.0000e-01 7.6471e-01 7.3256e-01 3.1169e-01 9.4737e-01 2.9851e-01 1.4865e-01 4.5455e-01 3.4615e-01 9.8551e-01 6.8539e-01 9.2308e-02
3.8356e-01 5.6061e-01 5.4430e-01 4.3284e-01 6.9512e-01 4.1667e-01 3.1944e-01 5.7746e-01 7.2093e-01 5.5000e-01 4.6053e-01 8.1111e-01 3.3333e-01 7.0000e-01 6.6216e-01 5.1389e-01 4.8387e-01 3.5938e-01 1.9512e-01 4.5833e-01 7.5000e-01 4.6575e-01 2.8571e-01 3.4921e-01 3.0864e-01 4.2857e-01 8.0882e-01 5.2000e-01 8.6486e-01 2.5000e-01 4.8214e-01 5.6164e-01 6.4368e-01 8.0597e-01 7.4627e-01 7.8873e-01 1.4286e-01 4.5946e-01 5.8442e-01 4.8333e-01 5.2703e-01 2.1622e-01 1.2658e-01 2.7273e-01 2.7692e-01 6.6197e-01 5.5172e-01 2.7848e-01 7.7049e-01 7.9032e-01
7.3077e-01 9.3421e-01 7.1053e-01 9.5652e-01 6.8056e-01 9.0789e-01 6.6176e-01 5.6410e-01 5.8571e-01 6.3768e-01 7.9730e-01 6.5854e-01 7.6562e-01 7.3077e-01 6.6197e-01 5.2874e-01 6.0938e-01 4.4928e-01 6.7308e-01 5.2564e-01 5.7812e-01 4.9351e-01 7.6389e-01 4.4706e-01 6.1111e-01 7.8947e-01 8.3117e-01 6.4789e-01 8.8406e-01 8.1818e-01 4.6154e-01 6.3889e-01 7.2464e-01 6.8421e-01 8.4706e-01 7.3810e-01 8.6301e-01 6.0563e-01 4.6774e-01 5.1765e-01 7.0000e-01 6.6667e-01 6.7606e-01 8.8732e-01 7.0690e-01 6.8675e-01 7.6812e-01 7.5342e-01 7.3134e-01 8.3824e-01
6.5625e-01 8.8235e-02 8.0556e-01 6.6667e-02 2.5000e-01 7.7922e-01 2.7027e-01 2.3077e-01 9.4595e-02 6.4286e-01 5.3846e-01 8.1818e-01 2.2535e-01 5.0000e-01 1.2162e-01 3.1707e-01 5.3333e-01 3.5366e-01 4.2353e-01 5.5844e-01 7.7907e-01 3.4615e-01 5.7812e-01 1.7857e-01 5.0685e-01 8.7692e-01 7.0312e-01 4.9351e-01 4.5333e-01 4.6914e-01 5.5814e-01 6.5753e-01 8.9552e-02 4.8864e-01 6.0256e-01 1.8750e-01 6.5574e-02 3.6145e-01 6.9231e-01 1.4667e-01 5.6522e-01 4.5763e-01 4.7826e-01 3.1579e-01 6.4615e-01 4.4000e-01 5.9459e-01 7.8750e-01 4.2857e-01 6.2857e-01
