1.0000e+00 1.0000e+00 1.0000e+00 2.0000e+00 1.0000e+00 1.0000e+00 0.0000e+00 1.0000e+00 5.9960e+03 5.7620e+03 4.0000e+00 2.0000e+00 4.0000e+00 1.0000e+00 2.0000e+00 1.0000e+00 1.0000e+00 1.0000e+00 3.0000e+00 2.0000e+00 0.0000e+00 9.0000e+00 5.9130e+03 5.9870e+03 1.0000e+00 3.0000e+00 1.0000e+00 1.1000e+01 4.0000e+00 4.0000e+00 0.0000e+00 0.0000e+00 5.8850e+03 1.0000e+00 1.0000e+00 0.0000e+00 4.0000e+00 1.0000e+00 3.0000e+00 4.4440e+03 3.0000e+01 3.0000e+00 6.6000e+01 4.0000e+00 1.0000e+00 1.0000e+00 1.0000e+00 2.0000e+00 1.0000e+00 1.8000e+01
1.0000e+00 1.0000e+00 1.6000e+01 1.0000e+00 3.0000e+00 3.0000e+00 3.0000e+00 3.0000e+00 3.0000e+00 1.0000e+00 1.0000e+00 1.0000e+00 1.0000e+00 1.0000e+00 1.0000e+00 1.0000e+00 3.0000e+00 1.0000e+01 5.8890e+03 1.0000e+00 1.0000e+00 5.9870e+03 2.1000e+01 1.0000e+00 3.0000e+00 3.0000e+00 1.0000e+00 1.0000e+00 9.0000e+00 1.0000e+00 1.0000e+00 1.0000e+00 1.0000e+00 1.0000e+00 1.0000e+00 4.9900e+02 1.0000e+00 1.0000e+00 1.0000e+00 1.0000e+00 1.0000e+00 1.0000e+00 1.0000e+00 1.0000e+00 1.0000e+00 1.0000e+00 1.0000e+00 1.0000e+00 1.0000e+00 1.0000e+00
2.9000e+01 8.0000e+00 6.0150e+03 1.0000e+00 1.0000e+00 1.0000e+00 6.0610e+03 2.0000e+00 1.0000e+00 1.0000e+00 5.9060e+03 1.0000e+00 1.0000e+00 1.0000e+00 1.0000e+00 1.0000e+00 1.0000e+00 1.0000e+00 7.0000e+00 6.6000e+01 3.0000e+00 2.0000e+00 1.0000e+00 1.0000e+00 1.0000e+00 2.0000e+00 2.0000e+00 3.0000e+00 2.0000e+00 2.0000e+00 1.0000e+00 5.9980e+03 2.7000e+01 3.0000e+00 1.0000e+00 2.0000e+00 1.0000e+00 8.0000e+01 1.0000e+00 1.0000e+00 1.0000e+00 1.0000e+00 1.0000e+00 2.0000e+00 1.0000e+00 3.0000e+00 1.0000e+00 4.5750e+03 5.0000e+00 4.0000e+00
1.0000e+00 1.0000e+00 1.0000e+00 1.0000e+00 1.0000e+00 2.0000e+00 1.0000e+00 1.0000e+00 1.0000e+00 1.0000e+00 2.0000e+00 1.0000e+00 1.0000e+00 1.0000e+00 1.0000e+00 1.0000e+00 1.0000e+00 1.0000e+00 1.0000e+00 1.3000e+01 6.0320e+03 1.0000e+00 1.0000e+00 1.0000e+00 5.9070e+03 5.0000e+00 1.0000e+00 5.8910e+03 1.0000e+00 1.0000e+00 5.9730e+03 3.0000e+00 2.0000e+00 1.0000e+00 3.0000e+00 3.0000e+01 1.0000e+00 1.0000e+00 1.0000e+00 1.0000e+00 2.0000e+00 1.0000e+00 1.0000e+00 1.0000e+00 1.0000e+00 5.9500e+03 3.0000e+00 1.0000e+00 1.0000e+00 1.0000e+00
2.9000e+01 1.0000e+00 2.0000e+00 1.0000e+00 1.0000e+00 1.0000e+01 2.0000e+00 2.0000e+00 1.0000e+00 2.0000e+00 2.0000e+00 1.0000e+00 5.9100e+03 1.0000e+00 1.0000e+00 1.0000e+00 5.9160e+03 3.0000e+00 2.0000e+00 1.0000e+00 2.0000e+00 2.2000e+01 5.0000e+00 1.0000e+00 1.0000e+00 1.0000e+00 2.8000e+01 1.0000e+00 5.8890e+03 4.0000e+00 2.0000e+00 3.0000e+00 8.2000e+01 1.0000e+00 5.9550e+03 5.5220e+03 2.0000e+00 1.0000e+00 4.0000e+00 1.0000e+00 1.0000e+00 2.2100e+02 1.0000e+00 4.0000e+00 1.0000e+00 1.0000e+00 1.0000e+00 1.0000e+00 1.0000e+00 1.0000e+00
0.0000e+00 1.0000e+00 0.0000e+00 3.0000e+00 5.9610e+03 1.0000e+00 1.0000e+00 4.0000e+00 1.0000e+00 0.0000e+00 3.0000e+00 6.0210e+03 2.8000e+01 8.4000e+01 2.0000e+00 1.0000e+00 0.0000e+00 1.0000e+00 8.6000e+01 2.0000e+00 1.0000e+00 2.0000e+00 1.0000e+00 2.0000e+00 0.0000e+00 3.0000e+00 0.0000e+00 1.0000e+00 2.0000e+00 1.0000e+00 0.0000e+00 0.0000e+00 1.0000e+00 0.0000e+00 1.0000e+00 0.0000e+00 3.0000e+00 5.8680e+03 2.1000e+01 1.6940e+03 3.0000e+00 5.8540e+03 3.0000e+00 5.8390e+03 6.0100e+03 2.0000e+00 1.0000e+00 1.0000e+00 1.0000e+00 2.0000e+00
6.0800e+03 1.0000e+00 8.0000e+00 7.0000e+00 1.0000e+00 1.0000e+00 7.0000e+00 6.0510e+03 2.0000e+00 3.4000e+01 2.0000e+00 2.0000e+00 2.0000e+00 2.0000e+00 1.0000e+00 5.9610e+03 3.0000e+00 1.0000e+00 1.0000e+00 2.0000e+00 8.0000e+00 1.0000e+00 2.0000e+00 1.0000e+00 8.0000e+00 1.0000e+00 1.0000e+00 1.0000e+00 1.0000e+00 1.0000e+00 1.0000e+00 3.0000e+00 2.0000e+00 1.0000e+00 1.0000e+00 2.0000e+00 1.0000e+00 1.0000e+00 1.0000e+00 9.0000e+00 2.1000e+01 2.0000e+00 5.9590e+03 1.0000e+00 1.0000e+00 1.0000e+00 1.0000e+00 1.4150e+03 6.0690e+03 1.0000e+00
1.0000e+00 6.0000e+00 1.8000e+01 1.0000e+00 4.0000e+00 2.0000e+00 2.0000e+00 1.0000e+00 2.0000e+00 1.0000e+00 1.0000e+00 1.0000e+00 1.0000e+00 5.9940e+03 5.9570e+03 1.0000e+00 1.0000e+00 7.0000e+00 1.0000e+00 5.9000e+03 1.0000e+00 1.0000e+00 1.0000e+00 1.0000e+00 1.0000e+00 1.0000e+00 6.0000e+00 1.0000e+00 6.0000e+00 1.0000e+00 1.0000e+00 6.0000e+00 1.0000e+00 6.0630e+03 1.0000e+00 2.0000e+00 1.0000e+00 1.0000e+00 1.1500e+02 1.0000e+00 1.0000e+00 2.0000e+00 1.0000e+00 1.0000e+00 2.0000e+00 3.0000e+00 5.8960e+03 1.0000e+00 2.0000e+00 5.9260e+03
4.0000e+00 5.8580e+03 4.0000e+00 5.9250e+03 1.0000e+00 6.0220e+03 4.0000e+00 2.0000e+00 2.0000e+00 1.0000e+00 4.0000e+00 2.0000e+00 2.0000e+00 1.0000e+00 1.0000e+00 2.0000e+00 4.0000e+00 9.0000e+00 1.6000e+01 1.0000e+00 3.0000e+00 2.0000e+00 1.1000e+01 3.0000e+00 6.0000e+00 2.0000e+00 1.0000e+00 1.0000e+00 3.0000e+00 5.8860e+03 0.0000e+00 1.0000e+00 1.0000e+00 3.0000e+00 4.0000e+00 3.0000e+00 5.9690e+03 1.0000e+00 4.0000e+00 4.0000e+00 2.0000e+00 3.0000e+00 9.0000e+00 3.0000e+00 1.0000e+01 2.0000e+00 2.0000e+00 1.0000e+00 2.0000e+00 3.0000e+00
1.0000e+00 1.0000e+00 1.0000e+00 1.0000e+00 1.0000e+00 1.0000e+00 3.0000e+00 1.0000e+00 1.0000e+00 1.1700e+02 2.0000e+00 1.0000e+00 1.0000e+00 1.0000e+00 1.0000e+00 1.0000e+00 1.6000e+01 6.0290e+03 1.2000e+01 1.0000e+00 1.0000e+00 2.0000e+00 6.0000e+00 1.0000e+00 1.0000e+00 6.0640e+03 6.0500e+03 4.0000e+00 1.0000e+00 4.0000e+00 1.0000e+00 3.0000e+00 1.0000e+00 3.0000e+00 1.0000e+00 1.0000e+00 1.0000e+00 1.0000e+00 5.7980e+03 1.0000e+00 5.8750e+03 1.0000e+00 1.0000e+00 2.0000e+00 1.0000e+00 3.0000e+00 1.0000e+00 1.0000e+00 1.0000e+00 1.0000e+00
