1.0000e+00 0.0000e+00 0.0000e+00 1.0000e+00 0.0000e+00 0.0000e+00 0.0000e+00 0.0000e+00 5.8810e+03 5.7480e+03 3.0000e+00 1.0000e+00 3.0000e+00 0.0000e+00 1.0000e+00 0.0000e+00 0.0000e+00 0.0000e+00 2.0000e+00 1.0000e+00 0.0000e+00 8.0000e+00 5.5830e+03 5.9530e+03 0.0000e+00 2.0000e+00 1.0000e+00 5.0000e+00 3.0000e+00 3.0000e+00 0.0000e+00 0.0000e+00 5.2350e+03 1.0000e+00 0.0000e+00 0.0000e+00 3.0000e+00 0.0000e+00 2.0000e+00 4.1170e+03 2.7000e+01 2.0000e+00 6.4000e+01 3.0000e+00 0.0000e+00 0.0000e+00 0.0000e+00 1.0000e+00 0.0000e+00 1.5000e+01
0.0000e+00 0.0000e+00 8.0000e+00 0.0000e+00 1.0000e+00 1.0000e+00 1.0000e+00 1.0000e+00 1.0000e+00 0.0000e+00 0.0000e+00 0.0000e+00 0.0000e+00 0.0000e+00 0.0000e+00 0.0000e+00 1.0000e+00 3.0000e+00 2.3380e+03 0.0000e+00 0.0000e+00 2.8810e+03 9.0000e+00 0.0000e+00 1.0000e+00 1.0000e+00 0.0000e+00 0.0000e+00 4.0000e+00 0.0000e+00 0.0000e+00 0.0000e+00 0.0000e+00 0.0000e+00 0.0000e+00 2.4700e+02 0.0000e+00 0.0000e+00 0.0000e+00 0.0000e+00 0.0000e+00 0.0000e+00 0.0000e+00 0.0000e+00 0.0000e+00 0.0000e+00 0.0000e+00 0.0000e+00 0.0000e+00 0.0000e+00
2.7000e+01 7.0000e+00 5.9750e+03 0.0000e+00 0.0000e+00 0.0000e+00 6.0610e+03 1.0000e+00 0.0000e+00 0.0000e+00 5.5590e+03 0.0000e+00 0.0000e+00 0.0000e+00 0.0000e+00 0.0000e+00 0.0000e+00 0.0000e+00 4.0000e+00 3.4000e+01 2.0000e+00 1.0000e+00 0.0000e+00 0.0000e+00 0.0000e+00 1.0000e+00 1.0000e+00 1.0000e+00 1.0000e+00 1.0000e+00 1.0000e+00 5.9980e+03 2.0000e+01 2.0000e+00 0.0000e+00 1.0000e+00 0.0000e+00 6.1000e+01 0.0000e+00 0.0000e+00 0.0000e+00 0.0000e+00 0.0000e+00 1.0000e+00 0.0000e+00 1.0000e+00 0.0000e+00 4.4890e+03 3.0000e+00 3.0000e+00
0.0000e+00 0.0000e+00 0.0000e+00 0.0000e+00 0.0000e+00 1.0000e+00 0.0000e+00 0.0000e+00 0.0000e+00 0.0000e+00 1.0000e+00 0.0000e+00 0.0000e+00 0.0000e+00 0.0000e+00 0.0000e+00 0.0000e+00 0.0000e+00 0.0000e+00 5.0000e+00 4.3610e+03 0.0000e+00 0.0000e+00 0.0000e+00 4.1950e+03 3.0000e+00 0.0000e+00 3.8090e+03 0.0000e+00 0.0000e+00 5.0510e+03 2.0000e+00 1.0000e+00 0.0000e+00 2.0000e+00 2.1000e+01 0.0000e+00 0.0000e+00 0.0000e+00 0.0000e+00 1.0000e+00 0.0000e+00 0.0000e+00 0.0000e+00 0.0000e+00 4.6150e+03 1.0000e+00 0.0000e+00 0.0000e+00 0.0000e+00
2.1000e+01 0.0000e+00 1.0000e+00 0.0000e+00 0.0000e+00 7.0000e+00 1.0000e+00 1.0000e+00 0.0000e+00 1.0000e+00 1.0000e+00 0.0000e+00 4.7770e+03 0.0000e+00 0.0000e+00 0.0000e+00 4.7200e+03 1.0000e+00 1.0000e+00 0.0000e+00 1.0000e+00 1.6000e+01 3.0000e+00 0.0000e+00 0.0000e+00 0.0000e+00 2.5000e+01 0.0000e+00 4.8450e+03 2.0000e+00 1.0000e+00 2.0000e+00 5.2000e+01 0.0000e+00 5.4560e+03 4.3570e+03 1.0000e+00 0.0000e+00 2.0000e+00 0.0000e+00 0.0000e+00 1.4100e+02 0.0000e+00 2.0000e+00 0.0000e+00 0.0000e+00 0.0000e+00 0.0000e+00 0.0000e+00 0.0000e+00
0.0000e+00 1.0000e+00 0.0000e+00 3.0000e+00 5.3930e+03 1.0000e+00 0.0000e+00 4.0000e+00 1.0000e+00 0.0000e+00 2.0000e+00 4.9230e+03 2.8000e+01 6.9000e+01 1.0000e+00 0.0000e+00 0.0000e+00 0.0000e+00 6.9000e+01 1.0000e+00 0.0000e+00 2.0000e+00 1.0000e+00 2.0000e+00 0.0000e+00 3.0000e+00 0.0000e+00 0.0000e+00 2.0000e+00 0.0000e+00 0.0000e+00 0.0000e+00 0.0000e+00 0.0000e+00 1.0000e+00 0.0000e+00 3.0000e+00 5.6530e+03 1.9000e+01 1.6900e+03 2.0000e+00 5.5970e+03 3.0000e+00 5.8120e+03 5.9530e+03 1.0000e+00 0.0000e+00 1.0000e+00 0.0000e+00 1.0000e+00
5.9160e+03 0.0000e+00 7.0000e+00 6.0000e+00 0.0000e+00 0.0000e+00 6.0000e+00 5.8530e+03 1.0000e+00 2.9000e+01 1.0000e+00 1.0000e+00 1.0000e+00 1.0000e+00 0.0000e+00 4.4550e+03 2.0000e+00 0.0000e+00 0.0000e+00 1.0000e+00 7.0000e+00 0.0000e+00 1.0000e+00 0.0000e+00 7.0000e+00 0.0000e+00 0.0000e+00 0.0000e+00 0.0000e+00 0.0000e+00 0.0000e+00 2.0000e+00 1.0000e+00 0.0000e+00 0.0000e+00 1.0000e+00 0.0000e+00 0.0000e+00 0.0000e+00 7.0000e+00 1.7000e+01 1.0000e+00 5.6410e+03 0.0000e+00 0.0000e+00 0.0000e+00 0.0000e+00 1.3800e+03 4.8030e+03 0.0000e+00
0.0000e+00 4.0000e+00 1.3000e+01 0.0000e+00 2.0000e+00 1.0000e+00 1.0000e+00 0.0000e+00 1.0000e+00 0.0000e+00 0.0000e+00 0.0000e+00 0.0000e+00 4.6270e+03 3.8270e+03 0.0000e+00 0.0000e+00 3.0000e+00 0.0000e+00 2.9780e+03 0.0000e+00 0.0000e+00 0.0000e+00 0.0000e+00 0.0000e+00 0.0000e+00 5.0000e+00 0.0000e+00 4.0000e+00 0.0000e+00 0.0000e+00 4.0000e+00 0.0000e+00 5.4080e+03 0.0000e+00 1.0000e+00 0.0000e+00 0.0000e+00 7.6000e+01 0.0000e+00 0.0000e+00 1.0000e+00 0.0000e+00 0.0000e+00 1.0000e+00 1.0000e+00 3.3320e+03 0.0000e+00 1.0000e+00 4.6690e+03
3.0000e+00 5.3770e+03 3.0000e+00 5.6160e+03 0.0000e+00 5.4960e+03 3.0000e+00 1.0000e+00 1.0000e+00 0.0000e+00 3.0000e+00 1.0000e+00 1.0000e+00 0.0000e+00 0.0000e+00 1.0000e+00 3.0000e+00 5.0000e+00 1.0000e+01 0.0000e+00 2.0000e+00 1.0000e+00 8.0000e+00 2.0000e+00 5.0000e+00 1.0000e+00 1.0000e+00 0.0000e+00 2.0000e+00 4.7900e+03 0.0000e+00 0.0000e+00 0.0000e+00 2.0000e+00 3.0000e+00 2.0000e+00 5.2990e+03 0.0000e+00 3.0000e+00 3.0000e+00 1.0000e+00 2.0000e+00 8.0000e+00 2.0000e+00 7.0000e+00 1.0000e+00 1.0000e+00 0.0000e+00 1.0000e+00 2.0000e+00
0.0000e+00 0.0000e+00 0.0000e+00 0.0000e+00 0.0000e+00 0.0000e+00 2.0000e+00 0.0000e+00 0.0000e+00 7.2000e+01 1.0000e+00 0.0000e+00 0.0000e+00 0.0000e+00 0.0000e+00 0.0000e+00 1.0000e+01 2.7040e+03 5.0000e+00 0.0000e+00 0.0000e+00 1.0000e+00 3.0000e+00 0.0000e+00 0.0000e+00 5.0260e+03 4.9770e+03 1.0000e+00 0.0000e+00 2.0000e+00 0.0000e+00 2.0000e+00 0.0000e+00 2.0000e+00 0.0000e+00 0.0000e+00 0.0000e+00 0.0000e+00 3.8830e+03 0.0000e+00 3.5110e+03 0.0000e+00 0.0000e+00 1.0000e+00 0.0000e+00 1.0000e+00 0.0000e+00 0.0000e+00 0.0000e+00 0.0000e+00
