8.7500e-01 1.0843e-01 2.1552e-01 7.6786e-01 4.7368e-01 5.1220e-01 3.4409e-01 2.0000e-01 8.8119e-01 9.8990e-01
1.9658e-01 5.5319e-01 2.3529e-01 1.0000e+00 5.5814e-01 2.5439e-01 7.9000e-01 6.1404e-02 1.4894e-01 9.8305e-01
9.6667e-01 5.1136e-01 2.0408e-02 6.0784e-01 8.1053e-01 5.7692e-01 9.7895e-01 7.9000e-01 6.0577e-01 4.5556e-01
8.1443e-01 7.8571e-01 7.8000e-01 4.8649e-01 7.8761e-01 9.8020e-01 9.5745e-02 4.1000e-01 3.6170e-01 7.9130e-01
0.0000e+00 1.2346e-01 8.7778e-01 5.8163e-01 1.5741e-01 3.3333e-01 4.1237e-02 5.4688e-01 1.3793e-01 3.2075e-01
6.9643e-01 4.3333e-01 1.1579e-01 1.1207e-01 5.3774e-01 4.2718e-01 9.5455e-01 7.7419e-01 2.0833e-01 5.1456e-01
8.1633e-01 4.1379e-01 1.7021e-01 2.8409e-01 6.0494e-01 6.8817e-01 4.8780e-01 2.2772e-01 5.5238e-01 5.9459e-01
5.3191e-01 9.4059e-01 9.7674e-01 3.3750e-01 1.0989e-02 3.5644e-01 6.5217e-01 7.6852e-01 4.6875e-01 0.0000e+00
2.0755e-01 4.6078e-01 1.5000e-01 8.0435e-01 5.4098e-01 4.0404e-02 4.0196e-01 5.3684e-01 7.7876e-01 4.4578e-01
3.9216e-02 1.0000e+00 2.1782e-01 1.4423e-01 1.1927e-01 3.1183e-01 1.9588e-01 4.6316e-01 4.2574e-01 5.9406e-01
