8.4000e+01 9.0000e+00 2.5000e+01 8.6000e+01 5.4000e+01 4.2000e+01 3.2000e+01 2.1000e+01 1.0700e+02 8.6990e+03
2.3000e+01 5.2000e+01 2.4000e+01 8.4950e+03 4.9000e+01 2.9000e+01 8.0000e+01 7.0000e+00 1.4000e+01 2.8200e+02
4.5600e+02 4.5000e+01 2.0000e+00 6.2000e+01 7.1940e+03 6.0000e+01 9.9800e+02 8.3000e+01 6.3000e+01 4.1000e+01
7.9000e+01 7.7000e+01 7.8000e+01 5.4000e+01 1.0100e+02 9.0070e+03 9.0000e+00 4.1000e+01 3.4000e+01 9.1000e+01
0.0000e+00 1.0000e+01 7.3570e+03 5.7000e+01 1.7000e+01 3.2000e+01 4.0000e+00 7.1000e+01 1.6000e+01 3.4000e+01
7.9000e+01 3.9000e+01 1.1000e+01 1.3000e+01 5.7000e+01 4.4000e+01 7.9730e+03 3.6400e+02 2.0000e+01 5.3000e+01
7.1500e+03 3.6000e+01 1.6000e+01 2.5000e+01 5.4000e+01 7.0000e+01 6.0000e+01 2.3000e+01 5.8000e+01 6.6000e+01
5.0000e+01 5.0600e+02 7.4000e+02 2.7000e+01 1.0000e+00 3.6000e+01 6.0000e+01 7.1180e+03 4.5000e+01 0.0000e+00
2.2000e+01 4.7000e+01 1.5000e+01 5.0200e+02 6.7000e+01 4.0000e+00 4.1000e+01 5.1000e+01 6.5530e+03 3.7000e+01
4.0000e+00 8.7070e+03 2.2000e+01 1.5000e+01 1.3000e+01 2.9000e+01 1.9000e+01 4.4000e+01 4.3000e+01 6.0000e+01
