1.4000e+01 1.9000e+01 1.3000e+01 5.1000e+01 1.0000e+01 5.0000e+00 2.6000e+01 1.0000e+01 5.2260e+03 1.9000e+01 2.7000e+01 8.0000e+00 9.2000e+01 1.0530e+03 6.2000e+01 1.9000e+01 2.9000e+01 7.5000e+01 6.1900e+02 7.6000e+01 1.1000e+01 4.0890e+03 4.2110e+03 4.8770e+03 3.8000e+01 1.7000e+01 1.3000e+01 4.3000e+01 9.0000e+00 3.5070e+03 1.6000e+01 7.0000e+00 1.8800e+03 1.9000e+01 7.0000e+00 6.0000e+00 4.2700e+02 7.8000e+01 1.6000e+01 1.3790e+03 2.3340e+03 1.5000e+01 4.5000e+01 9.1000e+01 1.7000e+01 8.0000e+00 1.5000e+01 1.2000e+01 2.6000e+01 1.2000e+01
2.6000e+01 1.7600e+02 2.6890e+03 2.7000e+01 4.0000e+01 6.0000e+01 2.3000e+01 4.0600e+02 4.2000e+01 4.4900e+02 3.8000e+01 3.8000e+01 7.1000e+01 3.0000e+01 5.6420e+03 4.7000e+01 1.7600e+02 4.9750e+03 4.4110e+03 8.3000e+01 7.5000e+01 1.0780e+03 1.6600e+02 3.6000e+01 3.3700e+02 2.4900e+02 4.1000e+01 1.0100e+02 2.0100e+02 6.2000e+01 5.3000e+01 1.1500e+03 5.2000e+01 1.7000e+01 2.8200e+02 1.0580e+03 4.2000e+01 3.3000e+01 7.0000e+01 3.0000e+01 3.7000e+01 4.5000e+01 5.6250e+03 2.9100e+02 4.2000e+01 8.2000e+01 2.7000e+01 1.9000e+01 3.8000e+01 7.8000e+02
3.5300e+02 5.0000e+01 2.1980e+03 1.1000e+01 7.0000e+00 3.9000e+01 5.1820e+03 2.1000e+01 1.4000e+01 1.1000e+01 5.5740e+03 5.0000e+00 1.5000e+01 8.0000e+00 2.6000e+01 1.1000e+01 1.0000e+01 2.0000e+01 8.9000e+01 1.2500e+02 1.0000e+01 8.0000e+00 8.3000e+01 1.0000e+01 1.6700e+02 2.8000e+01 2.1000e+01 3.3000e+01 7.0100e+02 2.1000e+01 1.2000e+01 4.2160e+03 2.8610e+03 1.3000e+01 5.0000e+00 3.4000e+01 1.9000e+01 6.1000e+01 1.0000e+01 5.6100e+02 1.4000e+01 8.0000e+00 6.0000e+00 5.5000e+01 3.1000e+01 1.8000e+01 9.0000e+00 5.2950e+03 4.1000e+01 3.8000e+01
3.2000e+01 3.8000e+01 1.2000e+01 1.3000e+01 1.5000e+01 5.0000e+01 2.2000e+01 1.0000e+01 1.8000e+01 4.0000e+01 5.0000e+01 4.7000e+01 3.9000e+01 8.2000e+01 1.2000e+01 2.6000e+01 1.1000e+01 1.0400e+02 9.8000e+01 1.6710e+03 2.0000e+02 4.8000e+01 7.2000e+01 1.4700e+02 2.0010e+03 2.0100e+02 4.9500e+02 4.9950e+03 9.5000e+01 8.0000e+01 5.7660e+03 1.3000e+02 7.3000e+01 7.9100e+02 1.4700e+02 1.3100e+02 1.4000e+01 6.0000e+01 5.1460e+03 3.8000e+01 5.2000e+01 1.1500e+02 1.1000e+01 1.3000e+01 1.1300e+02 5.3910e+03 1.5610e+03 7.5000e+01 1.0100e+02 1.2200e+02
7.2000e+01 7.8000e+01 1.3500e+02 1.3000e+01 6.9000e+01 5.7000e+01 3.7000e+01 5.1400e+02 1.0000e+01 5.1000e+01 2.1700e+02 2.8000e+01 5.3640e+03 2.2000e+01 3.2000e+01 7.5000e+01 5.0630e+03 2.8600e+02 1.5000e+02 2.0030e+03 8.0000e+01 7.3000e+01 2.7000e+01 3.0000e+01 5.1000e+01 1.9000e+01 2.4740e+03 1.3500e+02 1.4260e+03 5.9000e+01 1.9000e+01 2.6200e+02 8.4000e+01 1.1000e+01 5.1430e+03 7.0700e+02 2.2200e+02 1.0000e+02 9.3000e+01 3.0000e+01 5.8000e+01 8.3000e+01 2.5000e+01 2.6000e+01 2.0000e+01 3.1000e+01 3.3300e+02 3.7000e+01 1.8000e+02 3.7210e+03
1.1000e+01 4.3000e+01 1.2000e+01 4.6000e+01 2.2000e+01 1.4000e+01 1.4000e+01 1.9000e+01 1.7700e+02 1.1000e+01 1.4000e+01 1.1000e+01 1.7200e+02 2.9900e+02 3.0000e+01 9.0000e+00 1.5000e+01 2.2000e+01 3.7200e+02 2.0000e+01 6.0000e+00 5.3900e+02 8.1600e+02 8.0800e+02 2.9510e+03 7.0000e+00 6.0000e+00 7.9000e+01 1.5000e+01 1.2000e+01 7.0000e+00 5.0000e+00 1.9000e+01 1.6000e+01 2.0000e+01 8.0000e+00 1.1600e+02 5.3830e+03 2.2000e+01 3.6170e+03 2.7820e+03 5.7070e+03 3.0000e+01 4.4000e+01 5.4520e+03 1.3000e+01 2.6000e+01 1.4000e+01 7.0000e+01 5.0000e+00
5.1930e+03 1.1000e+01 1.7000e+02 8.2000e+01 4.8300e+03 1.5000e+01 5.6000e+02 4.9000e+03 1.5000e+01 4.9140e+03 1.5000e+01 7.0000e+00 1.5000e+01 2.2000e+01 1.4000e+01 5.6440e+03 2.8400e+02 1.2000e+01 1.4000e+01 2.2000e+02 2.0000e+01 8.0000e+00 3.2000e+01 1.7000e+01 2.3100e+02 1.2000e+01 7.0000e+00 1.7500e+02 3.4000e+01 1.9000e+01 7.0000e+00 1.0200e+02 1.1000e+01 5.0000e+00 5.0000e+00 3.7600e+02 2.9000e+01 8.0000e+00 3.3000e+01 2.8400e+02 2.6300e+02 2.0000e+01 1.2900e+02 1.5000e+01 1.0000e+01 1.4000e+01 1.6000e+01 4.9900e+02 7.6900e+02 5.0000e+00
1.5000e+01 7.5000e+01 1.3100e+02 2.6000e+01 9.8000e+02 5.2000e+01 1.5000e+01 9.2000e+01 3.9500e+02 1.1200e+02 1.5000e+01 7.4000e+02 1.7000e+01 4.1640e+03 8.0000e+01 9.1000e+01 3.1000e+01 9.0000e+01 4.4000e+01 5.5500e+02 7.9900e+02 6.7000e+01 2.8000e+01 2.6000e+01 6.1000e+01 2.0000e+01 4.1800e+02 1.4900e+02 3.4260e+03 3.3000e+01 3.9000e+01 3.6000e+01 9.6400e+02 5.2570e+03 4.9200e+02 3.6420e+03 1.5000e+01 1.4400e+02 1.5500e+02 7.0000e+01 1.2900e+02 2.5000e+01 1.4000e+01 1.2000e+01 5.2000e+01 1.2500e+02 2.3100e+02 1.7000e+01 4.6270e+03 1.0600e+03
2.5000e+01 5.4750e+03 9.0000e+00 5.7830e+03 5.1000e+01 1.4000e+02 2.3000e+01 1.0000e+01 4.4000e+01 5.6000e+01 4.6000e+01 1.3000e+01 2.0300e+02 2.6000e+02 8.0000e+01 7.2000e+01 3.3000e+01 9.7000e+01 2.0600e+02 4.6400e+02 1.0000e+01 3.6000e+01 4.4300e+02 4.3000e+01 5.7000e+01 1.1000e+01 1.1000e+01 1.0600e+02 1.1000e+01 1.7230e+03 1.5000e+01 8.0000e+00 1.2200e+02 2.2000e+01 8.0000e+00 2.7000e+01 5.0410e+03 8.4000e+01 1.3000e+01 3.2000e+01 6.8000e+01 5.5000e+01 4.0000e+01 5.4530e+03 1.3400e+02 8.9000e+01 3.7090e+03 1.9000e+01 7.3000e+01 7.0000e+00
1.5700e+02 1.1000e+01 5.4300e+02 1.2000e+01 1.9000e+01 5.6350e+03 1.2000e+01 1.0000e+01 1.6000e+01 2.7900e+02 1.3300e+02 4.9600e+03 2.8000e+01 6.5000e+01 1.4000e+01 3.8000e+01 1.7400e+02 2.0000e+02 4.9000e+01 7.6300e+02 4.7750e+03 3.3000e+01 1.0900e+02 2.8000e+01 1.0600e+02 5.4380e+03 2.4770e+03 2.3200e+02 5.4000e+01 3.9500e+02 1.5000e+01 7.1000e+01 1.5000e+01 4.3000e+01 5.1000e+01 1.2000e+01 1.1000e+01 7.9000e+01 5.5700e+02 1.1000e+01 2.2000e+02 5.2000e+01 9.0000e+00 2.5000e+01 9.7000e+01 9.4000e+01 1.2300e+02 9.1000e+01 1.5200e+02 2.6100e+02
