7.1429e-01 4.7368e-01 6.9231e-01 6.8627e-01 3.0000e-01 0.0000e+00 6.1538e-01 3.0000e-01 9.8220e-01 1.0000e+00 8.5185e-01 1.0000e+00 7.5000e-01 9.0693e-01 7.7419e-01 2.6316e-01 6.8966e-01 4.8000e-01 7.1405e-01 4.7368e-01 6.3636e-01 9.6332e-01 9.5464e-01 9.9549e-01 5.7895e-01 9.4118e-01 7.6923e-01 4.8837e-01 4.4444e-01 8.8623e-01 1.0000e+00 1.4286e-01 8.8723e-01 1.0000e+00 1.4286e-01 3.3333e-01 8.7119e-01 7.0513e-01 3.7500e-01 9.2386e-01 9.3059e-01 3.3333e-01 1.0000e+00 9.8901e-01 3.5294e-01 2.5000e-01 2.6667e-01 5.8333e-01 4.6154e-01 7.5000e-01
7.6923e-02 3.5795e-01 5.3217e-01 7.4074e-02 1.5000e-01 2.5000e-01 4.3478e-02 4.5567e-01 1.4286e-01 4.2762e-01 1.5789e-01 1.8421e-01 2.3944e-01 6.6667e-02 5.4537e-01 8.5106e-02 3.4659e-01 3.9015e-01 4.0014e-01 1.3253e-01 3.0667e-01 4.5918e-01 3.3735e-01 1.1111e-01 3.9466e-01 4.2972e-01 2.1951e-01 2.1782e-01 4.0299e-01 1.7742e-01 2.6415e-01 5.0696e-01 1.5385e-01 0.0000e+00 4.5745e-01 4.8866e-01 1.4286e-01 9.0909e-02 2.4286e-01 6.6667e-02 1.0811e-01 1.5556e-01 5.7973e-01 4.0206e-01 1.4286e-01 2.9268e-01 0.0000e+00 0.0000e+00 1.0526e-01 4.9359e-01
8.6402e-01 5.8000e-01 9.9363e-01 1.8182e-01 0.0000e+00 5.8974e-01 1.0000e+00 4.2857e-01 2.1429e-01 1.8182e-01 9.4887e-01 0.0000e+00 2.6667e-01 0.0000e+00 5.0000e-01 0.0000e+00 1.0000e-01 1.5000e-01 4.8315e-01 4.8000e-01 3.0000e-01 0.0000e+00 6.3855e-01 1.0000e-01 7.1856e-01 5.3571e-01 6.6667e-01 3.6364e-01 9.0870e-01 2.8571e-01 3.3333e-01 1.0000e+00 8.2733e-01 3.8462e-01 0.0000e+00 5.2941e-01 3.1579e-01 5.9016e-01 1.0000e-01 8.0927e-01 2.1429e-01 0.0000e+00 0.0000e+00 6.0000e-01 4.5161e-01 3.8889e-01 0.0000e+00 9.7941e-01 4.8780e-01 8.9474e-01
3.7500e-01 3.6842e-01 8.3333e-02 7.6923e-02 1.3333e-01 4.6000e-01 2.7273e-01 0.0000e+00 1.6667e-01 3.7500e-01 4.6000e-01 4.6809e-01 3.5897e-01 4.7561e-01 8.3333e-02 1.5385e-01 0.0000e+00 3.5577e-01 3.6735e-01 5.2603e-01 6.8000e-01 3.9583e-01 4.5833e-01 5.5782e-01 7.0465e-01 6.6169e-01 7.6970e-01 6.3584e-01 5.6842e-01 4.2500e-01 8.4443e-01 6.0769e-01 4.2466e-01 7.8255e-01 6.5986e-01 5.8779e-01 7.1429e-02 4.3333e-01 7.4310e-01 3.4211e-01 4.0385e-01 5.2174e-01 9.0909e-02 7.6923e-02 5.2212e-01 7.8483e-01 6.3869e-01 5.3333e-01 4.8515e-01 6.0656e-01
5.9722e-01 5.6410e-01 6.8148e-01 1.5385e-01 5.5072e-01 5.6140e-01 4.8649e-01 7.8988e-01 0.0000e+00 4.9020e-01 7.1429e-01 4.2857e-01 8.0537e-01 2.7273e-01 4.3750e-01 4.1333e-01 7.9992e-01 5.0350e-01 4.7333e-01 5.8163e-01 6.5000e-01 5.3425e-01 3.3333e-01 3.6667e-01 4.7059e-01 3.1579e-01 9.0986e-01 5.1111e-01 8.3520e-01 4.4068e-01 3.6842e-01 7.4427e-01 5.1190e-01 1.8182e-01 9.0920e-01 7.8359e-01 6.5766e-01 5.7000e-01 5.8065e-01 3.6667e-01 4.8276e-01 5.4217e-01 4.4000e-01 3.4615e-01 2.5000e-01 4.1935e-01 6.2462e-01 4.8649e-01 6.1111e-01 8.6590e-01
1.0000e+00 1.0000e+00 1.0000e+00 8.9130e-01 8.6364e-01 5.7143e-01 7.1429e-01 9.4737e-01 8.1356e-01 1.0000e+00 7.1429e-01 9.0909e-01 9.8256e-01 8.4615e-01 6.3333e-01 0.0000e+00 6.6667e-01 2.2727e-01 6.9086e-01 2.0000e-01 8.3333e-01 9.9814e-01 9.9877e-01 9.8762e-01 1.0000e+00 8.5714e-01 1.0000e+00 5.9494e-01 8.6667e-01 1.6667e-01 1.0000e+00 6.0000e-01 3.6842e-01 9.3750e-01 1.0000e+00 1.0000e+00 8.7069e-01 9.6452e-01 1.0000e+00 9.9475e-01 9.4141e-01 9.6320e-01 1.0000e+00 1.0000e+00 9.8863e-01 9.2308e-01 4.2308e-01 8.5714e-01 6.5714e-01 2.0000e-01
9.7689e-01 1.8182e-01 8.0588e-01 6.8293e-01 9.1553e-01 3.3333e-01 9.6607e-01 9.6449e-01 2.6667e-01 9.0659e-01 3.3333e-01 1.4286e-01 2.6667e-01 3.6364e-01 2.8571e-01 7.4823e-01 7.7465e-01 0.0000e+00 7.1429e-02 5.3636e-01 8.5000e-01 0.0000e+00 4.6875e-01 2.9412e-01 7.4892e-01 3.3333e-01 1.4286e-01 6.1714e-01 8.5294e-01 2.6316e-01 1.4286e-01 7.4510e-01 9.0909e-02 0.0000e+00 0.0000e+00 8.4043e-01 4.4828e-01 0.0000e+00 4.8485e-01 7.6761e-01 7.4905e-01 3.5000e-01 9.5349e-01 2.6667e-01 1.0000e-01 2.8571e-01 1.8750e-01 9.7395e-01 7.8934e-01 0.0000e+00
2.0000e-01 5.3333e-01 6.4885e-01 3.4615e-01 7.5102e-01 5.1923e-01 2.0000e-01 6.0870e-01 6.7848e-01 5.8036e-01 2.0000e-01 7.9730e-01 1.7647e-01 7.5817e-01 5.8750e-01 4.1758e-01 3.5484e-01 3.6667e-01 2.7273e-01 5.1171e-01 8.1227e-01 4.9254e-01 3.2143e-01 3.0769e-01 4.7541e-01 3.0000e-01 8.0622e-01 4.9664e-01 8.3100e-01 3.0303e-01 5.1282e-01 4.4444e-01 6.8154e-01 8.8453e-01 8.0081e-01 8.1054e-01 1.3333e-01 5.9028e-01 6.1290e-01 5.0000e-01 5.7364e-01 2.8000e-01 2.1429e-01 8.3333e-02 4.4231e-01 6.3200e-01 5.7143e-01 2.3529e-01 7.3806e-01 8.0000e-01
6.4000e-01 9.1215e-01 5.5556e-01 9.4294e-01 5.8824e-01 8.6429e-01 5.2174e-01 3.0000e-01 5.4545e-01 6.0714e-01 6.0870e-01 8.4615e-01 7.5369e-01 7.5769e-01 7.1250e-01 4.8611e-01 4.8485e-01 4.6392e-01 5.7767e-01 5.9267e-01 5.0000e-01 5.0000e-01 7.9910e-01 5.3488e-01 5.7895e-01 9.0909e-01 7.2727e-01 5.6604e-01 8.1818e-01 7.9745e-01 5.3333e-01 5.0000e-01 6.4754e-01 5.9091e-01 7.5000e-01 4.8148e-01 8.8752e-01 6.4286e-01 2.3077e-01 4.6875e-01 6.0294e-01 5.6364e-01 7.0000e-01 9.1509e-01 7.0149e-01 7.1910e-01 8.0723e-01 4.7368e-01 5.8904e-01 8.5714e-01
6.3057e-01 0.0000e+00 7.2560e-01 8.3333e-02 2.1053e-01 7.9965e-01 8.3333e-02 0.0000e+00 1.2500e-01 6.3441e-01 6.0150e-01 8.1673e-01 2.8571e-01 4.4615e-01 1.4286e-01 2.3684e-01 5.8046e-01 4.3000e-01 2.6531e-01 5.0197e-01 8.2743e-01 3.3333e-01 5.2294e-01 2.8571e-01 5.1887e-01 8.1537e-01 8.3851e-01 5.0862e-01 4.8148e-01 5.8734e-01 2.0000e-01 5.3521e-01 6.6667e-02 4.8837e-01 5.0980e-01 8.3333e-02 0.0000e+00 4.8101e-01 6.7504e-01 0.0000e+00 5.8636e-01 4.0385e-01 0.0000e+00 2.8000e-01 5.0515e-01 5.6383e-01 4.7967e-01 5.7143e-01 5.3289e-01 6.8199e-01
