1.0000e+01 3.8000e+01 8.7000e+01 1.7000e+01 1.3300e+02 3.5000e+01 3.4000e+01 2.7100e+02 2.9300e+02 2.9000e+01 6.3000e+01 4.1000e+01 1.2000e+01 2.8000e+01 8.8000e+01 5.2000e+01 1.6000e+01 1.3000e+01 2.2000e+01 3.3000e+01 3.5000e+01 1.0000e+01 1.8300e+02 1.5000e+01 1.7000e+01 2.8000e+01 2.6300e+02 6.1000e+01 3.6800e+02 1.3800e+02 5.5160e+03 7.4900e+02 7.1000e+01 9.3000e+01 7.8000e+01 3.4000e+01 2.7000e+01 1.9000e+01 6.7000e+01 4.3000e+01 5.9000e+01 1.2000e+01 9.0000e+00 3.3000e+01 1.0400e+02 1.0000e+01 2.2000e+01 1.4800e+02 9.0000e+00 9.4000e+01
2.2000e+01 2.2000e+01 7.0000e+00 1.0000e+01 4.3390e+03 7.0000e+00 1.5000e+01 4.8000e+01 1.9000e+01 7.0000e+00 1.2000e+01 8.0000e+00 1.0000e+01 1.1000e+01 1.7000e+01 1.4000e+02 1.1000e+01 9.0000e+00 2.4000e+01 3.3000e+01 7.0000e+00 1.5000e+01 1.6900e+02 7.0000e+00 2.4000e+01 2.4000e+01 3.1000e+01 1.8000e+01 1.6000e+02 3.4200e+02 2.8000e+01 9.0000e+00 9.0000e+00 1.9000e+01 4.1000e+01 1.8000e+01 1.0000e+01 1.4000e+01 2.4000e+01 1.5000e+01 8.0000e+00 1.2000e+01 9.0000e+00 1.5000e+01 5.9380e+03 5.5000e+01 7.0000e+00 1.2000e+01 2.4000e+01 1.1000e+01
1.0000e+01 5.3000e+01 1.6000e+01 1.5400e+02 3.6000e+01 6.7000e+01 5.4000e+01 4.9000e+01 2.8700e+02 7.2000e+01 5.8390e+03 1.5000e+01 1.2100e+02 4.1800e+02 3.2000e+01 4.6700e+02 2.1500e+02 2.6000e+01 6.3000e+01 3.5000e+01 8.1000e+01 4.7000e+01 7.5000e+01 5.5000e+01 5.5190e+03 4.3000e+01 4.4000e+01 5.6000e+01 2.8200e+02 7.1000e+01 6.2000e+01 2.9000e+01 6.5000e+01 4.5000e+01 1.2450e+03 2.6000e+01 7.5000e+01 1.4000e+01 7.3000e+01 8.4000e+01 9.6000e+01 4.9000e+01 2.8500e+02 5.5000e+01 0.0000e+00 2.1000e+01 2.2000e+01 2.1000e+01 4.8000e+01 8.0000e+00
5.9300e+03 3.4000e+01 5.8570e+03 5.4260e+03 4.3000e+01 5.4950e+03 6.1140e+03 1.2100e+02 5.0010e+03 5.5990e+03 3.0000e+01 4.4680e+03 5.4650e+03 4.9660e+03 1.5000e+01 4.0940e+03 3.4000e+01 3.9100e+02 8.0500e+02 1.2000e+01 5.6790e+03 5.8560e+03 2.9000e+01 5.9470e+03 1.9000e+01 2.7040e+03 3.0010e+03 1.5800e+02 1.8000e+01 1.6250e+03 3.5000e+01 1.7500e+02 4.1400e+02 1.5000e+01 5.1000e+01 9.0000e+00 3.3330e+03 4.1690e+03 1.0400e+02 1.8000e+01 5.7410e+03 5.7710e+03 1.4000e+01 7.5600e+02 0.0000e+00 5.9050e+03 5.5670e+03 5.1430e+03 6.0320e+03 1.4000e+01
0.0000e+00 1.7000e+01 7.0000e+00 1.0000e+01 1.4000e+01 7.0000e+00 0.0000e+00 9.0000e+00 1.2000e+01 7.0000e+00 1.2000e+01 1.1000e+01 1.0000e+01 1.4000e+01 1.2000e+01 4.1000e+01 1.6000e+01 1.1000e+01 1.7000e+01 2.5000e+01 9.0000e+00 8.0000e+00 1.7300e+02 0.0000e+00 1.7000e+01 1.4000e+01 1.1000e+01 1.8000e+01 1.0000e+01 1.5000e+01 1.9000e+01 1.7000e+01 9.0000e+00 1.3000e+01 4.5000e+01 7.0000e+00 8.0000e+00 1.0000e+01 1.3010e+03 1.5000e+01 1.0000e+01 1.2000e+01 9.0000e+00 1.0000e+01 0.0000e+00 0.0000e+00 7.0000e+00 2.6600e+02 7.0000e+00 8.0000e+00
0.0000e+00 1.7000e+01 9.0000e+00 1.5000e+01 1.1000e+01 2.2000e+01 0.0000e+00 9.0000e+00 1.2000e+01 1.3000e+01 7.4000e+01 1.5000e+01 1.0000e+01 2.6000e+01 5.8000e+01 8.5000e+01 1.4000e+01 9.0000e+00 1.5000e+01 1.2000e+01 1.2000e+01 8.0000e+00 2.0000e+01 0.0000e+00 4.8000e+01 2.2000e+01 1.1000e+01 1.8000e+01 3.7000e+01 3.4800e+03 1.4000e+01 2.1000e+01 1.1000e+01 9.0000e+00 5.8000e+01 9.0000e+00 1.0000e+01 1.8350e+03 4.5300e+03 2.5000e+01 1.4000e+01 2.1000e+01 5.5890e+03 1.0000e+01 0.0000e+00 0.0000e+00 1.9000e+01 1.2000e+01 7.0000e+00 8.0000e+00
0.0000e+00 1.2000e+01 1.7000e+01 1.0000e+01 1.6000e+01 1.3000e+01 0.0000e+00 9.0000e+00 1.2000e+01 1.6000e+01 1.5000e+01 1.0000e+01 1.0000e+01 1.4000e+01 1.5000e+01 3.9500e+02 1.1000e+01 1.4000e+01 2.2000e+01 9.0000e+00 7.0000e+00 1.0000e+01 4.8000e+01 0.0000e+00 1.4000e+01 1.6000e+01 1.1000e+01 2.9000e+01 1.6000e+01 1.2900e+02 1.6000e+01 1.7000e+01 9.0000e+00 1.5000e+01 3.7000e+01 1.3000e+01 8.0000e+00 0.0000e+00 0.0000e+00 2.0000e+01 1.2000e+01 2.5000e+01 0.0000e+00 1.5000e+01 0.0000e+00 0.0000e+00 7.0000e+00 2.9000e+01 7.0000e+00 1.1000e+01
0.0000e+00 1.6300e+02 1.4000e+01 8.1000e+01 8.5000e+01 1.5000e+01 0.0000e+00 3.1000e+01 2.5600e+02 5.7000e+01 1.5000e+01 8.0000e+00 2.8000e+01 3.2000e+01 2.4300e+02 3.7200e+02 3.2700e+02 2.3500e+02 3.2000e+01 7.5000e+01 7.9000e+01 1.2000e+01 5.0090e+03 0.0000e+00 6.5000e+01 2.9230e+03 3.3000e+01 5.4430e+03 6.6100e+02 9.2000e+01 1.8800e+02 2.4000e+01 1.4000e+01 2.2000e+01 4.3500e+02 7.9000e+01 2.1000e+01 0.0000e+00 0.0000e+00 2.4710e+03 1.7000e+01 7.0000e+01 0.0000e+00 5.0000e+01 0.0000e+00 0.0000e+00 2.2000e+01 1.8800e+02 2.6000e+01 3.4000e+01
0.0000e+00 1.7000e+01 1.1000e+01 8.0000e+01 7.3000e+01 1.5000e+01 0.0000e+00 6.1000e+01 1.5000e+01 7.0000e+00 1.2000e+01 5.4000e+01 1.0000e+01 1.1000e+01 2.4000e+01 2.2000e+02 4.1000e+01 1.3000e+01 1.9000e+01 2.1000e+01 1.1000e+01 1.0000e+01 9.8000e+01 0.0000e+00 2.2000e+01 8.1000e+01 1.1000e+01 4.2000e+01 2.5000e+01 8.0000e+01 5.5000e+01 2.1000e+01 1.5000e+01 1.5000e+01 1.8300e+02 2.5000e+01 1.2000e+01 0.0000e+00 0.0000e+00 1.8000e+01 1.2000e+01 1.9000e+01 0.0000e+00 2.3000e+01 0.0000e+00 0.0000e+00 1.0600e+02 1.4000e+01 1.1000e+01 2.1000e+01
0.0000e+00 5.5910e+03 1.7000e+01 2.1000e+01 1.2080e+03 3.8800e+02 0.0000e+00 5.3820e+03 6.8000e+01 2.8000e+01 5.6000e+01 1.3200e+03 3.4400e+02 4.8800e+02 5.4810e+03 4.3000e+01 5.3230e+03 5.3450e+03 4.9970e+03 5.6900e+03 1.9000e+02 2.0000e+01 5.1000e+01 0.0000e+00 2.8000e+02 1.7300e+02 2.6410e+03 1.1800e+02 4.5660e+03 2.1000e+01 6.4000e+01 4.9900e+03 5.3220e+03 5.6570e+03 3.7050e+03 5.6670e+03 2.5500e+03 0.0000e+00 0.0000e+00 3.3770e+03 1.6000e+01 1.9000e+01 0.0000e+00 4.8910e+03 0.0000e+00 0.0000e+00 3.4500e+02 1.2000e+01 2.3000e+01 5.8030e+03
