1.1111e-01 1.1111e-01 3.1250e-01 3.5000e-01 2.6667e-01 5.5882e-01 8.9381e-01 1.1111e-01 4.2105e-01 2.1429e-01 5.0000e-01 1.1111e-01 0.0000e+00 2.3077e-01 2.0000e-01 3.3333e-01 2.7778e-01 1.1111e-01 1.1111e-01 1.1111e-01 1.1111e-01 3.1250e-01 0.0000e+00 3.3333e-01 0.0000e+00 2.5000e-01 2.0000e-01 0.0000e+00 3.7500e-01 5.3333e-01 2.8571e-01 1.1111e-01 3.3333e-01 5.4839e-01 4.2105e-01 5.4839e-01 1.8182e-01 4.2105e-01 9.1883e-01 5.0000e-01 2.0000e-01 1.1111e-01 5.1613e-01 1.1111e-01 5.1724e-01 5.2778e-01 4.2105e-01 2.0000e-01 1.1111e-01 2.0000e-01
4.5455e-01 0.0000e+00 0.0000e+00 6.7857e-01 1.0000e-01 5.7895e-01 0.0000e+00 0.0000e+00 4.2857e-01 3.6364e-01 2.8571e-01 5.0000e-01 0.0000e+00 0.0000e+00 2.0000e-01 7.0270e-01 6.3303e-01 1.8182e-01 0.0000e+00 2.5000e-01 6.9014e-01 5.5000e-01 2.9412e-01 0.0000e+00 2.8571e-01 1.1111e-01 3.3333e-01 3.5294e-01 3.1579e-01 5.7895e-01 2.8571e-01 9.1694e-01 1.6667e-01 2.0000e-01 1.0000e+00 1.1111e-01 1.1111e-01 6.4706e-01 1.0000e+00 4.1667e-01 0.0000e+00 1.8182e-01 8.2745e-01 6.3793e-01 8.0473e-01 2.8571e-01 2.8571e-01 1.1111e-01 0.0000e+00 2.0000e-01
5.1724e-01 0.0000e+00 0.0000e+00 0.0000e+00 2.6667e-01 2.8571e-01 2.8571e-01 1.8182e-01 0.0000e+00 1.6667e-01 3.8889e-01 0.0000e+00 1.0000e-01 0.0000e+00 2.5000e-01 0.0000e+00 0.0000e+00 2.8571e-01 1.1111e-01 0.0000e+00 2.5000e-01 5.0000e-01 2.6667e-01 1.8182e-01 2.3077e-01 1.1111e-01 0.0000e+00 1.1111e-01 1.0000e-01 7.8912e-01 3.5294e-01 2.0000e-01 2.3077e-01 2.0000e-01 1.0000e+00 1.1111e-01 0.0000e+00 4.2857e-01 1.0000e+00 3.3333e-01 0.0000e+00 0.0000e+00 5.1613e-01 5.0000e-01 3.8889e-01 1.1111e-01 1.1111e-01 2.5000e-01 2.0000e-01 1.1111e-01
3.3333e-01 0.0000e+00 1.1111e-01 0.0000e+00 1.0000e-01 0.0000e+00 4.2857e-01 0.0000e+00 2.0000e-01 0.0000e+00 1.1111e-01 2.5000e-01 0.0000e+00 2.3077e-01 0.0000e+00 3.3333e-01 0.0000e+00 1.1111e-01 0.0000e+00 0.0000e+00 1.1111e-01 1.8182e-01 2.3077e-01 1.1111e-01 0.0000e+00 0.0000e+00 2.0000e-01 0.0000e+00 0.0000e+00 6.0000e-01 0.0000e+00 1.1111e-01 0.0000e+00 0.0000e+00 1.0000e+00 2.0000e-01 0.0000e+00 0.0000e+00 1.0000e+00 3.9130e-01 0.0000e+00 0.0000e+00 2.8571e-01 0.0000e+00 0.0000e+00 2.8571e-01 2.8571e-01 2.8571e-01 0.0000e+00 0.0000e+00
3.8889e-01 0.0000e+00 1.8182e-01 1.0000e-01 0.0000e+00 2.0000e-01 1.0000e+00 2.8571e-01 2.8571e-01 1.0000e-01 0.0000e+00 2.5000e-01 0.0000e+00 2.3077e-01 2.0000e-01 3.8889e-01 9.0909e-02 1.1111e-01 0.0000e+00 0.0000e+00 2.0000e-01 1.1111e-01 1.0000e-01 0.0000e+00 1.8182e-01 0.0000e+00 0.0000e+00 2.0000e-01 7.8208e-01 5.0000e-01 0.0000e+00 0.0000e+00 0.0000e+00 3.3333e-01 1.0000e+00 2.5000e-01 1.1111e-01 3.3333e-01 1.0000e+00 1.6667e-01 2.0000e-01 1.1111e-01 6.7188e-01 1.1111e-01 2.5000e-01 2.3077e-01 4.2857e-01 1.1111e-01 0.0000e+00 0.0000e+00
2.5000e-01 0.0000e+00 0.0000e+00 1.6667e-01 2.6667e-01 3.5294e-01 1.0000e+00 1.1111e-01 2.0000e-01 0.0000e+00 2.0000e-01 2.8571e-01 0.0000e+00 0.0000e+00 0.0000e+00 4.8000e-01 0.0000e+00 1.1111e-01 1.1111e-01 1.1111e-01 2.0000e-01 0.0000e+00 1.0000e-01 2.3077e-01 1.8182e-01 1.1111e-01 0.0000e+00 3.8889e-01 0.0000e+00 2.5000e-01 2.0000e-01 2.5000e-01 1.6667e-01 0.0000e+00 1.0000e+00 1.1111e-01 0.0000e+00 1.1111e-01 1.0000e+00 7.5635e-01 0.0000e+00 0.0000e+00 2.5000e-01 1.1111e-01 2.0000e-01 3.3333e-01 3.3333e-01 2.0000e-01 0.0000e+00 0.0000e+00
5.0000e-01 0.0000e+00 3.1250e-01 0.0000e+00 0.0000e+00 5.3333e-01 1.0000e+00 0.0000e+00 0.0000e+00 0.0000e+00 4.2857e-01 0.0000e+00 0.0000e+00 2.3077e-01 0.0000e+00 2.5000e-01 0.0000e+00 0.0000e+00 0.0000e+00 0.0000e+00 0.0000e+00 0.0000e+00 3.3333e-01 1.8182e-01 0.0000e+00 1.1111e-01 0.0000e+00 0.0000e+00 1.0000e-01 2.5000e-01 1.1111e-01 0.0000e+00 0.0000e+00 2.8571e-01 1.0000e+00 2.8571e-01 0.0000e+00 0.0000e+00 1.0000e+00 2.9412e-01 0.0000e+00 0.0000e+00 0.0000e+00 0.0000e+00 0.0000e+00 5.7447e-01 0.0000e+00 0.0000e+00 0.0000e+00 2.5000e-01
1.1111e-01 0.0000e+00 2.5000e-01 2.6667e-01 1.6667e-01 2.8571e-01 1.0000e+00 0.0000e+00 0.0000e+00 0.0000e+00 0.0000e+00 1.1111e-01 0.0000e+00 1.1111e-01 0.0000e+00 2.8571e-01 0.0000e+00 0.0000e+00 1.1111e-01 1.1111e-01 1.1111e-01 0.0000e+00 2.6667e-01 0.0000e+00 0.0000e+00 1.1111e-01 0.0000e+00 0.0000e+00 0.0000e+00 2.5000e-01 1.1111e-01 1.1111e-01 0.0000e+00 1.1111e-01 1.0000e+00 1.1111e-01 0.0000e+00 1.1111e-01 1.0000e+00 0.0000e+00 1.1111e-01 0.0000e+00 0.0000e+00 1.1111e-01 0.0000e+00 0.0000e+00 0.0000e+00 0.0000e+00 0.0000e+00 0.0000e+00
1.1111e-01 0.0000e+00 1.1111e-01 1.0000e-01 3.1579e-01 1.1111e-01 1.0000e+00 0.0000e+00 0.0000e+00 0.0000e+00 0.0000e+00 0.0000e+00 0.0000e+00 0.0000e+00 1.1111e-01 5.0000e-01 9.0909e-02 2.5000e-01 1.1111e-01 0.0000e+00 0.0000e+00 0.0000e+00 1.0000e-01 1.8182e-01 0.0000e+00 2.5000e-01 1.1111e-01 2.0000e-01 1.6667e-01 0.0000e+00 2.8571e-01 2.0000e-01 1.0000e-01 2.5000e-01 1.0000e+00 2.0000e-01 1.1111e-01 2.8571e-01 1.0000e+00 0.0000e+00 0.0000e+00 1.1111e-01 0.0000e+00 1.1111e-01 4.5455e-01 1.1111e-01 0.0000e+00 0.0000e+00 0.0000e+00 2.0000e-01
4.2857e-01 0.0000e+00 2.5000e-01 1.0000e-01 4.4828e-01 2.8571e-01 1.0000e+00 2.8571e-01 0.0000e+00 1.6667e-01 2.5000e-01 1.1111e-01 1.0000e-01 0.0000e+00 1.1111e-01 3.5294e-01 1.5385e-01 1.8182e-01 2.0000e-01 2.8571e-01 1.1111e-01 2.3077e-01 2.3077e-01 1.1111e-01 0.0000e+00 4.5455e-01 2.0000e-01 0.0000e+00 1.6667e-01 1.1111e-01 0.0000e+00 2.0000e-01 1.6667e-01 2.5000e-01 1.0000e+00 2.8571e-01 0.0000e+00 5.0000e-01 1.0000e+00 2.3077e-01 0.0000e+00 1.1111e-01 0.0000e+00 1.8182e-01 2.0000e-01 1.8182e-01 0.0000e+00 2.0000e-01 2.5000e-01 2.0000e-01
8.9030e-01 2.0000e-01 0.0000e+00 7.9572e-01 0.0000e+00 2.0000e-01 1.0000e+00 1.8182e-01 4.2105e-01 3.1579e-01 2.8571e-01 4.2857e-01 1.0000e-01 1.8182e-01 8.9214e-01 3.8889e-01 4.1935e-01 5.5556e-01 4.2857e-01 1.1111e-01 2.5000e-01 7.8241e-01 4.4444e-01 8.8571e-01 5.1613e-01 3.5294e-01 7.4757e-01 2.0000e-01 0.0000e+00 0.0000e+00 6.3265e-01 7.6316e-01 3.3333e-01 6.7692e-01 1.0000e+00 7.0667e-01 1.8182e-01 4.5455e-01 1.0000e+00 8.1235e-01 0.0000e+00 8.0569e-01 6.8493e-01 5.1613e-01 4.8000e-01 6.9231e-01 2.8571e-01 7.4747e-01 4.2857e-01 2.0000e-01
1.1111e-01 3.3333e-01 0.0000e+00 0.0000e+00 3.1579e-01 5.7895e-01 1.0000e+00 1.8182e-01 0.0000e+00 0.0000e+00 3.5294e-01 1.8182e-01 0.0000e+00 0.0000e+00 2.5000e-01 7.0886e-01 9.0909e-02 0.0000e+00 3.8889e-01 0.0000e+00 2.8571e-01 1.1111e-01 1.0000e-01 2.3077e-01 3.5294e-01 0.0000e+00 4.5833e-01 1.1111e-01 5.3191e-01 2.0000e-01 3.3333e-01 1.1111e-01 0.0000e+00 0.0000e+00 1.0000e+00 2.0000e-01 0.0000e+00 5.1724e-01 1.0000e+00 0.0000e+00 0.0000e+00 3.1250e-01 1.1111e-01 0.0000e+00 0.0000e+00 1.1111e-01 2.0000e-01 3.8889e-01 2.0000e-01 2.0000e-01
8.1281e-01 5.9524e-01 7.7778e-01 4.0000e-01 6.7000e-01 7.8767e-01 1.0000e+00 6.1538e-01 4.5833e-01 7.5697e-01 2.0000e-01 6.5517e-01 5.9649e-01 7.4497e-01 6.6667e-01 5.4545e-01 7.2453e-01 5.0000e-01 7.8417e-01 8.4351e-01 5.6757e-01 4.0909e-01 5.5556e-01 7.0408e-01 8.4778e-01 8.3806e-01 3.3333e-01 4.8000e-01 6.7480e-01 6.1702e-01 7.6271e-01 8.7105e-01 7.5962e-01 5.0000e-01 1.0000e+00 4.5833e-01 7.6364e-01 8.0124e-01 1.0000e+00 7.8148e-01 5.7895e-01 8.0973e-01 3.5294e-01 7.8333e-01 4.8000e-01 5.0000e-01 7.3958e-01 4.2857e-01 6.9565e-01 7.6471e-01
2.8571e-01 2.0000e-01 1.8182e-01 3.5000e-01 2.9412e-01 5.0000e-01 1.0000e+00 2.3077e-01 1.1111e-01 2.1429e-01 1.1111e-01 2.5000e-01 1.0000e-01 2.3077e-01 3.3333e-01 1.1111e-01 2.0000e-01 1.1111e-01 1.1111e-01 0.0000e+00 0.0000e+00 6.5333e-01 2.9412e-01 2.8571e-01 2.8571e-01 2.0000e-01 1.1111e-01 4.2857e-01 0.0000e+00 6.1702e-01 3.8889e-01 3.5294e-01 4.8485e-01 1.1111e-01 1.0000e+00 4.2105e-01 1.1111e-01 5.7143e-01 1.0000e+00 5.2632e-01 0.0000e+00 0.0000e+00 4.8148e-01 1.1111e-01 3.8889e-01 5.7447e-01 0.0000e+00 2.5000e-01 1.1111e-01 0.0000e+00
3.3333e-01 0.0000e+00 4.0000e-01 4.4828e-01 2.6667e-01 0.0000e+00 1.0000e+00 0.0000e+00 2.0000e-01 1.0000e-01 5.0000e-01 2.5000e-01 4.8387e-01 5.1429e-01 3.3333e-01 2.0000e-01 9.0909e-02 1.8182e-01 1.1111e-01 2.0000e-01 3.3333e-01 1.1111e-01 0.0000e+00 1.8182e-01 2.3077e-01 4.2105e-01 2.0000e-01 3.3333e-01 1.0000e-01 2.0000e-01 3.3333e-01 0.0000e+00 2.6667e-01 0.0000e+00 1.0000e+00 1.1111e-01 2.8571e-01 4.5455e-01 1.0000e+00 2.3077e-01 2.5000e-01 1.1111e-01 4.2857e-01 4.0000e-01 6.6102e-01 2.8571e-01 5.4839e-01 2.8571e-01 6.1364e-01 1.1111e-01
0.0000e+00 1.1111e-01 0.0000e+00 2.1429e-01 1.6667e-01 1.1111e-01 1.0000e+00 0.0000e+00 0.0000e+00 0.0000e+00 0.0000e+00 0.0000e+00 0.0000e+00 2.3077e-01 3.8889e-01 2.5000e-01 1.5385e-01 0.0000e+00 0.0000e+00 2.0000e-01 2.5000e-01 1.8182e-01 1.6667e-01 0.0000e+00 0.0000e+00 0.0000e+00 1.1111e-01 2.5000e-01 1.6667e-01 2.0000e-01 0.0000e+00 2.0000e-01 1.0000e-01 6.2500e-01 1.0000e+00 1.1111e-01 0.0000e+00 7.5676e-01 1.0000e+00 1.6667e-01 0.0000e+00 0.0000e+00 6.4912e-01 0.0000e+00 7.2727e-01 0.0000e+00 2.5000e-01 6.6667e-01 0.0000e+00 1.1111e-01
0.0000e+00 0.0000e+00 0.0000e+00 2.1429e-01 1.6667e-01 0.0000e+00 1.0000e+00 0.0000e+00 0.0000e+00 1.0000e-01 4.2857e-01 0.0000e+00 0.0000e+00 1.1111e-01 3.5294e-01 0.0000e+00 9.0909e-02 1.1111e-01 0.0000e+00 1.1111e-01 1.1111e-01 0.0000e+00 0.0000e+00 0.0000e+00 0.0000e+00 1.1111e-01 0.0000e+00 0.0000e+00 1.0000e-01 2.0000e-01 0.0000e+00 0.0000e+00 1.0000e-01 1.1111e-01 1.0000e+00 2.0000e-01 0.0000e+00 0.0000e+00 1.0000e+00 0.0000e+00 0.0000e+00 0.0000e+00 0.0000e+00 0.0000e+00 0.0000e+00 3.6842e-01 2.0000e-01 2.0000e-01 0.0000e+00 2.0000e-01
2.8571e-01 8.4351e-01 1.1111e-01 6.3291e-01 7.5225e-01 3.5294e-01 1.0000e+00 7.8462e-01 2.0000e-01 0.0000e+00 6.4815e-01 4.2857e-01 1.8182e-01 6.2069e-01 1.1111e-01 6.9014e-01 5.6250e-01 1.1111e-01 4.5455e-01 0.0000e+00 2.0000e-01 2.3077e-01 0.0000e+00 2.8571e-01 6.6176e-01 2.5000e-01 2.0000e-01 2.5000e-01 1.0000e-01 2.0000e-01 0.0000e+00 4.8000e-01 0.0000e+00 2.5000e-01 1.0000e+00 7.2289e-01 7.6074e-01 0.0000e+00 1.0000e+00 1.0000e-01 0.0000e+00 1.1111e-01 7.9042e-01 0.0000e+00 9.9149e-01 5.1515e-01 0.0000e+00 7.6522e-01 5.4839e-01 3.5294e-01
2.8571e-01 2.0000e-01 1.1111e-01 1.6667e-01 2.9412e-01 1.1111e-01 1.0000e+00 0.0000e+00 0.0000e+00 0.0000e+00 4.8000e-01 1.1111e-01 0.0000e+00 0.0000e+00 1.1111e-01 4.5455e-01 9.0909e-02 0.0000e+00 0.0000e+00 0.0000e+00 0.0000e+00 1.1111e-01 0.0000e+00 2.3077e-01 1.1111e-01 0.0000e+00 0.0000e+00 2.0000e-01 1.0000e-01 2.0000e-01 2.0000e-01 0.0000e+00 0.0000e+00 0.0000e+00 1.0000e+00 0.0000e+00 0.0000e+00 0.0000e+00 1.0000e+00 0.0000e+00 1.1111e-01 1.8182e-01 1.8182e-01 0.0000e+00 1.0000e+00 0.0000e+00 3.3333e-01 0.0000e+00 0.0000e+00 0.0000e+00
3.3333e-01 0.0000e+00 0.0000e+00 0.0000e+00 0.0000e+00 2.0000e-01 1.0000e+00 0.0000e+00 1.1111e-01 1.0000e-01 4.5455e-01 2.5000e-01 0.0000e+00 1.1111e-01 0.0000e+00 0.0000e+00 0.0000e+00 1.1111e-01 0.0000e+00 0.0000e+00 0.0000e+00 1.1111e-01 1.0000e-01 3.1250e-01 0.0000e+00 1.1111e-01 0.0000e+00 0.0000e+00 0.0000e+00 1.1111e-01 2.0000e-01 0.0000e+00 0.0000e+00 0.0000e+00 1.0000e+00 1.1111e-01 0.0000e+00 0.0000e+00 1.0000e+00 1.0000e-01 0.0000e+00 0.0000e+00 0.0000e+00 1.1111e-01 1.0000e+00 0.0000e+00 2.0000e-01 1.1111e-01 1.1111e-01 0.0000e+00
3.5294e-01 1.1111e-01 0.0000e+00 1.0000e-01 0.0000e+00 6.6071e-01 1.0000e+00 0.0000e+00 0.0000e+00 1.6667e-01 4.2857e-01 1.1111e-01 0.0000e+00 0.0000e+00 0.0000e+00 8.0978e-01 9.0909e-02 0.0000e+00 1.1111e-01 1.1111e-01 4.5455e-01 1.1111e-01 0.0000e+00 0.0000e+00 4.0000e-01 2.0000e-01 0.0000e+00 2.0000e-01 1.0000e-01 1.1111e-01 0.0000e+00 3.5294e-01 2.6667e-01 0.0000e+00 1.0000e+00 3.3333e-01 2.8571e-01 0.0000e+00 1.0000e+00 1.0000e-01 2.5000e-01 1.1111e-01 1.1111e-01 5.4286e-01 1.0000e+00 1.1111e-01 2.5000e-01 0.0000e+00 0.0000e+00 7.4490e-01
3.8889e-01 0.0000e+00 2.8571e-01 4.2308e-01 4.2857e-01 2.0000e-01 1.0000e+00 3.5294e-01 0.0000e+00 1.0000e-01 0.0000e+00 0.0000e+00 0.0000e+00 0.0000e+00 3.3333e-01 3.8889e-01 9.0909e-02 1.8182e-01 0.0000e+00 0.0000e+00 1.1111e-01 1.8182e-01 1.6667e-01 3.3333e-01 0.0000e+00 0.0000e+00 4.2857e-01 1.1111e-01 1.0000e-01 3.3333e-01 0.0000e+00 0.0000e+00 1.0000e-01 1.0000e+00 1.0000e+00 2.0000e-01 0.0000e+00 6.2222e-01 1.0000e+00 1.6667e-01 3.8889e-01 0.0000e+00 5.1724e-01 1.1111e-01 1.0000e+00 1.8182e-01 1.1111e-01 2.5000e-01 0.0000e+00 0.0000e+00
1.1111e-01 2.0000e-01 1.8182e-01 5.6000e-01 5.8621e-01 4.2105e-01 1.0000e+00 1.8182e-01 4.2857e-01 2.6667e-01 0.0000e+00 1.1111e-01 1.0000e-01 0.0000e+00 4.5455e-01 5.8974e-01 4.1935e-01 2.8571e-01 0.0000e+00 0.0000e+00 1.1111e-01 1.8182e-01 2.3077e-01 4.3478e-01 2.3077e-01 1.1111e-01 4.8000e-01 5.3333e-01 2.1429e-01 6.1364e-01 0.0000e+00 5.6757e-01 2.9412e-01 1.0000e+00 1.0000e+00 2.5000e-01 1.8182e-01 6.3265e-01 1.0000e+00 5.0000e-01 2.0000e-01 1.1111e-01 5.6757e-01 1.1111e-01 1.0000e+00 2.3077e-01 0.0000e+00 4.2105e-01 0.0000e+00 1.1111e-01
0.0000e+00 1.1111e-01 0.0000e+00 0.0000e+00 1.0000e-01 6.2222e-01 1.0000e+00 0.0000e+00 3.3333e-01 0.0000e+00 5.1724e-01 0.0000e+00 0.0000e+00 1.1111e-01 5.3333e-01 0.0000e+00 2.5000e-01 0.0000e+00 2.0000e-01 3.3333e-01 4.2857e-01 4.4000e-01 5.7143e-01 1.1111e-01 1.1111e-01 7.5000e-01 5.3333e-01 3.3333e-01 0.0000e+00 0.0000e+00 0.0000e+00 0.0000e+00 0.0000e+00 1.0000e+00 1.0000e+00 6.6667e-01 3.6842e-01 0.0000e+00 1.0000e+00 0.0000e+00 0.0000e+00 0.0000e+00 0.0000e+00 0.0000e+00 1.0000e+00 1.8182e-01 6.8182e-01 5.1724e-01 2.5000e-01 0.0000e+00
1.8182e-01 1.1111e-01 1.8182e-01 1.0000e-01 3.6364e-01 1.1111e-01 1.0000e+00 1.1111e-01 0.0000e+00 0.0000e+00 1.1111e-01 3.5294e-01 2.3077e-01 3.1250e-01 5.1724e-01 2.5000e-01 0.0000e+00 0.0000e+00 0.0000e+00 0.0000e+00 0.0000e+00 3.1250e-01 0.0000e+00 0.0000e+00 1.1111e-01 2.0000e-01 2.8571e-01 6.2222e-01 1.6667e-01 0.0000e+00 0.0000e+00 3.5294e-01 0.0000e+00 1.0000e+00 1.0000e+00 2.0000e-01 0.0000e+00 9.9049e-01 1.0000e+00 1.0000e-01 0.0000e+00 3.5294e-01 6.0870e-01 1.8182e-01 1.0000e+00 1.8182e-01 4.2105e-01 2.8571e-01 0.0000e+00 0.0000e+00
7.8882e-01 1.1111e-01 1.1111e-01 6.5169e-01 8.2177e-01 6.4706e-01 1.0000e+00 2.8571e-01 0.0000e+00 7.0290e-01 2.5000e-01 7.1591e-01 1.0000e-01 1.1111e-01 4.2857e-01 3.8889e-01 2.5000e-01 0.0000e+00 2.5000e-01 2.0000e-01 3.5294e-01 3.1250e-01 2.6667e-01 6.1111e-01 3.1250e-01 3.3333e-01 2.0000e-01 1.1111e-01 0.0000e+00 2.0000e-01 0.0000e+00 4.2105e-01 2.3077e-01 1.0000e+00 1.0000e+00 2.5000e-01 1.8182e-01 1.0000e+00 1.0000e+00 6.8041e-01 0.0000e+00 1.1111e-01 6.6129e-01 2.8571e-01 1.0000e+00 5.7778e-01 2.0000e-01 7.1605e-01 3.5294e-01 2.5000e-01
4.5455e-01 1.1111e-01 0.0000e+00 0.0000e+00 3.6364e-01 3.5294e-01 1.0000e+00 2.3077e-01 1.1111e-01 0.0000e+00 0.0000e+00 0.0000e+00 1.8182e-01 0.0000e+00 3.5294e-01 4.8000e-01 0.0000e+00 1.8182e-01 0.0000e+00 0.0000e+00 1.1111e-01 0.0000e+00 0.0000e+00 1.1111e-01 0.0000e+00 0.0000e+00 0.0000e+00 1.1111e-01 4.0741e-01 2.0000e-01 0.0000e+00 0.0000e+00 0.0000e+00 1.0000e+00 1.0000e+00 0.0000e+00 0.0000e+00 1.0000e+00 1.0000e+00 0.0000e+00 0.0000e+00 1.1111e-01 2.8571e-01 2.8571e-01 1.0000e+00 1.1111e-01 1.1111e-01 2.0000e-01 1.1111e-01 0.0000e+00
3.3333e-01 0.0000e+00 0.0000e+00 2.6667e-01 1.6667e-01 1.1111e-01 1.0000e+00 1.8182e-01 0.0000e+00 0.0000e+00 2.0000e-01 1.8182e-01 0.0000e+00 0.0000e+00 1.1111e-01 0.0000e+00 0.0000e+00 0.0000e+00 0.0000e+00 0.0000e+00 0.0000e+00 1.1111e-01 0.0000e+00 0.0000e+00 0.0000e+00 0.0000e+00 0.0000e+00 0.0000e+00 0.0000e+00 2.0000e-01 0.0000e+00 2.8571e-01 0.0000e+00 1.0000e+00 1.0000e+00 0.0000e+00 1.1111e-01 1.0000e+00 1.0000e+00 0.0000e+00 0.0000e+00 2.5000e-01 1.1111e-01 0.0000e+00 1.0000e+00 5.0000e-01 0.0000e+00 3.5294e-01 0.0000e+00 0.0000e+00
1.8182e-01 1.1111e-01 4.0000e-01 6.5217e-01 6.2667e-01 6.2222e-01 1.0000e+00 1.1111e-01 1.1111e-01 5.5102e-01 4.2857e-01 4.2857e-01 2.3077e-01 1.1111e-01 5.3333e-01 2.5000e-01 4.0000e-01 3.8889e-01 1.1111e-01 2.5000e-01 2.5000e-01 2.3077e-01 3.5000e-01 3.6842e-01 5.6410e-01 2.0000e-01 0.0000e+00 3.5294e-01 3.3333e-01 3.8889e-01 2.0000e-01 5.0000e-01 3.3333e-01 1.0000e+00 1.0000e+00 0.0000e+00 3.6842e-01 1.0000e+00 1.0000e+00 5.5556e-01 5.1724e-01 3.1250e-01 3.8889e-01 3.6842e-01 1.0000e+00 3.6842e-01 4.2105e-01 3.5294e-01 1.1111e-01 4.5455e-01
0.0000e+00 2.0000e-01 1.8182e-01 2.6667e-01 1.6667e-01 2.8571e-01 1.0000e+00 1.8182e-01 4.5455e-01 1.0000e-01 3.3333e-01 3.5294e-01 0.0000e+00 0.0000e+00 2.5000e-01 3.8889e-01 2.7778e-01 2.5000e-01 1.1111e-01 1.1111e-01 2.5000e-01 0.0000e+00 1.0000e-01 1.1111e-01 3.5294e-01 0.0000e+00 5.7143e-01 1.1111e-01 4.0741e-01 5.4839e-01 0.0000e+00 1.1111e-01 2.6667e-01 1.0000e+00 1.0000e+00 4.2857e-01 1.1111e-01 1.0000e+00 1.0000e+00 2.3077e-01 0.0000e+00 2.5000e-01 3.5294e-01 4.0909e-01 1.0000e+00 1.1111e-01 4.2105e-01 4.5455e-01 0.0000e+00 2.5000e-01
2.5000e-01 2.5000e-01 0.0000e+00 1.0000e-01 1.0000e-01 2.0000e-01 1.0000e+00 1.8182e-01 2.0000e-01 5.4348e-01 9.2877e-01 2.5000e-01 1.8182e-01 1.8182e-01 7.5455e-01 8.4082e-01 9.0909e-02 1.1111e-01 1.1111e-01 1.1111e-01 7.0667e-01 2.6667e-01 0.0000e+00 1.1111e-01 6.3333e-01 2.8571e-01 2.5000e-01 3.3333e-01 2.1429e-01 7.2414e-01 1.1111e-01 3.3333e-01 4.4444e-01 1.0000e+00 1.0000e+00 6.1364e-01 0.0000e+00 1.0000e+00 1.0000e+00 3.3333e-01 2.0000e-01 2.5000e-01 7.6154e-01 1.8182e-01 1.0000e+00 4.0909e-01 7.7049e-01 7.5893e-01 0.0000e+00 1.1111e-01
4.0000e-01 2.0000e-01 2.8571e-01 3.1579e-01 4.2308e-01 5.0000e-01 1.0000e+00 1.8182e-01 0.0000e+00 3.5000e-01 2.5000e-01 6.6667e-01 3.1250e-01 0.0000e+00 7.8873e-01 7.7778e-01 0.0000e+00 0.0000e+00 2.0000e-01 0.0000e+00 2.0000e-01 3.3333e-01 2.3077e-01 1.1111e-01 0.0000e+00 5.7143e-01 0.0000e+00 2.0000e-01 0.0000e+00 8.5121e-01 3.3333e-01 3.3333e-01 2.3077e-01 1.0000e+00 1.0000e+00 5.0000e-01 1.1111e-01 1.0000e+00 1.0000e+00 4.1667e-01 0.0000e+00 1.8182e-01 6.8571e-01 3.1250e-01 1.0000e+00 2.3077e-01 4.2857e-01 7.5676e-01 0.0000e+00 2.5000e-01
2.5000e-01 0.0000e+00 2.5000e-01 3.9130e-01 1.0000e-01 2.0000e-01 1.0000e+00 1.1111e-01 1.1111e-01 0.0000e+00 1.1111e-01 0.0000e+00 0.0000e+00 2.3077e-01 2.8571e-01 7.4257e-01 9.0909e-02 1.1111e-01 1.1111e-01 0.0000e+00 1.1111e-01 0.0000e+00 1.0000e-01 3.3333e-01 0.0000e+00 4.8000e-01 0.0000e+00 1.1111e-01 3.1579e-01 5.7895e-01 1.1111e-01 0.0000e+00 0.0000e+00 1.0000e+00 1.0000e+00 0.0000e+00 0.0000e+00 1.0000e+00 1.0000e+00 0.0000e+00 1.1111e-01 2.5000e-01 2.5000e-01 0.0000e+00 1.0000e+00 4.4000e-01 2.0000e-01 2.0000e-01 0.0000e+00 0.0000e+00
6.1702e-01 5.1724e-01 6.9512e-01 7.0423e-01 6.6327e-01 6.3265e-01 1.0000e+00 8.5900e-01 5.4839e-01 6.5979e-01 6.7213e-01 6.8919e-01 7.9530e-01 6.1111e-01 7.4227e-01 8.4588e-01 4.5946e-01 5.9524e-01 4.5455e-01 6.6102e-01 4.2105e-01 5.1515e-01 4.6667e-01 5.8696e-01 5.1613e-01 6.2500e-01 3.5294e-01 4.5833e-01 6.4045e-01 7.1250e-01 6.8254e-01 3.8889e-01 7.4118e-01 1.0000e+00 1.0000e+00 7.4227e-01 6.0784e-01 1.0000e+00 1.0000e+00 6.5882e-01 5.9524e-01 3.5294e-01 6.6129e-01 7.9512e-01 1.0000e+00 7.9921e-01 6.0000e-01 4.2105e-01 6.8254e-01 7.1250e-01
1.1111e-01 0.0000e+00 0.0000e+00 1.0000e-01 0.0000e+00 1.1111e-01 1.0000e+00 0.0000e+00 2.0000e-01 1.6667e-01 0.0000e+00 0.0000e+00 0.0000e+00 0.0000e+00 2.0000e-01 3.3333e-01 0.0000e+00 0.0000e+00 0.0000e+00 0.0000e+00 0.0000e+00 1.1111e-01 0.0000e+00 1.8182e-01 0.0000e+00 0.0000e+00 0.0000e+00 1.1111e-01 1.0000e-01 0.0000e+00 1.1111e-01 0.0000e+00 3.3333e-01 1.0000e+00 1.0000e+00 1.1111e-01 0.0000e+00 1.0000e+00 1.0000e+00 2.3077e-01 0.0000e+00 0.0000e+00 1.1111e-01 3.6842e-01 1.0000e+00 1.8182e-01 1.1111e-01 1.1111e-01 0.0000e+00 0.0000e+00
7.2632e-01 8.0588e-01 7.9487e-01 7.9625e-01 8.7181e-01 1.0000e+00 1.0000e+00 7.5694e-01 7.2414e-01 8.3665e-01 8.7073e-01 9.2868e-01 8.3422e-01 7.9253e-01 9.8249e-01 8.0240e-01 8.3122e-01 8.2273e-01 1.0000e+00 9.0991e-01 1.0000e+00 6.8817e-01 8.7405e-01 8.2267e-01 8.4390e-01 9.7910e-01 8.1111e-01 6.9444e-01 8.5586e-01 9.8944e-01 8.7900e-01 9.8917e-01 7.4286e-01 1.0000e+00 1.0000e+00 8.0814e-01 9.0875e-01 1.0000e+00 1.0000e+00 6.7021e-01 8.3984e-01 9.4134e-01 7.9167e-01 7.6923e-01 1.0000e+00 8.2995e-01 5.8974e-01 8.1319e-01 7.4757e-01 1.0000e+00
1.1111e-01 0.0000e+00 0.0000e+00 1.6667e-01 0.0000e+00 1.0000e+00 1.0000e+00 2.8571e-01 0.0000e+00 3.5000e-01 1.1111e-01 0.0000e+00 2.3077e-01 0.0000e+00 1.0000e+00 2.0000e-01 9.0909e-02 2.8571e-01 1.0000e+00 0.0000e+00 1.0000e+00 1.1111e-01 0.0000e+00 0.0000e+00 0.0000e+00 1.0000e+00 2.0000e-01 0.0000e+00 0.0000e+00 1.0000e+00 0.0000e+00 1.0000e+00 4.4828e-01 1.0000e+00 1.0000e+00 1.1111e-01 1.1111e-01 1.0000e+00 1.0000e+00 3.3333e-01 0.0000e+00 2.5000e-01 4.2857e-01 1.1111e-01 1.0000e+00 0.0000e+00 1.1111e-01 2.8571e-01 0.0000e+00 1.0000e+00
1.1111e-01 0.0000e+00 1.8182e-01 5.2381e-01 0.0000e+00 1.0000e+00 1.0000e+00 3.5294e-01 2.0000e-01 0.0000e+00 5.3333e-01 3.5294e-01 0.0000e+00 1.1111e-01 1.0000e+00 5.7895e-01 9.0909e-02 1.8182e-01 1.0000e+00 0.0000e+00 1.0000e+00 3.6842e-01 2.3077e-01 6.1111e-01 1.1111e-01 1.0000e+00 4.2105e-01 2.5000e-01 4.8649e-01 1.0000e+00 0.0000e+00 1.0000e+00 1.0000e-01 1.0000e+00 1.0000e+00 2.0000e-01 4.0909e-01 1.0000e+00 1.0000e+00 5.7692e-01 1.1111e-01 2.8571e-01 7.6866e-01 2.8571e-01 1.0000e+00 1.1111e-01 3.3333e-01 3.3333e-01 2.0000e-01 1.0000e+00
5.7895e-01 8.5804e-01 8.2927e-01 6.0000e-01 1.6667e-01 1.0000e+00 1.0000e+00 1.8182e-01 5.7143e-01 7.3869e-01 2.5000e-01 7.0370e-01 8.3697e-01 8.6961e-01 1.0000e+00 8.8889e-01 3.0000e-01 8.6179e-01 1.0000e+00 8.6228e-01 1.0000e+00 1.8182e-01 2.9412e-01 8.2012e-01 8.5988e-01 1.0000e+00 3.5294e-01 7.4257e-01 7.3913e-01 1.0000e+00 2.0000e-01 1.0000e+00 1.0000e-01 1.0000e+00 1.0000e+00 9.8391e-01 3.3333e-01 1.0000e+00 1.0000e+00 1.0000e-01 6.9014e-01 6.5625e-01 7.0732e-01 4.3478e-01 1.0000e+00 1.1111e-01 8.2000e-01 8.7619e-01 3.3333e-01 1.0000e+00
7.8981e-01 6.7742e-01 9.3862e-01 8.4043e-01 6.8142e-01 1.0000e+00 1.0000e+00 7.3043e-01 6.9118e-01 7.8310e-01 7.9630e-01 6.9333e-01 7.5269e-01 7.5159e-01 1.0000e+00 8.6889e-01 7.3196e-01 8.4615e-01 1.0000e+00 7.5455e-01 1.0000e+00 7.9098e-01 7.2667e-01 8.6416e-01 7.3729e-01 1.0000e+00 8.2000e-01 7.7692e-01 7.5779e-01 1.0000e+00 9.8117e-01 1.0000e+00 8.0000e-01 1.0000e+00 1.0000e+00 1.0000e+00 7.7348e-01 1.0000e+00 1.0000e+00 7.9503e-01 6.9565e-01 8.0100e-01 8.0711e-01 8.1818e-01 1.0000e+00 8.9122e-01 7.8767e-01 8.0702e-01 8.1771e-01 1.0000e+00
7.1591e-01 0.0000e+00 3.5294e-01 0.0000e+00 4.2857e-01 1.0000e+00 1.0000e+00 1.1111e-01 0.0000e+00 3.6364e-01 3.3333e-01 0.0000e+00 1.0000e-01 2.6667e-01 1.0000e+00 0.0000e+00 0.0000e+00 1.8182e-01 1.0000e+00 0.0000e+00 1.0000e+00 1.1111e-01 3.5000e-01 0.0000e+00 3.1250e-01 1.0000e+00 0.0000e+00 0.0000e+00 1.0000e-01 1.0000e+00 1.0000e+00 1.0000e+00 0.0000e+00 1.0000e+00 1.0000e+00 1.0000e+00 0.0000e+00 1.0000e+00 1.0000e+00 1.6667e-01 0.0000e+00 3.5294e-01 2.5000e-01 1.1111e-01 1.0000e+00 6.1404e-01 2.8571e-01 5.4839e-01 3.3333e-01 1.0000e+00
9.5183e-01 9.9061e-01 8.8333e-01 8.7033e-01 8.5482e-01 1.0000e+00 1.0000e+00 9.3049e-01 9.6682e-01 8.5889e-01 9.5248e-01 9.3935e-01 9.0070e-01 9.1553e-01 1.0000e+00 9.5122e-01 8.2324e-01 9.5652e-01 1.0000e+00 1.0000e+00 1.0000e+00 9.1719e-01 8.8965e-01 9.1315e-01 9.2996e-01 1.0000e+00 1.0000e+00 9.8069e-01 8.4934e-01 1.0000e+00 1.0000e+00 1.0000e+00 8.9661e-01 1.0000e+00 1.0000e+00 1.0000e+00 9.1179e-01 1.0000e+00 1.0000e+00 8.9571e-01 9.7131e-01 8.7184e-01 9.4514e-01 9.3452e-01 1.0000e+00 9.1133e-01 1.0000e+00 1.0000e+00 1.0000e+00 1.0000e+00
0.0000e+00 1.0000e+00 0.0000e+00 0.0000e+00 3.1579e-01 1.0000e+00 1.0000e+00 1.1111e-01 1.0000e+00 0.0000e+00 0.0000e+00 0.0000e+00 0.0000e+00 1.1111e-01 1.0000e+00 2.8571e-01 9.0909e-02 0.0000e+00 1.0000e+00 1.0000e+00 1.0000e+00 0.0000e+00 0.0000e+00 0.0000e+00 0.0000e+00 1.0000e+00 1.0000e+00 1.0000e+00 1.6667e-01 1.0000e+00 1.0000e+00 1.0000e+00 0.0000e+00 1.0000e+00 1.0000e+00 1.0000e+00 1.1111e-01 1.0000e+00 1.0000e+00 0.0000e+00 1.0000e+00 0.0000e+00 4.5833e-01 0.0000e+00 1.0000e+00 0.0000e+00 1.0000e+00 1.0000e+00 1.0000e+00 1.0000e+00
0.0000e+00 1.0000e+00 0.0000e+00 0.0000e+00 2.1429e-01 1.0000e+00 1.0000e+00 1.1111e-01 1.0000e+00 2.1429e-01 2.0000e-01 1.1111e-01 0.0000e+00 0.0000e+00 1.0000e+00 4.2105e-01 1.5385e-01 4.5455e-01 1.0000e+00 1.0000e+00 1.0000e+00 0.0000e+00 2.3077e-01 0.0000e+00 1.1111e-01 1.0000e+00 1.0000e+00 1.0000e+00 0.0000e+00 1.0000e+00 1.0000e+00 1.0000e+00 0.0000e+00 1.0000e+00 1.0000e+00 1.0000e+00 0.0000e+00 1.0000e+00 1.0000e+00 7.0339e-01 1.0000e+00 0.0000e+00 0.0000e+00 0.0000e+00 1.0000e+00 2.8571e-01 1.0000e+00 1.0000e+00 1.0000e+00 1.0000e+00
2.8571e-01 1.0000e+00 2.8571e-01 4.6875e-01 1.0000e-01 1.0000e+00 1.0000e+00 1.1111e-01 1.0000e+00 1.0000e-01 2.0000e-01 3.8889e-01 1.8182e-01 1.8182e-01 1.0000e+00 6.9118e-01 9.0909e-02 3.3333e-01 1.0000e+00 1.0000e+00 1.0000e+00 2.6667e-01 1.6667e-01 0.0000e+00 3.5294e-01 1.0000e+00 1.0000e+00 1.0000e+00 1.6667e-01 1.0000e+00 1.0000e+00 1.0000e+00 2.6667e-01 1.0000e+00 1.0000e+00 1.0000e+00 3.1250e-01 1.0000e+00 1.0000e+00 2.6667e-01 1.0000e+00 1.1111e-01 3.3333e-01 0.0000e+00 1.0000e+00 4.6154e-01 1.0000e+00 1.0000e+00 1.0000e+00 1.0000e+00
1.8182e-01 1.0000e+00 3.6842e-01 1.6667e-01 5.6000e-01 1.0000e+00 1.0000e+00 2.3077e-01 1.0000e+00 1.0000e-01 5.0000e-01 0.0000e+00 1.0000e-01 3.3333e-01 1.0000e+00 5.0000e-01 0.0000e+00 2.8571e-01 1.0000e+00 1.0000e+00 1.0000e+00 1.1111e-01 1.6667e-01 4.0909e-01 1.1111e-01 1.0000e+00 1.0000e+00 1.0000e+00 2.5000e-01 1.0000e+00 1.0000e+00 1.0000e+00 4.2308e-01 1.0000e+00 1.0000e+00 1.0000e+00 0.0000e+00 1.0000e+00 1.0000e+00 5.8491e-01 1.0000e+00 1.1111e-01 1.8182e-01 4.5833e-01 1.0000e+00 1.1111e-01 1.0000e+00 1.0000e+00 1.0000e+00 1.0000e+00
1.1111e-01 1.0000e+00 1.8182e-01 0.0000e+00 2.6667e-01 1.0000e+00 1.0000e+00 2.3077e-01 1.0000e+00 1.0000e-01 1.1111e-01 0.0000e+00 0.0000e+00 0.0000e+00 1.0000e+00 0.0000e+00 0.0000e+00 0.0000e+00 1.0000e+00 1.0000e+00 1.0000e+00 0.0000e+00 1.0000e-01 0.0000e+00 1.8182e-01 1.0000e+00 1.0000e+00 1.0000e+00 0.0000e+00 1.0000e+00 1.0000e+00 1.0000e+00 0.0000e+00 1.0000e+00 1.0000e+00 1.0000e+00 0.0000e+00 1.0000e+00 1.0000e+00 0.0000e+00 1.0000e+00 1.8182e-01 1.8182e-01 1.8182e-01 1.0000e+00 1.1111e-01 1.0000e+00 1.0000e+00 1.0000e+00 1.0000e+00
6.1702e-01 1.0000e+00 3.5294e-01 6.9925e-01 4.0000e-01 1.0000e+00 1.0000e+00 1.8182e-01 1.0000e+00 2.1429e-01 5.1724e-01 3.5294e-01 3.5000e-01 3.1250e-01 1.0000e+00 5.0000e-01 9.0909e-02 0.0000e+00 1.0000e+00 1.0000e+00 1.0000e+00 5.6818e-01 1.6667e-01 4.0909e-01 0.0000e+00 1.0000e+00 1.0000e+00 1.0000e+00 4.0000e-01 1.0000e+00 1.0000e+00 1.0000e+00 1.0000e-01 1.0000e+00 1.0000e+00 1.0000e+00 1.1111e-01 1.0000e+00 1.0000e+00 2.9412e-01 1.0000e+00 2.8571e-01 5.8537e-01 1.1111e-01 1.0000e+00 2.8571e-01 1.0000e+00 1.0000e+00 1.0000e+00 1.0000e+00
0.0000e+00 1.0000e+00 0.0000e+00 4.0000e-01 2.9412e-01 1.0000e+00 1.0000e+00 0.0000e+00 1.0000e+00 3.9130e-01 0.0000e+00 0.0000e+00 2.3077e-01 0.0000e+00 1.0000e+00 2.0000e-01 2.5000e-01 1.1111e-01 1.0000e+00 1.0000e+00 1.0000e+00 3.1250e-01 0.0000e+00 3.3333e-01 1.8182e-01 1.0000e+00 1.0000e+00 1.0000e+00 2.1429e-01 1.0000e+00 1.0000e+00 1.0000e+00 0.0000e+00 1.0000e+00 1.0000e+00 1.0000e+00 0.0000e+00 1.0000e+00 1.0000e+00 0.0000e+00 1.0000e+00 1.8182e-01 3.8889e-01 3.5294e-01 1.0000e+00 1.1111e-01 1.0000e+00 1.0000e+00 1.0000e+00 1.0000e+00
5.3125e-01 1.0000e+00 0.0000e+00 5.1220e-01 6.2500e-01 1.0000e+00 1.0000e+00 1.8182e-01 1.0000e+00 8.5425e-01 1.1111e-01 0.0000e+00 1.8182e-01 2.3077e-01 1.0000e+00 5.0000e-01 0.0000e+00 2.5000e-01 1.0000e+00 1.0000e+00 1.0000e+00 2.3077e-01 1.0000e-01 3.8095e-01 2.8571e-01 1.0000e+00 1.0000e+00 1.0000e+00 6.4130e-01 1.0000e+00 1.0000e+00 1.0000e+00 7.5962e-01 1.0000e+00 1.0000e+00 1.0000e+00 1.1111e-01 1.0000e+00 1.0000e+00 4.1667e-01 1.0000e+00 1.1111e-01 7.6154e-01 2.8571e-01 1.0000e+00 1.1111e-01 1.0000e+00 1.0000e+00 1.0000e+00 1.0000e+00
