1.0000e+00 1.0000e+00 5.0000e+00 7.0000e+00 4.0000e+00 1.9000e+01 5.0500e+02 1.0000e+00 8.0000e+00 3.0000e+00 1.3000e+01 1.0000e+00 0.0000e+00 3.0000e+00 2.0000e+00 5.0000e+00 5.0000e+00 1.0000e+00 1.0000e+00 1.0000e+00 1.0000e+00 5.0000e+00 0.0000e+00 6.0000e+00 0.0000e+00 3.0000e+00 2.0000e+00 0.0000e+00 9.0000e+00 1.6000e+01 4.0000e+00 1.0000e+00 6.0000e+00 1.7000e+01 8.0000e+00 1.7000e+01 2.0000e+00 8.0000e+00 8.8300e+02 1.8000e+01 2.0000e+00 1.0000e+00 1.6000e+01 1.0000e+00 1.5000e+01 1.9000e+01 8.0000e+00 2.0000e+00 1.0000e+00 2.0000e+00
1.0000e+01 0.0000e+00 0.0000e+00 7.6000e+01 1.0000e+00 2.2000e+01 0.0000e+00 0.0000e+00 9.0000e+00 8.0000e+00 4.0000e+00 1.4000e+01 0.0000e+00 0.0000e+00 2.0000e+00 5.2000e+01 6.9000e+01 2.0000e+00 0.0000e+00 3.0000e+00 4.9000e+01 2.2000e+01 5.0000e+00 0.0000e+00 4.0000e+00 1.0000e+00 5.0000e+00 6.0000e+00 6.0000e+00 2.2000e+01 4.0000e+00 8.3900e+02 2.0000e+00 2.0000e+00 5.8590e+03 1.0000e+00 1.0000e+00 3.3000e+01 5.1380e+03 1.0000e+01 0.0000e+00 2.0000e+00 2.1100e+02 3.7000e+01 1.3600e+02 4.0000e+00 4.0000e+00 1.0000e+00 0.0000e+00 2.0000e+00
1.5000e+01 0.0000e+00 0.0000e+00 0.0000e+00 4.0000e+00 4.0000e+00 4.0000e+00 2.0000e+00 0.0000e+00 2.0000e+00 7.0000e+00 0.0000e+00 1.0000e+00 0.0000e+00 3.0000e+00 0.0000e+00 0.0000e+00 4.0000e+00 1.0000e+00 0.0000e+00 3.0000e+00 1.6000e+01 4.0000e+00 2.0000e+00 3.0000e+00 1.0000e+00 0.0000e+00 1.0000e+00 1.0000e+00 1.1600e+02 6.0000e+00 2.0000e+00 3.0000e+00 2.0000e+00 0.0000e+00 1.0000e+00 0.0000e+00 9.0000e+00 0.0000e+00 6.0000e+00 0.0000e+00 0.0000e+00 1.6000e+01 1.5000e+01 7.0000e+00 1.0000e+00 1.0000e+00 3.0000e+00 2.0000e+00 1.0000e+00
5.0000e+00 0.0000e+00 1.0000e+00 0.0000e+00 1.0000e+00 0.0000e+00 9.0000e+00 0.0000e+00 2.0000e+00 0.0000e+00 1.0000e+00 3.0000e+00 0.0000e+00 3.0000e+00 0.0000e+00 5.0000e+00 0.0000e+00 1.0000e+00 0.0000e+00 0.0000e+00 1.0000e+00 2.0000e+00 3.0000e+00 1.0000e+00 0.0000e+00 0.0000e+00 2.0000e+00 0.0000e+00 0.0000e+00 2.4000e+01 0.0000e+00 1.0000e+00 0.0000e+00 0.0000e+00 0.0000e+00 2.0000e+00 0.0000e+00 0.0000e+00 0.0000e+00 9.0000e+00 0.0000e+00 0.0000e+00 4.0000e+00 0.0000e+00 0.0000e+00 4.0000e+00 4.0000e+00 4.0000e+00 0.0000e+00 0.0000e+00
7.0000e+00 0.0000e+00 2.0000e+00 1.0000e+00 0.0000e+00 2.0000e+00 5.6100e+03 4.0000e+00 4.0000e+00 1.0000e+00 0.0000e+00 3.0000e+00 0.0000e+00 3.0000e+00 2.0000e+00 7.0000e+00 1.0000e+00 1.0000e+00 0.0000e+00 0.0000e+00 2.0000e+00 1.0000e+00 1.0000e+00 0.0000e+00 2.0000e+00 0.0000e+00 0.0000e+00 2.0000e+00 3.2300e+02 1.3000e+01 0.0000e+00 0.0000e+00 0.0000e+00 5.0000e+00 0.0000e+00 3.0000e+00 1.0000e+00 5.0000e+00 0.0000e+00 2.0000e+00 2.0000e+00 1.0000e+00 4.3000e+01 1.0000e+00 3.0000e+00 3.0000e+00 9.0000e+00 1.0000e+00 0.0000e+00 0.0000e+00
3.0000e+00 0.0000e+00 0.0000e+00 2.0000e+00 4.0000e+00 6.0000e+00 0.0000e+00 1.0000e+00 2.0000e+00 0.0000e+00 2.0000e+00 4.0000e+00 0.0000e+00 0.0000e+00 0.0000e+00 1.2000e+01 0.0000e+00 1.0000e+00 1.0000e+00 1.0000e+00 2.0000e+00 0.0000e+00 1.0000e+00 3.0000e+00 2.0000e+00 1.0000e+00 0.0000e+00 7.0000e+00 0.0000e+00 3.0000e+00 2.0000e+00 3.0000e+00 2.0000e+00 0.0000e+00 0.0000e+00 1.0000e+00 0.0000e+00 1.0000e+00 0.0000e+00 1.4900e+02 0.0000e+00 0.0000e+00 3.0000e+00 1.0000e+00 2.0000e+00 6.0000e+00 5.0000e+00 2.0000e+00 0.0000e+00 0.0000e+00
1.4000e+01 0.0000e+00 5.0000e+00 0.0000e+00 0.0000e+00 1.6000e+01 0.0000e+00 0.0000e+00 0.0000e+00 0.0000e+00 9.0000e+00 0.0000e+00 0.0000e+00 3.0000e+00 0.0000e+00 3.0000e+00 0.0000e+00 0.0000e+00 0.0000e+00 0.0000e+00 0.0000e+00 0.0000e+00 6.0000e+00 2.0000e+00 0.0000e+00 1.0000e+00 0.0000e+00 0.0000e+00 1.0000e+00 3.0000e+00 1.0000e+00 0.0000e+00 0.0000e+00 4.0000e+00 0.0000e+00 4.0000e+00 0.0000e+00 0.0000e+00 0.0000e+00 5.0000e+00 0.0000e+00 0.0000e+00 0.0000e+00 0.0000e+00 0.0000e+00 2.7000e+01 0.0000e+00 0.0000e+00 0.0000e+00 3.0000e+00
1.0000e+00 0.0000e+00 3.0000e+00 4.0000e+00 2.0000e+00 4.0000e+00 0.0000e+00 0.0000e+00 0.0000e+00 0.0000e+00 0.0000e+00 1.0000e+00 0.0000e+00 1.0000e+00 0.0000e+00 4.0000e+00 0.0000e+00 0.0000e+00 1.0000e+00 1.0000e+00 1.0000e+00 0.0000e+00 4.0000e+00 0.0000e+00 0.0000e+00 1.0000e+00 0.0000e+00 0.0000e+00 0.0000e+00 3.0000e+00 1.0000e+00 1.0000e+00 0.0000e+00 1.0000e+00 0.0000e+00 1.0000e+00 0.0000e+00 1.0000e+00 0.0000e+00 0.0000e+00 1.0000e+00 0.0000e+00 0.0000e+00 1.0000e+00 0.0000e+00 0.0000e+00 0.0000e+00 0.0000e+00 0.0000e+00 0.0000e+00
1.0000e+00 0.0000e+00 1.0000e+00 1.0000e+00 6.0000e+00 1.0000e+00 0.0000e+00 0.0000e+00 0.0000e+00 0.0000e+00 0.0000e+00 0.0000e+00 0.0000e+00 0.0000e+00 1.0000e+00 1.4000e+01 1.0000e+00 3.0000e+00 1.0000e+00 0.0000e+00 0.0000e+00 0.0000e+00 1.0000e+00 2.0000e+00 0.0000e+00 3.0000e+00 1.0000e+00 2.0000e+00 2.0000e+00 0.0000e+00 4.0000e+00 2.0000e+00 1.0000e+00 3.0000e+00 0.0000e+00 2.0000e+00 1.0000e+00 4.0000e+00 0.0000e+00 0.0000e+00 0.0000e+00 1.0000e+00 0.0000e+00 1.0000e+00 1.0000e+01 1.0000e+00 0.0000e+00 0.0000e+00 0.0000e+00 2.0000e+00
9.0000e+00 0.0000e+00 3.0000e+00 1.0000e+00 1.3000e+01 4.0000e+00 0.0000e+00 4.0000e+00 0.0000e+00 2.0000e+00 3.0000e+00 1.0000e+00 1.0000e+00 0.0000e+00 1.0000e+00 6.0000e+00 2.0000e+00 2.0000e+00 2.0000e+00 4.0000e+00 1.0000e+00 3.0000e+00 3.0000e+00 1.0000e+00 0.0000e+00 1.0000e+01 2.0000e+00 0.0000e+00 2.0000e+00 1.0000e+00 0.0000e+00 2.0000e+00 2.0000e+00 3.0000e+00 0.0000e+00 4.0000e+00 0.0000e+00 1.4000e+01 0.0000e+00 3.0000e+00 0.0000e+00 1.0000e+00 0.0000e+00 2.0000e+00 2.0000e+00 2.0000e+00 0.0000e+00 2.0000e+00 3.0000e+00 2.0000e+00
5.6000e+02 2.0000e+00 0.0000e+00 3.3500e+02 0.0000e+00 2.0000e+00 0.0000e+00 2.0000e+00 8.0000e+00 6.0000e+00 4.0000e+00 9.0000e+00 1.0000e+00 2.0000e+00 4.8800e+02 7.0000e+00 1.3000e+01 2.0000e+01 9.0000e+00 1.0000e+00 3.0000e+00 1.6900e+02 1.2000e+01 1.0230e+03 1.6000e+01 6.0000e+00 7.7000e+01 2.0000e+00 0.0000e+00 0.0000e+00 3.1000e+01 8.7000e+01 6.0000e+00 4.4000e+01 0.0000e+00 5.3000e+01 2.0000e+00 1.0000e+01 0.0000e+00 3.4200e+02 0.0000e+00 1.7000e+02 5.0000e+01 1.6000e+01 1.2000e+01 6.3000e+01 4.0000e+00 7.4000e+01 9.0000e+00 2.0000e+00
1.0000e+00 5.0000e+00 0.0000e+00 0.0000e+00 6.0000e+00 2.2000e+01 0.0000e+00 2.0000e+00 0.0000e+00 0.0000e+00 6.0000e+00 2.0000e+00 0.0000e+00 0.0000e+00 3.0000e+00 5.6000e+01 1.0000e+00 0.0000e+00 7.0000e+00 0.0000e+00 4.0000e+00 1.0000e+00 1.0000e+00 3.0000e+00 6.0000e+00 0.0000e+00 1.1000e+01 1.0000e+00 2.5000e+01 2.0000e+00 5.0000e+00 1.0000e+00 0.0000e+00 0.0000e+00 0.0000e+00 2.0000e+00 0.0000e+00 1.5000e+01 0.0000e+00 0.0000e+00 0.0000e+00 5.0000e+00 1.0000e+00 0.0000e+00 0.0000e+00 1.0000e+00 2.0000e+00 7.0000e+00 2.0000e+00 2.0000e+00
1.6500e+02 2.5000e+01 1.2600e+02 1.0000e+01 6.7000e+01 1.1500e+02 0.0000e+00 3.2000e+01 1.1000e+01 1.9000e+02 2.0000e+00 3.8000e+01 3.4000e+01 1.1100e+02 3.8000e+01 1.8000e+01 1.9200e+02 1.3000e+01 1.0900e+02 2.2100e+02 2.1000e+01 9.0000e+00 2.5000e+01 6.9000e+01 3.6200e+02 2.0700e+02 5.0000e+00 1.2000e+01 8.3000e+01 2.9000e+01 9.0000e+01 3.3100e+02 1.5800e+02 1.3000e+01 0.0000e+00 1.1000e+01 1.2600e+02 1.2900e+02 0.0000e+00 2.1100e+02 2.2000e+01 1.8300e+02 6.0000e+00 1.4100e+02 1.2000e+01 1.6000e+01 7.1000e+01 9.0000e+00 4.8000e+01 9.1000e+01
4.0000e+00 2.0000e+00 2.0000e+00 7.0000e+00 5.0000e+00 1.3000e+01 0.0000e+00 3.0000e+00 1.0000e+00 3.0000e+00 1.0000e+00 3.0000e+00 1.0000e+00 3.0000e+00 5.0000e+00 1.0000e+00 3.0000e+00 1.0000e+00 1.0000e+00 0.0000e+00 0.0000e+00 4.9000e+01 5.0000e+00 4.0000e+00 4.0000e+00 2.0000e+00 1.0000e+00 9.0000e+00 0.0000e+00 2.9000e+01 7.0000e+00 6.0000e+00 1.6000e+01 1.0000e+00 0.0000e+00 8.0000e+00 1.0000e+00 2.0000e+01 0.0000e+00 2.0000e+01 0.0000e+00 0.0000e+00 1.3000e+01 1.0000e+00 7.0000e+00 2.7000e+01 0.0000e+00 3.0000e+00 1.0000e+00 0.0000e+00
5.0000e+00 0.0000e+00 8.0000e+00 1.3000e+01 4.0000e+00 0.0000e+00 0.0000e+00 0.0000e+00 2.0000e+00 1.0000e+00 1.3000e+01 3.0000e+00 1.5000e+01 1.8000e+01 5.0000e+00 2.0000e+00 1.0000e+00 2.0000e+00 1.0000e+00 2.0000e+00 5.0000e+00 1.0000e+00 0.0000e+00 2.0000e+00 3.0000e+00 8.0000e+00 2.0000e+00 5.0000e+00 1.0000e+00 2.0000e+00 5.0000e+00 0.0000e+00 4.0000e+00 0.0000e+00 0.0000e+00 1.0000e+00 4.0000e+00 1.0000e+01 0.0000e+00 3.0000e+00 3.0000e+00 1.0000e+00 9.0000e+00 8.0000e+00 3.9000e+01 4.0000e+00 1.7000e+01 4.0000e+00 2.7000e+01 1.0000e+00
0.0000e+00 1.0000e+00 0.0000e+00 3.0000e+00 2.0000e+00 1.0000e+00 0.0000e+00 0.0000e+00 0.0000e+00 0.0000e+00 0.0000e+00 0.0000e+00 0.0000e+00 3.0000e+00 7.0000e+00 3.0000e+00 2.0000e+00 0.0000e+00 0.0000e+00 2.0000e+00 3.0000e+00 2.0000e+00 2.0000e+00 0.0000e+00 0.0000e+00 0.0000e+00 1.0000e+00 3.0000e+00 2.0000e+00 2.0000e+00 0.0000e+00 2.0000e+00 1.0000e+00 3.0000e+01 0.0000e+00 1.0000e+00 0.0000e+00 8.4000e+01 0.0000e+00 2.0000e+00 0.0000e+00 0.0000e+00 3.7000e+01 0.0000e+00 6.4000e+01 0.0000e+00 3.0000e+00 3.8000e+01 0.0000e+00 1.0000e+00
0.0000e+00 0.0000e+00 0.0000e+00 3.0000e+00 2.0000e+00 0.0000e+00 0.0000e+00 0.0000e+00 0.0000e+00 1.0000e+00 9.0000e+00 0.0000e+00 0.0000e+00 1.0000e+00 6.0000e+00 0.0000e+00 1.0000e+00 1.0000e+00 0.0000e+00 1.0000e+00 1.0000e+00 0.0000e+00 0.0000e+00 0.0000e+00 0.0000e+00 1.0000e+00 0.0000e+00 0.0000e+00 1.0000e+00 2.0000e+00 0.0000e+00 0.0000e+00 1.0000e+00 1.0000e+00 0.0000e+00 2.0000e+00 0.0000e+00 0.0000e+00 0.0000e+00 0.0000e+00 0.0000e+00 0.0000e+00 0.0000e+00 0.0000e+00 0.0000e+00 7.0000e+00 2.0000e+00 2.0000e+00 0.0000e+00 2.0000e+00
4.0000e+00 2.2100e+02 1.0000e+00 5.0000e+01 1.6700e+02 6.0000e+00 0.0000e+00 1.5300e+02 2.0000e+00 0.0000e+00 3.5000e+01 9.0000e+00 2.0000e+00 3.6000e+01 1.0000e+00 4.9000e+01 3.6000e+01 1.0000e+00 1.0000e+01 0.0000e+00 2.0000e+00 3.0000e+00 0.0000e+00 4.0000e+00 4.5000e+01 3.0000e+00 2.0000e+00 3.0000e+00 1.0000e+00 2.0000e+00 0.0000e+00 1.2000e+01 0.0000e+00 3.0000e+00 0.0000e+00 6.0000e+01 1.2400e+02 0.0000e+00 0.0000e+00 1.0000e+00 0.0000e+00 1.0000e+00 1.3200e+02 0.0000e+00 5.4750e+03 1.7000e+01 0.0000e+00 8.8000e+01 1.7000e+01 6.0000e+00
4.0000e+00 2.0000e+00 1.0000e+00 2.0000e+00 5.0000e+00 1.0000e+00 0.0000e+00 0.0000e+00 0.0000e+00 0.0000e+00 1.2000e+01 1.0000e+00 0.0000e+00 0.0000e+00 1.0000e+00 1.0000e+01 1.0000e+00 0.0000e+00 0.0000e+00 0.0000e+00 0.0000e+00 1.0000e+00 0.0000e+00 3.0000e+00 1.0000e+00 0.0000e+00 0.0000e+00 2.0000e+00 1.0000e+00 2.0000e+00 2.0000e+00 0.0000e+00 0.0000e+00 0.0000e+00 0.0000e+00 0.0000e+00 0.0000e+00 0.0000e+00 0.0000e+00 0.0000e+00 1.0000e+00 2.0000e+00 2.0000e+00 0.0000e+00 0.0000e+00 0.0000e+00 5.0000e+00 0.0000e+00 0.0000e+00 0.0000e+00
5.0000e+00 0.0000e+00 0.0000e+00 0.0000e+00 0.0000e+00 2.0000e+00 0.0000e+00 0.0000e+00 1.0000e+00 1.0000e+00 1.0000e+01 3.0000e+00 0.0000e+00 1.0000e+00 0.0000e+00 0.0000e+00 0.0000e+00 1.0000e+00 0.0000e+00 0.0000e+00 0.0000e+00 1.0000e+00 1.0000e+00 5.0000e+00 0.0000e+00 1.0000e+00 0.0000e+00 0.0000e+00 0.0000e+00 1.0000e+00 2.0000e+00 0.0000e+00 0.0000e+00 0.0000e+00 0.0000e+00 1.0000e+00 0.0000e+00 0.0000e+00 0.0000e+00 1.0000e+00 0.0000e+00 0.0000e+00 0.0000e+00 1.0000e+00 0.0000e+00 0.0000e+00 2.0000e+00 1.0000e+00 1.0000e+00 0.0000e+00
6.0000e+00 1.0000e+00 0.0000e+00 1.0000e+00 0.0000e+00 3.7000e+01 0.0000e+00 0.0000e+00 0.0000e+00 2.0000e+00 9.0000e+00 1.0000e+00 0.0000e+00 0.0000e+00 0.0000e+00 1.4900e+02 1.0000e+00 0.0000e+00 1.0000e+00 1.0000e+00 1.0000e+01 1.0000e+00 0.0000e+00 0.0000e+00 8.0000e+00 2.0000e+00 0.0000e+00 2.0000e+00 1.0000e+00 1.0000e+00 0.0000e+00 6.0000e+00 4.0000e+00 0.0000e+00 0.0000e+00 5.0000e+00 4.0000e+00 0.0000e+00 0.0000e+00 1.0000e+00 3.0000e+00 1.0000e+00 1.0000e+00 1.9000e+01 0.0000e+00 1.0000e+00 3.0000e+00 0.0000e+00 0.0000e+00 7.3000e+01
7.0000e+00 0.0000e+00 4.0000e+00 1.1000e+01 1.2000e+01 2.0000e+00 0.0000e+00 6.0000e+00 0.0000e+00 1.0000e+00 0.0000e+00 0.0000e+00 0.0000e+00 0.0000e+00 5.0000e+00 7.0000e+00 1.0000e+00 2.0000e+00 0.0000e+00 0.0000e+00 1.0000e+00 2.0000e+00 2.0000e+00 6.0000e+00 0.0000e+00 0.0000e+00 9.0000e+00 1.0000e+00 1.0000e+00 5.0000e+00 0.0000e+00 0.0000e+00 1.0000e+00 5.5720e+03 0.0000e+00 2.0000e+00 0.0000e+00 2.8000e+01 0.0000e+00 2.0000e+00 7.0000e+00 0.0000e+00 1.5000e+01 1.0000e+00 0.0000e+00 2.0000e+00 1.0000e+00 3.0000e+00 0.0000e+00 0.0000e+00
1.0000e+00 2.0000e+00 2.0000e+00 2.8000e+01 3.4000e+01 8.0000e+00 0.0000e+00 2.0000e+00 9.0000e+00 4.0000e+00 0.0000e+00 1.0000e+00 1.0000e+00 0.0000e+00 1.0000e+01 2.3000e+01 1.3000e+01 4.0000e+00 0.0000e+00 0.0000e+00 1.0000e+00 2.0000e+00 3.0000e+00 1.0000e+01 3.0000e+00 1.0000e+00 1.2000e+01 1.6000e+01 3.0000e+00 2.7000e+01 0.0000e+00 2.1000e+01 5.0000e+00 0.0000e+00 0.0000e+00 3.0000e+00 2.0000e+00 3.1000e+01 0.0000e+00 1.8000e+01 2.0000e+00 1.0000e+00 2.1000e+01 1.0000e+00 0.0000e+00 3.0000e+00 0.0000e+00 8.0000e+00 0.0000e+00 1.0000e+00
0.0000e+00 1.0000e+00 0.0000e+00 0.0000e+00 1.0000e+00 2.8000e+01 0.0000e+00 0.0000e+00 5.0000e+00 0.0000e+00 1.5000e+01 0.0000e+00 0.0000e+00 1.0000e+00 1.6000e+01 0.0000e+00 4.0000e+00 0.0000e+00 2.0000e+00 5.0000e+00 9.0000e+00 1.1000e+01 2.8000e+01 1.0000e+00 1.0000e+00 7.8000e+01 1.6000e+01 5.0000e+00 0.0000e+00 0.0000e+00 0.0000e+00 0.0000e+00 0.0000e+00 0.0000e+00 0.0000e+00 3.8000e+01 7.0000e+00 0.0000e+00 0.0000e+00 0.0000e+00 0.0000e+00 0.0000e+00 0.0000e+00 0.0000e+00 0.0000e+00 2.0000e+00 4.5000e+01 1.5000e+01 3.0000e+00 0.0000e+00
2.0000e+00 1.0000e+00 2.0000e+00 1.0000e+00 8.0000e+00 1.0000e+00 0.0000e+00 1.0000e+00 0.0000e+00 0.0000e+00 1.0000e+00 6.0000e+00 3.0000e+00 5.0000e+00 1.5000e+01 3.0000e+00 0.0000e+00 0.0000e+00 0.0000e+00 0.0000e+00 0.0000e+00 5.0000e+00 0.0000e+00 0.0000e+00 1.0000e+00 2.0000e+00 4.0000e+00 2.8000e+01 2.0000e+00 0.0000e+00 0.0000e+00 6.0000e+00 0.0000e+00 0.0000e+00 0.0000e+00 2.0000e+00 0.0000e+00 5.3140e+03 0.0000e+00 1.0000e+00 0.0000e+00 6.0000e+00 2.8000e+01 2.0000e+00 0.0000e+00 2.0000e+00 8.0000e+00 4.0000e+00 0.0000e+00 0.0000e+00
1.2700e+02 1.0000e+00 1.0000e+00 5.8000e+01 5.2100e+02 3.3000e+01 0.0000e+00 4.0000e+00 0.0000e+00 9.7000e+01 3.0000e+00 6.3000e+01 1.0000e+00 1.0000e+00 9.0000e+00 7.0000e+00 4.0000e+00 0.0000e+00 3.0000e+00 2.0000e+00 6.0000e+00 5.0000e+00 4.0000e+00 3.3000e+01 5.0000e+00 5.0000e+00 2.0000e+00 1.0000e+00 0.0000e+00 2.0000e+00 0.0000e+00 8.0000e+00 3.0000e+00 0.0000e+00 0.0000e+00 3.0000e+00 2.0000e+00 0.0000e+00 0.0000e+00 6.6000e+01 0.0000e+00 1.0000e+00 4.1000e+01 4.0000e+00 0.0000e+00 2.6000e+01 2.0000e+00 5.8000e+01 6.0000e+00 3.0000e+00
1.0000e+01 1.0000e+00 0.0000e+00 0.0000e+00 8.0000e+00 6.0000e+00 0.0000e+00 3.0000e+00 1.0000e+00 0.0000e+00 0.0000e+00 0.0000e+00 2.0000e+00 0.0000e+00 6.0000e+00 1.2000e+01 0.0000e+00 2.0000e+00 0.0000e+00 0.0000e+00 1.0000e+00 0.0000e+00 0.0000e+00 1.0000e+00 0.0000e+00 0.0000e+00 0.0000e+00 1.0000e+00 1.1000e+01 2.0000e+00 0.0000e+00 0.0000e+00 0.0000e+00 0.0000e+00 0.0000e+00 0.0000e+00 0.0000e+00 0.0000e+00 0.0000e+00 0.0000e+00 0.0000e+00 1.0000e+00 4.0000e+00 4.0000e+00 0.0000e+00 1.0000e+00 1.0000e+00 2.0000e+00 1.0000e+00 0.0000e+00
5.0000e+00 0.0000e+00 0.0000e+00 4.0000e+00 2.0000e+00 1.0000e+00 0.0000e+00 2.0000e+00 0.0000e+00 0.0000e+00 2.0000e+00 2.0000e+00 0.0000e+00 0.0000e+00 1.0000e+00 0.0000e+00 0.0000e+00 0.0000e+00 0.0000e+00 0.0000e+00 0.0000e+00 1.0000e+00 0.0000e+00 0.0000e+00 0.0000e+00 0.0000e+00 0.0000e+00 0.0000e+00 0.0000e+00 2.0000e+00 0.0000e+00 4.0000e+00 0.0000e+00 0.0000e+00 0.0000e+00 0.0000e+00 1.0000e+00 0.0000e+00 0.0000e+00 0.0000e+00 0.0000e+00 3.0000e+00 1.0000e+00 0.0000e+00 0.0000e+00 1.6000e+01 0.0000e+00 6.0000e+00 0.0000e+00 0.0000e+00
2.0000e+00 1.0000e+00 8.0000e+00 6.0000e+01 4.7000e+01 2.8000e+01 0.0000e+00 1.0000e+00 1.0000e+00 2.7000e+01 9.0000e+00 9.0000e+00 3.0000e+00 1.0000e+00 1.6000e+01 3.0000e+00 1.2000e+01 7.0000e+00 1.0000e+00 3.0000e+00 3.0000e+00 3.0000e+00 7.0000e+00 7.0000e+00 2.2000e+01 2.0000e+00 0.0000e+00 6.0000e+00 7.0000e+00 7.0000e+00 2.0000e+00 1.4000e+01 6.0000e+00 0.0000e+00 0.0000e+00 0.0000e+00 7.0000e+00 0.0000e+00 0.0000e+00 2.5000e+01 1.5000e+01 5.0000e+00 7.0000e+00 7.0000e+00 0.0000e+00 7.0000e+00 8.0000e+00 6.0000e+00 1.0000e+00 1.0000e+01
0.0000e+00 2.0000e+00 2.0000e+00 4.0000e+00 2.0000e+00 4.0000e+00 0.0000e+00 2.0000e+00 1.0000e+01 1.0000e+00 5.0000e+00 6.0000e+00 0.0000e+00 0.0000e+00 3.0000e+00 7.0000e+00 5.0000e+00 3.0000e+00 1.0000e+00 1.0000e+00 3.0000e+00 0.0000e+00 1.0000e+00 1.0000e+00 6.0000e+00 0.0000e+00 2.0000e+01 1.0000e+00 1.1000e+01 1.7000e+01 0.0000e+00 1.0000e+00 4.0000e+00 0.0000e+00 0.0000e+00 9.0000e+00 1.0000e+00 0.0000e+00 0.0000e+00 3.0000e+00 0.0000e+00 3.0000e+00 6.0000e+00 9.0000e+00 0.0000e+00 1.0000e+00 8.0000e+00 1.0000e+01 0.0000e+00 3.0000e+00
3.0000e+00 3.0000e+00 0.0000e+00 1.0000e+00 1.0000e+00 2.0000e+00 0.0000e+00 2.0000e+00 2.0000e+00 2.5000e+01 1.3300e+03 3.0000e+00 2.0000e+00 2.0000e+00 8.3000e+01 2.0600e+02 1.0000e+00 1.0000e+00 1.0000e+00 1.0000e+00 5.3000e+01 4.0000e+00 0.0000e+00 1.0000e+00 3.8000e+01 4.0000e+00 3.0000e+00 5.0000e+00 3.0000e+00 6.3000e+01 1.0000e+00 5.0000e+00 1.2000e+01 0.0000e+00 0.0000e+00 2.7000e+01 0.0000e+00 0.0000e+00 0.0000e+00 6.0000e+00 2.0000e+00 3.0000e+00 9.9000e+01 2.0000e+00 0.0000e+00 9.0000e+00 9.4000e+01 8.5000e+01 0.0000e+00 1.0000e+00
8.0000e+00 2.0000e+00 4.0000e+00 6.0000e+00 1.1000e+01 1.3000e+01 0.0000e+00 2.0000e+00 0.0000e+00 7.0000e+00 3.0000e+00 4.2000e+01 5.0000e+00 0.0000e+00 1.1200e+02 1.0500e+02 0.0000e+00 0.0000e+00 2.0000e+00 0.0000e+00 2.0000e+00 6.0000e+00 3.0000e+00 1.0000e+00 0.0000e+00 2.0000e+01 0.0000e+00 2.0000e+00 0.0000e+00 2.4600e+02 5.0000e+00 5.0000e+00 3.0000e+00 0.0000e+00 0.0000e+00 1.4000e+01 1.0000e+00 0.0000e+00 0.0000e+00 1.0000e+01 0.0000e+00 2.0000e+00 4.8000e+01 5.0000e+00 0.0000e+00 3.0000e+00 9.0000e+00 8.4000e+01 0.0000e+00 3.0000e+00
3.0000e+00 0.0000e+00 3.0000e+00 9.0000e+00 1.0000e+00 2.0000e+00 0.0000e+00 1.0000e+00 1.0000e+00 0.0000e+00 1.0000e+00 0.0000e+00 0.0000e+00 3.0000e+00 4.0000e+00 7.5000e+01 1.0000e+00 1.0000e+00 1.0000e+00 0.0000e+00 1.0000e+00 0.0000e+00 1.0000e+00 6.0000e+00 0.0000e+00 1.2000e+01 0.0000e+00 1.0000e+00 6.0000e+00 2.2000e+01 1.0000e+00 0.0000e+00 0.0000e+00 0.0000e+00 0.0000e+00 0.0000e+00 0.0000e+00 0.0000e+00 0.0000e+00 0.0000e+00 1.0000e+00 3.0000e+00 3.0000e+00 0.0000e+00 0.0000e+00 1.1000e+01 2.0000e+00 2.0000e+00 0.0000e+00 0.0000e+00
2.9000e+01 1.5000e+01 5.7000e+01 1.0000e+02 6.5000e+01 3.1000e+01 0.0000e+00 4.6300e+02 1.7000e+01 6.4000e+01 4.1000e+01 5.1000e+01 2.3700e+02 3.3000e+01 7.2000e+01 2.3600e+02 1.7000e+01 2.5000e+01 1.0000e+01 3.9000e+01 8.0000e+00 1.7000e+01 1.4000e+01 2.7000e+01 1.6000e+01 3.0000e+01 6.0000e+00 1.1000e+01 5.7000e+01 5.7000e+01 4.3000e+01 7.0000e+00 1.2600e+02 0.0000e+00 0.0000e+00 7.2000e+01 3.1000e+01 0.0000e+00 0.0000e+00 5.6000e+01 2.5000e+01 6.0000e+00 4.1000e+01 1.6300e+02 0.0000e+00 2.0300e+02 2.4000e+01 8.0000e+00 4.3000e+01 5.7000e+01
1.0000e+00 0.0000e+00 0.0000e+00 1.0000e+00 0.0000e+00 1.0000e+00 0.0000e+00 0.0000e+00 2.0000e+00 2.0000e+00 0.0000e+00 0.0000e+00 0.0000e+00 0.0000e+00 2.0000e+00 5.0000e+00 0.0000e+00 0.0000e+00 0.0000e+00 0.0000e+00 0.0000e+00 1.0000e+00 0.0000e+00 2.0000e+00 0.0000e+00 0.0000e+00 0.0000e+00 1.0000e+00 1.0000e+00 0.0000e+00 1.0000e+00 0.0000e+00 6.0000e+00 0.0000e+00 0.0000e+00 1.0000e+00 0.0000e+00 0.0000e+00 0.0000e+00 3.0000e+00 0.0000e+00 0.0000e+00 1.0000e+00 7.0000e+00 0.0000e+00 2.0000e+00 1.0000e+00 1.0000e+00 0.0000e+00 0.0000e+00
6.9000e+01 1.3700e+02 1.5500e+02 3.4000e+02 2.2240e+03 5.2190e+03 0.0000e+00 1.0900e+02 6.3000e+01 7.9900e+02 3.5700e+02 1.8360e+03 4.6800e+02 1.9100e+02 4.5450e+03 1.3400e+02 2.2260e+03 1.8100e+02 5.5460e+03 7.0700e+02 5.5820e+03 6.4000e+01 1.6030e+03 2.8300e+02 3.4600e+02 5.1540e+03 1.4600e+02 5.0000e+01 2.0900e+03 4.7770e+03 3.8500e+02 4.2010e+03 1.3000e+02 0.0000e+00 0.0000e+00 1.3900e+02 2.1910e+03 0.0000e+00 0.0000e+00 6.3000e+01 2.1500e+02 4.0600e+03 1.3300e+02 1.2000e+02 0.0000e+00 3.2700e+02 2.3000e+01 1.4800e+02 7.7000e+01 5.4150e+03
1.0000e+00 0.0000e+00 0.0000e+00 2.0000e+00 0.0000e+00 0.0000e+00 0.0000e+00 4.0000e+00 0.0000e+00 7.0000e+00 1.0000e+00 0.0000e+00 3.0000e+00 0.0000e+00 0.0000e+00 2.0000e+00 1.0000e+00 4.0000e+00 0.0000e+00 0.0000e+00 0.0000e+00 1.0000e+00 0.0000e+00 0.0000e+00 0.0000e+00 0.0000e+00 2.0000e+00 0.0000e+00 0.0000e+00 0.0000e+00 0.0000e+00 0.0000e+00 1.3000e+01 0.0000e+00 0.0000e+00 1.0000e+00 1.0000e+00 0.0000e+00 0.0000e+00 6.0000e+00 0.0000e+00 3.0000e+00 9.0000e+00 1.0000e+00 0.0000e+00 0.0000e+00 1.0000e+00 4.0000e+00 0.0000e+00 0.0000e+00
1.0000e+00 0.0000e+00 2.0000e+00 2.2000e+01 0.0000e+00 0.0000e+00 0.0000e+00 6.0000e+00 2.0000e+00 0.0000e+00 1.6000e+01 6.0000e+00 0.0000e+00 1.0000e+00 0.0000e+00 2.2000e+01 1.0000e+00 2.0000e+00 0.0000e+00 0.0000e+00 0.0000e+00 7.0000e+00 3.0000e+00 3.3000e+01 1.0000e+00 0.0000e+00 8.0000e+00 3.0000e+00 1.8000e+01 0.0000e+00 0.0000e+00 0.0000e+00 1.0000e+00 0.0000e+00 0.0000e+00 2.0000e+00 9.0000e+00 0.0000e+00 0.0000e+00 3.0000e+01 1.0000e+00 4.0000e+00 1.0300e+02 4.0000e+00 0.0000e+00 1.0000e+00 5.0000e+00 5.0000e+00 2.0000e+00 0.0000e+00
2.2000e+01 2.7200e+02 2.3800e+02 3.9000e+01 2.0000e+00 0.0000e+00 0.0000e+00 2.0000e+00 2.0000e+01 1.4700e+02 3.0000e+00 5.7000e+01 4.9800e+02 7.6700e+02 0.0000e+00 4.8000e+02 6.0000e+00 3.1800e+02 0.0000e+00 2.8800e+02 0.0000e+00 2.0000e+00 5.0000e+00 2.6900e+02 4.4800e+02 0.0000e+00 6.0000e+00 7.5000e+01 1.7000e+02 0.0000e+00 2.0000e+00 0.0000e+00 1.0000e+00 0.0000e+00 0.0000e+00 4.8910e+03 6.0000e+00 0.0000e+00 0.0000e+00 1.0000e+00 4.9000e+01 4.2000e+01 5.8000e+01 1.0000e+01 0.0000e+00 1.0000e+00 1.6400e+02 3.6800e+02 5.0000e+00 0.0000e+00
1.2400e+02 4.2000e+01 3.8840e+03 8.6900e+02 7.7000e+01 0.0000e+00 0.0000e+00 8.4000e+01 4.7000e+01 2.7800e+02 1.2900e+02 5.2000e+01 1.4000e+02 1.1800e+02 0.0000e+00 3.3800e+02 2.1300e+02 2.5300e+02 0.0000e+00 8.3000e+01 0.0000e+00 1.9300e+02 1.0900e+02 5.9800e+02 8.7000e+01 0.0000e+00 1.6400e+02 1.0100e+02 2.1900e+02 0.0000e+00 4.8990e+03 0.0000e+00 2.8000e+02 0.0000e+00 0.0000e+00 0.0000e+00 1.4000e+02 0.0000e+00 0.0000e+00 2.5600e+02 4.8000e+01 1.6100e+02 1.5900e+02 2.2500e+02 0.0000e+00 1.3190e+03 1.1500e+02 1.3800e+02 1.5700e+02 0.0000e+00
6.3000e+01 0.0000e+00 6.0000e+00 0.0000e+00 1.2000e+01 0.0000e+00 0.0000e+00 1.0000e+00 0.0000e+00 8.0000e+00 5.0000e+00 0.0000e+00 1.0000e+00 4.0000e+00 0.0000e+00 0.0000e+00 0.0000e+00 2.0000e+00 0.0000e+00 0.0000e+00 0.0000e+00 1.0000e+00 7.0000e+00 0.0000e+00 5.0000e+00 0.0000e+00 0.0000e+00 0.0000e+00 1.0000e+00 0.0000e+00 0.0000e+00 0.0000e+00 0.0000e+00 0.0000e+00 0.0000e+00 0.0000e+00 0.0000e+00 0.0000e+00 0.0000e+00 2.0000e+00 0.0000e+00 6.0000e+00 3.0000e+00 1.0000e+00 0.0000e+00 3.5000e+01 4.0000e+00 1.7000e+01 5.0000e+00 0.0000e+00
3.7740e+03 4.7450e+03 6.3600e+02 2.2620e+03 1.2070e+03 0.0000e+00 0.0000e+00 4.1900e+03 5.1870e+03 1.5460e+03 3.2270e+03 2.8810e+03 3.4920e+03 3.6850e+03 0.0000e+00 2.8080e+03 1.6580e+03 4.4440e+03 0.0000e+00 4.1010e+03 0.0000e+00 4.3640e+03 2.8700e+03 2.5340e+03 3.6380e+03 0.0000e+00 5.1210e+03 5.0780e+03 1.6010e+03 0.0000e+00 0.0000e+00 0.0000e+00 3.8330e+03 0.0000e+00 0.0000e+00 0.0000e+00 2.4290e+03 0.0000e+00 0.0000e+00 3.3840e+03 5.0450e+03 4.8300e+02 3.4800e+03 4.1390e+03 0.0000e+00 2.7340e+03 4.9900e+03 4.0660e+03 5.3780e+03 0.0000e+00
0.0000e+00 0.0000e+00 0.0000e+00 0.0000e+00 6.0000e+00 0.0000e+00 0.0000e+00 1.0000e+00 0.0000e+00 0.0000e+00 0.0000e+00 0.0000e+00 0.0000e+00 1.0000e+00 0.0000e+00 4.0000e+00 1.0000e+00 0.0000e+00 0.0000e+00 0.0000e+00 0.0000e+00 0.0000e+00 0.0000e+00 0.0000e+00 0.0000e+00 0.0000e+00 0.0000e+00 0.0000e+00 2.0000e+00 0.0000e+00 0.0000e+00 0.0000e+00 0.0000e+00 0.0000e+00 0.0000e+00 0.0000e+00 1.0000e+00 0.0000e+00 0.0000e+00 0.0000e+00 0.0000e+00 0.0000e+00 1.1000e+01 0.0000e+00 0.0000e+00 0.0000e+00 0.0000e+00 0.0000e+00 0.0000e+00 0.0000e+00
0.0000e+00 0.0000e+00 0.0000e+00 0.0000e+00 3.0000e+00 0.0000e+00 0.0000e+00 1.0000e+00 0.0000e+00 3.0000e+00 2.0000e+00 1.0000e+00 0.0000e+00 0.0000e+00 0.0000e+00 8.0000e+00 2.0000e+00 1.0000e+01 0.0000e+00 0.0000e+00 0.0000e+00 0.0000e+00 3.0000e+00 0.0000e+00 1.0000e+00 0.0000e+00 0.0000e+00 0.0000e+00 0.0000e+00 0.0000e+00 0.0000e+00 0.0000e+00 0.0000e+00 0.0000e+00 0.0000e+00 0.0000e+00 0.0000e+00 0.0000e+00 0.0000e+00 8.3000e+01 0.0000e+00 0.0000e+00 0.0000e+00 0.0000e+00 0.0000e+00 4.0000e+00 0.0000e+00 0.0000e+00 0.0000e+00 0.0000e+00
4.0000e+00 0.0000e+00 4.0000e+00 1.5000e+01 1.0000e+00 0.0000e+00 0.0000e+00 1.0000e+00 0.0000e+00 1.0000e+00 2.0000e+00 7.0000e+00 2.0000e+00 2.0000e+00 0.0000e+00 4.7000e+01 1.0000e+00 5.0000e+00 0.0000e+00 0.0000e+00 0.0000e+00 4.0000e+00 2.0000e+00 0.0000e+00 6.0000e+00 0.0000e+00 0.0000e+00 0.0000e+00 2.0000e+00 0.0000e+00 0.0000e+00 0.0000e+00 4.0000e+00 0.0000e+00 0.0000e+00 0.0000e+00 5.0000e+00 0.0000e+00 0.0000e+00 4.0000e+00 0.0000e+00 1.0000e+00 5.0000e+00 0.0000e+00 0.0000e+00 1.2000e+01 0.0000e+00 0.0000e+00 0.0000e+00 0.0000e+00
2.0000e+00 0.0000e+00 7.0000e+00 2.0000e+00 2.8000e+01 0.0000e+00 0.0000e+00 3.0000e+00 0.0000e+00 1.0000e+00 1.3000e+01 0.0000e+00 1.0000e+00 6.0000e+00 0.0000e+00 1.3000e+01 0.0000e+00 4.0000e+00 0.0000e+00 0.0000e+00 0.0000e+00 1.0000e+00 2.0000e+00 9.0000e+00 1.0000e+00 0.0000e+00 0.0000e+00 0.0000e+00 4.0000e+00 0.0000e+00 0.0000e+00 0.0000e+00 1.1000e+01 0.0000e+00 0.0000e+00 0.0000e+00 0.0000e+00 0.0000e+00 0.0000e+00 3.1000e+01 0.0000e+00 1.0000e+00 2.0000e+00 1.1000e+01 0.0000e+00 1.0000e+00 0.0000e+00 0.0000e+00 0.0000e+00 0.0000e+00
1.0000e+00 0.0000e+00 2.0000e+00 0.0000e+00 4.0000e+00 0.0000e+00 0.0000e+00 3.0000e+00 0.0000e+00 1.0000e+00 1.0000e+00 0.0000e+00 0.0000e+00 0.0000e+00 0.0000e+00 0.0000e+00 0.0000e+00 0.0000e+00 0.0000e+00 0.0000e+00 0.0000e+00 0.0000e+00 1.0000e+00 0.0000e+00 2.0000e+00 0.0000e+00 0.0000e+00 0.0000e+00 0.0000e+00 0.0000e+00 0.0000e+00 0.0000e+00 0.0000e+00 0.0000e+00 0.0000e+00 0.0000e+00 0.0000e+00 0.0000e+00 0.0000e+00 0.0000e+00 0.0000e+00 2.0000e+00 2.0000e+00 2.0000e+00 0.0000e+00 1.0000e+00 0.0000e+00 0.0000e+00 0.0000e+00 0.0000e+00
2.9000e+01 0.0000e+00 6.0000e+00 9.3000e+01 1.0000e+01 0.0000e+00 0.0000e+00 2.0000e+00 0.0000e+00 3.0000e+00 1.5000e+01 6.0000e+00 7.0000e+00 5.0000e+00 0.0000e+00 1.3000e+01 1.0000e+00 0.0000e+00 0.0000e+00 0.0000e+00 0.0000e+00 2.5000e+01 2.0000e+00 9.0000e+00 0.0000e+00 0.0000e+00 0.0000e+00 0.0000e+00 1.0000e+01 0.0000e+00 0.0000e+00 0.0000e+00 1.0000e+00 0.0000e+00 0.0000e+00 0.0000e+00 1.0000e+00 0.0000e+00 0.0000e+00 5.0000e+00 0.0000e+00 4.0000e+00 2.4000e+01 1.0000e+00 0.0000e+00 4.0000e+00 0.0000e+00 0.0000e+00 0.0000e+00 0.0000e+00
0.0000e+00 0.0000e+00 0.0000e+00 1.0000e+01 5.0000e+00 0.0000e+00 0.0000e+00 0.0000e+00 0.0000e+00 9.0000e+00 0.0000e+00 0.0000e+00 3.0000e+00 0.0000e+00 0.0000e+00 2.0000e+00 4.0000e+00 1.0000e+00 0.0000e+00 0.0000e+00 0.0000e+00 5.0000e+00 0.0000e+00 6.0000e+00 2.0000e+00 0.0000e+00 0.0000e+00 0.0000e+00 3.0000e+00 0.0000e+00 0.0000e+00 0.0000e+00 0.0000e+00 0.0000e+00 0.0000e+00 0.0000e+00 0.0000e+00 0.0000e+00 0.0000e+00 0.0000e+00 0.0000e+00 2.0000e+00 7.0000e+00 6.0000e+00 0.0000e+00 1.0000e+00 0.0000e+00 0.0000e+00 0.0000e+00 0.0000e+00
1.7000e+01 0.0000e+00 0.0000e+00 2.1000e+01 4.5000e+01 0.0000e+00 0.0000e+00 2.0000e+00 0.0000e+00 1.2660e+03 1.0000e+00 0.0000e+00 2.0000e+00 3.0000e+00 0.0000e+00 1.4000e+01 0.0000e+00 3.0000e+00 0.0000e+00 0.0000e+00 0.0000e+00 3.0000e+00 1.0000e+00 8.0000e+00 4.0000e+00 0.0000e+00 0.0000e+00 0.0000e+00 5.9000e+01 0.0000e+00 0.0000e+00 0.0000e+00 1.5800e+02 0.0000e+00 0.0000e+00 0.0000e+00 1.0000e+00 0.0000e+00 0.0000e+00 1.0000e+01 0.0000e+00 1.0000e+00 9.9000e+01 4.0000e+00 0.0000e+00 1.0000e+00 0.0000e+00 0.0000e+00 0.0000e+00 0.0000e+00
