2.4000e+01 1.9000e+01 2.2000e+01 2.9000e+01 1.7000e+01 2.0000e+01 2.4000e+01 1.7000e+01 9.7430e+03 5.8600e+02
2.4000e+01 2.0000e+01 2.8000e+01 4.1400e+02 2.8000e+01 1.5000e+01 1.5000e+01 2.9000e+01 2.1000e+01 9.3480e+03
8.8700e+02 1.9000e+01 1.9000e+01 2.4000e+01 9.3220e+03 1.9000e+01 8.0600e+02 2.0000e+01 2.3000e+01 2.4000e+01
2.4000e+01 2.2000e+01 2.1000e+01 2.1000e+01 1.8000e+01 9.8550e+03 1.7000e+01 2.2000e+01 2.3000e+01 2.1000e+01
2.5000e+01 2.3000e+01 9.4710e+03 2.6000e+01 3.0000e+01 1.9000e+01 2.0000e+01 2.6000e+01 2.3000e+01 2.1000e+01
2.2000e+01 3.1000e+01 1.8000e+01 1.9000e+01 3.3000e+01 2.3000e+01 9.1970e+03 2.1000e+01 2.4000e+01 1.4000e+01
8.8310e+03 2.5000e+01 2.4000e+01 2.1000e+01 4.8700e+02 8.0000e+00 1.7000e+01 2.1000e+01 1.3000e+01 2.4000e+01
1.8000e+01 5.3800e+02 2.8800e+02 1.7000e+01 2.3000e+01 2.6000e+01 1.9000e+01 9.7820e+03 2.0000e+01 2.3000e+01
2.3000e+01 1.3000e+01 1.6000e+01 9.3610e+03 2.7000e+01 1.7000e+01 2.7000e+01 3.0000e+01 5.5000e+01 2.9000e+01
2.8000e+01 9.2550e+03 2.3000e+01 1.8000e+01 2.3000e+01 1.6000e+01 1.6000e+01 1.8000e+01 2.2000e+01 2.2000e+01
