7.5974e-01 5.1236e-01 8.4668e-01 7.4834e-01 3.8736e-01 9.5694e-03 4.6126e-01 2.3220e-01 9.7377e-01 9.9664e-01 8.8435e-01 9.6985e-01 7.3484e-01 9.0796e-01 7.5000e-01 4.6404e-01 7.4624e-01 4.8735e-01 7.0032e-01 4.8006e-01 5.4823e-01 9.7793e-01 9.6333e-01 9.9147e-01 5.2441e-01 8.9803e-01 7.4523e-01 5.8512e-01 5.2236e-01 8.7934e-01 8.6545e-01 4.4948e-01 8.8621e-01 9.9020e-01 4.3212e-01 5.2324e-01 9.0252e-01 6.9590e-01 4.7218e-01 9.1888e-01 9.1269e-01 3.2248e-01 9.6173e-01 9.7262e-01 2.6164e-01 3.7338e-01 2.6758e-01 4.7331e-01 4.4041e-01 6.8761e-01
1.6747e-01 3.4975e-01 5.2649e-01 6.1224e-02 1.2034e-01 2.9366e-01 6.9692e-02 5.1455e-01 2.0799e-01 4.0918e-01 1.9016e-01 2.0145e-01 2.6350e-01 6.4298e-02 5.6327e-01 5.7377e-02 3.1197e-01 4.2681e-01 4.1600e-01 2.0096e-01 3.6797e-01 4.8263e-01 3.8021e-01 1.0560e-01 3.9088e-01 4.2974e-01 2.3980e-01 2.2635e-01 5.0081e-01 1.5397e-01 3.3611e-01 4.7167e-01 1.8608e-01 2.3338e-01 4.0806e-01 4.8226e-01 1.5772e-01 9.6519e-02 2.1569e-01 1.5079e-01 3.9249e-02 1.1853e-01 5.3595e-01 4.4667e-01 1.7590e-01 2.7815e-01 3.3727e-02 5.3191e-03 1.2745e-01 4.9746e-01
8.8207e-01 6.9064e-01 9.9171e-01 1.6721e-01 8.9928e-02 4.2332e-01 1.0000e+00 5.7404e-01 2.2388e-01 2.6917e-01 9.4686e-01 1.0338e-01 1.7484e-01 1.3073e-01 5.3469e-01 0.0000e+00 1.5556e-01 1.0133e-01 6.0182e-01 5.3663e-01 2.6917e-01 1.4125e-01 5.9902e-01 9.2362e-02 7.2371e-01 5.1134e-01 6.6113e-01 3.5390e-01 9.0803e-01 3.1864e-01 4.6372e-01 1.0000e+00 8.1201e-01 3.4370e-01 2.3742e-01 5.9416e-01 1.4503e-01 6.7675e-01 2.0101e-01 8.0428e-01 1.9659e-01 2.8912e-01 4.5075e-02 5.4876e-01 4.6416e-01 2.8305e-01 6.2395e-02 9.8555e-01 5.3577e-01 8.9969e-01
3.2195e-01 3.4835e-01 3.5370e-02 1.5321e-01 5.6437e-02 4.8083e-01 2.0472e-01 5.1667e-02 1.1901e-01 3.9389e-01 3.9698e-01 4.9194e-01 2.6102e-01 5.2782e-01 6.6667e-02 1.2934e-01 6.7682e-02 3.3333e-01 3.3013e-01 4.8841e-01 7.2186e-01 4.1447e-01 5.0649e-01 5.8140e-01 7.4129e-01 6.6880e-01 7.6105e-01 6.5132e-01 5.7211e-01 4.8065e-01 8.6735e-01 5.1038e-01 5.2414e-01 7.5614e-01 6.6986e-01 5.7767e-01 3.6622e-01 3.7713e-01 7.1256e-01 2.9421e-01 4.6311e-01 5.9062e-01 2.4628e-01 1.4239e-01 5.7325e-01 7.7190e-01 6.3926e-01 5.0638e-01 5.5615e-01 5.1852e-01
5.7785e-01 6.2912e-01 6.2432e-01 3.9932e-01 5.6796e-01 5.7000e-01 4.9353e-01 7.8829e-01 1.2833e-01 4.6312e-01 7.1524e-01 5.9551e-01 8.1954e-01 3.7520e-01 4.0365e-01 4.0599e-01 7.7316e-01 4.5230e-01 4.7795e-01 6.0512e-01 6.3481e-01 5.6902e-01 2.8100e-01 2.8930e-01 4.4828e-01 4.6101e-01 9.2295e-01 5.0965e-01 8.2149e-01 3.2083e-01 5.4405e-01 7.6050e-01 4.7862e-01 3.1404e-01 9.1341e-01 7.8974e-01 6.2565e-01 5.2254e-01 5.8843e-01 3.9310e-01 5.7560e-01 6.5974e-01 3.8486e-01 2.5628e-01 4.7896e-01 4.3457e-01 6.0731e-01 4.5215e-01 6.0972e-01 8.5154e-01
9.9827e-01 1.0000e+00 9.9698e-01 9.4346e-01 8.7654e-01 5.6333e-01 7.0018e-01 9.3193e-01 8.2862e-01 9.8858e-01 7.3948e-01 8.3387e-01 9.7063e-01 8.2297e-01 5.5574e-01 5.0676e-02 7.2549e-01 1.3280e-01 7.1587e-01 1.1131e-01 9.6880e-01 9.9825e-01 9.9336e-01 9.8839e-01 1.0000e+00 7.2054e-01 9.7690e-01 5.9768e-01 9.1901e-01 1.1054e-01 9.8480e-01 8.5601e-01 5.5897e-01 8.8960e-01 9.7117e-01 9.7508e-01 8.8647e-01 9.6959e-01 9.6618e-01 9.9834e-01 9.5470e-01 9.7012e-01 9.3504e-01 9.9653e-01 9.9142e-01 6.3710e-01 3.8535e-01 8.8889e-01 5.6694e-01 5.0083e-01
9.8145e-01 2.1897e-01 8.3784e-01 7.1924e-01 9.4417e-01 2.3744e-01 9.6779e-01 9.5645e-01 2.0908e-01 9.2562e-01 2.5738e-01 1.2479e-01 1.6694e-01 4.1758e-01 3.0000e-01 7.6512e-01 7.6344e-01 4.1868e-02 9.4617e-02 5.5224e-01 7.8000e-01 2.1997e-02 4.8058e-01 3.0000e-01 7.6804e-01 3.3706e-01 3.3113e-02 6.2027e-01 7.4877e-01 2.5765e-01 3.6905e-01 7.4771e-01 3.0556e-01 2.1700e-02 2.3451e-02 8.5128e-01 3.7179e-01 8.6235e-02 5.7680e-01 7.1355e-01 7.8378e-01 2.6350e-01 9.4032e-01 2.5521e-01 1.0961e-01 3.7294e-01 2.7556e-01 9.6791e-01 7.9378e-01 1.3176e-01
3.3759e-01 6.2660e-01 6.3009e-01 3.0261e-01 7.2755e-01 4.2020e-01 3.8959e-01 4.9833e-01 6.7891e-01 6.5466e-01 4.1331e-01 7.8287e-01 2.7642e-01 7.7148e-01 6.6325e-01 5.0404e-01 5.0950e-01 3.9286e-01 1.5707e-01 4.8438e-01 8.0651e-01 4.2244e-01 3.2520e-01 3.0586e-01 3.2661e-01 3.8364e-01 8.2975e-01 4.8911e-01 8.4323e-01 3.5536e-01 5.5366e-01 5.5049e-01 7.5218e-01 8.7566e-01 7.9461e-01 8.1922e-01 9.3426e-02 5.3103e-01 6.0000e-01 4.9601e-01 5.6492e-01 2.4602e-01 1.8364e-01 2.9730e-01 3.0469e-01 6.8515e-01 5.4309e-01 3.2441e-01 7.6412e-01 7.6112e-01
7.1500e-01 9.2414e-01 6.9920e-01 9.4728e-01 7.5124e-01 9.2441e-01 6.2810e-01 5.9174e-01 5.6743e-01 5.3322e-01 6.9697e-01 7.1088e-01 7.7425e-01 7.4411e-01 6.3317e-01 4.7555e-01 5.7166e-01 4.6853e-01 6.5753e-01 5.7000e-01 5.6947e-01 5.0906e-01 8.1588e-01 5.2747e-01 6.6783e-01 7.5980e-01 8.4603e-01 5.9810e-01 8.6860e-01 7.7922e-01 5.6716e-01 7.1429e-01 6.9848e-01 6.4103e-01 8.1350e-01 6.6838e-01 8.8889e-01 6.2603e-01 3.9394e-01 5.4290e-01 6.7672e-01 5.6186e-01 7.1237e-01 9.2079e-01 6.9614e-01 7.1429e-01 7.7479e-01 6.3559e-01 5.9865e-01 7.4869e-01
6.1750e-01 1.1620e-01 7.4247e-01 9.1514e-02 2.1704e-01 7.8833e-01 2.5730e-01 2.5881e-01 9.0764e-02 6.1818e-01 5.9036e-01 8.2669e-01 1.8258e-01 4.6689e-01 1.4087e-01 2.5243e-01 5.7674e-01 4.6374e-01 4.3612e-01 4.8867e-01 8.1601e-01 3.3929e-01 5.1068e-01 2.6783e-01 4.7981e-01 8.1938e-01 8.1376e-01 4.5581e-01 4.6458e-01 5.7732e-01 5.1400e-01 6.5202e-01 6.3333e-02 4.9587e-01 5.2736e-01 2.1655e-01 7.4681e-02 5.1684e-01 6.3979e-01 1.2862e-01 5.7455e-01 5.0000e-01 4.5719e-01 3.2337e-01 5.9603e-01 4.3523e-01 5.6220e-01 6.7235e-01 5.1500e-01 6.3929e-01
