8.5714e-01 1.0000e+00 0.0000e+00 8.0000e-01 5.0000e-01 0.0000e+00 0.0000e+00 0.0000e+00 8.9594e-01 9.6857e-01
0.0000e+00 0.0000e+00 5.0000e-01 9.9840e-01 5.3846e-01 6.6667e-01 8.8889e-01 0.0000e+00 0.0000e+00 9.6161e-01
9.6129e-01 0.0000e+00 5.0000e-01 0.0000e+00 0.0000e+00 0.0000e+00 9.7115e-01 6.6667e-01 6.9231e-01 0.0000e+00
7.2727e-01 6.6667e-01 0.0000e+00 5.0000e-01 7.1663e-01 9.7915e-01 0.0000e+00 5.0000e-01 0.0000e+00 5.0000e-01
0.0000e+00 0.0000e+00 8.7234e-01 0.0000e+00 0.0000e+00 4.1935e-01 0.0000e+00 0.0000e+00 0.0000e+00 0.0000e+00
5.0000e-01 0.0000e+00 0.0000e+00 0.0000e+00 4.5000e-01 5.4545e-01 9.7038e-01 7.6048e-01 5.0000e-01 0.0000e+00
8.2194e-01 0.0000e+00 0.0000e+00 0.0000e+00 0.0000e+00 5.4651e-01 0.0000e+00 5.0000e-01 0.0000e+00 5.0000e-01
5.0000e-01 9.7193e-01 9.6149e-01 0.0000e+00 0.0000e+00 0.0000e+00 0.0000e+00 5.0000e-01 5.0000e-01 0.0000e+00
5.0000e-01 5.0000e-01 0.0000e+00 0.0000e+00 4.8885e-01 0.0000e+00 0.0000e+00 0.0000e+00 7.3898e-01 5.0000e-01
5.0000e-01 9.9489e-01 0.0000e+00 0.0000e+00 0.0000e+00 0.0000e+00 0.0000e+00 5.0000e-01 0.0000e+00 0.0000e+00
