1.0000e+01 3.0000e+00 8.0000e+00 8.0000e+00 5.0000e+00 3.0000e+01 2.4870e+03 1.1000e+01 8.0000e+00 4.0000e+00 1.6000e+01 2.0000e+00 1.0000e+00 4.0000e+00 7.0000e+00 1.8000e+01 1.0000e+01 4.0000e+00 1.0000e+00 4.0000e+00 9.0000e+00 5.0000e+00 2.0000e+00 5.0000e+00 2.0000e+00 4.0000e+00 1.2000e+01 1.0000e+00 6.0000e+00 1.1000e+01 4.0000e+00 8.0000e+00 9.0000e+00 1.2000e+01 7.0000e+00 1.7000e+01 2.0000e+00 1.5000e+01 8.2000e+02 1.4000e+01 5.0000e+00 3.0000e+00 4.6000e+01 3.0000e+00 6.0000e+00 1.0000e+01 1.0000e+01 1.1000e+01 6.0000e+00 7.0000e+00
8.0000e+00 2.0000e+00 1.0000e+00 1.8000e+01 1.6000e+01 1.2000e+01 4.0000e+00 7.0000e+00 6.0000e+00 1.8000e+01 5.0000e+00 1.3000e+01 5.0000e+00 3.0000e+00 1.0000e+01 1.7000e+01 1.5000e+01 2.0000e+00 2.0000e+00 4.0000e+00 1.7300e+02 1.2000e+01 1.0000e+01 5.0000e+00 1.0000e+01 4.0000e+00 4.0000e+00 7.0000e+00 4.0000e+00 2.1000e+01 7.0000e+00 4.3860e+03 8.0000e+00 2.0000e+00 2.4000e+01 6.0000e+00 3.0000e+00 9.0000e+00 2.7000e+01 3.0000e+00 3.0000e+00 0.0000e+00 1.8000e+01 1.4000e+01 9.4000e+01 8.0000e+00 2.0000e+00 6.0000e+00 2.0000e+00 6.0000e+00
1.0000e+01 1.0000e+00 2.0000e+00 1.0000e+00 4.0000e+00 1.3000e+01 8.0000e+00 2.0000e+00 0.0000e+00 3.0000e+00 6.0000e+00 1.0000e+00 4.0000e+00 6.0000e+00 2.0000e+00 8.0000e+00 1.0000e+00 4.0000e+00 3.0000e+00 1.0000e+00 8.0000e+00 1.1000e+01 0.0000e+00 3.0000e+00 3.0000e+00 9.0000e+00 1.0000e+00 1.0000e+00 3.0000e+00 2.7310e+03 5.0000e+00 4.0000e+00 0.0000e+00 5.0000e+00 3.0000e+00 4.0000e+00 2.0000e+00 3.2000e+01 1.2000e+01 1.0000e+01 1.0000e+00 0.0000e+00 8.0000e+00 9.0000e+00 6.0000e+00 5.0000e+00 1.0000e+00 4.0000e+00 2.0000e+00 3.0000e+00
3.0000e+00 1.0000e+00 1.0000e+00 3.0000e+00 9.0000e+00 1.0000e+00 1.4000e+01 1.0000e+00 5.0000e+00 0.0000e+00 1.0000e+00 6.0000e+00 1.0000e+00 5.0000e+00 3.0000e+00 1.0000e+01 1.0000e+00 3.0000e+00 3.0000e+00 2.0000e+00 1.0000e+00 8.0000e+00 1.9050e+03 3.0000e+00 2.0000e+00 2.0000e+00 6.0000e+00 0.0000e+00 0.0000e+00 6.0700e+02 1.0000e+00 2.0000e+00 0.0000e+00 1.0000e+00 1.1000e+01 4.0000e+00 3.0000e+00 0.0000e+00 1.0000e+01 1.3000e+01 0.0000e+00 0.0000e+00 9.0000e+00 0.0000e+00 4.0000e+00 5.0000e+00 2.0000e+00 6.0000e+00 0.0000e+00 1.0000e+00
6.0000e+00 3.0000e+00 3.0000e+00 4.0000e+00 1.5000e+01 9.0000e+00 2.3000e+01 1.0000e+00 5.0000e+00 5.0000e+00 5.0000e+00 2.0000e+00 2.0000e+00 5.0000e+00 7.0000e+00 1.5000e+01 0.0000e+00 1.0000e+00 5.0000e+00 0.0000e+00 7.0000e+00 3.0000e+00 4.0000e+00 4.0000e+00 3.0000e+00 9.0000e+00 9.5000e+01 5.0000e+00 3.6660e+03 2.0000e+01 1.0000e+00 4.0000e+00 3.0000e+00 2.0000e+00 6.0000e+00 8.0000e+00 0.0000e+00 6.0000e+00 4.8000e+01 7.0000e+00 3.0000e+00 8.0000e+00 1.2000e+01 4.0000e+00 1.3000e+01 1.0000e+01 4.0000e+00 7.0000e+00 4.0000e+00 6.0000e+00
1.2000e+01 2.0000e+00 0.0000e+00 5.0000e+00 3.0000e+00 5.0000e+00 9.0000e+00 1.0000e+00 9.0000e+00 5.0000e+00 9.0000e+00 7.0000e+00 2.0000e+00 0.0000e+00 4.0000e+00 6.0000e+00 1.0000e+00 2.0000e+00 1.0000e+00 2.0000e+00 2.0000e+00 2.0000e+00 6.0000e+00 1.0000e+00 1.0000e+00 6.0000e+00 0.0000e+00 5.0000e+00 3.0000e+00 7.0000e+00 4.0000e+00 4.0000e+00 2.0000e+00 1.0000e+00 7.0000e+00 1.0000e+01 0.0000e+00 1.0000e+00 2.2000e+01 2.9960e+03 0.0000e+00 0.0000e+00 1.1000e+01 4.0000e+00 1.5000e+01 4.0000e+00 1.1000e+01 7.0000e+00 1.0000e+00 1.0000e+00
1.3000e+01 2.0000e+00 9.0000e+00 2.0000e+00 0.0000e+00 5.0000e+00 1.0000e+01 0.0000e+00 1.0000e+00 0.0000e+00 8.0000e+00 0.0000e+00 1.0000e+00 2.0000e+00 0.0000e+00 2.0000e+00 0.0000e+00 0.0000e+00 0.0000e+00 1.0000e+00 2.0000e+00 0.0000e+00 1.0000e+00 1.0000e+00 0.0000e+00 3.0000e+00 0.0000e+00 3.0000e+00 0.0000e+00 7.0000e+00 2.0000e+00 0.0000e+00 0.0000e+00 8.0000e+00 0.0000e+00 3.0000e+00 0.0000e+00 7.0000e+00 0.0000e+00 2.0000e+00 1.0000e+00 0.0000e+00 2.0000e+00 0.0000e+00 0.0000e+00 2.4860e+03 3.0000e+00 2.0000e+00 1.0000e+00 5.0000e+00
2.0000e+00 1.0000e+00 1.0000e+00 1.0000e+00 2.0000e+00 4.0000e+00 3.0000e+00 2.0000e+00 3.0000e+00 2.0000e+00 6.0000e+00 3.0000e+00 2.0000e+00 0.0000e+00 0.0000e+00 4.0000e+00 1.0000e+00 6.0000e+00 1.0000e+00 1.0000e+00 1.0000e+00 2.0000e+00 7.0000e+00 1.0000e+00 0.0000e+00 0.0000e+00 1.0000e+00 4.0000e+00 3.0000e+00 1.0000e+01 2.0000e+00 3.0000e+00 0.0000e+00 2.0000e+00 0.0000e+00 6.0000e+00 1.0000e+00 6.0000e+00 1.1000e+01 2.0000e+00 2.0000e+00 1.0000e+00 4.0000e+00 2.0000e+00 1.0000e+00 2.0000e+00 2.0000e+00 3.0000e+00 0.0000e+00 1.0000e+00
1.0000e+00 7.0000e+00 2.0000e+00 4.0000e+00 5.0000e+00 1.0000e+00 2.0000e+01 3.0000e+00 5.0000e+00 2.0000e+00 1.0000e+00 6.0000e+00 0.0000e+00 0.0000e+00 2.0000e+00 9.0000e+00 2.0000e+00 4.0000e+00 8.0000e+00 1.0000e+00 3.0000e+00 3.0000e+00 0.0000e+00 4.0000e+00 1.0000e+00 3.0000e+00 1.0000e+00 0.0000e+00 1.0000e+00 5.0000e+00 0.0000e+00 2.0000e+00 6.0000e+00 4.0000e+00 8.0000e+00 6.0000e+00 3.0000e+00 9.0000e+00 2.0000e+00 2.0000e+00 1.0000e+00 2.0000e+00 4.0000e+00 5.0000e+00 1.2000e+01 2.0000e+00 5.0000e+00 4.0000e+00 0.0000e+00 2.0000e+00
1.0000e+00 4.0000e+00 3.0000e+00 9.0000e+00 2.6060e+03 1.1000e+01 7.0000e+00 3.0000e+00 6.0000e+00 7.0000e+00 4.0000e+00 1.0000e+00 4.0000e+00 4.0000e+00 6.0000e+00 1.1000e+01 4.0000e+00 2.0000e+00 4.0000e+00 7.0000e+00 4.0000e+00 6.0000e+00 6.0000e+00 5.0000e+00 2.0000e+00 6.0000e+00 4.0000e+00 1.0000e+00 4.0000e+00 8.0000e+00 4.0000e+00 3.0000e+00 4.0000e+00 2.0000e+00 8.0000e+00 4.0000e+00 3.0000e+00 9.0000e+00 1.3000e+01 3.0000e+00 3.0000e+00 2.0000e+00 7.0000e+00 2.0000e+00 5.0000e+00 5.0000e+00 8.0000e+00 2.0000e+00 2.0000e+00 4.0000e+00
3.0000e+01 5.0000e+00 7.0000e+00 1.8000e+01 6.0000e+00 8.0000e+00 1.7000e+01 1.0000e+00 1.1000e+01 8.0000e+00 7.0000e+00 6.0000e+00 1.0000e+00 1.1000e+01 2.1000e+01 1.4000e+01 1.0000e+01 1.2000e+01 1.2000e+01 0.0000e+00 2.0000e+01 2.1000e+01 1.2000e+01 1.3820e+03 1.4000e+01 1.0000e+01 2.3000e+01 6.0000e+00 1.0000e+00 1.4000e+01 1.7000e+01 1.5000e+01 1.2000e+01 2.0000e+01 8.0000e+00 2.5000e+01 5.0000e+00 1.3000e+01 1.8000e+01 1.7000e+01 0.0000e+00 3.9330e+03 1.4000e+01 1.8000e+01 1.4000e+01 1.0000e+01 1.1000e+01 2.0000e+01 1.1000e+01 9.0000e+00
8.0000e+00 2.0000e+00 0.0000e+00 2.0000e+00 4.0000e+00 2.9850e+03 1.2000e+01 2.0000e+00 0.0000e+00 3.0000e+00 4.0000e+00 7.0000e+00 2.0000e+00 0.0000e+00 5.0000e+00 7.7000e+01 1.0000e+00 1.0000e+00 2.0000e+00 3.0000e+00 6.0000e+00 1.0000e+00 7.0000e+00 2.0000e+00 4.0000e+00 6.0000e+00 1.0000e+01 3.0000e+00 4.0000e+00 8.0000e+00 9.0000e+00 3.0000e+00 0.0000e+00 0.0000e+00 1.4000e+01 4.0000e+00 0.0000e+00 1.4000e+01 1.5000e+01 3.0000e+00 0.0000e+00 8.0000e+00 3.0000e+00 1.0000e+00 0.0000e+00 3.0000e+00 4.0000e+00 4.0000e+00 1.3000e+01 0.0000e+00
1.6000e+01 1.8000e+01 2.1000e+01 1.0000e+01 1.6000e+01 1.8000e+01 1.5000e+01 1.2900e+03 1.7000e+01 2.0000e+01 1.3000e+01 2.4000e+01 2.0000e+01 1.6000e+01 9.0000e+00 1.3000e+01 1.8000e+01 1.2000e+01 2.7900e+02 3.8550e+03 1.0000e+01 1.6000e+01 1.7000e+01 2.0000e+01 1.9000e+01 2.6000e+01 9.0000e+00 1.3000e+01 2.0000e+01 1.0000e+01 2.2000e+01 2.1000e+01 1.6000e+01 8.0000e+00 1.7000e+01 1.5000e+01 1.7000e+01 1.6000e+01 1.8000e+01 1.5000e+01 1.8000e+01 3.7000e+01 6.0000e+00 1.9000e+01 1.2000e+01 1.3000e+01 2.4000e+01 1.2000e+01 1.9000e+01 1.9000e+01
5.0000e+00 1.0000e+00 2.0000e+00 1.5000e+01 6.0000e+00 8.0000e+00 3.0000e+00 4.0000e+00 4.0000e+00 8.0000e+00 6.0000e+00 2.0000e+00 1.0000e+00 2.0000e+00 1.2000e+01 8.0000e+00 2.0000e+00 4.0000e+00 3.0000e+00 3.0000e+00 4.0000e+00 2.7630e+03 8.0000e+00 1.2000e+01 1.2000e+01 5.0000e+00 2.0000e+00 4.0000e+00 2.0000e+00 1.4000e+01 5.0000e+00 4.0000e+00 8.0000e+00 1.0000e+00 1.0000e+01 3.0000e+00 3.0000e+00 2.2000e+01 1.2000e+01 2.4000e+01 1.0000e+00 3.0000e+00 3.7500e+02 3.0000e+00 7.0000e+00 2.9000e+01 7.0000e+00 1.2000e+01 5.0000e+00 5.0000e+00
7.0000e+00 2.0000e+00 1.0000e+01 9.0000e+00 1.1000e+01 6.0000e+00 1.4000e+01 4.0000e+00 8.0000e+00 2.0000e+00 8.0000e+00 3.0000e+00 8.0000e+00 5.0000e+00 3.0000e+00 6.0000e+00 6.0000e+00 4.0000e+00 5.0000e+00 8.0000e+00 3.0000e+00 4.0000e+00 9.0000e+00 7.0000e+00 2.0000e+00 8.0000e+00 5.0000e+00 9.0000e+00 5.0000e+00 7.0000e+00 7.0000e+00 5.0000e+00 4.0000e+00 4.0000e+00 6.0000e+00 4.0000e+00 1.0000e+00 1.7000e+01 1.7000e+01 8.0000e+00 6.0000e+00 6.0000e+00 1.0000e+01 1.3000e+01 1.4000e+01 8.0000e+00 4.4300e+02 7.0000e+00 2.8040e+03 2.0000e+00
2.0000e+00 1.0000e+00 2.0000e+00 2.0000e+00 6.0000e+00 2.0000e+00 2.3000e+01 3.0000e+00 1.0000e+00 2.0000e+00 3.0000e+00 3.0000e+00 0.0000e+00 1.0000e+00 1.4000e+01 7.0000e+00 4.0000e+00 1.0000e+00 1.0000e+00 8.0000e+00 7.0000e+00 5.0000e+00 2.0000e+00 8.0000e+00 2.0000e+00 0.0000e+00 1.0000e+00 4.0000e+00 3.0000e+00 1.0000e+00 1.0000e+00 2.0000e+00 1.0000e+00 1.5000e+01 2.4000e+01 9.0000e+00 1.0000e+00 2.0000e+01 1.3000e+01 1.0000e+00 0.0000e+00 0.0000e+00 1.6000e+01 0.0000e+00 2.0000e+01 1.0000e+00 3.0000e+00 3.4110e+03 1.0000e+00 2.0000e+00
1.0000e+00 2.0000e+00 3.0000e+00 1.0000e+00 2.0000e+00 1.0000e+00 2.0000e+00 1.0000e+00 0.0000e+00 1.0000e+00 2.4120e+03 3.0000e+00 4.0000e+00 6.0000e+00 6.0000e+00 0.0000e+00 2.0000e+00 0.0000e+00 4.0000e+00 3.0000e+00 3.0000e+00 1.0000e+00 1.0000e+00 2.0000e+00 2.0000e+00 5.0000e+00 0.0000e+00 9.0000e+00 3.0000e+00 4.0000e+00 2.0000e+00 2.0000e+00 2.0000e+00 4.0000e+00 3.0000e+00 2.0000e+00 2.0000e+00 0.0000e+00 2.0000e+00 0.0000e+00 0.0000e+00 0.0000e+00 0.0000e+00 1.0000e+00 0.0000e+00 4.0000e+00 2.0000e+00 1.0000e+00 5.0000e+00 4.0000e+00
1.8000e+01 2.9570e+03 4.0000e+00 1.7000e+01 2.9000e+01 1.6000e+01 8.0000e+00 2.4260e+03 9.0000e+00 0.0000e+00 1.9000e+01 9.0000e+00 1.3000e+01 1.4100e+02 5.0000e+00 2.6000e+01 1.3000e+01 3.0000e+00 8.0000e+00 0.0000e+00 6.0000e+00 3.0000e+00 0.0000e+00 5.0000e+00 1.8600e+02 1.3000e+01 9.0000e+00 1.0000e+01 6.0000e+00 7.0000e+00 0.0000e+00 1.4000e+01 0.0000e+00 5.0000e+00 7.0000e+00 1.5000e+01 2.1000e+01 0.0000e+00 1.8000e+01 3.0000e+00 0.0000e+00 1.0000e+00 1.3000e+01 0.0000e+00 2.5000e+01 9.0000e+00 0.0000e+00 2.1000e+01 1.0000e+01 1.2000e+01
9.0000e+00 2.0000e+00 0.0000e+00 9.0000e+00 4.0000e+00 2.0000e+00 3.0000e+00 0.0000e+00 1.0000e+00 0.0000e+00 1.0000e+01 1.0000e+00 0.0000e+00 1.0000e+00 4.0000e+00 9.0000e+00 2.0000e+00 0.0000e+00 0.0000e+00 2.0000e+00 4.0000e+00 3.0000e+00 0.0000e+00 4.0000e+00 0.0000e+00 4.0000e+00 0.0000e+00 0.0000e+00 2.0000e+00 1.0000e+01 1.0000e+00 0.0000e+00 2.0000e+00 0.0000e+00 8.0000e+00 1.0000e+00 0.0000e+00 2.0000e+00 1.3000e+01 3.0000e+00 2.0000e+00 1.0000e+00 9.0000e+00 0.0000e+00 2.0000e+00 5.0000e+00 4.0000e+00 2.0000e+00 0.0000e+00 1.0000e+00
5.0000e+00 0.0000e+00 1.0000e+00 4.0000e+00 9.0000e+00 3.0000e+00 2.0000e+00 5.0000e+00 0.0000e+00 1.0000e+00 9.0000e+00 5.0000e+00 2.0000e+00 1.0000e+00 8.0000e+00 3.0000e+00 0.0000e+00 0.0000e+00 1.0000e+00 2.0000e+00 1.0000e+00 0.0000e+00 0.0000e+00 3.0000e+00 2.0000e+00 2.0000e+00 3.0000e+00 0.0000e+00 4.0000e+00 4.0000e+00 2.0000e+00 1.0000e+00 0.0000e+00 2.0000e+00 2.0000e+00 3.0000e+00 1.0000e+00 3.0000e+00 3.0000e+00 5.0000e+00 0.0000e+00 2.0000e+00 2.0000e+00 5.0000e+00 1.0000e+00 0.0000e+00 2.0000e+00 4.0000e+00 0.0000e+00 0.0000e+00
1.5000e+01 2.0000e+00 3.0000e+00 5.0000e+00 5.0000e+00 2.3000e+01 1.3000e+01 0.0000e+00 2.0000e+00 0.0000e+00 1.7000e+01 1.0000e+00 0.0000e+00 7.0000e+00 0.0000e+00 7.9000e+01 0.0000e+00 6.0000e+00 5.0000e+00 0.0000e+00 9.0000e+00 6.0000e+00 0.0000e+00 0.0000e+00 6.0000e+00 3.0000e+00 0.0000e+00 2.0000e+00 1.0000e+00 4.0000e+00 3.0000e+00 3.0000e+00 1.0000e+00 0.0000e+00 5.0000e+00 3.0000e+00 8.0000e+00 1.0000e+01 3.0000e+00 0.0000e+00 4.0000e+00 3.0000e+00 9.0000e+00 9.0000e+00 2.0000e+00 9.0000e+00 1.3000e+01 2.0000e+00 4.0000e+00 3.5970e+03
1.1000e+01 0.0000e+00 2.0000e+00 1.3000e+01 8.0000e+00 4.0000e+00 1.4000e+01 4.0000e+00 5.0000e+00 4.0000e+00 3.0000e+00 2.0000e+00 1.0000e+00 2.0000e+00 6.0000e+00 1.3000e+01 3.0000e+00 6.0000e+00 1.0000e+00 6.0000e+00 0.0000e+00 5.0000e+00 9.0000e+00 7.0000e+00 5.0000e+00 2.0000e+00 6.0000e+00 5.0000e+00 5.0000e+00 3.0000e+00 3.0000e+00 3.0000e+00 3.0000e+00 4.8540e+03 1.2000e+01 5.0000e+00 2.0000e+00 9.0000e+00 1.7000e+01 4.0000e+00 6.0000e+00 4.0000e+00 7.0000e+00 3.0000e+00 1.0000e+01 4.0000e+00 3.0000e+00 8.0000e+00 2.0000e+00 1.0000e+00
5.0000e+00 3.0000e+00 4.0000e+00 1.3000e+01 1.3000e+01 1.0000e+01 1.2000e+01 6.0000e+00 6.0000e+00 7.0000e+00 4.0000e+00 2.0000e+00 1.0000e+00 7.0000e+00 8.0000e+00 1.2000e+01 2.4720e+03 5.0000e+00 2.0000e+00 5.0000e+00 3.0000e+00 8.0000e+00 7.0000e+00 1.7000e+01 6.0000e+00 8.0000e+00 6.0000e+00 6.0000e+00 8.0000e+00 2.4000e+01 7.0000e+00 1.4000e+01 1.7220e+03 4.0000e+00 2.1000e+01 1.1000e+01 1.0000e+00 1.9000e+01 4.0000e+00 1.4000e+01 5.0000e+00 3.0000e+00 7.0000e+00 3.0000e+00 1.0000e+01 3.0000e+00 2.0000e+00 7.0000e+00 5.0000e+00 2.0000e+00
1.0000e+00 1.0000e+00 0.0000e+00 1.0000e+00 1.0000e+00 1.5000e+01 8.0000e+00 7.0000e+00 7.0000e+00 0.0000e+00 1.2000e+01 0.0000e+00 0.0000e+00 1.0000e+00 1.4000e+01 2.0000e+00 9.0000e+00 0.0000e+00 2.0000e+00 5.0000e+00 1.1000e+01 4.2600e+02 1.2000e+01 0.0000e+00 4.0000e+00 3.3690e+03 1.2000e+02 1.1000e+01 0.0000e+00 4.0000e+00 1.8000e+01 0.0000e+00 0.0000e+00 0.0000e+00 1.2000e+01 1.6000e+01 3.0000e+00 1.0000e+00 2.4000e+01 3.0000e+00 0.0000e+00 0.0000e+00 3.0000e+00 0.0000e+00 6.0000e+00 1.0000e+00 1.3000e+01 8.0000e+00 1.0000e+01 5.0000e+00
5.0000e+00 3.0000e+00 7.0000e+00 0.0000e+00 1.9000e+01 1.0000e+00 9.0000e+00 0.0000e+00 1.0000e+00 1.3000e+01 2.0000e+00 1.1000e+01 1.0000e+00 3.0000e+00 7.0000e+00 1.5000e+01 3.0000e+00 2.0000e+00 5.0000e+00 0.0000e+00 0.0000e+00 2.0000e+00 2.0000e+00 7.0000e+00 5.0000e+00 8.0000e+00 9.0000e+00 1.7000e+01 2.0000e+00 1.0000e+00 2.0000e+00 9.0000e+00 5.0000e+00 2.0000e+00 1.4000e+01 3.0000e+00 0.0000e+00 2.0000e+01 2.8000e+01 2.0000e+00 2.0000e+00 3.0000e+00 1.0000e+01 2.0000e+00 4.7920e+03 2.0000e+00 5.0000e+00 2.0000e+00 0.0000e+00 0.0000e+00
2.6300e+02 0.0000e+00 5.0000e+00 1.2000e+01 2.3000e+01 1.3000e+01 2.4000e+01 4.0000e+00 5.0000e+00 1.1000e+01 5.0000e+00 3.0520e+03 1.0000e+01 4.0000e+00 8.0000e+00 1.2000e+01 6.0000e+00 1.0000e+00 1.0000e+00 6.0000e+00 9.0000e+00 6.0000e+00 1.1000e+01 8.6800e+02 1.1000e+01 1.3000e+01 5.0000e+00 4.0000e+00 8.0000e+00 1.1000e+01 2.0000e+00 7.0000e+00 5.0000e+00 1.4000e+01 1.4000e+01 5.0000e+00 4.0000e+00 2.5000e+01 9.0000e+00 1.7000e+01 7.0000e+00 2.0000e+00 1.7000e+01 1.5000e+01 1.5000e+01 1.7000e+01 8.0000e+00 1.6000e+01 8.0000e+00 6.0000e+00
6.0000e+00 2.0000e+00 0.0000e+00 0.0000e+00 7.0000e+00 8.0000e+00 1.5100e+03 2.0000e+00 4.0000e+00 0.0000e+00 7.0000e+00 6.0000e+00 6.0000e+00 0.0000e+00 9.0000e+00 1.2000e+01 0.0000e+00 2.0000e+00 2.0000e+00 2.0000e+00 2.0000e+00 2.0000e+00 0.0000e+00 5.0000e+00 2.0000e+00 4.0000e+00 0.0000e+00 0.0000e+00 7.0000e+00 6.0000e+00 1.0000e+00 2.0000e+00 0.0000e+00 3.0000e+00 3.8800e+02 6.6300e+02 0.0000e+00 1.6000e+01 6.0000e+00 0.0000e+00 0.0000e+00 3.0000e+00 6.0000e+00 4.0000e+00 0.0000e+00 4.0000e+00 5.0000e+00 5.0000e+00 3.0000e+00 0.0000e+00
5.0000e+00 0.0000e+00 2.0000e+00 1.0000e+00 1.0000e+00 3.0000e+00 5.0000e+00 2.0000e+00 1.0000e+00 2.0000e+00 0.0000e+00 1.0000e+00 0.0000e+00 2.0000e+00 0.0000e+00 0.0000e+00 1.0000e+00 0.0000e+00 1.0000e+00 3.0000e+00 0.0000e+00 1.0000e+00 0.0000e+00 3.0000e+00 1.0000e+00 2.0000e+00 0.0000e+00 0.0000e+00 0.0000e+00 3.0000e+00 3.0000e+00 6.0000e+00 0.0000e+00 0.0000e+00 3.0000e+00 0.0000e+00 0.0000e+00 1.0000e+00 1.1000e+01 0.0000e+00 3.0000e+00 2.0000e+00 1.0000e+01 5.0000e+00 4.0000e+00 1.2000e+01 2.0000e+00 6.0000e+00 1.0000e+00 0.0000e+00
1.3000e+01 3.0000e+00 3.5000e+01 1.0000e+01 1.1000e+01 5.0000e+00 2.8000e+01 7.0000e+00 5.0000e+00 1.5000e+01 1.2000e+01 9.0000e+00 3.0000e+00 9.0000e+00 8.0000e+00 1.4000e+01 4.0000e+00 1.2000e+01 4.0000e+00 1.0000e+01 1.5000e+01 1.4000e+01 8.0000e+00 6.0000e+00 2.4420e+03 1.3000e+01 7.0000e+00 7.0000e+00 5.0000e+00 1.3000e+01 1.4000e+01 7.0000e+00 8.0000e+00 1.1000e+01 1.2000e+01 8.0000e+00 4.0000e+00 1.8000e+01 1.4000e+01 1.3000e+01 5.0000e+00 9.0000e+00 1.3000e+01 1.0000e+01 1.7000e+01 1.3000e+01 9.2400e+02 1.1000e+01 4.0000e+00 1.0000e+01
2.0000e+00 3.0000e+00 2.0000e+00 3.0000e+00 6.0000e+00 1.1000e+01 2.3000e+01 7.0000e+00 7.0000e+00 3.0000e+00 2.1000e+01 8.0000e+00 2.0000e+00 3.0000e+00 1.4000e+01 7.0000e+00 5.0000e+00 4.0000e+00 2.0000e+00 1.0000e+00 8.0000e+00 7.0000e+00 1.0000e+00 8.0000e+00 2.0000e+00 3.0000e+00 1.5000e+01 1.0000e+00 7.0000e+00 1.0000e+01 1.0000e+00 7.0000e+00 3.0000e+00 2.0000e+00 2.9880e+03 9.0000e+00 1.0000e+00 5.0000e+00 1.8000e+01 4.0000e+00 3.0000e+00 6.0000e+00 1.0000e+01 7.0000e+00 1.1000e+01 6.0000e+00 1.1000e+01 7.0000e+00 2.0000e+00 6.0000e+00
3.0000e+00 3.0000e+00 1.0000e+00 6.0000e+00 7.0000e+00 7.0000e+00 2.6000e+01 2.0000e+00 3.0000e+00 1.6000e+01 1.1900e+02 4.0000e+00 4.0000e+00 4.0000e+00 2.4000e+01 2.3000e+01 4.0000e+00 4.0000e+00 4.0000e+00 5.0000e+00 3.1080e+03 2.0000e+00 2.0000e+00 3.0000e+00 1.7000e+01 8.0000e+00 5.0000e+00 2.0000e+00 5.0000e+00 2.3000e+01 4.0000e+00 1.0000e+01 1.6000e+01 2.0000e+00 1.7000e+01 1.9300e+02 1.0000e+00 1.7000e+01 2.0000e+01 5.0000e+00 2.0000e+00 6.0000e+00 2.7000e+01 9.0000e+00 8.0000e+00 7.0000e+00 1.2130e+03 3.1000e+01 1.0000e+00 6.0000e+00
1.1000e+01 9.0000e+00 9.0000e+00 9.0000e+00 7.0000e+00 6.0000e+00 1.5000e+01 6.0000e+00 7.0000e+00 9.0000e+00 6.0000e+00 6.0000e+00 1.0000e+01 7.0000e+00 4.0400e+02 9.7100e+02 1.0000e+00 4.0000e+00 3.0000e+00 2.0000e+00 7.0000e+00 5.0000e+00 1.0000e+00 2.0000e+00 1.2000e+01 1.5000e+01 6.0000e+00 1.1000e+01 7.0000e+00 2.3000e+01 5.0000e+00 7.0000e+00 4.0000e+00 1.5000e+01 2.2000e+01 1.5000e+01 1.0000e+00 2.8000e+01 2.2000e+01 1.0000e+01 5.0000e+00 4.0000e+00 2.2930e+03 8.0000e+00 1.0000e+01 6.0000e+00 2.8000e+01 1.4000e+01 3.0000e+00 9.0000e+00
4.0000e+00 2.0000e+00 2.0000e+00 1.3000e+01 7.0000e+00 7.0000e+00 9.0000e+00 2.0000e+00 2.0000e+00 3.0000e+00 4.0000e+00 7.0000e+00 5.0000e+00 4.0000e+00 6.0000e+00 2.7000e+01 2.0000e+00 1.0000e+00 1.0000e+00 0.0000e+00 3.0000e+00 1.0000e+00 4.0000e+00 2.0000e+00 0.0000e+00 7.0000e+00 8.0000e+00 4.0000e+00 4.0000e+00 1.4000e+01 2.0000e+00 3.0000e+00 0.0000e+00 3.0000e+00 1.2000e+01 4.0000e+00 2.0000e+00 4.0000e+00 3.1760e+03 5.0000e+00 2.0000e+00 1.2000e+01 6.0000e+00 1.0000e+00 1.2000e+01 5.0000e+00 4.0000e+00 5.0000e+00 2.0000e+00 3.0000e+00
1.4000e+01 1.2000e+01 1.6000e+01 1.4000e+01 1.3000e+01 1.3000e+01 1.9000e+01 2.4000e+01 1.8000e+01 1.3000e+01 1.5000e+01 1.6000e+01 3.7860e+03 2.1380e+03 1.6000e+01 2.0000e+01 5.0000e+00 2.0000e+01 1.5000e+01 1.3000e+01 1.4000e+01 1.0000e+01 9.0000e+00 2.2000e+01 9.0000e+00 1.8000e+01 1.4000e+01 2.0000e+01 1.1000e+01 1.9000e+01 1.5000e+01 9.0000e+00 1.7000e+01 1.3000e+01 1.9000e+01 1.6000e+01 2.2000e+01 1.3000e+01 1.4000e+01 1.1000e+01 1.0000e+01 7.0000e+00 2.8000e+01 2.3000e+01 1.2000e+01 2.2000e+01 1.3000e+01 1.9000e+01 1.4000e+01 1.5000e+01
2.0000e+00 0.0000e+00 0.0000e+00 8.0000e+00 0.0000e+00 2.0000e+00 8.0000e+00 2.0000e+00 4.0000e+00 7.0000e+00 1.0000e+00 5.0000e+00 0.0000e+00 0.0000e+00 6.0000e+00 5.0000e+00 0.0000e+00 0.0000e+00 0.0000e+00 0.0000e+00 3.0000e+00 4.0000e+00 0.0000e+00 1.0000e+00 0.0000e+00 2.0000e+00 0.0000e+00 3.0000e+00 0.0000e+00 0.0000e+00 5.0000e+00 1.0000e+00 4.0000e+00 0.0000e+00 1.5000e+01 1.0000e+00 0.0000e+00 0.0000e+00 0.0000e+00 1.0000e+00 0.0000e+00 0.0000e+00 8.0000e+00 6.3000e+01 5.0000e+00 4.0000e+00 3.0000e+00 2.0000e+00 2.0000e+00 1.0000e+00
1.5000e+01 1.7000e+01 2.0000e+01 2.4000e+01 2.8000e+01 3.2000e+01 1.5000e+01 1.9000e+01 2.0000e+01 1.9000e+01 3.0000e+01 3.0000e+01 1.5000e+01 1.8000e+01 2.6000e+01 2.0000e+01 2.7000e+01 2.4000e+01 4.4330e+03 1.9000e+01 1.6000e+01 1.7000e+01 2.1000e+01 2.2000e+01 2.0000e+01 2.8000e+01 1.3000e+01 1.9310e+03 2.7000e+01 2.7000e+01 2.1000e+01 1.9000e+01 1.6000e+01 2.0000e+01 3.3000e+01 2.3000e+01 2.4000e+01 1.9000e+01 2.2000e+01 1.2000e+01 4.8900e+02 1.9000e+01 2.3000e+01 1.2000e+01 1.5000e+01 1.9000e+01 1.6000e+01 1.6000e+01 1.7000e+01 3.0000e+01
5.0000e+00 0.0000e+00 0.0000e+00 4.0000e+00 0.0000e+00 1.0000e+01 4.0000e+00 3.0000e+00 1.0000e+00 4.5000e+01 4.0000e+00 0.0000e+00 4.0000e+00 0.0000e+00 2.1890e+03 2.0000e+00 4.0000e+00 1.7000e+01 3.0000e+00 6.0000e+00 6.0000e+00 1.0000e+00 0.0000e+00 1.1000e+01 2.0000e+00 2.0000e+00 5.0000e+00 0.0000e+00 0.0000e+00 4.0000e+00 0.0000e+00 3.0000e+00 4.3200e+02 1.0000e+00 6.0000e+00 6.0000e+00 4.0000e+00 3.0000e+00 1.2000e+01 8.0000e+00 0.0000e+00 7.0000e+00 9.0000e+00 4.0000e+00 1.3000e+01 2.0000e+00 7.0000e+00 5.0000e+00 0.0000e+00 1.0000e+01
2.0000e+00 1.0000e+00 7.0000e+00 1.4000e+01 5.0000e+00 2.2000e+01 1.9000e+01 1.1000e+01 2.0000e+00 3.0000e+00 1.5000e+01 7.0000e+00 4.0000e+00 3.0000e+00 9.0000e+00 1.2000e+01 0.0000e+00 2.0000e+00 8.0000e+00 4.0000e+00 7.0000e+00 9.0000e+00 3.0000e+00 1.1170e+03 1.3000e+01 5.0000e+00 6.0000e+00 1.0000e+00 1.1000e+01 7.0000e+00 2.0000e+00 1.0000e+01 7.0000e+00 1.0000e+00 1.5000e+01 1.1000e+01 1.8600e+03 1.1000e+01 2.7000e+01 1.5000e+01 1.0000e+00 7.0000e+00 6.4800e+02 5.0000e+00 9.0000e+00 4.0000e+00 4.0000e+00 7.0000e+00 6.0000e+00 1.3000e+01
2.0000e+01 1.1810e+03 4.0080e+03 1.7000e+01 2.0000e+00 1.7000e+01 1.9000e+01 1.0000e+01 1.5000e+01 2.3000e+01 1.0000e+00 2.7000e+01 2.6000e+01 1.2430e+03 2.0000e+00 2.1000e+01 6.0000e+00 2.7000e+01 7.0000e+00 1.4000e+01 4.0000e+00 4.0000e+00 1.2000e+01 1.5000e+01 2.3000e+01 1.2000e+01 1.9000e+01 1.6000e+01 1.2000e+01 2.0000e+01 5.0000e+00 1.4000e+01 2.0000e+00 2.5000e+01 1.7000e+01 3.8000e+01 3.0000e+00 1.6000e+01 1.6000e+01 1.0000e+00 1.4000e+01 1.4000e+01 2.5000e+01 7.0000e+00 1.4000e+01 2.0000e+00 1.7000e+01 1.6000e+01 7.0000e+00 2.2000e+01
1.7000e+01 1.5000e+01 3.1000e+01 2.2000e+01 3.3000e+01 2.3000e+01 1.8000e+01 2.6000e+01 2.3000e+01 9.0000e+00 2.1000e+01 2.3000e+01 1.9000e+01 2.6000e+01 1.8000e+01 1.4000e+01 2.3000e+01 2.1000e+01 1.8000e+01 1.2000e+01 1.2000e+01 1.3000e+01 1.6000e+01 1.6000e+01 2.1000e+01 2.1000e+01 1.6000e+01 1.8250e+03 2.7000e+01 2.3000e+01 4.8320e+03 2.2000e+01 1.5000e+01 1.9000e+01 1.4000e+01 1.1000e+01 1.2000e+01 2.2000e+01 2.0000e+01 1.5000e+01 2.5000e+01 2.0000e+01 2.5000e+01 1.8000e+01 2.3000e+01 1.6000e+01 2.0000e+01 2.1000e+01 1.9000e+01 1.2000e+01
3.0450e+03 1.0000e+00 5.0000e+00 2.0000e+00 7.0000e+00 2.0000e+00 3.0000e+00 2.0000e+00 2.0000e+00 6.0000e+00 7.0000e+00 1.0000e+00 2.0000e+00 2.0000e+00 7.0000e+00 2.0000e+00 1.0000e+00 3.0000e+00 1.0000e+01 2.0000e+00 4.2000e+01 4.0000e+00 1.0000e+01 0.0000e+00 1.0000e+01 1.4000e+01 2.0000e+00 1.0000e+00 6.0000e+00 8.0000e+00 8.0000e+00 2.0000e+00 2.0000e+00 1.0000e+00 7.0000e+00 8.0000e+00 3.0000e+00 2.0000e+00 1.0000e+00 1.0000e+00 0.0000e+00 7.0000e+00 8.0000e+00 2.0000e+00 1.8000e+01 2.2000e+01 1.1000e+01 1.5000e+01 8.0000e+00 9.0000e+00
1.2000e+01 2.9000e+01 2.2000e+01 2.1000e+01 2.2000e+01 2.8000e+01 2.9000e+01 2.7000e+01 4.4610e+03 1.9000e+01 2.5000e+01 2.9000e+01 3.7000e+01 1.8000e+01 3.0000e+01 2.6000e+01 8.0000e+00 1.4000e+01 2.6000e+01 2.6000e+01 1.8000e+01 2.1000e+01 2.1000e+01 2.5000e+01 2.3000e+01 2.4000e+01 2.3000e+01 7.9000e+01 2.0000e+01 2.3000e+01 1.9000e+01 2.1000e+01 2.1000e+01 2.7000e+01 2.3000e+01 3.2000e+01 3.4000e+01 1.7000e+01 2.1000e+01 1.8000e+01 2.8270e+03 1.9000e+01 2.5000e+01 2.1000e+01 1.8000e+01 3.2000e+01 2.4000e+01 2.9000e+01 1.8000e+01 1.9000e+01
0.0000e+00 0.0000e+00 1.0000e+00 0.0000e+00 5.0000e+00 3.0000e+00 5.0000e+00 2.0000e+00 1.0000e+00 5.0000e+00 0.0000e+00 4.0000e+00 0.0000e+00 0.0000e+00 1.0000e+00 7.0000e+00 7.0000e+00 0.0000e+00 0.0000e+00 2.0000e+00 6.0000e+00 5.0000e+00 1.0000e+00 1.0000e+00 0.0000e+00 1.0000e+00 5.0000e+00 5.0000e+00 5.0000e+00 1.1000e+01 0.0000e+00 8.0000e+00 0.0000e+00 0.0000e+00 1.0000e+00 5.0000e+00 0.0000e+00 0.0000e+00 6.0000e+00 0.0000e+00 0.0000e+00 0.0000e+00 4.0000e+00 0.0000e+00 1.0000e+01 3.0000e+00 0.0000e+00 1.0000e+00 0.0000e+00 2.0000e+00
0.0000e+00 2.0000e+00 2.0000e+00 5.0000e+00 2.0000e+00 3.0000e+00 1.8000e+01 3.0000e+00 1.0000e+00 6.0000e+00 8.0000e+00 2.0000e+00 0.0000e+00 5.0000e+00 4.0000e+00 1.1000e+01 2.0000e+00 1.4230e+03 0.0000e+00 0.0000e+00 0.0000e+00 1.0000e+00 8.0000e+00 2.0000e+00 3.0000e+00 4.0000e+00 5.0000e+00 0.0000e+00 2.0000e+00 4.0000e+00 7.0000e+00 4.0000e+00 0.0000e+00 0.0000e+00 5.0000e+00 3.0000e+00 1.0000e+00 8.0000e+00 2.0000e+00 7.9000e+02 0.0000e+00 3.0000e+00 3.0000e+00 0.0000e+00 5.0000e+00 5.0000e+00 3.0000e+00 9.0000e+00 3.0000e+00 1.0000e+00
1.3000e+01 0.0000e+00 3.0000e+00 1.1000e+01 8.0000e+00 8.0000e+00 1.2000e+01 3.0000e+00 4.0000e+00 2.0000e+00 5.0000e+00 8.0000e+00 1.0000e+00 4.0000e+00 1.4000e+01 2.0620e+03 2.0000e+00 5.0000e+00 2.0000e+00 0.0000e+00 7.0000e+00 4.0000e+00 1.0000e+00 3.0000e+00 5.0000e+00 3.0000e+00 4.0000e+00 3.0000e+00 1.2000e+01 1.7000e+01 3.0000e+00 1.2000e+01 7.0000e+00 6.0000e+00 1.2000e+01 8.9000e+02 3.0000e+00 1.1000e+01 2.2000e+01 1.2000e+01 4.0000e+00 3.0000e+00 8.0000e+00 2.0000e+00 6.0000e+00 7.0000e+00 3.0000e+00 7.0000e+00 1.0000e+00 4.0000e+00
1.0000e+00 1.0000e+00 8.0000e+00 8.0000e+00 1.3000e+01 1.1000e+01 1.0000e+01 1.0000e+00 6.0000e+00 4.0000e+00 6.0000e+00 5.0000e+00 2.0000e+00 7.0000e+00 1.5000e+01 1.4000e+01 1.0000e+00 6.0000e+00 1.0000e+00 3.0000e+00 9.0000e+00 3.0000e+00 2.0000e+00 6.0000e+00 2.0000e+00 7.0000e+00 2.1700e+03 3.0000e+00 6.0000e+00 6.0000e+00 2.0000e+00 4.0000e+00 7.0000e+00 8.0000e+00 1.0000e+01 4.0000e+00 4.0000e+00 7.0000e+00 3.0000e+00 1.0000e+01 3.0000e+00 4.0000e+00 8.0000e+00 2.3430e+03 7.0000e+00 4.0000e+00 1.0000e+01 9.0000e+00 4.0000e+00 1.0000e+00
1.0000e+00 0.0000e+00 2.0000e+00 0.0000e+00 5.0000e+00 2.0000e+00 0.0000e+00 1.0000e+01 8.0000e+00 0.0000e+00 0.0000e+00 5.0000e+00 1.0000e+00 1.0000e+00 6.0000e+00 6.0000e+00 0.0000e+00 0.0000e+00 1.0000e+00 1.0000e+00 2.0000e+00 3.0000e+00 1.0000e+00 0.0000e+00 0.0000e+00 3.0000e+00 0.0000e+00 1.0000e+00 6.0000e+00 9.0000e+00 4.0000e+00 2.0000e+00 1.0000e+00 0.0000e+00 3.0000e+00 4.0000e+00 0.0000e+00 2.0000e+00 2.0000e+00 0.0000e+00 0.0000e+00 1.0000e+00 3.0000e+00 5.0000e+00 2.0000e+00 2.0000e+00 4.0000e+00 1.0000e+00 3.0000e+00 0.0000e+00
1.3000e+01 2.0000e+00 1.4000e+01 3.3620e+03 5.0000e+00 6.0000e+00 9.0000e+00 1.4000e+01 1.0000e+01 5.0000e+00 8.0000e+00 6.0000e+00 6.0000e+00 1.0000e+01 1.8000e+01 1.1000e+01 5.0000e+00 0.0000e+00 4.0000e+00 0.0000e+00 5.6000e+01 1.0000e+01 6.0000e+00 1.0000e+01 7.0000e+00 7.0000e+00 4.0000e+00 1.0000e+00 9.0000e+00 1.5000e+01 2.0000e+00 8.0000e+00 4.0000e+00 1.3000e+01 1.3000e+01 7.0000e+00 3.0000e+00 4.0000e+00 1.3000e+01 9.0000e+00 7.3400e+02 3.0000e+00 1.1000e+01 7.0000e+00 4.0000e+00 7.0000e+00 1.2000e+01 5.0000e+00 5.0000e+00 4.0000e+00
5.0000e+00 2.0000e+00 3.0000e+00 3.0000e+00 3.0000e+00 5.0000e+00 6.0000e+00 1.0000e+00 6.0000e+00 8.0000e+00 5.0000e+00 6.0000e+00 6.0000e+00 4.0000e+00 7.0000e+00 5.0000e+00 5.0000e+00 2.0000e+00 8.0000e+00 1.0000e+00 5.0000e+00 4.0000e+00 2.0000e+00 7.0000e+00 3.0000e+00 4.0000e+00 5.0000e+00 3.0000e+00 6.0000e+00 1.4000e+01 1.0000e+00 3.0000e+00 2.0000e+00 1.0000e+00 1.1000e+01 4.0000e+00 1.0000e+00 2.8300e+03 1.6000e+01 1.0000e+00 5.0000e+00 3.0000e+00 1.2000e+01 5.0000e+00 0.0000e+00 4.0000e+00 5.0000e+00 7.0000e+00 4.0000e+00 4.0000e+00
1.1000e+01 4.0000e+00 6.0000e+00 1.5000e+01 1.9000e+01 1.1000e+01 2.9000e+01 3.0000e+00 8.0000e+00 4.0460e+03 4.0000e+00 1.5000e+01 1.1000e+01 6.0000e+00 7.0000e+00 5.0000e+00 3.0000e+00 6.0000e+00 2.0000e+00 1.0000e+01 2.0000e+00 1.5000e+01 3.0000e+00 8.0000e+00 8.0000e+00 1.0000e+01 1.2000e+01 1.4000e+01 1.2000e+01 1.8000e+01 7.0000e+00 1.2000e+01 1.2000e+01 1.0000e+01 2.3000e+01 3.1000e+01 4.0000e+00 1.2000e+01 1.3000e+01 3.0000e+00 2.0000e+00 1.0000e+01 2.1000e+01 3.2000e+01 1.4000e+01 4.0000e+00 1.7000e+01 5.0000e+00 3.0000e+00 7.0000e+00
