5.8000e+01 1.9000e+01 1.7000e+01 1.5000e+01 2.0000e+01 2.2000e+01 2.2000e+01 2.0000e+01 2.7000e+01 9.6690e+03
2.2000e+01 2.0000e+01 2.3000e+01 9.7740e+03 2.9000e+01 2.0000e+01 2.5000e+01 2.2000e+01 2.0000e+01 6.2000e+01
6.4700e+02 2.9000e+01 2.8000e+01 1.8000e+01 9.6550e+03 2.3000e+01 7.4300e+02 2.4000e+01 1.9000e+01 2.1000e+01
2.4000e+01 2.3000e+01 3.0000e+01 1.9000e+01 3.0000e+01 9.8570e+03 1.7000e+01 2.3000e+01 2.6000e+01 2.3000e+01
1.4000e+01 1.3000e+01 9.3620e+03 4.9000e+01 2.1000e+01 2.4000e+01 2.1000e+01 2.9000e+01 2.3000e+01 1.9000e+01
1.9000e+01 2.8000e+01 2.4000e+01 1.5000e+01 2.9000e+01 2.0000e+01 9.2070e+03 4.2000e+01 2.2000e+01 2.2000e+01
9.0770e+03 1.5000e+01 1.1000e+01 2.2000e+01 1.0600e+02 1.7000e+01 1.7000e+01 1.8000e+01 2.8000e+01 1.8000e+01
2.6000e+01 3.1900e+02 5.7300e+02 2.2000e+01 3.1000e+01 1.1000e+01 1.6000e+01 9.9380e+03 2.7000e+01 1.6000e+01
1.7000e+01 2.0000e+01 2.7000e+01 2.9000e+01 2.8000e+01 1.3000e+01 2.1000e+01 2.6000e+01 9.7570e+03 2.3000e+01
1.9000e+01 9.3490e+03 2.0000e+01 1.6000e+01 1.4000e+01 1.9000e+01 2.6000e+01 3.3000e+01 2.8000e+01 1.9000e+01
