9.1379e-01 1.5789e-01 1.1765e-01 8.0000e-01 6.5000e-01 5.4545e-01 3.1818e-01 2.0000e-01 8.8889e-01 9.7146e-01
3.1818e-01 4.5000e-01 4.7826e-01 9.9826e-01 5.1724e-01 3.5000e-01 8.0000e-01 0.0000e+00 1.5000e-01 1.0000e+00
9.7991e-01 4.4828e-01 1.0714e-01 8.8889e-01 7.8426e-01 6.0870e-01 9.7039e-01 7.9167e-01 5.7895e-01 6.6667e-01
7.0833e-01 7.3913e-01 7.0000e-01 6.8421e-01 7.6667e-01 9.7920e-01 1.7647e-01 4.3478e-01 3.8462e-01 9.5652e-01
0.0000e+00 3.0769e-01 8.8250e-01 7.3469e-01 1.4286e-01 2.0833e-01 9.5238e-02 4.4828e-01 1.3043e-01 4.7368e-01
6.8421e-01 2.8571e-01 1.6667e-01 2.0000e-01 4.4828e-01 4.5000e-01 9.6209e-01 7.6190e-01 9.0909e-02 6.8182e-01
8.2285e-01 4.0000e-01 3.6364e-01 3.6364e-01 6.2264e-01 4.7059e-01 5.8824e-01 1.6667e-01 3.5714e-01 7.2222e-01
5.0000e-01 9.6238e-01 9.4590e-01 4.0909e-01 3.2258e-02 4.5455e-01 7.5000e-01 8.2129e-01 3.7037e-01 0.0000e+00
1.7647e-01 6.0000e-01 2.2222e-01 6.5517e-01 5.3571e-01 0.0000e+00 5.7143e-01 5.7692e-01 7.3496e-01 4.3478e-01
0.0000e+00 9.9401e-01 1.5000e-01 1.2500e-01 7.1429e-02 2.1053e-01 1.9231e-01 5.1515e-01 3.9286e-01 5.7895e-01
