8.3333e-01 0.0000e+00 0.0000e+00 7.2368e-01 2.8571e-01 4.7826e-01 3.0769e-01 1.5385e-01 9.0608e-01 9.6993e-01
1.2500e-01 5.0000e-01 1.2500e-01 9.9818e-01 5.5914e-01 3.5714e-01 7.2000e-01 9.0909e-02 1.1111e-01 9.7059e-01
9.7381e-01 3.5714e-01 0.0000e+00 1.0000e+00 7.8520e-01 3.0769e-01 9.6918e-01 7.5121e-01 5.8824e-01 1.0000e+00
7.6415e-01 7.5000e-01 7.8322e-01 1.0000e+00 7.0061e-01 9.7961e-01 0.0000e+00 3.6000e-01 3.6842e-01 1.0000e+00
0.0000e+00 3.0769e-01 8.9677e-01 1.0000e+00 2.8571e-01 1.0000e+00 0.0000e+00 5.6338e-01 2.3077e-01 1.0000e+00
7.0588e-01 1.2500e-01 0.0000e+00 1.0000e+00 4.9123e-01 1.0000e+00 9.6648e-01 7.5833e-01 3.1250e-01 1.0000e+00
8.3019e-01 4.2105e-01 4.2105e-01 1.0000e+00 6.2712e-01 1.0000e+00 1.0000e+00 0.0000e+00 5.0000e-01 1.0000e+00
5.3571e-01 9.6871e-01 9.5852e-01 1.0000e+00 0.0000e+00 1.0000e+00 1.0000e+00 8.2355e-01 3.6842e-01 1.0000e+00
0.0000e+00 5.6250e-01 0.0000e+00 1.0000e+00 4.4444e-01 1.0000e+00 1.0000e+00 4.2424e-01 7.8339e-01 1.0000e+00
0.0000e+00 9.9558e-01 3.3333e-01 1.0000e+00 8.3333e-02 1.0000e+00 1.0000e+00 5.8824e-01 1.1111e-01 1.0000e+00
