1.7500e+02 0.0000e+00 0.0000e+00 5.5000e+01 6.0000e+00 1.1000e+01 4.0000e+00 2.0000e+00 8.6050e+03 6.1940e+03
1.0000e+00 1.2000e+01 1.0000e+00 9.8850e+03 5.2000e+01 5.0000e+00 5.4000e+01 1.0000e+00 1.0000e+00 3.5970e+03
8.8860e+03 5.0000e+00 0.0000e+00 0.0000e+00 7.1830e+03 4.0000e+00 5.8800e+03 4.6500e+02 3.0000e+01 0.0000e+00
8.1000e+01 7.2000e+01 1.1200e+02 0.0000e+00 3.4400e+02 9.7070e+03 0.0000e+00 9.0000e+00 7.0000e+00 0.0000e+00
0.0000e+00 4.0000e+00 6.9500e+02 0.0000e+00 6.0000e+00 0.0000e+00 0.0000e+00 4.0000e+01 3.0000e+00 0.0000e+00
4.8000e+01 1.0000e+00 0.0000e+00 0.0000e+00 2.8000e+01 0.0000e+00 3.7770e+03 5.4600e+02 5.0000e+00 0.0000e+00
1.7600e+02 8.0000e+00 8.0000e+00 0.0000e+00 1.1100e+02 0.0000e+00 0.0000e+00 0.0000e+00 1.7000e+01 0.0000e+00
1.5000e+01 5.7270e+03 8.5500e+03 0.0000e+00 0.0000e+00 0.0000e+00 0.0000e+00 6.9310e+03 7.0000e+00 0.0000e+00
0.0000e+00 1.8000e+01 0.0000e+00 0.0000e+00 2.0000e+01 0.0000e+00 0.0000e+00 1.4000e+01 2.1700e+02 0.0000e+00
0.0000e+00 4.0550e+03 5.0000e+00 0.0000e+00 1.0000e+00 0.0000e+00 0.0000e+00 5.0000e+01 1.0000e+00 0.0000e+00
