4.8000e+01 2.1000e+01 9.2000e+01 6.8000e+01 3.1000e+01 3.4200e+02 1.2740e+03 5.6000e+01 4.0000e+01 2.1000e+01 4.5000e+01 3.4000e+01 2.5000e+01 2.6000e+01 3.2000e+01 9.1000e+01 4.4000e+01 3.3000e+01 2.7000e+01 4.1000e+01 5.8000e+01 2.0000e+01 1.9000e+01 3.5000e+01 2.5000e+01 4.1000e+01 8.0000e+01 3.4000e+01 3.9000e+01 4.4000e+01 4.0000e+01 3.3000e+01 3.1000e+01 3.4000e+01 3.3000e+01 3.0700e+02 2.4000e+01 6.9000e+01 1.7290e+03 4.8000e+01 6.1000e+01 3.0000e+01 1.5200e+02 1.9000e+01 2.0000e+01 5.4000e+01 2.6800e+02 1.2800e+02 2.5000e+01 1.5000e+01
1.2000e+01 1.9000e+01 1.3000e+01 5.4000e+01 2.0000e+01 1.1000e+01 4.0000e+00 2.8000e+01 6.1000e+01 3.5000e+01 7.0000e+00 3.5900e+02 2.1000e+01 1.2000e+01 1.0000e+01 1.0000e+01 7.5300e+02 2.5000e+01 2.3000e+01 2.5000e+01 1.2930e+03 3.6000e+01 3.7000e+01 2.1000e+01 7.5000e+01 1.8000e+01 1.7000e+01 3.6000e+01 9.0000e+00 1.2000e+01 1.7000e+01 3.2720e+03 7.2000e+01 9.0000e+00 1.0000e+01 2.1000e+01 2.3000e+01 8.0000e+00 4.0000e+00 8.0000e+00 1.3000e+01 1.2000e+01 3.8000e+01 5.0000e+01 5.0000e+00 1.4000e+01 1.1000e+01 1.4000e+01 2.1000e+01 8.0000e+00
1.9000e+01 3.9000e+01 3.8000e+01 3.7000e+01 1.5000e+01 2.1100e+02 7.5000e+01 2.7000e+01 3.3000e+01 2.7000e+01 3.1000e+01 2.7000e+01 3.6000e+01 3.8000e+01 1.9000e+01 1.0600e+02 3.5000e+01 5.0000e+01 3.5000e+01 3.1000e+01 5.0000e+01 2.9500e+02 6.1000e+01 1.0900e+02 8.1000e+01 9.1000e+01 2.5000e+01 3.6000e+01 1.5000e+01 2.9240e+03 4.8000e+01 1.9000e+01 3.9000e+01 1.7000e+01 2.8000e+01 6.0000e+01 3.2000e+01 1.4100e+02 1.4800e+02 5.1000e+01 2.8000e+01 2.5000e+01 5.4700e+02 2.8300e+02 2.5000e+01 3.0000e+01 5.2000e+01 2.1000e+01 2.8000e+01 3.1000e+01
6.7000e+01 3.0000e+01 3.2000e+01 2.6000e+01 1.8000e+01 1.6000e+01 1.6500e+02 5.1000e+01 1.0000e+02 2.8000e+01 2.2000e+01 1.2700e+02 4.7000e+01 8.9000e+01 5.0000e+01 9.3000e+01 4.2000e+01 3.3000e+01 6.4000e+01 7.1000e+01 3.8000e+01 5.3000e+01 1.5660e+03 2.6000e+01 4.3000e+01 3.9000e+01 4.7000e+01 3.4000e+01 2.1000e+01 5.2000e+02 4.0000e+01 2.2000e+01 3.0000e+01 2.0000e+01 1.4100e+02 3.8000e+01 3.8000e+01 1.5000e+01 2.5000e+01 7.7000e+01 3.4000e+01 3.0000e+01 8.5000e+01 2.9000e+01 1.6000e+01 5.0000e+01 3.3000e+01 8.4000e+01 3.0000e+01 2.1000e+01
3.0000e+01 2.0000e+01 4.1000e+01 2.0000e+01 1.9000e+01 2.3000e+01 1.0600e+02 5.1000e+01 3.7000e+01 2.4000e+01 3.4000e+01 3.0000e+01 2.3000e+01 3.8000e+01 3.3000e+01 3.6000e+01 2.5000e+01 2.2000e+01 1.9000e+01 2.2000e+01 4.6000e+01 1.9000e+01 3.4000e+01 4.1000e+01 2.6000e+01 5.2000e+01 2.8000e+01 7.4000e+01 4.6210e+03 5.2000e+01 2.1000e+01 1.8000e+01 4.1000e+01 1.4000e+01 6.8000e+01 2.9000e+01 2.2000e+01 1.1000e+01 2.2000e+01 1.4000e+01 1.9000e+01 3.1000e+01 9.7000e+01 1.4000e+01 1.5000e+01 3.4000e+01 2.2000e+01 2.8000e+01 2.3000e+01 2.7000e+01
5.3000e+01 2.3000e+01 2.5000e+01 3.8000e+01 4.7000e+01 2.5000e+01 2.4000e+01 3.6000e+01 7.6000e+01 2.6000e+01 3.5000e+01 4.1000e+01 4.2000e+01 2.5000e+01 4.2000e+01 3.7000e+01 2.6000e+01 3.0000e+01 3.3000e+01 4.4000e+01 2.1000e+01 1.9000e+01 4.4000e+01 2.7000e+01 3.1000e+01 4.1000e+01 2.1000e+01 8.5000e+01 2.2000e+01 2.7000e+01 6.6000e+01 2.6000e+01 5.3000e+01 1.4000e+01 1.4000e+01 1.6700e+02 4.4000e+01 1.4000e+01 2.6700e+02 3.5330e+03 6.4000e+01 3.4000e+01 4.5000e+01 3.3000e+01 1.5000e+01 1.8000e+01 8.9000e+01 3.1000e+01 3.3000e+01 1.9000e+01
1.4740e+03 3.0000e+01 6.7000e+01 1.9000e+01 1.8000e+01 5.3000e+01 1.9000e+01 2.9000e+01 5.1000e+01 2.5000e+01 7.7000e+01 2.8000e+01 3.9000e+01 6.6000e+01 1.9000e+01 1.5000e+01 3.3000e+01 3.3000e+01 3.3000e+01 6.8000e+01 3.1000e+01 2.1000e+01 7.6000e+01 4.4000e+01 3.5000e+01 3.6000e+01 2.6000e+01 4.3000e+01 2.1000e+01 9.8000e+01 3.2000e+01 1.9000e+01 3.0000e+01 3.6000e+01 1.4000e+01 4.2000e+01 3.4000e+01 3.0000e+01 1.1000e+01 1.8000e+01 3.8000e+01 3.0000e+01 3.4000e+01 2.6000e+01 1.6000e+01 3.1450e+03 7.6000e+01 5.1000e+01 3.0000e+01 2.4000e+01
2.9000e+01 4.1000e+01 5.6000e+01 5.0000e+01 2.2000e+01 2.8000e+01 1.9000e+01 4.0000e+01 4.7000e+01 4.8000e+01 3.6000e+01 1.0700e+02 7.3000e+01 3.2000e+01 2.3000e+01 5.9000e+01 3.8000e+01 7.2000e+01 6.4000e+01 3.7000e+01 3.1000e+01 2.1000e+01 3.9000e+01 3.4000e+01 3.9000e+01 3.9000e+01 2.6000e+01 5.9000e+01 4.0000e+01 4.0000e+01 5.5000e+01 3.1000e+01 4.6000e+01 2.0000e+01 1.4000e+01 2.4000e+01 3.8000e+01 2.8000e+01 5.8000e+01 1.4000e+01 4.3000e+01 3.0000e+01 2.1000e+01 3.7000e+01 1.6000e+01 2.3000e+01 3.3000e+01 2.1000e+01 3.0000e+01 2.7000e+01
2.6000e+01 1.5300e+02 5.2000e+01 2.3000e+01 8.9000e+01 2.2000e+01 1.7500e+02 5.4000e+01 9.0000e+01 2.5000e+01 2.2000e+01 4.0000e+01 3.9000e+01 8.0000e+01 3.2000e+01 1.6600e+02 8.1000e+01 5.4000e+01 6.8000e+01 3.3000e+01 5.5000e+01 5.5000e+01 3.5000e+01 6.6000e+01 5.0000e+01 1.9600e+02 3.7000e+01 1.2300e+02 1.8000e+01 5.0000e+01 7.9000e+01 7.3000e+01 7.6000e+01 4.6000e+01 3.8000e+01 9.2000e+01 6.2000e+01 4.6000e+01 1.4000e+01 1.1000e+01 3.4000e+01 3.4000e+01 3.7000e+01 4.3000e+01 4.5700e+02 2.3000e+01 4.7000e+01 2.8000e+01 2.6000e+01 7.2000e+01
4.8000e+01 6.5000e+01 5.6000e+01 4.3000e+01 3.7730e+03 5.3000e+01 4.5000e+01 1.8900e+02 5.5000e+01 4.2000e+01 3.6000e+01 7.2000e+01 1.5100e+02 4.5000e+01 5.0000e+01 1.0400e+02 6.8000e+01 1.0800e+02 9.4000e+01 2.6000e+02 5.5000e+01 1.9000e+02 1.1000e+02 7.4000e+01 3.5000e+01 1.2000e+02 7.4000e+01 5.9000e+01 5.7000e+01 3.8000e+01 4.4000e+01 4.7000e+01 1.3000e+02 1.7000e+01 4.4000e+01 1.1800e+02 4.6000e+01 8.6000e+01 1.4700e+02 2.3000e+01 6.2000e+01 4.9000e+01 2.9000e+01 3.6000e+01 3.4000e+01 3.7000e+01 7.3000e+01 5.9000e+01 6.5000e+01 8.9000e+01
5.0000e+00 1.1000e+01 3.0000e+01 2.0000e+00 4.0000e+00 8.0000e+00 2.0000e+00 1.5000e+01 2.3000e+01 3.2000e+01 2.0000e+00 2.1000e+01 1.7000e+01 1.8000e+01 7.0000e+00 5.0000e+00 1.6000e+01 5.7000e+01 4.8000e+01 1.4000e+01 1.5900e+02 1.4900e+02 1.0700e+02 2.3720e+03 4.0000e+01 1.6000e+01 1.2300e+02 2.6000e+01 5.0000e+00 6.0000e+00 5.2600e+02 5.0000e+00 6.9000e+01 7.0000e+00 7.0000e+00 1.1300e+02 1.7000e+01 8.0000e+00 5.0000e+00 7.0000e+00 1.0000e+01 3.0210e+03 1.1000e+01 5.8000e+01 6.0000e+00 6.0000e+00 2.3000e+01 4.0000e+00 5.6000e+01 6.0000e+00
7.0000e+01 3.7000e+01 5.1000e+01 2.0000e+01 4.0000e+01 2.4160e+03 2.8000e+01 4.3000e+01 3.0000e+01 2.5000e+01 2.8000e+01 1.2400e+02 5.3000e+01 2.8000e+01 9.8000e+01 1.0450e+03 4.5000e+01 3.0000e+01 4.5000e+01 4.5000e+01 2.6300e+02 4.1000e+01 9.8000e+01 2.3000e+01 7.9000e+01 5.1000e+01 4.2200e+02 5.7000e+01 1.5200e+02 4.3000e+01 7.5000e+01 2.6000e+01 2.7000e+01 2.1000e+01 1.2100e+02 4.6000e+01 3.0000e+01 3.7300e+02 1.3500e+02 1.2000e+01 3.0000e+01 1.9700e+02 2.1000e+01 2.6000e+01 1.4000e+01 3.9000e+01 3.9000e+01 5.7000e+01 1.4700e+02 3.3000e+01
3.0000e+00 1.3300e+02 6.2100e+02 3.0000e+00 6.0000e+00 6.0000e+00 6.0000e+00 7.4000e+01 3.9000e+01 9.0000e+00 3.0000e+00 3.5000e+01 1.2300e+02 5.9500e+02 4.0000e+00 5.0000e+00 2.4600e+02 3.8000e+01 5.0300e+02 1.1520e+03 7.8000e+01 8.0000e+00 1.2300e+02 8.5000e+01 8.4500e+02 3.6500e+02 1.4000e+01 4.5000e+01 4.0000e+00 3.0000e+00 6.4300e+02 5.0000e+00 1.6800e+02 5.0000e+00 2.0000e+00 4.0000e+00 9.8700e+02 5.0000e+00 3.0000e+00 6.0000e+00 1.4600e+02 5.4500e+02 3.0000e+00 4.2000e+01 9.0000e+00 6.0000e+00 6.1000e+01 3.0000e+00 5.0000e+01 2.0000e+00
1.3000e+01 2.3000e+01 4.6000e+01 7.6000e+01 3.8000e+01 1.4000e+01 8.0000e+00 5.9000e+01 3.0000e+01 9.1000e+01 2.6000e+01 1.2100e+02 3.9000e+01 9.1000e+01 1.0400e+02 3.2000e+01 5.2000e+01 5.8000e+01 3.5000e+01 3.5000e+01 2.4000e+01 3.5520e+03 4.1000e+01 6.2000e+01 1.0400e+02 6.0000e+01 2.6000e+01 9.3000e+01 3.7000e+01 5.5000e+01 3.7000e+01 4.8000e+01 9.7000e+01 1.4000e+01 1.6000e+01 3.5000e+01 3.6000e+01 3.8100e+02 3.0100e+02 6.4000e+01 2.2000e+01 2.9000e+01 4.4000e+01 3.1000e+01 4.7000e+01 4.7100e+02 2.8000e+01 6.6000e+01 2.3000e+01 1.9000e+01
2.0000e+01 2.2000e+01 6.0000e+01 8.1000e+01 3.1000e+01 1.3000e+01 1.0900e+02 3.3000e+01 1.3000e+02 4.1000e+01 8.2000e+01 5.2000e+01 2.6900e+02 3.7000e+02 1.7000e+01 2.4000e+01 5.3000e+01 3.4000e+01 9.0000e+01 6.3000e+01 3.4000e+01 3.6000e+01 9.6000e+01 8.1000e+01 3.4000e+01 4.4000e+01 4.5000e+01 2.4100e+02 1.9000e+01 1.6000e+01 3.8000e+01 2.8000e+01 7.6000e+01 1.1000e+01 1.5000e+01 3.6000e+01 2.5000e+01 1.1200e+02 5.4000e+01 9.0000e+00 7.0000e+01 7.5000e+01 5.6000e+01 1.8700e+02 1.2400e+02 1.5000e+01 5.2800e+02 2.8000e+01 4.0400e+03 2.5000e+01
1.3000e+01 1.6000e+01 2.1000e+01 1.1000e+01 1.2000e+01 1.1000e+01 1.0000e+01 4.3000e+01 2.8000e+01 1.6000e+01 2.4000e+01 1.5000e+01 2.5000e+01 2.3000e+01 1.7800e+02 2.4000e+01 3.8000e+01 1.8000e+01 2.4000e+01 5.0000e+01 9.5000e+01 3.0000e+01 1.6000e+01 3.4000e+01 2.0000e+01 1.5000e+01 3.1000e+01 2.5000e+01 1.2000e+01 9.0000e+00 1.7000e+01 2.1000e+01 2.2000e+01 4.5100e+02 1.4870e+03 4.2000e+01 2.4000e+01 4.2900e+02 6.0000e+00 8.0000e+00 1.8000e+01 1.6000e+01 1.2300e+02 1.7000e+01 2.6700e+02 1.1000e+01 2.1000e+01 2.3500e+03 2.0000e+01 1.1000e+01
1.9000e+01 3.8000e+01 3.7000e+01 1.9000e+01 2.2000e+01 3.3000e+01 1.2000e+01 4.4000e+01 3.4000e+01 2.8000e+01 6.3800e+02 2.8000e+01 6.6000e+01 1.2000e+02 7.9000e+01 1.5000e+01 4.2000e+01 4.2000e+01 4.1000e+01 3.3000e+01 9.3000e+01 2.4000e+01 4.6000e+01 2.6000e+01 4.6000e+01 5.9000e+01 2.6000e+01 1.0400e+02 3.8000e+01 1.3000e+01 4.0000e+01 2.5000e+01 4.2000e+01 2.0000e+01 2.0000e+01 3.2000e+01 3.8000e+01 1.5000e+01 1.1000e+01 1.1000e+01 3.4000e+01 3.0000e+01 1.8000e+01 5.6000e+01 1.6000e+01 3.5000e+01 5.1000e+01 4.0000e+01 3.7000e+01 2.7000e+01
4.0000e+00 3.7450e+03 1.2000e+01 8.0000e+00 9.0000e+00 6.0000e+00 7.0000e+00 8.2200e+02 1.4000e+01 7.0000e+00 5.0000e+00 6.5000e+01 3.8000e+01 8.2300e+02 6.0000e+00 6.0000e+00 1.0100e+02 1.0000e+01 2.0000e+01 1.0000e+01 1.0000e+01 1.0000e+01 1.1000e+01 1.2000e+01 2.4300e+02 1.7000e+01 2.6000e+01 1.0900e+02 6.0000e+00 6.0000e+00 9.0000e+00 6.0000e+00 1.1000e+01 7.0000e+00 5.0000e+00 6.1000e+01 1.1480e+03 5.0000e+00 1.1000e+01 7.0000e+00 1.2000e+01 2.0000e+01 5.0000e+00 8.0000e+00 7.0000e+00 1.1000e+01 1.0000e+01 9.0000e+00 4.9000e+01 2.8000e+01
4.2000e+01 4.5000e+01 3.7000e+01 3.5000e+01 5.1000e+01 2.5000e+01 2.3000e+01 2.9000e+01 5.9000e+01 2.5000e+01 1.8650e+03 2.8000e+01 3.4000e+01 3.2000e+01 4.3000e+01 3.6700e+02 3.3000e+01 3.3000e+01 3.3000e+01 3.3000e+01 3.5000e+01 2.7000e+01 3.0000e+01 3.4000e+01 5.7000e+01 4.3000e+01 4.4000e+01 4.7000e+01 2.7000e+01 3.8000e+01 4.0000e+01 1.9000e+01 4.2000e+01 1.7000e+01 2.5000e+01 2.4000e+01 3.4000e+01 1.8000e+01 8.1000e+01 1.6000e+01 5.5000e+01 3.8000e+01 1.4600e+02 2.6000e+01 1.6000e+01 3.5000e+01 4.0000e+01 3.1000e+01 3.0000e+01 2.4000e+01
8.5000e+01 3.0000e+01 3.2000e+01 2.3000e+01 3.0000e+01 2.5000e+01 1.4000e+01 3.6000e+01 3.9000e+01 2.5000e+01 7.5000e+01 8.1000e+01 4.3000e+01 3.6000e+01 3.2000e+01 3.3000e+01 3.3000e+01 4.2000e+01 3.7000e+01 3.7000e+01 3.8000e+01 2.7000e+01 3.0000e+01 9.9000e+01 4.3000e+01 4.3000e+01 2.6000e+01 5.5000e+01 1.8000e+01 1.6000e+01 3.2000e+01 2.5000e+01 3.0000e+01 1.7000e+01 1.4000e+01 2.8000e+01 4.6000e+01 2.3000e+01 2.8000e+01 2.0000e+01 4.7000e+01 4.9000e+01 3.4000e+01 7.0000e+01 2.4000e+01 3.7000e+01 6.5000e+01 2.1000e+01 2.6000e+01 2.1000e+01
2.6000e+01 1.5000e+01 2.5000e+01 1.0000e+01 1.0000e+01 1.2800e+02 1.7000e+01 1.8000e+01 2.1000e+01 1.5000e+01 7.2000e+01 1.5000e+01 1.8000e+01 3.5000e+01 1.0000e+01 4.2200e+02 2.6000e+01 1.7000e+01 2.9000e+01 2.0000e+01 8.0000e+01 1.8000e+01 2.4000e+01 1.4000e+01 3.2000e+01 1.4000e+01 1.4000e+01 2.7000e+01 1.6000e+01 1.4000e+01 3.3000e+01 2.7000e+01 2.9000e+01 9.0000e+00 1.8000e+01 4.5000e+01 5.8000e+01 1.5000e+01 7.0000e+00 5.0000e+00 9.9000e+01 2.4000e+01 3.1000e+01 5.7000e+01 1.2000e+01 3.2000e+01 1.1100e+02 1.6000e+01 2.1000e+01 4.6840e+03
2.9000e+01 1.2000e+01 2.9000e+01 5.1000e+01 5.6000e+01 1.0000e+01 1.1000e+01 1.4000e+01 1.6000e+01 1.2000e+01 1.5000e+01 1.6000e+01 1.3000e+01 1.5000e+01 1.8000e+01 4.0000e+00 2.3000e+01 3.3000e+01 1.3000e+01 1.8000e+01 1.0000e+01 1.0000e+01 2.1000e+01 2.4000e+01 1.2000e+01 2.4000e+01 2.6000e+01 2.1000e+01 9.0000e+00 7.0000e+00 2.0000e+01 1.1000e+01 2.7000e+01 4.6910e+03 1.2000e+01 1.6000e+01 1.6000e+01 1.5000e+01 9.0000e+00 8.0000e+00 2.1000e+01 1.9000e+01 1.4000e+01 1.2000e+01 1.9000e+01 1.0000e+01 1.6000e+01 3.1000e+01 1.5000e+01 8.0000e+00
3.3000e+01 2.7000e+01 4.8000e+01 1.1500e+02 1.1200e+02 2.2000e+01 1.1000e+01 3.1000e+01 1.0800e+02 2.0000e+01 1.4000e+01 2.8000e+01 2.1000e+01 4.5000e+01 3.5000e+01 6.9000e+01 2.1700e+03 4.4000e+01 3.2000e+01 1.2000e+02 1.6000e+01 4.6000e+01 4.7800e+02 3.4500e+02 7.8000e+01 3.6000e+01 5.8000e+01 1.8200e+02 3.3000e+01 1.2000e+02 2.8000e+01 1.3160e+03 6.4600e+02 1.3000e+01 2.9900e+02 5.3000e+01 5.2000e+01 3.4000e+02 1.4000e+01 3.4000e+01 4.2000e+01 2.7000e+01 9.8000e+01 2.6000e+01 5.3000e+01 1.5000e+01 3.1000e+01 3.3000e+01 2.4000e+01 2.0000e+01
1.0000e+01 1.2000e+01 1.4000e+01 8.0000e+00 1.2000e+01 3.6000e+01 1.0000e+01 3.2000e+01 5.7000e+01 1.0000e+01 2.2000e+01 1.2000e+01 1.4000e+01 1.9000e+01 4.7000e+01 5.0000e+00 7.0000e+01 1.4000e+01 2.6000e+01 2.3000e+02 3.4000e+01 1.3200e+02 1.1620e+03 1.4000e+01 1.8000e+01 2.4420e+03 6.1000e+01 1.0200e+02 8.0000e+00 1.2000e+01 5.2000e+01 8.0000e+00 2.5000e+01 7.0000e+00 9.0000e+00 1.9680e+03 3.1000e+01 5.0000e+00 3.0000e+00 6.0000e+00 1.4000e+01 1.3000e+01 8.0000e+00 1.1000e+01 1.2000e+01 9.0000e+00 4.8200e+02 2.4000e+01 5.4000e+01 2.0000e+01
1.8000e+01 1.5000e+01 2.6000e+01 9.0000e+00 5.6000e+01 1.3000e+01 5.0000e+00 1.2000e+01 2.0000e+01 6.1000e+01 1.4000e+01 7.5000e+01 1.8000e+01 3.1000e+01 2.0000e+01 1.6000e+01 1.4000e+01 1.7000e+01 1.7000e+01 1.4000e+01 1.4000e+01 1.3000e+01 1.3000e+01 2.8000e+01 2.3000e+01 3.0000e+01 2.2000e+01 1.1780e+03 8.0000e+00 7.0000e+00 1.6000e+01 1.6000e+01 3.8000e+01 8.0000e+00 3.7000e+01 1.7000e+01 1.4000e+01 4.3200e+02 5.0000e+00 5.0000e+00 1.5000e+01 4.1000e+01 6.9000e+01 1.6000e+01 3.2240e+03 1.3000e+01 4.5000e+01 1.6000e+01 1.4000e+01 9.0000e+00
5.7200e+02 2.3000e+01 3.2000e+01 2.2000e+02 4.9500e+02 8.2000e+01 4.0000e+00 4.3000e+01 3.3000e+01 1.5800e+02 1.2000e+01 1.6190e+03 6.9000e+01 1.7000e+01 3.3000e+01 2.0000e+01 2.8000e+01 2.0000e+01 2.3000e+01 3.4000e+01 4.5000e+01 1.9000e+01 4.3000e+01 4.2800e+02 9.8000e+01 5.8000e+01 3.7000e+01 3.3000e+01 1.4000e+01 5.0000e+00 2.2000e+01 1.8000e+01 4.1000e+01 1.8000e+01 1.0000e+01 1.5400e+02 2.3000e+01 1.0680e+03 2.0000e+00 7.0000e+00 2.3000e+01 2.1000e+01 1.8400e+02 5.7000e+01 5.4000e+01 2.4100e+02 3.5000e+01 3.9500e+02 6.6000e+01 1.7000e+01
4.9000e+01 6.1000e+01 3.1000e+01 1.9000e+01 1.8000e+01 6.5000e+01 3.0000e+03 4.6000e+01 3.8000e+01 2.4000e+01 2.7000e+01 4.9000e+01 6.1000e+01 3.1000e+01 3.3000e+02 2.5000e+01 3.2000e+01 4.5000e+01 3.6000e+01 4.0000e+01 3.7000e+01 2.0000e+01 3.0000e+01 4.3000e+01 4.1000e+01 6.1000e+01 2.5000e+01 4.6000e+01 3.2000e+01 8.2000e+01 5.0000e+01 1.8000e+01 2.9000e+01 2.8000e+01 5.4600e+02 1.6800e+02 3.3000e+01 2.2300e+02 2.4000e+01 1.1000e+01 3.3000e+01 1.7200e+02 5.0000e+01 6.3000e+01 1.5000e+01 3.1000e+01 5.6000e+01 4.7000e+01 4.9000e+01 2.0000e+01
2.9000e+01 4.1000e+01 3.2000e+01 3.5000e+01 4.1000e+01 2.8000e+01 1.6000e+01 2.9000e+01 4.7000e+01 4.2000e+01 3.1000e+01 1.0400e+02 3.4000e+01 4.5000e+01 2.6000e+01 1.8000e+01 3.8000e+01 3.3000e+01 3.7000e+01 1.0400e+02 5.5000e+01 3.4000e+01 3.0000e+01 5.0000e+01 4.3000e+01 4.3000e+01 2.6000e+01 5.1000e+01 3.0000e+01 2.1000e+01 6.9000e+01 3.4000e+01 3.0000e+01 1.7000e+01 2.2000e+01 2.4000e+01 5.8000e+01 3.7000e+01 5.3000e+01 1.1000e+01 6.6000e+01 1.1100e+02 9.5000e+01 6.4000e+01 1.8000e+01 4.5400e+02 2.9000e+01 7.9000e+01 3.0000e+01 2.1000e+01
4.3000e+01 2.3000e+01 2.2100e+02 1.6570e+03 1.7200e+02 8.0000e+01 3.0100e+02 6.3000e+01 5.4000e+01 5.3900e+02 9.6000e+01 2.0300e+02 4.1000e+01 1.2300e+02 1.4200e+02 2.7000e+01 4.7300e+02 7.3000e+01 5.5000e+01 3.6800e+02 1.3300e+02 4.0000e+01 3.8000e+01 7.0000e+01 8.8400e+02 7.9000e+01 1.1200e+02 8.8000e+01 2.7000e+01 3.8000e+01 6.3000e+01 5.0000e+01 1.0700e+02 3.0000e+01 5.6000e+01 5.1000e+01 3.2000e+01 6.0000e+01 3.2000e+01 2.5000e+01 1.6300e+02 4.7000e+01 4.7000e+01 7.4000e+01 1.0900e+02 2.5000e+01 2.3300e+02 2.7000e+01 4.4000e+01 2.8000e+01
2.9000e+01 3.7000e+01 3.3000e+01 4.5000e+01 2.8000e+01 3.2000e+01 1.2300e+02 6.5000e+01 6.0200e+02 3.7000e+01 1.9000e+02 7.2000e+01 3.9000e+01 5.5000e+01 6.0000e+01 3.8000e+01 8.0000e+01 4.8000e+01 3.7000e+01 4.4000e+01 1.1500e+02 1.4400e+02 3.8000e+01 3.9000e+01 5.6000e+01 6.3000e+01 2.0390e+03 5.2000e+01 1.0600e+02 1.6100e+02 4.3000e+01 4.8000e+01 5.0000e+01 2.4000e+01 1.1320e+03 6.5000e+01 2.7000e+01 4.8000e+01 2.4000e+02 1.3000e+01 3.1000e+01 5.0000e+01 1.6500e+02 5.9000e+01 4.3000e+02 2.7000e+01 4.0700e+02 7.7000e+01 3.9000e+01 3.3000e+01
1.5000e+01 2.0000e+01 1.2000e+01 1.6000e+01 9.0000e+00 5.0000e+00 3.0000e+00 1.7000e+01 2.7000e+01 1.5900e+02 1.8840e+03 1.3000e+01 1.3000e+01 4.5000e+01 1.8000e+02 1.0000e+00 3.2000e+01 1.8000e+01 1.5000e+01 2.0000e+01 3.6000e+02 1.4000e+01 1.4000e+01 1.2000e+01 1.1640e+03 1.5000e+01 1.8000e+01 1.8000e+01 1.2000e+01 6.0000e+00 2.1000e+01 9.0000e+00 3.9000e+01 1.1000e+01 8.0000e+00 2.5300e+02 1.3000e+01 7.0000e+00 1.0000e+00 5.0000e+00 1.5000e+01 1.8000e+01 9.0000e+00 3.3000e+01 9.0000e+00 1.0000e+01 1.6370e+03 6.4000e+02 1.8000e+01 1.3000e+01
3.6000e+01 3.0000e+01 4.9000e+01 5.0000e+01 5.1000e+01 1.6000e+01 4.0000e+00 3.2000e+01 6.7000e+01 2.6000e+01 1.2000e+01 4.7200e+02 8.4000e+01 2.2000e+01 1.7150e+03 8.2100e+02 1.7000e+01 1.7000e+01 2.3000e+01 3.3000e+01 1.9000e+01 1.1000e+01 2.6000e+01 2.1000e+01 4.9000e+01 9.4100e+02 2.3000e+01 5.1000e+01 1.7000e+01 3.1700e+02 4.4000e+01 1.4000e+01 3.3000e+01 6.1000e+01 1.9000e+01 4.3900e+02 3.4000e+01 2.6700e+02 5.0000e+00 1.2000e+01 2.6000e+01 2.8000e+01 2.2400e+02 4.5000e+01 3.6000e+01 2.0000e+01 1.0000e+02 3.4700e+02 2.5000e+01 1.9000e+01
3.1000e+01 3.3000e+01 4.9000e+01 1.6400e+02 2.5000e+01 4.5200e+02 6.1000e+01 3.9000e+01 4.5000e+01 4.5000e+01 6.7000e+01 8.3000e+01 5.1000e+01 9.4000e+01 8.4000e+01 4.5100e+02 4.3000e+01 2.6000e+01 3.0000e+01 3.0000e+01 2.8000e+01 2.5000e+01 6.1000e+01 4.4000e+01 2.8000e+01 1.5900e+02 4.4000e+01 5.8000e+01 3.3000e+01 1.2600e+02 5.7000e+01 1.5000e+01 2.4000e+01 2.6000e+01 1.0330e+03 3.1000e+01 2.6000e+01 2.5000e+01 1.9210e+03 1.1000e+01 3.4000e+01 9.2000e+01 1.7000e+01 2.3000e+01 5.6000e+01 5.1000e+01 2.9000e+01 2.5000e+01 2.4000e+01 2.5000e+01
1.0000e+00 8.8000e+01 1.5900e+02 4.0000e+00 2.0000e+00 3.0000e+00 0.0000e+00 3.1230e+03 3.3800e+02 5.8000e+01 3.0000e+00 1.3400e+02 1.6850e+03 2.1400e+02 4.0000e+00 1.0000e+00 7.9000e+01 1.6400e+02 6.5000e+01 1.2800e+02 4.0000e+01 1.0000e+00 1.6500e+02 1.2100e+02 1.4000e+01 6.4000e+01 2.3000e+01 4.6000e+01 3.0000e+00 3.0000e+00 1.4500e+02 6.0000e+00 1.7400e+02 7.0000e+00 1.0000e+00 3.9000e+01 3.6000e+01 3.0000e+00 2.0000e+00 2.0000e+00 1.4300e+02 2.6000e+01 3.0000e+00 1.7300e+02 4.0000e+00 3.0000e+00 1.0400e+02 2.0000e+00 4.4000e+01 3.0000e+00
3.4000e+01 3.0000e+01 3.2000e+01 4.8000e+01 1.8000e+01 4.0000e+01 1.6000e+01 2.9000e+01 7.0000e+01 3.9000e+01 1.9000e+01 3.6000e+01 3.4000e+01 3.2000e+01 2.6000e+01 4.0000e+01 3.3000e+01 3.3000e+01 3.3000e+01 3.3000e+01 3.8000e+01 4.5000e+01 3.0000e+01 3.7000e+01 3.1000e+01 3.6000e+01 2.6000e+01 7.3000e+01 2.4000e+01 1.3000e+01 9.8000e+01 2.2000e+01 9.2000e+01 1.7000e+01 4.9000e+01 3.2000e+01 3.4000e+01 1.5000e+01 1.1000e+01 2.3000e+01 3.4000e+01 3.0000e+01 5.1000e+01 4.6700e+02 1.8000e+01 2.6000e+01 3.3000e+01 3.1000e+01 3.3000e+01 2.1000e+01
3.0000e+00 5.2000e+01 8.4000e+01 5.0000e+00 1.1000e+01 0.0000e+00 2.0000e+00 2.5000e+01 7.7000e+01 3.0000e+00 2.0000e+00 4.0000e+00 1.7100e+02 2.4000e+01 3.0000e+00 1.0000e+00 1.2300e+02 2.7600e+02 3.2110e+03 5.9700e+02 2.0000e+00 4.0000e+00 2.5800e+02 4.0000e+00 2.0000e+00 7.0000e+00 0.0000e+00 2.1800e+02 3.0000e+00 3.0000e+00 9.8000e+01 3.0000e+00 3.0000e+00 0.0000e+00 3.0000e+00 1.0000e+00 1.7590e+03 3.0000e+00 1.0000e+00 2.0000e+00 3.1600e+02 1.2000e+01 3.0000e+00 3.0000e+00 2.0000e+00 1.0000e+00 3.0000e+00 0.0000e+00 5.8000e+01 4.0000e+00
1.9000e+01 3.0000e+01 3.2000e+01 3.7000e+01 1.8000e+01 2.5000e+01 2.1000e+01 6.0000e+01 5.5000e+01 7.4000e+01 4.1000e+01 2.8000e+01 5.1000e+01 3.2000e+01 1.4100e+03 2.6000e+01 7.8000e+01 8.3000e+02 1.1000e+02 1.1000e+02 2.4900e+02 3.1000e+01 3.0000e+01 1.6700e+02 3.9000e+01 7.2000e+01 8.6000e+01 3.9000e+01 1.8000e+01 1.6000e+01 3.2000e+01 5.2000e+01 4.1900e+02 2.0000e+01 2.7000e+01 1.4800e+02 5.4000e+01 1.5000e+01 7.0000e+01 5.0000e+01 3.4000e+01 2.9100e+02 2.2700e+02 4.6000e+01 2.4600e+02 2.9000e+01 2.7900e+02 6.7000e+01 2.6000e+01 6.7000e+01
1.9000e+01 1.5000e+01 4.7000e+01 4.3000e+01 1.9000e+01 1.2640e+03 2.0000e+00 2.2900e+02 4.2000e+01 2.0000e+01 7.4000e+01 9.9000e+01 2.1000e+01 3.5000e+01 8.2000e+01 3.0000e+01 2.3000e+01 4.1000e+01 3.4000e+01 2.6000e+01 5.2000e+01 7.3000e+01 2.2000e+01 6.5500e+02 2.6400e+02 2.0000e+01 3.3000e+01 4.0000e+01 3.5000e+01 1.2000e+01 1.7000e+01 4.9000e+01 8.6000e+01 1.1000e+01 7.2000e+01 7.2000e+01 8.8000e+01 1.7000e+01 3.0000e+00 4.4000e+01 2.1000e+01 2.9000e+01 2.4510e+03 3.4000e+01 5.0000e+01 4.1000e+01 8.3000e+01 6.6000e+01 3.0000e+01 5.0000e+01
9.0000e+00 4.2400e+02 3.2000e+02 6.0000e+00 7.0000e+00 1.0000e+00 1.0000e+00 1.3000e+01 1.3400e+02 1.2000e+01 1.0000e+00 6.0000e+00 9.4000e+02 1.5820e+03 1.0000e+00 0.0000e+00 8.0000e+00 2.0620e+03 1.0000e+01 1.2480e+03 4.0000e+00 2.0000e+00 1.6000e+01 2.0000e+00 4.9600e+02 1.4000e+01 8.0000e+00 1.4600e+02 7.0000e+00 3.0000e+00 9.0000e+00 0.0000e+00 9.0000e+00 1.4000e+01 2.0000e+00 5.0000e+00 1.5000e+01 4.0000e+00 0.0000e+00 1.0000e+00 1.1200e+02 3.8000e+01 1.0000e+00 3.0000e+00 1.0000e+00 5.0000e+00 3.0000e+00 1.0000e+00 1.1000e+01 2.0000e+00
6.0000e+00 3.0000e+01 2.6400e+03 4.0000e+00 7.0000e+00 0.0000e+00 3.0000e+00 2.1000e+01 5.0000e+01 6.0000e+00 4.0000e+00 3.0000e+00 1.4500e+02 2.9500e+02 2.0000e+00 1.0000e+00 2.1300e+02 4.9700e+02 9.4000e+01 1.2900e+02 5.0000e+00 2.0000e+00 8.0000e+01 4.0000e+00 5.0000e+00 1.2000e+01 1.0000e+01 6.2000e+01 7.0000e+00 3.0000e+00 2.6910e+03 1.0000e+00 2.0000e+00 3.0000e+00 1.0000e+00 4.0000e+00 1.7300e+02 1.0000e+00 0.0000e+00 3.0000e+00 1.5600e+02 1.3000e+01 1.0000e+00 3.0000e+00 1.0000e+00 2.0000e+00 6.0000e+00 2.0000e+00 7.6000e+01 7.0000e+00
2.5450e+03 3.4000e+01 7.8000e+01 1.2000e+01 7.2000e+01 2.2000e+01 9.0000e+00 2.3000e+01 3.6000e+01 6.5000e+01 5.8000e+01 1.7000e+01 2.4000e+01 5.4000e+01 4.3000e+01 1.5000e+01 3.2000e+01 2.6000e+01 5.5000e+01 2.3000e+01 1.3930e+03 1.7000e+01 1.2400e+02 1.8000e+01 2.4100e+02 5.4000e+01 1.9000e+01 3.0000e+01 2.4000e+01 3.8000e+01 6.4000e+01 1.8000e+01 2.1000e+01 1.3000e+01 2.6000e+01 4.3000e+01 3.0000e+01 1.1000e+01 7.0000e+00 7.0000e+00 2.4000e+01 1.6800e+02 1.7000e+01 3.5000e+01 1.3300e+02 4.0400e+02 1.5800e+02 6.4900e+02 1.3400e+02 3.6000e+01
1.0000e+00 5.7000e+01 9.1000e+01 1.0000e+00 3.0000e+00 0.0000e+00 0.0000e+00 2.0000e+01 2.2830e+03 2.0000e+00 2.0000e+00 7.0000e+00 7.9600e+02 2.8000e+01 1.0000e+00 2.0000e+00 1.9300e+02 6.8000e+01 2.5200e+02 5.8000e+01 2.0000e+00 3.0000e+00 8.0000e+01 6.0000e+00 1.0000e+00 1.9000e+01 1.1000e+01 1.3830e+03 7.0000e+00 0.0000e+00 8.0000e+01 1.0000e+00 3.0000e+00 6.0000e+00 1.0000e+00 1.0000e+00 2.1400e+02 1.0000e+00 1.0000e+00 0.0000e+00 1.7590e+03 1.1000e+01 2.0000e+00 4.0000e+00 1.0000e+00 3.0000e+00 6.0000e+00 2.0000e+00 3.6000e+01 3.0000e+00
1.9000e+01 3.0000e+01 5.2000e+01 1.9000e+01 6.0000e+01 2.0000e+01 4.2000e+01 3.6000e+01 7.7000e+01 5.1000e+01 1.9000e+01 3.6000e+01 4.3000e+01 4.5000e+01 3.5000e+01 5.7000e+01 4.2000e+01 3.3000e+01 4.6000e+01 4.2000e+01 1.3300e+02 4.2000e+01 3.5000e+01 3.7000e+01 3.1000e+01 3.2000e+01 1.3900e+02 7.7000e+01 2.4000e+01 4.4000e+01 4.4000e+01 6.9000e+01 3.0000e+01 2.3000e+01 1.7000e+01 4.5000e+01 4.6000e+01 1.5000e+01 6.5000e+01 1.1000e+01 3.4000e+01 3.0000e+01 8.7000e+01 2.6000e+01 5.5000e+01 2.9000e+01 2.9000e+01 4.6000e+01 2.6000e+01 3.0000e+01
2.3000e+01 5.5000e+01 5.6000e+01 2.9000e+01 2.8000e+01 4.2000e+01 1.3300e+02 4.0000e+01 4.3000e+01 4.8000e+01 4.6000e+01 4.0000e+01 3.4000e+01 5.9000e+01 2.6000e+01 4.0000e+01 7.1000e+01 4.0600e+02 3.7000e+01 7.1000e+01 2.7000e+01 3.1000e+01 2.5000e+02 6.0000e+01 4.3000e+01 2.8000e+01 8.0000e+01 4.7000e+01 2.4000e+01 3.0000e+01 7.3000e+01 3.1000e+01 3.0000e+01 2.3000e+01 4.9000e+01 1.4000e+02 3.4000e+01 2.8000e+01 1.6000e+01 1.6730e+03 3.4000e+01 3.4000e+01 2.4000e+01 3.6000e+01 4.0000e+01 4.3000e+01 5.4000e+01 4.6000e+01 3.0000e+01 2.1000e+01
1.9700e+02 5.1000e+01 5.1000e+01 2.3000e+02 2.4000e+01 8.3000e+01 8.3000e+01 4.6000e+01 7.2000e+01 8.8000e+01 5.5000e+01 1.1800e+03 5.7000e+01 5.4000e+01 1.6700e+02 1.3870e+03 3.6000e+01 1.0300e+02 7.9000e+01 3.2000e+01 8.5000e+01 4.1000e+01 5.2000e+01 9.7000e+01 1.2300e+02 1.1500e+02 1.4600e+02 6.1000e+01 2.9000e+01 5.1900e+02 1.0800e+02 5.6000e+01 1.0200e+02 2.3000e+01 1.5900e+02 5.0100e+02 1.6000e+02 9.4000e+01 1.6900e+02 2.4000e+01 9.7000e+01 5.1000e+01 1.4500e+02 4.8000e+01 1.0900e+02 1.4100e+02 5.3000e+01 5.5000e+01 5.2000e+01 4.6000e+01
1.8000e+01 4.2000e+01 1.9600e+02 1.0500e+02 1.5500e+02 1.7800e+02 1.9000e+01 4.1000e+01 3.8000e+01 4.4000e+01 2.7000e+01 3.2000e+01 6.6000e+01 1.1400e+02 2.2100e+02 7.7000e+01 3.6000e+01 1.9000e+02 4.0000e+01 5.2000e+01 3.1000e+01 1.6000e+01 3.1000e+01 1.1100e+02 4.0000e+01 5.9000e+01 1.4800e+03 7.2000e+01 3.9000e+01 4.2000e+01 4.8000e+01 3.7000e+01 3.8200e+02 2.3000e+01 3.4000e+01 3.9000e+01 7.1000e+01 1.9000e+01 1.9000e+01 6.5000e+01 1.0800e+02 8.3000e+01 4.3000e+01 3.1650e+03 3.7000e+01 1.8000e+01 8.3000e+01 7.1000e+01 3.0000e+01 2.2000e+01
4.8000e+01 3.0000e+01 4.9000e+01 1.9000e+01 3.8000e+01 2.5000e+01 1.2000e+01 7.0000e+01 7.7000e+01 3.2000e+01 2.5000e+01 5.0000e+01 8.0000e+01 4.8000e+01 3.7000e+01 1.8000e+01 3.7000e+01 3.3000e+01 3.7000e+01 5.3000e+01 6.7000e+01 2.7000e+01 3.9000e+01 2.6000e+01 3.9000e+01 3.6000e+01 3.0000e+01 3.4000e+01 4.7000e+01 3.4000e+01 5.2000e+01 1.9000e+01 3.5000e+01 1.7000e+01 1.4000e+01 3.2000e+01 3.4000e+01 2.8000e+01 2.0000e+01 1.1000e+01 3.4000e+01 4.2000e+01 3.7000e+01 5.3000e+01 2.1000e+01 2.3000e+01 3.6000e+01 2.5000e+01 2.6000e+01 3.3000e+01
6.2000e+01 2.3000e+01 1.1500e+02 2.3180e+03 1.9000e+01 1.4000e+01 3.5000e+01 4.2000e+01 2.3900e+02 5.3000e+01 6.4000e+01 5.2000e+01 5.8000e+01 9.3000e+01 1.0800e+02 8.1000e+01 1.3100e+02 2.2000e+01 3.1000e+01 2.5000e+01 3.0300e+02 2.7000e+02 7.5000e+01 3.3000e+01 2.3000e+01 2.9000e+01 6.6000e+01 2.3000e+01 3.0000e+01 9.5000e+01 1.8000e+01 2.8400e+02 2.3000e+01 3.1000e+01 9.1000e+01 3.1000e+01 1.9000e+01 1.5000e+01 1.2300e+02 1.4000e+01 1.6110e+03 2.8000e+01 1.9100e+02 1.5900e+02 1.9000e+01 2.6000e+01 5.1000e+01 2.4000e+01 6.0000e+01 1.7000e+01
5.3000e+01 4.1000e+01 9.6000e+01 6.2000e+01 2.8000e+01 5.3000e+01 2.5000e+01 4.7000e+01 1.3500e+02 1.5000e+02 2.8000e+01 5.7000e+01 6.3000e+01 8.6000e+01 2.8300e+02 3.3000e+01 7.8000e+01 4.6000e+01 1.7000e+02 1.6100e+02 6.1000e+01 5.3000e+01 3.5000e+01 1.0500e+02 1.1000e+02 3.9000e+01 6.9000e+01 1.3500e+02 9.6000e+01 2.4300e+02 6.2000e+01 5.2000e+01 4.6000e+01 2.6000e+01 6.2000e+01 6.2000e+01 4.2000e+01 1.4420e+03 1.6000e+02 1.4000e+01 4.7000e+01 5.2000e+01 1.4400e+02 6.1000e+01 1.5000e+01 9.3000e+01 9.1000e+01 6.2000e+01 4.7000e+01 6.5000e+01
2.0000e+01 2.4000e+01 1.4000e+01 1.4000e+01 5.9000e+01 0.0000e+00 2.0000e+00 3.4000e+01 4.6000e+01 3.5350e+03 3.0000e+00 1.6000e+01 3.5000e+01 1.6000e+01 1.0000e+01 2.0000e+00 1.1000e+01 2.1000e+01 1.6000e+01 8.3000e+01 3.1000e+01 1.5000e+01 1.3000e+01 3.2000e+01 1.5000e+01 3.5000e+01 2.2000e+01 1.3500e+02 3.6000e+01 2.0000e+00 3.1000e+01 1.0000e+01 2.3220e+03 2.5000e+01 4.0000e+00 1.6800e+02 1.2000e+01 5.0000e+00 3.0000e+00 3.0000e+00 1.2000e+01 5.8000e+01 1.0000e+00 3.3000e+01 0.0000e+00 9.0000e+00 7.9000e+01 1.1000e+01 1.3000e+01 1.6000e+01
