8.6000e+01 6.1000e+01 5.3770e+03 6.6000e+01 7.8000e+01 5.3410e+03 7.9000e+01 5.4020e+03 7.5000e+01 5.7000e+01 6.7000e+01 7.4000e+01 6.7000e+01 7.4000e+01 6.1000e+01 9.2000e+01 7.9000e+01 7.1000e+01 7.3000e+01 8.1000e+01 5.6000e+01 6.5000e+01 7.1000e+01 6.7000e+01 6.3000e+01 7.3000e+01 5.3700e+03 7.1000e+01 8.3000e+01 6.2000e+01 5.3530e+03 5.4570e+03 8.5000e+01 7.7000e+01 7.0000e+01 8.1000e+01 6.0000e+01 6.6000e+01 7.8000e+01 9.2000e+01 8.5000e+01 6.5000e+01 7.7000e+01 5.9000e+01 7.0000e+01 7.3000e+01 6.2000e+01 6.8000e+01 6.4000e+01 6.8000e+01
8.5000e+01 2.0600e+02 8.3000e+01 8.2000e+01 5.3480e+03 8.2000e+01 5.7000e+01 7.5000e+01 5.1000e+01 9.1000e+01 6.8000e+01 6.3000e+01 6.9000e+01 6.1000e+01 6.5000e+01 7.5000e+01 8.2000e+01 6.8000e+01 6.7000e+01 7.4000e+01 6.5000e+01 8.1000e+01 5.3620e+03 7.8000e+01 8.5000e+01 8.6000e+01 8.0000e+01 7.6000e+01 4.9600e+03 7.9000e+01 7.8000e+01 8.4000e+01 6.6000e+01 6.8000e+01 5.8000e+01 7.6000e+01 6.9000e+01 7.0000e+01 6.6000e+01 7.6000e+01 5.8000e+01 7.5000e+01 7.1000e+01 7.5000e+01 5.2630e+03 5.3040e+03 8.3000e+01 6.8000e+01 8.9000e+01 5.2000e+01
5.6000e+01 7.3000e+01 7.6000e+01 6.8000e+01 7.1000e+01 7.9000e+01 7.8000e+01 7.0000e+01 6.6000e+01 5.1170e+03 5.4450e+03 7.5000e+01 5.2850e+03 1.5450e+03 7.2000e+01 7.3000e+01 7.9000e+01 7.3000e+01 8.4000e+01 7.5000e+01 7.3000e+01 8.2000e+01 5.7000e+01 6.5000e+01 5.2730e+03 7.4000e+01 8.0000e+01 7.5000e+01 7.7000e+01 6.3000e+01 6.7000e+01 5.8000e+01 5.4570e+03 7.8000e+01 6.8000e+01 6.1000e+01 7.9000e+01 7.7000e+01 8.1000e+01 8.8000e+01 5.4580e+03 7.4000e+01 9.0000e+01 6.9000e+01 5.1000e+01 8.4000e+01 7.1000e+01 6.8000e+01 8.5000e+01 7.1000e+01
2.9390e+03 5.9000e+01 6.4000e+01 7.3000e+01 8.2000e+01 5.0000e+01 5.3770e+03 7.1000e+01 6.5000e+01 2.8600e+02 7.1000e+01 7.5000e+01 5.7000e+01 3.8920e+03 6.2000e+01 6.4000e+01 6.4000e+01 8.7000e+01 6.8000e+01 7.6000e+01 8.8000e+01 5.3590e+03 6.1000e+01 5.3080e+03 7.0000e+01 6.3000e+01 9.7000e+01 6.7000e+01 7.4000e+01 7.9000e+01 8.4000e+01 8.8000e+01 8.0000e+01 6.5000e+01 7.3000e+01 7.9000e+01 8.8000e+01 6.9000e+01 7.7000e+01 6.2000e+01 6.8000e+01 5.3420e+03 6.7000e+01 7.3000e+01 6.2000e+01 7.4000e+01 5.6000e+01 5.5000e+01 5.3740e+03 6.5000e+01
5.7000e+01 6.3000e+01 8.1000e+01 7.6000e+01 7.9000e+01 6.2000e+01 7.6000e+01 7.4000e+01 7.8000e+01 6.5000e+01 7.4000e+01 6.2000e+01 7.2000e+01 6.4000e+01 6.6000e+01 6.1000e+01 7.4000e+01 6.2000e+01 6.9000e+01 5.3850e+03 5.3380e+03 7.1000e+01 6.5000e+01 7.9000e+01 6.4000e+01 6.9000e+01 6.0000e+01 7.2000e+01 6.2000e+01 8.7000e+01 6.1000e+01 7.5000e+01 6.7000e+01 7.4000e+01 9.1000e+01 7.7000e+01 9.7000e+01 4.8000e+01 5.4350e+03 7.9000e+01 5.6000e+01 5.6000e+01 6.2000e+01 6.3000e+01 7.6000e+01 7.9000e+01 8.8000e+01 5.5820e+03 7.2000e+01 6.3000e+01
6.3000e+01 7.7000e+01 7.6000e+01 6.7000e+01 8.2000e+01 8.4000e+01 8.6000e+01 7.5000e+01 7.4000e+01 8.0000e+01 7.7000e+01 8.1000e+01 8.5000e+01 8.1000e+01 8.0000e+01 7.0000e+01 7.5000e+01 6.8000e+01 7.2000e+01 7.5000e+01 6.4000e+01 7.8000e+01 7.6000e+01 8.6000e+01 7.2000e+01 6.8000e+01 7.3000e+01 7.0000e+01 9.0000e+01 5.3840e+03 6.6000e+01 6.8000e+01 7.8000e+01 7.7000e+01 6.3000e+01 6.8000e+01 7.2000e+01 5.3460e+03 7.0000e+01 7.4000e+01 7.4000e+01 6.3000e+01 5.2250e+03 5.6000e+01 2.1200e+02 6.5000e+01 7.1000e+01 7.6000e+01 6.1000e+01 8.3000e+01
6.5000e+01 6.9000e+01 6.2000e+01 7.9000e+01 6.8000e+01 5.8000e+01 7.1000e+01 7.4000e+01 7.1000e+01 6.9000e+01 6.5000e+01 7.1000e+01 8.4000e+01 7.3000e+01 6.9000e+01 5.3530e+03 6.6000e+01 7.3000e+01 7.4000e+01 5.9000e+01 6.8000e+01 7.8000e+01 6.9000e+01 6.7000e+01 7.7000e+01 6.3000e+01 6.6000e+01 6.5000e+01 6.7000e+01 7.0000e+01 6.9000e+01 6.3000e+01 6.7000e+01 8.5000e+01 6.5000e+01 6.8000e+01 7.5000e+01 6.3000e+01 9.1000e+01 7.0000e+01 9.1000e+01 8.6000e+01 6.6000e+01 6.3000e+01 7.2000e+01 7.1000e+01 7.9000e+01 6.8000e+01 7.4000e+01 7.3000e+01
2.5200e+03 5.1370e+03 6.6000e+01 7.9000e+01 8.4000e+01 5.2000e+01 8.1000e+01 5.5000e+01 5.4110e+03 7.9000e+01 7.9000e+01 6.2000e+01 7.3000e+01 6.2000e+01 6.7000e+01 8.4000e+01 5.3650e+03 2.6440e+03 6.8000e+01 7.0000e+01 8.0000e+01 6.8000e+01 6.9000e+01 6.5000e+01 5.8000e+01 5.2860e+03 6.1000e+01 5.2930e+03 4.5500e+02 7.2000e+01 8.3000e+01 7.5000e+01 7.4000e+01 5.5000e+01 6.7000e+01 8.8000e+01 6.0000e+01 7.6000e+01 7.5000e+01 5.1460e+03 8.3000e+01 7.9000e+01 7.7000e+01 6.3000e+01 7.2000e+01 7.6000e+01 6.0000e+01 8.9000e+01 7.7000e+01 8.8000e+01
5.2000e+01 8.2000e+01 7.8000e+01 5.3530e+03 1.1000e+02 7.9000e+01 5.6000e+01 5.8000e+01 6.6000e+01 6.7000e+01 6.3000e+01 5.3760e+03 6.7000e+01 5.2000e+01 5.7000e+01 7.1000e+01 6.6000e+01 8.3000e+01 7.9000e+01 7.5000e+01 6.2000e+01 7.7000e+01 8.0000e+01 6.1000e+01 5.5000e+01 6.5000e+01 6.8000e+01 7.6000e+01 7.9000e+01 9.5000e+01 6.0000e+01 6.3000e+01 8.0000e+01 6.3000e+01 5.2190e+03 5.3130e+03 7.9000e+01 6.9000e+01 8.2000e+01 7.2000e+01 6.4000e+01 5.4000e+01 7.8000e+01 7.0000e+01 7.5000e+01 5.8000e+01 5.4640e+03 6.7000e+01 5.9000e+01 7.4000e+01
7.9000e+01 8.1000e+01 6.4000e+01 8.4000e+01 6.8000e+01 7.2000e+01 7.0000e+01 6.8000e+01 6.2000e+01 7.8000e+01 7.3000e+01 6.0000e+01 7.1000e+01 9.4000e+01 5.3290e+03 7.0000e+01 7.4000e+01 2.8510e+03 5.3400e+03 6.9000e+01 7.7000e+01 7.5000e+01 7.6000e+01 7.5000e+01 7.0000e+01 6.6000e+01 6.7000e+01 7.1000e+01 7.6000e+01 7.7000e+01 7.3000e+01 7.9000e+01 7.1000e+01 5.2530e+03 6.2000e+01 8.4000e+01 5.3690e+03 6.7000e+01 9.0000e+01 6.3000e+01 7.0000e+01 8.1000e+01 5.9000e+01 5.3770e+03 5.7000e+01 7.2000e+01 6.9000e+01 5.8000e+01 8.3000e+01 5.2820e+03
