5.6977e-01 4.4262e-01 7.3973e-01 2.8788e-01 5.5128e-01 7.8313e-01 5.8228e-01 7.1765e-01 5.8571e-01 6.3636e-01 5.0000e-01 4.4595e-01 2.9851e-01 3.2432e-01 4.5902e-01 5.1087e-01 1.7722e-01 2.3944e-01 1.6438e-01 3.3333e-01 6.0714e-01 2.9231e-01 3.2394e-01 3.8806e-01 2.6984e-01 2.1918e-01 5.5224e-01 1.6901e-01 6.6667e-01 6.4516e-01 5.3448e-01 7.8689e-01 6.3095e-01 6.8056e-01 5.0000e-01 4.8148e-01 3.3333e-01 5.7576e-01 6.2821e-01 3.4783e-01 4.9412e-01 0.0000e+00 2.7273e-01 4.4068e-01 7.8571e-01 2.0548e-01 4.6774e-01 6.8657e-01 1.8750e-01 5.5882e-01
5.0000e-01 4.3662e-01 0.0000e+00 0.0000e+00 7.5758e-01 0.0000e+00 3.8596e-01 4.7297e-01 2.1569e-01 1.8681e-01 0.0000e+00 0.0000e+00 5.7971e-02 0.0000e+00 7.6923e-02 6.4000e-01 1.2195e-01 0.0000e+00 1.9403e-01 3.2432e-01 9.2308e-02 3.6250e-01 4.0964e-01 7.6923e-02 7.0588e-02 1.6279e-01 2.5000e-01 0.0000e+00 5.6944e-01 6.4103e-01 2.5641e-01 0.0000e+00 0.0000e+00 1.9118e-01 2.7586e-01 1.9737e-01 2.1739e-01 1.5714e-01 3.6364e-01 0.0000e+00 0.0000e+00 1.4667e-01 9.8592e-02 1.4667e-01 1.0000e+00 6.5000e-01 0.0000e+00 2.5000e-01 4.2857e-01 1.1538e-01
2.6786e-01 3.5616e-01 2.2368e-01 6.3235e-01 3.8028e-01 7.0130e-01 6.0256e-01 3.4286e-01 5.4545e-01 6.7164e-01 7.1212e-01 2.4000e-01 7.0455e-01 5.2239e-01 1.8056e-01 6.5753e-01 5.7692e-01 4.5205e-01 4.2857e-01 4.2667e-01 6.4384e-01 4.1463e-01 3.5714e-01 6.4062e-01 6.8056e-01 3.2432e-01 3.7500e-01 3.4667e-01 5.9740e-01 4.9206e-01 3.4328e-01 5.0000e-01 6.8919e-01 6.7949e-01 5.5882e-01 2.9508e-01 6.3291e-01 3.8961e-01 6.1728e-01 3.1818e-01 7.1429e-01 4.1892e-01 9.2135e-01 4.0580e-01 4.3137e-01 3.6905e-01 3.3803e-01 3.6765e-01 4.9412e-01 3.6620e-01
1.0000e+00 3.7288e-01 9.4915e-01 7.5342e-01 3.2927e-01 9.8000e-01 1.0000e+00 7.0423e-01 6.6154e-01 9.4030e-01 3.0986e-01 9.4286e-01 7.3214e-01 7.3333e-01 8.0645e-02 6.7188e-01 3.1250e-01 7.5862e-01 5.4412e-01 1.7105e-01 9.3182e-01 9.0541e-01 1.1475e-01 1.0000e+00 1.0000e-01 6.6667e-01 7.2500e-01 4.6269e-01 3.5135e-01 5.8228e-01 1.5476e-01 7.5000e-01 6.3750e-01 1.0769e-01 3.6986e-01 1.2658e-02 8.8636e-01 9.2754e-01 7.5325e-01 1.2903e-01 8.6567e-01 7.1212e-01 3.2836e-01 6.5753e-01 8.3871e-01 9.8649e-01 8.3929e-01 8.9091e-01 9.3333e-01 2.1538e-01
1.4035e-01 1.7460e-01 0.0000e+00 0.0000e+00 1.2658e-01 0.0000e+00 2.3684e-01 1.3514e-02 0.0000e+00 0.0000e+00 8.1081e-02 3.7097e-01 0.0000e+00 3.1250e-02 0.0000e+00 4.0984e-01 2.1622e-01 1.6129e-02 7.2464e-02 4.6429e-01 4.8333e-01 1.2676e-01 2.0000e-01 1.7722e-01 9.3750e-02 4.3478e-02 0.0000e+00 0.0000e+00 1.7742e-01 1.2644e-01 9.8361e-02 3.4667e-01 2.9851e-02 5.4054e-02 3.2967e-01 0.0000e+00 0.0000e+00 6.2500e-02 9.6296e-01 0.0000e+00 8.9286e-02 0.0000e+00 2.4194e-01 0.0000e+00 1.7105e-01 1.1392e-01 5.6818e-02 6.7647e-01 9.7222e-02 0.0000e+00
2.0635e-01 2.0779e-01 1.1842e-01 1.1940e-01 0.0000e+00 4.0476e-01 0.0000e+00 0.0000e+00 0.0000e+00 2.5000e-02 4.6479e-01 2.5926e-01 1.1765e-01 1.4815e-01 4.0580e-01 5.2857e-01 1.2000e-01 5.8824e-02 1.1111e-01 6.6667e-02 2.3438e-01 0.0000e+00 0.0000e+00 0.0000e+00 3.0556e-01 7.3529e-02 0.0000e+00 0.0000e+00 4.6429e-01 8.0000e-01 3.0303e-02 3.6765e-01 2.8205e-01 0.0000e+00 3.6508e-01 8.8235e-02 0.0000e+00 1.0000e+00 1.0000e+00 9.4595e-02 1.3514e-01 1.9048e-01 1.0000e+00 0.0000e+00 8.2051e-01 0.0000e+00 2.1127e-01 1.0526e-01 1.3115e-01 0.0000e+00
1.2308e-01 2.8986e-02 3.3871e-01 1.2658e-01 1.4706e-01 1.3793e-01 3.5211e-01 1.2162e-01 0.0000e+00 1.4493e-01 6.1538e-02 8.4507e-02 5.9524e-02 1.6438e-01 1.3043e-01 6.5385e-01 6.0606e-02 8.2192e-02 8.1081e-02 6.7797e-02 1.3235e-01 8.9744e-02 2.9412e-01 4.0299e-01 1.2987e-01 1.1111e-01 6.0606e-02 1.5385e-01 1.6418e-01 5.8571e-01 2.8986e-02 2.0635e-01 7.4627e-02 1.1765e-01 2.0000e-01 1.4706e-02 2.6667e-02 7.9365e-02 3.2967e-01 8.5714e-02 5.4945e-02 1.3953e-01 1.6667e-01 9.5238e-02 9.7222e-02 2.5352e-01 1.1392e-01 2.6471e-01 8.1081e-02 0.0000e+00
7.6812e-01 5.7407e-01 2.8788e-01 5.0633e-01 4.6429e-01 6.3462e-01 3.2099e-01 4.5455e-01 6.7105e-01 6.5823e-01 1.5190e-01 2.9032e-01 3.8356e-01 3.0645e-01 5.6716e-01 6.0714e-01 6.8750e-01 7.1831e-01 3.9706e-01 6.2857e-01 6.5823e-01 3.6765e-01 4.2647e-01 7.3016e-01 4.4828e-01 6.6667e-01 2.9508e-01 5.7746e-01 7.3214e-01 5.5556e-01 5.0000e-01 3.7333e-01 2.0270e-01 2.3636e-01 6.4179e-01 6.6667e-01 4.1667e-01 5.2632e-01 5.6000e-01 5.7333e-01 3.3735e-01 4.7436e-01 6.3636e-01 4.4444e-01 7.2222e-01 6.9737e-01 6.0000e-01 7.6136e-01 3.2468e-01 3.5632e-01
3.8462e-02 1.2195e-01 3.8462e-01 5.9722e-01 6.1842e-01 2.4051e-01 3.3929e-01 3.7931e-01 2.2727e-01 2.6866e-01 1.9048e-01 4.9296e-01 8.9552e-02 2.5000e-01 8.7719e-02 4.6479e-01 3.4848e-01 2.2892e-01 1.5190e-01 2.2667e-01 8.0645e-02 4.1333e-01 2.5000e-01 3.4426e-01 3.0909e-01 3.3846e-01 1.0294e-01 1.3158e-01 2.7848e-01 5.2632e-01 2.5000e-01 2.6984e-01 5.0000e-02 3.1746e-01 5.1765e-01 4.9206e-01 7.5949e-02 4.3478e-01 3.0488e-01 2.5000e-01 2.8125e-01 1.1111e-01 8.5135e-01 3.0000e-01 1.8667e-01 1.5517e-01 7.6056e-01 1.7910e-01 5.0847e-02 2.8378e-01
2.9114e-01 6.6667e-01 1.2500e-01 1.9048e-01 7.7941e-01 8.1944e-01 5.8571e-01 8.2353e-01 6.0656e-01 4.4872e-01 2.4658e-01 8.6441e-01 6.0563e-01 6.6154e-01 7.7632e-01 3.4286e-01 6.8919e-01 8.5938e-01 5.6757e-01 7.9412e-01 7.7922e-01 1.0667e-01 6.5789e-02 2.5333e-01 5.4286e-01 4.5455e-01 6.3636e-01 3.0986e-01 8.1579e-01 2.0779e-01 1.7808e-01 8.3117e-01 8.3582e-01 9.2982e-01 6.5574e-01 8.9189e-01 9.0141e-01 6.2687e-01 3.4444e-01 6.8000e-01 3.8571e-01 3.2099e-01 5.4237e-01 7.4286e-01 6.3158e-01 4.1667e-01 8.5507e-01 3.6207e-01 3.4940e-01 8.5714e-01
