4.9000e+01 2.7000e+01 4.0030e+03 1.9000e+01 4.3000e+01 3.4700e+03 4.6000e+01 3.8570e+03 4.3000e+01 3.7000e+01 3.4000e+01 3.3000e+01 2.0000e+01 2.4000e+01 2.8000e+01 4.7000e+01 1.4000e+01 1.7000e+01 1.2000e+01 2.7000e+01 3.4000e+01 1.9000e+01 2.3000e+01 2.6000e+01 1.7000e+01 1.6000e+01 3.1750e+03 1.2000e+01 5.5000e+01 4.0000e+01 3.4680e+03 4.1730e+03 5.4000e+01 5.2000e+01 3.5000e+01 3.9000e+01 2.0000e+01 3.8000e+01 4.9000e+01 3.2000e+01 4.2000e+01 0.0000e+00 2.1000e+01 2.6000e+01 5.5000e+01 1.5000e+01 2.9000e+01 4.6000e+01 1.2000e+01 3.8000e+01
4.2000e+01 8.7000e+01 0.0000e+00 0.0000e+00 3.8320e+03 0.0000e+00 2.2000e+01 3.6000e+01 1.1000e+01 1.7000e+01 0.0000e+00 0.0000e+00 4.0000e+00 0.0000e+00 5.0000e+00 4.8000e+01 1.0000e+01 0.0000e+00 1.3000e+01 2.4000e+01 6.0000e+00 2.9000e+01 2.2650e+03 6.0000e+00 6.0000e+00 1.4000e+01 2.0000e+01 0.0000e+00 2.9940e+03 5.1000e+01 2.0000e+01 0.0000e+00 0.0000e+00 1.3000e+01 1.6000e+01 1.5000e+01 1.5000e+01 1.1000e+01 2.4000e+01 0.0000e+00 0.0000e+00 1.1000e+01 7.0000e+00 1.1000e+01 5.2630e+03 3.5900e+03 0.0000e+00 1.7000e+01 3.8000e+01 6.0000e+00
1.5000e+01 2.6000e+01 1.7000e+01 4.3000e+01 2.7000e+01 5.5000e+01 4.7000e+01 2.4000e+01 3.6000e+01 3.2230e+03 3.8650e+03 1.8000e+01 3.1200e+03 9.9000e+02 1.3000e+01 4.8000e+01 4.5000e+01 3.3000e+01 3.8000e+01 3.2000e+01 4.7000e+01 3.4000e+01 2.0000e+01 4.1000e+01 3.4840e+03 2.4000e+01 3.0000e+01 2.6000e+01 4.6000e+01 3.1000e+01 2.3000e+01 2.9000e+01 3.3080e+03 5.3000e+01 3.8000e+01 1.8000e+01 5.0000e+01 3.0000e+01 5.0000e+01 2.8000e+01 3.6350e+03 3.1000e+01 8.3000e+01 2.8000e+01 2.2000e+01 3.1000e+01 2.4000e+01 2.5000e+01 4.2000e+01 2.6000e+01
2.9390e+03 2.2000e+01 6.0000e+01 5.5000e+01 2.7000e+01 4.9000e+01 5.3770e+03 5.0000e+01 4.3000e+01 2.5200e+02 2.2000e+01 7.1000e+01 4.2000e+01 2.7950e+03 5.0000e+00 4.3000e+01 2.0000e+01 6.6000e+01 3.7000e+01 1.3000e+01 8.2000e+01 4.8550e+03 7.0000e+00 5.2010e+03 7.0000e+00 4.2000e+01 7.0000e+01 3.1000e+01 2.6000e+01 4.6000e+01 1.3000e+01 6.6000e+01 5.1000e+01 7.0000e+00 2.7000e+01 1.0000e+00 7.8000e+01 6.4000e+01 5.8000e+01 8.0000e+00 5.9000e+01 3.8580e+03 2.2000e+01 4.8000e+01 5.2000e+01 7.3000e+01 4.7000e+01 4.9000e+01 5.0590e+03 1.4000e+01
8.0000e+00 1.1000e+01 0.0000e+00 0.0000e+00 1.0000e+01 0.0000e+00 1.8000e+01 1.0000e+00 0.0000e+00 0.0000e+00 6.0000e+00 2.3000e+01 0.0000e+00 2.0000e+00 0.0000e+00 2.5000e+01 1.6000e+01 1.0000e+00 5.0000e+00 2.2670e+03 2.5260e+03 9.0000e+00 1.3000e+01 1.4000e+01 6.0000e+00 3.0000e+00 0.0000e+00 0.0000e+00 1.1000e+01 1.1000e+01 6.0000e+00 2.6000e+01 2.0000e+00 4.0000e+00 3.0000e+01 0.0000e+00 0.0000e+00 3.0000e+00 5.0150e+03 0.0000e+00 5.0000e+00 0.0000e+00 1.5000e+01 0.0000e+00 1.3000e+01 9.0000e+00 5.0000e+00 3.9610e+03 7.0000e+00 0.0000e+00
1.3000e+01 1.6000e+01 9.0000e+00 8.0000e+00 0.0000e+00 3.4000e+01 0.0000e+00 0.0000e+00 0.0000e+00 2.0000e+00 3.6000e+01 2.1000e+01 1.0000e+01 1.2000e+01 3.4000e+01 3.7000e+01 9.0000e+00 4.0000e+00 8.0000e+00 5.0000e+00 1.5000e+01 0.0000e+00 0.0000e+00 0.0000e+00 2.2000e+01 5.0000e+00 0.0000e+00 0.0000e+00 4.2000e+01 4.0690e+03 2.0000e+00 2.5000e+01 2.2000e+01 0.0000e+00 2.3000e+01 6.0000e+00 0.0000e+00 5.3460e+03 7.0000e+01 7.0000e+00 1.0000e+01 1.2000e+01 5.2250e+03 0.0000e+00 1.7000e+02 0.0000e+00 1.5000e+01 8.0000e+00 8.0000e+00 0.0000e+00
8.0000e+00 2.0000e+00 2.1000e+01 1.0000e+01 1.0000e+01 8.0000e+00 2.5000e+01 9.0000e+00 0.0000e+00 1.0000e+01 4.0000e+00 6.0000e+00 5.0000e+00 1.2000e+01 9.0000e+00 3.2120e+03 4.0000e+00 6.0000e+00 6.0000e+00 4.0000e+00 9.0000e+00 7.0000e+00 2.0000e+01 2.7000e+01 1.0000e+01 7.0000e+00 4.0000e+00 1.0000e+01 1.1000e+01 4.1000e+01 2.0000e+00 1.3000e+01 5.0000e+00 1.0000e+01 1.3000e+01 1.0000e+00 2.0000e+00 5.0000e+00 3.0000e+01 6.0000e+00 5.0000e+00 1.2000e+01 1.1000e+01 6.0000e+00 7.0000e+00 1.8000e+01 9.0000e+00 1.8000e+01 6.0000e+00 0.0000e+00
1.7460e+03 2.9850e+03 1.9000e+01 4.0000e+01 3.9000e+01 3.3000e+01 2.6000e+01 2.5000e+01 3.4180e+03 5.2000e+01 1.2000e+01 1.8000e+01 2.8000e+01 1.9000e+01 3.8000e+01 5.1000e+01 3.2650e+03 1.8830e+03 2.7000e+01 4.4000e+01 5.3000e+01 2.5000e+01 2.9000e+01 4.8000e+01 2.6000e+01 3.4850e+03 1.8000e+01 3.0450e+03 2.9600e+02 4.0000e+01 4.1000e+01 2.8000e+01 1.5000e+01 1.3000e+01 4.3000e+01 5.9000e+01 2.5000e+01 4.0000e+01 4.2000e+01 3.2360e+03 2.8000e+01 3.7000e+01 4.9000e+01 2.8000e+01 5.2000e+01 5.3000e+01 3.6000e+01 6.7000e+01 2.5000e+01 3.1000e+01
2.0000e+00 1.0000e+01 3.0000e+01 2.7010e+03 6.8000e+01 1.9000e+01 1.9000e+01 2.2000e+01 1.5000e+01 1.8000e+01 1.2000e+01 2.8070e+03 6.0000e+00 1.3000e+01 5.0000e+00 3.3000e+01 2.3000e+01 1.9000e+01 1.2000e+01 1.7000e+01 5.0000e+00 3.1000e+01 2.0000e+01 2.1000e+01 1.7000e+01 2.2000e+01 7.0000e+00 1.0000e+01 2.2000e+01 5.0000e+01 1.5000e+01 1.7000e+01 4.0000e+00 2.0000e+01 2.6620e+03 2.6970e+03 6.0000e+00 3.0000e+01 2.5000e+01 1.8000e+01 1.8000e+01 6.0000e+00 6.7000e+01 2.1000e+01 1.4000e+01 9.0000e+00 3.9040e+03 1.2000e+01 3.0000e+00 2.1000e+01
2.3000e+01 5.5000e+01 8.0000e+00 1.6000e+01 5.3000e+01 5.9000e+01 4.1000e+01 5.6000e+01 3.7000e+01 3.5000e+01 1.8000e+01 5.2000e+01 4.3000e+01 5.9000e+01 3.7660e+03 2.4000e+01 5.1000e+01 2.4380e+03 3.8250e+03 5.5000e+01 6.0000e+01 8.0000e+00 5.0000e+00 1.9000e+01 3.8000e+01 3.0000e+01 4.2000e+01 2.2000e+01 6.2000e+01 1.6000e+01 1.3000e+01 6.6000e+01 5.9000e+01 4.3280e+03 4.0000e+01 7.4000e+01 4.7990e+03 4.2000e+01 3.1000e+01 4.4000e+01 2.7000e+01 2.6000e+01 3.2000e+01 4.2180e+03 3.6000e+01 3.0000e+01 5.9000e+01 2.1000e+01 2.9000e+01 4.4370e+03
