2.0000e+00 1.0000e+00 1.0000e+00 3.0000e+00 2.0000e+00 1.0000e+00 1.0000e+00 1.0000e+00 6.0060e+03 2.9080e+03 4.0000e+00 6.0000e+00 0.0000e+00 1.0450e+03 5.9150e+03 2.0000e+00 1.0000e+00 6.0710e+03 5.9810e+03 1.0000e+00 1.0000e+00 5.5350e+03 7.6400e+02 5.9160e+03 2.0000e+00 6.0000e+00 1.0000e+00 1.0000e+00 1.0000e+00 3.0700e+02 1.0000e+00 1.0000e+00 7.3000e+01 7.0000e+00 4.0000e+00 2.0000e+00 1.9000e+01 4.0000e+00 1.0000e+00 9.0000e+00 4.0000e+00 1.0000e+00 0.0000e+00 1.1000e+01 2.0000e+00 0.0000e+00 1.0000e+00 1.0000e+00 1.0000e+00 4.0000e+00
1.0000e+00 1.0000e+00 1.0000e+00 1.0000e+00 1.0000e+00 1.0000e+00 1.0000e+00 1.0000e+00 1.0000e+00 1.0000e+00 5.0000e+00 1.0000e+00 3.0000e+00 1.0000e+00 1.0000e+00 1.0000e+00 1.0000e+00 1.0000e+00 1.0000e+00 1.0000e+00 1.0000e+00 1.0000e+00 1.0000e+00 1.0000e+00 1.0000e+00 3.0000e+00 1.0000e+00 1.0000e+00 5.0000e+00 1.0000e+00 1.0000e+00 2.4000e+01 1.0000e+00 1.0000e+00 1.0000e+00 1.0000e+00 1.0000e+00 1.0000e+00 1.0000e+00 1.0000e+00 1.0000e+00 1.0000e+00 5.8550e+03 4.1000e+01 1.0000e+00 3.0000e+00 1.0000e+00 1.0000e+00 1.0000e+00 1.0000e+00
3.0000e+00 3.0000e+00 6.0090e+03 1.0000e+00 1.0000e+00 2.0000e+00 6.0090e+03 2.0000e+00 2.0000e+00 1.0000e+00 6.0590e+03 1.0000e+00 2.0000e+00 1.0000e+00 2.0000e+00 1.0000e+00 1.0000e+00 1.0000e+00 4.0000e+00 2.0000e+00 1.0000e+00 1.0000e+00 4.0000e+00 1.0000e+00 1.0000e+00 1.0000e+00 1.0000e+00 1.0000e+00 1.0000e+00 2.0000e+00 1.0000e+00 6.0700e+03 5.9750e+03 1.0000e+00 2.0000e+00 2.0000e+00 1.0000e+00 3.0000e+00 1.0000e+00 1.6900e+02 2.0000e+00 1.0000e+00 1.0000e+00 1.0000e+00 2.0000e+00 3.0000e+00 1.0000e+00 2.0000e+00 1.0000e+00 1.1000e+01
1.0000e+00 1.0000e+00 1.0000e+00 1.0000e+00 1.0000e+00 2.0000e+00 3.0000e+00 1.0000e+00 1.0000e+00 1.0000e+00 2.0000e+00 1.0000e+00 3.0000e+00 1.0000e+00 1.0000e+00 1.0000e+00 1.0000e+00 1.0000e+00 1.0000e+00 6.0270e+03 1.0000e+00 1.0000e+00 1.0000e+00 1.0000e+00 1.0000e+00 1.0000e+00 1.2000e+01 5.9160e+03 1.0000e+00 1.0000e+00 5.9770e+03 2.0000e+00 1.0000e+00 2.0000e+00 3.0000e+00 1.0000e+01 1.0000e+00 6.0000e+00 6.1350e+03 1.0000e+00 1.0000e+00 1.0000e+00 1.0000e+00 1.0000e+00 2.3300e+02 5.9400e+03 2.0000e+00 3.0000e+00 1.0000e+00 1.0000e+00
2.0000e+00 1.3000e+01 3.0000e+00 1.0000e+00 2.0000e+00 2.0000e+00 1.0000e+00 5.0000e+00 1.0000e+00 2.0000e+00 1.0000e+00 1.0000e+00 5.9110e+03 1.0000e+00 3.0000e+00 2.0000e+00 1.0000e+00 1.0000e+00 1.0000e+00 3.0000e+00 2.0000e+00 5.0000e+01 1.0000e+00 1.0000e+00 1.0000e+00 1.0000e+00 6.0000e+03 2.0000e+00 1.0000e+00 2.0000e+00 2.0000e+00 3.0000e+00 1.2000e+01 1.0000e+00 5.8020e+03 2.0000e+00 1.0600e+03 1.0000e+00 1.0000e+00 1.0000e+00 1.0000e+00 8.1000e+01 2.0000e+00 1.0000e+00 2.0000e+00 1.0000e+00 5.3200e+02 1.0000e+00 1.0000e+00 5.8910e+03
2.0000e+00 4.0000e+00 1.0000e+00 2.0000e+00 6.7000e+01 0.0000e+00 3.0000e+00 3.0000e+00 1.0000e+00 2.0000e+00 0.0000e+00 3.0000e+00 1.0000e+00 1.0000e+00 2.0000e+00 1.0000e+00 2.0000e+00 1.0000e+00 2.0000e+00 1.0000e+00 5.0000e+00 4.3900e+02 5.2050e+03 2.5000e+01 5.8570e+03 4.0000e+00 1.0000e+00 2.0000e+00 3.0000e+00 1.0000e+00 0.0000e+00 2.0000e+00 6.0000e+00 1.0000e+00 2.0000e+00 1.0000e+00 3.0000e+00 5.9310e+03 2.0000e+00 5.6350e+03 6.0910e+03 5.8840e+03 3.0000e+00 3.0000e+00 7.3800e+02 1.0000e+00 1.0000e+00 1.0000e+00 1.0000e+00 1.0000e+00
5.9870e+03 1.0000e+00 5.0000e+00 5.0000e+00 5.9900e+03 1.0000e+00 8.0000e+00 5.9990e+03 2.0000e+00 3.0630e+03 1.0000e+00 1.0000e+00 2.0000e+00 1.0000e+00 1.0000e+00 6.0020e+03 1.0000e+00 1.0000e+00 1.0000e+00 1.0000e+00 2.0000e+00 1.0000e+00 2.0000e+00 1.0000e+00 1.9000e+01 1.0000e+00 1.0000e+00 2.0000e+00 3.0000e+00 1.0000e+00 1.0000e+00 1.0000e+00 1.0000e+00 1.0000e+00 1.0000e+00 1.6000e+01 2.0000e+00 1.0000e+00 1.0000e+00 1.0000e+00 1.0000e+00 1.0000e+00 7.0000e+00 2.0000e+00 1.0000e+00 1.0000e+00 1.0000e+00 6.1860e+03 1.0000e+00 1.0000e+00
1.0000e+00 1.0000e+00 1.0000e+00 1.0000e+00 3.0000e+00 2.0000e+00 1.0000e+00 1.0000e+00 2.0000e+00 9.0000e+00 1.0000e+00 1.7000e+01 4.0000e+00 4.9420e+03 1.0000e+00 1.0000e+00 1.0000e+00 1.0000e+00 1.0000e+00 1.0000e+00 5.9550e+03 1.0000e+00 1.0000e+00 3.0000e+00 1.0000e+00 3.0000e+00 1.0000e+00 1.0000e+00 6.0040e+03 2.0000e+00 4.0000e+00 2.0000e+00 2.0000e+00 5.8750e+03 3.0000e+00 5.9560e+03 1.0000e+00 1.0000e+00 1.0000e+00 1.0000e+00 2.0000e+00 1.0000e+00 1.0000e+00 2.0000e+00 2.0000e+00 1.0000e+00 1.0000e+00 1.0000e+00 5.9970e+03 4.0000e+00
1.0000e+00 5.8820e+03 1.0000e+00 6.0110e+03 2.0000e+00 2.0000e+00 3.0000e+00 8.0000e+00 2.0000e+00 1.0000e+00 7.0000e+00 6.0000e+00 2.0000e+00 2.0000e+00 1.0000e+00 1.0000e+00 1.0000e+00 1.0000e+00 1.0000e+00 1.0000e+00 1.0000e+00 4.0000e+00 3.0000e+00 1.0000e+00 2.0000e+00 7.0000e+00 3.0000e+00 2.0000e+00 3.0000e+00 5.7350e+03 4.0000e+00 4.0000e+00 5.3000e+01 4.0000e+00 1.7000e+01 4.0000e+00 4.9590e+03 2.0000e+00 1.0000e+00 3.0000e+00 1.0000e+00 3.0000e+00 1.0000e+00 5.9050e+03 3.0000e+00 1.0000e+00 5.5620e+03 1.0000e+00 2.5000e+01 3.0000e+00
2.0000e+00 1.0000e+00 4.0000e+00 1.0000e+00 1.0000e+00 5.9460e+03 1.0000e+00 1.0000e+00 1.0000e+00 1.0000e+00 2.0000e+00 5.9620e+03 2.0000e+00 3.0000e+00 1.0000e+00 1.0000e+00 6.0140e+03 1.0000e+00 1.0000e+00 1.0000e+00 2.0000e+00 1.0000e+00 4.0000e+00 1.0000e+00 2.0000e+00 5.8860e+03 1.0000e+00 8.0000e+00 1.0000e+00 1.6000e+01 3.0000e+00 1.0000e+00 1.0000e+00 2.0000e+00 1.0000e+00 1.0000e+00 1.0000e+00 1.0000e+00 1.0000e+00 1.0000e+00 3.0000e+00 1.0000e+00 1.0000e+00 1.0000e+00 5.0260e+03 5.0000e+00 1.0000e+00 2.0000e+00 9.0000e+00 2.0000e+00
