1.0000e+00 1.0000e+00 1.0000e+00 6.6667e-01 5.0000e-01 0.0000e+00 1.0000e+00 0.0000e+00 9.7835e-01 9.9553e-01 1.0000e+00 8.3333e-01 1.0000e+00 9.0431e-01 7.5976e-01 5.0000e-01 0.0000e+00 4.9036e-01 6.9654e-01 0.0000e+00 0.0000e+00 9.6947e-01 9.5157e-01 9.9459e-01 5.0000e-01 8.3333e-01 1.0000e+00 0.0000e+00 0.0000e+00 9.0228e-01 1.0000e+00 0.0000e+00 9.4521e-01 1.0000e+00 7.5000e-01 5.0000e-01 8.9474e-01 7.5000e-01 0.0000e+00 8.8889e-01 7.5000e-01 0.0000e+00 1.0000e+00 1.0000e+00 5.0000e-01 1.0000e+00 0.0000e+00 0.0000e+00 0.0000e+00 1.0000e+00
0.0000e+00 0.0000e+00 0.0000e+00 0.0000e+00 0.0000e+00 0.0000e+00 0.0000e+00 0.0000e+00 0.0000e+00 0.0000e+00 4.0000e-01 0.0000e+00 3.3333e-01 0.0000e+00 0.0000e+00 0.0000e+00 0.0000e+00 0.0000e+00 0.0000e+00 0.0000e+00 0.0000e+00 0.0000e+00 0.0000e+00 0.0000e+00 0.0000e+00 3.3333e-01 0.0000e+00 0.0000e+00 4.0000e-01 0.0000e+00 0.0000e+00 5.0000e-01 0.0000e+00 0.0000e+00 0.0000e+00 0.0000e+00 0.0000e+00 0.0000e+00 0.0000e+00 0.0000e+00 0.0000e+00 0.0000e+00 5.9078e-01 4.3902e-01 0.0000e+00 3.3333e-01 0.0000e+00 0.0000e+00 0.0000e+00 0.0000e+00
6.6667e-01 6.6667e-01 9.9551e-01 0.0000e+00 0.0000e+00 5.0000e-01 1.0000e+00 5.0000e-01 5.0000e-01 0.0000e+00 9.4933e-01 0.0000e+00 5.0000e-01 0.0000e+00 5.0000e-01 0.0000e+00 0.0000e+00 0.0000e+00 5.0000e-01 5.0000e-01 0.0000e+00 0.0000e+00 7.5000e-01 0.0000e+00 0.0000e+00 0.0000e+00 0.0000e+00 0.0000e+00 0.0000e+00 5.0000e-01 0.0000e+00 1.0000e+00 8.1289e-01 0.0000e+00 5.0000e-01 5.0000e-01 0.0000e+00 6.6667e-01 0.0000e+00 7.7515e-01 5.0000e-01 0.0000e+00 0.0000e+00 0.0000e+00 5.0000e-01 6.6667e-01 0.0000e+00 5.0000e-01 0.0000e+00 8.1818e-01
0.0000e+00 0.0000e+00 0.0000e+00 0.0000e+00 0.0000e+00 5.0000e-01 6.6667e-01 0.0000e+00 0.0000e+00 0.0000e+00 5.0000e-01 0.0000e+00 6.6667e-01 0.0000e+00 0.0000e+00 0.0000e+00 0.0000e+00 0.0000e+00 0.0000e+00 4.9311e-01 0.0000e+00 0.0000e+00 0.0000e+00 0.0000e+00 0.0000e+00 0.0000e+00 7.5000e-01 6.2677e-01 0.0000e+00 0.0000e+00 8.5377e-01 5.0000e-01 0.0000e+00 5.0000e-01 6.6667e-01 6.0000e-01 0.0000e+00 5.0000e-01 7.4833e-01 0.0000e+00 0.0000e+00 0.0000e+00 0.0000e+00 0.0000e+00 6.0086e-01 7.8350e-01 5.0000e-01 6.6667e-01 0.0000e+00 0.0000e+00
5.0000e-01 6.1538e-01 6.6667e-01 0.0000e+00 5.0000e-01 5.0000e-01 0.0000e+00 6.0000e-01 0.0000e+00 5.0000e-01 0.0000e+00 0.0000e+00 8.1103e-01 0.0000e+00 3.3333e-01 5.0000e-01 0.0000e+00 0.0000e+00 0.0000e+00 3.3333e-01 5.0000e-01 6.2000e-01 0.0000e+00 0.0000e+00 0.0000e+00 0.0000e+00 9.1217e-01 5.0000e-01 0.0000e+00 5.0000e-01 5.0000e-01 6.6667e-01 5.8333e-01 0.0000e+00 9.1589e-01 5.0000e-01 6.3868e-01 0.0000e+00 0.0000e+00 0.0000e+00 0.0000e+00 5.9259e-01 5.0000e-01 0.0000e+00 5.0000e-01 0.0000e+00 5.7895e-01 0.0000e+00 0.0000e+00 8.5418e-01
1.0000e+00 1.0000e+00 1.0000e+00 1.0000e+00 8.9552e-01 1.0000e+00 1.0000e+00 1.0000e+00 0.0000e+00 1.0000e+00 1.0000e+00 6.6667e-01 1.0000e+00 0.0000e+00 5.0000e-01 0.0000e+00 5.0000e-01 0.0000e+00 5.0000e-01 0.0000e+00 1.0000e+00 9.9317e-01 9.9731e-01 1.0000e+00 1.0000e+00 7.5000e-01 1.0000e+00 5.0000e-01 1.0000e+00 0.0000e+00 1.0000e+00 1.0000e+00 8.3333e-01 0.0000e+00 1.0000e+00 1.0000e+00 6.6667e-01 9.6544e-01 1.0000e+00 9.9574e-01 9.3958e-01 9.6125e-01 1.0000e+00 1.0000e+00 9.9051e-01 1.0000e+00 0.0000e+00 1.0000e+00 0.0000e+00 0.0000e+00
9.7495e-01 0.0000e+00 1.0000e+00 8.0000e-01 9.1669e-01 0.0000e+00 1.0000e+00 9.6466e-01 5.0000e-01 9.0369e-01 0.0000e+00 0.0000e+00 5.0000e-01 0.0000e+00 0.0000e+00 7.4592e-01 0.0000e+00 0.0000e+00 0.0000e+00 0.0000e+00 5.0000e-01 0.0000e+00 5.0000e-01 0.0000e+00 7.8947e-01 0.0000e+00 0.0000e+00 5.0000e-01 6.6667e-01 0.0000e+00 0.0000e+00 0.0000e+00 0.0000e+00 0.0000e+00 0.0000e+00 8.7500e-01 5.0000e-01 0.0000e+00 0.0000e+00 0.0000e+00 0.0000e+00 0.0000e+00 1.0000e+00 5.0000e-01 0.0000e+00 0.0000e+00 0.0000e+00 9.8044e-01 0.0000e+00 0.0000e+00
0.0000e+00 0.0000e+00 0.0000e+00 0.0000e+00 6.6667e-01 5.0000e-01 0.0000e+00 0.0000e+00 5.0000e-01 6.6667e-01 0.0000e+00 6.4706e-01 7.5000e-01 7.6042e-01 0.0000e+00 0.0000e+00 0.0000e+00 0.0000e+00 0.0000e+00 0.0000e+00 8.2720e-01 0.0000e+00 0.0000e+00 6.6667e-01 0.0000e+00 6.6667e-01 0.0000e+00 0.0000e+00 8.2628e-01 5.0000e-01 7.5000e-01 5.0000e-01 5.0000e-01 8.8511e-01 6.6667e-01 8.2035e-01 0.0000e+00 0.0000e+00 0.0000e+00 0.0000e+00 5.0000e-01 0.0000e+00 0.0000e+00 5.0000e-01 5.0000e-01 0.0000e+00 0.0000e+00 0.0000e+00 7.3587e-01 7.5000e-01
0.0000e+00 9.1993e-01 0.0000e+00 9.4726e-01 5.0000e-01 1.0000e+00 6.6667e-01 7.5000e-01 5.0000e-01 0.0000e+00 8.5714e-01 6.6667e-01 5.0000e-01 5.0000e-01 0.0000e+00 0.0000e+00 0.0000e+00 0.0000e+00 0.0000e+00 0.0000e+00 0.0000e+00 7.5000e-01 6.6667e-01 0.0000e+00 5.0000e-01 8.5714e-01 6.6667e-01 5.0000e-01 6.6667e-01 8.1273e-01 7.5000e-01 7.5000e-01 8.1132e-01 7.5000e-01 9.4118e-01 7.5000e-01 8.9837e-01 5.0000e-01 0.0000e+00 6.6667e-01 0.0000e+00 6.6667e-01 0.0000e+00 9.2464e-01 6.6667e-01 0.0000e+00 8.0079e-01 0.0000e+00 7.6000e-01 6.6667e-01
5.0000e-01 0.0000e+00 5.0000e-01 0.0000e+00 0.0000e+00 7.9684e-01 0.0000e+00 0.0000e+00 0.0000e+00 0.0000e+00 5.0000e-01 8.1382e-01 5.0000e-01 3.3333e-01 0.0000e+00 0.0000e+00 5.8913e-01 0.0000e+00 0.0000e+00 0.0000e+00 5.0000e-01 0.0000e+00 5.0000e-01 0.0000e+00 5.0000e-01 8.3316e-01 0.0000e+00 3.7500e-01 0.0000e+00 5.0000e-01 6.6667e-01 0.0000e+00 0.0000e+00 5.0000e-01 0.0000e+00 0.0000e+00 0.0000e+00 0.0000e+00 0.0000e+00 0.0000e+00 3.3333e-01 0.0000e+00 0.0000e+00 0.0000e+00 5.9948e-01 6.0000e-01 0.0000e+00 5.0000e-01 4.4444e-01 5.0000e-01
