2.0000e+00 1.0000e+00 1.0000e+00 2.0000e+00 1.0000e+00 0.0000e+00 1.0000e+00 0.0000e+00 5.8760e+03 2.8950e+03 4.0000e+00 5.0000e+00 0.0000e+00 9.4500e+02 4.4940e+03 1.0000e+00 0.0000e+00 2.9770e+03 4.1660e+03 0.0000e+00 0.0000e+00 5.3660e+03 7.2700e+02 5.8840e+03 1.0000e+00 5.0000e+00 1.0000e+00 0.0000e+00 0.0000e+00 2.7700e+02 1.0000e+00 0.0000e+00 6.9000e+01 7.0000e+00 3.0000e+00 1.0000e+00 1.7000e+01 3.0000e+00 0.0000e+00 8.0000e+00 3.0000e+00 0.0000e+00 0.0000e+00 1.1000e+01 1.0000e+00 0.0000e+00 0.0000e+00 0.0000e+00 0.0000e+00 4.0000e+00
0.0000e+00 0.0000e+00 0.0000e+00 0.0000e+00 0.0000e+00 0.0000e+00 0.0000e+00 0.0000e+00 0.0000e+00 0.0000e+00 2.0000e+00 0.0000e+00 1.0000e+00 0.0000e+00 0.0000e+00 0.0000e+00 0.0000e+00 0.0000e+00 0.0000e+00 0.0000e+00 0.0000e+00 0.0000e+00 0.0000e+00 0.0000e+00 0.0000e+00 1.0000e+00 0.0000e+00 0.0000e+00 2.0000e+00 0.0000e+00 0.0000e+00 1.2000e+01 0.0000e+00 0.0000e+00 0.0000e+00 0.0000e+00 0.0000e+00 0.0000e+00 0.0000e+00 0.0000e+00 0.0000e+00 0.0000e+00 3.4590e+03 1.8000e+01 0.0000e+00 1.0000e+00 0.0000e+00 0.0000e+00 0.0000e+00 0.0000e+00
2.0000e+00 2.0000e+00 5.9820e+03 0.0000e+00 0.0000e+00 1.0000e+00 6.0090e+03 1.0000e+00 1.0000e+00 0.0000e+00 5.7520e+03 0.0000e+00 1.0000e+00 0.0000e+00 1.0000e+00 0.0000e+00 0.0000e+00 0.0000e+00 2.0000e+00 1.0000e+00 0.0000e+00 0.0000e+00 3.0000e+00 0.0000e+00 0.0000e+00 0.0000e+00 0.0000e+00 0.0000e+00 0.0000e+00 1.0000e+00 0.0000e+00 6.0700e+03 4.8570e+03 0.0000e+00 1.0000e+00 1.0000e+00 0.0000e+00 2.0000e+00 0.0000e+00 1.3100e+02 1.0000e+00 0.0000e+00 0.0000e+00 0.0000e+00 1.0000e+00 2.0000e+00 0.0000e+00 1.0000e+00 0.0000e+00 9.0000e+00
0.0000e+00 0.0000e+00 0.0000e+00 0.0000e+00 0.0000e+00 1.0000e+00 2.0000e+00 0.0000e+00 0.0000e+00 0.0000e+00 1.0000e+00 0.0000e+00 2.0000e+00 0.0000e+00 0.0000e+00 0.0000e+00 0.0000e+00 0.0000e+00 0.0000e+00 2.9720e+03 0.0000e+00 0.0000e+00 0.0000e+00 0.0000e+00 0.0000e+00 0.0000e+00 9.0000e+00 3.7080e+03 0.0000e+00 0.0000e+00 5.1030e+03 1.0000e+00 0.0000e+00 1.0000e+00 2.0000e+00 6.0000e+00 0.0000e+00 3.0000e+00 4.5910e+03 0.0000e+00 0.0000e+00 0.0000e+00 0.0000e+00 0.0000e+00 1.4000e+02 4.6540e+03 1.0000e+00 2.0000e+00 0.0000e+00 0.0000e+00
1.0000e+00 8.0000e+00 2.0000e+00 0.0000e+00 1.0000e+00 1.0000e+00 0.0000e+00 3.0000e+00 0.0000e+00 1.0000e+00 0.0000e+00 0.0000e+00 4.7940e+03 0.0000e+00 1.0000e+00 1.0000e+00 0.0000e+00 0.0000e+00 0.0000e+00 1.0000e+00 1.0000e+00 3.1000e+01 0.0000e+00 0.0000e+00 0.0000e+00 0.0000e+00 5.4730e+03 1.0000e+00 0.0000e+00 1.0000e+00 1.0000e+00 2.0000e+00 7.0000e+00 0.0000e+00 5.3140e+03 1.0000e+00 6.7700e+02 0.0000e+00 0.0000e+00 0.0000e+00 0.0000e+00 4.8000e+01 1.0000e+00 0.0000e+00 1.0000e+00 0.0000e+00 3.0800e+02 0.0000e+00 0.0000e+00 5.0320e+03
2.0000e+00 4.0000e+00 1.0000e+00 2.0000e+00 6.0000e+01 0.0000e+00 3.0000e+00 3.0000e+00 0.0000e+00 2.0000e+00 0.0000e+00 2.0000e+00 1.0000e+00 0.0000e+00 1.0000e+00 0.0000e+00 1.0000e+00 0.0000e+00 1.0000e+00 0.0000e+00 5.0000e+00 4.3600e+02 5.1910e+03 2.5000e+01 5.8570e+03 3.0000e+00 1.0000e+00 1.0000e+00 3.0000e+00 0.0000e+00 0.0000e+00 2.0000e+00 5.0000e+00 0.0000e+00 2.0000e+00 1.0000e+00 2.0000e+00 5.7260e+03 2.0000e+00 5.6110e+03 5.7230e+03 5.6560e+03 3.0000e+00 3.0000e+00 7.3100e+02 1.0000e+00 0.0000e+00 1.0000e+00 0.0000e+00 0.0000e+00
5.8370e+03 0.0000e+00 5.0000e+00 4.0000e+00 5.4910e+03 0.0000e+00 8.0000e+00 5.7870e+03 1.0000e+00 2.7680e+03 0.0000e+00 0.0000e+00 1.0000e+00 0.0000e+00 0.0000e+00 4.4770e+03 0.0000e+00 0.0000e+00 0.0000e+00 0.0000e+00 1.0000e+00 0.0000e+00 1.0000e+00 0.0000e+00 1.5000e+01 0.0000e+00 0.0000e+00 1.0000e+00 2.0000e+00 0.0000e+00 0.0000e+00 0.0000e+00 0.0000e+00 0.0000e+00 0.0000e+00 1.4000e+01 1.0000e+00 0.0000e+00 0.0000e+00 0.0000e+00 0.0000e+00 0.0000e+00 7.0000e+00 1.0000e+00 0.0000e+00 0.0000e+00 0.0000e+00 6.0650e+03 0.0000e+00 0.0000e+00
0.0000e+00 0.0000e+00 0.0000e+00 0.0000e+00 2.0000e+00 1.0000e+00 0.0000e+00 0.0000e+00 1.0000e+00 6.0000e+00 0.0000e+00 1.1000e+01 3.0000e+00 3.7580e+03 0.0000e+00 0.0000e+00 0.0000e+00 0.0000e+00 0.0000e+00 0.0000e+00 4.9260e+03 0.0000e+00 0.0000e+00 2.0000e+00 0.0000e+00 2.0000e+00 0.0000e+00 0.0000e+00 4.9610e+03 1.0000e+00 3.0000e+00 1.0000e+00 1.0000e+00 5.2000e+03 2.0000e+00 4.8860e+03 0.0000e+00 0.0000e+00 0.0000e+00 0.0000e+00 1.0000e+00 0.0000e+00 0.0000e+00 1.0000e+00 1.0000e+00 0.0000e+00 0.0000e+00 0.0000e+00 4.4130e+03 3.0000e+00
0.0000e+00 5.4110e+03 0.0000e+00 5.6940e+03 1.0000e+00 2.0000e+00 2.0000e+00 6.0000e+00 1.0000e+00 0.0000e+00 6.0000e+00 4.0000e+00 1.0000e+00 1.0000e+00 0.0000e+00 0.0000e+00 0.0000e+00 0.0000e+00 0.0000e+00 0.0000e+00 0.0000e+00 3.0000e+00 2.0000e+00 0.0000e+00 1.0000e+00 6.0000e+00 2.0000e+00 1.0000e+00 2.0000e+00 4.6610e+03 3.0000e+00 3.0000e+00 4.3000e+01 3.0000e+00 1.6000e+01 3.0000e+00 4.4550e+03 1.0000e+00 0.0000e+00 2.0000e+00 0.0000e+00 2.0000e+00 0.0000e+00 5.4600e+03 2.0000e+00 0.0000e+00 4.4540e+03 0.0000e+00 1.9000e+01 2.0000e+00
1.0000e+00 0.0000e+00 2.0000e+00 0.0000e+00 0.0000e+00 4.7380e+03 0.0000e+00 0.0000e+00 0.0000e+00 0.0000e+00 1.0000e+00 4.8520e+03 1.0000e+00 1.0000e+00 0.0000e+00 0.0000e+00 3.5430e+03 0.0000e+00 0.0000e+00 0.0000e+00 1.0000e+00 0.0000e+00 2.0000e+00 0.0000e+00 1.0000e+00 4.9040e+03 0.0000e+00 3.0000e+00 0.0000e+00 8.0000e+00 2.0000e+00 0.0000e+00 0.0000e+00 1.0000e+00 0.0000e+00 0.0000e+00 0.0000e+00 0.0000e+00 0.0000e+00 0.0000e+00 1.0000e+00 0.0000e+00 0.0000e+00 0.0000e+00 3.0130e+03 3.0000e+00 0.0000e+00 1.0000e+00 4.0000e+00 1.0000e+00
