1.0000e+00 1.0000e+00 1.0000e+00 1.0000e+00 1.0000e+00 2.0000e+00 1.0000e+00 4.0000e+00 5.9290e+03 1.0000e+00 5.3000e+01 1.0000e+00 1.0000e+00 2.0000e+00 1.0000e+00 2.0000e+00 4.0000e+00 1.0000e+00 1.0000e+00 1.0000e+00 4.0000e+00 7.0000e+00 4.0000e+00 1.0000e+00 5.9850e+03 1.0000e+00 1.0000e+00 1.0000e+00 2.0000e+00 9.0000e+00 6.0760e+03 6.0440e+03 6.0010e+03 3.0000e+00 3.0000e+00 9.0000e+00 1.0000e+00 2.0000e+00 1.0000e+00 4.0000e+00 5.9310e+03 1.0000e+00 1.0000e+00 1.0000e+00 0.0000e+00 1.0000e+00 1.0000e+00 6.0000e+00 5.0000e+00 4.8030e+03
8.0000e+00 4.0000e+00 1.0000e+00 1.0000e+00 5.9410e+03 1.0000e+00 1.0000e+00 6.0770e+03 1.0000e+00 1.0000e+00 1.0000e+00 1.0000e+00 1.0000e+00 1.0000e+00 1.0000e+00 1.0000e+00 1.0000e+00 1.0000e+00 1.0000e+00 1.0000e+00 3.0000e+00 1.0000e+00 1.0000e+00 1.0000e+00 1.0000e+00 1.0000e+00 1.0000e+00 1.0000e+00 1.0000e+00 5.9710e+03 1.0000e+00 1.0000e+00 1.0000e+00 1.0000e+00 3.0000e+00 1.0000e+00 1.0000e+00 1.0000e+00 3.0000e+00 1.0000e+00 1.0000e+00 1.0000e+00 2.0000e+00 1.0000e+00 5.9390e+03 1.0000e+00 1.0000e+00 1.0000e+00 1.0000e+00 1.0000e+00
1.0000e+00 5.0000e+00 2.0000e+00 1.0000e+00 1.0000e+00 5.0000e+00 3.6300e+02 2.0000e+00 1.2000e+01 2.0000e+00 5.9330e+03 1.0000e+00 5.9640e+03 5.9580e+03 1.0000e+00 8.0000e+00 7.0000e+00 1.0000e+00 1.0000e+00 1.0000e+00 1.0000e+00 1.0000e+00 1.0000e+00 1.0000e+00 1.0000e+00 7.0000e+00 1.0000e+00 1.0000e+00 5.9400e+03 1.0000e+00 2.0000e+00 1.0000e+00 2.0000e+01 1.0000e+00 5.9090e+03 2.0000e+00 5.9750e+03 1.0000e+00 0.0000e+00 1.0000e+00 2.0000e+00 1.0000e+00 1.0000e+00 2.0000e+00 0.0000e+00 1.0000e+00 2.0000e+00 2.0000e+00 2.0000e+00 2.0000e+00
3.0070e+03 1.0000e+00 6.1150e+03 1.0000e+00 0.0000e+00 3.0000e+00 5.7240e+03 1.0000e+00 1.1000e+01 6.0160e+03 2.0000e+00 1.0000e+00 1.0000e+01 2.0000e+00 1.0000e+00 0.0000e+00 2.0000e+00 3.0000e+00 2.0000e+00 3.0000e+00 3.9000e+01 5.8170e+03 1.0000e+00 4.5000e+01 1.0000e+00 1.0000e+00 1.0000e+00 1.0000e+00 1.0000e+00 2.0000e+00 1.0000e+00 1.0000e+00 1.0000e+00 1.0000e+00 1.0000e+00 1.0000e+00 2.0000e+00 1.0000e+00 1.0000e+00 3.0000e+00 5.7000e+01 5.9600e+03 1.0000e+00 1.0000e+00 1.0000e+00 5.9180e+03 7.0000e+00 1.0000e+00 5.9280e+03 2.0000e+00
1.0000e+00 1.0000e+00 1.0000e+00 1.0000e+00 1.0000e+00 1.0000e+00 1.0000e+00 1.0000e+00 1.0000e+00 1.0000e+00 1.0000e+00 1.0000e+00 1.0000e+00 1.0000e+00 1.0000e+00 1.0000e+00 1.0000e+00 1.0000e+00 1.0000e+00 1.0000e+00 3.0000e+01 1.0000e+00 6.0000e+00 1.0000e+01 1.0000e+00 1.0000e+00 1.0000e+00 1.0000e+00 1.0000e+00 1.0000e+00 1.0000e+00 5.0000e+00 1.0000e+00 1.0000e+00 1.0000e+00 1.0000e+00 1.0000e+00 1.0000e+00 4.5670e+03 1.0000e+00 1.0000e+00 1.0000e+00 1.0000e+00 1.0000e+00 1.0000e+00 1.0000e+00 1.0000e+00 5.9710e+03 1.0000e+00 1.0000e+00
1.0000e+00 1.0000e+00 1.0000e+00 1.0000e+00 1.0000e+00 6.0620e+03 1.0000e+00 1.0000e+00 1.0000e+00 1.0000e+00 1.0000e+00 1.0000e+00 1.0000e+00 1.0000e+00 4.0000e+00 7.0000e+00 1.0000e+00 1.0000e+00 1.0000e+00 1.0000e+00 1.0000e+00 1.0000e+00 1.0000e+00 1.0000e+00 1.0000e+00 1.0000e+00 1.0000e+00 1.0000e+00 1.0000e+00 3.7000e+01 1.0000e+00 2.0000e+00 1.0000e+00 1.0000e+00 1.0000e+00 1.0000e+00 1.0000e+00 6.0620e+03 1.4700e+03 1.0000e+00 1.0000e+00 4.0000e+00 5.9630e+03 1.0000e+00 3.0000e+00 1.0000e+00 1.0000e+00 1.0000e+00 1.0000e+00 1.0000e+00
1.0000e+00 1.0000e+00 8.0000e+00 1.0000e+00 1.0000e+00 1.0000e+00 1.0000e+00 1.0000e+00 1.0000e+00 1.0000e+00 6.0000e+00 1.0000e+00 1.0000e+00 1.0000e+00 1.0000e+00 5.9770e+03 1.0000e+00 1.0000e+00 4.0000e+00 1.0000e+00 1.0000e+00 1.0000e+00 1.0000e+00 1.0000e+00 1.0000e+00 5.0000e+00 1.0000e+00 1.0000e+00 3.0000e+00 1.0000e+00 1.0000e+00 3.0000e+00 1.0000e+00 1.0000e+00 1.0000e+00 7.0000e+00 1.0000e+00 1.0000e+00 1.0000e+00 1.0000e+00 1.0000e+00 1.3000e+01 1.0000e+00 1.0000e+00 1.0000e+00 1.0000e+00 1.0000e+00 1.0000e+00 1.0000e+00 1.0000e+00
3.0540e+03 5.9290e+03 1.0000e+00 6.0020e+03 1.0000e+00 2.0000e+00 2.0000e+00 3.0000e+00 2.0000e+00 2.0000e+00 1.0000e+00 1.0000e+00 1.0000e+00 1.0000e+00 1.8000e+01 3.0000e+00 6.0550e+03 6.0630e+03 1.0000e+00 3.0000e+01 1.0000e+00 1.0000e+00 5.9130e+03 5.8900e+03 1.0000e+00 1.0000e+00 1.0000e+00 5.8960e+03 1.6000e+01 1.0000e+00 2.0000e+00 1.0000e+00 1.0000e+00 1.0000e+00 1.0000e+00 2.0000e+00 1.0000e+00 1.0000e+00 1.0000e+00 4.0000e+00 2.0000e+00 1.0000e+00 1.0000e+00 1.0000e+00 2.0000e+00 1.0000e+00 1.0000e+00 7.0000e+00 2.0000e+00 2.0000e+00
1.0000e+00 1.0000e+00 1.0000e+00 1.0000e+00 1.0000e+00 1.0000e+00 1.0000e+00 5.0000e+00 1.0000e+00 1.0000e+00 1.0000e+01 5.9840e+03 1.0000e+00 1.0000e+00 1.0000e+00 2.0000e+00 1.0000e+00 1.0000e+00 1.0000e+00 1.0000e+00 1.0000e+00 1.0000e+00 1.0000e+00 1.0000e+00 1.0000e+00 5.9980e+03 1.0000e+00 1.0000e+00 1.0000e+00 1.0000e+00 1.0000e+00 1.0000e+00 1.0000e+00 1.0000e+00 8.0000e+00 5.9410e+03 1.0000e+00 4.0000e+00 1.0000e+00 6.0400e+03 1.0000e+00 1.0000e+00 1.3000e+01 1.0000e+00 1.0000e+00 1.0000e+00 5.9060e+03 1.0000e+00 1.0000e+00 1.0000e+00
2.0000e+00 2.0000e+00 1.0000e+00 1.0000e+00 0.0000e+00 2.0000e+00 1.0000e+00 4.0000e+00 4.0000e+00 2.0000e+00 1.2000e+01 1.0000e+00 1.0000e+00 7.0000e+00 6.0080e+03 0.0000e+00 1.0000e+00 5.0000e+00 6.0160e+03 6.0100e+03 5.8950e+03 1.0000e+00 3.0000e+00 1.0000e+00 1.0000e+00 6.0000e+00 5.9080e+03 9.0000e+00 1.3000e+01 2.0000e+00 1.0000e+00 3.0000e+00 1.0000e+00 6.0110e+03 1.0000e+00 1.0000e+00 2.0000e+00 1.0000e+00 1.0000e+00 1.0000e+00 1.0000e+00 1.0000e+00 1.0000e+00 5.9700e+03 0.0000e+00 2.0000e+00 1.1000e+01 0.0000e+00 2.0000e+00 1.0750e+03
