0.0000e+00 0.0000e+00 0.0000e+00 0.0000e+00 0.0000e+00 5.0000e-01 0.0000e+00 5.0000e-01 6.1444e-01 0.0000e+00 3.0189e-01 0.0000e+00 0.0000e+00 5.0000e-01 0.0000e+00 5.0000e-01 2.5000e-01 0.0000e+00 0.0000e+00 0.0000e+00 5.0000e-01 4.2857e-01 2.5000e-01 0.0000e+00 2.0234e-01 0.0000e+00 0.0000e+00 0.0000e+00 5.0000e-01 5.5556e-01 6.4681e-01 7.5579e-01 6.0790e-01 3.3333e-01 3.3333e-01 4.4444e-01 0.0000e+00 1.0000e+00 0.0000e+00 2.5000e-01 5.8253e-01 0.0000e+00 0.0000e+00 0.0000e+00 1.0000e+00 0.0000e+00 0.0000e+00 6.6667e-01 4.0000e-01 6.1545e-01
3.7500e-01 2.5000e-01 0.0000e+00 0.0000e+00 7.2059e-01 0.0000e+00 0.0000e+00 4.8182e-01 0.0000e+00 0.0000e+00 0.0000e+00 0.0000e+00 0.0000e+00 0.0000e+00 0.0000e+00 0.0000e+00 0.0000e+00 0.0000e+00 0.0000e+00 0.0000e+00 3.3333e-01 0.0000e+00 0.0000e+00 0.0000e+00 0.0000e+00 0.0000e+00 0.0000e+00 0.0000e+00 0.0000e+00 6.8849e-01 0.0000e+00 0.0000e+00 0.0000e+00 0.0000e+00 3.3333e-01 0.0000e+00 0.0000e+00 0.0000e+00 6.6667e-01 0.0000e+00 0.0000e+00 0.0000e+00 5.0000e-01 0.0000e+00 1.0000e+00 0.0000e+00 0.0000e+00 0.0000e+00 0.0000e+00 0.0000e+00
0.0000e+00 4.0000e-01 5.0000e-01 0.0000e+00 0.0000e+00 6.0000e-01 5.9504e-01 5.0000e-01 5.8333e-01 5.0000e-01 7.0555e-01 0.0000e+00 5.8786e-01 6.5190e-01 0.0000e+00 8.7500e-01 4.2857e-01 0.0000e+00 0.0000e+00 0.0000e+00 0.0000e+00 0.0000e+00 0.0000e+00 0.0000e+00 0.0000e+00 4.2857e-01 0.0000e+00 0.0000e+00 6.8754e-01 0.0000e+00 5.0000e-01 0.0000e+00 5.0000e-01 0.0000e+00 6.5426e-01 5.0000e-01 6.3297e-01 0.0000e+00 1.0000e+00 0.0000e+00 5.0000e-01 0.0000e+00 1.0000e+00 5.0000e-01 1.0000e+00 0.0000e+00 5.0000e-01 5.0000e-01 5.0000e-01 5.0000e-01
1.0000e+00 0.0000e+00 9.3590e-01 0.0000e+00 1.0000e+00 6.6667e-01 1.0000e+00 1.0000e+00 9.0909e-01 9.0924e-01 5.0000e-01 0.0000e+00 8.0000e-01 5.0000e-01 0.0000e+00 1.0000e+00 5.0000e-01 1.0000e+00 5.0000e-01 6.6667e-01 9.4872e-01 8.9926e-01 0.0000e+00 9.7778e-01 0.0000e+00 0.0000e+00 0.0000e+00 0.0000e+00 0.0000e+00 5.0000e-01 0.0000e+00 1.0000e+00 0.0000e+00 0.0000e+00 0.0000e+00 0.0000e+00 5.0000e-01 1.0000e+00 0.0000e+00 3.3333e-01 9.4737e-01 7.1862e-01 0.0000e+00 0.0000e+00 1.0000e+00 9.8919e-01 1.0000e+00 1.0000e+00 9.3792e-01 5.0000e-01
0.0000e+00 0.0000e+00 0.0000e+00 0.0000e+00 0.0000e+00 0.0000e+00 0.0000e+00 0.0000e+00 0.0000e+00 0.0000e+00 0.0000e+00 0.0000e+00 0.0000e+00 0.0000e+00 0.0000e+00 0.0000e+00 0.0000e+00 0.0000e+00 0.0000e+00 0.0000e+00 3.3333e-01 0.0000e+00 1.6667e-01 3.0000e-01 0.0000e+00 0.0000e+00 0.0000e+00 0.0000e+00 0.0000e+00 0.0000e+00 0.0000e+00 4.0000e-01 0.0000e+00 0.0000e+00 0.0000e+00 0.0000e+00 0.0000e+00 0.0000e+00 9.2249e-01 0.0000e+00 0.0000e+00 0.0000e+00 0.0000e+00 0.0000e+00 0.0000e+00 0.0000e+00 0.0000e+00 7.1261e-01 0.0000e+00 0.0000e+00
0.0000e+00 0.0000e+00 0.0000e+00 0.0000e+00 0.0000e+00 5.1270e-01 0.0000e+00 0.0000e+00 0.0000e+00 0.0000e+00 0.0000e+00 0.0000e+00 0.0000e+00 0.0000e+00 2.5000e-01 5.7143e-01 0.0000e+00 0.0000e+00 0.0000e+00 0.0000e+00 0.0000e+00 0.0000e+00 0.0000e+00 0.0000e+00 0.0000e+00 0.0000e+00 0.0000e+00 0.0000e+00 0.0000e+00 5.9459e-01 0.0000e+00 5.0000e-01 0.0000e+00 0.0000e+00 0.0000e+00 0.0000e+00 0.0000e+00 1.0000e+00 1.0000e+00 0.0000e+00 0.0000e+00 2.5000e-01 1.0000e+00 0.0000e+00 6.6667e-01 0.0000e+00 0.0000e+00 0.0000e+00 0.0000e+00 0.0000e+00
0.0000e+00 0.0000e+00 2.5000e-01 0.0000e+00 0.0000e+00 0.0000e+00 0.0000e+00 0.0000e+00 0.0000e+00 0.0000e+00 1.6667e-01 0.0000e+00 0.0000e+00 0.0000e+00 0.0000e+00 5.9645e-01 0.0000e+00 0.0000e+00 2.5000e-01 0.0000e+00 0.0000e+00 0.0000e+00 0.0000e+00 0.0000e+00 0.0000e+00 2.0000e-01 0.0000e+00 0.0000e+00 3.3333e-01 0.0000e+00 0.0000e+00 3.3333e-01 0.0000e+00 0.0000e+00 0.0000e+00 2.8571e-01 0.0000e+00 0.0000e+00 0.0000e+00 0.0000e+00 0.0000e+00 2.3077e-01 0.0000e+00 0.0000e+00 0.0000e+00 0.0000e+00 0.0000e+00 0.0000e+00 0.0000e+00 0.0000e+00
6.7322e-01 5.6755e-01 0.0000e+00 4.6451e-01 0.0000e+00 5.0000e-01 5.0000e-01 6.6667e-01 5.0000e-01 5.0000e-01 0.0000e+00 0.0000e+00 0.0000e+00 0.0000e+00 5.0000e-01 6.6667e-01 6.1189e-01 7.2538e-01 0.0000e+00 5.6667e-01 0.0000e+00 0.0000e+00 5.5217e-01 7.5603e-01 0.0000e+00 0.0000e+00 0.0000e+00 5.8616e-01 6.8750e-01 0.0000e+00 5.0000e-01 0.0000e+00 0.0000e+00 0.0000e+00 0.0000e+00 5.0000e-01 0.0000e+00 0.0000e+00 1.0000e+00 2.5000e-01 5.0000e-01 0.0000e+00 0.0000e+00 0.0000e+00 1.0000e+00 0.0000e+00 0.0000e+00 8.5714e-01 5.0000e-01 5.0000e-01
0.0000e+00 0.0000e+00 0.0000e+00 0.0000e+00 0.0000e+00 0.0000e+00 0.0000e+00 4.0000e-01 0.0000e+00 0.0000e+00 2.0000e-01 5.1270e-01 0.0000e+00 0.0000e+00 0.0000e+00 5.0000e-01 0.0000e+00 0.0000e+00 0.0000e+00 0.0000e+00 0.0000e+00 0.0000e+00 0.0000e+00 0.0000e+00 0.0000e+00 4.1464e-01 0.0000e+00 0.0000e+00 0.0000e+00 0.0000e+00 0.0000e+00 0.0000e+00 0.0000e+00 0.0000e+00 3.7500e-01 4.9167e-01 0.0000e+00 7.5000e-01 0.0000e+00 1.9123e-01 0.0000e+00 0.0000e+00 8.4615e-01 0.0000e+00 0.0000e+00 0.0000e+00 7.2655e-01 0.0000e+00 0.0000e+00 0.0000e+00
5.0000e-01 5.0000e-01 0.0000e+00 0.0000e+00 1.0000e+00 5.0000e-01 0.0000e+00 7.5000e-01 7.5000e-01 5.0000e-01 4.1667e-01 0.0000e+00 0.0000e+00 7.1429e-01 6.9524e-01 1.0000e+00 0.0000e+00 8.0000e-01 7.1243e-01 8.0666e-01 7.8134e-01 0.0000e+00 3.3333e-01 0.0000e+00 0.0000e+00 5.0000e-01 7.0311e-01 5.5556e-01 7.6923e-01 5.0000e-01 0.0000e+00 1.0000e+00 0.0000e+00 8.2416e-01 0.0000e+00 0.0000e+00 5.0000e-01 0.0000e+00 0.0000e+00 0.0000e+00 0.0000e+00 0.0000e+00 1.0000e+00 7.6935e-01 1.0000e+00 5.0000e-01 8.1818e-01 1.0000e+00 5.0000e-01 8.4651e-01
