3.1400e+02 6.0000e+00 1.6000e+01 1.4200e+02 4.8000e+01 1.9000e+01 1.3000e+01 1.6000e+01 9.5880e+03 6.9440e+03
8.0000e+00 1.1000e+01 1.3000e+01 9.8610e+03 6.6000e+01 1.4000e+01 8.2000e+01 1.1000e+01 9.0000e+00 3.0300e+03
9.2840e+03 2.1000e+01 6.0000e+00 0.0000e+00 9.1050e+03 3.9000e+01 6.7100e+03 9.4000e+02 9.0000e+00 0.0000e+00
8.7000e+01 8.8000e+01 1.6900e+02 0.0000e+00 5.0700e+02 1.0070e+04 8.0000e+00 9.2000e+01 2.8000e+01 0.0000e+00
6.0000e+00 8.0000e+00 4.6300e+02 0.0000e+00 3.0000e+01 0.0000e+00 6.0000e+00 8.6000e+01 7.0000e+00 0.0000e+00
5.7000e+01 1.3000e+01 1.0000e+01 0.0000e+00 8.8000e+01 0.0000e+00 3.2770e+03 4.4900e+02 7.0000e+00 0.0000e+00
2.3600e+02 1.0000e+01 1.0000e+01 0.0000e+00 1.4800e+02 0.0000e+00 0.0000e+00 1.1000e+01 1.8000e+01 0.0000e+00
1.9000e+01 6.9320e+03 9.2320e+03 0.0000e+00 9.0000e+00 0.0000e+00 0.0000e+00 8.2900e+03 3.1000e+01 0.0000e+00
8.0000e+00 2.1000e+01 6.0000e+00 0.0000e+00 5.7000e+01 0.0000e+00 0.0000e+00 5.7000e+01 2.2100e+02 0.0000e+00
6.0000e+00 2.6890e+03 1.2000e+01 0.0000e+00 1.1000e+01 0.0000e+00 0.0000e+00 5.8000e+01 2.7000e+01 0.0000e+00
