8.6700e+02 1.6000e+02 2.1100e+02 7.4600e+02 5.0800e+02 5.5600e+02 3.7200e+02 2.0500e+02 9.1100e+02 9.5600e+02
1.6000e+02 5.8000e+02 2.2400e+02 9.8500e+02 5.9100e+02 2.8600e+02 7.7700e+02 6.4000e+01 1.0600e+02 9.9100e+02
1.0140e+03 4.7800e+02 8.5000e+01 6.2200e+02 7.7500e+02 5.6600e+02 9.4700e+02 8.3300e+02 5.6800e+02 5.0700e+02
7.1700e+02 7.9100e+02 7.9100e+02 5.2500e+02 7.3400e+02 9.8600e+02 1.7900e+02 4.7400e+02 3.5500e+02 8.4300e+02
6.0000e+00 1.4600e+02 8.9200e+02 6.5300e+02 2.7600e+02 2.9700e+02 6.3000e+01 5.5600e+02 1.6100e+02 3.0900e+02
7.0200e+02 4.0600e+02 1.2300e+02 1.5800e+02 5.0400e+02 3.8300e+02 9.5500e+02 7.6400e+02 1.9300e+02 5.7400e+02
8.1300e+02 4.6500e+02 3.1600e+02 2.9500e+02 5.8700e+02 5.3900e+02 5.1000e+02 2.1900e+02 5.1000e+02 5.7300e+02
5.0200e+02 9.9900e+02 9.6700e+02 2.6600e+02 1.3000e+01 4.1400e+02 6.3200e+02 8.0100e+02 5.1900e+02 1.8000e+01
2.3700e+02 4.3600e+02 1.3900e+02 8.0100e+02 4.9500e+02 4.7000e+01 4.2500e+02 5.4700e+02 6.8200e+02 4.3400e+02
5.3000e+01 1.0190e+03 2.0000e+02 1.6300e+02 1.0000e+02 2.5600e+02 1.5700e+02 4.7300e+02 4.3500e+02 5.5100e+02
