5.6240e-01 3.1614e-01 7.7362e-01 3.0731e-01 5.8376e-01 6.7071e-01 6.3807e-01 6.9970e-01 6.1670e-01 6.2742e-01 3.9968e-01 4.2787e-01 2.6325e-01 3.3223e-01 3.8942e-01 4.4483e-01 1.8992e-01 1.4065e-01 1.7355e-01 3.3512e-01 5.5789e-01 2.4121e-01 3.8521e-01 3.7544e-01 2.0847e-01 3.0366e-01 5.9675e-01 2.2446e-01 6.9861e-01 6.1360e-01 6.5172e-01 7.5874e-01 5.9799e-01 6.2867e-01 4.3664e-01 4.0836e-01 3.3874e-01 6.1329e-01 5.5263e-01 3.2120e-01 5.4301e-01 0.0000e+00 2.4262e-01 4.2459e-01 7.7355e-01 1.7600e-01 4.6535e-01 6.7340e-01 1.9454e-01 6.0445e-01
4.4175e-01 4.1531e-01 0.0000e+00 0.0000e+00 7.4120e-01 0.0000e+00 2.8527e-01 4.8112e-01 1.2371e-01 1.5947e-01 0.0000e+00 0.0000e+00 5.8626e-02 0.0000e+00 7.5377e-02 5.1333e-01 8.0315e-02 0.0000e+00 1.9301e-01 3.8614e-01 1.4915e-01 4.0464e-01 4.2246e-01 9.3443e-02 1.0101e-01 1.1755e-01 1.7286e-01 0.0000e+00 6.0897e-01 7.1262e-01 2.0593e-01 0.0000e+00 0.0000e+00 2.2824e-01 2.4919e-01 2.3394e-01 1.7317e-01 1.8325e-01 3.9761e-01 0.0000e+00 0.0000e+00 2.1886e-01 1.6057e-01 2.2575e-01 1.0000e+00 6.7219e-01 0.0000e+00 2.0771e-01 3.8854e-01 1.0315e-01
2.3140e-01 3.3333e-01 2.6733e-01 5.7605e-01 4.1872e-01 6.0328e-01 6.0197e-01 4.3351e-01 5.9406e-01 6.6719e-01 6.8557e-01 2.6368e-01 5.7938e-01 6.4992e-01 2.4961e-01 5.8553e-01 5.2500e-01 4.2140e-01 4.5225e-01 4.6246e-01 6.7875e-01 4.2691e-01 2.9612e-01 6.7517e-01 6.3784e-01 3.6741e-01 3.4609e-01 3.5703e-01 6.7679e-01 5.1060e-01 3.4928e-01 4.1776e-01 6.0364e-01 6.0381e-01 6.2478e-01 4.0895e-01 6.0420e-01 4.1126e-01 6.4441e-01 3.3937e-01 6.8007e-01 3.5410e-01 8.2947e-01 4.1977e-01 3.9280e-01 3.4690e-01 3.5294e-01 3.1776e-01 5.4395e-01 3.6068e-01
1.0000e+00 3.7882e-01 9.2722e-01 7.7100e-01 2.9355e-01 9.0532e-01 1.0000e+00 6.9453e-01 6.9728e-01 9.1461e-01 2.3117e-01 9.1388e-01 8.0000e-01 7.1174e-01 7.6649e-02 6.9889e-01 2.8239e-01 7.6292e-01 6.6071e-01 1.3594e-01 9.4146e-01 9.0280e-01 1.3870e-01 9.8176e-01 6.1296e-02 6.4559e-01 7.3885e-01 4.2527e-01 3.7943e-01 7.5748e-01 1.6554e-01 6.7606e-01 6.8842e-01 9.3548e-02 3.5304e-01 3.4921e-02 9.0323e-01 9.5973e-01 6.9067e-01 1.2727e-01 8.8926e-01 6.9506e-01 3.4396e-01 6.7402e-01 8.6972e-01 9.9220e-01 9.2787e-01 8.2155e-01 9.5659e-01 2.6202e-01
1.3145e-01 1.5925e-01 0.0000e+00 0.0000e+00 1.6517e-01 0.0000e+00 3.5265e-01 5.0420e-03 0.0000e+00 0.0000e+00 6.3574e-02 3.0769e-01 0.0000e+00 2.5773e-02 0.0000e+00 4.1599e-01 2.0418e-01 4.3783e-02 1.0133e-01 3.9339e-01 5.0417e-01 1.2759e-01 3.0783e-01 2.1806e-01 9.3489e-02 2.8070e-02 0.0000e+00 0.0000e+00 1.2116e-01 1.8464e-01 2.2167e-01 3.9109e-01 5.8020e-02 7.3090e-02 2.5083e-01 0.0000e+00 0.0000e+00 8.8183e-02 9.0476e-01 0.0000e+00 1.0000e-01 0.0000e+00 1.9895e-01 0.0000e+00 1.6885e-01 1.0882e-01 7.2013e-02 7.1292e-01 9.0909e-02 0.0000e+00
1.9968e-01 1.6639e-01 1.4701e-01 1.0187e-01 0.0000e+00 5.6007e-01 0.0000e+00 0.0000e+00 0.0000e+00 9.0476e-02 4.0362e-01 1.9048e-01 1.1318e-01 1.7920e-01 3.6780e-01 5.2615e-01 1.4077e-01 9.7039e-02 7.7170e-02 1.0526e-01 2.6897e-01 0.0000e+00 0.0000e+00 0.0000e+00 3.1197e-01 9.4926e-02 0.0000e+00 0.0000e+00 3.4300e-01 7.5402e-01 9.1772e-02 3.6081e-01 2.1453e-01 0.0000e+00 2.9549e-01 9.3023e-02 3.9076e-02 1.0000e+00 1.0000e+00 1.2829e-01 8.6356e-02 2.2945e-01 1.0000e+00 0.0000e+00 7.9595e-01 0.0000e+00 2.1850e-01 1.1017e-01 9.0016e-02 0.0000e+00
2.5176e-01 4.1379e-02 2.7500e-01 1.8487e-01 1.4715e-01 1.6443e-01 2.3077e-01 8.9376e-02 0.0000e+00 2.0000e-01 1.0410e-01 1.2434e-01 3.7099e-02 9.3178e-02 9.4435e-02 5.9636e-01 5.4329e-02 9.9010e-02 9.8592e-02 1.0645e-01 1.6667e-01 9.1190e-02 2.4212e-01 3.0721e-01 9.0750e-02 1.3101e-01 4.8658e-02 1.0877e-01 1.1876e-01 5.8541e-01 4.7619e-02 2.1404e-01 3.5826e-02 9.9349e-02 2.0181e-01 7.7044e-02 4.5918e-02 1.0543e-01 3.4747e-01 9.9502e-02 1.2231e-01 1.4897e-01 2.5566e-01 1.1617e-01 2.0847e-01 2.9582e-01 1.1207e-01 2.6178e-01 6.9492e-02 3.9519e-02
6.8051e-01 5.8278e-01 3.9057e-01 4.6329e-01 4.9577e-01 4.8788e-01 2.6415e-01 4.1546e-01 6.1728e-01 6.0877e-01 1.7148e-01 2.0098e-01 3.5893e-01 2.4286e-01 5.4146e-01 6.0000e-01 5.8374e-01 7.1569e-01 3.0872e-01 6.3439e-01 5.9967e-01 3.8268e-01 5.3987e-01 7.5753e-01 4.4013e-01 6.4735e-01 3.0245e-01 5.6478e-01 6.6882e-01 5.2349e-01 4.8586e-01 4.1479e-01 1.8641e-01 3.0537e-01 6.0906e-01 6.1473e-01 4.6154e-01 5.5971e-01 4.4767e-01 6.4241e-01 3.5516e-01 4.7627e-01 6.1452e-01 3.9661e-01 6.8903e-01 7.0132e-01 5.8236e-01 7.0759e-01 4.0399e-01 3.6060e-01
8.3624e-02 8.9983e-02 3.0508e-01 5.4500e-01 4.9132e-01 2.3906e-01 3.9597e-01 3.9759e-01 1.8087e-01 2.2166e-01 1.8750e-01 5.1119e-01 8.3601e-02 1.8214e-01 9.4617e-02 5.1461e-01 3.0622e-01 1.9934e-01 1.8319e-01 2.0000e-01 1.0469e-01 4.0630e-01 3.2692e-01 3.3017e-01 2.1806e-01 3.9075e-01 8.1522e-02 1.3644e-01 3.6170e-01 5.2479e-01 3.0369e-01 1.8375e-01 1.0733e-01 2.9223e-01 5.1252e-01 5.0161e-01 9.3596e-02 5.0082e-01 3.1250e-01 2.0743e-01 1.8105e-01 9.3248e-02 8.1954e-01 2.9932e-01 1.1602e-01 1.1203e-01 6.9331e-01 2.0918e-01 9.5082e-02 2.8956e-01
3.0648e-01 7.2222e-01 2.0244e-01 2.3119e-01 7.1561e-01 8.1877e-01 5.2922e-01 8.2799e-01 5.1282e-01 5.0833e-01 3.7377e-01 8.3636e-01 6.9558e-01 6.6615e-01 7.1053e-01 2.2924e-01 7.3077e-01 8.5515e-01 6.8977e-01 7.9969e-01 7.8349e-01 1.8310e-01 1.5950e-01 3.1434e-01 4.6978e-01 5.5444e-01 7.1282e-01 3.2424e-01 7.5552e-01 2.7179e-01 2.4045e-01 8.1280e-01 8.0744e-01 7.9695e-01 6.9444e-01 9.0517e-01 8.8418e-01 6.6179e-01 2.6210e-01 6.3279e-01 2.9780e-01 3.1672e-01 5.1801e-01 7.5897e-01 5.4101e-01 4.1281e-01 8.4083e-01 2.8253e-01 2.9805e-01 8.6395e-01
