2.6531e-01 6.8182e-02 3.7168e-01 3.9370e-01 2.7731e-01 7.9137e-01 8.8028e-01 2.5926e-01 2.5424e-01 1.0484e-01 5.3782e-01 2.1905e-01 6.8182e-02 2.5962e-01 3.3621e-01 4.4144e-01 2.3148e-01 1.3178e-01 1.2844e-01 1.4050e-01 2.1368e-01 2.5490e-01 9.7345e-02 2.4370e-01 1.5126e-01 3.0081e-01 3.9837e-01 1.4754e-01 4.3537e-01 5.0000e-01 2.2321e-01 2.6829e-01 1.7526e-01 4.7899e-01 3.8333e-01 4.0323e-01 7.7586e-02 6.1364e-01 8.9474e-01 5.7724e-01 1.7094e-01 1.1382e-01 5.6780e-01 1.4286e-01 3.3621e-01 4.1727e-01 5.1754e-01 5.1042e-01 2.5203e-01 2.0833e-01
2.8182e-01 1.3393e-01 4.3478e-02 6.2500e-01 4.3262e-01 6.3194e-01 2.2500e-01 1.7273e-01 2.6316e-01 4.0152e-01 1.7391e-01 6.0000e-01 1.4706e-01 7.1429e-02 3.1200e-01 5.9483e-01 5.8730e-01 2.2330e-01 1.6667e-01 2.3276e-01 6.9178e-01 4.2735e-01 2.4627e-01 2.0161e-01 3.7398e-01 2.0833e-01 3.1148e-01 2.3810e-01 2.2400e-01 7.4380e-01 1.9048e-01 8.9922e-01 4.5082e-01 3.4188e-02 1.0000e+00 1.4062e-01 1.7593e-01 6.2500e-01 1.0000e+00 1.7164e-01 3.2258e-02 5.9322e-02 8.2474e-01 5.5856e-01 7.6852e-01 3.2381e-01 5.6911e-02 3.0172e-01 2.0833e-01 1.3265e-01
2.3770e-01 4.6296e-02 9.0909e-02 2.2222e-01 1.9048e-01 4.7222e-01 4.5631e-01 1.5038e-01 3.7879e-02 1.4286e-01 1.8812e-01 1.6418e-01 1.6000e-02 1.0656e-01 5.3191e-02 3.9552e-01 6.8182e-02 1.9328e-01 1.8103e-01 6.1947e-02 2.4490e-01 4.3860e-01 1.3636e-01 2.3704e-01 2.5641e-01 2.6400e-01 1.6071e-01 7.4766e-02 1.7910e-01 6.8548e-01 2.1260e-01 2.1311e-01 1.1009e-01 2.0155e-01 2.0000e-01 2.9126e-01 5.9701e-02 5.2518e-01 7.0400e-01 3.9831e-01 5.9322e-02 2.4390e-02 5.6618e-01 4.1509e-01 2.7200e-01 8.6957e-02 2.5243e-01 1.1570e-01 5.4545e-02 1.2397e-01
3.0827e-01 8.6207e-03 8.8000e-02 5.5118e-02 1.8605e-01 7.8261e-02 5.8182e-01 6.0870e-02 7.3394e-02 4.9505e-02 6.4220e-02 2.8244e-01 0.0000e+00 1.8919e-01 2.1898e-01 3.7302e-01 7.5472e-02 6.4516e-02 1.2245e-01 6.1538e-02 8.0645e-02 1.8797e-01 3.5385e-01 1.1111e-01 5.7377e-02 6.9565e-02 2.2581e-01 0.0000e+00 4.8000e-02 6.2590e-01 7.9646e-02 1.3669e-01 8.0000e-03 2.3438e-02 5.2101e-01 1.3492e-01 5.8252e-02 0.0000e+00 3.3613e-01 4.0288e-01 0.0000e+00 0.0000e+00 4.2667e-01 0.0000e+00 7.4627e-03 3.1008e-01 1.2397e-01 2.1311e-01 3.1746e-02 5.1282e-02
2.6761e-01 7.4766e-02 1.4754e-01 2.1831e-01 3.8346e-01 3.6667e-01 1.0000e+00 1.7797e-01 2.5397e-01 2.1849e-01 1.8803e-01 1.9266e-01 9.0909e-02 1.5748e-01 3.1667e-01 3.7168e-01 1.4286e-01 5.6911e-02 1.4754e-01 3.1496e-02 2.5532e-01 2.6667e-01 1.8462e-01 2.4561e-01 1.5966e-01 2.3967e-01 3.2667e-01 2.4658e-01 7.6923e-01 5.0781e-01 0.0000e+00 1.0680e-01 1.6071e-01 1.5789e-01 5.6818e-01 2.0301e-01 7.2727e-02 2.7826e-01 1.0000e+00 2.5217e-01 1.0000e-01 1.9417e-01 6.8182e-01 9.4017e-02 2.8358e-01 2.8099e-01 2.7941e-01 2.1774e-01 1.5079e-01 1.5323e-01
2.2835e-01 4.6512e-02 5.1724e-02 1.7757e-01 2.5688e-01 2.6050e-01 2.5197e-01 8.6957e-02 2.0168e-01 1.2613e-01 3.3333e-01 1.7188e-01 8.7719e-02 0.0000e+00 2.1311e-01 3.2520e-01 2.9412e-02 1.2397e-01 1.4563e-01 6.2016e-02 1.0000e-01 1.1966e-01 1.3139e-01 1.1667e-01 5.7377e-02 6.3492e-02 2.5641e-02 1.5972e-01 1.2605e-01 2.6718e-01 1.1864e-01 2.5620e-01 1.9259e-01 0.0000e+00 3.0435e-01 3.0328e-01 1.0619e-01 2.4324e-01 6.6406e-01 8.0508e-01 8.8710e-02 5.4545e-02 4.9180e-01 1.3223e-01 4.4882e-01 3.0282e-01 3.5484e-01 2.6786e-01 1.4050e-01 1.8692e-02
5.3390e-01 2.6846e-02 2.2500e-01 6.8376e-02 7.6190e-02 3.4351e-01 2.1970e-01 0.0000e+00 2.4194e-02 0.0000e+00 3.9370e-01 0.0000e+00 2.2727e-02 1.4286e-01 0.0000e+00 1.3600e-01 0.0000e+00 0.0000e+00 1.0204e-02 1.2069e-01 5.2632e-02 0.0000e+00 2.1008e-01 8.6957e-02 2.7273e-02 8.5470e-02 0.0000e+00 4.4248e-02 1.3393e-01 4.0952e-01 3.8835e-02 0.0000e+00 0.0000e+00 1.4634e-01 0.0000e+00 4.5113e-02 0.0000e+00 2.3967e-01 0.0000e+00 2.1970e-01 1.6667e-02 0.0000e+00 7.5630e-02 0.0000e+00 0.0000e+00 5.3077e-01 2.1552e-01 1.6514e-01 5.5556e-02 4.9587e-02
5.8824e-02 7.7519e-02 1.1570e-01 2.3770e-01 9.2857e-02 1.5789e-01 1.6239e-01 5.9322e-02 1.6667e-02 5.6604e-02 2.2131e-01 1.5126e-01 8.5938e-02 1.5079e-01 5.8824e-02 2.8571e-01 1.0256e-01 9.1667e-02 3.6364e-02 7.2581e-02 9.3220e-02 1.2613e-01 1.2613e-01 1.1290e-01 8.0357e-02 5.0847e-02 1.9048e-02 6.1856e-02 1.7886e-01 1.8261e-01 8.0357e-02 2.1600e-01 4.5802e-02 4.4118e-02 1.0000e-01 6.8702e-02 1.6949e-02 2.4545e-01 4.5536e-01 4.0816e-02 8.9286e-03 3.2787e-02 7.4074e-02 1.0833e-01 7.2000e-02 0.0000e+00 4.4776e-02 9.2593e-02 4.3860e-02 6.9444e-02
9.5745e-02 2.3387e-01 7.1429e-02 6.2500e-02 3.1818e-01 3.1746e-02 6.0305e-01 1.6529e-01 1.9118e-01 4.7170e-02 5.5118e-02 1.0526e-01 3.1008e-02 7.5630e-02 1.1765e-01 4.1026e-01 1.6364e-01 7.2727e-02 1.0656e-01 2.5210e-02 8.6957e-02 2.4576e-01 3.2967e-02 2.1774e-01 1.1538e-01 2.6230e-01 1.0256e-01 1.5873e-01 1.5152e-01 1.4035e-01 7.3770e-02 2.4390e-01 1.7647e-01 1.9118e-01 1.7949e-01 1.7518e-01 9.8214e-02 3.1624e-01 4.0000e-02 3.5714e-02 3.7037e-02 1.5929e-01 8.6207e-02 6.6038e-02 4.9612e-01 6.7164e-02 1.5672e-01 2.1495e-01 4.8077e-02 1.0236e-01
1.9084e-01 1.0744e-01 8.2474e-02 2.1951e-01 5.4167e-01 3.1655e-01 3.6364e-01 3.7719e-01 1.7164e-01 1.1017e-01 2.6984e-01 1.1000e-01 1.9847e-01 1.2727e-01 1.0909e-01 3.8710e-01 5.5118e-02 1.2295e-01 6.3492e-02 3.1858e-01 1.9192e-01 3.5398e-01 2.2059e-01 1.6901e-01 1.0345e-01 2.2430e-01 2.2378e-01 3.6697e-02 3.0000e-01 2.6531e-01 1.4655e-01 2.6316e-01 2.0968e-01 2.5641e-01 2.7966e-01 2.0635e-01 5.0420e-02 4.1667e-01 6.2857e-01 1.1475e-01 9.3458e-02 7.4074e-02 2.7350e-01 7.1429e-02 1.2000e-01 2.2772e-01 2.6786e-01 1.8182e-01 1.5385e-01 2.2500e-01
8.1667e-01 2.3478e-01 2.5664e-01 7.5926e-01 1.6667e-01 2.9915e-01 9.2248e-01 7.7465e-02 3.0556e-01 2.6087e-01 2.2881e-01 2.5217e-01 2.6549e-02 1.7213e-01 9.0299e-01 6.6957e-01 3.1579e-01 4.6087e-01 5.8394e-01 9.9174e-02 5.8197e-01 7.4510e-01 5.3077e-01 8.8034e-01 5.4545e-01 2.9825e-01 6.4602e-01 2.4409e-01 1.1382e-01 4.6939e-01 7.0000e-01 6.8254e-01 2.6866e-01 5.4867e-01 4.2400e-01 7.1154e-01 2.2500e-01 4.9550e-01 8.1731e-01 8.4496e-01 4.7244e-02 7.7600e-01 7.1667e-01 6.6667e-01 5.4545e-01 6.8644e-01 3.8525e-01 7.9508e-01 5.4331e-01 2.1552e-01
2.2481e-01 1.0569e-01 1.1382e-01 9.7015e-02 1.6129e-01 6.5323e-01 4.1026e-01 1.2195e-01 0.0000e+00 5.8824e-02 2.5000e-01 2.5455e-01 1.1719e-01 0.0000e+00 3.0631e-01 6.6667e-01 6.1538e-02 1.0656e-01 2.3846e-01 8.0357e-02 3.0097e-01 2.0000e-01 2.1296e-01 1.5789e-01 2.1705e-01 1.6667e-01 3.6364e-01 1.0169e-01 3.0400e-01 3.3028e-01 3.1897e-01 9.9174e-02 0.0000e+00 2.1277e-02 5.0781e-01 1.9595e-01 0.0000e+00 4.4628e-01 5.8537e-01 1.2295e-01 0.0000e+00 3.1933e-01 1.2397e-01 5.5172e-02 0.0000e+00 2.3200e-01 1.5833e-01 2.1186e-01 3.0556e-01 1.4400e-01
8.3471e-01 7.6364e-01 7.2093e-01 5.0382e-01 6.8702e-01 6.8317e-01 6.4407e-01 6.7176e-01 4.2857e-01 7.7698e-01 4.2063e-01 6.7164e-01 6.8085e-01 7.8641e-01 5.6780e-01 4.4954e-01 7.3984e-01 4.5161e-01 8.1081e-01 7.8814e-01 6.4341e-01 4.7778e-01 5.0820e-01 7.3276e-01 7.9167e-01 7.8333e-01 3.7615e-01 6.0000e-01 6.1268e-01 7.8049e-01 7.7600e-01 8.3065e-01 7.2131e-01 4.4762e-01 5.8647e-01 5.8824e-01 7.6378e-01 8.0165e-01 6.9853e-01 8.0909e-01 7.0073e-01 8.4800e-01 3.6496e-01 8.1203e-01 4.5614e-01 7.2093e-01 7.0476e-01 3.6000e-01 6.5254e-01 7.4074e-01
1.2500e-01 1.3393e-01 1.2963e-01 4.7619e-01 3.8017e-01 2.9268e-01 1.7188e-01 1.9167e-01 1.5126e-01 3.2308e-01 2.2656e-01 4.4262e-01 1.4583e-01 2.2143e-01 4.7107e-01 4.2727e-01 1.2931e-01 1.4167e-01 1.2121e-01 9.1667e-02 1.4062e-01 6.5000e-01 1.5504e-01 3.0645e-01 2.5191e-01 2.1538e-01 2.3333e-01 3.2353e-01 2.5000e-01 6.4228e-01 1.8657e-01 3.1933e-01 2.8676e-01 1.4173e-01 3.0435e-01 3.1356e-01 7.6923e-02 6.0938e-01 7.2000e-01 6.7213e-01 7.5188e-02 1.0687e-01 3.6752e-01 1.8966e-01 4.9640e-01 6.6942e-01 1.0169e-01 3.0769e-01 9.7561e-02 1.2371e-01
1.8182e-01 1.1905e-01 2.5893e-01 4.7059e-01 4.0000e-01 2.0968e-01 6.4754e-01 1.7460e-01 3.3613e-01 1.7778e-01 4.9550e-01 1.7886e-01 5.0476e-01 4.2202e-01 2.5000e-01 2.2222e-01 2.2764e-01 2.1154e-01 2.1569e-01 4.3651e-01 1.1207e-01 3.0631e-01 2.6496e-01 3.1132e-01 1.6814e-01 3.0000e-01 2.4000e-01 3.9806e-01 1.5652e-01 1.9328e-01 2.1008e-01 2.9060e-01 3.5043e-01 7.7586e-02 2.1154e-01 3.8095e-01 1.2593e-01 5.2212e-01 5.7377e-01 2.0930e-01 2.2556e-01 2.6531e-01 4.2857e-01 4.3243e-01 7.0642e-01 2.3077e-01 4.7863e-01 2.9839e-01 5.8475e-01 1.7355e-01
2.8571e-02 1.9231e-02 8.0645e-02 9.3220e-02 2.0896e-01 2.3009e-01 6.6957e-01 1.6379e-01 4.5802e-02 1.0400e-01 2.6230e-01 9.6296e-02 5.4054e-02 1.2195e-01 4.7222e-01 3.5246e-01 1.0769e-01 2.8986e-02 6.5217e-02 2.7679e-01 3.7097e-01 1.9811e-01 4.7244e-02 1.9835e-01 9.7744e-02 6.8702e-02 2.4138e-01 1.5625e-01 9.0909e-02 1.6535e-01 5.1282e-02 1.9828e-01 1.2500e-01 7.2951e-01 8.8350e-01 2.2222e-01 2.1739e-02 7.8378e-01 7.0796e-01 6.8966e-02 0.0000e+00 8.1301e-03 5.8879e-01 9.0090e-02 7.2072e-01 0.0000e+00 8.6331e-02 7.5200e-01 6.1947e-02 1.0853e-01
6.5574e-02 4.5045e-02 9.4737e-02 6.9767e-02 7.5630e-02 1.0078e-01 5.0847e-02 5.9829e-02 1.7241e-02 7.2581e-02 5.1485e-01 1.0280e-01 1.6162e-01 2.3200e-01 3.1818e-01 0.0000e+00 8.0357e-02 6.2992e-02 9.3023e-02 1.0692e-01 1.1650e-01 9.2593e-03 6.9231e-02 7.9365e-02 1.3008e-01 8.8235e-02 0.0000e+00 2.2500e-01 1.1111e-01 1.1940e-01 1.1570e-01 7.8125e-02 4.8387e-02 9.0909e-02 7.8431e-02 1.5000e-01 4.8000e-02 0.0000e+00 1.3265e-01 8.1301e-03 0.0000e+00 0.0000e+00 0.0000e+00 1.6406e-01 0.0000e+00 1.7431e-01 7.0175e-02 2.5180e-01 1.1382e-01 6.6038e-02
4.4144e-01 8.2051e-01 9.7561e-02 5.8400e-01 7.5214e-01 5.4622e-01 5.1471e-01 8.2540e-01 2.8358e-01 9.3458e-02 7.0000e-01 5.0000e-01 3.6567e-01 7.1545e-01 2.5620e-01 8.2927e-01 4.8148e-01 5.7377e-02 2.5000e-01 4.4444e-02 1.5315e-01 1.0909e-01 5.8333e-02 9.2437e-02 6.4957e-01 4.5946e-01 2.1505e-01 4.9057e-01 8.2090e-02 3.6667e-01 0.0000e+00 6.1240e-01 4.0000e-02 2.5962e-01 3.1579e-01 7.5221e-01 6.8182e-01 0.0000e+00 5.6303e-01 9.3750e-02 8.7719e-03 1.4159e-01 7.2727e-01 0.0000e+00 9.8387e-01 4.4444e-01 4.8077e-02 7.3950e-01 5.0000e-01 4.9138e-01
1.9355e-01 1.3913e-01 3.5088e-02 1.8519e-01 1.8018e-01 7.2581e-02 1.6667e-01 0.0000e+00 1.2821e-01 0.0000e+00 5.2893e-01 1.1538e-01 0.0000e+00 5.7377e-02 2.4219e-01 4.5794e-01 2.5641e-02 0.0000e+00 0.0000e+00 6.6667e-02 5.1852e-02 1.1200e-01 0.0000e+00 6.9565e-02 7.1429e-02 7.7586e-02 6.0150e-02 3.5088e-02 1.2295e-01 3.1250e-01 1.6260e-02 2.7778e-02 5.5118e-02 2.5424e-02 1.7188e-01 6.2937e-02 0.0000e+00 5.6000e-02 4.6957e-01 1.4035e-01 6.8376e-02 7.0796e-02 3.7391e-01 0.0000e+00 6.5574e-02 1.9388e-01 1.1905e-01 5.9322e-02 9.0090e-03 2.0979e-02
2.4074e-01 9.0909e-03 4.4248e-02 1.2676e-01 1.7857e-01 6.5041e-02 2.0000e-01 6.0150e-02 3.7037e-02 2.8986e-02 3.7037e-01 2.1186e-01 3.5088e-02 8.8000e-02 2.9661e-01 1.9672e-01 1.7699e-02 4.8780e-02 1.0256e-01 4.4444e-02 7.4380e-02 5.0000e-02 2.4000e-02 1.9608e-01 5.6075e-02 1.0526e-01 1.6260e-02 5.5046e-02 9.0909e-02 1.5966e-01 4.5802e-02 3.9370e-02 1.4706e-02 1.7391e-02 5.4264e-02 5.9829e-02 7.0866e-02 8.0357e-02 1.5254e-01 1.9048e-01 4.4444e-02 5.0847e-02 2.3364e-01 8.8710e-02 1.5574e-01 9.6491e-02 1.2069e-01 6.4815e-02 2.2556e-02 6.5421e-02
2.9126e-01 3.4722e-02 8.3333e-02 1.3669e-01 1.3333e-01 6.6667e-01 4.5946e-01 6.7669e-02 5.0420e-02 8.3333e-02 4.3609e-01 1.6260e-02 0.0000e+00 2.5000e-01 0.0000e+00 8.1081e-01 1.2950e-01 1.1719e-01 1.0084e-01 1.2605e-01 4.1129e-01 6.2500e-02 7.3770e-02 6.4000e-02 2.4806e-01 2.0000e-01 8.4034e-03 1.0938e-01 4.4248e-02 1.2150e-01 1.2174e-01 2.2124e-01 1.3913e-01 4.5455e-02 2.6957e-01 2.1429e-01 2.3276e-01 1.6129e-01 2.4299e-01 8.8496e-03 3.7313e-01 7.1429e-02 3.6154e-01 4.1304e-01 1.6667e-01 3.3333e-01 3.7143e-01 1.7925e-01 1.0753e-01 7.3636e-01
4.7260e-01 4.8387e-02 1.8182e-01 5.3535e-01 5.0909e-01 2.5641e-01 4.9558e-01 2.1368e-01 1.2295e-01 1.7073e-01 1.6522e-01 2.7778e-02 8.2645e-03 2.5253e-01 2.9565e-01 5.6303e-01 7.2993e-02 1.3636e-01 6.0345e-02 1.0924e-01 3.4188e-02 1.9355e-01 1.8898e-01 2.4107e-01 1.7037e-01 1.7391e-01 3.5246e-01 1.2195e-01 1.9000e-01 2.2314e-01 5.7692e-02 1.9658e-01 2.3810e-01 1.0000e+00 5.8594e-01 3.0000e-01 9.2308e-02 6.7176e-01 6.9643e-01 3.9423e-01 3.2031e-01 1.2150e-01 4.8246e-01 1.0938e-01 5.9322e-01 1.5966e-01 1.2712e-01 4.2063e-01 7.4074e-02 7.3171e-02
2.7642e-01 1.6176e-01 3.2110e-01 5.1695e-01 4.9231e-01 3.3333e-01 3.1579e-01 1.7117e-01 3.3333e-01 2.5532e-01 2.6190e-01 1.4953e-01 1.1429e-01 1.9328e-01 1.9811e-01 5.6303e-01 5.2941e-01 1.7021e-01 1.0924e-01 3.9041e-01 2.5000e-01 3.2308e-01 4.3119e-01 5.4688e-01 1.7857e-01 3.7190e-01 3.0400e-01 3.7984e-01 4.3396e-01 7.2794e-01 9.9237e-02 7.4074e-01 5.7258e-01 1.0769e-01 7.1756e-01 3.9344e-01 1.1765e-01 7.0079e-01 2.3762e-01 4.4167e-01 1.8421e-01 1.5385e-01 4.5872e-01 1.8750e-01 4.6512e-01 1.4286e-01 1.7000e-01 4.0000e-01 1.5385e-01 7.4380e-02
5.5118e-02 1.9048e-02 0.0000e+00 8.5470e-03 4.2373e-02 7.0492e-01 5.8261e-01 2.4074e-01 3.3858e-01 2.2901e-02 4.4275e-01 0.0000e+00 2.5641e-02 2.5926e-01 5.8559e-01 3.2000e-02 3.8053e-01 0.0000e+00 1.6279e-01 5.1145e-01 4.2400e-01 6.3200e-01 7.0000e-01 8.2707e-02 2.3387e-01 6.8841e-01 4.9091e-01 5.0000e-01 6.0870e-02 1.7355e-01 4.1844e-01 1.4706e-02 1.9658e-01 8.1301e-03 3.2215e-01 7.6866e-01 3.2520e-01 1.7857e-02 7.0642e-01 2.4194e-01 0.0000e+00 0.0000e+00 8.4906e-02 0.0000e+00 3.0159e-01 1.6529e-01 6.9091e-01 3.6806e-01 2.8571e-01 1.7188e-01
1.7986e-01 3.7736e-02 2.3140e-01 4.6875e-02 3.8053e-01 2.6016e-01 3.2381e-01 4.8000e-02 9.9237e-02 4.0984e-01 2.1739e-01 3.6111e-01 3.3058e-02 1.4286e-01 3.8462e-01 2.6772e-01 1.1927e-01 7.2072e-02 8.3916e-02 4.0000e-02 8.8000e-02 2.9032e-01 6.1947e-02 2.2222e-01 1.0435e-01 2.0168e-01 3.4211e-01 6.5600e-01 9.4488e-02 6.5421e-02 3.1579e-02 3.1250e-01 1.7886e-01 7.6389e-02 6.2698e-01 2.8125e-01 9.0909e-03 1.0000e+00 1.0000e+00 9.0000e-02 2.5000e-02 2.2018e-01 5.9322e-01 1.1504e-01 1.0000e+00 1.7117e-01 2.7731e-01 2.6496e-01 6.7669e-02 5.1095e-02
7.3288e-01 1.0185e-01 1.9697e-01 6.6102e-01 7.8641e-01 6.9307e-01 8.5294e-01 2.3932e-01 1.4074e-01 7.1717e-01 2.7778e-01 6.9697e-01 3.2381e-01 1.3913e-01 5.1376e-01 5.4167e-01 2.6400e-01 1.7600e-01 1.4844e-01 2.7451e-01 3.1633e-01 2.2500e-01 2.7778e-01 6.4228e-01 4.6667e-01 4.1121e-01 2.7434e-01 2.3077e-01 2.3077e-01 4.6218e-01 6.1069e-02 4.1176e-01 2.5225e-01 4.0367e-01 7.7311e-01 4.6018e-01 8.0357e-02 9.5192e-01 1.0000e+00 7.3950e-01 1.8868e-01 8.0645e-02 7.0175e-01 3.7143e-01 6.9231e-01 6.1983e-01 3.3333e-01 5.6489e-01 5.2174e-01 2.4348e-01
2.3636e-01 1.5385e-01 0.0000e+00 0.0000e+00 1.8868e-01 4.3966e-01 6.9286e-01 5.6452e-02 1.0156e-01 0.0000e+00 1.5748e-01 1.5741e-01 1.3600e-01 0.0000e+00 4.3704e-01 2.7193e-01 0.0000e+00 8.1481e-02 8.1967e-02 6.2016e-02 1.2174e-01 9.3458e-02 0.0000e+00 2.0370e-01 1.4504e-01 2.0472e-01 0.0000e+00 6.9565e-02 3.2394e-01 3.4862e-01 5.0360e-02 2.7027e-02 0.0000e+00 1.0448e-01 5.4918e-01 3.5185e-01 0.0000e+00 5.4630e-01 1.8889e-01 0.0000e+00 0.0000e+00 3.1250e-01 1.8657e-01 1.7355e-01 0.0000e+00 1.5094e-01 1.3235e-01 2.1918e-01 1.0317e-01 2.8037e-02
1.6071e-01 1.2739e-02 7.5630e-02 1.0744e-01 1.4912e-01 1.3636e-01 1.2397e-01 1.0811e-01 3.3613e-02 1.5328e-01 1.9130e-01 1.2143e-01 0.0000e+00 6.5041e-02 7.0000e-02 1.2963e-01 6.7797e-02 0.0000e+00 1.2037e-01 2.0968e-01 1.4151e-01 1.1304e-01 0.0000e+00 5.9322e-02 1.0656e-01 1.2931e-01 0.0000e+00 6.5421e-02 5.8333e-02 2.4000e-01 8.4746e-02 1.2281e-01 5.5556e-02 0.0000e+00 1.5455e-01 0.0000e+00 6.7227e-02 1.1570e-01 4.0179e-01 0.0000e+00 1.4400e-01 1.5833e-01 2.8571e-01 1.6949e-01 2.3810e-01 5.1449e-01 1.1450e-01 2.2414e-01 1.8103e-01 0.0000e+00
4.3200e-01 1.2403e-01 4.0870e-01 6.4865e-01 5.2893e-01 6.4062e-01 8.3495e-01 2.5191e-01 2.6613e-01 5.5172e-01 4.9524e-01 5.1695e-01 2.7642e-01 4.1026e-01 6.3462e-01 3.7288e-01 3.7500e-01 2.6515e-01 3.0769e-01 4.4628e-01 3.1313e-01 3.4454e-01 2.5862e-01 3.6000e-01 5.2273e-01 3.3065e-01 4.2336e-01 3.7500e-01 4.0625e-01 3.8000e-01 3.2432e-01 3.9855e-01 3.4454e-01 3.5252e-01 5.6296e-01 3.2258e-01 1.7606e-01 5.3600e-01 5.5769e-01 5.0000e-01 4.1045e-01 2.8689e-01 4.0833e-01 3.4146e-01 6.0345e-01 4.6957e-01 4.6667e-01 2.4561e-01 2.9126e-01 3.2692e-01
1.8939e-01 9.0909e-02 1.4815e-01 2.1849e-01 1.8966e-01 2.7419e-01 6.5455e-01 1.9685e-01 3.9474e-01 1.9672e-01 4.7664e-01 3.1967e-01 9.1837e-02 1.5315e-01 3.1858e-01 4.7107e-01 2.1186e-01 2.8947e-01 5.3571e-02 1.3514e-01 2.8431e-01 4.3448e-01 1.4173e-01 2.1488e-01 2.1053e-01 2.4576e-01 4.6552e-01 1.5217e-01 3.4375e-01 5.4098e-01 2.5862e-02 2.9508e-01 1.6239e-01 5.8252e-02 6.6055e-01 2.1622e-01 1.0687e-01 2.8846e-01 7.2358e-01 1.9130e-01 8.6957e-02 2.0755e-01 4.9074e-01 1.4844e-01 5.8065e-01 1.8750e-01 4.1379e-01 3.6441e-01 8.1818e-02 2.0968e-01
1.7323e-01 2.5385e-01 1.4286e-02 1.7431e-01 2.3200e-01 3.3333e-01 7.9487e-01 1.5152e-01 1.4062e-01 7.1429e-01 9.1971e-01 1.2500e-01 6.4815e-02 3.3333e-01 7.8333e-01 8.4444e-01 1.5152e-01 1.0714e-01 1.1504e-01 1.8421e-01 6.6364e-01 1.6667e-01 9.5238e-02 2.0155e-01 7.3077e-01 1.6807e-01 2.3529e-01 1.0484e-01 3.6429e-01 7.0504e-01 2.0530e-01 2.3967e-01 4.3519e-01 8.8710e-02 6.9697e-01 7.4101e-01 2.9703e-02 9.2000e-01 7.5439e-01 3.1092e-01 2.9927e-01 2.0000e-01 6.4885e-01 2.6263e-01 8.8372e-01 1.8349e-01 7.1552e-01 8.1081e-01 1.8699e-01 3.1068e-01
3.6975e-01 2.1000e-01 3.1667e-01 3.1092e-01 4.6032e-01 3.8655e-01 8.0208e-01 2.0661e-01 2.5954e-01 3.3613e-01 2.5455e-01 5.9130e-01 3.5075e-01 2.0149e-01 6.7826e-01 7.9688e-01 9.4017e-02 5.6075e-02 1.1450e-01 1.5789e-01 1.7544e-01 1.9835e-01 2.4113e-01 1.5873e-01 2.6087e-01 5.1754e-01 1.2800e-01 1.8440e-01 2.6667e-01 8.0165e-01 2.0567e-01 3.6937e-01 1.5447e-01 6.1765e-01 6.2500e-01 6.8293e-01 5.8333e-02 7.8462e-01 8.7931e-01 3.9837e-01 8.5938e-02 2.2018e-01 6.7857e-01 4.2748e-01 6.2281e-01 1.9565e-01 3.9683e-01 6.6929e-01 7.1429e-02 2.3729e-01
2.5000e-01 3.4783e-02 1.2030e-01 3.8843e-01 2.3622e-01 5.5046e-01 4.7826e-01 1.4530e-01 1.0744e-01 1.6364e-01 2.1495e-01 3.3065e-01 1.0833e-01 1.3265e-01 3.4043e-01 6.5812e-01 5.6911e-02 5.3571e-02 1.0345e-01 4.3103e-02 2.0000e-01 1.7500e-01 1.3462e-01 1.8421e-01 7.8261e-02 2.8859e-01 3.3028e-01 8.3333e-02 2.7723e-01 5.7983e-01 1.0769e-01 7.7670e-02 4.0650e-02 1.2214e-01 7.0000e-01 1.1321e-01 3.7736e-02 1.7822e-01 8.3784e-01 7.3333e-02 5.5556e-02 3.1111e-01 9.6774e-02 8.4746e-03 4.7287e-01 3.7398e-01 1.9200e-01 1.8103e-01 5.6911e-02 1.0769e-01
5.5462e-01 6.5574e-01 6.6912e-01 6.5049e-01 7.5000e-01 6.1538e-01 6.2295e-01 8.4426e-01 7.1875e-01 7.0085e-01 7.3387e-01 6.2931e-01 8.1081e-01 6.4815e-01 6.6667e-01 8.4553e-01 3.2381e-01 5.9829e-01 5.6800e-01 5.3782e-01 6.6949e-01 6.2044e-01 6.4516e-01 6.4220e-01 3.5965e-01 6.0377e-01 4.0367e-01 4.6552e-01 6.6379e-01 5.6881e-01 6.6667e-01 4.7482e-01 7.1074e-01 6.0000e-01 7.4359e-01 6.0938e-01 7.1429e-01 6.1069e-01 6.8908e-01 7.6230e-01 6.7442e-01 3.7097e-01 6.7200e-01 7.5221e-01 3.4862e-01 7.4790e-01 6.6372e-01 5.7273e-01 6.2500e-01 6.2069e-01
2.3636e-01 0.0000e+00 0.0000e+00 1.6239e-01 0.0000e+00 1.7391e-01 1.1679e-01 8.8235e-02 1.3008e-01 9.4488e-02 9.1667e-02 1.4516e-01 0.0000e+00 0.0000e+00 1.1111e-01 2.3913e-01 0.0000e+00 0.0000e+00 0.0000e+00 0.0000e+00 6.5421e-02 2.6957e-01 0.0000e+00 7.9646e-02 0.0000e+00 3.5714e-02 0.0000e+00 6.9565e-02 4.2017e-02 0.0000e+00 1.8018e-01 6.8182e-02 1.7544e-01 0.0000e+00 2.7692e-01 9.7826e-02 0.0000e+00 0.0000e+00 0.0000e+00 1.6379e-01 0.0000e+00 0.0000e+00 3.0894e-01 4.5736e-01 2.5564e-01 1.3333e-01 1.0714e-01 1.1966e-01 3.0769e-02 9.4340e-03
7.9439e-01 8.0172e-01 7.9365e-01 7.0370e-01 8.7903e-01 1.0000e+00 1.0000e+00 7.7778e-01 7.3984e-01 8.2828e-01 8.1818e-01 9.0370e-01 8.6441e-01 7.4074e-01 1.0000e+00 7.2917e-01 7.9070e-01 8.4545e-01 1.0000e+00 9.0833e-01 1.0000e+00 7.4747e-01 9.4545e-01 8.5714e-01 9.0598e-01 9.8675e-01 8.0000e-01 7.9245e-01 7.9661e-01 1.0000e+00 8.6207e-01 1.0000e+00 7.8676e-01 8.1481e-01 8.5124e-01 9.0909e-01 9.5000e-01 8.0488e-01 1.0000e+00 6.3964e-01 8.2301e-01 9.4656e-01 7.4815e-01 7.6316e-01 7.5000e-01 8.4874e-01 7.5969e-01 8.4348e-01 7.8261e-01 1.0000e+00
1.4912e-01 0.0000e+00 0.0000e+00 3.1538e-01 0.0000e+00 1.6102e-01 2.6415e-01 1.1404e-01 8.0000e-02 3.2773e-01 1.0619e-01 0.0000e+00 6.4815e-02 0.0000e+00 4.2593e-01 1.5447e-01 1.0811e-01 2.8155e-01 2.2388e-01 1.4159e-01 2.9365e-01 4.9020e-02 0.0000e+00 2.8571e-01 3.3333e-02 1.7557e-01 3.0159e-01 3.2520e-02 0.0000e+00 8.0645e-02 0.0000e+00 3.8571e-01 3.5185e-01 7.8740e-03 2.1260e-01 2.2881e-01 3.7313e-02 8.1967e-02 4.9587e-01 3.2381e-01 0.0000e+00 2.7481e-01 4.3548e-01 1.7544e-02 3.8393e-01 1.2500e-01 3.0189e-01 2.7731e-01 1.6393e-02 2.5833e-01
2.1053e-01 8.0645e-02 1.7424e-01 4.5669e-01 2.4138e-01 8.0690e-01 8.0000e-01 4.1732e-01 1.7647e-01 1.3636e-01 4.5045e-01 3.9535e-01 1.1607e-01 1.6529e-01 4.8673e-01 6.2044e-01 3.0303e-02 1.8605e-01 2.7778e-01 1.3534e-01 2.9703e-01 4.3846e-01 2.2881e-01 5.9524e-01 3.7288e-01 3.5714e-01 3.0252e-01 1.3768e-01 4.4167e-01 3.1967e-01 4.1322e-02 3.9706e-01 3.2576e-01 6.6667e-02 6.0550e-01 4.2202e-01 4.3590e-01 4.0367e-01 6.6912e-01 6.5441e-01 1.6541e-01 1.8803e-01 7.7778e-01 2.2481e-01 5.2991e-01 2.5000e-01 3.9450e-01 3.8211e-01 1.7778e-01 4.9123e-01
5.1748e-01 8.7324e-01 7.8448e-01 5.5963e-01 1.9091e-01 7.8125e-01 8.8966e-01 5.3030e-01 6.6055e-01 7.5000e-01 1.8750e-01 8.2540e-01 8.1818e-01 9.3333e-01 2.0870e-01 9.2683e-01 2.4060e-01 8.0435e-01 1.9820e-01 8.9216e-01 1.2712e-01 2.4138e-01 3.4615e-01 7.9661e-01 9.0196e-01 4.7500e-01 7.0940e-01 7.2581e-01 7.0339e-01 7.7612e-01 1.4173e-01 5.7025e-01 1.9512e-01 8.9076e-01 6.2295e-01 9.7087e-01 2.0000e-01 7.4790e-01 7.7165e-01 7.3684e-02 5.9483e-01 6.2016e-01 7.7500e-01 3.5862e-01 6.3934e-01 7.2727e-02 8.4211e-01 8.1308e-01 2.2581e-01 6.8116e-01
7.5455e-01 6.3964e-01 9.8095e-01 8.9600e-01 6.1475e-01 8.7692e-01 7.6522e-01 7.9562e-01 7.3109e-01 7.5221e-01 7.8400e-01 6.8613e-01 7.3333e-01 8.4615e-01 8.2609e-01 8.6179e-01 7.7320e-01 8.7705e-01 6.8657e-01 7.4312e-01 5.9542e-01 7.8022e-01 7.7885e-01 7.7119e-01 7.1654e-01 8.2203e-01 8.4615e-01 6.8067e-01 8.0328e-01 7.3529e-01 9.5495e-01 7.4766e-01 8.1481e-01 7.8014e-01 6.5517e-01 8.5938e-01 7.8400e-01 8.4800e-01 7.2174e-01 8.0909e-01 6.7890e-01 7.3333e-01 7.7344e-01 8.2787e-01 6.2595e-01 9.1935e-01 8.1356e-01 7.8417e-01 8.7805e-01 8.1513e-01
6.8382e-01 9.9237e-02 2.6852e-01 7.3684e-02 4.6512e-01 1.0377e-01 8.7719e-02 1.4815e-01 9.9174e-02 3.0769e-01 3.1356e-01 2.7778e-02 3.2787e-02 2.8448e-01 2.7419e-01 7.0175e-02 5.4054e-02 1.3534e-01 2.8070e-01 7.2727e-02 5.7851e-01 1.9685e-01 4.0179e-01 3.1496e-02 4.5263e-01 3.4959e-01 7.5630e-02 1.1404e-01 2.2222e-01 3.8318e-01 2.7928e-01 9.3023e-02 2.8037e-02 3.7037e-02 2.7273e-01 2.5000e-01 1.0484e-01 8.6614e-02 3.6697e-02 4.0000e-02 0.0000e+00 3.0476e-01 2.6606e-01 1.7797e-01 5.4667e-01 6.9444e-01 3.5577e-01 6.4762e-01 3.8095e-01 3.8017e-01
9.7826e-01 9.8319e-01 8.4677e-01 8.5385e-01 8.6260e-01 1.0000e+00 9.2373e-01 9.4828e-01 9.7080e-01 8.8496e-01 9.6522e-01 9.3600e-01 8.9928e-01 9.0647e-01 1.0000e+00 9.6190e-01 8.1053e-01 9.6063e-01 8.8550e-01 1.0000e+00 9.8198e-01 9.3220e-01 9.0598e-01 8.8462e-01 9.6124e-01 9.1379e-01 1.0000e+00 1.0000e+00 8.4298e-01 9.4167e-01 9.2800e-01 9.5495e-01 8.1818e-01 9.2143e-01 9.0351e-01 9.4697e-01 9.1667e-01 8.7121e-01 9.4355e-01 9.0196e-01 9.8333e-01 9.1304e-01 9.7059e-01 9.0984e-01 8.7288e-01 8.7156e-01 1.0000e+00 1.0000e+00 1.0000e+00 8.9683e-01
0.0000e+00 0.0000e+00 3.2258e-02 0.0000e+00 2.6950e-01 9.6000e-02 3.1776e-01 5.0420e-02 5.7851e-02 2.4561e-01 0.0000e+00 9.3220e-02 7.5758e-02 2.5641e-02 7.8261e-02 3.2039e-01 1.7708e-01 0.0000e+00 5.3030e-02 6.4815e-02 2.7586e-01 1.2698e-01 7.3770e-02 4.2373e-02 1.5504e-02 1.0687e-01 2.3622e-01 1.5748e-01 2.6562e-01 2.5781e-01 2.4000e-02 2.7350e-01 0.0000e+00 3.5461e-02 1.7886e-01 9.0909e-02 6.3492e-02 0.0000e+00 3.0303e-01 0.0000e+00 0.0000e+00 0.0000e+00 2.5954e-01 0.0000e+00 3.6283e-01 9.2308e-02 0.0000e+00 1.2838e-01 0.0000e+00 9.6491e-02
1.6667e-02 1.1864e-01 1.5306e-01 9.2593e-02 1.0185e-01 2.2680e-01 5.8741e-01 1.2381e-01 3.4188e-02 1.9008e-01 2.5600e-01 1.5079e-01 0.0000e+00 1.1811e-01 4.9180e-02 3.5577e-01 6.1538e-02 3.0769e-01 4.2373e-02 8.3969e-02 5.9259e-02 8.6538e-02 3.2812e-01 9.3220e-02 9.6774e-02 7.8947e-02 1.8750e-01 4.3103e-02 8.2707e-02 1.7986e-01 1.6327e-01 7.7519e-02 0.0000e+00 4.2857e-02 2.6562e-01 2.4299e-01 4.4643e-02 2.5581e-01 1.9200e-01 6.8182e-01 0.0000e+00 4.6512e-02 2.2963e-01 9.0090e-02 2.0588e-01 2.3077e-01 1.0687e-01 2.5893e-01 1.1712e-01 3.7736e-02
4.0351e-01 4.9180e-02 9.2308e-02 3.7273e-01 2.0513e-01 3.3333e-01 4.1935e-01 1.4286e-01 1.5909e-01 2.0183e-01 3.3898e-01 3.6752e-01 1.2605e-01 1.6822e-01 3.8053e-01 5.9524e-01 6.5574e-02 1.9835e-01 1.4583e-01 1.0317e-01 2.9412e-01 1.9626e-01 1.3194e-01 1.5447e-01 3.7008e-01 1.4706e-01 2.2936e-01 2.2727e-01 2.9204e-01 5.6452e-01 1.0435e-01 3.1967e-01 1.6000e-01 1.0687e-01 4.9206e-01 3.4167e-01 1.4851e-01 3.5000e-01 5.5814e-01 2.4627e-01 1.7037e-01 1.8421e-01 3.9167e-01 1.1200e-01 3.9655e-01 4.0476e-01 1.6522e-01 2.2034e-01 1.2000e-01 1.6788e-01
6.5421e-02 1.0924e-01 2.4561e-01 3.9623e-01 5.0000e-01 5.0407e-01 5.6897e-01 1.2195e-01 1.3333e-01 2.1053e-01 4.0800e-01 2.4370e-01 1.3761e-01 3.0645e-01 4.7619e-01 4.2718e-01 8.1081e-02 2.9545e-01 6.0345e-02 1.2174e-01 1.8954e-01 1.4615e-01 2.0721e-01 3.5780e-01 8.8710e-02 1.6547e-01 4.7863e-01 1.7910e-01 2.7049e-01 4.4860e-01 1.9266e-01 1.2069e-01 3.5514e-01 2.7826e-01 2.7692e-01 9.0164e-02 1.8400e-01 1.9231e-01 2.3853e-01 4.2373e-01 1.8487e-01 2.2388e-01 2.0536e-01 4.8305e-01 3.5398e-01 7.3529e-02 2.9464e-01 3.6719e-01 1.0526e-01 1.1940e-01
1.2030e-01 6.7568e-03 1.2281e-01 0.0000e+00 2.5962e-01 7.1942e-02 0.0000e+00 2.3140e-01 2.7869e-01 1.3514e-02 3.6036e-02 5.9829e-02 8.8496e-02 7.4074e-02 2.6562e-01 1.4599e-01 8.1301e-03 1.8018e-02 6.5041e-02 4.9180e-02 1.7757e-01 6.5574e-02 8.4034e-03 1.8349e-02 1.2281e-01 2.8302e-02 0.0000e+00 1.8349e-02 1.6038e-01 3.7838e-01 1.3393e-01 1.0484e-01 3.6697e-02 0.0000e+00 1.1017e-01 7.9646e-02 0.0000e+00 1.3223e-01 1.5044e-01 0.0000e+00 0.0000e+00 7.0866e-02 2.8906e-01 7.2000e-02 3.3613e-02 1.4286e-01 9.6000e-02 5.9406e-02 1.4407e-01 5.6911e-02
5.0000e-01 4.1667e-02 3.1731e-01 6.8182e-01 2.4167e-01 1.6667e-01 6.6116e-01 2.7273e-01 5.3285e-01 3.0081e-01 5.3913e-01 3.0189e-01 2.5600e-01 3.3051e-01 5.5140e-01 5.4310e-01 2.7350e-01 1.7094e-02 2.1368e-01 7.4766e-02 5.2066e-01 5.3077e-01 2.3214e-01 2.8244e-01 2.5397e-01 2.9323e-01 2.5234e-01 1.0909e-01 3.0189e-01 6.8644e-01 1.4815e-01 6.7273e-01 1.4074e-01 4.5000e-01 5.0420e-01 2.7857e-01 1.3208e-01 3.0952e-01 8.3099e-01 3.8532e-01 5.3285e-01 1.4167e-01 6.4667e-01 4.2574e-01 2.3438e-01 1.8919e-01 3.1034e-01 2.9703e-01 3.2203e-01 1.3333e-01
2.5197e-01 1.1607e-01 1.6964e-01 3.0909e-01 2.3577e-01 2.6415e-01 2.1569e-01 1.3559e-01 1.2500e-01 2.8346e-01 1.3684e-01 2.9412e-01 2.6852e-01 1.3869e-01 4.0800e-01 1.7293e-01 1.5385e-01 1.6000e-01 2.1552e-01 2.1008e-01 1.0656e-01 2.7119e-01 8.0357e-02 3.1111e-01 3.0000e-01 1.6429e-01 1.9091e-01 2.2727e-01 2.5217e-01 5.6489e-01 1.4141e-01 3.1579e-01 1.2782e-01 1.3223e-01 4.1964e-01 1.6071e-01 9.4828e-02 5.7851e-01 6.2162e-01 7.8261e-02 1.6667e-01 1.0377e-01 4.1818e-01 1.8750e-01 0.0000e+00 2.1311e-01 2.4000e-01 2.7119e-01 8.7591e-02 1.5789e-01
2.8333e-01 2.7068e-01 1.7308e-01 4.8387e-01 6.2069e-01 4.3511e-01 1.0000e+00 2.4603e-01 2.9032e-01 8.4906e-01 2.3704e-01 3.0000e-01 4.3000e-01 7.6336e-02 3.3117e-01 3.5345e-01 1.3208e-01 1.5517e-01 7.4074e-02 4.6000e-01 2.7273e-01 3.8060e-01 2.3256e-01 2.8788e-01 1.5328e-01 4.6809e-01 3.1343e-01 4.3089e-01 6.5741e-01 7.1429e-01 3.0827e-01 3.2773e-01 7.3171e-01 4.7727e-01 6.7500e-01 7.7301e-01 5.0000e-02 4.1600e-01 4.8182e-01 3.4746e-01 1.3281e-01 4.3885e-01 7.3585e-01 5.2344e-01 5.7037e-01 1.8018e-01 5.6557e-01 2.7083e-01 2.2963e-01 2.4000e-01
