2.1000e+01 7.0000e+00 2.0000e+01 3.9000e+01 1.3000e+01 3.4000e+01 4.9300e+02 1.7000e+01 1.2000e+01 8.0000e+00 2.4000e+01 1.2000e+01 8.0000e+00 1.1000e+01 1.0000e+01 2.6000e+01 2.2000e+01 1.0000e+01 9.0000e+00 7.0000e+00 1.7000e+01 2.5000e+01 8.0000e+00 1.4000e+01 7.0000e+00 1.0000e+01 3.5000e+01 7.0000e+00 2.4000e+01 3.9000e+01 1.0000e+01 1.2000e+01 1.3000e+01 1.8000e+01 2.4000e+01 1.9000e+01 7.0000e+00 3.1000e+01 8.8700e+02 3.8000e+01 1.0000e+01 7.0000e+00 5.2000e+01 7.0000e+00 1.4000e+01 2.2000e+01 2.6000e+01 2.4000e+01 1.0000e+01 9.0000e+00
1.2000e+01 9.0000e+00 9.0000e+00 3.2000e+01 2.1000e+01 4.8000e+01 9.0000e+00 1.1000e+01 1.5000e+01 1.6000e+01 1.7000e+01 4.5000e+01 1.2000e+01 1.1000e+01 1.4000e+01 3.0000e+01 4.0000e+01 1.8000e+01 7.0000e+00 1.8000e+01 1.2100e+02 1.9000e+01 2.3000e+01 1.1000e+01 1.3000e+01 9.0000e+00 9.0000e+00 1.4000e+01 1.9000e+01 1.3700e+02 9.0000e+00 1.1680e+03 3.8000e+01 7.0000e+00 6.1360e+03 9.0000e+00 1.3000e+01 6.7000e+01 5.2280e+03 1.3000e+01 7.0000e+00 7.0000e+00 2.5000e+02 5.9000e+01 9.1000e+01 2.1000e+01 7.0000e+00 9.0000e+00 1.0000e+01 1.2000e+01
1.7000e+01 7.0000e+00 7.0000e+00 8.0000e+00 1.2000e+01 2.6000e+01 2.2000e+01 9.0000e+00 7.0000e+00 8.0000e+00 9.0000e+00 7.0000e+00 1.2000e+01 7.0000e+00 7.0000e+00 7.0000e+00 1.5000e+01 7.0000e+00 9.0000e+00 1.0000e+01 1.9000e+01 3.2000e+01 1.2000e+01 1.7000e+01 9.0000e+00 9.0000e+00 1.0000e+01 7.0000e+00 8.0000e+00 7.3000e+01 9.0000e+00 7.0000e+00 1.0000e+01 7.0000e+00 0.0000e+00 1.4000e+01 7.0000e+00 2.9000e+01 0.0000e+00 2.8000e+01 9.0000e+00 7.0000e+00 5.6000e+01 3.2000e+01 1.0000e+01 7.0000e+00 1.0000e+01 9.0000e+00 7.0000e+00 1.0000e+01
1.8000e+01 7.0000e+00 7.0000e+00 1.0000e+01 1.0000e+01 9.0000e+00 1.0000e+01 7.0000e+00 9.0000e+00 8.0000e+00 9.0000e+00 1.1000e+01 1.0000e+01 1.1000e+01 1.4000e+01 2.0000e+01 1.1000e+01 7.0000e+00 7.0000e+00 9.0000e+00 9.0000e+00 7.0000e+00 3.3000e+01 1.3000e+01 9.0000e+00 7.0000e+00 7.0000e+00 7.0000e+00 8.0000e+00 5.6000e+01 7.0000e+00 7.0000e+00 8.0000e+00 7.0000e+00 0.0000e+00 1.0000e+01 7.0000e+00 7.0000e+00 0.0000e+00 1.8000e+01 7.0000e+00 7.0000e+00 4.1000e+01 7.0000e+00 7.0000e+00 1.3000e+01 1.0000e+01 9.0000e+00 7.0000e+00 9.0000e+00
1.4000e+01 7.0000e+00 1.2000e+01 1.0000e+01 2.1000e+01 1.5000e+01 5.3800e+03 9.0000e+00 9.0000e+00 1.0000e+01 1.7000e+01 1.1000e+01 8.0000e+00 1.3000e+01 1.8000e+01 2.1000e+01 1.1000e+01 1.0000e+01 9.0000e+00 7.0000e+00 1.0000e+01 1.6000e+01 8.0000e+00 1.4000e+01 7.0000e+00 1.4000e+01 1.4000e+01 1.0000e+01 5.2400e+02 1.8000e+01 1.0000e+01 7.0000e+00 8.0000e+00 7.0000e+00 0.0000e+00 1.7000e+01 7.0000e+00 9.0000e+00 0.0000e+00 1.1000e+01 1.0000e+01 9.0000e+00 2.9000e+01 1.1000e+01 1.0000e+01 1.8000e+01 1.7000e+01 1.0000e+01 9.0000e+00 7.0000e+00
7.0000e+00 7.0000e+00 7.0000e+00 1.0000e+01 1.5000e+01 1.2000e+01 0.0000e+00 7.0000e+00 9.0000e+00 1.0000e+01 1.0000e+01 1.2000e+01 1.5000e+01 7.0000e+00 7.0000e+00 1.5000e+01 9.0000e+00 7.0000e+00 7.0000e+00 9.0000e+00 7.0000e+00 1.6000e+01 1.2000e+01 7.0000e+00 7.0000e+00 7.0000e+00 7.0000e+00 1.0000e+01 8.0000e+00 1.5000e+01 7.0000e+00 7.0000e+00 1.0000e+01 9.0000e+00 0.0000e+00 2.8000e+01 1.3000e+01 9.0000e+00 0.0000e+00 5.4700e+02 9.0000e+00 1.1000e+01 3.7000e+01 1.4000e+01 2.4000e+01 7.0000e+00 1.0000e+01 7.0000e+00 9.0000e+00 7.0000e+00
9.0000e+00 9.0000e+00 1.1000e+01 8.0000e+00 8.0000e+00 9.0000e+00 0.0000e+00 7.0000e+00 7.0000e+00 8.0000e+00 2.1000e+01 7.0000e+00 1.0000e+01 7.0000e+00 7.0000e+00 9.0000e+00 9.0000e+00 7.0000e+00 7.0000e+00 7.0000e+00 9.0000e+00 7.0000e+00 1.2000e+01 1.1000e+01 7.0000e+00 9.0000e+00 7.0000e+00 7.0000e+00 1.2000e+01 1.0000e+01 7.0000e+00 7.0000e+00 8.0000e+00 1.7000e+01 0.0000e+00 7.0000e+00 7.0000e+00 7.0000e+00 0.0000e+00 1.1000e+01 7.0000e+00 7.0000e+00 7.0000e+00 7.0000e+00 7.0000e+00 6.7000e+01 1.0000e+01 7.0000e+00 9.0000e+00 9.0000e+00
7.0000e+00 7.0000e+00 7.0000e+00 1.0000e+01 1.3000e+01 1.2000e+01 0.0000e+00 7.0000e+00 7.0000e+00 8.0000e+00 1.0000e+01 1.1000e+01 1.2000e+01 9.0000e+00 7.0000e+00 1.0000e+01 1.1000e+01 1.0000e+01 7.0000e+00 7.0000e+00 7.0000e+00 1.1000e+01 1.3000e+01 1.1000e+01 1.1000e+01 9.0000e+00 7.0000e+00 7.0000e+00 1.0000e+01 1.5000e+01 7.0000e+00 9.0000e+00 8.0000e+00 7.0000e+00 0.0000e+00 7.0000e+00 7.0000e+00 1.0000e+01 0.0000e+00 8.0000e+00 7.0000e+00 7.0000e+00 1.1000e+01 7.0000e+00 7.0000e+00 7.0000e+00 7.0000e+00 7.0000e+00 7.0000e+00 7.0000e+00
7.0000e+00 1.2000e+01 7.0000e+00 1.4000e+01 1.7000e+01 7.0000e+00 0.0000e+00 7.0000e+00 1.8000e+01 1.0000e+01 7.0000e+00 1.2000e+01 8.0000e+00 9.0000e+00 1.0000e+01 2.5000e+01 1.1000e+01 1.0000e+01 1.2000e+01 9.0000e+00 1.5000e+01 1.9000e+01 8.0000e+00 2.5000e+01 1.1000e+01 1.2000e+01 1.0000e+01 1.7000e+01 8.0000e+00 1.0000e+01 1.0000e+01 9.0000e+00 1.2000e+01 9.0000e+00 0.0000e+00 1.4000e+01 7.0000e+00 1.0000e+01 0.0000e+00 8.0000e+00 9.0000e+00 1.6000e+01 7.0000e+00 1.1000e+01 1.7000e+01 7.0000e+00 9.0000e+00 7.0000e+00 9.0000e+00 1.0000e+01
1.5000e+01 9.0000e+00 7.0000e+00 8.0000e+00 3.4000e+01 2.2000e+01 0.0000e+00 1.7000e+01 7.0000e+00 1.0000e+01 1.2000e+01 7.0000e+00 2.0000e+01 9.0000e+00 1.0000e+01 9.0000e+00 1.1000e+01 1.2000e+01 9.0000e+00 7.0000e+00 9.0000e+00 2.2000e+01 1.3000e+01 9.0000e+00 9.0000e+00 1.0000e+01 1.0000e+01 7.0000e+00 8.0000e+00 9.0000e+00 7.0000e+00 1.2000e+01 1.3000e+01 9.0000e+00 0.0000e+00 1.2000e+01 7.0000e+00 1.2000e+01 0.0000e+00 1.0000e+01 7.0000e+00 7.0000e+00 1.1000e+01 7.0000e+00 1.0000e+01 9.0000e+00 1.2000e+01 1.8000e+01 1.2000e+01 1.0000e+01
5.1400e+02 9.0000e+00 1.2000e+01 5.3600e+02 2.4000e+01 9.0000e+00 0.0000e+00 9.0000e+00 1.7000e+01 2.1000e+01 2.5000e+01 9.0000e+00 1.2000e+01 9.0000e+00 6.4200e+02 1.5000e+01 3.1000e+01 3.5000e+01 4.3000e+01 9.0000e+00 4.4000e+01 4.2200e+02 4.4000e+01 1.3450e+03 2.5000e+01 1.0000e+01 8.8000e+01 1.0000e+01 8.0000e+00 1.4000e+01 7.3000e+01 5.6000e+01 4.1000e+01 5.7000e+01 0.0000e+00 4.8000e+01 1.1000e+01 3.9000e+01 0.0000e+00 4.1400e+02 7.0000e+00 1.9100e+02 4.2000e+01 4.3000e+01 3.5000e+01 6.2000e+01 9.0000e+00 9.4000e+01 7.0000e+00 7.0000e+00
7.0000e+00 7.0000e+00 9.0000e+00 1.2000e+01 1.2000e+01 2.2000e+01 0.0000e+00 1.3000e+01 7.0000e+00 1.0000e+01 1.4000e+01 1.1000e+01 1.2000e+01 7.0000e+00 9.0000e+00 3.4000e+01 1.5000e+01 7.0000e+00 1.7000e+01 7.0000e+00 1.7000e+01 1.4000e+01 1.2000e+01 7.0000e+00 1.3000e+01 9.0000e+00 1.9000e+01 7.0000e+00 8.0000e+00 1.4000e+01 1.2000e+01 7.0000e+00 8.0000e+00 7.0000e+00 0.0000e+00 7.0000e+00 7.0000e+00 6.2000e+01 0.0000e+00 8.0000e+00 7.0000e+00 2.0000e+01 9.0000e+00 7.0000e+00 7.0000e+00 7.0000e+00 1.0000e+01 1.0000e+01 9.0000e+00 7.0000e+00
9.2000e+01 3.0000e+01 4.4000e+01 2.2000e+01 1.0100e+02 5.6000e+01 0.0000e+00 5.5000e+01 1.0000e+01 3.3500e+02 3.5000e+01 5.1000e+01 3.8000e+01 1.4100e+02 4.4000e+01 1.2000e+01 1.3500e+02 2.5000e+01 6.2000e+01 2.2500e+02 6.3000e+01 3.7000e+01 5.9000e+01 1.2400e+02 2.4400e+02 2.6400e+02 2.1000e+01 3.4000e+01 1.5500e+02 6.2000e+01 1.7700e+02 3.0400e+02 1.6100e+02 1.8000e+01 0.0000e+00 4.3000e+01 1.2200e+02 1.8900e+02 0.0000e+00 1.5800e+02 6.3000e+01 9.5000e+01 2.0000e+01 1.7400e+02 1.9000e+01 7.3000e+01 8.2000e+01 1.5000e+01 6.9000e+01 8.0000e+01
9.0000e+00 9.0000e+00 1.1000e+01 2.6000e+01 1.3000e+01 3.0000e+01 0.0000e+00 1.1000e+01 9.0000e+00 3.1000e+01 9.0000e+00 2.0000e+01 1.0000e+01 9.0000e+00 2.8000e+01 2.2000e+01 1.5000e+01 1.2000e+01 7.0000e+00 1.0000e+01 9.0000e+00 5.5000e+01 1.7000e+01 2.5000e+01 9.0000e+00 1.0000e+01 1.4000e+01 1.2000e+01 1.2000e+01 4.4000e+01 9.0000e+00 1.2000e+01 1.2000e+01 1.0000e+01 0.0000e+00 1.0000e+01 7.0000e+00 4.9000e+01 0.0000e+00 5.7000e+01 7.0000e+00 7.0000e+00 1.7000e+01 7.0000e+00 2.2000e+01 1.4000e+01 7.0000e+00 7.0000e+00 1.0000e+01 9.0000e+00
7.0000e+00 7.0000e+00 1.1000e+01 2.0000e+01 3.4000e+01 9.0000e+00 0.0000e+00 9.0000e+00 1.2000e+01 1.2000e+01 2.2000e+01 1.1000e+01 2.4000e+01 1.6000e+01 7.0000e+00 1.0000e+01 1.3000e+01 7.0000e+00 2.2000e+01 1.0000e+01 7.0000e+00 2.1000e+01 1.3000e+01 9.0000e+00 1.1000e+01 7.0000e+00 1.2000e+01 1.8000e+01 1.0000e+01 1.4000e+01 1.2000e+01 2.4000e+01 2.7000e+01 9.0000e+00 0.0000e+00 1.2000e+01 9.0000e+00 2.4000e+01 0.0000e+00 1.3000e+01 7.0000e+00 1.6000e+01 9.0000e+00 1.7000e+01 5.7000e+01 1.3000e+01 1.0000e+01 1.8000e+01 1.4000e+01 7.0000e+00
9.0000e+00 7.0000e+00 1.2000e+01 1.4000e+01 1.7000e+01 9.0000e+00 0.0000e+00 7.0000e+00 7.0000e+00 1.0000e+01 1.0000e+01 1.1000e+01 1.0000e+01 1.1000e+01 1.9000e+01 1.0000e+01 9.0000e+00 9.0000e+00 9.0000e+00 1.4000e+01 1.4000e+01 9.0000e+00 8.0000e+00 9.0000e+00 9.0000e+00 1.0000e+01 9.0000e+00 1.4000e+01 1.2000e+01 1.0000e+01 9.0000e+00 1.5000e+01 8.0000e+00 6.7000e+01 0.0000e+00 2.4000e+01 7.0000e+00 8.8000e+01 0.0000e+00 1.1000e+01 7.0000e+00 7.0000e+00 4.8000e+01 1.1000e+01 5.4000e+01 7.0000e+00 9.0000e+00 5.6000e+01 7.0000e+00 9.0000e+00
7.0000e+00 9.0000e+00 7.0000e+00 1.2000e+01 1.2000e+01 9.0000e+00 0.0000e+00 9.0000e+00 7.0000e+00 1.0000e+01 2.2000e+01 9.0000e+00 1.0000e+01 7.0000e+00 7.0000e+00 7.0000e+00 1.5000e+01 7.0000e+00 7.0000e+00 1.0000e+01 9.0000e+00 7.0000e+00 8.0000e+00 7.0000e+00 1.3000e+01 9.0000e+00 7.0000e+00 9.0000e+00 1.0000e+01 7.0000e+00 7.0000e+00 7.0000e+00 8.0000e+00 7.0000e+00 0.0000e+00 7.0000e+00 7.0000e+00 7.0000e+00 0.0000e+00 8.0000e+00 7.0000e+00 7.0000e+00 7.0000e+00 1.1000e+01 7.0000e+00 1.1000e+01 7.0000e+00 1.0000e+01 7.0000e+00 9.0000e+00
2.9000e+01 2.4000e+02 9.0000e+00 4.2000e+01 1.9300e+02 2.2000e+01 0.0000e+00 4.1500e+02 7.0000e+00 8.0000e+00 5.5000e+01 3.3000e+01 1.3000e+01 1.0800e+02 9.0000e+00 1.2400e+02 7.0000e+01 7.0000e+00 7.0000e+00 1.0000e+01 1.0000e+01 1.1000e+01 8.0000e+00 7.0000e+00 1.7000e+01 3.9000e+01 7.0000e+00 2.4000e+01 1.6000e+01 1.5000e+01 7.0000e+00 2.8000e+01 8.0000e+00 1.7000e+01 0.0000e+00 5.5000e+01 5.1000e+01 7.0000e+00 0.0000e+00 8.0000e+00 7.0000e+00 9.0000e+00 1.1500e+02 7.0000e+00 5.5700e+03 4.5000e+01 7.0000e+00 9.1000e+01 3.0000e+01 2.1000e+01
1.1000e+01 9.0000e+00 7.0000e+00 1.5000e+01 1.2000e+01 9.0000e+00 0.0000e+00 7.0000e+00 7.0000e+00 8.0000e+00 1.2000e+01 7.0000e+00 8.0000e+00 7.0000e+00 1.0000e+01 3.7000e+01 9.0000e+00 7.0000e+00 7.0000e+00 7.0000e+00 7.0000e+00 9.0000e+00 8.0000e+00 1.1000e+01 7.0000e+00 1.0000e+01 7.0000e+00 7.0000e+00 8.0000e+00 1.2000e+01 7.0000e+00 7.0000e+00 1.0000e+01 7.0000e+00 0.0000e+00 7.0000e+00 7.0000e+00 7.0000e+00 0.0000e+00 1.1000e+01 7.0000e+00 7.0000e+00 2.5000e+01 7.0000e+00 0.0000e+00 7.0000e+00 9.0000e+00 7.0000e+00 7.0000e+00 7.0000e+00
1.5000e+01 7.0000e+00 7.0000e+00 1.0000e+01 1.0000e+01 7.0000e+00 0.0000e+00 7.0000e+00 9.0000e+00 8.0000e+00 2.6000e+01 7.0000e+00 8.0000e+00 7.0000e+00 1.0000e+01 1.2000e+01 1.5000e+01 7.0000e+00 7.0000e+00 9.0000e+00 7.0000e+00 7.0000e+00 1.2000e+01 1.1000e+01 9.0000e+00 9.0000e+00 7.0000e+00 7.0000e+00 1.0000e+01 1.9000e+01 7.0000e+00 9.0000e+00 8.0000e+00 7.0000e+00 0.0000e+00 7.0000e+00 9.0000e+00 1.0000e+01 0.0000e+00 1.5000e+01 9.0000e+00 7.0000e+00 7.0000e+00 9.0000e+00 0.0000e+00 7.0000e+00 9.0000e+00 7.0000e+00 7.0000e+00 7.0000e+00
1.4000e+01 7.0000e+00 1.1000e+01 8.0000e+00 8.0000e+00 1.5000e+01 0.0000e+00 7.0000e+00 7.0000e+00 8.0000e+00 4.1000e+01 7.0000e+00 8.0000e+00 1.1000e+01 7.0000e+00 8.8000e+01 1.5000e+01 7.0000e+00 9.0000e+00 7.0000e+00 2.9000e+01 7.0000e+00 8.0000e+00 7.0000e+00 9.0000e+00 7.0000e+00 7.0000e+00 1.0000e+01 1.0000e+01 2.1000e+01 1.4000e+01 9.0000e+00 8.0000e+00 9.0000e+00 0.0000e+00 1.0000e+01 2.8000e+01 1.7000e+01 0.0000e+00 8.0000e+00 1.5000e+01 1.1000e+01 2.5000e+01 2.3000e+01 0.0000e+00 1.3000e+01 1.2000e+01 1.0000e+01 7.0000e+00 1.0700e+02
1.4000e+01 7.0000e+00 1.6000e+01 2.3000e+01 5.7000e+01 1.4000e+01 0.0000e+00 1.3000e+01 9.0000e+00 1.0000e+01 9.0000e+00 7.0000e+00 8.0000e+00 7.0000e+00 1.7000e+01 2.5000e+01 1.1000e+01 1.0000e+01 9.0000e+00 7.0000e+00 9.0000e+00 7.0000e+00 8.0000e+00 1.1000e+01 9.0000e+00 1.0000e+01 9.0000e+00 1.0000e+01 2.3000e+01 1.2000e+01 9.0000e+00 7.0000e+00 1.3000e+01 5.8820e+03 0.0000e+00 1.0000e+01 7.0000e+00 3.0000e+01 0.0000e+00 1.1000e+01 1.7000e+01 7.0000e+00 2.1000e+01 1.1000e+01 0.0000e+00 1.1000e+01 7.0000e+00 3.0000e+01 7.0000e+00 7.0000e+00
1.1000e+01 9.0000e+00 2.0000e+01 1.5000e+01 4.5000e+01 1.2000e+01 0.0000e+00 1.6000e+01 1.2000e+01 2.2000e+01 1.4000e+01 1.2000e+01 1.0000e+01 7.0000e+00 1.2000e+01 3.0000e+01 4.3000e+01 9.0000e+00 9.0000e+00 9.0000e+00 1.4000e+01 1.4000e+01 2.3000e+01 3.4000e+01 1.3000e+01 1.0000e+01 1.4000e+01 1.2000e+01 3.3000e+01 8.7000e+01 1.0000e+01 1.0500e+02 3.1000e+01 0.0000e+00 0.0000e+00 1.4000e+01 1.1000e+01 9.9000e+01 0.0000e+00 3.8000e+01 9.0000e+00 7.0000e+00 4.0000e+01 9.0000e+00 0.0000e+00 1.1000e+01 7.0000e+00 1.8000e+01 1.0000e+01 7.0000e+00
9.0000e+00 7.0000e+00 7.0000e+00 8.0000e+00 1.0000e+01 4.9000e+01 0.0000e+00 2.0000e+01 3.0000e+01 8.0000e+00 1.8000e+01 7.0000e+00 8.0000e+00 7.0000e+00 3.1000e+01 9.0000e+00 4.2000e+01 7.0000e+00 7.0000e+00 2.8000e+01 2.8000e+01 3.9000e+01 9.9000e+01 9.0000e+00 9.0000e+00 5.0000e+01 2.5000e+01 2.1000e+01 8.0000e+00 1.7000e+01 1.2000e+01 7.0000e+00 1.0000e+01 0.0000e+00 0.0000e+00 1.1400e+02 1.9000e+01 7.0000e+00 0.0000e+00 2.0000e+01 7.0000e+00 7.0000e+00 7.0000e+00 7.0000e+00 0.0000e+00 9.0000e+00 7.4000e+01 1.9000e+01 1.2000e+01 1.0000e+01
1.1000e+01 7.0000e+00 1.4000e+01 1.2000e+01 3.7000e+01 7.0000e+00 0.0000e+00 9.0000e+00 9.0000e+00 3.0000e+01 9.0000e+00 1.2000e+01 8.0000e+00 9.0000e+00 1.8000e+01 1.8000e+01 1.1000e+01 7.0000e+00 7.0000e+00 7.0000e+00 1.0000e+01 7.0000e+00 1.0000e+01 1.4000e+01 1.1000e+01 1.0000e+01 1.0000e+01 4.8000e+01 8.0000e+00 7.0000e+00 9.0000e+00 1.2000e+01 1.8000e+01 0.0000e+00 0.0000e+00 9.0000e+00 7.0000e+00 5.2040e+03 0.0000e+00 8.0000e+00 7.0000e+00 9.0000e+00 4.5000e+01 9.0000e+00 0.0000e+00 1.1000e+01 1.0000e+01 7.0000e+00 7.0000e+00 9.0000e+00
1.5300e+02 7.0000e+00 7.0000e+00 1.0400e+02 3.8700e+02 3.7000e+01 0.0000e+00 9.0000e+00 1.5000e+01 7.2000e+01 1.5000e+01 5.7000e+01 1.3000e+01 1.1000e+01 1.0000e+01 3.2000e+01 1.3000e+01 1.2000e+01 9.0000e+00 1.0000e+01 9.0000e+00 1.4000e+01 1.3000e+01 4.0000e+01 2.3000e+01 1.0000e+01 1.0000e+01 1.4000e+01 1.9000e+01 2.1000e+01 1.0000e+01 2.1000e+01 1.5000e+01 0.0000e+00 0.0000e+00 4.9000e+01 9.0000e+00 0.0000e+00 0.0000e+00 1.3000e+02 9.0000e+00 1.1000e+01 1.4400e+02 2.5000e+01 0.0000e+00 3.2000e+01 1.8000e+01 1.2000e+01 2.2000e+01 1.0000e+01
1.7000e+01 1.0000e+01 7.0000e+00 8.0000e+00 1.2000e+01 7.0000e+00 0.0000e+00 7.0000e+00 7.0000e+00 8.0000e+00 1.2000e+01 9.0000e+00 1.0000e+01 7.0000e+00 1.4000e+01 1.4000e+01 9.0000e+00 9.0000e+00 7.0000e+00 7.0000e+00 9.0000e+00 9.0000e+00 8.0000e+00 1.1000e+01 1.1000e+01 9.0000e+00 7.0000e+00 1.0000e+01 1.2000e+01 1.8000e+01 1.0000e+01 7.0000e+00 8.0000e+00 0.0000e+00 0.0000e+00 1.5000e+01 7.0000e+00 0.0000e+00 0.0000e+00 8.0000e+00 7.0000e+00 7.0000e+00 1.1000e+01 9.0000e+00 0.0000e+00 7.0000e+00 9.0000e+00 1.2000e+01 7.0000e+00 9.0000e+00
9.0000e+00 7.0000e+00 1.2000e+01 1.0000e+01 1.2000e+01 7.0000e+00 0.0000e+00 7.0000e+00 7.0000e+00 8.0000e+00 9.0000e+00 1.5000e+01 8.0000e+00 9.0000e+00 7.0000e+00 9.0000e+00 1.3000e+01 7.0000e+00 9.0000e+00 1.2000e+01 7.0000e+00 1.1000e+01 8.0000e+00 9.0000e+00 1.1000e+01 9.0000e+00 7.0000e+00 7.0000e+00 8.0000e+00 7.0000e+00 7.0000e+00 1.0000e+01 1.0000e+01 0.0000e+00 0.0000e+00 7.0000e+00 7.0000e+00 0.0000e+00 0.0000e+00 8.0000e+00 9.0000e+00 1.1000e+01 1.8000e+01 1.1000e+01 0.0000e+00 2.4000e+01 9.0000e+00 1.0000e+01 7.0000e+00 7.0000e+00
2.7000e+01 7.0000e+00 1.7000e+01 1.6600e+02 3.1000e+01 5.0000e+01 0.0000e+00 1.7000e+01 1.2000e+01 5.8000e+01 3.7000e+01 2.9000e+01 1.3000e+01 9.0000e+00 3.3000e+01 9.0000e+00 2.8000e+01 2.1000e+01 2.1000e+01 1.5000e+01 2.6000e+01 1.4000e+01 1.8000e+01 1.4000e+01 2.6000e+01 1.7000e+01 1.8000e+01 2.4000e+01 1.2000e+01 2.2000e+01 9.0000e+00 2.9000e+01 1.8000e+01 0.0000e+00 0.0000e+00 1.5000e+01 1.1000e+01 0.0000e+00 0.0000e+00 3.5000e+01 1.9000e+01 1.4000e+01 9.0000e+00 3.4000e+01 0.0000e+00 2.1000e+01 2.2000e+01 1.0000e+01 1.5000e+01 1.0000e+01
1.2000e+01 9.0000e+00 1.2000e+01 1.7000e+01 1.2000e+01 1.2000e+01 0.0000e+00 7.0000e+00 1.8000e+01 2.1000e+01 2.5000e+01 1.7000e+01 1.0000e+01 7.0000e+00 1.0000e+01 1.2000e+01 1.7000e+01 1.4000e+01 7.0000e+00 7.0000e+00 1.9000e+01 3.6000e+01 8.0000e+00 1.1000e+01 1.4000e+01 1.5000e+01 1.4000e+01 7.0000e+00 3.0000e+01 4.0000e+01 7.0000e+00 2.1000e+01 1.5000e+01 0.0000e+00 0.0000e+00 1.2000e+01 7.0000e+00 0.0000e+00 0.0000e+00 1.1000e+01 7.0000e+00 7.0000e+00 2.0000e+01 1.1000e+01 0.0000e+00 9.0000e+00 1.9000e+01 1.9000e+01 7.0000e+00 1.0000e+01
9.0000e+00 1.0000e+01 7.0000e+00 1.9000e+01 1.5000e+01 9.0000e+00 0.0000e+00 1.3000e+01 1.8000e+01 2.5000e+01 1.7950e+03 7.0000e+00 1.0000e+01 2.6000e+01 1.7200e+02 3.2600e+02 1.8000e+01 7.0000e+00 9.0000e+00 1.8000e+01 9.1000e+01 1.6000e+01 1.2000e+01 9.0000e+00 1.3800e+02 1.2000e+01 1.4000e+01 9.0000e+00 1.2000e+01 6.8000e+01 1.0000e+01 1.4000e+01 1.2000e+01 0.0000e+00 0.0000e+00 7.8000e+01 1.1000e+01 0.0000e+00 0.0000e+00 3.0000e+01 1.0000e+01 9.0000e+00 1.0400e+02 9.0000e+00 0.0000e+00 1.4000e+01 1.0700e+02 1.6600e+02 1.2000e+01 1.0000e+01
1.8000e+01 7.0000e+00 1.4000e+01 3.2000e+01 2.3000e+01 9.0000e+00 0.0000e+00 9.0000e+00 2.0000e+01 2.1000e+01 9.0000e+00 9.0000e+00 1.8000e+01 1.1000e+01 1.3700e+02 1.9500e+02 1.3000e+01 9.0000e+00 9.0000e+00 1.2000e+01 7.0000e+00 7.0000e+00 3.6000e+01 1.4000e+01 1.1000e+01 4.7000e+01 7.0000e+00 1.4000e+01 1.4000e+01 2.0500e+02 1.2000e+01 1.7000e+01 1.2000e+01 0.0000e+00 0.0000e+00 3.7000e+01 7.0000e+00 0.0000e+00 0.0000e+00 2.3000e+01 7.0000e+00 7.0000e+00 5.8000e+01 3.4000e+01 0.0000e+00 1.9000e+01 2.1000e+01 4.4000e+01 7.0000e+00 1.9000e+01
1.5000e+01 7.0000e+00 7.0000e+00 2.5000e+01 8.0000e+00 1.5000e+01 0.0000e+00 1.1000e+01 7.0000e+00 8.0000e+00 1.0000e+01 7.0000e+00 1.0000e+01 7.0000e+00 2.2000e+01 2.4000e+01 9.0000e+00 7.0000e+00 7.0000e+00 7.0000e+00 9.0000e+00 7.0000e+00 8.0000e+00 7.0000e+00 7.0000e+00 1.2000e+01 1.2000e+01 7.0000e+00 2.7000e+01 4.3000e+01 1.2000e+01 7.0000e+00 8.0000e+00 0.0000e+00 0.0000e+00 1.0000e+01 9.0000e+00 0.0000e+00 0.0000e+00 1.0000e+01 7.0000e+00 1.1000e+01 1.8000e+01 7.0000e+00 0.0000e+00 2.4000e+01 1.0000e+01 7.0000e+00 9.0000e+00 7.0000e+00
2.2000e+01 3.8000e+01 1.1000e+02 2.2000e+02 1.5000e+02 5.6000e+01 0.0000e+00 5.5900e+02 9.3000e+01 9.3000e+01 6.0000e+01 5.6000e+01 2.7000e+02 8.3000e+01 8.2000e+01 1.7100e+02 2.0000e+01 4.0000e+01 3.5000e+01 3.1000e+01 4.3000e+01 2.5000e+01 8.3000e+01 9.8000e+01 3.3000e+01 2.9000e+01 1.2000e+01 7.0000e+00 7.8000e+01 1.9000e+01 4.0000e+01 1.8000e+01 4.5000e+01 0.0000e+00 0.0000e+00 4.7000e+01 6.3000e+01 0.0000e+00 0.0000e+00 2.0200e+02 5.4000e+01 2.0000e+01 1.0100e+02 1.1600e+02 0.0000e+00 1.4600e+02 5.1000e+01 3.4000e+01 4.3000e+01 5.6000e+01
1.2000e+01 7.0000e+00 7.0000e+00 1.5000e+01 8.0000e+00 1.0000e+01 0.0000e+00 7.0000e+00 7.0000e+00 1.0000e+01 7.0000e+00 9.0000e+00 8.0000e+00 7.0000e+00 7.0000e+00 7.0000e+00 9.0000e+00 7.0000e+00 7.0000e+00 7.0000e+00 7.0000e+00 1.3000e+01 8.0000e+00 7.0000e+00 7.0000e+00 7.0000e+00 7.0000e+00 7.0000e+00 8.0000e+00 7.0000e+00 1.0000e+01 7.0000e+00 1.3000e+01 0.0000e+00 0.0000e+00 9.0000e+00 7.0000e+00 0.0000e+00 0.0000e+00 8.0000e+00 7.0000e+00 7.0000e+00 1.4000e+01 2.7000e+01 0.0000e+00 1.1000e+01 7.0000e+00 9.0000e+00 7.0000e+00 7.0000e+00
2.0300e+02 6.5000e+01 2.7400e+02 3.8400e+02 3.2210e+03 5.3820e+03 0.0000e+00 1.6600e+02 6.1000e+01 1.1310e+03 3.6700e+02 2.1030e+03 5.6100e+02 1.8300e+02 4.5240e+03 1.0900e+02 1.4740e+03 2.2800e+02 5.6200e+03 6.4100e+02 5.2590e+03 1.4100e+02 2.4630e+03 8.4200e+02 1.3500e+02 5.2750e+03 1.5500e+02 2.0400e+02 2.8390e+03 4.7240e+03 2.3700e+02 3.9820e+03 3.3500e+02 0.0000e+00 0.0000e+00 2.2900e+02 3.1040e+03 0.0000e+00 0.0000e+00 1.0500e+02 1.7700e+02 4.5420e+03 1.1800e+02 2.3700e+02 0.0000e+00 4.8700e+02 1.3700e+02 2.7900e+02 1.2200e+02 5.4730e+03
9.0000e+00 7.0000e+00 7.0000e+00 8.0000e+00 8.0000e+00 0.0000e+00 0.0000e+00 7.0000e+00 1.2000e+01 1.2000e+01 9.0000e+00 7.0000e+00 1.0000e+01 7.0000e+00 0.0000e+00 7.0000e+00 9.0000e+00 2.1000e+01 0.0000e+00 9.0000e+00 0.0000e+00 9.0000e+00 8.0000e+00 1.3000e+01 9.0000e+00 0.0000e+00 9.0000e+00 7.0000e+00 8.0000e+00 0.0000e+00 7.0000e+00 0.0000e+00 1.5000e+01 0.0000e+00 0.0000e+00 7.0000e+00 9.0000e+00 0.0000e+00 0.0000e+00 2.8000e+01 7.0000e+00 1.2000e+01 2.4000e+01 7.0000e+00 0.0000e+00 1.1000e+01 1.0000e+01 1.4000e+01 7.0000e+00 0.0000e+00
9.0000e+00 7.0000e+00 9.0000e+00 2.0000e+01 8.0000e+00 0.0000e+00 0.0000e+00 1.4000e+01 9.0000e+00 8.0000e+00 9.0000e+00 1.8000e+01 1.2000e+01 1.6000e+01 0.0000e+00 4.9000e+01 9.0000e+00 1.5000e+01 0.0000e+00 7.0000e+00 0.0000e+00 7.0000e+00 2.7000e+01 4.1000e+01 9.0000e+00 0.0000e+00 1.2000e+01 7.0000e+00 1.4000e+01 0.0000e+00 7.0000e+00 0.0000e+00 1.2000e+01 0.0000e+00 0.0000e+00 9.0000e+00 2.5000e+01 0.0000e+00 0.0000e+00 5.4000e+01 1.0000e+01 2.0000e+01 1.2400e+02 9.0000e+00 0.0000e+00 1.3000e+01 3.0000e+01 1.9000e+01 9.0000e+00 0.0000e+00
4.8000e+01 4.3900e+02 3.1200e+02 4.6000e+01 1.5000e+01 0.0000e+00 0.0000e+00 1.1000e+01 5.4000e+01 3.6100e+02 1.2000e+01 1.7600e+02 4.7500e+02 9.1600e+02 0.0000e+00 5.6800e+02 1.3000e+01 4.1100e+02 0.0000e+00 4.7600e+02 0.0000e+00 1.3000e+01 1.2000e+01 3.5500e+02 7.3400e+02 0.0000e+00 1.6000e+02 9.3000e+01 1.9600e+02 0.0000e+00 9.0000e+00 0.0000e+00 8.0000e+00 0.0000e+00 0.0000e+00 4.9630e+03 1.3000e+01 0.0000e+00 0.0000e+00 8.0000e+00 5.1000e+01 8.2000e+01 3.2100e+02 1.7000e+01 0.0000e+00 7.0000e+00 2.1200e+02 1.5800e+02 9.0000e+00 0.0000e+00
1.3600e+02 8.2000e+01 3.7840e+03 1.0850e+03 6.1000e+01 0.0000e+00 0.0000e+00 1.3900e+02 7.9000e+01 3.0400e+02 1.5100e+02 7.5000e+01 2.1400e+02 4.8800e+02 0.0000e+00 6.1900e+02 6.5300e+02 2.3900e+02 0.0000e+00 8.9000e+01 0.0000e+00 4.1500e+02 1.1900e+02 3.6600e+02 1.5400e+02 0.0000e+00 3.3500e+02 1.2900e+02 2.2100e+02 0.0000e+00 5.1050e+03 0.0000e+00 5.3500e+02 0.0000e+00 0.0000e+00 0.0000e+00 1.8200e+02 0.0000e+00 0.0000e+00 1.8800e+02 1.9000e+01 1.3000e+02 1.2700e+02 2.2200e+02 0.0000e+00 2.0830e+03 4.9000e+01 9.7000e+01 3.4600e+02 0.0000e+00
1.1600e+02 7.0000e+00 1.9000e+01 8.0000e+00 3.1000e+01 0.0000e+00 0.0000e+00 7.0000e+00 9.0000e+00 1.0000e+01 1.0000e+01 7.0000e+00 1.0000e+01 7.0000e+00 0.0000e+00 9.0000e+00 1.1000e+01 7.0000e+00 0.0000e+00 7.0000e+00 0.0000e+00 1.1000e+01 1.5000e+01 1.1000e+01 1.4000e+01 0.0000e+00 7.0000e+00 1.0000e+01 1.4000e+01 0.0000e+00 0.0000e+00 0.0000e+00 1.3000e+01 0.0000e+00 0.0000e+00 0.0000e+00 9.0000e+00 0.0000e+00 0.0000e+00 8.0000e+00 7.0000e+00 1.7000e+01 1.4000e+01 1.3000e+01 0.0000e+00 3.1000e+01 2.2000e+01 4.4000e+01 1.8000e+01 0.0000e+00
4.0880e+03 4.8080e+03 9.3500e+02 2.7050e+03 1.0860e+03 0.0000e+00 0.0000e+00 4.2220e+03 5.1910e+03 7.9800e+02 3.0220e+03 2.8200e+03 3.9520e+03 3.6620e+03 0.0000e+00 3.1360e+03 2.8160e+03 4.5050e+03 0.0000e+00 4.1660e+03 0.0000e+00 4.2040e+03 2.5670e+03 2.3410e+03 4.0870e+03 0.0000e+00 4.8050e+03 5.1560e+03 1.2630e+03 0.0000e+00 0.0000e+00 0.0000e+00 4.2840e+03 0.0000e+00 0.0000e+00 0.0000e+00 1.9970e+03 0.0000e+00 0.0000e+00 3.4530e+03 5.2850e+03 6.4400e+02 3.5270e+03 4.6020e+03 0.0000e+00 2.3400e+03 4.9300e+03 4.6380e+03 5.1310e+03 0.0000e+00
7.0000e+00 0.0000e+00 7.0000e+00 8.0000e+00 2.4000e+01 0.0000e+00 0.0000e+00 7.0000e+00 9.0000e+00 8.0000e+00 7.0000e+00 7.0000e+00 8.0000e+00 7.0000e+00 0.0000e+00 1.0000e+01 9.0000e+00 7.0000e+00 0.0000e+00 0.0000e+00 0.0000e+00 9.0000e+00 8.0000e+00 7.0000e+00 7.0000e+00 0.0000e+00 0.0000e+00 0.0000e+00 8.0000e+00 0.0000e+00 0.0000e+00 0.0000e+00 8.0000e+00 0.0000e+00 0.0000e+00 0.0000e+00 7.0000e+00 0.0000e+00 0.0000e+00 8.0000e+00 0.0000e+00 7.0000e+00 1.1000e+01 7.0000e+00 0.0000e+00 7.0000e+00 0.0000e+00 0.0000e+00 0.0000e+00 0.0000e+00
1.1000e+01 0.0000e+00 1.2000e+01 1.2000e+01 1.2000e+01 0.0000e+00 0.0000e+00 9.0000e+00 7.0000e+00 1.0000e+01 2.1000e+01 7.0000e+00 8.0000e+00 9.0000e+00 0.0000e+00 1.2000e+01 9.0000e+00 1.4000e+01 0.0000e+00 0.0000e+00 0.0000e+00 1.1000e+01 1.8000e+01 1.1000e+01 1.1000e+01 0.0000e+00 0.0000e+00 0.0000e+00 1.0000e+01 0.0000e+00 0.0000e+00 0.0000e+00 8.0000e+00 0.0000e+00 0.0000e+00 0.0000e+00 7.0000e+00 0.0000e+00 0.0000e+00 1.5500e+02 0.0000e+00 7.0000e+00 9.0000e+00 7.0000e+00 0.0000e+00 1.4000e+01 0.0000e+00 0.0000e+00 0.0000e+00 0.0000e+00
1.5000e+01 0.0000e+00 9.0000e+00 2.3000e+01 1.3000e+01 0.0000e+00 0.0000e+00 7.0000e+00 7.0000e+00 1.0000e+01 1.0000e+01 1.7000e+01 1.0000e+01 7.0000e+00 0.0000e+00 2.5000e+01 1.3000e+01 9.0000e+00 0.0000e+00 0.0000e+00 0.0000e+00 7.0000e+00 8.0000e+00 7.0000e+00 1.1000e+01 0.0000e+00 0.0000e+00 0.0000e+00 2.4000e+01 0.0000e+00 0.0000e+00 0.0000e+00 1.5000e+01 0.0000e+00 0.0000e+00 0.0000e+00 1.3000e+01 0.0000e+00 0.0000e+00 1.1000e+01 0.0000e+00 9.0000e+00 1.2000e+01 1.1000e+01 0.0000e+00 2.6000e+01 0.0000e+00 0.0000e+00 0.0000e+00 0.0000e+00
7.0000e+00 0.0000e+00 1.7000e+01 2.2000e+01 4.2000e+01 0.0000e+00 0.0000e+00 7.0000e+00 1.0000e+01 1.2000e+01 2.4000e+01 9.0000e+00 1.0000e+01 1.3000e+01 0.0000e+00 1.4000e+01 9.0000e+00 9.0000e+00 0.0000e+00 0.0000e+00 0.0000e+00 9.0000e+00 1.2000e+01 9.0000e+00 9.0000e+00 0.0000e+00 0.0000e+00 0.0000e+00 1.4000e+01 0.0000e+00 0.0000e+00 0.0000e+00 3.3000e+01 0.0000e+00 0.0000e+00 0.0000e+00 1.1000e+01 0.0000e+00 0.0000e+00 3.3000e+01 0.0000e+00 1.4000e+01 1.1000e+01 1.7000e+01 0.0000e+00 7.0000e+00 0.0000e+00 0.0000e+00 0.0000e+00 0.0000e+00
9.0000e+00 0.0000e+00 7.0000e+00 8.0000e+00 2.0000e+01 0.0000e+00 0.0000e+00 1.4000e+01 9.0000e+00 8.0000e+00 7.0000e+00 9.0000e+00 8.0000e+00 1.5000e+01 0.0000e+00 9.0000e+00 1.1000e+01 7.0000e+00 0.0000e+00 0.0000e+00 0.0000e+00 9.0000e+00 8.0000e+00 7.0000e+00 7.0000e+00 0.0000e+00 0.0000e+00 0.0000e+00 1.2000e+01 0.0000e+00 0.0000e+00 0.0000e+00 8.0000e+00 0.0000e+00 0.0000e+00 0.0000e+00 7.0000e+00 0.0000e+00 0.0000e+00 8.0000e+00 0.0000e+00 1.1000e+01 9.0000e+00 9.0000e+00 0.0000e+00 1.4000e+01 0.0000e+00 0.0000e+00 0.0000e+00 0.0000e+00
4.2000e+01 0.0000e+00 1.1000e+01 1.6000e+02 2.4000e+01 0.0000e+00 0.0000e+00 9.0000e+00 1.5000e+01 1.4000e+01 2.8000e+01 1.2000e+01 1.3000e+01 2.5000e+01 0.0000e+00 2.5000e+01 1.8000e+01 9.0000e+00 0.0000e+00 0.0000e+00 0.0000e+00 1.0000e+02 1.3000e+01 9.0000e+00 9.0000e+00 0.0000e+00 0.0000e+00 0.0000e+00 1.0000e+01 0.0000e+00 0.0000e+00 0.0000e+00 1.0000e+01 0.0000e+00 0.0000e+00 0.0000e+00 7.0000e+00 0.0000e+00 0.0000e+00 2.0000e+01 0.0000e+00 7.0000e+00 6.8000e+01 2.2000e+01 0.0000e+00 1.1000e+01 0.0000e+00 0.0000e+00 0.0000e+00 0.0000e+00
9.0000e+00 0.0000e+00 9.0000e+00 1.2000e+01 1.3000e+01 0.0000e+00 0.0000e+00 1.1000e+01 7.0000e+00 1.0000e+01 7.0000e+00 1.5000e+01 8.0000e+00 9.0000e+00 0.0000e+00 7.0000e+00 1.5000e+01 6.0000e+00 0.0000e+00 0.0000e+00 0.0000e+00 1.4000e+01 8.0000e+00 7.0000e+00 1.6000e+01 0.0000e+00 0.0000e+00 0.0000e+00 2.4000e+01 0.0000e+00 0.0000e+00 0.0000e+00 1.2000e+01 0.0000e+00 0.0000e+00 0.0000e+00 7.0000e+00 0.0000e+00 0.0000e+00 8.0000e+00 0.0000e+00 7.0000e+00 1.2000e+01 1.4000e+01 0.0000e+00 9.0000e+00 0.0000e+00 0.0000e+00 0.0000e+00 0.0000e+00
9.0000e+00 0.0000e+00 9.0000e+00 2.3000e+01 5.8000e+01 0.0000e+00 0.0000e+00 1.1000e+01 1.5000e+01 2.2950e+03 9.0000e+00 1.1000e+01 4.5000e+01 7.0000e+00 0.0000e+00 9.0000e+00 9.0000e+00 0.0000e+00 0.0000e+00 0.0000e+00 0.0000e+00 2.8000e+01 2.0000e+01 1.4000e+01 9.0000e+00 0.0000e+00 0.0000e+00 0.0000e+00 1.3500e+02 0.0000e+00 0.0000e+00 0.0000e+00 1.3000e+02 0.0000e+00 0.0000e+00 0.0000e+00 9.0000e+00 0.0000e+00 0.0000e+00 2.0000e+01 0.0000e+00 2.0000e+01 1.1200e+02 3.4000e+01 0.0000e+00 1.9000e+01 0.0000e+00 0.0000e+00 0.0000e+00 0.0000e+00
