1.1000e+01 1.0000e+00 1.0000e+00 1.0000e+00 1.0000e+00 5.0000e+00 1.0000e+00 1.0000e+00 9.8330e+03 1.6190e+03
1.0000e+00 3.0000e+00 2.0000e+00 2.4000e+01 4.4030e+03 1.0000e+00 2.0000e+00 1.0000e+00 1.0000e+00 8.4270e+03
2.1050e+03 2.0000e+00 1.0000e+00 1.3000e+01 1.0000e+00 4.0000e+00 2.3140e+03 4.2680e+03 4.0000e+00 1.0000e+00
3.0000e+00 3.0000e+00 2.0000e+00 0.0000e+00 5.4700e+03 1.0044e+04 1.0000e+00 1.0000e+00 1.0000e+00 5.0000e+00
1.0000e+00 1.0000e+00 8.3590e+03 2.9000e+01 3.0000e+00 2.0000e+00 1.0000e+00 1.0000e+00 1.0000e+00 1.0000e+00
1.0000e+00 2.0000e+00 1.0000e+00 1.0000e+00 1.0000e+00 6.0000e+00 7.7880e+03 1.0000e+00 1.0000e+00 6.0000e+00
7.7360e+03 2.0000e+00 1.0000e+00 2.0000e+00 1.0000e+00 1.0000e+00 4.0000e+00 1.0000e+00 2.6000e+01 2.0000e+00
2.0000e+00 1.7480e+03 1.5610e+03 1.0000e+00 1.0000e+00 1.0000e+00 1.0000e+00 5.8470e+03 1.5000e+01 1.0000e+00
1.0000e+00 2.0000e+00 1.0000e+00 9.9490e+03 1.0000e+00 1.0000e+00 1.0000e+00 1.0000e+00 2.0000e+00 1.3000e+01
1.0000e+00 8.2750e+03 1.0000e+00 1.0000e+00 1.0000e+00 1.0000e+00 1.0000e+00 1.0000e+00 1.0000e+00 2.0000e+00
