1.0000e+00 0.0000e+00 0.0000e+00 1.0000e+00 0.0000e+00 6.0000e-01 0.0000e+00 0.0000e+00 9.0613e-01 9.6912e-01
0.0000e+00 6.6667e-01 5.0000e-01 1.0000e+00 5.4804e-01 0.0000e+00 5.0000e-01 0.0000e+00 0.0000e+00 9.6772e-01
9.6960e-01 5.0000e-01 0.0000e+00 6.9231e-01 0.0000e+00 5.0000e-01 9.6932e-01 7.8233e-01 5.0000e-01 0.0000e+00
6.6667e-01 1.0000e+00 5.0000e-01 1.0000e+00 7.1609e-01 9.8059e-01 0.0000e+00 0.0000e+00 0.0000e+00 8.0000e-01
0.0000e+00 0.0000e+00 8.8061e-01 7.2414e-01 3.3333e-01 5.0000e-01 0.0000e+00 0.0000e+00 0.0000e+00 0.0000e+00
0.0000e+00 5.0000e-01 0.0000e+00 0.0000e+00 0.0000e+00 5.0000e-01 9.6225e-01 0.0000e+00 0.0000e+00 6.6667e-01
8.2071e-01 5.0000e-01 0.0000e+00 5.0000e-01 0.0000e+00 0.0000e+00 7.5000e-01 0.0000e+00 5.3846e-01 5.0000e-01
5.0000e-01 9.6854e-01 9.5516e-01 0.0000e+00 0.0000e+00 0.0000e+00 0.0000e+00 8.2367e-01 6.6667e-01 0.0000e+00
0.0000e+00 5.0000e-01 0.0000e+00 7.6973e-01 0.0000e+00 0.0000e+00 0.0000e+00 0.0000e+00 5.0000e-01 5.3846e-01
0.0000e+00 9.9311e-01 0.0000e+00 0.0000e+00 0.0000e+00 0.0000e+00 0.0000e+00 0.0000e+00 0.0000e+00 5.0000e-01
