1.0000e+00 1.0000e+00 0.0000e+00 0.0000e+00 6.6667e-01 5.0000e-01 0.0000e+00 0.0000e+00 9.1123e-01 9.7619e-01
0.0000e+00 8.7500e-01 0.0000e+00 9.9565e-01 5.0000e-01 5.0000e-01 6.6667e-01 0.0000e+00 0.0000e+00 9.7008e-01
9.7610e-01 0.0000e+00 0.0000e+00 0.0000e+00 5.0000e-01 0.0000e+00 9.7414e-01 7.5000e-01 5.0000e-01 0.0000e+00
5.0000e-01 0.0000e+00 9.6970e-01 5.0000e-01 7.1429e-01 9.7833e-01 0.0000e+00 0.0000e+00 0.0000e+00 9.2308e-01
0.0000e+00 0.0000e+00 8.7983e-01 0.0000e+00 0.0000e+00 0.0000e+00 0.0000e+00 0.0000e+00 0.0000e+00 0.0000e+00
0.0000e+00 6.6667e-01 0.0000e+00 0.0000e+00 5.0000e-01 0.0000e+00 9.6766e-01 6.6667e-01 0.0000e+00 6.6667e-01
8.3984e-01 7.5000e-01 0.0000e+00 0.0000e+00 6.2879e-01 0.0000e+00 5.0000e-01 6.6667e-01 5.0000e-01 5.0000e-01
0.0000e+00 9.7087e-01 9.0909e-01 0.0000e+00 0.0000e+00 0.0000e+00 0.0000e+00 8.3019e-01 0.0000e+00 0.0000e+00
0.0000e+00 5.0000e-01 5.0000e-01 7.7357e-01 4.2857e-01 0.0000e+00 7.1429e-01 6.1111e-01 5.0000e-01 5.0000e-01
0.0000e+00 9.9520e-01 0.0000e+00 5.0000e-01 0.0000e+00 0.0000e+00 0.0000e+00 0.0000e+00 0.0000e+00 6.6667e-01
