1.1100e+02 8.8000e+01 1.0600e+02 1.1000e+02 8.6000e+01 1.1200e+02 9.5000e+01 1.0000e+02 1.3300e+02 8.7570e+03
1.0600e+02 1.0700e+02 9.5000e+01 8.6210e+03 1.0500e+02 9.4000e+01 1.0700e+02 9.9000e+01 1.0200e+02 3.0400e+02
7.0200e+02 1.1000e+02 1.1000e+02 1.1100e+02 9.1580e+03 9.6000e+01 7.1200e+02 9.7000e+01 1.0500e+02 8.7000e+01
1.0400e+02 8.9000e+01 1.1100e+02 1.0300e+02 1.0100e+02 9.1820e+03 1.1000e+02 9.2000e+01 1.1400e+02 9.5000e+01
1.0200e+02 9.2000e+01 8.6880e+03 9.6000e+01 9.7000e+01 1.0300e+02 1.1000e+02 1.0400e+02 1.1200e+02 8.3000e+01
9.9000e+01 9.1000e+01 1.1300e+02 1.0400e+02 1.1300e+02 1.0000e+02 8.6940e+03 1.3400e+02 1.0100e+02 9.6000e+01
8.4320e+03 1.0300e+02 9.5000e+01 7.8000e+01 8.5000e+01 1.0800e+02 8.8000e+01 9.1000e+01 8.9000e+01 1.0200e+02
9.1000e+01 6.9700e+02 4.2500e+02 9.5000e+01 1.0100e+02 1.0400e+02 9.8000e+01 9.0880e+03 9.0000e+01 1.0300e+02
9.8000e+01 8.4000e+01 9.5000e+01 5.4700e+02 9.8000e+01 1.0100e+02 9.0000e+01 1.0400e+02 9.0610e+03 1.0900e+02
1.0500e+02 8.4400e+03 1.1600e+02 1.0600e+02 9.9000e+01 1.2300e+02 8.7000e+01 1.0500e+02 1.1700e+02 9.3000e+01
