8.7755e-01 1.1364e-01 2.4528e-01 7.9817e-01 4.7674e-01 5.7143e-01 4.0000e-01 2.3000e-01 8.9216e-01 9.6703e-01
1.6981e-01 5.7944e-01 3.0526e-01 1.0000e+00 5.9048e-01 3.5106e-01 7.9439e-01 9.0909e-02 1.2745e-01 9.8969e-01
9.5370e-01 5.2727e-01 9.0909e-03 6.2162e-01 8.1373e-01 5.1042e-01 9.6591e-01 7.5000e-01 6.1905e-01 4.5977e-01
8.2692e-01 7.3034e-01 7.6577e-01 5.6311e-01 7.3034e-01 9.8969e-01 1.2727e-01 4.0217e-01 3.8596e-01 8.0000e-01
0.0000e+00 1.5217e-01 8.9320e-01 6.7368e-01 2.5773e-01 1.8447e-01 4.5455e-02 6.2500e-01 1.9643e-01 4.3373e-01
7.5758e-01 4.1758e-01 9.7345e-02 1.0577e-01 4.8673e-01 3.4000e-01 9.7938e-01 7.8947e-01 1.2871e-01 5.7292e-01
7.9808e-01 4.7573e-01 1.7895e-01 3.3333e-01 5.3659e-01 5.7692e-01 5.0000e-01 1.9780e-01 4.8315e-01 6.0396e-01
5.6044e-01 1.0000e+00 9.8000e-01 2.9474e-01 9.9010e-03 4.9038e-01 5.8163e-01 8.2243e-01 6.3333e-01 0.0000e+00
2.1429e-01 5.0000e-01 1.2632e-01 7.9245e-01 4.8454e-01 5.9406e-02 4.2222e-01 5.0495e-01 7.6699e-01 4.9541e-01
8.5714e-02 1.0000e+00 2.2414e-01 1.5094e-01 1.0101e-01 2.5203e-01 2.5287e-01 4.7619e-01 4.6154e-01 5.1613e-01
