9.3162e-01 3.3333e-01 3.3333e-01 7.5758e-01 5.2381e-01 4.3478e-01 3.3333e-01 1.6667e-01 9.0546e-01 9.7232e-01
0.0000e+00 5.5000e-01 3.3333e-01 9.9790e-01 5.7895e-01 0.0000e+00 7.4074e-01 0.0000e+00 2.3077e-01 9.7003e-01
9.7396e-01 3.3333e-01 0.0000e+00 6.7188e-01 7.8267e-01 6.6667e-01 9.6677e-01 7.8015e-01 6.4000e-01 2.0000e-01
9.0000e-01 7.0588e-01 7.5000e-01 2.5000e-01 7.1479e-01 9.8164e-01 1.6667e-01 5.4762e-01 4.2105e-01 1.0000e+00
0.0000e+00 1.0000e-01 8.7697e-01 6.7262e-01 3.0556e-01 9.0909e-02 1.0000e-01 5.8382e-01 8.3333e-02 4.2424e-01
7.1053e-01 3.6364e-01 0.0000e+00 1.1111e-01 5.2500e-01 5.2778e-01 9.6449e-01 7.7015e-01 4.1667e-01 5.4545e-01
8.2476e-01 3.3333e-01 3.8462e-01 2.6316e-01 6.3315e-01 3.2000e-01 4.7619e-01 3.1250e-01 4.9275e-01 6.6341e-01
4.5455e-01 9.6872e-01 9.5849e-01 4.0000e-01 0.0000e+00 4.8485e-01 6.5000e-01 8.2545e-01 4.8571e-01 0.0000e+00
2.0000e-01 3.7037e-01 1.5385e-01 7.7808e-01 5.2344e-01 8.3333e-02 4.6667e-01 5.1538e-01 7.3477e-01 3.9394e-01
0.0000e+00 9.9494e-01 3.7500e-01 1.1111e-01 1.8750e-01 2.6667e-01 2.5000e-01 4.6341e-01 3.6364e-01 6.1538e-01
