9.3103e-01 6.2500e-02 2.6087e-01 6.4000e-01 6.6667e-01 4.5455e-01 2.4138e-01 1.4286e-01 8.9412e-01 9.7153e-01
2.6316e-01 5.9091e-01 1.2000e-01 9.9845e-01 4.6154e-01 2.2222e-01 6.3636e-01 1.1111e-01 4.3478e-02 9.6951e-01
9.7001e-01 3.8095e-01 0.0000e+00 5.6522e-01 7.8630e-01 5.4545e-01 9.7554e-01 7.2414e-01 4.6154e-01 4.2105e-01
8.1250e-01 6.6667e-01 5.7143e-01 6.0000e-01 6.5714e-01 9.7641e-01 2.6316e-01 2.5000e-01 4.3478e-01 8.7500e-01
0.0000e+00 3.4483e-02 8.7832e-01 6.6667e-01 3.3333e-01 2.7273e-01 7.6923e-02 6.5385e-01 9.0909e-02 2.8000e-01
9.0909e-01 5.4545e-01 1.6667e-01 1.9048e-01 3.6364e-01 5.5000e-01 9.6618e-01 8.0000e-01 3.1250e-01 5.3846e-01
8.3250e-01 7.4074e-01 3.6842e-01 4.7059e-01 6.0417e-01 7.2727e-01 5.6667e-01 2.0000e-01 4.0909e-01 6.9565e-01
3.9130e-01 9.6868e-01 9.5893e-01 4.3478e-01 0.0000e+00 4.7826e-01 5.0000e-01 8.2664e-01 5.0000e-01 3.1250e-02
4.0909e-01 3.9286e-01 3.2258e-02 7.3123e-01 3.6842e-01 0.0000e+00 4.2857e-01 6.2963e-01 7.3386e-01 3.9130e-01
4.7619e-02 9.9391e-01 1.4286e-01 6.8966e-02 5.2632e-02 2.6316e-01 1.7241e-01 6.4706e-01 3.3333e-01 5.4545e-01
