2.7000e+01 1.0000e+00 6.0000e+00 1.6000e+01 1.2000e+01 1.0000e+01 7.0000e+00 3.0000e+00 1.5200e+02 9.3500e+03
5.0000e+00 1.3000e+01 3.0000e+00 9.6810e+03 6.0000e+00 4.0000e+00 1.4000e+01 2.0000e+00 1.0000e+00 1.5900e+02
7.4400e+02 8.0000e+00 0.0000e+00 1.3000e+01 7.5170e+03 1.2000e+01 6.7800e+02 2.1000e+01 6.0000e+00 8.0000e+00
1.3000e+01 1.2000e+01 8.0000e+00 1.2000e+01 2.3000e+01 9.6010e+03 5.0000e+00 4.0000e+00 1.0000e+01 2.1000e+01
0.0000e+00 1.0000e+00 8.2070e+03 1.6000e+01 1.1000e+01 6.0000e+00 1.0000e+00 1.7000e+01 2.0000e+00 7.0000e+00
1.0000e+01 1.2000e+01 4.0000e+00 4.0000e+00 8.0000e+00 1.1000e+01 8.7980e+03 3.6000e+01 5.0000e+00 1.4000e+01
7.5200e+03 2.0000e+01 7.0000e+00 8.0000e+00 8.7000e+01 1.6000e+01 1.7000e+01 4.0000e+00 9.0000e+00 1.6000e+01
9.0000e+00 4.6400e+02 4.6700e+02 1.0000e+01 0.0000e+00 1.1000e+01 1.2000e+01 8.0920e+03 7.0000e+00 1.0000e+00
9.0000e+00 1.1000e+01 1.0000e+00 1.8500e+02 7.0000e+00 0.0000e+00 6.0000e+00 1.7000e+01 7.1060e+03 9.0000e+00
1.0000e+00 9.3050e+03 3.0000e+00 2.0000e+00 1.0000e+00 5.0000e+00 5.0000e+00 1.1000e+01 6.0000e+00 1.2000e+01
