6.1364e-01 2.5806e-01 6.9048e-01 3.7838e-01 5.9244e-01 5.0000e-01 6.6667e-01 6.9380e-01 6.1858e-01 6.1290e-01 3.6170e-01 4.0909e-01 3.0769e-01 1.6667e-01 3.5556e-01 4.3056e-01 2.7586e-01 1.6667e-01 2.1739e-01 1.4286e-01 5.0000e-01 3.3333e-01 1.0345e-01 2.5000e-01 2.3529e-01 3.1818e-01 5.9223e-01 2.2727e-01 7.1214e-01 6.1722e-01 6.6045e-01 7.6603e-01 6.0909e-01 6.4667e-01 3.2558e-01 3.6842e-01 1.0000e-01 6.5455e-01 6.1364e-01 2.7500e-01 3.3333e-01 0.0000e+00 3.3333e-01 4.4681e-01 7.7236e-01 2.0000e-01 5.7778e-01 6.5625e-01 0.0000e+00 6.5546e-01
2.0000e-01 4.3750e-01 0.0000e+00 0.0000e+00 7.2024e-01 0.0000e+00 1.1111e-01 4.0625e-01 1.1765e-01 1.0000e-01 0.0000e+00 0.0000e+00 0.0000e+00 0.0000e+00 1.8182e-01 4.2424e-01 0.0000e+00 0.0000e+00 1.9048e-01 5.3030e-01 0.0000e+00 2.9412e-01 4.2182e-01 0.0000e+00 1.6000e-01 6.2500e-02 1.2500e-01 0.0000e+00 5.8993e-01 6.9444e-01 1.9231e-01 0.0000e+00 0.0000e+00 2.6316e-01 2.7273e-01 2.8571e-01 2.9412e-01 2.0000e-01 4.2857e-01 0.0000e+00 0.0000e+00 1.9048e-01 1.1111e-01 2.7273e-01 1.0000e+00 7.1951e-01 0.0000e+00 1.5385e-01 4.4000e-01 9.0909e-02
3.5294e-01 3.3333e-01 3.6842e-01 4.9254e-01 3.2353e-01 5.7143e-01 4.2857e-01 2.6316e-01 5.8528e-01 5.9615e-01 6.9913e-01 2.3077e-01 5.4545e-01 6.4172e-01 2.9412e-01 5.5155e-01 4.7500e-01 2.5000e-01 2.5926e-01 4.0000e-01 6.2000e-01 3.5000e-01 3.0233e-01 6.6667e-01 6.4272e-01 4.5946e-01 4.0816e-01 2.7586e-01 6.8127e-01 4.3137e-01 3.8571e-01 3.0435e-01 5.9375e-01 5.4412e-01 6.6667e-01 1.8182e-01 6.8807e-01 3.5294e-01 5.4839e-01 3.5088e-01 6.5179e-01 3.8298e-01 8.5981e-01 4.4681e-01 1.0000e+00 4.2105e-01 2.3077e-01 4.4118e-01 5.8140e-01 2.1429e-01
1.0000e+00 4.0909e-01 9.3330e-01 7.6793e-01 2.1739e-01 9.1206e-01 1.0000e+00 7.0833e-01 6.9742e-01 9.1153e-01 2.3077e-01 9.1364e-01 7.8347e-01 7.3025e-01 6.6667e-02 6.9813e-01 4.3750e-01 7.4296e-01 6.5868e-01 0.0000e+00 9.4416e-01 9.0115e-01 1.7500e-01 9.7251e-01 0.0000e+00 6.4116e-01 7.3313e-01 3.6792e-01 3.9474e-01 7.3570e-01 1.4286e-01 6.6492e-01 6.6304e-01 9.0909e-02 4.1892e-01 1.1111e-01 8.7297e-01 9.5566e-01 7.4227e-01 1.6667e-01 8.6346e-01 7.2442e-01 2.5000e-01 6.5882e-01 1.0000e+00 9.9155e-01 9.3506e-01 8.4512e-01 9.3673e-01 2.7778e-01
1.0000e+00 1.5000e-01 0.0000e+00 0.0000e+00 2.1739e-01 0.0000e+00 1.0000e+00 0.0000e+00 0.0000e+00 0.0000e+00 0.0000e+00 1.8182e-01 0.0000e+00 0.0000e+00 0.0000e+00 3.9655e-01 2.1739e-01 1.0000e-01 0.0000e+00 4.6809e-01 4.2857e-01 2.6667e-01 2.4138e-01 1.0000e+00 5.8824e-02 6.2500e-02 0.0000e+00 0.0000e+00 1.7647e-01 0.0000e+00 1.9231e-01 3.7931e-01 2.0000e-01 9.0909e-02 3.8333e-01 0.0000e+00 0.0000e+00 0.0000e+00 9.2159e-01 0.0000e+00 1.0000e-01 0.0000e+00 2.8571e-01 0.0000e+00 1.0000e+00 1.0000e+00 0.0000e+00 6.8125e-01 2.3077e-01 0.0000e+00
1.0000e+00 2.4138e-01 2.8571e-01 7.6923e-02 0.0000e+00 3.1250e-01 1.0000e+00 0.0000e+00 0.0000e+00 1.8182e-01 4.5882e-01 2.3077e-01 1.4286e-01 1.2500e-01 3.9286e-01 4.6667e-01 1.6667e-01 1.6667e-01 1.1765e-01 0.0000e+00 3.6842e-01 0.0000e+00 0.0000e+00 1.0000e+00 1.6000e-01 6.2500e-02 0.0000e+00 0.0000e+00 0.0000e+00 7.4755e-01 0.0000e+00 4.1176e-01 9.0909e-02 0.0000e+00 2.4138e-01 0.0000e+00 0.0000e+00 1.0000e+00 1.0000e+00 2.7027e-01 1.0000e-01 3.1250e-01 1.0000e+00 0.0000e+00 1.0000e+00 1.0000e+00 1.8182e-01 0.0000e+00 0.0000e+00 0.0000e+00
1.0000e+00 0.0000e+00 3.6842e-01 0.0000e+00 1.2500e-01 1.8182e-01 1.0000e+00 2.0000e-01 0.0000e+00 1.8182e-01 0.0000e+00 1.1111e-01 0.0000e+00 0.0000e+00 1.5000e-01 5.3205e-01 0.0000e+00 1.0000e-01 1.5789e-01 8.3333e-02 2.8571e-01 1.6667e-01 2.1569e-01 1.0000e+00 1.0000e-01 1.7391e-01 0.0000e+00 8.6957e-02 1.3333e-01 6.1972e-01 6.2500e-02 2.0000e-01 9.0909e-02 0.0000e+00 1.1111e-01 1.8182e-01 0.0000e+00 1.0000e+00 1.0000e+00 1.0526e-01 1.0000e-01 2.4000e-01 1.0000e+00 0.0000e+00 1.0000e+00 1.0000e+00 1.1111e-01 2.7778e-01 1.1111e-01 0.0000e+00
1.0000e+00 5.4327e-01 5.2941e-01 2.8000e-01 1.9048e-01 4.1667e-01 1.0000e+00 4.3243e-01 6.4452e-01 5.5814e-01 1.1765e-01 0.0000e+00 4.2857e-01 3.5135e-01 5.8951e-01 5.3614e-01 6.2604e-01 7.4386e-01 3.5714e-01 5.8586e-01 6.7606e-01 4.4828e-01 5.4123e-01 1.0000e+00 3.9506e-01 6.5753e-01 3.8095e-01 5.7845e-01 6.9053e-01 5.4369e-01 3.4545e-01 9.0909e-02 9.0909e-02 2.8571e-01 5.7434e-01 2.8571e-01 5.0000e-01 1.0000e+00 1.0000e+00 6.2869e-01 1.0000e-01 5.1923e-01 1.0000e+00 4.4898e-01 1.0000e+00 1.0000e+00 6.0784e-01 7.3718e-01 4.6154e-01 4.3333e-01
1.0000e+00 0.0000e+00 2.8571e-01 4.2222e-01 5.0505e-01 1.0000e-01 1.0000e+00 3.7931e-01 2.0833e-01 2.3077e-01 2.6667e-01 3.3333e-01 8.3333e-02 1.6667e-01 6.6667e-02 5.2349e-01 7.1429e-02 1.6667e-01 2.7586e-01 8.3333e-02 1.1111e-01 3.3333e-01 3.3628e-01 1.0000e+00 2.5000e-01 3.3333e-01 7.1429e-02 1.1538e-01 3.5484e-01 4.4231e-01 3.3333e-01 2.8571e-01 9.0909e-02 4.1176e-01 4.9635e-01 4.8276e-01 0.0000e+00 1.0000e+00 1.0000e+00 1.3636e-01 2.1429e-01 1.2500e-01 1.0000e+00 3.0769e-01 1.0000e+00 1.0000e+00 5.7778e-01 2.5000e-01 0.0000e+00 2.7778e-01
1.0000e+00 6.8613e-01 1.1111e-01 3.4375e-01 6.8731e-01 8.0826e-01 1.0000e+00 8.1719e-01 5.7255e-01 5.6522e-01 3.8889e-01 8.5131e-01 6.2353e-01 6.8089e-01 6.9683e-01 2.6667e-01 7.2511e-01 8.6042e-01 7.1141e-01 8.0721e-01 7.5385e-01 2.6667e-01 1.8605e-01 1.0000e+00 4.8276e-01 4.8175e-01 6.8521e-01 3.9098e-01 7.6912e-01 2.8000e-01 2.4242e-01 8.1487e-01 8.1752e-01 8.2154e-01 6.5853e-01 9.2695e-01 8.8935e-01 1.0000e+00 1.0000e+00 6.4248e-01 4.3750e-01 2.7586e-01 1.0000e+00 7.8307e-01 1.0000e+00 1.0000e+00 8.2540e-01 2.7778e-01 0.0000e+00 8.5927e-01
