2.7000e+01 8.0000e+00 5.8000e+01 1.4000e+01 1.4100e+02 1.7000e+01 4.0000e+01 1.7900e+02 3.1300e+02 3.8000e+01 1.7000e+01 9.0000e+00 8.0000e+00 3.0000e+00 1.6000e+01 3.1000e+01 8.0000e+00 2.0000e+00 5.0000e+00 2.0000e+00 1.4000e+01 6.0000e+00 3.0000e+00 3.0000e+00 8.0000e+00 1.4000e+01 1.2200e+02 1.0000e+01 5.2200e+02 1.2900e+02 3.7170e+03 6.8100e+02 6.7000e+01 9.7000e+01 1.4000e+01 7.0000e+00 1.0000e+00 3.6000e+01 2.7000e+01 1.1000e+01 7.0000e+00 0.0000e+00 5.0000e+00 2.1000e+01 9.5000e+01 2.0000e+00 2.6000e+01 8.4000e+01 0.0000e+00 7.8000e+01
2.0000e+00 3.5000e+01 0.0000e+00 0.0000e+00 3.0920e+03 0.0000e+00 1.0000e+00 1.3000e+01 2.0000e+00 1.0000e+00 0.0000e+00 0.0000e+00 0.0000e+00 0.0000e+00 4.0000e+00 2.8000e+01 0.0000e+00 0.0000e+00 4.0000e+00 3.5000e+01 0.0000e+00 5.0000e+00 1.1600e+02 0.0000e+00 4.0000e+00 1.0000e+00 2.0000e+00 0.0000e+00 8.2000e+01 4.5000e+02 5.0000e+00 0.0000e+00 0.0000e+00 5.0000e+00 9.0000e+00 4.0000e+00 5.0000e+00 2.0000e+00 9.0000e+00 0.0000e+00 0.0000e+00 4.0000e+00 1.0000e+00 6.0000e+00 5.9220e+03 5.9000e+01 0.0000e+00 2.0000e+00 1.1000e+01 1.0000e+00
6.0000e+00 1.5000e+01 7.0000e+00 3.3000e+01 1.1000e+01 2.8000e+01 9.0000e+00 5.0000e+00 1.7500e+02 3.1000e+01 3.9480e+03 3.0000e+00 4.8000e+01 2.8300e+02 1.0000e+01 1.0700e+02 3.8000e+01 4.0000e+00 7.0000e+00 1.4000e+01 3.1000e+01 7.0000e+00 2.6000e+01 3.8000e+01 3.6050e+03 5.1000e+01 2.0000e+01 1.6000e+01 2.8000e+02 2.2000e+01 2.7000e+01 7.0000e+00 5.7000e+01 3.7000e+01 2.0960e+03 2.0000e+00 7.5000e+01 6.0000e+00 1.7000e+01 2.0000e+01 7.3000e+01 1.8000e+01 2.7600e+02 2.1000e+01 0.0000e+00 8.0000e+00 3.0000e+00 1.5000e+01 2.5000e+01 3.0000e+00
5.9350e+03 2.7000e+01 5.3590e+03 4.4010e+03 5.0000e+00 5.0610e+03 5.9000e+03 2.2100e+02 2.8880e+03 5.2030e+03 6.0000e+00 4.8030e+03 4.3310e+03 3.2540e+03 1.0000e+00 3.5060e+03 2.8000e+01 2.1100e+02 5.5000e+02 0.0000e+00 5.1740e+03 5.1870e+03 7.0000e+00 5.7310e+03 0.0000e+00 1.2150e+03 3.4230e+03 3.9000e+01 1.5000e+01 1.2220e+03 3.0000e+00 1.2700e+02 1.2200e+02 1.0000e+00 3.1000e+01 1.0000e+00 1.6630e+03 3.0820e+03 7.2000e+01 4.0000e+00 5.0970e+03 4.1060e+03 3.0000e+00 1.6800e+02 0.0000e+00 5.7490e+03 5.1120e+03 4.3870e+03 5.4190e+03 5.0000e+00
0.0000e+00 3.0000e+00 0.0000e+00 0.0000e+00 5.0000e+00 0.0000e+00 0.0000e+00 0.0000e+00 0.0000e+00 0.0000e+00 0.0000e+00 2.0000e+00 0.0000e+00 0.0000e+00 0.0000e+00 2.3000e+01 5.0000e+00 1.0000e+00 0.0000e+00 2.2000e+01 9.0000e+00 4.0000e+00 1.4000e+01 0.0000e+00 1.0000e+00 1.0000e+00 0.0000e+00 0.0000e+00 3.0000e+00 0.0000e+00 5.0000e+00 1.1000e+01 3.0000e+00 1.0000e+00 2.3000e+01 0.0000e+00 0.0000e+00 0.0000e+00 9.5200e+02 0.0000e+00 1.0000e+00 0.0000e+00 4.0000e+00 0.0000e+00 0.0000e+00 0.0000e+00 0.0000e+00 1.0900e+02 3.0000e+00 0.0000e+00
0.0000e+00 7.0000e+00 4.0000e+00 1.0000e+00 0.0000e+00 5.0000e+00 0.0000e+00 0.0000e+00 0.0000e+00 2.0000e+00 3.9000e+01 3.0000e+00 2.0000e+00 2.0000e+00 2.2000e+01 4.2000e+01 3.0000e+00 2.0000e+00 2.0000e+00 0.0000e+00 7.0000e+00 0.0000e+00 0.0000e+00 0.0000e+00 4.0000e+00 1.0000e+00 0.0000e+00 0.0000e+00 0.0000e+00 2.2090e+03 0.0000e+00 1.4000e+01 1.0000e+00 0.0000e+00 7.0000e+00 0.0000e+00 0.0000e+00 2.6940e+03 4.6990e+03 1.0000e+01 1.0000e+00 1.0000e+01 5.6690e+03 0.0000e+00 0.0000e+00 0.0000e+00 2.0000e+00 0.0000e+00 0.0000e+00 0.0000e+00
0.0000e+00 0.0000e+00 7.0000e+00 0.0000e+00 2.0000e+00 2.0000e+00 0.0000e+00 3.0000e+00 0.0000e+00 2.0000e+00 0.0000e+00 1.0000e+00 0.0000e+00 0.0000e+00 3.0000e+00 8.3000e+01 0.0000e+00 1.0000e+00 3.0000e+00 1.0000e+00 4.0000e+00 2.0000e+00 1.1000e+01 0.0000e+00 2.0000e+00 4.0000e+00 0.0000e+00 2.0000e+00 2.0000e+00 1.3200e+02 1.0000e+00 3.0000e+00 1.0000e+00 0.0000e+00 2.0000e+00 2.0000e+00 0.0000e+00 0.0000e+00 0.0000e+00 2.0000e+00 1.0000e+00 6.0000e+00 0.0000e+00 0.0000e+00 0.0000e+00 0.0000e+00 1.0000e+00 5.0000e+00 1.0000e+00 0.0000e+00
0.0000e+00 1.1300e+02 1.8000e+01 7.0000e+00 4.0000e+00 1.0000e+01 0.0000e+00 1.6000e+01 5.5300e+02 2.4000e+01 2.0000e+00 0.0000e+00 1.8000e+01 1.3000e+01 1.9100e+02 8.9000e+01 2.2600e+02 2.1200e+02 1.5000e+01 5.8000e+01 4.8000e+01 1.3000e+01 2.9010e+03 0.0000e+00 3.2000e+01 2.4960e+03 1.6000e+01 3.2110e+03 3.2800e+02 5.6000e+01 1.9000e+01 1.0000e+00 1.0000e+00 6.0000e+00 1.9700e+02 4.0000e+00 1.8000e+01 0.0000e+00 0.0000e+00 1.3190e+03 1.0000e+00 5.4000e+01 0.0000e+00 2.2000e+01 0.0000e+00 0.0000e+00 3.1000e+01 2.3000e+02 1.2000e+01 1.3000e+01
0.0000e+00 0.0000e+00 4.0000e+00 1.9000e+01 5.0000e+01 1.0000e+00 0.0000e+00 1.1000e+01 5.0000e+00 3.0000e+00 8.0000e+00 6.0000e+00 1.0000e+00 3.0000e+00 1.0000e+00 7.8000e+01 1.0000e+00 2.0000e+00 8.0000e+00 1.0000e+00 1.0000e+00 6.0000e+00 3.8000e+01 0.0000e+00 9.0000e+00 1.6000e+01 1.0000e+00 3.0000e+00 1.1000e+01 2.3000e+01 1.7000e+01 6.0000e+00 1.0000e+00 1.4000e+01 6.8000e+01 1.4000e+01 0.0000e+00 0.0000e+00 0.0000e+00 3.0000e+00 3.0000e+00 2.0000e+00 0.0000e+00 8.0000e+00 0.0000e+00 0.0000e+00 2.6000e+01 4.0000e+00 0.0000e+00 5.0000e+00
0.0000e+00 3.8080e+03 1.0000e+00 1.1000e+01 8.8800e+02 2.7400e+02 0.0000e+00 4.3630e+03 1.4600e+02 2.6000e+01 2.1000e+01 5.8400e+02 1.0600e+02 7.0200e+02 3.7350e+03 8.0000e+00 3.8750e+03 4.6480e+03 3.5400e+03 4.6140e+03 9.8000e+01 4.0000e+00 8.0000e+00 0.0000e+00 8.4000e+01 6.6000e+01 6.1600e+02 5.2000e+01 3.1780e+03 7.0000e+00 8.0000e+00 3.9570e+03 4.5740e+03 4.7600e+03 1.4830e+03 5.5830e+03 3.4080e+03 0.0000e+00 0.0000e+00 2.3200e+03 1.4000e+01 8.0000e+00 0.0000e+00 4.3210e+03 0.0000e+00 0.0000e+00 2.6000e+02 5.0000e+00 0.0000e+00 4.9150e+03
