3.0000e+01 4.7000e+01 9.4000e+01 4.0000e+01 3.1200e+02 8.9000e+01 3.0000e+01 5.1500e+02 2.3900e+02 3.9000e+01 5.6000e+01 1.9000e+01 3.5000e+01 4.1000e+01 2.8000e+01 3.7000e+01 2.5000e+01 8.0000e+00 1.7000e+01 3.3000e+01 3.9000e+01 2.8000e+01 1.2000e+02 1.4000e+01 4.0000e+01 3.1000e+01 9.0000e+01 3.6000e+01 6.1800e+02 1.4300e+02 5.5570e+03 6.7100e+02 5.4000e+01 9.0000e+01 1.0700e+02 2.4000e+01 2.6000e+01 5.4000e+01 1.9000e+01 3.4000e+01 4.4000e+01 1.2000e+01 7.0000e+00 1.9000e+01 1.4800e+02 9.0000e+00 3.2000e+01 1.5000e+02 7.0000e+00 8.7000e+01
1.8000e+01 5.3000e+01 7.0000e+00 1.0000e+01 3.8220e+03 8.0000e+00 7.0000e+00 3.3000e+01 1.9000e+01 1.1000e+01 1.2000e+01 8.0000e+00 1.5000e+01 1.1000e+01 1.2000e+01 2.6400e+02 1.4000e+01 8.0000e+00 1.7000e+01 2.8000e+01 1.3000e+01 1.2000e+01 4.3600e+02 1.0000e+01 2.2000e+01 2.9000e+01 2.6000e+01 1.7000e+01 1.9300e+02 6.0600e+02 1.7000e+01 9.0000e+00 9.0000e+00 1.9000e+01 2.4000e+01 1.3000e+01 1.3000e+01 7.0000e+00 1.4000e+01 1.4000e+01 8.0000e+00 2.3000e+01 1.0000e+01 1.9000e+01 5.8150e+03 5.1000e+01 7.0000e+00 1.4000e+01 2.3000e+01 1.3000e+01
9.0000e+00 3.6000e+01 2.6000e+01 7.4000e+01 7.7000e+01 1.6000e+01 4.4000e+01 1.7000e+01 2.9300e+02 6.4000e+01 5.8100e+03 1.8000e+01 1.0200e+02 4.1000e+02 3.0000e+01 2.9400e+02 2.1500e+02 1.8000e+01 8.3000e+01 3.1000e+01 8.6000e+01 2.6000e+01 6.3000e+01 7.4000e+01 5.4800e+03 3.5000e+01 4.8000e+01 1.3100e+02 2.5300e+02 7.7000e+01 3.3000e+01 3.5000e+01 1.3200e+02 5.0000e+01 7.4900e+02 3.6000e+01 6.7000e+01 1.2000e+01 4.7000e+01 1.7000e+01 1.0400e+02 2.3000e+01 1.3000e+02 3.7000e+01 0.0000e+00 1.4000e+01 2.9000e+01 1.4000e+01 5.4000e+01 1.3000e+01
5.8770e+03 2.4000e+01 5.6730e+03 5.6820e+03 4.9000e+01 5.4330e+03 5.8990e+03 2.3800e+02 4.9130e+03 5.8950e+03 4.5000e+01 5.5180e+03 5.5930e+03 4.5760e+03 1.7000e+01 4.3210e+03 2.1000e+01 3.6100e+02 8.7400e+02 1.8000e+01 5.6960e+03 5.9470e+03 2.0000e+01 5.9640e+03 1.4000e+01 2.6200e+03 3.9700e+03 1.7900e+02 3.6000e+01 1.1190e+03 1.4000e+01 1.4500e+02 3.0700e+02 1.3000e+01 6.9000e+01 9.0000e+00 3.4950e+03 2.5910e+03 9.7000e+01 1.7000e+01 5.8310e+03 5.7000e+03 1.8000e+01 9.0100e+02 0.0000e+00 5.8500e+03 5.2000e+03 5.4510e+03 5.7800e+03 1.3000e+01
0.0000e+00 2.4000e+01 7.0000e+00 1.0000e+01 1.4000e+01 8.0000e+00 0.0000e+00 9.0000e+00 1.2000e+01 8.0000e+00 1.5000e+01 1.3000e+01 1.0000e+01 1.1000e+01 1.2000e+01 3.9000e+01 1.6000e+01 8.0000e+00 1.9000e+01 1.9000e+01 2.7000e+01 1.5000e+01 9.3000e+01 0.0000e+00 1.9000e+01 1.4000e+01 1.1000e+01 1.7000e+01 1.0000e+01 2.3000e+01 1.9000e+01 1.3000e+01 9.0000e+00 9.0000e+00 2.4000e+01 7.0000e+00 8.0000e+00 9.0000e+00 9.1200e+02 1.4000e+01 8.0000e+00 1.2000e+01 1.4000e+01 1.0000e+01 0.0000e+00 0.0000e+00 7.0000e+00 1.4900e+02 7.0000e+00 9.0000e+00
0.0000e+00 2.4000e+01 7.0000e+00 1.2000e+01 1.2000e+01 2.1000e+01 0.0000e+00 9.0000e+00 1.2000e+01 9.0000e+00 8.0000e+01 8.0000e+00 1.3000e+01 1.1000e+01 3.6000e+01 1.2700e+02 1.2000e+01 1.2000e+01 1.2000e+01 1.6000e+01 1.3000e+01 8.0000e+00 2.0000e+01 0.0000e+00 3.5000e+01 1.4000e+01 1.1000e+01 1.7000e+01 3.1000e+01 3.5930e+03 1.4000e+01 2.4000e+01 1.1000e+01 9.0000e+00 3.5000e+01 9.0000e+00 1.0000e+01 3.2940e+03 5.0160e+03 2.2000e+01 1.0000e+01 2.9000e+01 5.7870e+03 1.0000e+01 0.0000e+00 0.0000e+00 1.4000e+01 1.1000e+01 7.0000e+00 9.0000e+00
0.0000e+00 1.7000e+01 1.8000e+01 2.1000e+01 1.4000e+01 1.1000e+01 0.0000e+00 9.0000e+00 1.2000e+01 9.0000e+00 1.5000e+01 1.3000e+01 1.0000e+01 2.0000e+01 1.5000e+01 2.3900e+02 1.2000e+01 8.0000e+00 1.2000e+01 1.8000e+01 1.4000e+01 1.3000e+01 4.8000e+01 0.0000e+00 1.4000e+01 2.7000e+01 1.1000e+01 2.3000e+01 1.2000e+01 1.2800e+02 1.7000e+01 1.1000e+01 9.0000e+00 1.3000e+01 2.7000e+01 1.5000e+01 8.0000e+00 0.0000e+00 0.0000e+00 2.0000e+01 1.4000e+01 1.4000e+01 0.0000e+00 1.3000e+01 0.0000e+00 0.0000e+00 1.3000e+01 2.0000e+01 7.0000e+00 1.1000e+01
0.0000e+00 1.5900e+02 2.9000e+01 3.5000e+01 8.9000e+01 1.6000e+01 0.0000e+00 4.8000e+01 2.6800e+02 4.0000e+01 2.2000e+01 8.0000e+00 2.3000e+01 1.1000e+01 3.3500e+02 4.4800e+02 5.7400e+02 2.6500e+02 1.9000e+01 1.5500e+02 4.4000e+01 1.8000e+01 4.9790e+03 0.0000e+00 7.8000e+01 2.8060e+03 3.3000e+01 5.4450e+03 3.2200e+02 1.1400e+02 1.8600e+02 5.9000e+01 2.4000e+01 3.7000e+01 3.9900e+02 5.3000e+01 2.4000e+01 0.0000e+00 0.0000e+00 1.1660e+03 3.4000e+01 1.4000e+02 0.0000e+00 5.0000e+01 0.0000e+00 0.0000e+00 5.9000e+01 2.3900e+02 1.3000e+01 9.0000e+00
0.0000e+00 1.7000e+01 1.1000e+01 9.0000e+01 9.2000e+01 1.5000e+01 0.0000e+00 1.5000e+01 3.7000e+01 8.0000e+00 1.7000e+01 3.8000e+01 1.5000e+01 1.6000e+01 2.0000e+01 1.7700e+02 3.6000e+01 1.0000e+01 3.2000e+01 1.2000e+01 9.0000e+00 2.3000e+01 5.6000e+01 0.0000e+00 3.1000e+01 1.1800e+02 1.3000e+01 3.6000e+01 1.2000e+01 4.2000e+01 5.1000e+01 1.9000e+01 9.0000e+00 3.1000e+01 1.3300e+02 3.9000e+01 1.0000e+01 0.0000e+00 0.0000e+00 3.4000e+01 8.0000e+00 1.2000e+01 0.0000e+00 2.8000e+01 0.0000e+00 0.0000e+00 1.1900e+02 1.4000e+01 9.0000e+00 1.6000e+01
0.0000e+00 5.4830e+03 1.1000e+01 1.2000e+01 1.6140e+03 4.4300e+02 0.0000e+00 5.0480e+03 1.3200e+02 3.5000e+01 2.6000e+01 4.5400e+02 2.5800e+02 1.0800e+03 5.5940e+03 1.8000e+01 5.0980e+03 5.2840e+03 4.9240e+03 5.7030e+03 1.3200e+02 2.2000e+01 3.8000e+01 0.0000e+00 2.5300e+02 2.4200e+02 1.7740e+03 5.0000e+01 4.6310e+03 2.1000e+01 2.6000e+01 4.9960e+03 5.3870e+03 5.7430e+03 4.3040e+03 5.8310e+03 2.2890e+03 0.0000e+00 0.0000e+00 4.5720e+03 3.3000e+01 2.1000e+01 0.0000e+00 4.9050e+03 0.0000e+00 0.0000e+00 6.4800e+02 1.4000e+01 1.3000e+01 5.7030e+03
