1.6000e+01 1.7000e+01 6.6000e+01 1.6000e+01 1.9100e+02 6.0000e+01 1.6000e+01 3.8800e+02 1.3900e+02 2.1000e+01 2.2000e+01 7.0000e+00 1.3000e+01 1.5000e+01 7.0000e+00 1.1000e+01 6.0000e+00 0.0000e+00 2.0000e+00 1.3000e+01 2.2000e+01 1.2000e+01 4.1000e+01 4.0000e+00 1.1000e+01 7.0000e+00 4.6000e+01 7.0000e+00 4.3700e+02 8.3000e+01 3.6470e+03 5.1000e+02 2.7000e+01 5.3000e+01 5.1000e+01 1.0000e+01 1.1000e+01 3.5000e+01 8.0000e+00 8.0000e+00 2.3000e+01 0.0000e+00 0.0000e+00 4.0000e+00 1.1700e+02 1.0000e+00 1.6000e+01 1.0200e+02 0.0000e+00 5.3000e+01
7.0000e+00 2.0000e+01 0.0000e+00 0.0000e+00 2.7350e+03 0.0000e+00 0.0000e+00 1.4000e+01 3.0000e+00 2.0000e+00 0.0000e+00 0.0000e+00 2.0000e+00 0.0000e+00 0.0000e+00 1.4900e+02 1.0000e+00 0.0000e+00 2.0000e+00 1.0000e+01 3.0000e+00 2.0000e+00 1.9700e+02 2.0000e+00 3.0000e+00 6.0000e+00 7.0000e+00 0.0000e+00 1.2100e+02 4.1900e+02 1.0000e+00 0.0000e+00 0.0000e+00 5.0000e+00 5.0000e+00 3.0000e+00 3.0000e+00 0.0000e+00 4.0000e+00 0.0000e+00 0.0000e+00 5.0000e+00 2.0000e+00 4.0000e+00 5.8150e+03 3.3000e+01 0.0000e+00 3.0000e+00 1.0000e+01 2.0000e+00
1.0000e+00 1.1000e+01 1.2000e+01 3.8000e+01 3.6000e+01 5.0000e+00 2.7000e+01 4.0000e+00 1.7500e+02 4.0000e+01 4.0630e+03 6.0000e+00 5.6000e+01 2.6200e+02 8.0000e+00 1.6800e+02 1.2500e+02 5.0000e+00 3.8000e+01 1.2000e+01 6.0000e+01 1.1000e+01 1.6000e+01 5.2000e+01 3.5630e+03 9.0000e+00 2.0000e+01 5.2000e+01 1.6400e+02 3.9000e+01 8.0000e+00 1.5000e+01 8.3000e+01 2.5000e+01 4.7900e+02 1.9000e+01 4.2000e+01 3.0000e+00 2.9000e+01 1.0000e+00 6.8000e+01 5.0000e+00 1.0100e+02 1.4000e+01 0.0000e+00 4.0000e+00 1.4000e+01 3.0000e+00 3.4000e+01 2.0000e+00
5.8770e+03 5.0000e+00 5.2660e+03 4.4130e+03 1.9000e+01 4.9390e+03 5.8990e+03 1.6700e+02 3.4910e+03 5.4000e+03 1.6000e+01 5.0490e+03 4.2980e+03 3.3270e+03 2.0000e+00 2.9470e+03 4.0000e+00 2.7500e+02 5.6900e+02 4.0000e+00 5.3380e+03 5.3240e+03 0.0000e+00 5.8490e+03 0.0000e+00 1.6610e+03 2.9430e+03 7.7000e+01 1.4000e+01 8.0700e+02 0.0000e+00 9.4000e+01 2.1600e+02 2.0000e+00 2.9000e+01 1.0000e+00 3.1290e+03 2.4630e+03 7.2000e+01 1.0000e+00 5.0820e+03 4.1270e+03 7.0000e+00 6.5100e+02 0.0000e+00 5.7960e+03 4.8240e+03 4.6480e+03 5.4400e+03 2.0000e+00
0.0000e+00 5.0000e+00 0.0000e+00 0.0000e+00 1.0000e+00 0.0000e+00 0.0000e+00 0.0000e+00 0.0000e+00 0.0000e+00 1.0000e+00 3.0000e+00 0.0000e+00 0.0000e+00 0.0000e+00 1.2000e+01 2.0000e+00 0.0000e+00 3.0000e+00 5.0000e+00 1.3000e+01 4.0000e+00 2.9000e+01 0.0000e+00 2.0000e+00 0.0000e+00 0.0000e+00 0.0000e+00 0.0000e+00 6.0000e+00 2.0000e+00 2.0000e+00 0.0000e+00 0.0000e+00 5.0000e+00 0.0000e+00 0.0000e+00 1.0000e+00 8.3600e+02 0.0000e+00 0.0000e+00 0.0000e+00 4.0000e+00 0.0000e+00 0.0000e+00 0.0000e+00 0.0000e+00 1.0100e+02 0.0000e+00 0.0000e+00
0.0000e+00 5.0000e+00 0.0000e+00 1.0000e+00 0.0000e+00 8.0000e+00 0.0000e+00 0.0000e+00 0.0000e+00 1.0000e+00 3.6000e+01 0.0000e+00 1.0000e+00 0.0000e+00 1.1000e+01 6.3000e+01 0.0000e+00 2.0000e+00 0.0000e+00 3.0000e+00 3.0000e+00 0.0000e+00 0.0000e+00 0.0000e+00 9.0000e+00 0.0000e+00 0.0000e+00 0.0000e+00 1.1000e+01 2.7000e+03 0.0000e+00 8.0000e+00 1.0000e+00 0.0000e+00 1.0000e+01 1.0000e+00 1.0000e+00 3.2940e+03 5.0160e+03 3.0000e+00 1.0000e+00 8.0000e+00 5.7870e+03 0.0000e+00 0.0000e+00 0.0000e+00 4.0000e+00 1.0000e+00 0.0000e+00 0.0000e+00
0.0000e+00 2.0000e+00 6.0000e+00 5.0000e+00 1.0000e+00 2.0000e+00 0.0000e+00 0.0000e+00 0.0000e+00 1.0000e+00 1.0000e+00 3.0000e+00 0.0000e+00 4.0000e+00 1.0000e+00 1.3300e+02 0.0000e+00 0.0000e+00 0.0000e+00 4.0000e+00 4.0000e+00 3.0000e+00 1.0000e+01 0.0000e+00 0.0000e+00 5.0000e+00 0.0000e+00 2.0000e+00 1.0000e+00 7.3000e+01 1.0000e+00 1.0000e+00 0.0000e+00 2.0000e+00 6.0000e+00 4.0000e+00 0.0000e+00 0.0000e+00 0.0000e+00 2.0000e+00 3.0000e+00 1.0000e+00 0.0000e+00 1.0000e+00 0.0000e+00 0.0000e+00 3.0000e+00 6.0000e+00 0.0000e+00 1.0000e+00
0.0000e+00 8.4000e+01 1.4000e+01 1.3000e+01 4.3000e+01 5.0000e+00 0.0000e+00 2.4000e+01 1.5800e+02 2.2000e+01 4.0000e+00 0.0000e+00 6.0000e+00 0.0000e+00 1.9700e+02 2.6900e+02 3.7200e+02 1.9600e+02 3.0000e+00 9.9000e+01 2.6000e+01 6.0000e+00 2.6800e+03 0.0000e+00 3.1000e+01 1.7850e+03 1.1000e+01 3.1840e+03 2.1700e+02 6.3000e+01 9.4000e+01 3.1000e+01 8.0000e+00 1.6000e+01 2.3800e+02 3.2000e+01 1.0000e+01 0.0000e+00 0.0000e+00 7.0700e+02 1.6000e+01 7.6000e+01 0.0000e+00 2.2000e+01 0.0000e+00 0.0000e+00 3.7000e+01 1.7300e+02 3.0000e+00 0.0000e+00
0.0000e+00 2.0000e+00 2.0000e+00 4.9000e+01 4.5000e+01 4.0000e+00 0.0000e+00 3.0000e+00 1.2000e+01 0.0000e+00 2.0000e+00 2.0000e+01 2.0000e+00 2.0000e+00 3.0000e+00 9.4000e+01 1.2000e+01 1.0000e+00 9.0000e+00 1.0000e+00 1.0000e+00 9.0000e+00 1.3000e+01 0.0000e+00 7.0000e+00 5.3000e+01 1.0000e+00 7.0000e+00 1.0000e+00 1.7000e+01 1.7000e+01 5.0000e+00 0.0000e+00 1.2000e+01 6.7000e+01 2.1000e+01 1.0000e+00 0.0000e+00 0.0000e+00 8.0000e+00 0.0000e+00 0.0000e+00 0.0000e+00 9.0000e+00 0.0000e+00 0.0000e+00 8.7000e+01 3.0000e+00 1.0000e+00 4.0000e+00
0.0000e+00 3.8060e+03 2.0000e+00 1.0000e+00 1.1170e+03 3.6400e+02 0.0000e+00 4.1910e+03 6.9000e+01 1.8000e+01 6.0000e+00 3.7700e+02 1.6600e+02 7.4200e+02 3.8810e+03 2.0000e+00 3.6600e+03 4.5430e+03 3.4630e+03 4.6160e+03 9.9000e+01 8.0000e+00 6.0000e+00 0.0000e+00 1.3300e+02 1.2600e+02 1.2770e+03 1.3000e+01 3.5740e+03 5.0000e+00 5.0000e+00 4.1090e+03 4.3910e+03 4.7270e+03 2.9430e+03 5.3810e+03 2.0250e+03 0.0000e+00 0.0000e+00 2.9340e+03 1.5000e+01 4.0000e+00 0.0000e+00 3.7810e+03 0.0000e+00 0.0000e+00 5.5900e+02 3.0000e+00 3.0000e+00 4.8380e+03
