1.2200e+02 4.0000e+00 9.0000e+00 8.7000e+01 6.6000e+01 3.7000e+01 1.5000e+01 1.4000e+01 4.4850e+03 5.1560e+03
7.0000e+00 2.6000e+01 4.0000e+00 5.0390e+03 4.4000e+01 9.0000e+00 1.0000e+02 1.0000e+01 9.0000e+00 4.3670e+03
1.3450e+03 1.6000e+01 4.0000e+00 3.4000e+01 8.3390e+03 2.8000e+01 9.0400e+02 5.6800e+02 1.6000e+01 3.3000e+01
9.0000e+00 9.0000e+00 1.8000e+01 1.4000e+01 2.3600e+02 9.7810e+03 6.0000e+00 2.1000e+01 1.2000e+01 1.5000e+01
8.0000e+00 1.3000e+01 8.9270e+03 2.3300e+02 2.4000e+01 2.1000e+01 8.0000e+00 6.3000e+01 1.3000e+01 3.4000e+01
7.5000e+01 8.0000e+00 5.0000e+00 1.0000e+01 3.1000e+01 3.7000e+01 8.8520e+03 5.4800e+02 7.0000e+00 4.4000e+01
8.2550e+03 4.0000e+01 1.0000e+01 2.6000e+01 1.1280e+03 1.8600e+02 6.0000e+01 1.6000e+01 5.0000e+01 1.8500e+02
2.5000e+01 9.1900e+02 9.2900e+02 2.1000e+01 1.0000e+01 1.1000e+01 4.9000e+01 8.6690e+03 3.0000e+01 7.0000e+00
2.3000e+01 5.9000e+01 1.7000e+01 4.4730e+03 1.0300e+02 1.3000e+01 1.5000e+01 1.2500e+02 5.3860e+03 6.7000e+01
8.0000e+00 8.9090e+03 6.0000e+00 1.6000e+01 1.4000e+01 2.0000e+01 1.5000e+01 1.8000e+01 4.9000e+01 5.9000e+01
