8.5246e-01 0.0000e+00 3.3333e-01 7.3563e-01 5.3030e-01 5.4054e-01 4.0000e-01 2.1429e-01 9.1282e-01 9.7537e-01
1.4286e-01 6.1538e-01 0.0000e+00 9.9782e-01 4.5455e-01 1.1111e-01 7.7000e-01 1.0000e-01 1.1111e-01 9.7092e-01
9.8067e-01 5.0000e-01 0.0000e+00 5.5882e-01 7.8415e-01 4.6429e-01 9.6460e-01 7.7113e-01 3.1250e-01 5.4545e-01
7.7778e-01 8.8889e-01 7.7778e-01 7.1429e-01 7.0763e-01 9.8149e-01 1.6667e-01 3.8095e-01 2.5000e-01 8.6667e-01
0.0000e+00 2.3077e-01 8.8171e-01 7.0386e-01 2.0833e-01 2.8571e-01 0.0000e+00 4.6032e-01 1.5385e-01 4.4118e-01
7.0667e-01 2.5000e-01 0.0000e+00 2.0000e-01 3.5484e-01 5.1351e-01 9.6487e-01 7.6095e-01 0.0000e+00 5.9091e-01
8.2193e-01 4.7500e-01 1.0000e-01 3.4615e-01 6.1525e-01 6.1290e-01 5.3333e-01 1.2500e-01 4.4000e-01 6.4865e-01
4.8000e-01 9.6736e-01 9.5802e-01 4.2857e-01 0.0000e+00 1.8182e-01 6.1224e-01 8.2697e-01 4.6667e-01 0.0000e+00
3.0435e-01 5.2542e-01 2.3529e-01 7.7062e-01 4.2718e-01 7.6923e-02 2.0000e-01 5.0400e-01 7.3468e-01 5.0746e-01
1.2500e-01 9.9371e-01 0.0000e+00 3.1250e-01 1.4286e-01 3.5000e-01 3.3333e-01 2.7778e-01 5.5102e-01 6.2712e-01
