1.0400e+02 0.0000e+00 3.0000e+00 6.4000e+01 3.5000e+01 2.0000e+01 6.0000e+00 3.0000e+00 4.0940e+03 5.0290e+03
1.0000e+00 1.6000e+01 0.0000e+00 5.0280e+03 2.0000e+01 1.0000e+00 7.7000e+01 1.0000e+00 1.0000e+00 4.2400e+03
1.3190e+03 8.0000e+00 0.0000e+00 1.9000e+01 6.5390e+03 1.3000e+01 8.7200e+02 4.3800e+02 5.0000e+00 1.8000e+01
7.0000e+00 8.0000e+00 1.4000e+01 1.0000e+01 1.6700e+02 9.6000e+03 1.0000e+00 8.0000e+00 3.0000e+00 1.3000e+01
0.0000e+00 3.0000e+00 7.8710e+03 1.6400e+02 5.0000e+00 6.0000e+00 0.0000e+00 2.9000e+01 2.0000e+00 1.5000e+01
5.3000e+01 2.0000e+00 0.0000e+00 2.0000e+00 1.1000e+01 1.9000e+01 8.5410e+03 4.1700e+02 0.0000e+00 2.6000e+01
6.7850e+03 1.9000e+01 1.0000e+00 9.0000e+00 6.9400e+02 1.1400e+02 3.2000e+01 2.0000e+00 2.2000e+01 1.2000e+02
1.2000e+01 8.8900e+02 8.9000e+02 9.0000e+00 0.0000e+00 2.0000e+00 3.0000e+01 7.1690e+03 1.4000e+01 0.0000e+00
7.0000e+00 3.1000e+01 4.0000e+00 3.4470e+03 4.4000e+01 1.0000e+00 3.0000e+00 6.3000e+01 3.9570e+03 3.4000e+01
1.0000e+00 8.8530e+03 0.0000e+00 5.0000e+00 2.0000e+00 7.0000e+00 5.0000e+00 5.0000e+00 2.7000e+01 3.7000e+01
