7.5000e+01 6.2000e+01 5.4040e+03 5.6000e+01 6.2000e+01 6.7000e+01 6.6000e+01 5.2880e+03 7.3000e+01 5.3570e+03 6.9000e+01 6.0000e+01 7.4000e+01 5.7000e+01 7.4000e+01 6.9000e+01 7.3000e+01 7.3000e+01 8.2000e+01 8.2000e+01 9.2000e+01 6.2000e+01 7.3000e+01 8.1000e+01 5.8000e+01 7.1000e+01 1.3300e+02 6.9000e+01 7.6000e+01 8.0000e+01 5.3020e+03 5.3110e+03 5.1350e+03 8.3000e+01 7.7000e+01 6.4000e+01 7.1000e+01 7.2000e+01 7.1000e+01 6.3000e+01 9.3000e+01 6.7000e+01 6.2000e+01 7.4000e+01 7.9000e+01 6.0000e+01 7.3000e+01 7.0000e+01 7.4000e+01 7.6000e+01
6.3000e+01 5.3740e+03 5.6000e+01 5.8000e+01 5.4210e+03 6.7000e+01 6.1000e+01 7.9000e+01 6.2000e+01 5.6000e+01 6.6000e+01 7.4000e+01 7.0000e+01 6.2000e+01 7.7000e+01 7.8000e+01 8.1000e+01 8.5000e+01 5.5000e+01 7.4000e+01 8.3000e+01 7.0000e+01 1.5400e+02 7.2000e+01 7.1000e+01 8.3000e+01 6.1000e+01 6.8000e+01 5.4340e+03 7.2000e+01 6.5000e+01 6.8000e+01 4.9000e+01 5.8000e+01 7.3000e+01 7.3000e+01 7.0000e+01 5.7000e+01 6.3000e+01 6.5000e+01 6.7000e+01 7.2000e+01 7.7000e+01 8.6000e+01 5.3810e+03 5.3550e+03 7.1000e+01 7.3000e+01 7.1000e+01 7.8000e+01
8.7000e+01 7.2000e+01 8.6000e+01 6.3000e+01 7.8000e+01 6.6000e+01 7.5000e+01 5.7000e+01 5.2820e+03 8.9000e+01 5.3190e+03 8.9000e+01 5.4010e+03 5.3620e+03 6.6000e+01 8.0000e+01 7.3000e+01 8.4000e+01 6.5000e+01 7.4000e+01 7.1000e+01 6.8000e+01 6.1000e+01 8.3000e+01 5.3350e+03 7.6000e+01 7.1000e+01 5.6000e+01 7.8000e+01 8.2000e+01 6.7000e+01 7.1000e+01 2.4000e+02 9.1000e+01 6.2000e+01 6.4000e+01 1.6750e+03 7.4000e+01 8.4000e+01 7.1000e+01 5.3280e+03 6.5000e+01 8.2000e+01 7.2000e+01 9.0000e+01 5.8000e+01 8.4000e+01 7.7000e+01 7.3000e+01 7.6000e+01
5.3800e+03 7.2000e+01 5.8000e+01 7.2000e+01 8.0000e+01 1.7310e+03 5.2560e+03 7.4000e+01 6.9000e+01 7.2000e+01 8.1000e+01 7.4000e+01 7.2000e+01 8.8000e+01 6.5000e+01 7.6000e+01 8.0000e+01 9.0000e+01 6.6000e+01 5.8000e+01 7.1000e+01 5.4530e+03 7.1000e+01 6.1000e+01 6.5000e+01 1.3870e+03 7.5000e+01 6.8000e+01 7.4000e+01 5.3000e+01 6.5000e+01 5.9000e+01 7.4000e+01 7.3000e+01 8.0000e+01 7.6000e+01 3.5340e+03 7.3000e+01 7.1000e+01 6.9000e+01 7.1000e+01 5.2960e+03 7.2000e+01 6.7000e+01 7.1000e+01 7.0000e+01 7.9000e+01 7.5000e+01 5.4200e+03 6.7000e+01
7.3000e+01 6.4000e+01 7.0000e+01 7.9000e+01 6.0000e+01 8.6000e+01 6.6000e+01 6.0000e+01 7.1000e+01 7.9000e+01 7.1000e+01 6.8000e+01 7.6000e+01 5.4000e+01 8.5000e+01 7.2000e+01 7.2000e+01 5.9000e+01 5.0000e+01 7.5000e+01 5.3400e+03 6.8000e+01 6.4000e+01 7.9000e+01 6.7000e+01 6.6000e+01 7.6000e+01 6.5000e+01 6.5000e+01 5.9000e+01 7.6000e+01 7.9000e+01 6.7000e+01 8.0000e+01 6.3000e+01 6.4000e+01 8.0000e+01 6.7000e+01 5.4300e+03 7.2000e+01 7.3000e+01 6.5000e+01 8.3000e+01 7.9000e+01 7.3000e+01 6.7000e+01 6.4000e+01 5.3570e+03 8.1000e+01 8.1000e+01
8.2000e+01 5.6000e+01 9.1000e+01 6.6000e+01 6.7000e+01 3.8420e+03 7.7000e+01 6.0000e+01 9.1000e+01 6.5000e+01 7.6000e+01 6.9000e+01 7.0000e+01 5.9000e+01 6.7000e+01 6.7000e+01 7.5000e+01 8.0000e+01 7.4000e+01 6.4000e+01 6.9000e+01 7.2000e+01 7.2000e+01 8.5000e+01 7.2000e+01 7.9000e+01 6.6000e+01 6.4000e+01 7.6000e+01 5.4300e+03 7.1000e+01 5.7000e+01 6.3000e+01 6.2000e+01 6.8000e+01 7.2000e+01 7.4000e+01 5.2210e+03 7.6000e+01 6.9000e+01 6.9000e+01 8.6000e+01 5.2800e+03 5.6000e+01 6.7000e+01 6.5000e+01 8.3000e+01 5.9000e+01 7.2000e+01 7.6000e+01
8.1000e+01 7.3000e+01 7.0000e+01 6.4000e+01 7.0000e+01 6.3000e+01 7.9000e+01 6.2000e+01 6.1000e+01 7.7000e+01 7.4000e+01 8.3000e+01 6.1000e+01 7.4000e+01 7.2000e+01 5.4170e+03 6.6000e+01 6.7000e+01 6.2000e+01 8.1000e+01 7.6000e+01 7.3000e+01 7.7000e+01 8.4000e+01 6.3000e+01 5.3000e+01 7.7000e+01 7.9000e+01 9.2000e+01 7.1000e+01 7.5000e+01 6.7000e+01 7.2000e+01 7.5000e+01 7.5000e+01 7.0000e+01 7.3000e+01 7.3000e+01 8.3000e+01 7.1000e+01 7.7000e+01 6.3000e+01 6.6000e+01 7.1000e+01 8.3000e+01 7.4000e+01 7.0000e+01 7.7000e+01 7.5000e+01 7.4000e+01
6.5000e+01 6.7000e+01 7.5000e+01 7.6000e+01 6.4000e+01 6.6000e+01 6.7000e+01 6.3000e+01 7.9000e+01 7.7000e+01 9.0000e+01 6.6000e+01 6.6000e+01 8.4000e+01 7.9000e+01 6.0000e+01 5.3050e+03 6.9000e+01 8.1000e+01 5.4130e+03 4.6000e+01 7.1000e+01 5.2300e+03 5.3310e+03 7.7000e+01 4.0880e+03 8.8000e+01 5.2600e+03 7.4000e+01 5.4000e+01 5.8000e+01 6.1000e+01 5.7000e+01 5.8000e+01 6.0000e+01 6.5000e+01 6.8000e+01 7.3000e+01 7.2000e+01 5.3420e+03 7.1000e+01 6.6000e+01 7.2000e+01 6.1000e+01 7.9000e+01 6.3000e+01 7.0000e+01 7.6000e+01 7.9000e+01 6.0000e+01
8.8000e+01 8.0000e+01 5.9000e+01 5.3450e+03 8.7000e+01 9.1000e+01 6.5000e+01 5.9000e+01 7.5000e+01 6.0000e+01 6.3000e+01 5.3970e+03 7.1000e+01 7.6000e+01 7.1000e+01 6.9000e+01 6.7000e+01 5.9000e+01 8.3000e+01 6.7000e+01 8.0000e+01 8.2000e+01 6.3000e+01 6.5000e+01 6.1000e+01 7.9000e+01 7.4000e+01 7.5000e+01 6.7000e+01 8.8000e+01 6.9000e+01 7.7000e+01 7.7000e+01 8.0000e+01 5.3700e+03 5.4380e+03 7.0000e+01 7.6000e+01 7.5000e+01 7.0000e+01 5.4000e+01 7.0000e+01 1.5800e+02 8.9000e+01 7.1000e+01 7.3000e+01 5.4040e+03 6.9000e+01 5.7000e+01 7.2000e+01
8.7000e+01 8.5000e+01 8.8000e+01 4.4000e+01 6.2000e+01 8.9000e+01 6.4000e+01 7.2000e+01 6.7000e+01 6.4000e+01 6.6000e+01 6.3000e+01 6.6000e+01 7.1000e+01 5.3770e+03 6.8000e+01 7.2000e+01 5.3400e+03 5.3750e+03 7.7000e+01 7.4000e+01 7.0000e+01 6.7000e+01 8.4000e+01 8.7000e+01 7.3000e+01 5.2950e+03 6.9000e+01 6.8000e+01 8.3000e+01 6.5000e+01 6.6000e+01 6.3000e+01 5.3240e+03 7.7000e+01 7.6000e+01 2.6900e+02 6.2000e+01 6.5000e+01 7.8000e+01 6.9000e+01 7.0000e+01 7.1000e+01 5.3750e+03 6.0000e+01 6.2000e+01 7.8000e+01 7.1000e+01 7.0000e+01 5.3390e+03
