5.5267e-01 3.2437e-01 7.1452e-01 3.1771e-01 6.0106e-01 6.7576e-01 6.0988e-01 7.3322e-01 6.0127e-01 6.6016e-01 4.0304e-01 4.1626e-01 2.6701e-01 3.2673e-01 3.8954e-01 4.3257e-01 2.0474e-01 1.5717e-01 1.7333e-01 3.0120e-01 5.6423e-01 2.1609e-01 3.7213e-01 4.1463e-01 1.7637e-01 2.7638e-01 5.8745e-01 2.2910e-01 6.9381e-01 5.9718e-01 6.4563e-01 7.2261e-01 5.7212e-01 6.2639e-01 4.4351e-01 4.3954e-01 3.6931e-01 5.8484e-01 5.6856e-01 3.0245e-01 6.0131e-01 0.0000e+00 2.1191e-01 4.0032e-01 7.6950e-01 1.9174e-01 4.2974e-01 6.7851e-01 1.8467e-01 6.2925e-01
4.0365e-01 4.3156e-01 0.0000e+00 0.0000e+00 7.4106e-01 0.0000e+00 3.1338e-01 4.7611e-01 1.5049e-01 1.9014e-01 0.0000e+00 0.0000e+00 5.6761e-02 0.0000e+00 9.1205e-02 4.9746e-01 1.0158e-01 0.0000e+00 1.7213e-01 3.7380e-01 1.8914e-01 3.8917e-01 4.0203e-01 8.5284e-02 9.4771e-02 1.2500e-01 2.4267e-01 0.0000e+00 6.1383e-01 6.9592e-01 2.3077e-01 0.0000e+00 0.0000e+00 2.4334e-01 2.4415e-01 2.1393e-01 2.1087e-01 1.8065e-01 3.8422e-01 0.0000e+00 0.0000e+00 1.8914e-01 1.8615e-01 1.6319e-01 1.0000e+00 6.6553e-01 0.0000e+00 1.7666e-01 4.1017e-01 1.2458e-01
2.2257e-01 2.8668e-01 2.5129e-01 6.1242e-01 4.1901e-01 5.8678e-01 5.7590e-01 3.7884e-01 5.7192e-01 6.1538e-01 6.5260e-01 2.5220e-01 6.0616e-01 6.6910e-01 2.2632e-01 5.8525e-01 5.6788e-01 4.2834e-01 4.5660e-01 4.1060e-01 6.7504e-01 4.1176e-01 2.5507e-01 6.3823e-01 6.7622e-01 3.8119e-01 4.0675e-01 3.1119e-01 6.7496e-01 5.2484e-01 3.6797e-01 4.2288e-01 6.1218e-01 5.7870e-01 6.5329e-01 4.0853e-01 5.9812e-01 3.7519e-01 6.6833e-01 3.8942e-01 6.7875e-01 4.0246e-01 8.3082e-01 4.1117e-01 3.7138e-01 3.5126e-01 3.2626e-01 3.1006e-01 5.6281e-01 3.4944e-01
1.0000e+00 3.0782e-01 9.4286e-01 7.6844e-01 2.8990e-01 9.2308e-01 1.0000e+00 6.7851e-01 7.0195e-01 9.1126e-01 2.6929e-01 9.0653e-01 7.6689e-01 7.4430e-01 7.6800e-02 6.9110e-01 2.6744e-01 7.2542e-01 6.2674e-01 1.4286e-01 9.3739e-01 9.1269e-01 1.0218e-01 9.7445e-01 4.8387e-02 6.9580e-01 7.2955e-01 4.1256e-01 4.3501e-01 7.2556e-01 1.6640e-01 7.1812e-01 6.9138e-01 7.8292e-02 3.5113e-01 3.0351e-02 8.7719e-01 9.6807e-01 7.3208e-01 1.2919e-01 8.6038e-01 7.4394e-01 3.3447e-01 7.3625e-01 8.6927e-01 9.9355e-01 9.5993e-01 8.4843e-01 9.3571e-01 2.5970e-01
1.4026e-01 1.6525e-01 0.0000e+00 0.0000e+00 1.4869e-01 0.0000e+00 3.8796e-01 7.0423e-03 0.0000e+00 0.0000e+00 5.9649e-02 2.6709e-01 0.0000e+00 1.7544e-02 0.0000e+00 3.6655e-01 1.9304e-01 3.2095e-02 7.5908e-02 4.0036e-01 4.7492e-01 1.2745e-01 2.6244e-01 2.0643e-01 6.4039e-02 3.4364e-02 0.0000e+00 0.0000e+00 1.1057e-01 1.7770e-01 1.9417e-01 4.2606e-01 6.0163e-02 5.6856e-02 2.8223e-01 0.0000e+00 0.0000e+00 8.2658e-02 9.1392e-01 0.0000e+00 1.1970e-01 0.0000e+00 1.9180e-01 0.0000e+00 1.4405e-01 1.0702e-01 6.6202e-02 6.9829e-01 8.8235e-02 0.0000e+00
1.9065e-01 1.9764e-01 1.9040e-01 9.5638e-02 0.0000e+00 5.1656e-01 0.0000e+00 0.0000e+00 0.0000e+00 1.0000e-01 4.0799e-01 1.9799e-01 1.2050e-01 1.7391e-01 4.0198e-01 5.4045e-01 1.2318e-01 6.7434e-02 8.5965e-02 7.5601e-02 2.3411e-01 0.0000e+00 0.0000e+00 0.0000e+00 2.9329e-01 8.7986e-02 0.0000e+00 0.0000e+00 3.2124e-01 7.4804e-01 8.3333e-02 3.6949e-01 2.0949e-01 0.0000e+00 3.4489e-01 8.0068e-02 3.4711e-02 1.0000e+00 1.0000e+00 1.3379e-01 1.2392e-01 2.3826e-01 1.0000e+00 0.0000e+00 7.5000e-01 0.0000e+00 2.5596e-01 9.6405e-02 8.4967e-02 0.0000e+00
2.2671e-01 3.7671e-02 3.1579e-01 1.9275e-01 1.5214e-01 1.5598e-01 2.4792e-01 1.1399e-01 0.0000e+00 1.7976e-01 1.0116e-01 8.2803e-02 5.4608e-02 8.9202e-02 9.7270e-02 5.9150e-01 4.9759e-02 1.0594e-01 1.1293e-01 1.1658e-01 1.6150e-01 1.0175e-01 2.7973e-01 2.5162e-01 1.0680e-01 1.3485e-01 5.6198e-02 1.0285e-01 1.5082e-01 6.2104e-01 6.0764e-02 1.7210e-01 4.9261e-02 1.0491e-01 1.9572e-01 9.6154e-02 5.5468e-02 1.1833e-01 4.1026e-01 1.0084e-01 9.1195e-02 1.4531e-01 2.4845e-01 1.0427e-01 2.0063e-01 2.6524e-01 1.0172e-01 2.5632e-01 1.0280e-01 4.9320e-02
6.5849e-01 5.6920e-01 3.9967e-01 4.9588e-01 4.2602e-01 4.8871e-01 3.1466e-01 4.5514e-01 6.5163e-01 5.9316e-01 1.7590e-01 2.0466e-01 3.6928e-01 2.7534e-01 5.3859e-01 6.0708e-01 6.1581e-01 7.4916e-01 3.1074e-01 6.1864e-01 5.9091e-01 3.7340e-01 5.1252e-01 7.8583e-01 4.2359e-01 6.4782e-01 3.2297e-01 5.8904e-01 6.7057e-01 5.1342e-01 4.8460e-01 4.0325e-01 2.0521e-01 3.3108e-01 5.3871e-01 6.3112e-01 3.9350e-01 5.6352e-01 4.4688e-01 6.1695e-01 3.6292e-01 5.2280e-01 6.2584e-01 3.7763e-01 7.0619e-01 7.3611e-01 6.1257e-01 7.4691e-01 4.0924e-01 3.7138e-01
9.4435e-02 5.8824e-02 3.1715e-01 5.4245e-01 4.9431e-01 2.1843e-01 3.6566e-01 3.7902e-01 1.9476e-01 2.0103e-01 1.8771e-01 5.1236e-01 8.6294e-02 2.0333e-01 1.0000e-01 4.9126e-01 2.9720e-01 1.7536e-01 2.1549e-01 1.8396e-01 1.2611e-01 4.1259e-01 3.1497e-01 3.3386e-01 2.2095e-01 4.2762e-01 1.0018e-01 8.5911e-02 2.9289e-01 5.4516e-01 3.2026e-01 2.4252e-01 7.5000e-02 3.1703e-01 5.2288e-01 5.1858e-01 1.0767e-01 4.7705e-01 3.2650e-01 1.9273e-01 2.2010e-01 1.0357e-01 8.2609e-01 2.7592e-01 1.0976e-01 9.5847e-02 7.2061e-01 2.0432e-01 1.0518e-01 3.0222e-01
2.9160e-01 6.7524e-01 1.5667e-01 1.7785e-01 6.7504e-01 8.1279e-01 5.4424e-01 8.4526e-01 5.2181e-01 5.1122e-01 3.8918e-01 8.6387e-01 6.6430e-01 6.5000e-01 6.5366e-01 2.8620e-01 7.1160e-01 8.5500e-01 7.2175e-01 8.1818e-01 8.1145e-01 1.7526e-01 1.5424e-01 3.4861e-01 5.1581e-01 5.6402e-01 6.7814e-01 3.3278e-01 7.8022e-01 2.5822e-01 2.1803e-01 8.1149e-01 8.2807e-01 8.0619e-01 6.7045e-01 9.1319e-01 9.0273e-01 6.9357e-01 2.5627e-01 6.3158e-01 3.1006e-01 2.9298e-01 5.0847e-01 7.6421e-01 5.1064e-01 3.7194e-01 8.5572e-01 2.5645e-01 2.8808e-01 8.6125e-01
