1.8000e+01 1.0000e+01 1.5000e+01 2.8000e+01 2.3000e+01 5.3000e+01 8.3700e+02 1.4000e+01 7.0000e+00 1.0000e+01 2.3000e+01 1.8000e+01 1.1000e+01 9.0000e+00 1.5000e+01 2.5000e+01 1.6000e+01 1.2000e+01 1.0000e+01 9.0000e+00 7.0000e+00 2.2000e+01 8.0000e+00 1.6000e+01 7.0000e+00 1.4000e+01 1.8000e+01 9.0000e+00 2.8000e+01 5.6000e+01 9.0000e+00 9.0000e+00 1.0000e+01 9.0000e+00 1.5000e+01 2.2000e+01 9.0000e+00 3.3000e+01 6.4000e+02 4.5000e+01 9.0000e+00 7.0000e+00 4.6000e+01 7.0000e+00 3.7000e+01 1.4000e+01 1.2000e+01 2.9000e+01 7.0000e+00 1.2000e+01
1.1000e+01 9.0000e+00 7.0000e+00 5.8000e+01 1.3000e+01 4.0000e+01 1.5000e+01 1.1000e+01 2.1000e+01 2.2000e+01 1.2000e+01 2.1000e+01 1.0000e+01 9.0000e+00 1.8000e+01 2.6000e+01 5.0000e+01 9.0000e+00 7.0000e+00 1.0000e+01 7.4000e+01 9.0000e+00 1.0000e+01 9.0000e+00 1.4000e+01 1.7000e+01 7.0000e+00 1.2000e+01 2.6000e+01 1.3300e+02 1.0000e+01 4.5500e+02 3.3000e+01 7.0000e+00 5.8710e+03 1.0000e+01 9.0000e+00 4.7000e+01 5.3960e+03 1.0000e+01 7.0000e+00 9.0000e+00 2.6600e+02 3.4000e+01 2.3400e+02 9.0000e+00 9.0000e+00 7.0000e+00 1.0000e+01 7.0000e+00
1.4000e+01 7.0000e+00 7.0000e+00 1.2000e+01 1.0000e+01 2.1000e+01 2.6000e+01 7.0000e+00 7.0000e+00 1.0000e+01 1.4000e+01 7.0000e+00 1.1000e+01 7.0000e+00 7.0000e+00 1.0000e+01 9.0000e+00 1.5000e+01 7.0000e+00 7.0000e+00 1.0000e+01 2.1000e+01 1.7000e+01 1.3000e+01 1.4000e+01 1.0000e+01 9.0000e+00 7.0000e+00 2.0000e+01 1.0400e+02 1.0000e+01 7.0000e+00 8.0000e+00 9.0000e+00 0.0000e+00 7.0000e+00 7.0000e+00 3.8000e+01 0.0000e+00 2.0000e+01 7.0000e+00 9.0000e+00 3.6000e+01 1.3000e+01 9.0000e+00 9.0000e+00 1.4000e+01 9.0000e+00 1.4000e+01 1.7000e+01
9.0000e+00 7.0000e+00 7.0000e+00 1.2000e+01 1.0000e+01 7.0000e+00 2.8000e+01 7.0000e+00 7.0000e+00 8.0000e+00 7.0000e+00 2.0000e+01 8.0000e+00 7.0000e+00 7.0000e+00 1.5000e+01 9.0000e+00 7.0000e+00 1.2000e+01 9.0000e+00 1.0000e+01 9.0000e+00 2.3000e+01 7.0000e+00 7.0000e+00 7.0000e+00 9.0000e+00 7.0000e+00 8.0000e+00 3.1000e+01 7.0000e+00 9.0000e+00 8.0000e+00 7.0000e+00 0.0000e+00 1.0000e+01 9.0000e+00 7.0000e+00 0.0000e+00 1.3000e+01 7.0000e+00 7.0000e+00 1.2000e+01 7.0000e+00 7.0000e+00 1.3000e+01 7.0000e+00 1.0000e+01 7.0000e+00 9.0000e+00
9.0000e+00 7.0000e+00 7.0000e+00 1.4000e+01 1.7000e+01 1.7000e+01 4.9700e+03 1.3000e+01 1.7000e+01 1.2000e+01 1.4000e+01 7.0000e+00 1.0000e+01 1.3000e+01 9.0000e+00 1.0000e+01 9.0000e+00 7.0000e+00 9.0000e+00 7.0000e+00 1.7000e+01 7.0000e+00 8.0000e+00 1.3000e+01 7.0000e+00 1.0000e+01 1.2000e+01 1.0000e+01 5.3000e+02 5.3000e+01 7.0000e+00 9.0000e+00 1.0000e+01 9.0000e+00 0.0000e+00 1.0000e+01 7.0000e+00 1.0000e+01 0.0000e+00 1.0000e+01 9.0000e+00 1.7000e+01 6.9000e+01 7.0000e+00 1.0000e+01 1.1000e+01 9.0000e+00 9.0000e+00 7.0000e+00 1.0000e+01
1.1000e+01 7.0000e+00 9.0000e+00 1.4000e+01 2.0000e+01 9.0000e+00 0.0000e+00 1.1000e+01 1.4000e+01 1.0000e+01 1.7000e+01 7.0000e+00 8.0000e+00 7.0000e+00 1.2000e+01 2.1000e+01 1.1000e+01 7.0000e+00 7.0000e+00 1.2000e+01 7.0000e+00 1.1000e+01 1.0000e+01 7.0000e+00 1.1000e+01 9.0000e+00 7.0000e+00 1.2000e+01 8.0000e+00 1.4000e+01 1.4000e+01 7.0000e+00 1.0000e+01 7.0000e+00 0.0000e+00 3.1000e+01 7.0000e+00 1.0000e+01 0.0000e+00 4.6500e+02 9.0000e+00 7.0000e+00 2.1000e+01 9.0000e+00 1.7000e+01 1.3000e+01 1.7000e+01 7.0000e+00 7.0000e+00 7.0000e+00
2.5000e+01 1.2000e+01 1.7000e+01 8.0000e+00 8.0000e+00 9.0000e+00 0.0000e+00 7.0000e+00 9.0000e+00 8.0000e+00 1.2000e+01 7.0000e+00 1.3000e+01 7.0000e+00 7.0000e+00 1.2000e+01 9.0000e+00 7.0000e+00 7.0000e+00 7.0000e+00 7.0000e+00 7.0000e+00 1.0000e+01 7.0000e+00 7.0000e+00 7.0000e+00 7.0000e+00 9.0000e+00 8.0000e+00 2.6000e+01 9.0000e+00 7.0000e+00 8.0000e+00 1.2000e+01 0.0000e+00 7.0000e+00 7.0000e+00 1.2000e+01 0.0000e+00 1.2000e+01 7.0000e+00 7.0000e+00 9.0000e+00 7.0000e+00 7.0000e+00 3.8000e+01 7.0000e+00 1.2000e+01 9.0000e+00 7.0000e+00
7.0000e+00 7.0000e+00 1.1000e+01 1.0000e+01 1.3000e+01 1.4000e+01 0.0000e+00 7.0000e+00 7.0000e+00 1.0000e+01 9.0000e+00 1.4000e+01 8.0000e+00 7.0000e+00 7.0000e+00 1.0000e+01 1.1000e+01 1.2000e+01 7.0000e+00 9.0000e+00 9.0000e+00 7.0000e+00 8.0000e+00 1.3000e+01 9.0000e+00 7.0000e+00 7.0000e+00 1.0000e+01 1.1000e+01 1.2000e+01 1.0000e+01 1.0000e+01 8.0000e+00 7.0000e+00 0.0000e+00 9.0000e+00 7.0000e+00 9.0000e+00 0.0000e+00 1.0000e+01 9.0000e+00 9.0000e+00 7.0000e+00 7.0000e+00 1.2000e+01 7.0000e+00 9.0000e+00 9.0000e+00 1.0000e+01 7.0000e+00
7.0000e+00 2.1000e+01 7.0000e+00 8.0000e+00 1.0000e+01 7.0000e+00 0.0000e+00 7.0000e+00 9.0000e+00 8.0000e+00 9.0000e+00 9.0000e+00 8.0000e+00 9.0000e+00 1.2000e+01 1.0000e+01 9.0000e+00 9.0000e+00 7.0000e+00 7.0000e+00 9.0000e+00 7.0000e+00 8.0000e+00 9.0000e+00 1.1000e+01 1.2000e+01 7.0000e+00 1.5000e+01 1.6000e+01 7.0000e+00 1.0000e+01 1.0000e+01 8.0000e+00 1.4000e+01 0.0000e+00 1.2000e+01 7.0000e+00 1.7000e+01 0.0000e+00 8.0000e+00 7.0000e+00 9.0000e+00 9.0000e+00 7.0000e+00 2.1000e+01 7.0000e+00 9.0000e+00 9.0000e+00 7.0000e+00 1.0000e+01
7.0000e+00 1.0000e+01 1.1000e+01 1.4000e+01 5.2000e+01 1.2000e+01 0.0000e+00 9.0000e+00 1.0000e+01 8.0000e+00 1.8000e+01 9.0000e+00 1.0000e+01 1.3000e+01 1.0000e+01 9.0000e+00 1.1000e+01 1.0000e+01 7.0000e+00 1.4000e+01 1.0000e+01 9.0000e+00 1.2000e+01 7.0000e+00 1.1000e+01 1.9000e+01 1.0000e+01 7.0000e+00 1.3000e+01 1.2000e+01 1.0000e+01 9.0000e+00 1.0000e+01 7.0000e+00 0.0000e+00 9.0000e+00 7.0000e+00 1.8000e+01 0.0000e+00 1.0000e+01 7.0000e+00 7.0000e+00 1.2000e+01 1.1000e+01 1.2000e+01 9.0000e+00 1.0000e+01 1.5000e+01 7.0000e+00 1.0000e+01
8.0900e+02 1.0000e+01 1.4000e+01 4.7800e+02 1.3000e+01 1.2000e+01 0.0000e+00 9.0000e+00 2.1000e+01 1.7000e+01 1.2000e+01 9.0000e+00 1.0000e+01 1.1000e+01 4.5800e+02 2.2000e+01 2.3000e+01 2.2000e+01 5.6000e+01 7.0000e+00 4.8000e+01 2.3000e+02 2.1000e+01 1.4950e+03 4.3000e+01 1.7000e+01 5.6000e+01 9.0000e+00 1.1000e+01 2.4000e+01 6.3000e+01 1.4600e+02 2.0000e+01 2.4000e+01 0.0000e+00 8.6000e+01 1.6000e+01 2.6000e+01 0.0000e+00 4.1700e+02 7.0000e+00 2.3100e+02 6.2000e+01 4.1000e+01 2.1000e+01 1.0300e+02 3.4000e+01 7.2000e+01 2.6000e+01 1.8000e+01
1.7000e+01 7.0000e+00 7.0000e+00 8.0000e+00 1.3000e+01 2.1000e+01 0.0000e+00 7.0000e+00 7.0000e+00 1.2000e+01 1.2000e+01 7.0000e+00 1.0000e+01 7.0000e+00 9.0000e+00 3.3000e+01 9.0000e+00 7.0000e+00 9.0000e+00 7.0000e+00 7.0000e+00 7.0000e+00 1.3000e+01 7.0000e+00 1.9000e+01 7.0000e+00 1.9000e+01 7.0000e+00 2.1000e+01 1.4000e+01 1.0000e+01 9.0000e+00 8.0000e+00 7.0000e+00 0.0000e+00 7.0000e+00 7.0000e+00 2.5000e+01 0.0000e+00 1.2000e+01 7.0000e+00 1.1000e+01 9.0000e+00 7.0000e+00 7.0000e+00 7.0000e+00 9.0000e+00 1.0000e+01 1.5000e+01 7.0000e+00
2.3600e+02 5.6000e+01 1.0100e+02 5.0000e+01 7.1000e+01 8.5000e+01 0.0000e+00 2.7000e+01 1.0000e+01 2.6800e+02 1.8000e+01 5.7000e+01 9.3000e+01 2.0200e+02 2.5000e+01 2.5000e+01 1.0500e+02 2.0000e+01 1.6500e+02 2.5300e+02 2.6000e+01 4.9000e+01 4.4000e+01 8.1000e+01 1.6600e+02 1.0700e+02 1.4000e+01 3.9000e+01 7.8000e+01 5.1000e+01 1.0700e+02 3.7800e+02 8.6000e+01 2.2000e+01 0.0000e+00 4.0000e+01 1.3800e+02 1.4800e+02 0.0000e+00 1.0800e+02 3.0000e+01 2.4300e+02 1.4000e+01 2.9500e+02 2.1000e+01 2.3000e+01 8.7000e+01 1.4000e+01 8.3000e+01 6.7000e+01
9.0000e+00 9.0000e+00 9.0000e+00 2.3000e+01 3.7000e+01 1.9000e+01 0.0000e+00 1.1000e+01 7.0000e+00 1.5000e+01 1.4000e+01 1.5000e+01 8.0000e+00 7.0000e+00 1.9000e+01 1.8000e+01 1.3000e+01 1.7000e+01 7.0000e+00 1.0000e+01 1.0000e+01 6.5000e+01 8.0000e+00 1.3000e+01 2.0000e+01 1.0000e+01 9.0000e+00 2.4000e+01 1.1000e+01 4.3000e+01 9.0000e+00 1.2000e+01 2.4000e+01 7.0000e+00 0.0000e+00 1.4000e+01 7.0000e+00 6.6000e+01 0.0000e+00 6.7000e+01 9.0000e+00 9.0000e+00 4.5000e+01 9.0000e+00 3.3000e+01 6.3000e+01 7.0000e+00 2.2000e+01 9.0000e+00 9.0000e+00
7.0000e+00 1.0000e+01 9.0000e+00 2.2000e+01 2.1000e+01 2.1000e+01 0.0000e+00 9.0000e+00 2.2000e+01 1.0000e+01 1.5000e+01 2.1000e+01 1.5000e+01 2.3000e+01 1.2000e+01 7.0000e+00 1.1000e+01 1.0000e+01 1.5000e+01 1.4000e+01 1.5000e+01 1.8000e+01 8.0000e+00 2.8000e+01 7.0000e+00 1.7000e+01 7.0000e+00 2.1000e+01 1.3000e+01 7.0000e+00 1.4000e+01 1.9000e+01 1.3000e+01 9.0000e+00 0.0000e+00 2.2000e+01 1.3000e+01 4.8000e+01 0.0000e+00 1.7000e+01 7.0000e+00 1.1000e+01 3.3000e+01 2.0000e+01 6.9000e+01 1.6000e+01 3.4000e+01 2.4000e+01 3.4000e+01 9.0000e+00
7.0000e+00 9.0000e+00 9.0000e+00 1.0000e+01 1.2000e+01 1.2000e+01 0.0000e+00 1.1000e+01 9.0000e+00 8.0000e+00 7.0000e+00 9.0000e+00 8.0000e+00 7.0000e+00 2.9000e+01 1.0000e+01 1.1000e+01 7.0000e+00 7.0000e+00 1.0000e+01 2.2000e+01 2.2000e+01 1.0000e+01 9.0000e+00 9.0000e+00 7.0000e+00 1.2000e+01 1.2000e+01 1.1000e+01 1.2000e+01 7.0000e+00 1.0000e+01 8.0000e+00 3.4000e+01 0.0000e+00 7.0000e+00 7.0000e+00 1.7500e+02 0.0000e+00 1.0000e+01 7.0000e+00 9.0000e+00 2.7000e+01 9.0000e+00 6.9000e+01 7.0000e+00 7.0000e+00 7.5000e+01 7.0000e+00 7.0000e+00
9.0000e+00 7.0000e+00 7.0000e+00 1.0000e+01 8.0000e+00 7.0000e+00 0.0000e+00 9.0000e+00 7.0000e+00 1.4000e+01 2.3000e+01 1.1000e+01 1.5000e+01 1.1000e+01 9.0000e+00 7.0000e+00 1.3000e+01 9.0000e+00 9.0000e+00 7.0000e+00 9.0000e+00 7.0000e+00 8.0000e+00 7.0000e+00 7.0000e+00 7.0000e+00 7.0000e+00 7.0000e+00 8.0000e+00 9.0000e+00 7.0000e+00 7.0000e+00 1.2000e+01 7.0000e+00 0.0000e+00 9.0000e+00 9.0000e+00 7.0000e+00 0.0000e+00 8.0000e+00 7.0000e+00 7.0000e+00 7.0000e+00 1.3000e+01 7.0000e+00 7.0000e+00 7.0000e+00 1.0000e+01 7.0000e+00 1.0000e+01
3.3000e+01 2.1400e+02 7.0000e+00 5.9000e+01 1.9300e+02 2.5000e+01 0.0000e+00 2.5600e+02 9.0000e+00 1.0000e+01 5.3000e+01 1.7000e+01 3.4000e+01 1.2400e+02 7.0000e+00 6.6000e+01 4.7000e+01 1.0000e+01 2.1000e+01 9.0000e+00 9.0000e+00 7.0000e+00 8.0000e+00 9.0000e+00 4.7000e+01 1.2000e+01 9.0000e+00 1.5000e+01 1.1000e+01 1.5000e+01 7.0000e+00 2.2000e+01 8.0000e+00 1.8000e+01 0.0000e+00 1.2900e+02 7.0000e+01 7.0000e+00 0.0000e+00 1.2000e+01 7.0000e+00 7.0000e+00 1.3900e+02 7.0000e+00 5.4390e+03 3.4000e+01 7.0000e+00 5.0000e+01 3.1000e+01 3.4000e+01
1.5000e+01 1.0000e+01 7.0000e+00 1.2000e+01 1.0000e+01 7.0000e+00 0.0000e+00 7.0000e+00 9.0000e+00 8.0000e+00 3.5000e+01 9.0000e+00 8.0000e+00 9.0000e+00 1.0000e+01 1.5000e+01 1.1000e+01 7.0000e+00 7.0000e+00 7.0000e+00 7.0000e+00 7.0000e+00 8.0000e+00 9.0000e+00 7.0000e+00 9.0000e+00 7.0000e+00 7.0000e+00 8.0000e+00 1.7000e+01 9.0000e+00 7.0000e+00 8.0000e+00 7.0000e+00 0.0000e+00 7.0000e+00 7.0000e+00 7.0000e+00 0.0000e+00 1.0000e+01 7.0000e+00 9.0000e+00 2.8000e+01 7.0000e+00 0.0000e+00 9.0000e+00 1.0000e+01 1.4000e+01 7.0000e+00 7.0000e+00
1.8000e+01 7.0000e+00 7.0000e+00 1.0000e+01 1.2000e+01 7.0000e+00 0.0000e+00 1.1000e+01 7.0000e+00 8.0000e+00 7.0000e+00 7.0000e+00 8.0000e+00 7.0000e+00 1.2000e+01 9.0000e+00 9.0000e+00 9.0000e+00 7.0000e+00 7.0000e+00 7.0000e+00 1.4000e+01 1.0000e+01 9.0000e+00 7.0000e+00 9.0000e+00 7.0000e+00 9.0000e+00 8.0000e+00 7.0000e+00 7.0000e+00 7.0000e+00 8.0000e+00 7.0000e+00 0.0000e+00 7.0000e+00 9.0000e+00 7.0000e+00 0.0000e+00 1.5000e+01 7.0000e+00 7.0000e+00 1.5000e+01 7.0000e+00 0.0000e+00 1.1000e+01 9.0000e+00 7.0000e+00 7.0000e+00 9.0000e+00
2.4000e+01 7.0000e+00 9.0000e+00 8.0000e+00 1.0000e+01 4.9000e+01 0.0000e+00 9.0000e+00 1.0000e+01 8.0000e+00 2.9000e+01 7.0000e+00 8.0000e+00 7.0000e+00 7.0000e+00 1.2300e+02 1.5000e+01 1.0000e+01 7.0000e+00 7.0000e+00 1.2000e+01 9.0000e+00 8.0000e+00 7.0000e+00 1.4000e+01 7.0000e+00 9.0000e+00 7.0000e+00 8.0000e+00 1.5000e+01 9.0000e+00 7.0000e+00 1.5000e+01 7.0000e+00 0.0000e+00 1.0000e+01 1.1000e+01 9.0000e+00 0.0000e+00 8.0000e+00 1.4000e+01 7.0000e+00 2.1000e+01 3.8000e+01 0.0000e+00 9.0000e+00 1.8000e+01 9.0000e+00 1.0000e+01 7.5000e+01
7.0000e+00 7.0000e+00 9.0000e+00 1.5000e+01 2.4000e+01 1.0000e+01 0.0000e+00 9.0000e+00 7.0000e+00 1.5000e+01 1.5000e+01 1.1000e+01 8.0000e+00 1.4000e+01 1.5000e+01 3.4000e+01 9.0000e+00 1.2000e+01 7.0000e+00 9.0000e+00 9.0000e+00 7.0000e+00 1.2000e+01 1.4000e+01 7.0000e+00 1.2000e+01 1.0000e+01 9.0000e+00 1.4000e+01 1.0000e+01 7.0000e+00 1.0000e+01 1.7000e+01 5.8380e+03 0.0000e+00 1.5000e+01 7.0000e+00 2.9000e+01 0.0000e+00 1.8000e+01 1.2000e+01 1.2000e+01 1.5000e+01 7.0000e+00 0.0000e+00 9.0000e+00 7.0000e+00 3.8000e+01 7.0000e+00 9.0000e+00
2.0000e+01 1.0000e+01 1.5000e+01 3.5000e+01 2.9000e+01 7.0000e+00 0.0000e+00 9.0000e+00 2.1000e+01 1.4000e+01 7.0000e+00 9.0000e+00 8.0000e+00 1.1000e+01 7.0000e+00 9.0000e+00 2.5000e+01 1.0000e+01 7.0000e+00 9.0000e+00 1.5000e+01 1.1000e+01 1.5000e+01 4.7000e+01 1.3000e+01 7.0000e+00 2.1000e+01 1.7000e+01 2.0000e+01 6.0000e+01 1.2000e+01 4.5000e+01 4.4000e+01 0.0000e+00 0.0000e+00 3.1000e+01 9.0000e+00 7.3000e+01 0.0000e+00 2.3000e+01 1.0000e+01 1.2000e+01 1.5000e+01 7.0000e+00 0.0000e+00 9.0000e+00 1.0000e+01 2.6000e+01 9.0000e+00 7.0000e+00
7.0000e+00 7.0000e+00 7.0000e+00 1.0000e+01 8.0000e+00 8.1000e+01 0.0000e+00 7.0000e+00 1.0000e+01 8.0000e+00 1.4000e+01 7.0000e+00 8.0000e+00 9.0000e+00 4.5000e+01 7.0000e+00 3.6000e+01 7.0000e+00 1.2000e+01 3.7000e+01 1.7000e+01 9.4000e+01 9.3000e+01 7.0000e+00 7.0000e+00 8.8000e+01 9.0000e+00 2.4000e+01 8.0000e+00 1.4000e+01 1.5000e+01 7.0000e+00 1.0000e+01 0.0000e+00 0.0000e+00 1.2700e+02 1.1000e+01 7.0000e+00 0.0000e+00 1.5000e+01 7.0000e+00 7.0000e+00 7.0000e+00 7.0000e+00 0.0000e+00 1.3000e+01 2.6000e+01 1.4000e+01 7.0000e+00 9.0000e+00
7.0000e+00 7.0000e+00 9.0000e+00 8.0000e+00 2.3000e+01 1.0000e+01 0.0000e+00 7.0000e+00 1.0000e+01 1.5000e+01 9.0000e+00 1.4000e+01 8.0000e+00 9.0000e+00 1.8000e+01 1.7000e+01 1.1000e+01 9.0000e+00 7.0000e+00 7.0000e+00 1.2000e+01 1.3000e+01 8.0000e+00 1.1000e+01 7.0000e+00 7.0000e+00 1.0000e+01 4.4000e+01 8.0000e+00 7.0000e+00 1.0000e+01 1.4000e+01 8.0000e+00 0.0000e+00 0.0000e+00 9.0000e+00 7.0000e+00 5.0630e+03 0.0000e+00 8.0000e+00 7.0000e+00 7.0000e+00 7.1000e+01 9.0000e+00 0.0000e+00 1.1000e+01 1.7000e+01 1.2000e+01 7.0000e+00 7.0000e+00
1.4200e+02 7.0000e+00 1.5000e+01 6.8000e+01 2.9700e+02 4.3000e+01 0.0000e+00 1.6000e+01 7.0000e+00 9.4000e+01 1.4000e+01 8.8000e+01 1.1000e+01 9.0000e+00 1.7000e+01 4.8000e+01 3.1000e+01 1.0000e+01 1.4000e+01 9.0000e+00 2.4000e+01 1.4000e+01 2.3000e+01 6.9000e+01 2.3000e+01 2.4000e+01 1.2000e+01 1.0000e+01 1.8000e+01 7.0000e+00 9.0000e+00 3.0000e+01 1.2000e+01 0.0000e+00 0.0000e+00 1.4000e+01 1.1000e+01 0.0000e+00 0.0000e+00 6.6000e+01 1.0000e+01 7.0000e+00 1.6300e+02 2.0000e+01 0.0000e+00 1.0300e+02 1.4000e+01 7.6000e+01 2.6000e+01 1.0000e+01
9.0000e+00 7.0000e+00 7.0000e+00 8.0000e+00 1.3000e+01 1.5000e+01 0.0000e+00 9.0000e+00 7.0000e+00 8.0000e+00 7.0000e+00 1.2000e+01 1.0000e+01 7.0000e+00 1.8000e+01 1.0000e+01 9.0000e+00 1.0000e+01 9.0000e+00 7.0000e+00 1.2000e+01 9.0000e+00 8.0000e+00 1.1000e+01 9.0000e+00 7.0000e+00 7.0000e+00 9.0000e+00 1.6000e+01 2.5000e+01 1.4000e+01 7.0000e+00 8.0000e+00 0.0000e+00 0.0000e+00 1.2000e+01 7.0000e+00 0.0000e+00 0.0000e+00 8.0000e+00 7.0000e+00 1.1000e+01 1.1000e+01 9.0000e+00 0.0000e+00 1.8000e+01 1.0000e+01 9.0000e+00 7.0000e+00 7.0000e+00
1.2000e+01 9.0000e+00 9.0000e+00 1.7000e+01 1.2000e+01 7.0000e+00 0.0000e+00 7.0000e+00 7.0000e+00 8.0000e+00 1.2000e+01 7.0000e+00 8.0000e+00 7.0000e+00 7.0000e+00 7.0000e+00 1.3000e+01 7.0000e+00 9.0000e+00 7.0000e+00 9.0000e+00 9.0000e+00 8.0000e+00 7.0000e+00 9.0000e+00 9.0000e+00 7.0000e+00 9.0000e+00 1.1000e+01 1.0000e+01 7.0000e+00 9.0000e+00 1.0000e+01 0.0000e+00 0.0000e+00 7.0000e+00 9.0000e+00 0.0000e+00 0.0000e+00 8.0000e+00 7.0000e+00 7.0000e+00 1.8000e+01 7.0000e+00 0.0000e+00 2.8000e+01 1.0000e+01 1.2000e+01 7.0000e+00 7.0000e+00
1.5000e+01 1.0000e+01 2.0000e+01 9.8000e+01 4.1000e+01 4.5000e+01 0.0000e+00 1.3000e+01 1.2000e+01 6.6000e+01 1.5000e+01 1.5000e+01 1.0000e+01 7.0000e+00 4.4000e+01 1.4000e+01 6.0000e+01 7.0000e+00 1.0000e+01 2.2000e+01 2.4000e+01 1.3000e+01 2.1000e+01 1.3000e+01 1.7000e+01 7.0000e+00 2.6000e+01 1.2000e+01 1.3000e+01 1.0000e+01 7.0000e+00 2.5000e+01 2.4000e+01 0.0000e+00 0.0000e+00 1.2000e+01 1.6000e+01 0.0000e+00 0.0000e+00 3.4000e+01 1.5000e+01 9.0000e+00 2.5000e+01 3.6000e+01 0.0000e+00 7.0000e+00 1.5000e+01 2.2000e+01 2.2000e+01 1.2000e+01
1.4000e+01 9.0000e+00 7.0000e+00 1.9000e+01 1.0000e+01 1.0000e+01 0.0000e+00 7.0000e+00 2.1000e+01 1.4000e+01 3.6000e+01 7.0000e+00 1.5000e+01 7.0000e+00 1.4000e+01 2.8000e+01 1.3000e+01 1.0000e+01 7.0000e+00 1.0000e+01 2.5000e+01 1.8000e+01 8.0000e+00 1.4000e+01 1.4000e+01 9.0000e+00 5.6000e+01 1.0000e+01 3.4000e+01 2.2000e+01 1.2000e+01 1.0000e+01 1.3000e+01 0.0000e+00 0.0000e+00 1.0000e+01 9.0000e+00 0.0000e+00 0.0000e+00 1.0000e+01 7.0000e+00 7.0000e+00 2.1000e+01 7.0000e+00 0.0000e+00 9.0000e+00 1.8000e+01 3.8000e+01 9.0000e+00 1.0000e+01
1.2000e+01 1.2000e+01 7.0000e+00 1.0000e+01 1.5000e+01 1.0000e+01 0.0000e+00 1.1000e+01 1.0000e+01 1.4400e+02 6.6700e+02 9.0000e+00 1.1000e+01 3.0000e+01 8.1000e+01 1.7200e+02 1.1000e+01 1.0000e+01 9.0000e+00 7.0000e+00 7.6000e+01 1.1000e+01 8.0000e+00 1.4000e+01 8.7000e+01 9.0000e+00 9.0000e+00 1.2000e+01 3.2000e+01 6.8000e+01 2.1000e+01 1.8000e+01 2.3000e+01 0.0000e+00 0.0000e+00 5.0000e+01 9.0000e+00 0.0000e+00 0.0000e+00 1.7000e+01 9.0000e+00 1.2000e+01 6.6000e+01 2.6000e+01 0.0000e+00 7.0000e+00 7.5000e+01 1.8700e+02 1.0000e+01 1.0000e+01
1.1000e+01 1.0000e+01 1.2000e+01 1.9000e+01 2.7000e+01 1.7000e+01 0.0000e+00 1.1000e+01 1.4000e+01 2.2000e+01 7.0000e+00 3.6000e+01 1.1000e+01 1.3000e+01 1.5400e+02 1.1700e+02 1.1000e+01 9.0000e+00 7.0000e+00 2.1000e+01 7.0000e+00 1.4000e+01 1.2000e+01 7.0000e+00 1.4000e+01 4.8000e+01 9.0000e+00 1.2000e+01 2.0000e+01 4.0600e+02 1.2000e+01 1.0000e+01 1.5000e+01 0.0000e+00 0.0000e+00 4.3000e+01 9.0000e+00 0.0000e+00 0.0000e+00 1.8000e+01 7.0000e+00 9.0000e+00 8.2000e+01 1.1000e+01 0.0000e+00 1.4000e+01 2.1000e+01 1.1400e+02 7.0000e+00 1.5000e+01
9.0000e+00 7.0000e+00 7.0000e+00 1.7000e+01 1.2000e+01 3.8000e+01 0.0000e+00 7.0000e+00 1.2000e+01 1.4000e+01 9.0000e+00 1.4000e+01 1.1000e+01 9.0000e+00 9.0000e+00 8.3000e+01 1.1000e+01 1.0000e+01 9.0000e+00 9.0000e+00 1.2000e+01 1.1000e+01 8.0000e+00 1.1000e+01 7.0000e+00 1.7000e+01 1.5000e+01 1.0000e+01 1.1000e+01 3.3000e+01 7.0000e+00 1.2000e+01 1.0000e+01 0.0000e+00 0.0000e+00 9.0000e+00 7.0000e+00 0.0000e+00 0.0000e+00 8.0000e+00 1.0000e+01 2.6000e+01 7.0000e+00 9.0000e+00 0.0000e+00 2.2000e+01 1.8000e+01 1.2000e+01 7.0000e+00 9.0000e+00
5.6000e+01 2.4000e+01 1.2100e+02 1.7000e+02 8.5000e+01 4.7000e+01 0.0000e+00 5.4800e+02 7.2000e+01 1.1800e+02 1.4000e+01 4.5000e+01 2.7900e+02 1.1700e+02 8.9000e+01 2.7100e+02 4.7000e+01 4.2000e+01 4.5000e+01 2.2000e+01 3.5000e+01 7.1000e+01 6.0000e+01 8.8000e+01 2.7000e+01 5.1000e+01 1.7000e+01 9.0000e+00 2.4000e+01 5.6000e+01 4.0000e+01 3.5000e+01 1.2300e+02 0.0000e+00 0.0000e+00 3.5000e+01 5.6000e+01 0.0000e+00 0.0000e+00 1.0700e+02 5.1000e+01 2.0000e+01 8.6000e+01 6.1000e+01 0.0000e+00 1.8800e+02 3.1000e+01 3.0000e+01 1.8000e+01 7.9000e+01
1.2000e+01 7.0000e+00 7.0000e+00 1.0000e+01 8.0000e+00 1.5000e+01 0.0000e+00 7.0000e+00 7.0000e+00 8.0000e+00 7.0000e+00 1.2000e+01 8.0000e+00 7.0000e+00 1.0000e+01 7.0000e+00 9.0000e+00 7.0000e+00 7.0000e+00 7.0000e+00 7.0000e+00 1.1000e+01 8.0000e+00 7.0000e+00 7.0000e+00 7.0000e+00 7.0000e+00 1.0000e+01 8.0000e+00 7.0000e+00 1.2000e+01 1.0000e+01 1.0000e+01 0.0000e+00 0.0000e+00 7.0000e+00 7.0000e+00 0.0000e+00 0.0000e+00 8.0000e+00 7.0000e+00 7.0000e+00 1.2000e+01 1.7000e+01 0.0000e+00 7.0000e+00 7.0000e+00 9.0000e+00 7.0000e+00 7.0000e+00
9.4000e+01 1.7000e+02 1.5000e+02 4.0700e+02 3.0750e+03 5.1410e+03 0.0000e+00 2.0600e+02 3.6000e+01 1.1590e+03 4.5400e+02 1.7120e+03 6.2400e+02 1.8900e+02 4.8240e+03 1.6900e+02 2.3020e+03 3.2300e+02 5.3310e+03 6.7300e+02 5.4410e+03 1.5800e+02 1.7320e+03 4.3100e+02 7.1000e+01 5.3000e+03 2.6600e+02 1.7800e+02 2.9240e+03 4.7020e+03 3.3300e+02 4.6490e+03 1.6400e+02 0.0000e+00 0.0000e+00 2.2200e+02 3.5060e+03 0.0000e+00 0.0000e+00 1.2500e+02 1.4500e+02 4.4240e+03 1.5900e+02 3.4700e+02 0.0000e+00 3.1300e+02 7.6000e+01 1.4600e+02 1.3800e+02 5.5450e+03
1.1000e+01 7.0000e+00 7.0000e+00 1.9000e+01 8.0000e+00 0.0000e+00 0.0000e+00 7.0000e+00 9.0000e+00 8.0000e+00 1.2000e+01 7.0000e+00 8.0000e+00 7.0000e+00 0.0000e+00 9.0000e+00 9.0000e+00 1.0000e+01 0.0000e+00 1.4000e+01 0.0000e+00 9.0000e+00 8.0000e+00 1.7000e+01 7.0000e+00 0.0000e+00 1.5000e+01 7.0000e+00 8.0000e+00 0.0000e+00 7.0000e+00 0.0000e+00 1.8000e+01 0.0000e+00 0.0000e+00 1.0000e+01 9.0000e+00 0.0000e+00 0.0000e+00 3.7000e+01 7.0000e+00 7.0000e+00 2.5000e+01 7.0000e+00 0.0000e+00 7.0000e+00 1.9000e+01 1.0000e+01 7.0000e+00 0.0000e+00
1.2000e+01 7.0000e+00 7.0000e+00 2.0000e+01 1.2000e+01 0.0000e+00 0.0000e+00 2.3000e+01 1.0000e+01 1.2000e+01 2.4000e+01 1.7000e+01 8.0000e+00 9.0000e+00 0.0000e+00 5.2000e+01 1.1000e+01 1.0000e+01 0.0000e+00 7.0000e+00 0.0000e+00 1.9000e+01 1.2000e+01 7.6000e+01 1.4000e+01 0.0000e+00 1.2000e+01 1.0000e+01 2.1000e+01 0.0000e+00 7.0000e+00 0.0000e+00 1.5000e+01 0.0000e+00 0.0000e+00 1.4000e+01 1.1000e+01 0.0000e+00 0.0000e+00 6.2000e+01 1.0000e+01 2.1000e+01 2.1800e+02 1.3000e+01 0.0000e+00 1.4000e+01 1.7000e+01 1.9000e+01 1.2000e+01 0.0000e+00
1.2000e+01 3.9000e+02 3.6500e+02 4.6000e+01 1.2000e+01 0.0000e+00 0.0000e+00 1.4000e+01 6.7000e+01 7.0000e+02 7.0000e+00 1.2700e+02 6.2500e+02 8.2300e+02 0.0000e+00 4.6100e+02 9.0000e+00 4.0600e+02 0.0000e+00 4.6100e+02 0.0000e+00 7.0000e+00 1.2000e+01 2.1900e+02 6.7400e+02 0.0000e+00 8.0000e+01 3.4000e+01 1.7900e+02 0.0000e+00 9.0000e+00 0.0000e+00 1.2000e+01 0.0000e+00 0.0000e+00 4.8300e+03 7.0000e+00 0.0000e+00 0.0000e+00 1.0000e+01 3.1000e+01 3.2000e+01 2.7200e+02 1.1000e+01 0.0000e+00 7.0000e+00 1.6800e+02 2.0400e+02 7.0000e+00 0.0000e+00
1.3600e+02 6.1000e+01 3.6910e+03 9.6400e+02 1.0600e+02 0.0000e+00 0.0000e+00 1.0300e+02 1.0300e+02 2.4900e+02 1.5700e+02 3.8000e+01 1.3300e+02 1.8600e+02 0.0000e+00 5.1000e+02 2.3900e+02 3.1200e+02 0.0000e+00 9.5000e+01 0.0000e+00 2.0400e+02 1.2700e+02 2.8100e+02 1.3600e+02 0.0000e+00 1.5500e+02 1.6600e+02 3.5600e+02 0.0000e+00 5.1270e+03 0.0000e+00 2.7300e+02 0.0000e+00 0.0000e+00 0.0000e+00 1.4400e+02 0.0000e+00 0.0000e+00 2.6500e+02 9.6000e+01 7.5000e+01 1.3800e+02 1.4800e+02 0.0000e+00 1.6590e+03 1.1100e+02 9.9000e+01 3.1400e+02 0.0000e+00
7.4000e+01 7.0000e+00 1.5000e+01 1.0000e+01 3.0000e+01 0.0000e+00 0.0000e+00 1.7000e+01 1.0000e+01 1.9000e+01 1.7000e+01 7.0000e+00 8.0000e+00 9.0000e+00 0.0000e+00 7.0000e+00 9.0000e+00 1.0000e+01 0.0000e+00 7.0000e+00 0.0000e+00 1.3000e+01 1.7000e+01 7.0000e+00 2.3000e+01 0.0000e+00 9.0000e+00 7.0000e+00 1.4000e+01 0.0000e+00 0.0000e+00 0.0000e+00 1.3000e+01 0.0000e+00 0.0000e+00 0.0000e+00 7.0000e+00 0.0000e+00 0.0000e+00 8.0000e+00 7.0000e+00 1.9000e+01 1.5000e+01 7.0000e+00 0.0000e+00 3.7000e+01 1.5000e+01 2.8000e+01 2.8000e+01 0.0000e+00
3.9060e+03 4.5970e+03 1.2220e+03 2.8230e+03 1.2310e+03 0.0000e+00 0.0000e+00 4.5360e+03 5.3050e+03 8.6300e+02 4.0300e+03 3.3310e+03 3.7980e+03 3.9160e+03 0.0000e+00 3.3210e+03 2.6930e+03 4.5310e+03 0.0000e+00 4.1410e+03 0.0000e+00 4.5810e+03 3.3560e+03 2.8710e+03 4.2780e+03 0.0000e+00 5.0650e+03 5.0700e+03 1.2220e+03 0.0000e+00 0.0000e+00 0.0000e+00 4.5010e+03 0.0000e+00 0.0000e+00 0.0000e+00 1.6880e+03 0.0000e+00 0.0000e+00 3.5490e+03 5.5200e+03 5.6700e+02 3.5670e+03 4.4800e+03 0.0000e+00 3.0470e+03 5.0580e+03 4.5320e+03 5.0690e+03 0.0000e+00
7.0000e+00 0.0000e+00 7.0000e+00 8.0000e+00 1.3000e+01 0.0000e+00 0.0000e+00 7.0000e+00 7.0000e+00 8.0000e+00 7.0000e+00 7.0000e+00 8.0000e+00 7.0000e+00 0.0000e+00 1.2000e+01 1.1000e+01 7.0000e+00 0.0000e+00 0.0000e+00 0.0000e+00 1.1000e+01 8.0000e+00 1.1000e+01 1.3000e+01 0.0000e+00 0.0000e+00 0.0000e+00 2.0000e+01 0.0000e+00 0.0000e+00 0.0000e+00 8.0000e+00 0.0000e+00 0.0000e+00 0.0000e+00 1.1000e+01 0.0000e+00 0.0000e+00 8.0000e+00 0.0000e+00 7.0000e+00 1.4000e+01 7.0000e+00 0.0000e+00 7.0000e+00 0.0000e+00 0.0000e+00 0.0000e+00 0.0000e+00
7.0000e+00 0.0000e+00 9.0000e+00 1.2000e+01 8.0000e+00 0.0000e+00 0.0000e+00 9.0000e+00 1.0000e+01 8.0000e+00 1.7000e+01 7.0000e+00 8.0000e+00 7.0000e+00 0.0000e+00 1.4000e+01 9.0000e+00 9.0000e+00 0.0000e+00 0.0000e+00 0.0000e+00 7.0000e+00 1.8000e+01 7.0000e+00 7.0000e+00 0.0000e+00 0.0000e+00 0.0000e+00 8.0000e+00 0.0000e+00 0.0000e+00 0.0000e+00 8.0000e+00 0.0000e+00 0.0000e+00 0.0000e+00 7.0000e+00 0.0000e+00 0.0000e+00 1.3000e+02 0.0000e+00 7.0000e+00 9.0000e+00 9.0000e+00 0.0000e+00 1.3000e+01 0.0000e+00 0.0000e+00 0.0000e+00 0.0000e+00
2.1000e+01 0.0000e+00 9.0000e+00 3.2000e+01 8.0000e+00 0.0000e+00 0.0000e+00 9.0000e+00 1.2000e+01 2.0000e+01 1.4000e+01 1.2000e+01 1.0000e+01 7.0000e+00 0.0000e+00 6.5000e+01 1.1000e+01 9.0000e+00 0.0000e+00 0.0000e+00 0.0000e+00 7.0000e+00 1.2000e+01 1.7000e+01 2.3000e+01 0.0000e+00 0.0000e+00 0.0000e+00 8.0000e+00 0.0000e+00 0.0000e+00 0.0000e+00 1.7000e+01 0.0000e+00 0.0000e+00 0.0000e+00 1.7000e+01 0.0000e+00 0.0000e+00 1.0000e+01 0.0000e+00 1.2000e+01 1.7000e+01 1.9000e+01 0.0000e+00 1.3000e+01 0.0000e+00 0.0000e+00 0.0000e+00 0.0000e+00
9.0000e+00 0.0000e+00 1.2000e+01 3.6000e+01 1.3000e+01 0.0000e+00 0.0000e+00 1.1000e+01 1.2000e+01 8.0000e+00 3.5000e+01 1.1000e+01 1.0000e+01 1.3000e+01 0.0000e+00 1.5000e+01 9.0000e+00 7.0000e+00 0.0000e+00 0.0000e+00 0.0000e+00 9.0000e+00 8.0000e+00 1.7000e+01 7.0000e+00 0.0000e+00 0.0000e+00 0.0000e+00 2.0000e+01 0.0000e+00 0.0000e+00 0.0000e+00 2.6000e+01 0.0000e+00 0.0000e+00 0.0000e+00 1.4000e+01 0.0000e+00 0.0000e+00 3.3000e+01 0.0000e+00 7.0000e+00 1.1000e+01 2.9000e+01 0.0000e+00 7.0000e+00 0.0000e+00 0.0000e+00 0.0000e+00 0.0000e+00
1.2000e+01 0.0000e+00 9.0000e+00 8.0000e+00 8.0000e+00 0.0000e+00 0.0000e+00 1.1000e+01 9.0000e+00 8.0000e+00 7.0000e+00 7.0000e+00 1.0000e+01 9.0000e+00 0.0000e+00 9.0000e+00 9.0000e+00 7.0000e+00 0.0000e+00 0.0000e+00 0.0000e+00 7.0000e+00 1.0000e+01 7.0000e+00 9.0000e+00 0.0000e+00 0.0000e+00 0.0000e+00 1.1000e+01 0.0000e+00 0.0000e+00 0.0000e+00 8.0000e+00 0.0000e+00 0.0000e+00 0.0000e+00 7.0000e+00 0.0000e+00 0.0000e+00 8.0000e+00 0.0000e+00 9.0000e+00 1.1000e+01 9.0000e+00 0.0000e+00 9.0000e+00 0.0000e+00 0.0000e+00 0.0000e+00 0.0000e+00
6.0000e+01 0.0000e+00 9.0000e+00 1.1200e+02 1.7000e+01 0.0000e+00 0.0000e+00 1.1000e+01 7.0000e+00 2.0000e+01 2.5000e+01 1.7000e+01 1.1000e+01 1.6000e+01 0.0000e+00 3.2000e+01 2.3000e+01 1.2000e+01 0.0000e+00 0.0000e+00 0.0000e+00 3.4000e+01 1.0000e+01 7.0000e+00 1.9000e+01 0.0000e+00 0.0000e+00 0.0000e+00 2.0000e+01 0.0000e+00 0.0000e+00 0.0000e+00 1.0000e+01 0.0000e+00 0.0000e+00 0.0000e+00 9.0000e+00 0.0000e+00 0.0000e+00 2.1000e+01 0.0000e+00 1.2000e+01 4.7000e+01 1.4000e+01 0.0000e+00 7.0000e+00 0.0000e+00 0.0000e+00 0.0000e+00 0.0000e+00
1.1000e+01 0.0000e+00 1.1000e+01 1.0000e+01 2.0000e+01 0.0000e+00 0.0000e+00 9.0000e+00 9.0000e+00 1.4000e+01 1.2000e+01 1.4000e+01 1.3000e+01 1.3000e+01 0.0000e+00 7.0000e+00 1.5000e+01 7.0000e+00 0.0000e+00 0.0000e+00 0.0000e+00 1.4000e+01 8.0000e+00 1.1000e+01 1.1000e+01 0.0000e+00 0.0000e+00 0.0000e+00 2.1000e+01 0.0000e+00 0.0000e+00 0.0000e+00 1.0000e+01 0.0000e+00 0.0000e+00 0.0000e+00 9.0000e+00 0.0000e+00 0.0000e+00 8.0000e+00 0.0000e+00 1.1000e+01 1.2000e+01 1.3000e+01 0.0000e+00 1.4000e+01 0.0000e+00 0.0000e+00 0.0000e+00 0.0000e+00
2.3000e+01 0.0000e+00 9.0000e+00 1.9000e+01 1.6900e+02 0.0000e+00 0.0000e+00 1.4000e+01 2.6000e+01 1.8580e+03 1.5000e+01 2.0000e+01 2.4000e+01 1.3000e+01 0.0000e+00 1.0000e+01 9.0000e+00 7.0000e+00 0.0000e+00 0.0000e+00 0.0000e+00 3.4000e+01 1.3000e+01 2.2000e+01 7.0000e+00 0.0000e+00 0.0000e+00 0.0000e+00 5.4000e+01 0.0000e+00 0.0000e+00 0.0000e+00 1.7900e+02 0.0000e+00 0.0000e+00 0.0000e+00 7.0000e+00 0.0000e+00 0.0000e+00 2.0000e+01 0.0000e+00 7.0000e+00 1.0800e+02 3.4000e+01 0.0000e+00 7.0000e+00 0.0000e+00 0.0000e+00 0.0000e+00 0.0000e+00
