2.5100e+02 9.5000e+01 5.6480e+03 2.4000e+01 8.1000e+01 1.0210e+03 4.4100e+02 4.1310e+03 1.4780e+03 7.1900e+02 1.9000e+01 3.8000e+01 4.4000e+01 6.5000e+01 1.2700e+02 3.4000e+01 3.8000e+01 1.5000e+01 2.8000e+01 3.2000e+01 4.7000e+01 2.0000e+01 1.5100e+02 2.6000e+01 3.0000e+01 4.2000e+01 3.8780e+03 3.3000e+01 9.3700e+02 3.0000e+00 5.3920e+03 5.0070e+03 1.4900e+03 2.4630e+03 3.2000e+01 8.2000e+01 3.3000e+01 3.0000e+00 4.0000e+00 6.6000e+01 4.2100e+02 2.0000e+01 2.0000e+00 1.1900e+02 6.0000e+00 1.2000e+01 4.0000e+00 1.2000e+01 1.2000e+01 8.7700e+02
3.4500e+02 1.7450e+03 1.7000e+01 1.7000e+01 5.5770e+03 1.9000e+01 1.0200e+02 7.6100e+02 3.3000e+01 2.9000e+01 1.9000e+01 1.7000e+01 3.2000e+01 2.1000e+01 3.7000e+01 6.8000e+01 4.9000e+01 1.9000e+01 3.8000e+01 1.9800e+02 1.8000e+01 1.7700e+02 3.1810e+03 3.4000e+01 3.1000e+01 3.5000e+01 7.4000e+01 2.9000e+01 3.3380e+03 2.0400e+02 6.3000e+01 1.6000e+01 2.2000e+01 5.9000e+01 6.2000e+01 5.0000e+01 3.1000e+01 9.0000e+00 5.0000e+00 2.5000e+01 2.0000e+01 7.8000e+01 5.0000e+00 7.2000e+01 5.7680e+03 5.6850e+03 9.0000e+00 1.4000e+01 1.0800e+02 4.0000e+01
1.2000e+01 8.2000e+01 1.9000e+01 2.0800e+02 2.6000e+01 5.9000e+02 3.1700e+02 3.6000e+01 1.6670e+03 1.4600e+03 5.4980e+03 4.3000e+01 2.6250e+03 5.2690e+03 6.9000e+01 6.7000e+01 1.6950e+03 4.7000e+01 7.4700e+02 1.0900e+02 6.2500e+02 1.0800e+02 1.4000e+02 5.6000e+02 5.4650e+03 1.2800e+02 1.3500e+02 2.9000e+01 1.0380e+03 5.0000e+00 1.1400e+02 3.3000e+01 3.2600e+02 1.0740e+03 6.3700e+02 5.2000e+01 5.7300e+02 6.0000e+00 1.0000e+00 4.1000e+01 4.2660e+03 1.7400e+02 2.0000e+00 1.2800e+02 7.0000e+00 2.6000e+01 2.0000e+00 1.2000e+01 5.1000e+02 6.9000e+01
4.8350e+03 2.0000e+01 7.0000e+00 1.6400e+02 1.0000e+00 1.0280e+03 4.0450e+03 6.6000e+01 1.9700e+02 3.3770e+03 1.1000e+01 2.8000e+01 2.4450e+03 1.5200e+02 1.1000e+01 6.0000e+00 1.8000e+01 1.6200e+02 6.3700e+02 1.0000e+01 0.0000e+00 5.0790e+03 1.5000e+01 1.2000e+01 8.0000e+00 7.9000e+01 7.1100e+02 3.6000e+01 2.0000e+00 2.0000e+00 8.0000e+00 1.9000e+01 2.4300e+02 8.0000e+00 1.1000e+01 5.0000e+00 6.7000e+02 9.0000e+00 1.0000e+00 1.2000e+01 1.1890e+03 4.3880e+03 6.0000e+00 2.2300e+02 2.0000e+00 3.0000e+00 2.0000e+00 6.0000e+00 5.1910e+03 2.9000e+01
5.4000e+01 1.0600e+02 2.6000e+01 2.5000e+01 3.1000e+01 2.8000e+01 2.9100e+02 2.7000e+01 3.4000e+01 2.9000e+01 2.8000e+01 1.3000e+02 3.7000e+01 3.5000e+01 4.3000e+01 1.2300e+02 2.4000e+02 3.6000e+01 5.9000e+01 3.1920e+03 5.1920e+03 4.9000e+01 9.0900e+02 1.0600e+02 4.0000e+01 4.6000e+01 3.7000e+01 4.3000e+01 3.8000e+01 2.2000e+01 7.7000e+01 5.4800e+02 4.5000e+01 4.0000e+01 1.2200e+02 2.5000e+01 2.8000e+01 1.3000e+01 5.9870e+03 3.8000e+01 5.3000e+01 4.7000e+01 1.8000e+01 3.7000e+01 1.7000e+01 2.5000e+01 1.9000e+01 5.9700e+03 5.3000e+01 3.1000e+01
3.9000e+01 6.4000e+01 4.6000e+01 2.9000e+01 1.3000e+01 2.4650e+03 2.0000e+01 2.1000e+01 2.6000e+01 4.4000e+01 2.9000e+02 4.8000e+01 6.4000e+01 5.6000e+01 1.3740e+03 1.4400e+02 4.5000e+01 3.5000e+01 5.5000e+01 4.4000e+01 4.0000e+01 2.3000e+01 3.3000e+01 2.0000e+01 1.6900e+02 4.9000e+01 2.9000e+01 3.3000e+01 1.2200e+02 5.1990e+03 3.6000e+01 1.0600e+02 6.0000e+01 2.4000e+01 1.0300e+02 2.3000e+01 2.5000e+01 5.8260e+03 3.0000e+00 4.8000e+01 2.3000e+01 1.6500e+02 5.3290e+03 2.9000e+01 1.8500e+02 1.4000e+01 2.3000e+01 9.0000e+00 2.5000e+01 2.4000e+01
5.7000e+01 5.7000e+01 1.4800e+02 4.9000e+01 4.1000e+01 5.0000e+01 9.2000e+01 4.9000e+01 3.4000e+01 4.8000e+01 6.2000e+01 4.3000e+01 4.2000e+01 3.9000e+01 8.7000e+01 5.2490e+03 5.2000e+01 5.4000e+01 6.4000e+01 5.0000e+01 3.3000e+01 5.6000e+01 3.2600e+02 1.1400e+02 6.2000e+01 3.8000e+01 5.5000e+01 6.6000e+01 3.1000e+01 6.0500e+02 3.7000e+01 6.8000e+01 3.7000e+01 4.0000e+01 7.3000e+01 3.6000e+01 3.6000e+01 9.0000e+00 3.2000e+01 7.2000e+01 4.2000e+01 1.6700e+02 9.0000e+00 5.1000e+01 3.1000e+01 9.6000e+01 2.1000e+01 2.2000e+01 5.0000e+01 3.6000e+01
3.7800e+02 1.7160e+03 6.4000e+01 3.0000e+01 2.0000e+01 1.1000e+02 1.6000e+01 8.9000e+01 2.3750e+03 1.8300e+02 1.4000e+01 1.5000e+01 9.2000e+01 2.7000e+01 1.2940e+03 2.9000e+01 2.8250e+03 4.8740e+03 5.7000e+01 7.6400e+02 7.3000e+01 5.4000e+01 8.5100e+02 5.0960e+03 7.5000e+01 4.1280e+03 8.5000e+01 5.5670e+03 4.0100e+02 0.0000e+00 4.0000e+01 2.6000e+01 2.3000e+01 2.9000e+01 5.9000e+01 3.4200e+02 8.3000e+01 6.0000e+00 0.0000e+00 5.3950e+03 3.8000e+01 8.3600e+02 5.0000e+00 8.5000e+01 1.0000e+00 1.3600e+02 8.0000e+00 1.0000e+00 4.2000e+01 6.5000e+01
4.0000e+01 7.0000e+01 7.9000e+01 5.3350e+03 1.1700e+02 6.7000e+01 5.2600e+02 3.1100e+02 1.1600e+02 7.7000e+01 7.3000e+01 5.1470e+03 6.0000e+01 9.3000e+01 5.1000e+01 2.7700e+02 2.0800e+02 6.3000e+01 1.4600e+02 6.4000e+01 2.3000e+01 3.8600e+02 2.7600e+02 9.7000e+01 8.0000e+01 1.2670e+03 4.8000e+01 3.7000e+01 6.3000e+01 5.6000e+01 2.3700e+02 3.4000e+01 3.2000e+01 1.7200e+02 4.7360e+03 3.9450e+03 5.3000e+01 1.1000e+01 3.0000e+00 8.1000e+01 9.9000e+01 1.0300e+02 7.3200e+02 8.7000e+01 1.1000e+01 2.5000e+01 5.9840e+03 1.1000e+01 4.5000e+01 2.8600e+02
1.9000e+01 1.8600e+03 1.4000e+01 1.7000e+01 3.0000e+00 5.7200e+02 2.6000e+01 6.2300e+02 1.1500e+02 2.0000e+01 1.2000e+01 3.9900e+02 5.7700e+02 2.2600e+02 2.9600e+03 3.0000e+00 9.0500e+02 7.4500e+02 4.0490e+03 1.5470e+03 6.0000e+00 1.2000e+01 2.1000e+01 3.1000e+01 3.1000e+01 1.1100e+02 1.0140e+03 5.1000e+01 9.0000e+00 3.0000e+00 9.0000e+00 1.9000e+02 3.6340e+03 2.1660e+03 5.1000e+01 1.3620e+03 4.4650e+03 6.0000e+00 0.0000e+00 1.5100e+02 1.8000e+01 3.1000e+01 1.0000e+00 5.1110e+03 4.0000e+00 3.0000e+00 3.0000e+00 3.0000e+00 1.0000e+01 4.6340e+03
