5.9761e-01 3.3684e-01 7.3725e-01 2.5000e-01 6.6667e-01 6.6210e-01 6.3719e-01 7.0685e-01 6.0825e-01 6.3282e-01 1.5789e-01 3.6842e-01 2.5000e-01 3.8462e-01 3.7008e-01 5.2941e-01 2.1053e-01 6.6667e-02 1.0714e-01 2.5000e-01 4.4681e-01 1.5000e-01 3.9073e-01 2.6923e-01 2.3333e-01 2.8571e-01 5.9954e-01 1.5152e-01 7.1505e-01 6.6667e-01 6.4948e-01 7.5454e-01 6.2081e-01 6.4393e-01 3.1250e-01 5.0000e-01 3.0303e-01 3.3333e-01 5.0000e-01 3.1818e-01 5.9145e-01 0.0000e+00 0.0000e+00 4.0336e-01 1.6667e-01 1.6667e-01 0.0000e+00 7.5000e-01 0.0000e+00 6.1117e-01
4.6667e-01 4.1547e-01 0.0000e+00 0.0000e+00 7.2261e-01 0.0000e+00 3.5294e-01 5.1117e-01 9.0909e-02 1.0345e-01 0.0000e+00 0.0000e+00 6.2500e-02 0.0000e+00 5.4054e-02 4.7059e-01 1.4286e-01 0.0000e+00 5.2632e-02 3.7879e-01 5.5556e-02 3.7853e-01 4.3163e-01 1.7647e-01 9.6774e-02 1.1429e-01 2.1622e-01 0.0000e+00 5.9407e-01 6.6176e-01 2.2222e-01 0.0000e+00 0.0000e+00 2.2034e-01 2.9032e-01 2.6000e-01 1.2903e-01 2.2222e-01 4.0000e-01 0.0000e+00 0.0000e+00 1.6667e-01 0.0000e+00 2.0833e-01 1.0000e+00 6.9464e-01 0.0000e+00 2.1429e-01 3.4259e-01 1.5000e-01
0.0000e+00 3.0488e-01 1.5789e-01 5.8173e-01 4.2308e-01 6.2203e-01 5.9937e-01 3.0556e-01 5.9568e-01 6.4521e-01 6.9207e-01 3.7209e-01 5.7410e-01 6.5193e-01 2.7536e-01 6.4179e-01 5.5752e-01 3.4043e-01 4.7925e-01 4.4037e-01 6.9920e-01 4.5370e-01 3.7143e-01 6.4643e-01 6.4446e-01 4.3750e-01 4.0741e-01 1.0345e-01 7.0231e-01 2.0000e-01 4.2982e-01 3.3333e-01 5.3067e-01 6.0149e-01 6.5306e-01 4.0385e-01 6.1955e-01 5.0000e-01 0.0000e+00 2.1951e-01 6.6010e-01 3.6207e-01 1.0000e+00 3.9844e-01 5.7143e-01 3.8462e-01 0.0000e+00 3.3333e-01 6.0980e-01 3.7681e-01
1.0000e+00 2.0000e-01 1.0000e+00 7.7439e-01 0.0000e+00 8.9786e-01 1.0000e+00 6.6667e-01 7.0558e-01 9.1501e-01 1.8182e-01 9.6429e-01 7.8855e-01 7.1711e-01 0.0000e+00 6.6667e-01 2.2222e-01 7.6543e-01 6.7033e-01 1.0000e-01 1.0000e+00 9.0569e-01 1.3333e-01 1.0000e+00 0.0000e+00 6.0759e-01 7.4684e-01 3.6111e-01 5.0000e-01 1.0000e+00 0.0000e+00 6.3158e-01 7.4074e-01 0.0000e+00 2.7273e-01 0.0000e+00 8.7910e-01 8.8889e-01 1.0000e+00 8.3333e-02 8.6796e-01 7.1057e-01 3.3333e-01 6.6816e-01 1.0000e+00 1.0000e+00 1.0000e+00 1.0000e+00 9.3816e-01 4.4828e-01
1.4815e-01 1.4151e-01 0.0000e+00 0.0000e+00 1.6129e-01 0.0000e+00 3.4364e-01 0.0000e+00 0.0000e+00 0.0000e+00 0.0000e+00 2.8462e-01 0.0000e+00 2.8571e-02 0.0000e+00 4.0650e-01 2.4583e-01 5.5556e-02 5.0847e-02 4.1353e-01 4.9692e-01 1.0204e-01 3.0913e-01 2.5472e-01 5.0000e-02 6.5217e-02 0.0000e+00 0.0000e+00 1.0526e-01 1.3636e-01 1.5584e-01 4.0511e-01 6.6667e-02 5.0000e-02 2.7049e-01 0.0000e+00 0.0000e+00 1.5385e-01 9.1615e-01 0.0000e+00 1.1321e-01 0.0000e+00 2.7778e-01 0.0000e+00 1.7647e-01 8.0000e-02 1.0526e-01 7.0653e-01 1.3208e-01 0.0000e+00
1.5385e-01 1.2500e-01 1.9565e-01 1.0345e-01 0.0000e+00 4.9817e-01 0.0000e+00 0.0000e+00 0.0000e+00 1.5909e-01 4.0000e-01 2.0833e-01 1.5625e-01 1.7857e-01 3.7191e-01 5.1389e-01 8.8889e-02 1.1429e-01 9.0909e-02 1.3636e-01 2.0000e-01 0.0000e+00 0.0000e+00 0.0000e+00 3.1953e-01 1.4286e-01 0.0000e+00 0.0000e+00 3.6066e-01 7.4707e-01 8.3333e-02 3.3962e-01 1.8333e-01 0.0000e+00 3.2039e-01 4.3478e-02 4.0000e-02 1.0000e+00 1.0000e+00 1.0417e-01 0.0000e+00 2.2424e-01 1.0000e+00 0.0000e+00 7.4054e-01 0.0000e+00 2.6087e-01 0.0000e+00 4.0000e-02 0.0000e+00
1.5789e-01 5.2632e-02 2.9054e-01 1.4286e-01 2.1951e-01 1.2000e-01 2.2826e-01 1.2245e-01 0.0000e+00 1.0417e-01 1.6129e-01 1.1628e-01 2.3810e-02 5.1282e-02 1.1494e-01 6.0050e-01 5.7692e-02 1.2963e-01 6.2500e-02 1.0000e-01 9.0909e-02 1.2500e-01 2.4847e-01 2.6316e-01 1.2903e-01 2.6316e-02 7.2727e-02 7.5758e-02 6.4516e-02 5.8182e-01 2.7027e-02 2.0588e-01 2.7027e-02 5.0000e-02 2.0548e-01 8.3333e-02 5.5556e-02 0.0000e+00 5.0000e-01 1.1111e-01 7.1429e-02 1.7365e-01 0.0000e+00 5.8824e-02 3.5484e-01 3.3333e-01 1.4286e-01 1.8182e-01 1.2000e-01 2.7778e-02
6.4550e-01 5.6119e-01 4.6875e-01 3.3333e-01 4.0000e-01 5.1818e-01 1.2500e-01 4.9438e-01 6.3958e-01 5.5738e-01 7.1429e-02 1.3333e-01 3.9130e-01 2.2222e-01 5.3941e-01 5.1724e-01 5.9717e-01 7.1789e-01 2.6316e-01 6.2304e-01 5.3425e-01 3.8889e-01 5.2761e-01 7.5726e-01 4.1333e-01 6.5795e-01 3.7647e-01 5.7643e-01 6.9077e-01 1.0000e+00 3.0000e-01 3.0769e-01 1.7391e-01 2.4138e-01 4.5763e-01 6.6082e-01 4.8193e-01 8.3333e-01 1.0000e+00 6.1353e-01 3.1579e-01 4.9522e-01 8.0000e-01 3.7647e-01 1.0000e+00 7.2059e-01 7.5000e-01 1.0000e+00 3.5714e-01 4.0000e-01
1.2500e-01 1.1429e-01 2.5316e-01 5.0628e-01 4.2735e-01 2.0896e-01 4.1825e-01 3.7621e-01 2.3276e-01 2.2078e-01 2.1918e-01 5.0981e-01 1.1667e-01 2.2581e-01 5.8824e-02 5.3069e-01 2.6442e-01 1.9048e-01 1.9863e-01 1.7188e-01 4.3478e-02 3.8860e-01 2.6449e-01 2.7835e-01 2.0000e-01 4.0095e-01 8.3333e-02 0.0000e+00 2.3810e-01 3.9286e-01 3.1224e-01 1.1765e-01 3.1250e-02 2.9070e-01 5.0190e-01 5.0444e-01 1.6981e-01 1.8182e-01 6.6667e-01 1.6049e-01 2.4242e-01 1.4563e-01 8.4563e-01 1.7241e-01 9.0909e-02 1.2000e-01 7.2243e-01 0.0000e+00 1.3333e-01 3.3566e-01
3.6842e-01 6.9194e-01 2.8571e-01 3.5294e-01 1.0000e+00 8.2692e-01 4.6154e-01 8.3628e-01 6.0870e-01 3.5000e-01 1.6667e-01 8.5464e-01 6.9671e-01 7.1239e-01 7.0236e-01 0.0000e+00 7.0718e-01 8.3087e-01 6.9548e-01 8.1577e-01 6.6667e-01 1.6667e-01 1.9048e-01 5.1613e-01 4.1935e-01 6.1261e-01 7.2485e-01 3.9216e-01 7.7778e-01 0.0000e+00 0.0000e+00 8.1053e-01 8.2086e-01 8.1902e-01 6.0784e-01 9.1189e-01 8.9630e-01 6.6667e-01 1.0000e+00 6.0265e-01 2.7778e-01 2.5806e-01 1.0000e+00 7.6580e-01 5.0000e-01 6.6667e-01 6.6667e-01 0.0000e+00 1.0000e-01 8.3945e-01
