2.2700e+02 8.0000e+00 1.0000e+01 1.0600e+02 7.1000e+01 3.9000e+01 1.0000e+01 1.1000e+01 9.6230e+03 7.2880e+03
6.0000e+00 4.3000e+01 1.2000e+01 9.8830e+03 7.2000e+01 1.1000e+01 1.9400e+02 1.1000e+01 7.0000e+00 2.7450e+03
9.5280e+03 1.0000e+01 6.0000e+00 0.0000e+00 8.6020e+03 3.3000e+01 4.7850e+03 1.0100e+03 5.2000e+01 0.0000e+00
1.2100e+02 8.2000e+01 1.2100e+02 0.0000e+00 7.6800e+02 1.0019e+04 6.0000e+00 1.8000e+01 9.0000e+00 0.0000e+00
6.0000e+00 8.0000e+00 5.6100e+02 0.0000e+00 2.1000e+01 0.0000e+00 6.0000e+00 6.1000e+01 1.3000e+01 0.0000e+00
5.4000e+01 1.4000e+01 1.0000e+01 0.0000e+00 4.5000e+01 0.0000e+00 4.8260e+03 7.7000e+02 9.0000e+00 0.0000e+00
1.8300e+02 2.7000e+01 2.2000e+01 0.0000e+00 2.4000e+02 0.0000e+00 0.0000e+00 2.2000e+01 2.4000e+01 0.0000e+00
1.3000e+01 7.2750e+03 9.4050e+03 0.0000e+00 9.0000e+00 0.0000e+00 0.0000e+00 8.0190e+03 4.6000e+01 0.0000e+00
8.0000e+00 1.7000e+01 8.0000e+00 0.0000e+00 3.5000e+01 0.0000e+00 0.0000e+00 6.6000e+01 5.8000e+01 0.0000e+00
6.0000e+00 2.4820e+03 8.0000e+00 0.0000e+00 2.5000e+01 0.0000e+00 0.0000e+00 2.2000e+01 2.9000e+01 0.0000e+00
