8.3700e-01 1.2500e-01 2.0000e-01 7.6415e-01 5.2113e-01 6.1538e-01 2.0000e-01 9.0909e-02 9.0481e-01 9.7187e-01
0.0000e+00 6.2791e-01 2.5000e-01 9.9818e-01 5.2778e-01 2.7273e-01 8.2474e-01 9.0909e-02 0.0000e+00 9.6867e-01
9.7271e-01 2.0000e-01 0.0000e+00 1.0000e+00 7.8551e-01 5.7576e-01 9.6531e-01 7.8020e-01 5.9615e-01 1.0000e+00
7.7686e-01 7.3171e-01 7.6033e-01 1.0000e+00 7.2396e-01 9.8024e-01 0.0000e+00 2.7778e-01 1.1111e-01 1.0000e+00
0.0000e+00 1.2500e-01 8.8057e-01 1.0000e+00 2.8571e-01 1.0000e+00 0.0000e+00 5.4098e-01 2.3077e-01 1.0000e+00
6.6667e-01 3.5714e-01 2.0000e-01 1.0000e+00 4.4444e-01 1.0000e+00 9.7244e-01 7.6883e-01 1.1111e-01 1.0000e+00
8.1967e-01 5.1852e-01 4.5455e-01 1.0000e+00 6.5417e-01 1.0000e+00 1.0000e+00 3.1818e-01 4.1667e-01 1.0000e+00
3.0769e-01 9.7182e-01 9.5715e-01 1.0000e+00 0.0000e+00 1.0000e+00 1.0000e+00 8.2928e-01 5.6522e-01 1.0000e+00
1.2500e-01 4.1176e-01 1.2500e-01 1.0000e+00 4.0000e-01 1.0000e+00 1.0000e+00 5.6061e-01 6.0345e-01 1.0000e+00
0.0000e+00 9.9436e-01 1.2500e-01 1.0000e+00 3.2000e-01 1.0000e+00 1.0000e+00 3.1818e-01 4.8276e-01 1.0000e+00
