2.0000e+00 3.0000e+00 1.0000e+00 2.0000e+00 1.0000e+00 0.0000e+00 2.0000e+00 1.0000e+00 6.0190e+03 1.0000e+00 2.0000e+00 6.0090e+03 7.0000e+00 7.0000e+00 2.0000e+00 5.9980e+03 1.0000e+00 1.4000e+01 2.0000e+00 1.0000e+00 4.0000e+00 4.6060e+03 4.0000e+00 6.0340e+03 1.0000e+00 1.0000e+01 2.0000e+00 2.0000e+00 0.0000e+00 5.9720e+03 2.3000e+01 1.0000e+00 5.8970e+03 2.0000e+00 1.0000e+00 1.0000e+00 1.0000e+00 2.0000e+00 1.0000e+00 1.8000e+01 2.2000e+01 2.0000e+00 7.0000e+00 1.0000e+00 3.0000e+00 0.0000e+00 1.0000e+00 1.0000e+00 1.0000e+00 1.0000e+00
5.0000e+00 1.0000e+00 1.0000e+00 1.0000e+00 3.0000e+00 1.0000e+00 1.0000e+00 1.0000e+00 1.0000e+00 1.0000e+00 1.0000e+00 1.0000e+00 1.0000e+00 1.0000e+00 3.4000e+01 1.0000e+00 7.0000e+00 1.3000e+01 1.0000e+00 1.0000e+00 1.7000e+01 1.0000e+00 1.0000e+00 1.0000e+00 1.0000e+00 6.0000e+00 2.0000e+00 1.0000e+00 3.0000e+00 1.0000e+00 1.0000e+00 5.0000e+00 1.0000e+00 1.0000e+00 1.0000e+00 1.0000e+00 1.0000e+00 1.0000e+00 1.0000e+00 1.0000e+00 1.0000e+00 1.0000e+00 1.0000e+00 2.6000e+01 1.0000e+00 2.0000e+00 1.0000e+00 1.0000e+00 3.0000e+00 1.0000e+00
2.0000e+01 1.0000e+00 2.1980e+03 1.0000e+00 1.0000e+00 2.0000e+00 5.9750e+03 2.0000e+00 1.0000e+00 1.0000e+00 5.9440e+03 1.0000e+00 1.0000e+00 1.0000e+00 6.0000e+00 1.0000e+00 1.0000e+00 1.0000e+00 4.0000e+00 4.0000e+00 2.0000e+00 1.0000e+00 6.0000e+00 1.0000e+00 1.6000e+01 2.0000e+00 0.0000e+00 1.0000e+00 5.9920e+03 3.0000e+00 1.0000e+00 5.8470e+03 2.0000e+00 1.0000e+00 1.0000e+00 1.0000e+00 1.0000e+00 1.0000e+00 1.0000e+00 2.0000e+00 2.0000e+00 3.0000e+00 1.0000e+00 1.0000e+00 3.0000e+00 1.0000e+00 1.0000e+00 3.4890e+03 1.0000e+00 2.1000e+01
1.0000e+00 1.0000e+00 1.0000e+00 1.0000e+00 1.0000e+00 1.2000e+01 1.0000e+00 1.0000e+00 1.0000e+00 1.0000e+00 1.0000e+00 2.0000e+00 1.0000e+00 1.0000e+00 1.0000e+00 9.0000e+00 1.0000e+00 1.0000e+00 1.0000e+00 1.0000e+00 5.9540e+03 2.0000e+00 1.0000e+00 1.0000e+00 1.0000e+00 4.0000e+00 3.0000e+00 1.0000e+00 7.5000e+01 1.1000e+01 5.9670e+03 7.0000e+00 5.0000e+00 1.6000e+01 1.0000e+00 1.0000e+00 1.0000e+00 5.0000e+00 5.9850e+03 1.0000e+00 1.0000e+00 1.7000e+01 1.0000e+00 1.0000e+00 5.5110e+03 6.0050e+03 1.0000e+00 1.0000e+00 1.0000e+00 2.0000e+00
1.0000e+00 4.0000e+00 7.0000e+00 2.0000e+00 2.0000e+00 4.0000e+00 2.0000e+00 4.0000e+00 1.0000e+00 3.0000e+00 1.0000e+00 1.0000e+00 1.0000e+00 5.0000e+00 1.0000e+00 1.0000e+00 6.0370e+03 5.9860e+03 1.0000e+00 3.0000e+00 1.0000e+00 1.0000e+00 1.0000e+00 1.0000e+00 1.0000e+00 1.0000e+00 7.0000e+00 1.0000e+00 2.0000e+00 1.0000e+00 4.0000e+00 1.0000e+00 2.0000e+00 2.0000e+00 4.1000e+03 6.0490e+03 5.9570e+03 1.0000e+00 1.0000e+00 1.0000e+00 5.8000e+01 1.0000e+00 2.0000e+00 4.0000e+00 1.0000e+00 2.0000e+00 2.0000e+00 2.0000e+00 1.0000e+00 5.9470e+03
1.0000e+00 7.0000e+00 1.0000e+00 1.0000e+00 4.4000e+01 0.0000e+00 1.0000e+00 2.0000e+00 5.0000e+00 3.0000e+00 0.0000e+00 1.0000e+00 5.9920e+03 9.0000e+00 1.0000e+00 1.0000e+00 1.0000e+00 1.0000e+00 3.0000e+00 1.0000e+00 1.0000e+00 1.2330e+03 6.0500e+03 1.2000e+01 5.7430e+03 3.0000e+00 3.0000e+00 1.0000e+00 0.0000e+00 1.0000e+00 7.5000e+01 0.0000e+00 2.0000e+00 1.0000e+00 1.0000e+00 1.4000e+01 2.0000e+00 5.9820e+03 2.5000e+01 5.8810e+03 0.0000e+00 5.9620e+03 3.0000e+00 1.0000e+00 3.8800e+02 0.0000e+00 1.0000e+00 1.0000e+00 2.0000e+00 3.0000e+00
6.0000e+03 2.0000e+00 8.0000e+00 1.0000e+00 2.0000e+00 0.0000e+00 1.0000e+00 5.9060e+03 1.0000e+00 5.9590e+03 1.0000e+00 2.0000e+00 1.0000e+00 3.0000e+00 2.0000e+00 1.0000e+00 2.0000e+00 1.0000e+00 1.0000e+00 1.8000e+01 2.0000e+00 1.0000e+00 6.0000e+00 1.0000e+00 2.4000e+01 1.0000e+00 1.0000e+00 5.9070e+03 1.0000e+00 1.0000e+00 1.0000e+00 2.0000e+00 1.0000e+00 0.0000e+00 1.0000e+00 2.0000e+00 1.0000e+00 1.0000e+00 1.0000e+00 2.0000e+00 2.0000e+00 2.0000e+00 5.9790e+03 1.0000e+00 1.0000e+00 4.0000e+00 2.0000e+00 2.5010e+03 1.9000e+01 1.0000e+00
1.0000e+00 4.0000e+00 1.4000e+01 1.0000e+00 5.8700e+03 1.0000e+00 2.0000e+00 2.0000e+00 1.0000e+00 4.0000e+00 2.7000e+01 4.0000e+00 3.0000e+00 1.0000e+00 5.8590e+03 1.0000e+00 1.0000e+00 4.0000e+00 1.0000e+00 1.0000e+00 2.0000e+00 2.0000e+00 1.0000e+00 1.0000e+00 2.0000e+00 1.0000e+00 3.0000e+00 1.0000e+00 1.0000e+00 1.0000e+00 2.0000e+00 1.0000e+00 3.0000e+00 6.0070e+03 1.8020e+03 1.0000e+00 1.0000e+00 1.0000e+00 1.0000e+00 1.0000e+00 2.0000e+00 1.0000e+00 1.0000e+00 2.0000e+00 1.0000e+00 1.0000e+00 5.8480e+03 2.0000e+00 6.0150e+03 8.0000e+00
1.0000e+00 5.9960e+03 2.0000e+00 6.0840e+03 2.0000e+00 1.0000e+00 3.0000e+00 1.0000e+00 1.0000e+00 1.0000e+00 1.0000e+00 1.0000e+00 1.0000e+00 6.1220e+03 2.0000e+00 6.0000e+00 1.0000e+00 9.0000e+00 5.9700e+03 6.0050e+03 1.0000e+00 1.0000e+00 3.0000e+00 2.0000e+00 1.6000e+01 2.0000e+00 1.0000e+00 4.3000e+01 4.0000e+00 2.0000e+00 8.0000e+00 4.0000e+00 1.0000e+00 1.0000e+00 1.0000e+00 3.0000e+00 1.0000e+00 2.0000e+00 2.0000e+00 7.0000e+00 1.0000e+00 2.0000e+00 8.0000e+00 5.9280e+03 2.0000e+00 2.0000e+00 1.0000e+00 2.0000e+00 6.0000e+00 2.0000e+00
7.0000e+00 1.0000e+00 3.8560e+03 2.0000e+00 1.0000e+00 5.9500e+03 1.0000e+00 1.0000e+00 1.0000e+00 1.0000e+00 1.0000e+00 1.0000e+00 1.0000e+00 2.0000e+00 1.0000e+00 1.0000e+00 5.0000e+00 3.0000e+00 1.0000e+00 4.4000e+01 1.0000e+00 1.0000e+00 2.0000e+00 1.0000e+00 6.5000e+01 6.0780e+03 5.9530e+03 5.0000e+00 1.0000e+00 1.0000e+00 1.0000e+00 1.0000e+00 1.0000e+00 2.0000e+00 2.0000e+00 1.0000e+00 1.0000e+00 1.0000e+01 1.0000e+00 1.0000e+00 6.0550e+03 1.6000e+01 2.0000e+00 1.0000e+00 1.0000e+00 1.0000e+00 1.0000e+00 1.0000e+00 2.0000e+00 1.0000e+00
