1.0000e+00 6.6667e-01 1.0000e+00 1.0000e+00 0.0000e+00 1.0000e+00 5.0000e-01 0.0000e+00 9.7890e-01 1.0000e+00 1.0000e+00 9.6405e-01 8.5714e-01 8.5714e-01 5.0000e-01 4.5498e-01 0.0000e+00 5.7143e-01 5.0000e-01 0.0000e+00 1.0000e+00 9.6418e-01 7.5000e-01 9.9536e-01 0.0000e+00 9.0000e-01 5.0000e-01 5.0000e-01 1.0000e+00 8.8547e-01 9.1304e-01 0.0000e+00 8.9537e-01 1.0000e+00 0.0000e+00 0.0000e+00 0.0000e+00 5.0000e-01 0.0000e+00 8.8889e-01 9.5455e-01 5.0000e-01 1.0000e+00 1.0000e+00 6.6667e-01 1.0000e+00 0.0000e+00 0.0000e+00 0.0000e+00 0.0000e+00
4.0000e-01 0.0000e+00 0.0000e+00 0.0000e+00 3.3333e-01 0.0000e+00 0.0000e+00 0.0000e+00 0.0000e+00 0.0000e+00 0.0000e+00 0.0000e+00 0.0000e+00 0.0000e+00 3.5294e-01 0.0000e+00 4.2857e-01 2.3077e-01 0.0000e+00 0.0000e+00 4.1176e-01 0.0000e+00 0.0000e+00 0.0000e+00 0.0000e+00 3.3333e-01 5.0000e-01 0.0000e+00 3.3333e-01 0.0000e+00 0.0000e+00 4.0000e-01 0.0000e+00 0.0000e+00 0.0000e+00 0.0000e+00 0.0000e+00 0.0000e+00 0.0000e+00 0.0000e+00 0.0000e+00 0.0000e+00 0.0000e+00 4.2308e-01 0.0000e+00 5.0000e-01 0.0000e+00 0.0000e+00 3.3333e-01 0.0000e+00
9.5000e-01 0.0000e+00 9.9636e-01 0.0000e+00 0.0000e+00 5.0000e-01 1.0000e+00 5.0000e-01 0.0000e+00 0.0000e+00 9.4734e-01 0.0000e+00 0.0000e+00 0.0000e+00 6.6667e-01 0.0000e+00 0.0000e+00 0.0000e+00 5.0000e-01 5.0000e-01 5.0000e-01 0.0000e+00 6.6667e-01 0.0000e+00 7.5000e-01 5.0000e-01 1.0000e+00 0.0000e+00 9.1522e-01 6.6667e-01 0.0000e+00 1.0000e+00 5.0000e-01 0.0000e+00 0.0000e+00 0.0000e+00 0.0000e+00 0.0000e+00 0.0000e+00 5.0000e-01 5.0000e-01 6.6667e-01 0.0000e+00 0.0000e+00 6.6667e-01 0.0000e+00 0.0000e+00 9.8080e-01 0.0000e+00 9.0476e-01
0.0000e+00 0.0000e+00 0.0000e+00 0.0000e+00 0.0000e+00 7.5000e-01 0.0000e+00 0.0000e+00 0.0000e+00 0.0000e+00 0.0000e+00 5.0000e-01 0.0000e+00 0.0000e+00 0.0000e+00 2.2222e-01 0.0000e+00 0.0000e+00 0.0000e+00 0.0000e+00 7.1481e-01 5.0000e-01 0.0000e+00 0.0000e+00 0.0000e+00 5.0000e-01 6.6667e-01 0.0000e+00 6.1333e-01 4.5455e-01 8.4113e-01 5.7143e-01 4.0000e-01 7.5000e-01 0.0000e+00 0.0000e+00 0.0000e+00 4.0000e-01 7.4369e-01 0.0000e+00 0.0000e+00 4.7059e-01 0.0000e+00 0.0000e+00 5.8410e-01 7.8318e-01 0.0000e+00 0.0000e+00 0.0000e+00 5.0000e-01
0.0000e+00 7.5000e-01 7.1429e-01 5.0000e-01 5.0000e-01 7.5000e-01 5.0000e-01 7.5000e-01 0.0000e+00 6.6667e-01 0.0000e+00 0.0000e+00 0.0000e+00 6.0000e-01 0.0000e+00 0.0000e+00 8.0487e-01 4.9883e-01 0.0000e+00 3.3333e-01 0.0000e+00 0.0000e+00 0.0000e+00 0.0000e+00 0.0000e+00 0.0000e+00 8.5714e-01 0.0000e+00 5.0000e-01 0.0000e+00 5.0000e-01 0.0000e+00 5.0000e-01 5.0000e-01 9.1756e-01 7.8509e-01 6.2850e-01 0.0000e+00 0.0000e+00 0.0000e+00 7.0690e-01 0.0000e+00 5.0000e-01 7.5000e-01 0.0000e+00 5.0000e-01 5.0000e-01 5.0000e-01 0.0000e+00 8.5539e-01
1.0000e+00 1.0000e+00 1.0000e+00 1.0000e+00 9.5455e-01 1.0000e+00 1.0000e+00 1.0000e+00 8.0000e-01 1.0000e+00 1.0000e+00 0.0000e+00 9.6963e-01 8.8889e-01 0.0000e+00 0.0000e+00 0.0000e+00 0.0000e+00 6.6667e-01 0.0000e+00 1.0000e+00 9.9676e-01 9.9752e-01 1.0000e+00 1.0000e+00 6.6667e-01 1.0000e+00 0.0000e+00 1.0000e+00 0.0000e+00 9.8667e-01 1.0000e+00 5.0000e-01 1.0000e+00 1.0000e+00 9.2857e-01 5.0000e-01 9.6255e-01 1.0000e+00 9.9405e-01 1.0000e+00 9.6578e-01 6.6667e-01 1.0000e+00 9.8711e-01 1.0000e+00 0.0000e+00 0.0000e+00 5.0000e-01 6.6667e-01
9.7767e-01 5.0000e-01 8.7500e-01 0.0000e+00 5.0000e-01 1.0000e+00 0.0000e+00 9.6546e-01 0.0000e+00 8.9914e-01 0.0000e+00 5.0000e-01 0.0000e+00 6.6667e-01 5.0000e-01 0.0000e+00 5.0000e-01 0.0000e+00 0.0000e+00 5.0000e-01 5.0000e-01 0.0000e+00 6.6667e-01 0.0000e+00 7.5000e-01 0.0000e+00 0.0000e+00 5.9353e-01 0.0000e+00 0.0000e+00 0.0000e+00 5.0000e-01 0.0000e+00 1.0000e+00 0.0000e+00 5.0000e-01 0.0000e+00 0.0000e+00 0.0000e+00 5.0000e-01 5.0000e-01 5.0000e-01 9.4698e-01 0.0000e+00 0.0000e+00 7.5000e-01 5.0000e-01 9.8241e-01 8.4211e-01 0.0000e+00
0.0000e+00 5.0000e-01 6.4286e-01 0.0000e+00 7.4140e-01 0.0000e+00 5.0000e-01 5.0000e-01 0.0000e+00 5.0000e-01 5.9259e-01 5.0000e-01 3.3333e-01 0.0000e+00 6.5250e-01 0.0000e+00 0.0000e+00 2.5000e-01 0.0000e+00 0.0000e+00 5.0000e-01 5.0000e-01 0.0000e+00 0.0000e+00 5.0000e-01 0.0000e+00 6.6667e-01 0.0000e+00 0.0000e+00 0.0000e+00 5.0000e-01 0.0000e+00 3.3333e-01 8.8164e-01 8.2186e-01 0.0000e+00 0.0000e+00 0.0000e+00 0.0000e+00 0.0000e+00 5.0000e-01 0.0000e+00 0.0000e+00 5.0000e-01 0.0000e+00 0.0000e+00 5.7558e-01 5.0000e-01 7.3716e-01 6.2500e-01
0.0000e+00 9.1461e-01 5.0000e-01 9.4822e-01 5.0000e-01 1.0000e+00 6.6667e-01 0.0000e+00 0.0000e+00 0.0000e+00 0.0000e+00 0.0000e+00 0.0000e+00 7.6593e-01 5.0000e-01 3.3333e-01 0.0000e+00 4.4444e-01 6.3166e-01 5.6336e-01 0.0000e+00 0.0000e+00 6.6667e-01 5.0000e-01 7.5000e-01 5.0000e-01 1.0000e+00 5.5814e-01 7.5000e-01 5.0000e-01 7.5000e-01 7.5000e-01 0.0000e+00 1.0000e+00 0.0000e+00 6.6667e-01 0.0000e+00 5.0000e-01 5.0000e-01 7.1429e-01 0.0000e+00 5.0000e-01 8.7500e-01 9.1582e-01 5.0000e-01 1.0000e+00 0.0000e+00 5.0000e-01 8.3333e-01 5.0000e-01
5.7143e-01 0.0000e+00 7.4196e-01 5.0000e-01 0.0000e+00 7.9714e-01 0.0000e+00 0.0000e+00 0.0000e+00 0.0000e+00 0.0000e+00 0.0000e+00 0.0000e+00 5.0000e-01 0.0000e+00 0.0000e+00 6.0000e-01 3.3333e-01 0.0000e+00 3.6364e-01 0.0000e+00 0.0000e+00 5.0000e-01 0.0000e+00 5.2308e-01 8.1112e-01 8.2563e-01 4.0000e-01 0.0000e+00 0.0000e+00 0.0000e+00 0.0000e+00 0.0000e+00 5.0000e-01 5.0000e-01 0.0000e+00 0.0000e+00 5.0000e-01 0.0000e+00 0.0000e+00 5.9785e-01 5.0000e-01 5.0000e-01 0.0000e+00 0.0000e+00 0.0000e+00 0.0000e+00 0.0000e+00 5.0000e-01 0.0000e+00
