2.0000e+00 2.0000e+00 1.0000e+00 2.0000e+00 0.0000e+00 0.0000e+00 1.0000e+00 0.0000e+00 5.8920e+03 1.0000e+00 2.0000e+00 5.7930e+03 6.0000e+00 6.0000e+00 1.0000e+00 2.7290e+03 0.0000e+00 8.0000e+00 1.0000e+00 0.0000e+00 4.0000e+00 4.4410e+03 3.0000e+00 6.0060e+03 0.0000e+00 9.0000e+00 1.0000e+00 1.0000e+00 0.0000e+00 5.2880e+03 2.1000e+01 0.0000e+00 5.2800e+03 2.0000e+00 0.0000e+00 0.0000e+00 0.0000e+00 1.0000e+00 0.0000e+00 1.6000e+01 2.1000e+01 1.0000e+00 7.0000e+00 1.0000e+00 2.0000e+00 0.0000e+00 0.0000e+00 0.0000e+00 0.0000e+00 0.0000e+00
2.0000e+00 0.0000e+00 0.0000e+00 0.0000e+00 1.0000e+00 0.0000e+00 0.0000e+00 0.0000e+00 0.0000e+00 0.0000e+00 0.0000e+00 0.0000e+00 0.0000e+00 0.0000e+00 1.2000e+01 0.0000e+00 3.0000e+00 3.0000e+00 0.0000e+00 0.0000e+00 7.0000e+00 0.0000e+00 0.0000e+00 0.0000e+00 0.0000e+00 2.0000e+00 1.0000e+00 0.0000e+00 1.0000e+00 0.0000e+00 0.0000e+00 2.0000e+00 0.0000e+00 0.0000e+00 0.0000e+00 0.0000e+00 0.0000e+00 0.0000e+00 0.0000e+00 0.0000e+00 0.0000e+00 0.0000e+00 0.0000e+00 1.1000e+01 0.0000e+00 1.0000e+00 0.0000e+00 0.0000e+00 1.0000e+00 0.0000e+00
1.9000e+01 0.0000e+00 2.1900e+03 0.0000e+00 0.0000e+00 1.0000e+00 5.9750e+03 1.0000e+00 0.0000e+00 0.0000e+00 5.6310e+03 0.0000e+00 0.0000e+00 0.0000e+00 4.0000e+00 0.0000e+00 0.0000e+00 0.0000e+00 2.0000e+00 2.0000e+00 1.0000e+00 0.0000e+00 4.0000e+00 0.0000e+00 1.2000e+01 1.0000e+00 0.0000e+00 0.0000e+00 5.4840e+03 2.0000e+00 0.0000e+00 5.8470e+03 1.0000e+00 0.0000e+00 0.0000e+00 0.0000e+00 0.0000e+00 0.0000e+00 0.0000e+00 1.0000e+00 1.0000e+00 2.0000e+00 0.0000e+00 0.0000e+00 2.0000e+00 0.0000e+00 0.0000e+00 3.4220e+03 0.0000e+00 1.9000e+01
0.0000e+00 0.0000e+00 0.0000e+00 0.0000e+00 0.0000e+00 9.0000e+00 0.0000e+00 0.0000e+00 0.0000e+00 0.0000e+00 0.0000e+00 1.0000e+00 0.0000e+00 0.0000e+00 0.0000e+00 2.0000e+00 0.0000e+00 0.0000e+00 0.0000e+00 0.0000e+00 4.2560e+03 1.0000e+00 0.0000e+00 0.0000e+00 0.0000e+00 2.0000e+00 2.0000e+00 0.0000e+00 4.6000e+01 5.0000e+00 5.0190e+03 4.0000e+00 2.0000e+00 1.2000e+01 0.0000e+00 0.0000e+00 0.0000e+00 2.0000e+00 4.4510e+03 0.0000e+00 0.0000e+00 8.0000e+00 0.0000e+00 0.0000e+00 3.2190e+03 4.7030e+03 0.0000e+00 0.0000e+00 0.0000e+00 1.0000e+00
0.0000e+00 3.0000e+00 5.0000e+00 1.0000e+00 1.0000e+00 3.0000e+00 1.0000e+00 3.0000e+00 0.0000e+00 2.0000e+00 0.0000e+00 0.0000e+00 0.0000e+00 3.0000e+00 0.0000e+00 0.0000e+00 4.8590e+03 2.9860e+03 0.0000e+00 1.0000e+00 0.0000e+00 0.0000e+00 0.0000e+00 0.0000e+00 0.0000e+00 0.0000e+00 6.0000e+00 0.0000e+00 1.0000e+00 0.0000e+00 2.0000e+00 0.0000e+00 1.0000e+00 1.0000e+00 3.7620e+03 4.7490e+03 3.7440e+03 0.0000e+00 0.0000e+00 0.0000e+00 4.1000e+01 0.0000e+00 1.0000e+00 3.0000e+00 0.0000e+00 1.0000e+00 1.0000e+00 1.0000e+00 0.0000e+00 5.0870e+03
1.0000e+00 7.0000e+00 1.0000e+00 1.0000e+00 4.2000e+01 0.0000e+00 1.0000e+00 2.0000e+00 4.0000e+00 3.0000e+00 0.0000e+00 0.0000e+00 5.8100e+03 8.0000e+00 0.0000e+00 0.0000e+00 0.0000e+00 0.0000e+00 2.0000e+00 0.0000e+00 1.0000e+00 1.2290e+03 6.0350e+03 1.2000e+01 5.7430e+03 2.0000e+00 3.0000e+00 0.0000e+00 0.0000e+00 0.0000e+00 7.4000e+01 0.0000e+00 1.0000e+00 1.0000e+00 1.0000e+00 1.3000e+01 1.0000e+00 5.7580e+03 2.5000e+01 5.8460e+03 0.0000e+00 5.7580e+03 2.0000e+00 1.0000e+00 3.8300e+02 0.0000e+00 0.0000e+00 0.0000e+00 1.0000e+00 2.0000e+00
5.8660e+03 1.0000e+00 7.0000e+00 0.0000e+00 1.0000e+00 0.0000e+00 0.0000e+00 5.7020e+03 0.0000e+00 5.3580e+03 0.0000e+00 1.0000e+00 0.0000e+00 2.0000e+00 1.0000e+00 0.0000e+00 1.0000e+00 0.0000e+00 0.0000e+00 9.0000e+00 1.0000e+00 0.0000e+00 4.0000e+00 0.0000e+00 1.8000e+01 0.0000e+00 0.0000e+00 3.5060e+03 0.0000e+00 0.0000e+00 0.0000e+00 1.0000e+00 0.0000e+00 0.0000e+00 0.0000e+00 1.0000e+00 0.0000e+00 0.0000e+00 0.0000e+00 1.0000e+00 1.0000e+00 1.0000e+00 5.6620e+03 0.0000e+00 0.0000e+00 3.0000e+00 1.0000e+00 2.4570e+03 1.6000e+01 0.0000e+00
0.0000e+00 2.0000e+00 9.0000e+00 0.0000e+00 4.3520e+03 0.0000e+00 1.0000e+00 1.0000e+00 0.0000e+00 2.0000e+00 1.6000e+01 2.0000e+00 1.0000e+00 0.0000e+00 3.8230e+03 0.0000e+00 0.0000e+00 1.0000e+00 0.0000e+00 0.0000e+00 1.0000e+00 1.0000e+00 0.0000e+00 0.0000e+00 1.0000e+00 0.0000e+00 2.0000e+00 0.0000e+00 0.0000e+00 0.0000e+00 1.0000e+00 0.0000e+00 1.0000e+00 5.2960e+03 1.4810e+03 0.0000e+00 0.0000e+00 0.0000e+00 0.0000e+00 0.0000e+00 1.0000e+00 0.0000e+00 0.0000e+00 1.0000e+00 0.0000e+00 0.0000e+00 3.3660e+03 1.0000e+00 4.4340e+03 5.0000e+00
0.0000e+00 5.4840e+03 1.0000e+00 5.7690e+03 1.0000e+00 1.0000e+00 2.0000e+00 0.0000e+00 0.0000e+00 0.0000e+00 0.0000e+00 0.0000e+00 0.0000e+00 4.6890e+03 1.0000e+00 2.0000e+00 0.0000e+00 4.0000e+00 3.7710e+03 3.3830e+03 0.0000e+00 0.0000e+00 2.0000e+00 1.0000e+00 1.2000e+01 1.0000e+00 1.0000e+00 2.4000e+01 3.0000e+00 1.0000e+00 6.0000e+00 3.0000e+00 0.0000e+00 1.0000e+00 0.0000e+00 2.0000e+00 0.0000e+00 1.0000e+00 1.0000e+00 5.0000e+00 0.0000e+00 1.0000e+00 7.0000e+00 5.4290e+03 1.0000e+00 2.0000e+00 0.0000e+00 1.0000e+00 5.0000e+00 1.0000e+00
4.0000e+00 0.0000e+00 2.8610e+03 1.0000e+00 0.0000e+00 4.7430e+03 0.0000e+00 0.0000e+00 0.0000e+00 0.0000e+00 0.0000e+00 0.0000e+00 0.0000e+00 1.0000e+00 0.0000e+00 0.0000e+00 3.0000e+00 1.0000e+00 0.0000e+00 1.6000e+01 0.0000e+00 0.0000e+00 1.0000e+00 0.0000e+00 3.4000e+01 4.9300e+03 4.9150e+03 2.0000e+00 0.0000e+00 0.0000e+00 0.0000e+00 0.0000e+00 0.0000e+00 1.0000e+00 1.0000e+00 0.0000e+00 0.0000e+00 5.0000e+00 0.0000e+00 0.0000e+00 3.6200e+03 8.0000e+00 1.0000e+00 0.0000e+00 0.0000e+00 0.0000e+00 0.0000e+00 0.0000e+00 1.0000e+00 0.0000e+00
