0.0000e+00 0.0000e+00 0.0000e+00 0.0000e+00 0.0000e+00 0.0000e+00 5.0000e-01 0.0000e+00 9.0922e-01 5.0000e-01
0.0000e+00 0.0000e+00 0.0000e+00 9.9758e-01 0.0000e+00 0.0000e+00 7.5000e-01 0.0000e+00 0.0000e+00 9.7674e-01
9.7815e-01 1.0000e+00 0.0000e+00 0.0000e+00 8.4783e-01 8.5714e-01 9.5455e-01 0.0000e+00 5.0000e-01 0.0000e+00
5.7143e-01 8.5714e-01 8.3333e-01 7.5000e-01 6.0000e-01 9.8191e-01 0.0000e+00 0.0000e+00 6.6667e-01 6.6667e-01
0.0000e+00 0.0000e+00 8.8049e-01 6.6667e-01 0.0000e+00 0.0000e+00 0.0000e+00 5.9064e-01 0.0000e+00 0.0000e+00
0.0000e+00 0.0000e+00 0.0000e+00 0.0000e+00 0.0000e+00 5.0000e-01 9.6485e-01 6.9811e-01 0.0000e+00 5.0000e-01
0.0000e+00 5.0000e-01 0.0000e+00 3.3333e-01 0.0000e+00 5.7692e-01 0.0000e+00 3.3333e-01 5.0000e-01 6.0776e-01
6.0000e-01 9.6648e-01 9.5753e-01 5.0000e-01 0.0000e+00 5.0000e-01 8.0000e-01 8.2694e-01 0.0000e+00 0.0000e+00
2.8571e-01 5.1613e-01 0.0000e+00 4.0000e-01 4.8429e-01 0.0000e+00 0.0000e+00 0.0000e+00 0.0000e+00 0.0000e+00
0.0000e+00 9.9380e-01 0.0000e+00 5.0000e-01 0.0000e+00 5.0000e-01 0.0000e+00 0.0000e+00 6.6667e-01 0.0000e+00
