0.0000e+00 0.0000e+00 0.0000e+00 0.0000e+00 0.0000e+00 0.0000e+00 1.0000e+00 0.0000e+00 9.1340e+03 1.0000e+00
0.0000e+00 0.0000e+00 0.0000e+00 9.8770e+03 0.0000e+00 0.0000e+00 3.0000e+00 0.0000e+00 0.0000e+00 8.4000e+01
9.6690e+03 0.0000e+00 0.0000e+00 0.0000e+00 3.9000e+01 6.0000e+00 2.1000e+01 0.0000e+00 1.0000e+00 0.0000e+00
4.0000e+00 6.0000e+00 5.0000e+00 3.0000e+00 3.0000e+00 9.7690e+03 0.0000e+00 0.0000e+00 2.0000e+00 2.0000e+00
0.0000e+00 0.0000e+00 8.3770e+03 8.0000e+00 0.0000e+00 0.0000e+00 0.0000e+00 1.0100e+02 0.0000e+00 0.0000e+00
0.0000e+00 0.0000e+00 0.0000e+00 0.0000e+00 0.0000e+00 1.0000e+00 9.5530e+03 3.7000e+01 0.0000e+00 1.0000e+00
0.0000e+00 1.0000e+00 0.0000e+00 1.0000e+00 0.0000e+00 1.5000e+01 0.0000e+00 1.0000e+00 1.0000e+00 5.9330e+03
3.0000e+00 5.1900e+02 4.9600e+02 1.0000e+00 0.0000e+00 1.0000e+00 4.0000e+00 8.1470e+03 0.0000e+00 0.0000e+00
2.0000e+00 1.6000e+01 0.0000e+00 2.0000e+00 4.8560e+03 0.0000e+00 0.0000e+00 0.0000e+00 0.0000e+00 0.0000e+00
0.0000e+00 9.4510e+03 0.0000e+00 1.0000e+00 0.0000e+00 1.0000e+00 0.0000e+00 0.0000e+00 2.0000e+00 0.0000e+00
