2.9000e+01 1.6000e+01 3.8330e+03 2.5000e+01 4.3000e+01 4.4000e+01 4.6000e+01 3.8150e+03 3.3000e+01 6.2000e+01 2.3000e+01 4.0000e+01 1.3000e+01 2.6000e+01 2.3000e+01 3.0000e+01 1.9000e+01 6.0000e+00 1.5000e+01 2.9000e+01 4.7000e+01 1.5000e+01 1.9000e+01 3.7000e+01 6.0000e+00 1.7000e+01 3.1140e+03 1.9000e+01 4.2000e+01 5.2000e+01 3.5310e+03 4.0670e+03 3.1050e+03 1.2600e+02 3.8000e+01 3.2000e+01 1.9000e+01 4.4000e+01 3.7000e+01 1.9000e+01 2.6000e+01 0.0000e+00 1.6000e+01 3.1000e+01 4.0000e+01 1.6000e+01 3.0000e+01 6.1000e+01 2.1000e+01 3.9000e+01
3.7000e+01 3.4000e+01 0.0000e+00 0.0000e+00 3.9130e+03 0.0000e+00 1.7000e+01 4.7000e+01 7.0000e+00 1.0000e+01 0.0000e+00 0.0000e+00 4.0000e+00 0.0000e+00 1.0000e+01 3.1000e+01 8.0000e+00 0.0000e+00 1.1000e+01 2.6000e+01 9.0000e+00 2.6000e+01 2.2210e+03 9.0000e+00 7.0000e+00 7.0000e+00 2.0000e+01 0.0000e+00 3.2580e+03 4.4000e+01 1.6000e+01 0.0000e+00 0.0000e+00 2.1000e+01 1.9000e+01 1.4000e+01 2.1000e+01 2.1000e+01 3.4000e+01 0.0000e+00 0.0000e+00 1.3000e+01 1.5000e+01 1.5000e+01 5.4080e+03 3.5960e+03 0.0000e+00 1.4000e+01 3.0000e+01 9.0000e+00
1.9000e+01 2.6000e+01 2.7000e+01 4.0000e+01 2.2000e+01 3.3440e+03 5.0000e+01 3.2000e+01 4.4000e+01 3.9000e+01 3.7160e+03 1.9000e+01 3.7000e+01 3.4510e+03 1.1000e+01 2.5000e+01 1.2350e+03 2.8000e+01 3.5000e+01 3.4000e+01 1.6440e+03 3.1000e+01 2.0000e+01 6.3000e+01 3.4430e+03 3.8000e+01 2.2000e+01 2.8000e+01 4.7000e+01 2.8000e+01 2.2000e+01 2.2000e+01 5.1000e+01 4.6000e+01 1.4090e+03 1.5000e+01 4.4700e+02 2.5000e+01 5.6000e+01 2.1000e+01 3.5610e+03 3.1000e+01 5.6000e+01 2.2000e+01 2.4000e+01 1.8000e+01 3.2000e+01 2.3000e+01 4.4000e+01 2.1000e+01
5.3840e+03 2.1000e+01 6.5000e+01 6.9000e+01 3.0000e+01 7.3000e+01 5.3480e+03 4.1000e+01 5.7000e+01 4.8080e+03 1.8000e+01 5.5000e+01 5.1000e+01 7.2000e+01 7.0000e+00 4.3000e+01 1.3000e+01 4.8000e+01 4.0000e+01 1.2000e+01 6.8300e+02 4.7290e+03 7.0000e+00 8.8000e+01 6.0000e+00 5.9000e+01 3.9000e+01 2.8000e+01 2.6000e+01 5.5000e+01 8.0000e+00 5.8000e+01 5.1000e+01 6.0000e+00 3.3000e+01 1.0000e+00 5.4000e+01 6.2000e+01 4.5000e+01 1.6000e+01 5.7000e+01 3.8780e+03 2.0000e+01 6.6000e+01 6.0000e+01 7.8000e+01 6.3000e+01 6.2000e+01 4.9440e+03 1.4000e+01
9.0000e+00 1.5000e+01 0.0000e+00 0.0000e+00 1.0000e+01 0.0000e+00 2.6000e+01 0.0000e+00 0.0000e+00 0.0000e+00 3.0000e+00 1.6000e+01 0.0000e+00 2.0000e+00 0.0000e+00 3.3000e+01 1.5000e+01 2.0000e+00 9.0000e+00 2.2920e+03 1.0820e+03 8.0000e+00 1.7000e+01 1.2000e+01 7.0000e+00 3.0000e+00 0.0000e+00 0.0000e+00 7.0000e+00 1.7000e+01 1.1000e+01 2.8000e+01 1.0000e+00 8.0000e+00 1.8000e+01 0.0000e+00 0.0000e+00 3.0000e+00 4.8440e+03 0.0000e+00 9.0000e+00 0.0000e+00 1.6000e+01 0.0000e+00 8.0000e+00 1.1000e+01 0.0000e+00 3.6720e+03 9.0000e+00 0.0000e+00
2.0000e+01 1.0000e+01 1.6000e+01 5.0000e+00 0.0000e+00 5.7000e+01 0.0000e+00 0.0000e+00 0.0000e+00 7.0000e+00 3.1000e+01 1.1000e+01 7.0000e+00 8.0000e+00 1.9880e+03 4.4000e+01 8.0000e+00 5.0000e+00 8.0000e+00 4.0000e+00 1.5000e+01 0.0000e+00 0.0000e+00 0.0000e+00 2.2000e+01 8.0000e+00 0.0000e+00 0.0000e+00 2.5000e+01 3.9470e+03 7.0000e+00 2.6000e+01 9.0000e+00 0.0000e+00 3.3000e+01 6.0000e+00 3.0000e+00 5.4080e+03 7.3000e+01 6.0000e+00 3.0000e+00 1.8000e+01 4.7950e+03 0.0000e+00 6.3000e+01 0.0000e+00 1.7000e+01 1.3000e+01 6.0000e+00 0.0000e+00
1.7000e+01 2.0000e+00 1.0000e+01 9.0000e+00 8.0000e+00 9.0000e+00 1.5000e+01 4.0000e+00 0.0000e+00 1.9000e+01 8.0000e+00 6.0000e+00 1.0000e+00 1.0000e+01 7.0000e+00 3.2730e+03 2.0000e+00 1.1000e+01 1.3000e+01 1.0000e+01 1.6000e+01 8.0000e+00 2.0000e+01 1.3000e+01 6.0000e+00 7.0000e+00 4.0000e+00 1.1000e+01 1.1000e+01 5.3000e+01 5.0000e+00 1.4000e+01 2.0000e+00 1.0000e+01 1.1000e+01 7.0000e+00 3.0000e+00 5.0000e+00 2.7000e+01 7.0000e+00 7.0000e+00 1.1000e+01 2.2000e+01 7.0000e+00 8.0000e+00 1.2000e+01 5.0000e+00 2.7000e+01 4.0000e+00 4.0000e+00
4.7000e+01 3.0000e+01 2.9000e+01 3.0000e+01 2.6000e+01 4.2000e+01 2.6000e+01 3.5000e+01 3.4690e+03 4.5000e+01 1.2000e+01 1.8000e+01 3.0000e+01 2.5000e+01 4.5000e+01 3.7000e+01 1.9220e+03 3.3380e+03 2.2000e+01 4.5000e+01 4.5000e+01 2.3000e+01 1.6800e+02 4.0340e+03 4.5000e+01 3.5330e+03 2.6000e+01 3.0860e+03 4.1000e+01 3.3000e+01 3.2000e+01 2.3000e+01 1.0000e+01 1.9000e+01 3.5000e+01 4.7000e+01 2.9000e+01 3.2000e+01 3.6000e+01 3.2890e+03 2.9000e+01 2.9000e+01 2.9000e+01 2.1000e+01 4.0000e+01 5.6000e+01 4.3000e+01 4.6000e+01 2.3000e+01 1.8000e+01
7.0000e+00 6.0000e+00 2.3000e+01 2.6670e+03 4.1000e+01 1.8000e+01 2.2000e+01 2.6000e+01 1.9000e+01 1.0000e+01 1.8000e+01 2.6830e+03 3.0000e+00 1.2000e+01 5.0000e+00 3.2000e+01 3.6000e+01 1.3000e+01 1.5000e+01 1.1000e+01 8.0000e+00 2.5000e+01 2.4000e+01 3.0000e+01 2.2000e+01 2.1000e+01 8.0000e+00 3.0000e+00 2.9000e+01 3.0000e+01 2.4000e+01 1.9000e+01 8.0000e+00 1.7000e+01 1.7320e+03 2.8850e+03 3.0000e+00 3.0000e+01 9.0000e+00 1.1000e+01 1.8000e+01 4.0000e+00 5.9000e+02 1.8000e+01 8.0000e+00 7.0000e+00 3.8380e+03 1.6000e+01 8.0000e+00 2.3000e+01
2.1000e+01 3.7190e+03 9.0000e+00 8.0000e+00 4.2000e+01 5.3000e+01 3.1000e+01 5.6000e+01 3.5000e+01 3.5000e+01 2.1000e+01 8.3000e+01 3.5280e+03 5.1000e+01 5.2000e+01 2.2000e+01 5.2000e+01 6.9200e+02 3.8320e+03 5.3000e+01 5.0000e+01 1.2000e+01 1.0000e+01 2.9000e+01 3.6000e+01 4.1000e+01 5.1000e+01 1.9000e+01 5.2000e+01 2.1000e+01 1.3000e+01 7.2000e+01 2.2600e+02 4.3540e+03 5.2000e+01 7.4000e+01 4.1530e+03 5.5000e+01 1.9000e+01 5.4000e+01 1.9000e+01 3.1000e+01 4.1000e+01 4.1840e+03 3.5000e+01 2.8000e+01 5.7000e+01 1.3000e+01 1.9000e+01 4.5790e+03
