4.0000e+00 0.0000e+00 3.0000e+00 1.0000e+00 0.0000e+00 0.0000e+00 1.0000e+00 0.0000e+00 3.5690e+03 1.4020e+03 2.0000e+00 5.6140e+03 3.0000e+00 2.0000e+00 0.0000e+00 0.0000e+00 4.0000e+00 0.0000e+00 1.0000e+00 3.0000e+00 0.0000e+00 5.6650e+03 1.0000e+00 5.8470e+03 0.0000e+00 2.0000e+00 0.0000e+00 6.0000e+00 0.0000e+00 1.7300e+02 3.0000e+00 1.0000e+00 0.0000e+00 0.0000e+00 0.0000e+00 0.0000e+00 1.0000e+00 4.1170e+03 0.0000e+00 2.2710e+03 5.3840e+03 0.0000e+00 4.0000e+00 1.0000e+00 0.0000e+00 0.0000e+00 0.0000e+00 0.0000e+00 0.0000e+00 1.0000e+00
0.0000e+00 0.0000e+00 0.0000e+00 0.0000e+00 0.0000e+00 0.0000e+00 0.0000e+00 1.0000e+00 0.0000e+00 0.0000e+00 0.0000e+00 0.0000e+00 1.0000e+00 0.0000e+00 0.0000e+00 0.0000e+00 0.0000e+00 0.0000e+00 0.0000e+00 7.0000e+00 1.0000e+00 0.0000e+00 0.0000e+00 0.0000e+00 1.0000e+01 1.2000e+01 0.0000e+00 0.0000e+00 2.0000e+01 0.0000e+00 0.0000e+00 0.0000e+00 0.0000e+00 0.0000e+00 6.0000e+00 0.0000e+00 0.0000e+00 0.0000e+00 0.0000e+00 0.0000e+00 0.0000e+00 0.0000e+00 0.0000e+00 1.3000e+01 0.0000e+00 0.0000e+00 1.0000e+00 0.0000e+00 0.0000e+00 0.0000e+00
1.0000e+00 1.0000e+00 5.9950e+03 2.0000e+00 0.0000e+00 0.0000e+00 5.8570e+03 4.0000e+00 0.0000e+00 1.0000e+00 5.7010e+03 0.0000e+00 0.0000e+00 0.0000e+00 0.0000e+00 0.0000e+00 0.0000e+00 1.0000e+00 2.6000e+01 2.0000e+00 0.0000e+00 0.0000e+00 2.0000e+00 0.0000e+00 0.0000e+00 1.0000e+00 0.0000e+00 1.6000e+01 1.1000e+01 0.0000e+00 0.0000e+00 5.9170e+03 4.6700e+03 0.0000e+00 0.0000e+00 1.0000e+00 0.0000e+00 0.0000e+00 0.0000e+00 2.5000e+01 0.0000e+00 0.0000e+00 0.0000e+00 1.0000e+00 1.0000e+00 1.0000e+00 0.0000e+00 3.2240e+03 0.0000e+00 0.0000e+00
4.0000e+00 0.0000e+00 0.0000e+00 0.0000e+00 0.0000e+00 2.0000e+00 0.0000e+00 0.0000e+00 0.0000e+00 0.0000e+00 3.0000e+00 0.0000e+00 0.0000e+00 0.0000e+00 0.0000e+00 0.0000e+00 0.0000e+00 7.0000e+00 0.0000e+00 0.0000e+00 6.9800e+02 0.0000e+00 3.0000e+00 3.8000e+01 1.0000e+00 8.0000e+00 0.0000e+00 0.0000e+00 0.0000e+00 0.0000e+00 5.1680e+03 0.0000e+00 0.0000e+00 1.3900e+02 3.8610e+03 0.0000e+00 5.0000e+00 0.0000e+00 4.5030e+03 0.0000e+00 8.0000e+00 0.0000e+00 0.0000e+00 0.0000e+00 0.0000e+00 4.5630e+03 3.3000e+01 1.0000e+00 0.0000e+00 0.0000e+00
0.0000e+00 1.0000e+00 1.0000e+00 1.0000e+00 1.0000e+00 0.0000e+00 1.0000e+00 4.6180e+03 1.0000e+00 1.0000e+00 2.0000e+00 1.0900e+02 4.8270e+03 0.0000e+00 0.0000e+00 0.0000e+00 1.0000e+00 0.0000e+00 0.0000e+00 0.0000e+00 1.0000e+00 1.0000e+00 1.0000e+00 0.0000e+00 0.0000e+00 0.0000e+00 2.0000e+00 4.0000e+00 0.0000e+00 0.0000e+00 0.0000e+00 4.4000e+01 0.0000e+00 2.0000e+00 2.0000e+00 4.5860e+03 0.0000e+00 9.0000e+00 0.0000e+00 1.0000e+00 1.0000e+00 3.8140e+03 0.0000e+00 0.0000e+00 2.0000e+00 1.0000e+00 0.0000e+00 0.0000e+00 0.0000e+00 5.1480e+03
4.6000e+01 6.0020e+03 2.0000e+00 2.0000e+00 2.0000e+00 0.0000e+00 0.0000e+00 2.0000e+00 9.0000e+00 0.0000e+00 0.0000e+00 9.0000e+00 6.0000e+00 5.0770e+03 0.0000e+00 0.0000e+00 2.0000e+01 1.0000e+00 4.1730e+03 1.0000e+00 2.0000e+00 6.1000e+01 5.8200e+03 3.0000e+00 5.9570e+03 0.0000e+00 2.0000e+00 1.0000e+01 1.0000e+00 0.0000e+00 2.0000e+00 0.0000e+00 0.0000e+00 0.0000e+00 0.0000e+00 1.0000e+00 2.5000e+01 5.0000e+00 1.1000e+01 3.3680e+03 3.0000e+00 1.2600e+02 0.0000e+00 1.0000e+00 6.0200e+03 0.0000e+00 0.0000e+00 1.0000e+00 0.0000e+00 0.0000e+00
5.6520e+03 0.0000e+00 7.0000e+00 1.0000e+00 5.6540e+03 1.0000e+00 1.7200e+02 8.9000e+01 2.0000e+00 4.2470e+03 0.0000e+00 0.0000e+00 0.0000e+00 0.0000e+00 0.0000e+00 0.0000e+00 2.0000e+00 0.0000e+00 0.0000e+00 3.2030e+03 0.0000e+00 0.0000e+00 0.0000e+00 0.0000e+00 0.0000e+00 1.0000e+00 0.0000e+00 3.5420e+03 0.0000e+00 2.0000e+00 2.0000e+00 9.0000e+00 1.0000e+00 0.0000e+00 0.0000e+00 6.0000e+00 0.0000e+00 0.0000e+00 1.8000e+01 8.1000e+01 0.0000e+00 0.0000e+00 5.7610e+03 1.0000e+00 0.0000e+00 1.0000e+00 0.0000e+00 2.6210e+03 3.3000e+01 0.0000e+00
0.0000e+00 1.0000e+01 2.0000e+00 0.0000e+00 0.0000e+00 0.0000e+00 2.0000e+00 0.0000e+00 1.4860e+03 2.0000e+00 1.0000e+00 1.0000e+00 0.0000e+00 0.0000e+00 2.0000e+00 0.0000e+00 0.0000e+00 2.3940e+03 2.0000e+00 0.0000e+00 1.0000e+01 1.0000e+00 0.0000e+00 0.0000e+00 0.0000e+00 0.0000e+00 4.9480e+03 0.0000e+00 4.8670e+03 0.0000e+00 0.0000e+00 0.0000e+00 1.0000e+00 5.2050e+03 3.8900e+02 2.2000e+01 0.0000e+00 0.0000e+00 1.0000e+00 0.0000e+00 4.3000e+01 0.0000e+00 0.0000e+00 0.0000e+00 0.0000e+00 1.0000e+00 0.0000e+00 0.0000e+00 4.3040e+03 1.0000e+00
2.0000e+00 3.0000e+00 3.0000e+00 5.6210e+03 0.0000e+00 7.0000e+00 5.0000e+00 2.0000e+00 1.0000e+00 0.0000e+00 0.0000e+00 0.0000e+00 0.0000e+00 3.0000e+00 3.8760e+03 2.9010e+03 0.0000e+00 7.0000e+00 0.0000e+00 0.0000e+00 0.0000e+00 0.0000e+00 1.0000e+00 0.0000e+00 0.0000e+00 8.0000e+00 1.5000e+01 0.0000e+00 6.0000e+00 2.0000e+00 2.0000e+00 4.0000e+00 1.7900e+02 1.0000e+00 1.0000e+00 2.0000e+00 5.2980e+03 1.0000e+00 1.0000e+00 2.0000e+00 1.0000e+00 0.0000e+00 1.0000e+00 5.5380e+03 1.0000e+00 3.0000e+00 4.7590e+03 1.0000e+00 4.0000e+00 0.0000e+00
0.0000e+00 0.0000e+00 0.0000e+00 0.0000e+00 1.0000e+00 4.7540e+03 0.0000e+00 0.0000e+00 0.0000e+00 0.0000e+00 0.0000e+00 1.0000e+00 0.0000e+00 0.0000e+00 0.0000e+00 0.0000e+00 3.5630e+03 0.0000e+00 0.0000e+00 0.0000e+00 4.0430e+03 0.0000e+00 1.1000e+01 0.0000e+00 3.0000e+00 4.8880e+03 2.0000e+00 0.0000e+00 3.0000e+00 3.3470e+03 0.0000e+00 0.0000e+00 0.0000e+00 0.0000e+00 0.0000e+00 0.0000e+00 0.0000e+00 0.0000e+00 1.0000e+00 0.0000e+00 0.0000e+00 1.0000e+00 0.0000e+00 0.0000e+00 0.0000e+00 1.0000e+00 0.0000e+00 4.5000e+01 3.5000e+01 6.0000e+00
