9.8800e+02 9.7300e+02 1.0540e+03 1.0360e+03 1.0020e+03 9.7100e+02 1.0290e+03 1.0150e+03 1.0300e+03 1.0140e+03
1.0150e+03 1.0420e+03 9.9900e+02 9.9600e+02 9.9400e+02 9.8500e+02 9.7600e+02 9.8600e+02 1.0400e+03 9.6600e+02
1.0330e+03 1.0320e+03 1.0000e+03 1.0130e+03 1.0680e+03 1.0230e+03 1.0420e+03 9.6200e+02 1.0170e+03 9.7400e+02
1.0310e+03 9.7400e+02 1.0140e+03 9.4900e+02 9.7600e+02 1.0220e+03 9.8400e+02 9.8300e+02 9.8500e+02 9.8500e+02
1.0360e+03 1.0340e+03 1.0110e+03 9.9100e+02 9.7900e+02 9.8000e+02 1.0020e+03 1.0520e+03 9.1900e+02 9.7500e+02
1.0240e+03 1.0490e+03 1.0320e+03 1.0060e+03 9.8800e+02 1.0450e+03 1.0280e+03 9.9900e+02 1.0010e+03 9.9600e+02
1.0590e+03 9.7100e+02 1.0470e+03 9.7700e+02 9.4800e+02 9.9600e+02 9.9000e+02 1.0030e+03 1.0020e+03 1.0690e+03
9.8800e+02 1.0570e+03 1.0140e+03 9.8200e+02 9.7000e+02 9.5800e+02 1.0150e+03 9.6200e+02 9.9600e+02 9.4300e+02
9.5300e+02 9.3300e+02 1.0200e+03 9.6300e+02 1.0390e+03 9.8700e+02 9.9200e+02 1.0060e+03 9.5300e+02 9.7000e+02
9.3800e+02 9.9300e+02 1.0520e+03 9.2700e+02 1.0600e+03 9.8200e+02 1.0700e+03 9.9700e+02 9.3600e+02 9.5700e+02
