7.0492e-01 5.7143e-01 8.4375e-01 7.1429e-01 4.1096e-01 1.4706e-02 4.3750e-01 2.1311e-01 9.8529e-01 1.0000e+00 9.0000e-01 9.8765e-01 8.0000e-01 9.4253e-01 7.8082e-01 4.3662e-01 7.1233e-01 3.2468e-01 6.0256e-01 6.2712e-01 6.2821e-01 9.3443e-01 9.6825e-01 9.8667e-01 5.6452e-01 9.2754e-01 7.0667e-01 4.7500e-01 4.9206e-01 8.8750e-01 8.8333e-01 3.9726e-01 8.3582e-01 1.0000e+00 4.8101e-01 5.6962e-01 8.9474e-01 7.1429e-01 5.5128e-01 9.2754e-01 8.8710e-01 4.2623e-01 9.5946e-01 9.8734e-01 3.2143e-01 3.3784e-01 3.1148e-01 4.6591e-01 4.5161e-01 6.6197e-01
2.3944e-01 3.0864e-01 4.5588e-01 7.6923e-02 1.6667e-01 3.2394e-01 1.6129e-02 5.0000e-01 1.2676e-01 3.9286e-01 1.5789e-01 1.1392e-01 2.4390e-01 6.7568e-02 6.0294e-01 5.4795e-02 5.0000e-01 4.2857e-01 4.0299e-01 2.0000e-01 3.1884e-01 4.5833e-01 4.5833e-01 1.8750e-01 3.3000e-01 3.1944e-01 3.7097e-01 1.8293e-01 5.0000e-01 1.2500e-01 3.6765e-01 4.8485e-01 1.6250e-01 2.3457e-01 4.8387e-01 5.3846e-01 2.3810e-01 1.7647e-01 3.0303e-01 9.4595e-02 7.4627e-02 6.8966e-02 5.4286e-01 3.8571e-01 2.1622e-01 3.0000e-01 0.0000e+00 0.0000e+00 1.0448e-01 5.0000e-01
8.5714e-01 6.8493e-01 1.0000e+00 2.0833e-01 1.1111e-01 3.1646e-01 1.0000e+00 5.7333e-01 2.8571e-01 3.6986e-01 9.3548e-01 5.4054e-02 2.6389e-01 4.8193e-02 5.3165e-01 0.0000e+00 1.0127e-01 9.3750e-02 5.8974e-01 5.2439e-01 2.7381e-01 1.1250e-01 5.9091e-01 6.7568e-02 7.7273e-01 4.8718e-01 6.8254e-01 3.9437e-01 9.1549e-01 3.7681e-01 4.3939e-01 1.0000e+00 8.1013e-01 3.8202e-01 2.4706e-01 7.5410e-01 1.4286e-01 6.9492e-01 1.6216e-01 8.6301e-01 1.8667e-01 3.2051e-01 5.7971e-02 5.8491e-01 3.7333e-01 2.3881e-01 8.0000e-02 9.7059e-01 6.0317e-01 9.2063e-01
2.4675e-01 3.5000e-01 5.8824e-02 1.5116e-01 9.0909e-02 4.9367e-01 2.0000e-01 6.4516e-02 6.7568e-02 4.1892e-01 3.0435e-01 4.8485e-01 3.5484e-01 4.0449e-01 7.7922e-02 1.2857e-01 1.3514e-02 4.0625e-01 3.7500e-01 4.6667e-01 6.9863e-01 4.6341e-01 4.8684e-01 5.0633e-01 7.7500e-01 6.7416e-01 7.8846e-01 5.8730e-01 5.6452e-01 5.2174e-01 8.7879e-01 5.6579e-01 5.3731e-01 7.1605e-01 6.1538e-01 6.6197e-01 2.9032e-01 3.4848e-01 7.4603e-01 3.3333e-01 4.7143e-01 6.5574e-01 2.6984e-01 1.4118e-01 6.3235e-01 7.2727e-01 5.2113e-01 5.7143e-01 4.7561e-01 5.1429e-01
5.6944e-01 5.9091e-01 6.8657e-01 4.2857e-01 5.0000e-01 6.2857e-01 5.0000e-01 6.9355e-01 1.9737e-01 4.3284e-01 7.3418e-01 6.1017e-01 8.0303e-01 3.7931e-01 5.0000e-01 4.6053e-01 7.8873e-01 4.5783e-01 5.2113e-01 5.5844e-01 7.3239e-01 5.0769e-01 2.4590e-01 2.5758e-01 5.2239e-01 4.2647e-01 9.1139e-01 5.3125e-01 8.6667e-01 3.3684e-01 6.0000e-01 7.5325e-01 5.0746e-01 3.2877e-01 9.3590e-01 7.9104e-01 6.3934e-01 5.2381e-01 5.2459e-01 4.0506e-01 5.7971e-01 5.6944e-01 3.7662e-01 3.0508e-01 4.4000e-01 4.9412e-01 5.9091e-01 5.0704e-01 5.4412e-01 8.9831e-01
1.0000e+00 1.0000e+00 1.0000e+00 9.4828e-01 8.8158e-01 5.1316e-01 7.3770e-01 9.3846e-01 7.5342e-01 9.8925e-01 7.7174e-01 8.3824e-01 1.0000e+00 8.9474e-01 5.7971e-01 1.2987e-02 7.0588e-01 1.0000e-01 7.2464e-01 9.7222e-02 9.8333e-01 1.0000e+00 1.0000e+00 9.6250e-01 1.0000e+00 7.7778e-01 9.1026e-01 6.9014e-01 8.6301e-01 1.4103e-01 9.8592e-01 8.5897e-01 5.6923e-01 9.0588e-01 9.7674e-01 9.7368e-01 9.1379e-01 9.3671e-01 9.7260e-01 1.0000e+00 9.8529e-01 9.6053e-01 9.3902e-01 9.8701e-01 9.8592e-01 6.4286e-01 4.6269e-01 8.6667e-01 6.6667e-01 5.6250e-01
9.8361e-01 2.1429e-01 8.8136e-01 7.3770e-01 9.2771e-01 2.0000e-01 9.2958e-01 9.8667e-01 2.0732e-01 9.0588e-01 2.4590e-01 1.2121e-01 1.2000e-01 4.5455e-01 3.7500e-01 7.9661e-01 8.0556e-01 1.1290e-01 1.7722e-01 4.8684e-01 6.4384e-01 0.0000e+00 5.0746e-01 1.8182e-01 7.9452e-01 2.8947e-01 5.2632e-02 5.0000e-01 7.7612e-01 2.3457e-01 3.7681e-01 8.0519e-01 3.7143e-01 6.9444e-02 0.0000e+00 8.8000e-01 3.1429e-01 7.9365e-02 6.7089e-01 6.9333e-01 8.1690e-01 2.9730e-01 9.7368e-01 2.1622e-01 9.3750e-02 3.8596e-01 2.4691e-01 9.6053e-01 7.6119e-01 1.0959e-01
4.1558e-01 4.7761e-01 6.3014e-01 2.6562e-01 7.5410e-01 3.6905e-01 3.5366e-01 5.2500e-01 7.1910e-01 6.7692e-01 4.8214e-01 7.6000e-01 3.0864e-01 6.6197e-01 6.1728e-01 5.2941e-01 5.0794e-01 4.5455e-01 1.9481e-01 4.7297e-01 8.2500e-01 3.5211e-01 2.7273e-01 3.5211e-01 4.1304e-01 4.3038e-01 7.9487e-01 4.5763e-01 8.0000e-01 4.0278e-01 5.9211e-01 6.6667e-01 7.1233e-01 8.8060e-01 8.1967e-01 8.7143e-01 7.1429e-02 4.3284e-01 5.9211e-01 4.5070e-01 5.0000e-01 2.3729e-01 1.8367e-01 2.3636e-01 3.1034e-01 7.2973e-01 5.7353e-01 2.8333e-01 8.0000e-01 8.0000e-01
6.7273e-01 9.0769e-01 7.3418e-01 9.3750e-01 6.8571e-01 9.1026e-01 7.2059e-01 6.8293e-01 4.6914e-01 6.1538e-01 6.4384e-01 7.3016e-01 7.6562e-01 7.0833e-01 6.8293e-01 4.6774e-01 5.7692e-01 5.0704e-01 6.0000e-01 4.9091e-01 6.5278e-01 5.0000e-01 8.3544e-01 4.3243e-01 5.9551e-01 8.2609e-01 8.2759e-01 5.8571e-01 7.3611e-01 8.9062e-01 5.4321e-01 6.8750e-01 6.2687e-01 7.6316e-01 7.6056e-01 6.9444e-01 9.3333e-01 6.5000e-01 2.5397e-01 5.8621e-01 6.4474e-01 6.0000e-01 7.6389e-01 9.7101e-01 5.9551e-01 7.4118e-01 7.2727e-01 5.8537e-01 6.7123e-01 7.3846e-01
6.2295e-01 1.1940e-01 7.7143e-01 1.4286e-02 2.0339e-01 7.2603e-01 2.7027e-01 2.5000e-01 1.3333e-01 6.0274e-01 6.1194e-01 8.7059e-01 1.7188e-01 4.8684e-01 2.1127e-01 2.5333e-01 6.0811e-01 4.5349e-01 3.5385e-01 4.9180e-01 8.4615e-01 2.9851e-01 5.3247e-01 3.0667e-01 5.5556e-01 8.3333e-01 8.2667e-01 4.2500e-01 4.1176e-01 4.5902e-01 5.6667e-01 6.5060e-01 4.5455e-02 4.7761e-01 5.5405e-01 1.4286e-01 7.2464e-02 4.5238e-01 6.7901e-01 1.2500e-01 6.6667e-01 4.9333e-01 3.8356e-01 2.2368e-01 5.6579e-01 4.5333e-01 5.5224e-01 7.3846e-01 4.3077e-01 7.0000e-01
