2.8900e+02 1.0000e+00 1.0000e+00 7.4000e+01 3.6000e+01 5.0000e+00 1.0000e+00 1.0000e+00 8.7240e+03 7.5130e+03
0.0000e+00 1.5000e+01 0.0000e+00 9.7950e+03 7.4000e+01 5.0000e+00 1.7600e+02 0.0000e+00 1.0000e+00 2.2240e+03
8.9250e+03 3.0000e+00 0.0000e+00 0.0000e+00 7.0090e+03 7.0000e+00 7.6120e+03 1.0070e+03 5.0000e+00 0.0000e+00
1.2100e+02 7.3000e+01 1.2600e+02 0.0000e+00 3.2100e+02 9.7650e+03 2.0000e+00 4.6000e+01 1.1000e+01 0.0000e+00
0.0000e+00 1.0000e+00 4.6000e+02 0.0000e+00 6.0000e+00 0.0000e+00 0.0000e+00 4.9000e+01 0.0000e+00 0.0000e+00
2.7000e+01 1.0000e+01 1.0000e+00 0.0000e+00 1.1000e+01 0.0000e+00 2.0300e+03 7.4000e+02 3.0000e+00 0.0000e+00
1.5100e+02 1.0000e+00 4.0000e+00 0.0000e+00 1.7600e+02 0.0000e+00 0.0000e+00 1.0000e+00 2.0000e+01 0.0000e+00
1.0000e+01 6.2320e+03 9.0010e+03 0.0000e+00 0.0000e+00 0.0000e+00 0.0000e+00 6.2250e+03 3.0000e+00 0.0000e+00
8.0000e+00 5.0000e+00 0.0000e+00 0.0000e+00 3.4000e+01 0.0000e+00 0.0000e+00 0.0000e+00 3.4000e+01 0.0000e+00
0.0000e+00 3.2960e+03 1.0000e+00 0.0000e+00 1.0000e+00 0.0000e+00 0.0000e+00 1.8000e+01 4.0000e+00 0.0000e+00
