3.0088e-01 8.4906e-02 3.3884e-01 3.9252e-01 2.6667e-01 7.8102e-01 9.0991e-01 1.5888e-01 2.3636e-01 1.2121e-01 4.9038e-01 3.2759e-01 1.1111e-01 2.5397e-01 3.0841e-01 4.5690e-01 2.1538e-01 1.0000e-01 1.2000e-01 1.0280e-01 3.0612e-01 3.2479e-01 1.3675e-01 2.0455e-01 1.1966e-01 2.5397e-01 3.6364e-01 8.1081e-02 3.7719e-01 5.7983e-01 1.6981e-01 2.5217e-01 2.3404e-01 4.1176e-01 4.0476e-01 5.0847e-01 1.1207e-01 6.1905e-01 9.2308e-01 6.2903e-01 2.2881e-01 1.2371e-01 6.4286e-01 1.3636e-01 4.0909e-01 3.7374e-01 5.0400e-01 3.8462e-01 2.1488e-01 2.0833e-01
2.7966e-01 1.0656e-01 7.9646e-02 5.0847e-01 3.9844e-01 6.4348e-01 1.5094e-01 3.2479e-01 3.4426e-01 3.7838e-01 3.3898e-01 6.8293e-01 1.4407e-01 9.6000e-02 2.7826e-01 6.2810e-01 5.4867e-01 1.2308e-01 7.2993e-02 2.1930e-01 7.6800e-01 4.4853e-01 2.6786e-01 2.1849e-01 3.8053e-01 3.5772e-01 3.1818e-01 2.0455e-01 3.1858e-01 8.1481e-01 1.4655e-01 9.3600e-01 4.0441e-01 6.9767e-02 1.0000e+00 1.7431e-01 1.5748e-01 6.2500e-01 1.0000e+00 1.4844e-01 7.3171e-02 1.0084e-01 8.1132e-01 5.7377e-01 8.1679e-01 2.9464e-01 5.9829e-02 2.8704e-01 2.0000e-01 9.5238e-02
3.4483e-01 7.5000e-02 6.5693e-02 1.8548e-01 1.8400e-01 4.6825e-01 4.3411e-01 1.8939e-01 6.1404e-02 1.9149e-01 2.1698e-01 1.1905e-01 8.2707e-02 8.2759e-02 8.1481e-02 3.7500e-01 7.9137e-02 1.8699e-01 7.8261e-02 3.3898e-02 2.4348e-01 5.0435e-01 1.5873e-01 2.4348e-01 2.4561e-01 3.2576e-01 8.6957e-02 7.2581e-02 1.6783e-01 7.1845e-01 1.7969e-01 1.2712e-01 9.0164e-02 1.3821e-01 2.3016e-01 2.9032e-01 4.4248e-02 4.9296e-01 6.2617e-01 2.9630e-01 9.0090e-03 0.0000e+00 6.1069e-01 3.3117e-01 1.9048e-01 1.6418e-01 2.2124e-01 2.3729e-01 1.2605e-01 1.7073e-01
2.5688e-01 2.5000e-02 1.7391e-02 4.5455e-02 1.4706e-01 5.6911e-02 5.9091e-01 5.7692e-02 1.5789e-01 1.1321e-01 1.3386e-01 2.1667e-01 8.2645e-03 2.4038e-01 1.2844e-01 4.0833e-01 3.7383e-02 8.2645e-02 8.4746e-02 7.9365e-02 1.0156e-01 1.9231e-01 3.3913e-01 8.3969e-02 4.5455e-02 5.8824e-02 2.1101e-01 9.2593e-03 1.5625e-02 5.8678e-01 5.1282e-02 9.8361e-02 2.0134e-02 5.4054e-02 4.1739e-01 1.6667e-01 2.8571e-02 0.0000e+00 3.2540e-01 3.5043e-01 0.0000e+00 0.0000e+00 4.3382e-01 8.6207e-03 1.7544e-02 2.9457e-01 1.0484e-01 1.9512e-01 1.5267e-02 7.0175e-02
2.9008e-01 6.0345e-02 1.7431e-01 2.4370e-01 2.5185e-01 3.0081e-01 1.0000e+00 2.0000e-01 2.2500e-01 1.9512e-01 2.9688e-01 1.5929e-01 5.7377e-02 2.2321e-01 3.0508e-01 3.7069e-01 4.2017e-02 1.1304e-01 1.5385e-01 4.4248e-02 2.1053e-01 2.1538e-01 2.2603e-01 2.2414e-01 9.4488e-02 1.7007e-01 3.0000e-01 2.0567e-01 8.1197e-01 5.4369e-01 3.6765e-02 9.6774e-02 1.3675e-01 1.6935e-01 5.9167e-01 3.0147e-01 5.2174e-02 3.0693e-01 1.0000e+00 2.2764e-01 1.0280e-01 2.0561e-01 6.5891e-01 1.3223e-01 2.7612e-01 2.5424e-01 2.8926e-01 2.0721e-01 1.7241e-01 1.3710e-01
2.1368e-01 7.1429e-02 3.4188e-02 1.5966e-01 2.0792e-01 2.2963e-01 3.2117e-01 9.4488e-02 1.8919e-01 1.2727e-01 3.1624e-01 1.2418e-01 7.4766e-02 0.0000e+00 2.1014e-01 3.6283e-01 7.2072e-02 7.2727e-02 7.6923e-02 1.1852e-01 8.9286e-02 8.9431e-02 1.5652e-01 1.5038e-01 1.2821e-01 1.0526e-01 2.9630e-02 1.8421e-01 8.8000e-02 2.8571e-01 1.5873e-01 1.8103e-01 2.1552e-01 3.6364e-02 2.7500e-01 3.6937e-01 6.6038e-02 1.4912e-01 7.0073e-01 7.6471e-01 5.3030e-02 4.6875e-02 3.5537e-01 1.0909e-01 4.3966e-01 1.7500e-01 2.3585e-01 3.0252e-01 7.3770e-02 1.7544e-02
5.0000e-01 5.1282e-02 2.1705e-01 3.5714e-02 2.5862e-02 1.9608e-01 1.7117e-01 0.0000e+00 0.0000e+00 0.0000e+00 2.9310e-01 0.0000e+00 5.1282e-02 1.6102e-01 0.0000e+00 1.2403e-01 0.0000e+00 0.0000e+00 0.0000e+00 8.9431e-02 4.0984e-02 0.0000e+00 1.3559e-01 8.0000e-02 1.7094e-02 8.1481e-02 0.0000e+00 8.2090e-02 1.0219e-01 4.1121e-01 0.0000e+00 0.0000e+00 0.0000e+00 2.4161e-01 0.0000e+00 9.6000e-02 0.0000e+00 2.3853e-01 0.0000e+00 9.5745e-02 1.7391e-02 0.0000e+00 9.3220e-02 0.0000e+00 0.0000e+00 5.1429e-01 2.3200e-01 1.7391e-01 3.6036e-02 1.2030e-01
8.4906e-02 6.7164e-02 7.0707e-02 1.4961e-01 1.1538e-01 1.8627e-01 1.8182e-01 7.6923e-02 2.0619e-02 7.8740e-02 2.0561e-01 1.2500e-01 1.1278e-01 7.3171e-02 1.8018e-02 2.8704e-01 1.1304e-01 1.1404e-01 4.9180e-02 8.1081e-02 9.9237e-02 9.4891e-02 1.7544e-01 1.3462e-01 6.4516e-02 5.9322e-02 1.4815e-02 8.5938e-02 1.2598e-01 3.0400e-01 1.1864e-01 2.0000e-01 6.2500e-02 4.2735e-02 5.4545e-02 1.6514e-01 1.8018e-02 1.6800e-01 3.7209e-01 5.1724e-02 9.0090e-02 3.1250e-02 8.9431e-02 1.1290e-01 2.3810e-02 7.1942e-03 7.9646e-02 1.0744e-01 9.5238e-02 5.0000e-02
6.2500e-02 1.5574e-01 5.0725e-02 1.1017e-01 3.3884e-01 9.4891e-02 5.9813e-01 7.6923e-02 2.3469e-01 5.7143e-02 5.3435e-02 1.2397e-01 2.9851e-02 8.7302e-02 1.5385e-01 4.7706e-01 1.4286e-01 4.4643e-02 1.4504e-01 4.4248e-02 1.1364e-01 2.1311e-01 8.1081e-02 2.2124e-01 1.7500e-01 2.5600e-01 8.5938e-02 1.2605e-01 9.8485e-02 2.0175e-01 1.2871e-01 1.4706e-01 1.1818e-01 2.4219e-01 2.9167e-01 3.3051e-01 5.3097e-02 2.3022e-01 1.0000e-01 3.4783e-02 4.0000e-02 1.3386e-01 1.0435e-01 7.8947e-02 5.5833e-01 1.6129e-02 1.3115e-01 2.2222e-01 6.3158e-02 1.3542e-01
2.3009e-01 1.3235e-01 1.0236e-01 1.8182e-01 5.9483e-01 2.8244e-01 4.4961e-01 3.2203e-01 7.8740e-02 1.6000e-01 2.9032e-01 1.6923e-01 1.9820e-01 1.0435e-01 1.3445e-01 4.1791e-01 8.7379e-02 1.1852e-01 1.2844e-01 2.9126e-01 1.4530e-01 3.8400e-01 2.1260e-01 1.7391e-01 1.1811e-01 2.0000e-01 2.2059e-01 9.4488e-02 2.4113e-01 1.7600e-01 9.1549e-02 2.7500e-01 2.2388e-01 1.5842e-01 2.6733e-01 2.8333e-01 8.6331e-02 3.8938e-01 6.3158e-01 1.4074e-01 1.2057e-01 1.1966e-01 3.3898e-01 1.8644e-01 1.5315e-01 1.9835e-01 2.4590e-01 1.8605e-01 1.1972e-01 3.0894e-01
9.2661e-01 1.6216e-01 3.1783e-01 8.2258e-01 1.7600e-01 2.9008e-01 7.8632e-01 6.9767e-02 2.9915e-01 3.1200e-01 2.9710e-01 2.3478e-01 2.8302e-02 1.8182e-01 8.9167e-01 6.2162e-01 3.2231e-01 5.6115e-01 5.8197e-01 8.7719e-02 7.1795e-01 7.6923e-01 5.2679e-01 9.0076e-01 5.5752e-01 2.7586e-01 6.6087e-01 2.5620e-01 1.2977e-01 3.7226e-01 7.3148e-01 7.1074e-01 3.7736e-01 6.0000e-01 4.1860e-01 6.7692e-01 1.9820e-01 6.2136e-01 7.9221e-01 8.2812e-01 8.4034e-03 7.7778e-01 5.7364e-01 6.6912e-01 6.0484e-01 7.2222e-01 5.1200e-01 7.8030e-01 5.4688e-01 2.2414e-01
2.5000e-01 1.3043e-01 7.4627e-02 1.1852e-01 2.2764e-01 6.0317e-01 3.9815e-01 1.0169e-01 0.0000e+00 1.4925e-02 2.9915e-01 2.9508e-01 8.0357e-02 0.0000e+00 2.4590e-01 5.9459e-01 6.8182e-02 1.4615e-01 2.2340e-01 4.4248e-02 3.0233e-01 2.3200e-01 1.9091e-01 1.3333e-01 1.8400e-01 1.5574e-01 3.1818e-01 1.0185e-01 5.0000e-01 2.5243e-01 2.1849e-01 8.6207e-02 0.0000e+00 7.7519e-02 4.7826e-01 1.8333e-01 0.0000e+00 4.8361e-01 6.2698e-01 6.4516e-02 0.0000e+00 2.7184e-01 8.0292e-02 5.4545e-02 0.0000e+00 1.9697e-01 1.2950e-01 1.8045e-01 3.0159e-01 2.0168e-01
8.3486e-01 6.8333e-01 7.4775e-01 5.0382e-01 6.4828e-01 7.4074e-01 5.9459e-01 6.4179e-01 4.9612e-01 7.7778e-01 4.0000e-01 5.6800e-01 6.0584e-01 7.7778e-01 5.8621e-01 4.5736e-01 6.9291e-01 3.9450e-01 8.5271e-01 8.0000e-01 6.1940e-01 4.5192e-01 5.3333e-01 6.5574e-01 8.1416e-01 7.4336e-01 4.1667e-01 6.0484e-01 6.1111e-01 7.3109e-01 8.5271e-01 8.5965e-01 7.3077e-01 4.6218e-01 6.4348e-01 6.4865e-01 7.7600e-01 7.0536e-01 6.3889e-01 7.6042e-01 6.4912e-01 8.5841e-01 3.7500e-01 7.7099e-01 3.8655e-01 6.7227e-01 6.5455e-01 4.4094e-01 6.9565e-01 7.1552e-01
1.0811e-01 1.3710e-01 7.5630e-02 4.7934e-01 4.0541e-01 2.1875e-01 1.8462e-01 1.6667e-01 1.6964e-01 4.1481e-01 2.4242e-01 2.9661e-01 7.2000e-02 2.6087e-01 3.6220e-01 3.2231e-01 1.5385e-01 1.0400e-01 9.8361e-02 1.3223e-01 1.0000e-01 6.0484e-01 2.0635e-01 3.0088e-01 2.8571e-01 2.5424e-01 2.3438e-01 2.8244e-01 1.7355e-01 4.9000e-01 1.4286e-01 3.6842e-01 3.3051e-01 1.0744e-01 2.7826e-01 3.0000e-01 1.4286e-01 6.2712e-01 7.4797e-01 6.7333e-01 4.5045e-02 1.2281e-01 3.5849e-01 1.6031e-01 3.5433e-01 6.1240e-01 1.3077e-01 3.8333e-01 1.2931e-01 4.8387e-02
2.5000e-01 8.1481e-02 2.9921e-01 4.5631e-01 3.5385e-01 1.8584e-01 7.0435e-01 1.6541e-01 3.7313e-01 2.1600e-01 4.6154e-01 2.5000e-01 3.4091e-01 4.5455e-01 2.5620e-01 2.2430e-01 1.2698e-01 2.0968e-01 3.4400e-01 3.7607e-01 1.4876e-01 2.5000e-01 3.0579e-01 3.2283e-01 1.9835e-01 2.9268e-01 2.2018e-01 3.6667e-01 1.5079e-01 2.0000e-01 2.5410e-01 3.3613e-01 3.4783e-01 1.6800e-01 2.4031e-01 2.6016e-01 2.0567e-01 5.8095e-01 5.9223e-01 2.4818e-01 2.3485e-01 1.9835e-01 4.2857e-01 3.9344e-01 6.4602e-01 1.8382e-01 4.7414e-01 3.6842e-01 7.3333e-01 2.2314e-01
4.0650e-02 3.3333e-02 1.0526e-01 1.4407e-01 1.7544e-01 1.0084e-01 6.4706e-01 1.6038e-01 2.4000e-02 1.2903e-01 2.2807e-01 8.0000e-02 4.0984e-02 1.0484e-01 4.9593e-01 3.4328e-01 1.0317e-01 6.8376e-02 1.1852e-01 2.2222e-01 4.2254e-01 2.1705e-01 3.7037e-02 2.2400e-01 7.7519e-02 7.2581e-02 1.7797e-01 1.9328e-01 7.7586e-02 1.7123e-01 1.8349e-02 1.3636e-01 1.6514e-01 6.5789e-01 8.1818e-01 1.8750e-01 3.8462e-02 7.9412e-01 7.5714e-01 1.4407e-01 0.0000e+00 2.3077e-02 6.0952e-01 1.6393e-01 6.4706e-01 8.0645e-03 7.6923e-02 6.5254e-01 3.4188e-02 5.3030e-02
5.0000e-02 7.1429e-02 1.3793e-01 7.2000e-02 9.0909e-02 1.2121e-01 8.9286e-02 6.4815e-02 7.6923e-02 3.5714e-02 4.8214e-01 5.9829e-02 1.6667e-01 2.6667e-01 2.6364e-01 0.0000e+00 1.4953e-01 9.6000e-02 4.6875e-02 1.0853e-01 1.9008e-01 1.8692e-02 8.1481e-02 3.5088e-02 1.7483e-01 1.0526e-01 0.0000e+00 2.3364e-01 5.4688e-02 1.0833e-01 1.2069e-01 1.1111e-01 8.6207e-02 9.6491e-02 9.4017e-02 6.1538e-02 3.0303e-02 0.0000e+00 1.1864e-01 1.6000e-02 0.0000e+00 0.0000e+00 0.0000e+00 8.5714e-02 0.0000e+00 1.8548e-01 8.0645e-02 2.3846e-01 9.4488e-02 1.1111e-01
4.6715e-01 8.1982e-01 1.1607e-01 5.4839e-01 6.6019e-01 5.7143e-01 5.5906e-01 8.9189e-01 2.7273e-01 2.6786e-02 6.8333e-01 5.2294e-01 3.6641e-01 7.1875e-01 1.9512e-01 7.9825e-01 4.8333e-01 9.7345e-02 1.9298e-01 5.2632e-02 1.8797e-01 1.4173e-01 2.4590e-02 1.4167e-01 7.2593e-01 5.8394e-01 2.0000e-01 4.6667e-01 1.2977e-01 4.0157e-01 0.0000e+00 5.0400e-01 3.5714e-02 3.2773e-01 2.9358e-01 7.2358e-01 7.0755e-01 0.0000e+00 4.9624e-01 1.2963e-01 0.0000e+00 2.0183e-01 7.9661e-01 0.0000e+00 1.0000e+00 5.3030e-01 8.4746e-02 7.1212e-01 4.9091e-01 5.5556e-01
2.4800e-01 8.4615e-02 7.4324e-02 1.2800e-01 2.5397e-01 9.6296e-02 1.2931e-01 0.0000e+00 4.8780e-02 0.0000e+00 4.8598e-01 5.3571e-02 0.0000e+00 1.1921e-01 1.8182e-01 5.2294e-01 6.8966e-02 0.0000e+00 0.0000e+00 4.3478e-02 4.9587e-02 7.2581e-02 0.0000e+00 9.2857e-02 1.0000e-01 8.6331e-02 5.0000e-02 3.8462e-02 1.2782e-01 2.8571e-01 1.6529e-02 3.1250e-02 5.4054e-02 7.0866e-02 1.7188e-01 6.0606e-02 0.0000e+00 6.2016e-02 6.1538e-01 1.4050e-01 5.3571e-02 7.7519e-02 4.2105e-01 0.0000e+00 9.5238e-02 1.8487e-01 1.2931e-01 2.7027e-02 1.7544e-02 4.7619e-02
2.4779e-01 2.4590e-02 6.8702e-02 1.2963e-01 1.4599e-01 1.2605e-01 2.2115e-01 5.9829e-02 6.4815e-02 3.5714e-02 3.1343e-01 2.1930e-01 3.3333e-02 4.5872e-02 2.3333e-01 1.9697e-01 2.3438e-02 7.7670e-02 5.9701e-02 1.5038e-02 3.2520e-02 1.2069e-01 3.4783e-02 2.2000e-01 5.2174e-02 1.4035e-01 5.7143e-02 9.0164e-02 1.7143e-01 1.7355e-01 8.6957e-02 9.1549e-02 8.7719e-03 6.1538e-02 7.5000e-02 3.4722e-02 8.0000e-02 1.1009e-01 1.4394e-01 2.2137e-01 3.3058e-02 4.9587e-02 1.8803e-01 1.1009e-01 2.0168e-01 9.8361e-02 9.1667e-02 8.1967e-03 2.5641e-02 3.8095e-02
3.8393e-01 7.8740e-02 1.0924e-01 1.1765e-01 9.9237e-02 6.2879e-01 5.2137e-01 6.4516e-02 5.1724e-02 2.7027e-02 5.2349e-01 9.8214e-02 0.0000e+00 1.7742e-01 0.0000e+00 7.3874e-01 1.3014e-01 1.0656e-01 6.3830e-02 7.7586e-02 3.7500e-01 1.3008e-01 9.1743e-02 4.3478e-02 2.2642e-01 9.1667e-02 7.8947e-02 6.5574e-02 1.0169e-01 1.2800e-01 1.9685e-01 2.5000e-01 1.5094e-01 5.6000e-02 2.7778e-01 3.1304e-01 3.5238e-01 1.8868e-01 2.3881e-01 3.6697e-02 3.0769e-01 1.2143e-01 3.9474e-01 3.4545e-01 2.0000e-01 2.7559e-01 3.8028e-01 1.3924e-01 7.2072e-02 7.3913e-01
4.3478e-01 5.5556e-02 1.4961e-01 4.6341e-01 5.8120e-01 1.7391e-01 5.2679e-01 1.8644e-01 9.6774e-02 2.1622e-01 1.8333e-01 1.0317e-01 1.5748e-02 2.0144e-01 3.6364e-01 5.5556e-01 1.0753e-01 1.9469e-01 5.1282e-02 9.5238e-02 1.2174e-01 1.4815e-01 1.3793e-01 3.1788e-01 1.0938e-01 1.9718e-01 3.3333e-01 1.3534e-01 1.9200e-01 1.9048e-01 5.7692e-02 1.9492e-01 2.4272e-01 1.0000e+00 6.5812e-01 3.3333e-01 6.5041e-02 7.0400e-01 6.2037e-01 3.2456e-01 2.9060e-01 9.6000e-02 3.6842e-01 1.2500e-01 5.1181e-01 2.2034e-01 9.2437e-02 4.7706e-01 9.5238e-02 1.2389e-01
3.1356e-01 9.8039e-02 2.2581e-01 4.0909e-01 4.7788e-01 3.3835e-01 3.6066e-01 2.7049e-01 3.4286e-01 3.4028e-01 2.1186e-01 1.3675e-01 5.1095e-02 1.9200e-01 2.7273e-01 5.6589e-01 4.3810e-01 1.8182e-01 1.7557e-01 4.2727e-01 1.7213e-01 2.6562e-01 4.4915e-01 4.7222e-01 2.4800e-01 3.0597e-01 3.7815e-01 4.2609e-01 4.1270e-01 6.8548e-01 1.4615e-01 7.3737e-01 4.4262e-01 1.1450e-01 6.6964e-01 4.4037e-01 1.5116e-01 6.5600e-01 2.9655e-01 4.8571e-01 1.8182e-01 1.3235e-01 4.6018e-01 1.2150e-01 5.9231e-01 1.7021e-01 8.8710e-02 3.4677e-01 1.7647e-01 9.2857e-02
1.1111e-01 1.7699e-02 0.0000e+00 2.4390e-02 3.4783e-02 5.7009e-01 5.4032e-01 1.4407e-01 3.3654e-01 2.3438e-02 5.0877e-01 3.1250e-02 2.5000e-02 2.2901e-01 5.9633e-01 2.5210e-02 4.9107e-01 0.0000e+00 1.0526e-01 4.8837e-01 3.5556e-01 6.8182e-01 6.6372e-01 8.5271e-02 2.2857e-01 6.8657e-01 5.1282e-01 4.3382e-01 3.8462e-02 1.6031e-01 4.8276e-01 2.6316e-02 9.3023e-02 1.7094e-02 3.9286e-01 7.5652e-01 2.3478e-01 1.7241e-02 7.0435e-01 2.5781e-01 0.0000e+00 0.0000e+00 3.9370e-02 0.0000e+00 2.8972e-01 7.4380e-02 6.0000e-01 3.7302e-01 3.5849e-01 2.2881e-01
1.6667e-01 7.0000e-02 2.6613e-01 4.8780e-02 3.7500e-01 1.2403e-01 3.4028e-01 5.9701e-02 1.1200e-01 3.7500e-01 1.6935e-01 4.1481e-01 7.3770e-02 1.6788e-01 3.7594e-01 2.8713e-01 1.2745e-01 6.8376e-02 5.9322e-02 4.3860e-02 8.5938e-02 2.0870e-01 8.4746e-02 1.8803e-01 7.3394e-02 2.2414e-01 2.9921e-01 5.6034e-01 1.2319e-01 8.1301e-02 6.6038e-02 2.9825e-01 2.6829e-01 8.4615e-02 6.6019e-01 2.8571e-01 3.0303e-02 9.9237e-01 1.0000e+00 7.2464e-02 2.2388e-02 2.0930e-01 6.0000e-01 9.9174e-02 1.0000e+00 2.3239e-01 2.7481e-01 1.5385e-01 4.5455e-02 5.2632e-02
7.2449e-01 8.2645e-02 2.1239e-01 6.4407e-01 7.6724e-01 6.3208e-01 8.3607e-01 2.3423e-01 2.6126e-01 5.7692e-01 2.8788e-01 6.8085e-01 3.0233e-01 1.4729e-01 4.2742e-01 5.1724e-01 2.1488e-01 1.6667e-01 1.3178e-01 2.7660e-01 3.9474e-01 2.8926e-01 2.6027e-01 6.5041e-01 4.1053e-01 4.3966e-01 3.1731e-01 2.1481e-01 3.0252e-01 4.4262e-01 5.9322e-02 3.8400e-01 2.6667e-01 5.0442e-01 7.9839e-01 5.3398e-01 8.7302e-02 9.7600e-01 9.6667e-01 6.5354e-01 1.1111e-01 1.5000e-01 7.0000e-01 4.0777e-01 7.3504e-01 6.4228e-01 2.6190e-01 6.9919e-01 5.0000e-01 2.5781e-01
2.9839e-01 1.0435e-01 0.0000e+00 0.0000e+00 2.2314e-01 4.0769e-01 6.6087e-01 6.6116e-02 6.2500e-02 0.0000e+00 2.1008e-01 1.2397e-01 1.4530e-01 0.0000e+00 3.8318e-01 3.2143e-01 0.0000e+00 1.3043e-01 5.4688e-02 6.4516e-02 1.0400e-01 1.0577e-01 0.0000e+00 1.3194e-01 8.6957e-02 2.0741e-01 0.0000e+00 5.4545e-02 3.7391e-01 4.3796e-01 8.2645e-02 4.8387e-02 0.0000e+00 1.0317e-01 5.8947e-01 3.8129e-01 0.0000e+00 4.8120e-01 2.1849e-01 0.0000e+00 0.0000e+00 3.8542e-01 1.4876e-01 1.7757e-01 0.0000e+00 1.0280e-01 1.4019e-01 1.8018e-01 8.8889e-02 6.5359e-03
1.1200e-01 9.5238e-03 1.7094e-01 1.0619e-01 1.9298e-01 1.5652e-01 1.5200e-01 7.8125e-02 2.6087e-02 9.0090e-02 1.8852e-01 1.4563e-01 0.0000e+00 1.0084e-01 8.3333e-02 7.7586e-02 6.0606e-02 0.0000e+00 9.8039e-02 1.9200e-01 1.5517e-01 1.3821e-01 0.0000e+00 1.2088e-01 1.0619e-01 1.3559e-01 0.0000e+00 8.4112e-02 5.0505e-02 1.9355e-01 8.9109e-02 1.0317e-01 9.0909e-02 0.0000e+00 1.3131e-01 0.0000e+00 1.5038e-02 1.7293e-01 4.1667e-01 0.0000e+00 9.1667e-02 2.1488e-01 3.0000e-01 1.5909e-01 1.7986e-01 5.0000e-01 1.0078e-01 1.8803e-01 1.1719e-01 0.0000e+00
5.2174e-01 1.5942e-01 4.5378e-01 6.7273e-01 5.3435e-01 6.5000e-01 8.0469e-01 1.7557e-01 1.9658e-01 5.1370e-01 4.8387e-01 4.0310e-01 2.9508e-01 2.6562e-01 6.4662e-01 4.2373e-01 4.1667e-01 3.1148e-01 2.1138e-01 4.2623e-01 3.3333e-01 3.6290e-01 2.7132e-01 3.0159e-01 5.5085e-01 3.5088e-01 4.0000e-01 3.4513e-01 3.9683e-01 4.8092e-01 3.2540e-01 3.8298e-01 3.1746e-01 3.6567e-01 5.4918e-01 2.8846e-01 1.3768e-01 5.5556e-01 6.4516e-01 5.3676e-01 3.5088e-01 2.5410e-01 4.2453e-01 4.4961e-01 5.9398e-01 3.7607e-01 4.8361e-01 3.3010e-01 3.3071e-01 3.3043e-01
2.1930e-01 1.0092e-01 1.5517e-01 2.2835e-01 2.2581e-01 2.6316e-01 7.1053e-01 1.9841e-01 3.4752e-01 2.3846e-01 5.6410e-01 3.2520e-01 2.0513e-01 1.2500e-01 2.9545e-01 4.1284e-01 2.3276e-01 1.9091e-01 1.1667e-01 6.8376e-02 3.3051e-01 3.9815e-01 8.2569e-02 1.3934e-01 2.4590e-01 2.2321e-01 5.2336e-01 1.3333e-01 4.5528e-01 5.7576e-01 7.4074e-02 1.8692e-01 2.0952e-01 9.6491e-02 6.5574e-01 3.5043e-01 5.6000e-02 2.8319e-01 6.7544e-01 2.0492e-01 1.4545e-01 1.8254e-01 5.1587e-01 2.1311e-01 6.0000e-01 2.4590e-01 3.6538e-01 4.6957e-01 3.5714e-02 1.1818e-01
2.1951e-01 2.5620e-01 3.9683e-02 2.2917e-01 2.0800e-01 2.8777e-01 7.6068e-01 1.5789e-01 1.2605e-01 7.8125e-01 9.5098e-01 1.5833e-01 8.3333e-02 3.0909e-01 7.9661e-01 8.4211e-01 1.6522e-01 8.1081e-02 8.2707e-02 2.2400e-01 7.3333e-01 1.8182e-01 1.3636e-01 1.4407e-01 7.3950e-01 2.9213e-01 2.0155e-01 1.3433e-01 3.0556e-01 6.2069e-01 2.0755e-01 3.8596e-01 4.5000e-01 1.7857e-01 6.8807e-01 6.5493e-01 6.1404e-02 8.7879e-01 7.6471e-01 3.6774e-01 2.9839e-01 2.2917e-01 8.0620e-01 2.7928e-01 8.2500e-01 2.2388e-01 7.5000e-01 8.2759e-01 1.8447e-01 2.9231e-01
3.0252e-01 1.2782e-01 2.7619e-01 3.8261e-01 3.8679e-01 4.4144e-01 8.1553e-01 2.2143e-01 3.3884e-01 3.4783e-01 2.6772e-01 5.9483e-01 2.7027e-01 1.5966e-01 7.5969e-01 7.2727e-01 4.6154e-02 5.1852e-02 1.0169e-01 2.6271e-01 9.7561e-02 1.5315e-01 2.4348e-01 1.2712e-01 2.3967e-01 5.0735e-01 8.5714e-02 2.2047e-01 3.3019e-01 8.4553e-01 2.0325e-01 3.6207e-01 1.7600e-01 6.1404e-01 6.5094e-01 6.1864e-01 1.0619e-01 7.7692e-01 8.7069e-01 3.9695e-01 5.7851e-02 1.5833e-01 7.5229e-01 3.1061e-01 4.8760e-01 2.3009e-01 4.4186e-01 6.4122e-01 8.0000e-02 2.7068e-01
2.1951e-01 3.6697e-02 1.2397e-01 4.1525e-01 2.6923e-01 5.7664e-01 4.6457e-01 1.8400e-01 1.1806e-01 2.2034e-01 2.7368e-01 2.7193e-01 1.9658e-01 2.6984e-01 3.0275e-01 6.8519e-01 8.4112e-02 7.8431e-02 1.3386e-01 2.6786e-02 1.6031e-01 1.2605e-01 1.3008e-01 1.7526e-01 6.6116e-02 3.8060e-01 2.8889e-01 4.5113e-02 2.7826e-01 5.9843e-01 1.3793e-01 7.5472e-02 5.0000e-02 1.6239e-01 5.6198e-01 7.8571e-02 4.5455e-02 1.7647e-01 8.4545e-01 9.1667e-02 9.3750e-02 3.2773e-01 1.3223e-01 1.5504e-02 4.2593e-01 4.4792e-01 2.3622e-01 1.6949e-01 7.8740e-02 1.3821e-01
6.4800e-01 6.3934e-01 7.0435e-01 7.2358e-01 6.7890e-01 5.4167e-01 7.0000e-01 8.8991e-01 6.7797e-01 6.9903e-01 5.6897e-01 6.0833e-01 7.5373e-01 6.8852e-01 6.8376e-01 8.9091e-01 3.0000e-01 6.3717e-01 6.6019e-01 6.6667e-01 6.3636e-01 6.0000e-01 6.0833e-01 6.4706e-01 3.7168e-01 6.1864e-01 3.9286e-01 3.3913e-01 6.8595e-01 5.0909e-01 6.2590e-01 4.4444e-01 6.9091e-01 7.2500e-01 6.0504e-01 5.7500e-01 6.2500e-01 6.0185e-01 7.3043e-01 7.7273e-01 7.0588e-01 2.9358e-01 6.9919e-01 7.6786e-01 4.0909e-01 7.4790e-01 6.4885e-01 6.6667e-01 7.1845e-01 6.6372e-01
2.3140e-01 0.0000e+00 0.0000e+00 2.2642e-01 0.0000e+00 2.0863e-01 1.6800e-01 3.5971e-02 1.8333e-01 1.3675e-01 3.9370e-02 1.2676e-01 0.0000e+00 0.0000e+00 8.3333e-02 2.9808e-01 0.0000e+00 0.0000e+00 0.0000e+00 0.0000e+00 6.2500e-02 1.5833e-01 0.0000e+00 3.2000e-02 0.0000e+00 4.5045e-02 0.0000e+00 1.3793e-01 7.4627e-02 0.0000e+00 1.7355e-01 6.4516e-02 1.9008e-01 0.0000e+00 2.7966e-01 1.3043e-01 0.0000e+00 0.0000e+00 0.0000e+00 1.3043e-01 0.0000e+00 0.0000e+00 2.6168e-01 4.1284e-01 1.5596e-01 1.4173e-01 1.2500e-01 1.4035e-01 3.7736e-02 1.5152e-02
7.6923e-01 7.8947e-01 8.3898e-01 7.5000e-01 8.7050e-01 1.0000e+00 1.0000e+00 7.9487e-01 6.7857e-01 8.2222e-01 8.8182e-01 9.4017e-01 8.3621e-01 7.6068e-01 9.7297e-01 7.7451e-01 8.6207e-01 8.1119e-01 1.0000e+00 9.3985e-01 1.0000e+00 8.1102e-01 8.6260e-01 8.6400e-01 7.5510e-01 9.3578e-01 8.1739e-01 8.6726e-01 8.3193e-01 1.0000e+00 8.7912e-01 1.0000e+00 8.3333e-01 8.2308e-01 9.1736e-01 7.8689e-01 9.6403e-01 7.8788e-01 1.0000e+00 7.1311e-01 8.7500e-01 9.3382e-01 7.0635e-01 7.8049e-01 7.9487e-01 7.8523e-01 7.3810e-01 8.0909e-01 8.2243e-01 1.0000e+00
9.4828e-02 0.0000e+00 0.0000e+00 2.5984e-01 0.0000e+00 2.1569e-01 2.6271e-01 8.5938e-02 5.4054e-02 3.9189e-01 1.2295e-01 0.0000e+00 1.0317e-01 0.0000e+00 4.8515e-01 1.3043e-01 6.6667e-02 3.6800e-01 1.2381e-01 2.2727e-01 2.6190e-01 9.0909e-02 0.0000e+00 2.8099e-01 9.5652e-02 1.6000e-01 2.6923e-01 8.8496e-03 0.0000e+00 5.3571e-02 0.0000e+00 2.9134e-01 2.5714e-01 1.6000e-02 2.3000e-01 2.8947e-01 4.8387e-02 4.3796e-02 4.7857e-01 3.8525e-01 0.0000e+00 3.1897e-01 4.2478e-01 8.6614e-02 4.3966e-01 8.8235e-02 3.0233e-01 2.9231e-01 8.6957e-03 2.0870e-01
2.0635e-01 3.1496e-02 2.0833e-01 4.5192e-01 2.0968e-01 8.4848e-01 8.2540e-01 3.1429e-01 2.2481e-01 2.5000e-01 5.4615e-01 3.7037e-01 1.1111e-01 2.2807e-01 5.1200e-01 5.7031e-01 6.4220e-02 1.6260e-01 2.4627e-01 1.3846e-01 2.6496e-01 4.3077e-01 1.8182e-01 5.5645e-01 4.2000e-01 3.2800e-01 3.3333e-01 1.7424e-01 4.0625e-01 3.5185e-01 1.1966e-01 3.7963e-01 2.9752e-01 7.7519e-02 5.5238e-01 3.8793e-01 3.5897e-01 4.1860e-01 7.1970e-01 5.2991e-01 1.6800e-01 1.8333e-01 8.1034e-01 1.8548e-01 4.3796e-01 2.9054e-01 3.6111e-01 4.3299e-01 2.1368e-01 3.5965e-01
5.8647e-01 8.5849e-01 7.6991e-01 6.6087e-01 2.1368e-01 7.8302e-01 7.6923e-01 3.8318e-01 7.0677e-01 8.0645e-01 1.8261e-01 7.0940e-01 8.1356e-01 8.8182e-01 2.1053e-01 9.0566e-01 1.8852e-01 8.7273e-01 1.9091e-01 8.4259e-01 1.3393e-01 1.4286e-01 2.5410e-01 8.0000e-01 8.4615e-01 3.9024e-01 7.8333e-01 7.2441e-01 6.9919e-01 8.5600e-01 1.5929e-01 6.6142e-01 2.0800e-01 8.4071e-01 6.5455e-01 9.5205e-01 2.1014e-01 7.5758e-01 7.7049e-01 1.1111e-01 6.4384e-01 6.5421e-01 8.1982e-01 2.8814e-01 6.6116e-01 9.3023e-02 8.5600e-01 8.2114e-01 2.0536e-01 6.9403e-01
8.3019e-01 5.7500e-01 9.2308e-01 8.4783e-01 7.5229e-01 9.4118e-01 8.1955e-01 7.2072e-01 7.8049e-01 8.0000e-01 7.8261e-01 6.6972e-01 7.5194e-01 8.3333e-01 7.7966e-01 8.4496e-01 7.7273e-01 8.2407e-01 7.8070e-01 6.6102e-01 7.0400e-01 7.5676e-01 6.7176e-01 8.8189e-01 7.1901e-01 8.2500e-01 8.2759e-01 8.1818e-01 7.8814e-01 8.2069e-01 9.9167e-01 7.7165e-01 7.3571e-01 7.7451e-01 6.6102e-01 8.9076e-01 8.0469e-01 9.4737e-01 7.7692e-01 7.5000e-01 6.4925e-01 7.8571e-01 7.7519e-01 8.3206e-01 7.0642e-01 8.8660e-01 7.6786e-01 7.6033e-01 8.1897e-01 8.3594e-01
6.1345e-01 1.1905e-01 3.4815e-01 4.4776e-02 4.1803e-01 1.1667e-01 7.9646e-02 1.3953e-01 6.0000e-02 3.0833e-01 3.5345e-01 8.1301e-03 4.1667e-02 3.1111e-01 2.3000e-01 9.4488e-02 7.8740e-02 1.0084e-01 2.6804e-01 3.9216e-02 5.3731e-01 2.0513e-01 3.9000e-01 1.8868e-02 5.0833e-01 2.8358e-01 8.0645e-02 7.6923e-02 1.8103e-01 4.1905e-01 2.5397e-01 7.4627e-02 8.1081e-02 8.7379e-02 2.8205e-01 2.8571e-01 7.0175e-02 6.6116e-02 4.0000e-02 4.8000e-02 1.0000e-02 2.6429e-01 2.3853e-01 1.6667e-01 5.9829e-01 6.0909e-01 3.8393e-01 5.8197e-01 2.8682e-01 3.4109e-01
9.0511e-01 9.8291e-01 8.9781e-01 8.5821e-01 9.0977e-01 1.0000e+00 9.1667e-01 9.1892e-01 9.5868e-01 8.4173e-01 9.7692e-01 9.1818e-01 8.6260e-01 9.7115e-01 1.0000e+00 9.4406e-01 8.4426e-01 9.1304e-01 8.8148e-01 1.0000e+00 9.4737e-01 9.2754e-01 8.5039e-01 8.8095e-01 9.6429e-01 9.2623e-01 1.0000e+00 9.8039e-01 8.6331e-01 9.3220e-01 9.0580e-01 8.4874e-01 9.4574e-01 8.9062e-01 8.6667e-01 9.5726e-01 8.9552e-01 7.6800e-01 9.1453e-01 8.7288e-01 9.4565e-01 8.6087e-01 9.6581e-01 9.1964e-01 8.2051e-01 8.8136e-01 1.0000e+00 1.0000e+00 1.0000e+00 8.8525e-01
0.0000e+00 0.0000e+00 6.4516e-02 0.0000e+00 1.9298e-01 1.4844e-01 2.7273e-01 8.8496e-02 3.4783e-02 2.0339e-01 0.0000e+00 6.7669e-02 4.0000e-02 5.3097e-02 1.2838e-01 3.3010e-01 1.6814e-01 0.0000e+00 5.0000e-02 5.0847e-02 3.0833e-01 1.4407e-01 3.8462e-02 5.0000e-02 5.2632e-02 8.7719e-02 2.1739e-01 2.0408e-01 2.5000e-01 2.4272e-01 5.7377e-02 2.9565e-01 0.0000e+00 3.5714e-02 1.4189e-01 1.4167e-01 7.1429e-02 0.0000e+00 3.2653e-01 0.0000e+00 0.0000e+00 0.0000e+00 2.6042e-01 0.0000e+00 3.2727e-01 1.1570e-01 0.0000e+00 1.5315e-01 0.0000e+00 1.0744e-01
6.0345e-02 8.0808e-02 1.2844e-01 9.5238e-02 7.1429e-02 2.4800e-01 5.9259e-01 1.4876e-01 5.7143e-02 2.1348e-01 2.6271e-01 1.0833e-01 0.0000e+00 1.8182e-01 1.2712e-01 2.5342e-01 9.5652e-02 2.7966e-01 3.8168e-02 1.0000e-01 1.5873e-02 1.0744e-01 3.3835e-01 1.3600e-01 1.1475e-01 1.0156e-01 1.9008e-01 5.1724e-02 9.2437e-02 1.8103e-01 1.0924e-01 8.3333e-02 0.0000e+00 5.9322e-02 3.1818e-01 2.7731e-01 3.4965e-02 2.6050e-01 1.1818e-01 7.4038e-01 0.0000e+00 4.2373e-02 1.5534e-01 6.6038e-02 1.6552e-01 2.8058e-01 1.2500e-01 1.7021e-01 6.6038e-02 5.5046e-02
3.7313e-01 9.2593e-03 8.1081e-02 3.6691e-01 2.7049e-01 3.5172e-01 4.5217e-01 1.2500e-01 1.8644e-01 2.6718e-01 2.4510e-01 3.7190e-01 1.0400e-01 1.9841e-01 3.3333e-01 6.2416e-01 4.8780e-02 1.9492e-01 1.5789e-01 7.6271e-02 2.6515e-01 1.9167e-01 1.3534e-01 1.3600e-01 2.7473e-01 1.8261e-01 2.0611e-01 1.3592e-01 2.2727e-01 5.6589e-01 1.4407e-01 3.1008e-01 1.3445e-01 8.9109e-02 5.1282e-01 3.6752e-01 2.6126e-01 4.8760e-01 5.3906e-01 3.1356e-01 1.2903e-01 2.0909e-01 3.8211e-01 1.7500e-01 3.9815e-01 3.4951e-01 2.5714e-01 1.8269e-01 1.3393e-01 1.8898e-01
5.1724e-02 6.6667e-02 3.8614e-01 4.2857e-01 5.0400e-01 4.9038e-01 6.1607e-01 6.2500e-02 9.5652e-02 1.7073e-01 3.3333e-01 1.5596e-01 1.4286e-01 2.6515e-01 5.2756e-01 3.0693e-01 6.3636e-02 2.5203e-01 1.1364e-01 1.6514e-01 1.6964e-01 9.6000e-02 1.7886e-01 3.0000e-01 8.7591e-02 2.1260e-01 5.5856e-01 1.2150e-01 3.1618e-01 5.5862e-01 1.9231e-01 1.2977e-01 3.9062e-01 2.2143e-01 2.9231e-01 1.1429e-01 1.9008e-01 1.7757e-01 1.8367e-01 4.2342e-01 2.0690e-01 2.3485e-01 2.2034e-01 5.5639e-01 2.8829e-01 9.7561e-02 3.3333e-01 3.0147e-01 1.5238e-01 1.7730e-01
1.1017e-01 2.3810e-02 8.0357e-02 0.0000e+00 2.1774e-01 1.8519e-02 0.0000e+00 2.2222e-01 3.1481e-01 0.0000e+00 2.2901e-02 1.4050e-01 6.4220e-02 8.2645e-02 2.5893e-01 1.5596e-01 1.7094e-02 7.7519e-03 4.1667e-02 6.6667e-02 2.4793e-01 7.2072e-02 8.6957e-03 8.4034e-03 5.3030e-02 1.6529e-02 1.7544e-02 2.5641e-02 1.8182e-01 2.4752e-01 1.4754e-01 1.2069e-01 2.3810e-02 0.0000e+00 6.8627e-02 1.0909e-01 0.0000e+00 1.7822e-01 1.3187e-01 0.0000e+00 0.0000e+00 6.0870e-02 2.0000e-01 1.2605e-01 2.4590e-02 1.2500e-01 1.0891e-01 5.2083e-02 9.7561e-02 5.8252e-02
5.8824e-01 1.3223e-01 3.1915e-01 7.8947e-01 2.3009e-01 1.3433e-01 6.3793e-01 2.8972e-01 4.4355e-01 3.0693e-01 4.5536e-01 2.7559e-01 2.8369e-01 2.7885e-01 5.0435e-01 5.6522e-01 3.1496e-01 5.9829e-02 2.5217e-01 1.2381e-01 5.3913e-01 5.6911e-01 2.2549e-01 3.1884e-01 2.5455e-01 2.8696e-01 2.9268e-01 1.6234e-01 2.9126e-01 7.1852e-01 1.8519e-01 6.0952e-01 8.3969e-02 4.0171e-01 4.7107e-01 3.6364e-01 9.5238e-02 2.9412e-01 8.5000e-01 3.9815e-01 6.1739e-01 2.0000e-01 6.3158e-01 3.9344e-01 2.2414e-01 2.5217e-01 2.3485e-01 2.7966e-01 3.0612e-01 1.5152e-01
2.5210e-01 7.6190e-02 1.0000e-01 2.7049e-01 1.7273e-01 2.8986e-01 2.1311e-01 1.2857e-01 1.9492e-01 2.8226e-01 9.0909e-02 2.8947e-01 1.1570e-01 1.5966e-01 4.2063e-01 2.5439e-01 1.3492e-01 1.6406e-01 1.9048e-01 1.8868e-01 1.9048e-01 2.3577e-01 8.8000e-02 3.0088e-01 2.1212e-01 2.0325e-01 2.1898e-01 2.1649e-01 4.5763e-01 5.7377e-01 1.4961e-01 3.0081e-01 1.6794e-01 8.2645e-02 4.3925e-01 2.3232e-01 1.0145e-01 5.8065e-01 6.1682e-01 8.0357e-02 2.3729e-01 1.3684e-01 3.3588e-01 2.3387e-01 0.0000e+00 3.0769e-01 1.8797e-01 2.6471e-01 4.5045e-02 1.7323e-01
2.7273e-01 3.1034e-01 1.2000e-01 4.1463e-01 5.8182e-01 4.4882e-01 1.0000e+00 2.4299e-01 3.0400e-01 8.7302e-01 1.9091e-01 3.0081e-01 3.7903e-01 1.1321e-01 2.9897e-01 4.4521e-01 9.1667e-02 1.3084e-01 1.3534e-01 4.8077e-01 3.6000e-01 3.5652e-01 2.8421e-01 3.4545e-01 1.3768e-01 2.8148e-01 2.8906e-01 5.0495e-01 6.0000e-01 5.8929e-01 3.1061e-01 3.9604e-01 7.3043e-01 5.3333e-01 6.5487e-01 6.5185e-01 6.5574e-02 4.0800e-01 5.1261e-01 3.0973e-01 1.4815e-01 4.0625e-01 7.4615e-01 4.7287e-01 5.2778e-01 2.6050e-01 5.4545e-01 1.7647e-01 2.2727e-01 3.4188e-01
