5.9016e-01 3.0986e-01 7.3529e-01 2.5000e-01 6.7606e-01 6.7089e-01 7.2840e-01 7.3913e-01 4.8333e-01 6.0563e-01 3.6842e-01 4.2373e-01 3.2857e-01 2.8395e-01 3.3333e-01 4.0580e-01 1.6129e-01 1.9118e-01 8.2192e-02 3.3846e-01 5.4286e-01 2.7536e-01 3.2000e-01 3.9474e-01 2.3810e-01 3.0000e-01 5.0633e-01 3.2394e-01 6.0870e-01 6.1765e-01 7.3684e-01 6.4286e-01 6.3636e-01 6.6667e-01 3.7313e-01 3.7313e-01 3.3871e-01 5.9091e-01 5.4762e-01 2.6389e-01 5.4545e-01 0.0000e+00 2.1176e-01 4.2500e-01 8.0357e-01 7.1429e-02 4.3038e-01 7.1429e-01 3.0000e-01 6.5574e-01
3.8824e-01 4.0323e-01 0.0000e+00 0.0000e+00 6.7949e-01 0.0000e+00 2.8205e-01 4.4444e-01 7.5000e-02 1.5556e-01 0.0000e+00 0.0000e+00 9.0909e-02 0.0000e+00 8.6957e-02 4.4231e-01 5.3333e-02 0.0000e+00 1.3433e-01 3.0000e-01 1.7188e-01 3.4722e-01 4.1791e-01 9.8361e-02 8.6420e-02 9.3333e-02 1.2121e-01 0.0000e+00 5.4839e-01 6.4000e-01 1.4943e-01 0.0000e+00 0.0000e+00 2.7500e-01 2.8169e-01 2.2785e-01 2.2892e-01 1.9403e-01 4.4928e-01 0.0000e+00 0.0000e+00 1.5493e-01 1.6418e-01 2.6984e-01 1.0000e+00 6.6129e-01 0.0000e+00 1.2121e-01 3.7143e-01 1.3514e-01
3.1148e-01 4.1558e-01 3.0667e-01 5.7143e-01 4.9296e-01 6.3291e-01 6.0784e-01 3.2857e-01 6.1429e-01 7.1429e-01 6.8571e-01 3.1944e-01 5.2632e-01 6.6667e-01 1.6418e-01 5.5072e-01 4.6774e-01 4.3284e-01 5.5000e-01 2.8358e-01 6.6667e-01 4.0278e-01 4.0678e-01 6.6667e-01 6.7949e-01 3.2584e-01 3.7662e-01 3.6709e-01 6.0759e-01 4.1667e-01 3.7838e-01 4.4156e-01 5.9494e-01 5.8667e-01 6.6667e-01 4.0323e-01 5.3968e-01 3.8158e-01 6.9333e-01 3.9130e-01 6.5714e-01 3.9706e-01 8.2927e-01 3.6585e-01 4.1538e-01 3.8667e-01 4.4444e-01 3.3333e-01 4.6774e-01 3.1746e-01
1.0000e+00 3.3333e-01 9.4048e-01 7.5904e-01 2.3611e-01 9.6875e-01 1.0000e+00 7.7941e-01 8.1928e-01 9.0141e-01 1.9718e-01 9.5455e-01 7.3438e-01 7.0130e-01 6.8493e-02 5.9375e-01 2.9231e-01 7.0833e-01 6.9444e-01 1.3924e-01 9.6296e-01 9.1667e-01 1.1688e-01 9.8462e-01 1.5385e-02 6.6038e-01 6.9444e-01 4.0000e-01 3.3766e-01 7.4684e-01 9.0909e-02 6.8831e-01 6.5753e-01 3.6145e-02 3.1884e-01 3.2258e-02 8.7143e-01 9.3939e-01 7.3134e-01 1.2000e-01 8.0303e-01 6.8056e-01 2.2388e-01 7.8082e-01 8.3099e-01 1.0000e+00 9.5506e-01 8.4000e-01 9.7619e-01 2.8788e-01
1.4706e-01 2.3333e-01 0.0000e+00 0.0000e+00 1.4865e-01 0.0000e+00 2.6562e-01 0.0000e+00 0.0000e+00 0.0000e+00 5.7692e-02 2.8333e-01 0.0000e+00 5.0000e-02 0.0000e+00 2.9333e-01 2.0988e-01 1.5625e-02 1.0667e-01 5.0000e-01 5.0725e-01 8.9744e-02 2.7397e-01 1.8182e-01 8.5714e-02 1.3699e-02 0.0000e+00 0.0000e+00 1.2500e-01 2.1311e-01 1.7647e-01 3.8947e-01 4.4118e-02 1.0127e-01 4.2188e-01 0.0000e+00 0.0000e+00 7.3529e-02 8.7500e-01 0.0000e+00 7.1429e-02 0.0000e+00 1.9178e-01 0.0000e+00 2.6923e-01 8.1081e-02 1.0256e-01 7.6562e-01 1.2069e-01 0.0000e+00
3.0357e-01 2.5301e-01 1.5909e-01 1.0606e-01 0.0000e+00 7.0000e-01 0.0000e+00 0.0000e+00 0.0000e+00 7.8947e-02 4.4000e-01 2.4176e-01 9.4595e-02 2.0779e-01 3.8356e-01 3.6000e-01 1.4286e-01 1.5000e-01 8.6207e-02 2.4691e-02 2.7273e-01 0.0000e+00 0.0000e+00 0.0000e+00 3.3333e-01 8.5714e-02 0.0000e+00 0.0000e+00 3.8806e-01 7.0588e-01 1.0000e-01 3.4568e-01 1.4865e-01 0.0000e+00 3.0380e-01 5.4795e-02 1.4706e-02 1.0000e+00 1.0000e+00 1.1111e-01 1.0714e-01 4.0278e-01 1.0000e+00 0.0000e+00 8.0263e-01 0.0000e+00 2.4286e-01 6.4935e-02 8.8235e-02 0.0000e+00
2.3457e-01 4.4118e-02 3.0682e-01 2.0000e-01 1.4286e-01 1.3699e-01 2.6582e-01 1.6471e-01 0.0000e+00 1.9403e-01 6.9444e-02 1.0811e-01 6.6667e-02 1.0606e-01 7.8125e-02 5.6757e-01 8.1081e-02 9.7222e-02 6.8493e-02 1.4634e-01 1.0526e-01 8.0000e-02 2.1127e-01 3.2836e-01 1.0294e-01 1.0938e-01 7.8125e-02 2.7778e-02 1.3043e-01 5.9459e-01 4.5455e-02 1.9697e-01 5.3571e-02 9.5890e-02 1.6000e-01 1.2000e-01 0.0000e+00 4.2254e-02 4.2254e-01 9.6386e-02 7.0423e-02 8.1967e-02 2.0548e-01 2.6316e-02 2.1212e-01 4.0625e-01 8.8235e-02 2.9688e-01 1.0000e-01 0.0000e+00
6.8000e-01 4.9275e-01 2.9630e-01 4.9254e-01 4.5570e-01 4.5122e-01 3.0769e-01 4.4706e-01 7.4419e-01 5.7534e-01 1.1594e-01 1.9048e-01 3.7313e-01 3.0159e-01 6.1039e-01 6.2025e-01 7.1429e-01 6.8657e-01 2.6761e-01 6.3636e-01 7.6364e-01 3.8356e-01 4.3478e-01 7.8571e-01 3.9024e-01 7.1014e-01 3.3803e-01 5.9155e-01 6.9231e-01 5.2113e-01 5.1316e-01 4.3284e-01 1.7241e-01 2.3684e-01 5.6452e-01 6.7089e-01 5.0000e-01 4.0580e-01 4.4156e-01 6.1194e-01 3.5802e-01 5.3731e-01 5.0820e-01 4.3284e-01 6.5278e-01 6.9863e-01 5.5000e-01 7.3333e-01 3.8356e-01 3.2143e-01
9.0909e-02 7.8431e-02 3.8889e-01 5.6579e-01 6.1628e-01 1.4706e-01 5.0769e-01 3.8356e-01 1.8667e-01 1.9355e-01 1.9718e-01 4.3333e-01 1.0000e-01 1.7949e-01 6.1538e-02 4.4156e-01 2.7027e-01 1.3043e-01 2.3881e-01 1.5714e-01 1.0000e-01 4.3421e-01 3.3846e-01 3.2877e-01 2.5352e-01 4.0580e-01 7.2464e-02 8.5714e-02 3.9130e-01 4.4304e-01 2.7273e-01 2.7451e-01 1.2329e-01 2.5397e-01 5.3750e-01 4.1667e-01 9.7222e-02 5.0877e-01 2.4638e-01 1.3889e-01 2.8205e-01 1.0127e-01 8.1429e-01 3.4921e-01 8.8235e-02 1.1864e-01 7.6712e-01 1.3333e-01 6.0000e-02 3.3333e-01
2.1538e-01 6.2963e-01 1.3433e-01 2.4706e-01 5.5224e-01 7.8409e-01 4.2029e-01 8.3824e-01 4.8000e-01 4.6479e-01 2.6316e-01 8.2090e-01 5.7746e-01 6.8354e-01 6.8519e-01 3.4921e-01 6.9620e-01 8.6486e-01 7.3196e-01 7.4324e-01 7.1429e-01 1.3846e-01 2.0312e-01 2.7536e-01 4.6774e-01 5.4286e-01 7.7143e-01 3.1884e-01 8.5000e-01 2.9762e-01 2.1739e-01 7.5714e-01 8.0822e-01 7.9412e-01 6.4789e-01 9.6053e-01 8.9394e-01 7.7778e-01 2.0896e-01 6.5079e-01 3.1944e-01 2.7632e-01 5.5814e-01 8.3824e-01 4.8684e-01 4.6341e-01 8.7500e-01 3.3333e-01 3.6842e-01 8.2192e-01
