1.0000e+00 0.0000e+00 0.0000e+00 5.0000e+00 0.0000e+00 0.0000e+00 1.0000e+00 0.0000e+00 9.0630e+03 3.9410e+03
1.0000e+00 4.0000e+00 0.0000e+00 9.9550e+03 5.0000e+00 0.0000e+00 3.0000e+00 0.0000e+00 0.0000e+00 3.0110e+03
1.9070e+03 0.0000e+00 0.0000e+00 1.0000e+00 7.7830e+03 0.0000e+00 1.9000e+01 0.0000e+00 0.0000e+00 1.0000e+00
1.1000e+01 0.0000e+00 6.0000e+00 0.0000e+00 1.0000e+00 9.9080e+03 0.0000e+00 0.0000e+00 1.0000e+00 3.0000e+00
0.0000e+00 0.0000e+00 8.1320e+03 0.0000e+00 0.0000e+00 1.0000e+00 0.0000e+00 0.0000e+00 0.0000e+00 1.0000e+00
1.0000e+00 1.0000e+00 0.0000e+00 0.0000e+00 0.0000e+00 6.0000e+00 9.8030e+03 0.0000e+00 0.0000e+00 1.0000e+00
6.5880e+03 0.0000e+00 0.0000e+00 1.0000e+00 0.0000e+00 0.0000e+00 0.0000e+00 1.0000e+00 0.0000e+00 1.6550e+03
0.0000e+00 2.0000e+00 6.7700e+02 0.0000e+00 0.0000e+00 0.0000e+00 0.0000e+00 8.2680e+03 0.0000e+00 0.0000e+00
1.0000e+00 1.2000e+01 0.0000e+00 0.0000e+00 0.0000e+00 0.0000e+00 4.0000e+00 5.0000e+00 0.0000e+00 0.0000e+00
0.0000e+00 9.8300e+03 0.0000e+00 0.0000e+00 0.0000e+00 0.0000e+00 0.0000e+00 0.0000e+00 0.0000e+00 0.0000e+00
