1.1400e+02 8.9000e+01 1.0100e+02 1.0000e+02 9.3000e+01 9.9000e+01 1.0000e+02 8.8000e+01 1.0900e+02 8.8380e+03
9.9000e+01 8.0000e+01 9.7000e+01 8.8250e+03 1.0000e+02 1.0300e+02 1.0000e+02 1.1200e+02 9.6000e+01 2.0000e+02
8.2200e+02 9.7000e+01 9.6000e+01 1.0200e+02 8.9250e+03 1.1100e+02 6.6400e+02 1.0800e+02 9.7000e+01 9.8000e+01
1.0000e+02 1.1900e+02 9.5000e+01 1.0600e+02 1.0500e+02 9.1670e+03 9.2000e+01 1.0100e+02 9.5000e+01 7.7000e+01
1.0200e+02 1.1200e+02 8.8860e+03 1.2700e+02 1.0600e+02 9.8000e+01 1.0700e+02 8.8000e+01 9.4000e+01 1.0500e+02
1.1800e+02 1.0300e+02 9.2000e+01 1.0400e+02 9.6000e+01 9.4000e+01 8.6390e+03 1.3100e+02 8.7000e+01 1.1200e+02
8.4110e+03 9.9000e+01 1.0700e+02 1.1100e+02 1.6600e+02 8.9000e+01 1.0900e+02 9.4000e+01 9.4000e+01 9.3000e+01
9.5000e+01 5.5000e+02 2.8700e+02 1.0500e+02 8.2000e+01 9.8000e+01 8.3000e+01 9.2460e+03 8.8000e+01 1.0300e+02
1.0200e+02 9.6000e+01 1.2400e+02 3.3600e+02 9.2000e+01 1.0800e+02 1.0500e+02 1.2100e+02 9.0840e+03 9.4000e+01
1.0000e+02 8.5990e+03 1.0000e+02 1.1000e+02 1.0600e+02 1.0300e+02 8.4000e+01 1.0200e+02 1.0900e+02 9.4000e+01
