9.0196e-01 1.3000e-01 2.0879e-01 7.6238e-01 4.5631e-01 4.6296e-01 3.5294e-01 2.5000e-01 9.1250e-01 9.3750e-01
1.7000e-01 5.1042e-01 2.5253e-01 1.0000e+00 4.9107e-01 2.6087e-01 7.8302e-01 6.6038e-02 8.4211e-02 9.6203e-01
9.9107e-01 5.3922e-01 4.3478e-02 6.2500e-01 7.5000e-01 5.1042e-01 9.5455e-01 7.6106e-01 4.7475e-01 4.3434e-01
7.8095e-01 8.4536e-01 8.2022e-01 5.2941e-01 7.4747e-01 9.7087e-01 1.4706e-01 4.3590e-01 4.1237e-01 7.6699e-01
0.0000e+00 1.6346e-01 8.7705e-01 6.5957e-01 2.5882e-01 2.3864e-01 1.0204e-02 4.8077e-01 1.5455e-01 3.4118e-01
6.5000e-01 3.7037e-01 1.1304e-01 1.3830e-01 5.3333e-01 4.0870e-01 9.8876e-01 6.7500e-01 1.9811e-01 5.4321e-01
7.7885e-01 3.9640e-01 2.3301e-01 3.1776e-01 6.4583e-01 5.3509e-01 5.1402e-01 2.3404e-01 4.2268e-01 6.2136e-01
4.8000e-01 9.6774e-01 9.6512e-01 2.6471e-01 0.0000e+00 2.7381e-01 6.6279e-01 7.6190e-01 4.6610e-01 9.4340e-03
2.6733e-01 4.4444e-01 1.2766e-01 7.8409e-01 4.5714e-01 4.2553e-02 4.9020e-01 5.3846e-01 6.9159e-01 3.9823e-01
1.8349e-02 1.0000e+00 2.7885e-01 2.2105e-01 1.3978e-01 2.4272e-01 1.5686e-01 4.0367e-01 3.9216e-01 5.8242e-01
