0.0000e+00 0.0000e+00 5.0000e-01 0.0000e+00 0.0000e+00 3.3333e-01 5.7576e-01 7.1470e-01 3.3333e-01 6.3335e-01 0.0000e+00 0.0000e+00 3.7500e-01 0.0000e+00 0.0000e+00 0.0000e+00 0.0000e+00 0.0000e+00 0.0000e+00 0.0000e+00 5.0000e-01 0.0000e+00 0.0000e+00 5.0000e-01 5.0000e-01 0.0000e+00 5.9110e-01 0.0000e+00 5.0000e-01 5.0000e-01 6.4560e-01 7.5612e-01 0.0000e+00 4.0000e-01 4.5455e-01 4.0000e-01 0.0000e+00 1.0000e+00 6.6667e-01 0.0000e+00 5.7165e-01 0.0000e+00 5.0000e-01 0.0000e+00 1.0000e+00 0.0000e+00 0.0000e+00 1.0000e+00 0.0000e+00 6.0991e-01
3.3333e-01 0.0000e+00 0.0000e+00 0.0000e+00 3.3333e-01 0.0000e+00 0.0000e+00 5.0741e-01 0.0000e+00 0.0000e+00 0.0000e+00 0.0000e+00 0.0000e+00 0.0000e+00 0.0000e+00 0.0000e+00 0.0000e+00 0.0000e+00 0.0000e+00 3.5897e-01 0.0000e+00 3.3333e-01 4.2737e-01 0.0000e+00 0.0000e+00 0.0000e+00 3.3333e-01 0.0000e+00 6.1364e-01 6.8674e-01 0.0000e+00 0.0000e+00 0.0000e+00 3.3333e-01 0.0000e+00 0.0000e+00 0.0000e+00 0.0000e+00 0.0000e+00 0.0000e+00 0.0000e+00 2.2222e-01 0.0000e+00 2.5000e-01 1.0000e+00 0.0000e+00 0.0000e+00 5.0000e-01 3.3333e-01 0.0000e+00
0.0000e+00 0.0000e+00 0.0000e+00 4.0000e-01 5.0000e-01 6.2506e-01 5.7143e-01 0.0000e+00 0.0000e+00 5.0000e-01 0.0000e+00 0.0000e+00 5.8311e-01 6.3806e-01 0.0000e+00 6.6667e-01 5.4635e-01 5.3333e-01 0.0000e+00 5.0000e-01 6.8219e-01 3.3333e-01 5.0000e-01 5.0000e-01 6.4470e-01 5.0000e-01 5.0000e-01 0.0000e+00 8.0000e-01 0.0000e+00 5.0000e-01 5.0000e-01 5.9206e-01 0.0000e+00 3.3333e-01 0.0000e+00 0.0000e+00 0.0000e+00 1.0000e+00 0.0000e+00 5.0000e-01 0.0000e+00 1.0000e+00 0.0000e+00 1.0000e+00 5.0000e-01 0.0000e+00 0.0000e+00 5.0000e-01 0.0000e+00
1.0000e+00 0.0000e+00 9.2864e-01 7.6430e-01 0.0000e+00 8.4091e-01 1.0000e+00 1.0000e+00 7.1429e-01 9.1667e-01 3.3333e-01 6.6667e-01 6.1111e-01 0.0000e+00 0.0000e+00 0.0000e+00 0.0000e+00 5.0000e-01 0.0000e+00 0.0000e+00 1.0000e+00 9.0089e-01 0.0000e+00 9.7983e-01 0.0000e+00 8.0000e-01 0.0000e+00 0.0000e+00 0.0000e+00 6.6667e-01 1.0000e+00 0.0000e+00 0.0000e+00 0.0000e+00 0.0000e+00 0.0000e+00 6.6667e-01 1.0000e+00 1.0000e+00 0.0000e+00 8.5714e-01 7.2151e-01 1.0000e+00 5.0000e-01 1.0000e+00 9.8974e-01 8.1250e-01 5.0000e-01 9.4177e-01 0.0000e+00
3.3333e-01 0.0000e+00 0.0000e+00 0.0000e+00 0.0000e+00 0.0000e+00 0.0000e+00 0.0000e+00 0.0000e+00 0.0000e+00 0.0000e+00 0.0000e+00 0.0000e+00 0.0000e+00 0.0000e+00 0.0000e+00 0.0000e+00 0.0000e+00 0.0000e+00 3.3333e-01 3.3333e-01 2.5000e-01 0.0000e+00 0.0000e+00 0.0000e+00 0.0000e+00 0.0000e+00 0.0000e+00 0.0000e+00 0.0000e+00 3.3333e-01 3.3333e-01 0.0000e+00 0.0000e+00 2.9558e-01 0.0000e+00 0.0000e+00 0.0000e+00 0.0000e+00 0.0000e+00 0.0000e+00 0.0000e+00 5.0000e-01 0.0000e+00 0.0000e+00 0.0000e+00 0.0000e+00 7.1311e-01 0.0000e+00 0.0000e+00
4.0000e-01 0.0000e+00 3.3333e-01 0.0000e+00 0.0000e+00 0.0000e+00 0.0000e+00 0.0000e+00 0.0000e+00 0.0000e+00 4.0232e-01 0.0000e+00 0.0000e+00 0.0000e+00 0.0000e+00 0.0000e+00 3.3333e-01 3.3333e-01 0.0000e+00 3.3333e-01 0.0000e+00 0.0000e+00 0.0000e+00 0.0000e+00 0.0000e+00 0.0000e+00 0.0000e+00 0.0000e+00 5.0000e-01 0.0000e+00 0.0000e+00 0.0000e+00 0.0000e+00 0.0000e+00 3.3333e-01 0.0000e+00 0.0000e+00 1.0000e+00 1.0000e+00 0.0000e+00 0.0000e+00 0.0000e+00 1.0000e+00 0.0000e+00 0.0000e+00 0.0000e+00 0.0000e+00 0.0000e+00 3.3333e-01 0.0000e+00
0.0000e+00 0.0000e+00 0.0000e+00 0.0000e+00 0.0000e+00 0.0000e+00 0.0000e+00 0.0000e+00 0.0000e+00 0.0000e+00 0.0000e+00 3.3333e-01 0.0000e+00 0.0000e+00 0.0000e+00 5.9810e-01 0.0000e+00 0.0000e+00 0.0000e+00 0.0000e+00 0.0000e+00 0.0000e+00 0.0000e+00 0.0000e+00 0.0000e+00 0.0000e+00 2.7273e-01 0.0000e+00 3.3333e-01 0.0000e+00 0.0000e+00 0.0000e+00 0.0000e+00 0.0000e+00 0.0000e+00 0.0000e+00 0.0000e+00 0.0000e+00 0.0000e+00 0.0000e+00 0.0000e+00 0.0000e+00 0.0000e+00 0.0000e+00 0.0000e+00 3.3333e-01 0.0000e+00 5.0000e-01 2.5000e-01 0.0000e+00
0.0000e+00 5.5673e-01 0.0000e+00 0.0000e+00 5.0000e-01 0.0000e+00 5.0000e-01 5.0000e-01 6.2855e-01 5.0000e-01 0.0000e+00 0.0000e+00 0.0000e+00 0.0000e+00 5.5374e-01 0.0000e+00 0.0000e+00 7.3423e-01 0.0000e+00 5.7143e-01 0.0000e+00 0.0000e+00 0.0000e+00 5.8333e-01 0.0000e+00 6.4773e-01 0.0000e+00 5.7990e-01 0.0000e+00 5.0000e-01 5.0000e-01 0.0000e+00 0.0000e+00 5.0000e-01 0.0000e+00 6.2176e-01 5.0000e-01 0.0000e+00 0.0000e+00 3.3333e-01 5.0000e-01 0.0000e+00 1.0000e+00 0.0000e+00 0.0000e+00 0.0000e+00 6.2622e-01 5.0000e-01 0.0000e+00 5.0000e-01
0.0000e+00 0.0000e+00 0.0000e+00 0.0000e+00 5.0813e-01 0.0000e+00 3.8551e-01 0.0000e+00 3.0769e-01 0.0000e+00 2.8571e-01 0.0000e+00 0.0000e+00 2.8571e-01 0.0000e+00 0.0000e+00 0.0000e+00 3.4783e-01 0.0000e+00 3.3333e-01 0.0000e+00 0.0000e+00 3.2704e-01 0.0000e+00 3.3333e-01 3.3333e-01 0.0000e+00 0.0000e+00 5.0000e-01 3.3333e-01 0.0000e+00 0.0000e+00 0.0000e+00 3.0000e-01 0.0000e+00 0.0000e+00 0.0000e+00 0.0000e+00 5.0000e-01 2.2222e-01 0.0000e+00 0.0000e+00 8.2539e-01 3.0233e-01 0.0000e+00 0.0000e+00 0.0000e+00 0.0000e+00 0.0000e+00 3.3333e-01
5.0000e-01 0.0000e+00 0.0000e+00 5.0000e-01 8.5714e-01 6.0000e-01 0.0000e+00 5.0000e-01 5.0000e-01 5.0000e-01 0.0000e+00 8.6105e-01 5.0000e-01 0.0000e+00 0.0000e+00 0.0000e+00 7.1260e-01 8.6176e-01 7.1273e-01 8.1357e-01 0.0000e+00 0.0000e+00 0.0000e+00 0.0000e+00 7.2727e-01 6.6667e-01 0.0000e+00 0.0000e+00 5.0000e-01 0.0000e+00 0.0000e+00 8.0769e-01 0.0000e+00 8.1926e-01 0.0000e+00 0.0000e+00 8.8673e-01 1.0000e+00 1.0000e+00 6.4643e-01 5.0000e-01 0.0000e+00 0.0000e+00 7.6612e-01 1.0000e+00 5.0000e-01 5.0000e-01 0.0000e+00 0.0000e+00 0.0000e+00
