0.0000e+00 0.0000e+00 1.0000e+00 0.0000e+00 0.0000e+00 1.0000e+00 1.9000e+01 2.2020e+03 1.0000e+00 3.7260e+03 0.0000e+00 0.0000e+00 3.0000e+00 0.0000e+00 0.0000e+00 0.0000e+00 0.0000e+00 0.0000e+00 0.0000e+00 0.0000e+00 2.0000e+00 0.0000e+00 0.0000e+00 2.0000e+00 1.0000e+00 0.0000e+00 3.4940e+03 0.0000e+00 1.0000e+00 1.0000e+00 3.8310e+03 4.4770e+03 0.0000e+00 2.0000e+00 5.0000e+00 4.0000e+00 0.0000e+00 2.0000e+00 2.0000e+00 0.0000e+00 3.3950e+03 0.0000e+00 1.0000e+00 0.0000e+00 2.0000e+00 0.0000e+00 0.0000e+00 1.0000e+00 0.0000e+00 3.6540e+03
1.0000e+00 0.0000e+00 0.0000e+00 0.0000e+00 1.0000e+00 0.0000e+00 0.0000e+00 1.4720e+03 0.0000e+00 0.0000e+00 0.0000e+00 0.0000e+00 0.0000e+00 0.0000e+00 0.0000e+00 0.0000e+00 0.0000e+00 0.0000e+00 0.0000e+00 1.4000e+01 0.0000e+00 1.0000e+00 2.4860e+03 0.0000e+00 0.0000e+00 0.0000e+00 9.0000e+00 0.0000e+00 3.6530e+03 4.0490e+03 0.0000e+00 0.0000e+00 0.0000e+00 1.0000e+00 0.0000e+00 0.0000e+00 0.0000e+00 0.0000e+00 0.0000e+00 0.0000e+00 0.0000e+00 2.0000e+00 0.0000e+00 1.0000e+00 5.9560e+03 0.0000e+00 0.0000e+00 1.0000e+00 6.0000e+00 0.0000e+00
0.0000e+00 0.0000e+00 0.0000e+00 2.0000e+00 1.0000e+00 3.7560e+03 4.0000e+00 0.0000e+00 0.0000e+00 1.1000e+01 0.0000e+00 0.0000e+00 3.4870e+03 3.8220e+03 0.0000e+00 1.0000e+01 2.9000e+03 8.0000e+00 0.0000e+00 9.0000e+00 4.0720e+03 1.0000e+00 2.0000e+00 1.0000e+00 3.8540e+03 1.0000e+00 4.0000e+00 0.0000e+00 4.0000e+00 0.0000e+00 2.0000e+00 1.0000e+00 3.5950e+03 0.0000e+00 1.0000e+00 0.0000e+00 0.0000e+00 0.0000e+00 0.0000e+00 0.0000e+00 1.0000e+00 0.0000e+00 1.0000e+00 0.0000e+00 2.0000e+00 2.0000e+00 0.0000e+00 0.0000e+00 1.0000e+00 0.0000e+00
5.8800e+03 0.0000e+00 5.4790e+03 4.6240e+03 0.0000e+00 3.7000e+01 2.0000e+00 1.0000e+00 1.0000e+01 2.2000e+01 1.0000e+00 2.0000e+00 1.1000e+01 0.0000e+00 0.0000e+00 0.0000e+00 0.0000e+00 1.0000e+00 0.0000e+00 0.0000e+00 4.0000e+00 5.3720e+03 0.0000e+00 5.8770e+03 0.0000e+00 4.0000e+00 0.0000e+00 0.0000e+00 0.0000e+00 2.0000e+00 1.0000e+00 0.0000e+00 0.0000e+00 0.0000e+00 0.0000e+00 0.0000e+00 2.0000e+00 2.0000e+00 1.0000e+00 0.0000e+00 6.0000e+00 4.4070e+03 0.0000e+00 1.0000e+00 0.0000e+00 5.7900e+03 1.3000e+01 1.0000e+00 5.6930e+03 0.0000e+00
1.0000e+00 0.0000e+00 0.0000e+00 0.0000e+00 0.0000e+00 0.0000e+00 0.0000e+00 0.0000e+00 0.0000e+00 0.0000e+00 0.0000e+00 0.0000e+00 0.0000e+00 0.0000e+00 0.0000e+00 0.0000e+00 0.0000e+00 0.0000e+00 0.0000e+00 2.0000e+00 1.0000e+00 1.0000e+00 0.0000e+00 0.0000e+00 0.0000e+00 0.0000e+00 0.0000e+00 0.0000e+00 0.0000e+00 0.0000e+00 1.0000e+00 2.0000e+00 0.0000e+00 0.0000e+00 1.8140e+03 0.0000e+00 0.0000e+00 0.0000e+00 0.0000e+00 0.0000e+00 0.0000e+00 0.0000e+00 1.0000e+00 0.0000e+00 0.0000e+00 0.0000e+00 0.0000e+00 4.3250e+03 0.0000e+00 0.0000e+00
2.0000e+00 0.0000e+00 1.0000e+00 0.0000e+00 0.0000e+00 0.0000e+00 0.0000e+00 0.0000e+00 0.0000e+00 0.0000e+00 2.4590e+03 0.0000e+00 0.0000e+00 0.0000e+00 0.0000e+00 0.0000e+00 1.0000e+00 1.0000e+00 0.0000e+00 1.0000e+00 0.0000e+00 0.0000e+00 0.0000e+00 0.0000e+00 0.0000e+00 0.0000e+00 0.0000e+00 0.0000e+00 1.0000e+00 0.0000e+00 0.0000e+00 0.0000e+00 0.0000e+00 0.0000e+00 1.0000e+00 0.0000e+00 0.0000e+00 6.0190e+03 6.1050e+03 0.0000e+00 0.0000e+00 0.0000e+00 3.9320e+03 0.0000e+00 0.0000e+00 0.0000e+00 0.0000e+00 0.0000e+00 1.0000e+00 0.0000e+00
0.0000e+00 0.0000e+00 0.0000e+00 0.0000e+00 0.0000e+00 0.0000e+00 0.0000e+00 0.0000e+00 0.0000e+00 0.0000e+00 0.0000e+00 1.0000e+00 0.0000e+00 0.0000e+00 0.0000e+00 3.5940e+03 0.0000e+00 0.0000e+00 0.0000e+00 0.0000e+00 0.0000e+00 0.0000e+00 0.0000e+00 0.0000e+00 0.0000e+00 0.0000e+00 3.0000e+00 0.0000e+00 1.0000e+00 0.0000e+00 0.0000e+00 0.0000e+00 0.0000e+00 0.0000e+00 0.0000e+00 0.0000e+00 0.0000e+00 0.0000e+00 0.0000e+00 0.0000e+00 0.0000e+00 0.0000e+00 0.0000e+00 0.0000e+00 0.0000e+00 1.0000e+00 0.0000e+00 1.0000e+00 1.0000e+00 0.0000e+00
0.0000e+00 3.3220e+03 0.0000e+00 0.0000e+00 1.0000e+00 0.0000e+00 1.0000e+00 1.0000e+00 3.7210e+03 3.0000e+00 0.0000e+00 0.0000e+00 0.0000e+00 0.0000e+00 3.3130e+03 0.0000e+00 0.0000e+00 3.5390e+03 0.0000e+00 4.0000e+00 0.0000e+00 0.0000e+00 0.0000e+00 7.0000e+00 0.0000e+00 3.8760e+03 0.0000e+00 3.5020e+03 0.0000e+00 1.0000e+00 1.0000e+00 0.0000e+00 0.0000e+00 1.0000e+00 0.0000e+00 3.7200e+03 1.0000e+00 0.0000e+00 0.0000e+00 2.0000e+00 1.0000e+00 0.0000e+00 1.0000e+00 0.0000e+00 0.0000e+00 0.0000e+00 3.7730e+03 1.0000e+00 0.0000e+00 2.0000e+00
0.0000e+00 0.0000e+00 0.0000e+00 0.0000e+00 3.0610e+03 0.0000e+00 2.2610e+03 0.0000e+00 4.0000e+00 0.0000e+00 2.0000e+00 0.0000e+00 0.0000e+00 2.0000e+00 0.0000e+00 0.0000e+00 0.0000e+00 1.6000e+01 0.0000e+00 3.0000e+00 0.0000e+00 0.0000e+00 5.2000e+01 0.0000e+00 1.0000e+00 1.0000e+00 0.0000e+00 0.0000e+00 1.0000e+00 1.0000e+00 0.0000e+00 0.0000e+00 0.0000e+00 3.0000e+00 0.0000e+00 0.0000e+00 0.0000e+00 0.0000e+00 1.0000e+00 2.0000e+00 0.0000e+00 0.0000e+00 1.6450e+03 7.8000e+01 0.0000e+00 0.0000e+00 0.0000e+00 0.0000e+00 0.0000e+00 3.0000e+00
1.0000e+00 0.0000e+00 0.0000e+00 1.0000e+00 6.0000e+00 3.0000e+00 0.0000e+00 1.0000e+00 1.0000e+00 1.0000e+00 0.0000e+00 5.0320e+03 2.0000e+00 0.0000e+00 0.0000e+00 0.0000e+00 3.6200e+02 8.5400e+02 4.3070e+03 4.7960e+03 0.0000e+00 0.0000e+00 0.0000e+00 0.0000e+00 8.0000e+00 2.0000e+00 0.0000e+00 0.0000e+00 1.0000e+00 0.0000e+00 0.0000e+00 4.2000e+01 0.0000e+00 5.0540e+03 0.0000e+00 0.0000e+00 5.2530e+03 1.0000e+00 0.0000e+00 3.8980e+03 1.0000e+00 0.0000e+00 0.0000e+00 4.4090e+03 3.0000e+00 1.0000e+00 1.0000e+00 0.0000e+00 0.0000e+00 0.0000e+00
