4.0000e+01 3.8000e+01 9.1000e+01 2.1000e+01 2.6600e+02 1.0700e+02 1.5000e+01 3.2900e+02 1.4100e+02 8.6000e+01 1.0000e+02 4.3000e+01 3.3000e+01 5.4000e+01 5.7000e+01 8.4000e+01 3.1000e+01 1.3000e+01 1.9000e+01 1.7000e+01 4.3000e+01 1.5000e+01 1.2700e+02 2.1000e+01 2.2000e+01 8.0000e+01 1.3200e+02 6.4000e+01 2.1100e+02 2.0400e+02 5.6900e+03 4.1200e+02 1.0600e+02 1.1500e+02 3.6000e+01 3.2000e+01 1.8000e+01 3.1000e+01 3.7000e+01 3.3000e+01 9.0000e+01 1.1000e+01 1.2000e+01 3.7000e+01 1.6100e+02 1.2000e+01 3.9000e+01 1.3800e+02 1.6000e+01 5.3000e+01
1.5000e+01 2.6000e+01 7.0000e+00 1.0000e+01 4.5630e+03 8.0000e+00 1.5000e+01 2.5000e+01 1.7000e+01 1.3000e+01 1.2000e+01 8.0000e+00 1.4000e+01 1.1000e+01 1.9000e+01 1.4000e+02 1.4000e+01 9.0000e+00 1.7000e+01 4.1000e+01 7.0000e+00 1.3000e+01 1.5200e+02 7.0000e+00 1.4000e+01 1.4000e+01 2.0000e+01 1.7000e+01 2.0000e+02 4.2700e+02 2.7000e+01 9.0000e+00 9.0000e+00 1.1000e+01 5.0000e+01 1.1000e+01 2.0000e+01 1.5000e+01 2.9000e+01 1.4000e+01 8.0000e+00 1.4000e+01 1.5000e+01 3.3000e+01 5.7510e+03 7.9000e+01 7.0000e+00 1.6000e+01 1.7000e+01 1.1000e+01
1.0000e+01 3.6000e+01 1.8000e+01 1.1300e+02 6.3000e+01 3.6000e+01 4.5000e+01 1.7000e+01 1.8600e+02 3.4000e+01 5.6270e+03 1.0000e+01 8.8000e+01 5.0900e+02 2.8000e+01 4.6200e+02 6.2000e+01 4.1000e+01 7.5000e+01 1.7000e+01 7.0000e+01 1.8000e+01 4.7000e+01 1.9000e+01 5.4650e+03 8.7000e+01 1.4000e+01 1.3400e+02 3.9100e+02 4.1000e+01 4.2000e+01 2.3000e+01 9.0000e+01 3.8000e+01 9.6300e+02 2.2000e+01 6.3000e+01 2.4000e+01 3.9000e+01 3.1000e+01 7.8000e+01 4.3000e+01 8.7000e+01 8.3000e+01 0.0000e+00 1.9000e+01 1.4000e+01 2.8000e+01 5.6000e+01 2.2000e+01
5.9740e+03 6.0000e+01 5.9000e+03 5.7850e+03 1.8000e+01 5.2010e+03 5.9140e+03 1.2200e+02 4.6980e+03 5.7280e+03 2.6000e+01 4.9770e+03 5.5820e+03 4.5520e+03 1.5000e+01 3.8360e+03 1.4000e+01 3.9600e+02 6.2400e+02 1.7000e+01 5.5940e+03 5.7340e+03 4.7000e+01 6.0080e+03 1.4000e+01 2.4620e+03 3.6530e+03 1.2600e+02 2.4000e+01 2.6070e+03 3.3000e+01 2.4700e+02 2.3900e+02 9.0000e+00 6.7000e+01 9.0000e+00 2.0810e+03 3.9810e+03 1.9000e+01 1.9000e+01 5.8990e+03 5.7920e+03 1.2000e+01 8.8300e+02 0.0000e+00 5.9080e+03 5.1070e+03 5.1810e+03 5.8790e+03 9.0000e+00
0.0000e+00 2.2000e+01 7.0000e+00 1.0000e+01 1.4000e+01 8.0000e+00 0.0000e+00 9.0000e+00 1.2000e+01 8.0000e+00 1.2000e+01 1.0000e+01 1.0000e+01 1.1000e+01 1.2000e+01 3.2000e+01 1.2000e+01 9.0000e+00 1.7000e+01 5.1000e+01 2.6000e+01 8.0000e+00 4.9000e+01 0.0000e+00 1.4000e+01 1.7000e+01 1.1000e+01 1.7000e+01 1.5000e+01 2.3000e+01 2.4000e+01 9.0000e+00 9.0000e+00 9.0000e+00 5.7000e+01 8.0000e+00 8.0000e+00 9.0000e+00 9.8900e+02 1.4000e+01 1.7000e+01 1.1000e+01 9.0000e+00 1.0000e+01 0.0000e+00 0.0000e+00 7.0000e+00 2.3700e+02 9.0000e+00 9.0000e+00
0.0000e+00 2.2000e+01 1.4000e+01 1.0000e+01 1.1000e+01 2.2000e+01 0.0000e+00 9.0000e+00 1.2000e+01 8.0000e+00 1.0000e+02 8.0000e+00 1.2000e+01 1.8000e+01 6.7000e+01 1.4000e+02 1.9000e+01 9.0000e+00 1.2000e+01 9.0000e+00 1.4000e+01 8.0000e+00 1.9000e+01 0.0000e+00 3.3000e+01 1.7000e+01 1.1000e+01 1.7000e+01 2.4000e+01 2.2320e+03 2.0000e+01 3.2000e+01 2.2000e+01 9.0000e+00 7.4000e+01 9.0000e+00 8.0000e+00 1.9460e+03 4.9060e+03 1.9000e+01 8.0000e+00 3.0000e+01 5.8700e+03 1.0000e+01 0.0000e+00 0.0000e+00 1.1000e+01 1.1000e+01 7.0000e+00 9.0000e+00
0.0000e+00 1.5000e+01 1.1000e+01 1.9000e+01 1.8000e+01 1.0000e+01 0.0000e+00 1.1000e+01 1.2000e+01 8.0000e+00 1.5000e+01 1.0000e+01 1.0000e+01 1.1000e+01 1.5000e+01 5.4500e+02 1.4000e+01 1.5000e+01 1.2000e+01 9.0000e+00 7.0000e+00 1.2000e+01 5.2000e+01 0.0000e+00 2.2000e+01 1.7000e+01 1.1000e+01 3.9000e+01 1.7000e+01 2.4900e+02 1.4000e+01 1.3000e+01 9.0000e+00 1.5000e+01 2.4000e+01 1.1000e+01 8.0000e+00 0.0000e+00 0.0000e+00 1.4000e+01 1.2000e+01 1.8000e+01 0.0000e+00 1.0000e+01 0.0000e+00 0.0000e+00 7.0000e+00 1.4000e+01 7.0000e+00 1.3000e+01
0.0000e+00 1.5800e+02 1.4000e+01 5.0000e+01 1.0300e+02 4.0000e+01 0.0000e+00 2.0000e+01 6.7800e+02 6.2000e+01 1.2000e+01 1.1000e+01 4.7000e+01 1.3000e+01 1.7200e+02 6.5700e+02 2.3100e+02 2.6900e+02 4.1000e+01 1.2300e+02 4.4000e+01 2.1000e+01 5.4490e+03 0.0000e+00 4.1000e+01 3.1850e+03 3.2000e+01 5.4480e+03 5.2800e+02 8.8000e+01 1.5500e+02 2.1000e+01 9.0000e+00 2.7000e+01 2.3800e+02 8.5000e+01 4.4000e+01 0.0000e+00 0.0000e+00 2.4800e+03 1.2000e+01 4.5000e+01 0.0000e+00 2.8000e+01 0.0000e+00 0.0000e+00 9.4000e+01 3.4700e+02 3.5000e+01 1.5000e+01
0.0000e+00 1.5000e+01 1.6000e+01 5.7000e+01 1.0000e+02 8.0000e+00 0.0000e+00 4.6000e+01 3.1000e+01 1.3000e+01 1.7000e+01 3.9000e+01 1.0000e+01 1.8000e+01 1.9000e+01 1.1200e+02 2.9000e+01 2.3000e+01 1.9000e+01 9.0000e+00 7.0000e+00 1.2000e+01 1.0800e+02 0.0000e+00 2.4000e+01 2.4000e+01 1.4000e+01 2.0000e+01 4.6000e+01 1.0000e+02 4.2000e+01 1.5000e+01 9.0000e+00 3.8000e+01 1.0500e+02 3.1000e+01 8.0000e+00 0.0000e+00 0.0000e+00 1.7000e+01 1.0000e+01 1.4000e+01 0.0000e+00 4.0000e+01 0.0000e+00 0.0000e+00 1.5000e+02 1.6000e+01 1.1000e+01 3.3000e+01
0.0000e+00 5.6280e+03 1.1000e+01 2.1000e+01 7.7100e+02 5.3100e+02 0.0000e+00 5.3330e+03 2.4500e+02 1.5000e+01 5.8000e+01 9.0700e+02 2.0300e+02 9.5500e+02 5.5050e+03 1.2000e+01 5.6310e+03 5.2490e+03 5.1490e+03 5.7860e+03 1.7300e+02 8.0000e+00 2.5000e+01 0.0000e+00 2.2100e+02 2.0500e+02 2.0770e+03 8.1000e+01 4.6230e+03 2.3000e+01 3.6000e+01 5.0880e+03 5.4130e+03 5.7620e+03 4.2970e+03 5.8560e+03 3.7090e+03 0.0000e+00 0.0000e+00 3.2740e+03 1.0000e+01 2.9000e+01 0.0000e+00 4.8320e+03 0.0000e+00 0.0000e+00 4.2300e+02 1.3000e+01 1.4000e+01 5.8130e+03
