2.4000e+01 1.2000e+01 6.3000e+01 5.0000e+00 1.6200e+02 7.5000e+01 5.0000e+00 2.4000e+02 7.5000e+01 5.7000e+01 4.8000e+01 2.4000e+01 1.2000e+01 2.3000e+01 2.3000e+01 3.9000e+01 9.0000e+00 2.0000e+00 3.0000e+00 4.0000e+00 2.5000e+01 4.0000e+00 4.6000e+01 9.0000e+00 3.0000e+00 3.2000e+01 7.2000e+01 1.9000e+01 1.3400e+02 1.2600e+02 3.6850e+03 2.9800e+02 6.5000e+01 7.1000e+01 1.1000e+01 1.6000e+01 6.0000e+00 1.7000e+01 2.1000e+01 8.0000e+00 5.7000e+01 0.0000e+00 3.0000e+00 1.4000e+01 1.2900e+02 3.0000e+00 2.2000e+01 9.3000e+01 5.0000e+00 2.8000e+01
5.0000e+00 6.0000e+00 0.0000e+00 0.0000e+00 3.3310e+03 0.0000e+00 5.0000e+00 9.0000e+00 2.0000e+00 3.0000e+00 0.0000e+00 0.0000e+00 2.0000e+00 0.0000e+00 3.0000e+00 7.4000e+01 1.0000e+00 0.0000e+00 2.0000e+00 1.8000e+01 0.0000e+00 3.0000e+00 5.8000e+01 0.0000e+00 0.0000e+00 0.0000e+00 4.0000e+00 0.0000e+00 1.2600e+02 2.8700e+02 5.0000e+00 0.0000e+00 0.0000e+00 1.0000e+00 1.8000e+01 2.0000e+00 7.0000e+00 5.0000e+00 1.5000e+01 0.0000e+00 0.0000e+00 1.0000e+00 5.0000e+00 1.2000e+01 5.7510e+03 5.6000e+01 0.0000e+00 4.0000e+00 6.0000e+00 1.0000e+00
2.0000e+00 1.1000e+01 6.0000e+00 6.3000e+01 2.8000e+01 1.9000e+01 2.8000e+01 4.0000e+00 1.0400e+02 1.7000e+01 3.9370e+03 1.0000e+00 4.8000e+01 3.3700e+02 7.0000e+00 2.8800e+02 2.7000e+01 2.0000e+01 3.4000e+01 4.0000e+00 4.7000e+01 6.0000e+00 1.0000e+01 8.0000e+00 3.5900e+03 3.6000e+01 1.0000e+00 5.3000e+01 2.6600e+02 1.6000e+01 1.2000e+01 7.0000e+00 5.3000e+01 1.7000e+01 6.2100e+02 9.0000e+00 3.8000e+01 1.1000e+01 2.3000e+01 7.0000e+00 4.8000e+01 1.6000e+01 6.3000e+01 4.3000e+01 0.0000e+00 8.0000e+00 4.0000e+00 1.1000e+01 3.6000e+01 7.0000e+00
5.9740e+03 2.4000e+01 5.4840e+03 4.4190e+03 3.0000e+00 4.7490e+03 5.9140e+03 7.8000e+01 3.3320e+03 5.1620e+03 6.0000e+00 4.5260e+03 4.3590e+03 3.3530e+03 1.0000e+00 2.6860e+03 1.0000e+00 3.0000e+02 4.0300e+02 4.0000e+00 5.2480e+03 5.1450e+03 1.0000e+01 5.8760e+03 0.0000e+00 1.5690e+03 2.6530e+03 4.9000e+01 7.0000e+00 1.9460e+03 8.0000e+00 1.7000e+02 1.6600e+02 0.0000e+00 2.8000e+01 1.0000e+00 1.8180e+03 3.8220e+03 8.0000e+00 2.0000e+00 5.1400e+03 4.2120e+03 3.0000e+00 6.3600e+02 0.0000e+00 5.8450e+03 4.7640e+03 4.4310e+03 5.5600e+03 0.0000e+00
0.0000e+00 4.0000e+00 0.0000e+00 0.0000e+00 1.0000e+00 0.0000e+00 0.0000e+00 0.0000e+00 0.0000e+00 0.0000e+00 0.0000e+00 1.0000e+00 0.0000e+00 0.0000e+00 0.0000e+00 9.0000e+00 0.0000e+00 0.0000e+00 2.0000e+00 2.5000e+01 1.2000e+01 0.0000e+00 1.1000e+01 0.0000e+00 0.0000e+00 1.0000e+00 0.0000e+00 0.0000e+00 2.0000e+00 6.0000e+00 4.0000e+00 0.0000e+00 0.0000e+00 0.0000e+00 2.2000e+01 0.0000e+00 0.0000e+00 1.0000e+00 9.1000e+02 0.0000e+00 5.0000e+00 0.0000e+00 1.0000e+00 0.0000e+00 0.0000e+00 0.0000e+00 0.0000e+00 1.7200e+02 1.0000e+00 0.0000e+00
0.0000e+00 4.0000e+00 4.0000e+00 0.0000e+00 0.0000e+00 9.0000e+00 0.0000e+00 0.0000e+00 0.0000e+00 0.0000e+00 4.8000e+01 0.0000e+00 1.0000e+00 3.0000e+00 2.9000e+01 7.4000e+01 3.0000e+00 0.0000e+00 0.0000e+00 0.0000e+00 4.0000e+00 0.0000e+00 0.0000e+00 0.0000e+00 8.0000e+00 1.0000e+00 0.0000e+00 0.0000e+00 7.0000e+00 1.6530e+03 2.0000e+00 1.3000e+01 7.0000e+00 0.0000e+00 3.2000e+01 1.0000e+00 0.0000e+00 1.9460e+03 4.9060e+03 2.0000e+00 0.0000e+00 9.0000e+00 5.8700e+03 0.0000e+00 0.0000e+00 0.0000e+00 2.0000e+00 1.0000e+00 0.0000e+00 0.0000e+00
0.0000e+00 1.0000e+00 2.0000e+00 4.0000e+00 3.0000e+00 1.0000e+00 0.0000e+00 1.0000e+00 0.0000e+00 0.0000e+00 1.0000e+00 1.0000e+00 0.0000e+00 0.0000e+00 1.0000e+00 3.4500e+02 1.0000e+00 3.0000e+00 0.0000e+00 0.0000e+00 0.0000e+00 2.0000e+00 1.2000e+01 0.0000e+00 3.0000e+00 1.0000e+00 0.0000e+00 8.0000e+00 3.0000e+00 1.5800e+02 0.0000e+00 2.0000e+00 0.0000e+00 3.0000e+00 5.0000e+00 2.0000e+00 0.0000e+00 0.0000e+00 0.0000e+00 0.0000e+00 2.0000e+00 3.0000e+00 0.0000e+00 0.0000e+00 0.0000e+00 0.0000e+00 0.0000e+00 3.0000e+00 0.0000e+00 2.0000e+00
0.0000e+00 8.3000e+01 4.0000e+00 2.2000e+01 5.3000e+01 2.2000e+01 0.0000e+00 6.0000e+00 4.3900e+02 3.8000e+01 0.0000e+00 2.0000e+00 2.1000e+01 1.0000e+00 9.4000e+01 4.2200e+02 1.3600e+02 1.9600e+02 1.4000e+01 7.6000e+01 2.6000e+01 8.0000e+00 3.0070e+03 0.0000e+00 1.2000e+01 2.0400e+03 1.0000e+01 3.1550e+03 3.6900e+02 4.6000e+01 7.4000e+01 6.0000e+00 0.0000e+00 1.0000e+01 1.3400e+02 5.7000e+01 2.4000e+01 0.0000e+00 0.0000e+00 1.5680e+03 2.0000e+00 1.7000e+01 0.0000e+00 9.0000e+00 0.0000e+00 0.0000e+00 6.6000e+01 2.6100e+02 1.9000e+01 3.0000e+00
0.0000e+00 1.0000e+00 5.0000e+00 2.6000e+01 5.1000e+01 0.0000e+00 0.0000e+00 2.3000e+01 9.0000e+00 3.0000e+00 2.0000e+00 2.1000e+01 0.0000e+00 3.0000e+00 3.0000e+00 5.6000e+01 8.0000e+00 8.0000e+00 3.0000e+00 0.0000e+00 0.0000e+00 2.0000e+00 3.7000e+01 0.0000e+00 4.0000e+00 4.0000e+00 1.0000e+00 1.0000e+00 2.0000e+01 5.4000e+01 1.2000e+01 3.0000e+00 0.0000e+00 1.7000e+01 5.0000e+01 1.5000e+01 0.0000e+00 0.0000e+00 0.0000e+00 1.0000e+00 1.0000e+00 1.0000e+00 0.0000e+00 1.6000e+01 0.0000e+00 0.0000e+00 1.1400e+02 4.0000e+00 2.0000e+00 1.4000e+01
0.0000e+00 3.8930e+03 2.0000e+00 5.0000e+00 5.1900e+02 4.4500e+02 0.0000e+00 4.4640e+03 1.4300e+02 4.0000e+00 2.3000e+01 7.8100e+02 1.2900e+02 6.6200e+02 3.8870e+03 0.0000e+00 4.0640e+03 4.4650e+03 3.6670e+03 4.7000e+03 1.3500e+02 0.0000e+00 2.0000e+00 0.0000e+00 1.1500e+02 1.0400e+02 1.4790e+03 2.7000e+01 3.5660e+03 6.0000e+00 9.0000e+00 4.1540e+03 4.4580e+03 4.7480e+03 2.9560e+03 5.3640e+03 3.2920e+03 0.0000e+00 0.0000e+00 2.0960e+03 1.0000e+00 8.0000e+00 0.0000e+00 3.6950e+03 0.0000e+00 0.0000e+00 3.5700e+02 2.0000e+00 4.0000e+00 4.9070e+03
