3.0000e+00 3.0000e+00 1.9000e+01 7.0000e+01 9.0000e+00 1.7100e+02 1.2370e+03 2.5000e+01 1.6000e+01 0.0000e+00 7.5000e+01 2.0000e+00 1.0000e+00 7.0000e+00 2.0000e+00 2.6000e+01 2.8000e+01 9.0000e+00 4.0000e+00 9.0000e+00 1.0000e+01 1.3000e+01 0.0000e+00 7.0000e+00 4.0000e+00 1.9000e+01 6.4000e+01 5.0000e+00 2.5000e+01 2.5000e+01 1.3000e+01 1.7000e+01 1.1000e+01 4.0000e+01 3.4000e+01 8.7000e+01 5.0000e+00 7.0000e+01 1.0710e+03 6.2000e+01 0.0000e+00 3.0000e+00 1.5600e+02 3.0000e+00 6.0000e+00 1.2000e+01 3.2300e+02 4.3000e+01 9.0000e+00 1.0000e+00
3.0000e+00 0.0000e+00 0.0000e+00 1.2000e+01 1.4000e+01 1.1000e+01 1.0000e+00 3.0000e+00 0.0000e+00 2.1000e+01 0.0000e+00 1.4100e+02 3.0000e+00 4.0000e+00 5.0000e+00 2.0000e+00 7.6500e+02 9.0000e+00 2.0000e+00 1.3000e+01 8.9500e+02 2.0000e+00 4.0000e+00 0.0000e+00 3.5000e+01 4.0000e+00 1.0000e+00 1.2000e+01 0.0000e+00 9.0000e+00 6.0000e+00 2.4580e+03 3.1000e+01 1.0000e+00 7.0000e+00 3.0000e+00 1.0000e+01 4.0000e+00 1.4000e+01 0.0000e+00 0.0000e+00 0.0000e+00 2.4700e+02 1.1000e+02 9.0000e+00 0.0000e+00 2.0000e+00 3.0000e+00 1.0000e+00 0.0000e+00
6.0000e+00 4.0000e+00 6.0000e+00 1.4000e+01 1.0000e+01 6.6000e+01 2.6000e+01 6.0000e+00 0.0000e+00 1.1000e+01 3.1000e+01 3.0000e+00 3.0000e+00 7.0000e+00 1.0000e+00 1.0000e+00 6.0000e+00 3.4000e+01 3.0000e+00 2.0000e+00 9.0000e+00 7.8000e+01 4.0000e+00 3.7000e+01 1.4000e+01 4.3000e+01 1.0000e+00 0.0000e+00 1.0000e+00 2.0110e+03 2.4000e+01 7.0000e+00 0.0000e+00 1.0000e+00 1.2000e+01 2.0000e+01 2.0000e+00 9.8000e+01 1.4600e+02 7.0000e+00 1.0000e+00 0.0000e+00 2.6600e+02 1.5300e+02 1.7000e+01 0.0000e+00 1.2000e+01 8.0000e+00 1.0000e+00 8.0000e+00
9.0000e+00 0.0000e+00 5.0000e+00 0.0000e+00 1.0000e+00 1.0000e+00 1.8500e+02 1.0000e+00 7.0000e+00 3.0000e+00 2.0000e+00 1.0000e+01 2.0000e+00 1.0100e+02 1.3000e+01 1.0000e+01 6.0000e+00 5.0000e+00 8.0000e+00 1.0000e+00 2.0000e+00 1.3000e+01 5.7100e+02 4.0000e+00 6.0000e+00 1.0000e+00 2.1000e+01 1.0000e+00 0.0000e+00 3.1300e+02 1.0000e+00 3.0000e+00 0.0000e+00 2.0000e+00 3.5000e+01 7.0000e+00 3.0000e+00 0.0000e+00 2.9000e+01 1.8000e+01 0.0000e+00 0.0000e+00 4.8000e+01 1.0000e+00 0.0000e+00 8.0000e+00 2.0000e+00 1.0000e+00 0.0000e+00 2.0000e+00
1.2000e+01 1.0000e+00 1.4000e+01 2.0000e+00 1.1000e+01 4.0000e+00 6.2000e+01 7.0000e+00 1.4000e+01 2.0000e+00 5.0000e+00 8.0000e+00 2.0000e+00 8.0000e+00 9.0000e+00 1.4000e+01 0.0000e+00 0.0000e+00 3.0000e+00 0.0000e+00 1.3000e+01 9.0000e+00 6.0000e+00 3.0000e+00 3.0000e+00 1.0000e+01 4.0000e+00 2.0000e+00 3.6390e+03 2.4000e+01 2.0000e+00 0.0000e+00 1.0000e+01 1.0000e+00 4.6000e+01 1.0000e+01 0.0000e+00 1.4000e+01 1.5000e+01 6.0000e+00 1.0000e+00 3.0000e+00 4.7000e+01 1.0000e+00 5.0000e+00 6.0000e+00 6.0000e+00 7.0000e+00 5.0000e+00 6.0000e+00
1.1000e+01 3.0000e+00 1.0000e+00 4.0000e+00 1.4000e+01 0.0000e+00 4.0000e+00 5.0000e+00 1.7000e+01 9.0000e+00 1.2000e+01 2.0000e+00 1.0000e+01 0.0000e+00 2.0000e+00 1.8000e+01 0.0000e+00 2.0000e+00 1.0000e+00 0.0000e+00 1.0000e+00 3.0000e+00 4.0000e+00 4.0000e+00 0.0000e+00 5.0000e+00 1.0000e+00 6.0000e+00 4.0000e+00 1.3000e+01 9.0000e+00 5.0000e+00 7.0000e+00 3.0000e+00 7.0000e+00 2.4000e+01 6.0000e+00 1.0000e+00 1.5900e+02 2.8950e+03 1.0000e+00 0.0000e+00 1.7000e+01 6.0000e+00 1.7000e+01 3.0000e+00 4.0000e+01 1.0000e+01 3.0000e+00 0.0000e+00
6.1000e+02 2.0000e+00 1.0000e+01 2.0000e+00 1.0000e+00 8.0000e+00 3.0000e+00 0.0000e+00 0.0000e+00 0.0000e+00 2.2000e+01 0.0000e+00 1.0000e+00 1.3000e+01 0.0000e+00 1.0000e+00 0.0000e+00 0.0000e+00 1.0000e+00 1.1000e+01 0.0000e+00 0.0000e+00 1.2000e+01 2.0000e+00 0.0000e+00 4.0000e+00 0.0000e+00 3.0000e+00 1.0000e+00 5.2000e+01 0.0000e+00 0.0000e+00 0.0000e+00 1.0000e+01 0.0000e+00 3.0000e+00 0.0000e+00 8.0000e+00 0.0000e+00 3.0000e+00 0.0000e+00 0.0000e+00 5.0000e+00 0.0000e+00 0.0000e+00 1.5950e+03 3.3000e+01 6.0000e+00 1.0000e+00 2.0000e+00
2.0000e+00 0.0000e+00 6.0000e+00 6.0000e+00 1.0000e+00 4.0000e+00 3.0000e+00 4.0000e+00 1.0000e+00 3.0000e+00 3.0000e+00 1.2000e+01 9.0000e+00 3.0000e+00 2.0000e+00 8.0000e+00 1.0000e+00 2.6000e+01 4.0000e+00 0.0000e+00 1.2000e+01 4.0000e+00 9.0000e+00 4.0000e+00 1.0000e+00 2.0000e+00 1.0000e+00 2.0000e+00 6.0000e+00 2.5000e+01 1.0000e+01 1.2000e+01 2.0000e+00 0.0000e+00 0.0000e+00 7.0000e+00 2.0000e+00 6.0000e+00 3.7000e+01 0.0000e+00 0.0000e+00 0.0000e+00 3.0000e+00 4.0000e+00 0.0000e+00 0.0000e+00 2.0000e+00 7.0000e+00 7.0000e+00 1.0000e+00
1.0000e+00 1.4000e+01 5.0000e+00 4.0000e+00 1.6000e+01 0.0000e+00 3.7000e+02 1.1000e+01 1.1000e+01 2.0000e+00 3.0000e+00 7.0000e+00 2.0000e+00 7.0000e+00 1.1000e+01 8.1000e+01 4.0000e+00 3.0000e+00 8.0000e+00 2.0000e+00 7.0000e+00 1.0000e+00 0.0000e+00 1.8000e+01 2.0000e+00 2.3000e+01 1.0000e+00 1.7000e+01 8.0000e+00 1.5000e+01 1.0000e+01 1.5000e+01 5.0000e+00 6.0000e+00 9.0000e+00 2.4000e+01 0.0000e+00 7.0000e+00 4.0000e+00 0.0000e+00 2.0000e+00 8.0000e+00 5.0000e+00 1.0000e+00 3.4200e+02 1.0000e+00 7.0000e+00 2.0000e+00 2.0000e+00 2.0000e+00
9.0000e+00 4.0000e+00 3.0000e+00 1.0000e+01 1.5170e+03 7.0000e+00 2.3000e+01 3.8000e+01 5.0000e+00 4.0000e+00 1.2000e+01 1.4000e+01 1.3000e+01 9.0000e+00 9.0000e+00 4.5000e+01 4.0000e+00 1.5000e+01 1.0000e+01 7.8000e+01 6.0000e+00 6.0000e+01 2.5000e+01 1.8000e+01 2.0000e+00 5.3000e+01 2.0000e+01 4.0000e+00 1.0000e+00 2.0000e+00 7.0000e+00 1.8000e+01 9.0000e+00 2.0000e+00 1.4000e+01 6.6000e+01 0.0000e+00 3.1000e+01 4.3000e+01 3.0000e+00 3.0000e+00 6.0000e+00 2.5000e+01 1.4000e+01 4.0000e+00 3.0000e+00 1.8000e+01 3.0000e+00 2.0000e+00 3.5000e+01
4.0000e+00 0.0000e+00 1.0000e+00 6.0000e+00 1.0000e+00 1.0000e+00 4.0000e+00 0.0000e+00 5.0000e+00 1.6000e+01 0.0000e+00 1.0000e+00 0.0000e+00 6.0000e+00 6.0000e+00 4.0000e+00 5.0000e+00 3.1000e+01 6.4000e+01 0.0000e+00 5.8000e+01 3.3000e+01 5.5000e+01 1.9390e+03 3.5000e+01 7.0000e+00 6.4000e+01 3.0000e+00 0.0000e+00 3.0000e+00 5.8100e+02 8.0000e+00 2.0000e+01 3.0000e+00 5.0000e+00 7.1000e+01 0.0000e+00 1.0000e+00 1.0000e+00 7.0000e+00 0.0000e+00 2.4250e+03 3.0000e+00 7.9000e+01 6.0000e+00 5.0000e+00 1.7000e+01 5.0000e+00 3.1000e+01 4.0000e+00
8.0000e+00 5.0000e+00 1.0000e+00 4.0000e+00 4.0000e+00 1.5420e+03 1.5000e+01 5.0000e+00 0.0000e+00 3.0000e+00 3.7000e+01 7.5000e+01 1.1000e+01 0.0000e+00 2.7000e+01 4.6000e+02 1.0000e+00 1.3000e+01 2.4000e+01 0.0000e+00 5.4000e+01 6.0000e+00 8.0000e+00 0.0000e+00 7.0000e+00 2.1000e+01 2.4000e+02 1.4000e+01 5.5000e+01 7.0000e+00 1.1000e+01 2.0000e+00 0.0000e+00 0.0000e+00 6.1000e+01 1.1000e+01 0.0000e+00 5.4000e+01 1.9500e+02 1.0000e+00 0.0000e+00 6.2000e+01 2.0000e+00 0.0000e+00 0.0000e+00 4.0000e+00 1.5000e+01 1.2000e+01 3.1000e+01 2.6000e+01
6.0000e+00 1.1500e+02 3.1500e+02 1.0000e+00 5.0000e+00 1.0000e+00 0.0000e+00 9.4000e+01 8.0000e+00 8.0000e+00 1.0000e+00 5.3000e+01 7.3000e+01 3.6200e+02 1.0000e+00 2.0000e+00 1.5700e+02 6.0000e+00 5.1600e+02 1.1960e+03 2.6000e+01 1.0000e+00 4.0000e+01 5.6000e+01 6.7900e+02 3.0700e+02 0.0000e+00 2.2000e+01 4.0000e+00 4.0000e+00 4.6700e+02 7.0000e+00 1.5300e+02 3.0000e+00 2.0000e+00 2.0000e+00 3.9100e+02 5.0000e+00 5.0000e+00 6.0000e+00 8.1000e+01 4.9600e+02 3.0000e+00 2.3000e+02 0.0000e+00 3.0000e+00 6.0000e+01 1.0000e+00 3.1000e+01 2.0000e+00
4.0000e+00 3.0000e+00 2.0000e+00 2.4000e+01 1.7000e+01 6.0000e+00 9.0000e+00 1.4000e+01 1.5000e+01 2.8000e+01 1.0000e+01 9.1000e+01 3.0000e+00 1.7000e+01 2.7000e+01 5.0000e+00 6.0000e+00 6.0000e+00 1.0000e+00 1.0000e+00 3.0000e+00 2.7290e+03 4.0000e+00 2.6000e+01 8.0000e+00 1.9000e+01 1.8000e+01 1.5000e+01 7.0000e+00 2.3000e+01 3.0000e+00 2.0000e+00 4.3000e+01 3.0000e+00 7.0000e+00 7.0000e+00 2.0000e+00 8.5000e+01 1.0300e+02 1.7000e+01 2.0000e+00 5.0000e+00 2.2000e+01 1.0000e+00 1.5000e+01 3.3900e+02 9.0000e+00 1.5000e+01 3.0000e+00 2.0000e+00
1.0000e+00 2.0000e+00 2.6000e+01 2.3000e+01 1.2000e+01 0.0000e+00 5.8000e+01 1.0000e+00 6.3000e+01 7.0000e+00 1.2000e+01 3.0000e+00 9.3000e+01 1.4000e+02 8.0000e+00 3.0000e+00 1.4000e+01 8.0000e+00 4.1000e+01 6.2000e+01 7.0000e+00 0.0000e+00 3.7000e+01 4.0000e+01 7.0000e+00 1.4000e+01 1.1000e+01 6.7000e+01 1.0000e+00 2.0000e+00 2.2000e+01 4.0000e+00 3.8000e+01 1.0000e+00 6.0000e+00 1.2000e+01 1.0000e+00 5.2000e+01 4.2000e+01 0.0000e+00 2.0000e+00 1.2000e+01 1.2000e+01 4.3000e+01 9.2000e+01 7.0000e+00 3.3700e+02 9.0000e+00 2.4320e+03 7.0000e+00
1.0000e+00 1.0000e+00 6.0000e+00 1.0000e+00 2.0000e+00 2.0000e+00 3.0000e+00 1.5000e+01 3.0000e+00 3.0000e+00 0.0000e+00 0.0000e+00 2.0000e+00 3.0000e+00 3.3000e+01 4.0000e+00 2.0000e+00 0.0000e+00 3.0000e+00 1.2000e+01 3.0000e+01 7.0000e+00 0.0000e+00 4.0000e+00 4.0000e+00 2.0000e+00 5.0000e+00 0.0000e+00 1.0000e+00 2.0000e+00 0.0000e+00 4.0000e+00 1.0000e+00 1.4200e+02 1.1990e+03 1.4000e+01 0.0000e+00 4.4200e+02 1.2000e+01 0.0000e+00 0.0000e+00 1.0000e+00 5.9000e+01 6.0000e+00 1.2200e+02 0.0000e+00 0.0000e+00 2.0130e+03 1.0000e+00 0.0000e+00
0.0000e+00 2.0000e+00 9.0000e+00 0.0000e+00 2.0000e+00 3.0000e+00 0.0000e+00 4.0000e+00 0.0000e+00 3.0000e+00 7.1000e+02 4.0000e+00 1.8000e+01 1.6000e+01 3.9000e+01 0.0000e+00 6.0000e+00 9.0000e+00 1.0000e+00 5.0000e+00 1.6000e+01 0.0000e+00 1.0000e+00 3.0000e+00 1.3000e+01 7.0000e+00 0.0000e+00 2.9000e+01 2.0000e+00 0.0000e+00 4.0000e+00 3.0000e+00 8.0000e+00 5.0000e+00 0.0000e+00 2.0000e+00 1.0000e+00 0.0000e+00 1.0000e+00 0.0000e+00 0.0000e+00 0.0000e+00 0.0000e+00 3.0000e+00 0.0000e+00 5.0000e+00 1.0000e+01 7.0000e+00 1.0000e+00 1.0000e+00
4.0000e+00 2.8770e+03 0.0000e+00 3.0000e+00 6.0000e+00 5.0000e+00 3.0000e+00 8.3000e+02 1.0000e+00 0.0000e+00 7.0000e+00 1.6000e+01 2.6000e+01 4.0300e+02 3.0000e+00 3.0000e+00 1.8000e+01 0.0000e+00 3.0000e+00 0.0000e+00 5.0000e+00 1.0000e+00 0.0000e+00 2.0000e+00 1.6000e+02 5.0000e+00 1.0000e+00 4.1000e+01 0.0000e+00 2.0000e+00 0.0000e+00 3.0000e+00 0.0000e+00 0.0000e+00 3.0000e+00 3.6000e+01 1.3000e+03 0.0000e+00 0.0000e+00 1.0000e+00 0.0000e+00 3.0000e+00 4.0000e+00 0.0000e+00 1.0000e+01 0.0000e+00 0.0000e+00 3.0000e+00 1.7000e+01 6.0000e+00
4.0000e+00 3.0000e+00 0.0000e+00 6.0000e+00 1.3000e+01 2.0000e+00 1.0000e+00 0.0000e+00 2.0000e+00 0.0000e+00 5.5000e+02 7.0000e+00 0.0000e+00 1.0000e+00 9.0000e+00 2.0800e+02 4.0000e+00 0.0000e+00 0.0000e+00 3.0000e+00 3.0000e+00 1.0000e+00 0.0000e+00 1.0000e+00 3.0000e+00 3.0000e+00 1.0000e+00 1.0000e+00 1.0000e+00 1.2000e+01 0.0000e+00 0.0000e+00 5.0000e+00 3.0000e+00 1.3000e+01 0.0000e+00 0.0000e+00 0.0000e+00 3.4000e+01 2.0000e+00 3.0000e+00 9.0000e+00 6.7000e+01 0.0000e+00 2.0000e+00 0.0000e+00 7.0000e+00 2.0000e+00 1.0000e+00 0.0000e+00
1.0000e+01 0.0000e+00 0.0000e+00 7.0000e+00 8.0000e+00 1.0000e+00 9.0000e+00 9.0000e+00 1.0000e+00 1.0000e+00 4.9000e+01 2.3000e+01 1.0000e+00 2.0000e+00 7.0000e+00 2.0000e+00 1.0000e+00 4.0000e+00 1.0000e+00 0.0000e+00 3.0000e+00 3.0000e+00 4.0000e+00 2.5000e+01 1.0000e+00 4.0000e+00 2.0000e+00 1.0000e+00 4.0000e+00 0.0000e+00 0.0000e+00 1.0000e+00 0.0000e+00 0.0000e+00 1.0000e+00 1.0000e+00 5.0000e+00 2.0000e+00 0.0000e+00 0.0000e+00 1.0000e+00 1.0000e+00 6.0000e+00 7.0000e+00 3.0000e+00 1.0000e+00 3.0000e+00 2.0000e+00 0.0000e+00 0.0000e+00
1.0000e+00 3.0000e+00 0.0000e+00 3.0000e+00 0.0000e+00 6.7000e+01 6.0000e+00 2.0000e+00 1.0000e+00 0.0000e+00 3.7000e+01 0.0000e+00 0.0000e+00 6.0000e+00 0.0000e+00 4.7000e+02 1.6000e+01 0.0000e+00 1.0000e+00 1.0000e+00 1.8000e+01 4.0000e+00 3.0000e+00 3.0000e+00 3.0000e+00 3.0000e+00 1.0000e+00 0.0000e+00 0.0000e+00 1.0000e+00 1.3000e+01 1.1000e+01 0.0000e+00 2.0000e+00 2.0000e+00 9.0000e+00 7.6000e+01 1.0000e+00 2.0000e+00 0.0000e+00 2.4000e+01 1.0000e+00 1.0000e+01 8.0000e+00 0.0000e+00 1.2000e+01 1.1000e+01 5.0000e+00 1.0000e+00 3.4140e+03
2.2000e+01 0.0000e+00 0.0000e+00 1.4000e+01 1.2000e+01 2.0000e+00 5.0000e+00 4.0000e+00 3.0000e+00 1.0000e+00 3.0000e+00 0.0000e+00 2.0000e+00 1.0000e+00 1.0000e+00 7.0000e+00 1.0000e+00 1.0000e+00 0.0000e+00 0.0000e+00 0.0000e+00 2.0000e+00 1.0000e+01 9.0000e+00 3.0000e+00 5.0000e+00 3.0000e+00 0.0000e+00 7.0000e+00 2.0000e+00 0.0000e+00 0.0000e+00 2.0000e+00 4.7870e+03 1.5000e+01 0.0000e+00 1.0000e+00 8.0000e+00 4.0000e+00 3.0000e+00 1.7000e+01 1.0000e+00 1.2000e+01 2.0000e+00 1.0000e+01 1.0000e+00 0.0000e+00 4.0000e+00 0.0000e+00 1.0000e+00
1.1000e+01 1.0000e+00 1.2000e+01 3.6000e+01 3.8000e+01 1.0000e+00 2.0000e+00 9.0000e+00 2.0000e+01 1.2000e+01 0.0000e+00 9.0000e+00 4.0000e+00 1.1000e+01 1.0000e+01 2.1000e+01 8.1600e+02 4.0000e+00 4.0000e+00 4.6000e+01 8.0000e+00 1.0000e+01 2.2100e+02 1.6300e+02 8.0000e+00 6.9000e+01 1.9000e+01 1.0100e+02 1.4000e+01 3.6000e+01 9.0000e+00 1.4480e+03 4.9800e+02 0.0000e+00 6.8000e+01 2.0000e+01 3.0000e+00 6.7000e+01 3.0000e+00 1.2000e+01 1.0000e+00 4.0000e+00 1.8000e+01 5.0000e+00 1.6000e+01 1.0000e+00 4.0000e+00 1.7000e+01 8.0000e+00 5.0000e+00
0.0000e+00 0.0000e+00 0.0000e+00 1.0000e+00 1.0000e+00 3.4000e+01 1.0000e+00 1.1000e+01 5.0000e+00 1.0000e+00 2.2000e+01 0.0000e+00 0.0000e+00 8.0000e+00 3.1000e+01 0.0000e+00 4.3000e+01 0.0000e+00 3.0000e+00 8.5000e+01 3.1000e+01 9.8000e+01 7.2600e+02 0.0000e+00 3.0000e+00 1.7750e+03 3.3000e+01 4.2000e+01 0.0000e+00 2.0000e+00 4.4000e+01 0.0000e+00 4.0000e+00 0.0000e+00 3.0000e+00 1.3370e+03 7.0000e+00 0.0000e+00 1.0000e+00 3.0000e+00 0.0000e+00 0.0000e+00 1.0000e+00 0.0000e+00 0.0000e+00 1.0000e+00 3.4000e+02 4.0000e+00 1.7000e+01 1.0000e+00
1.0000e+00 3.0000e+00 1.0000e+01 0.0000e+00 1.3000e+01 0.0000e+00 3.0000e+00 2.0000e+00 2.0000e+00 1.1000e+01 3.0000e+00 2.3000e+01 2.0000e+00 5.0000e+00 1.1000e+01 2.0000e+00 2.0000e+00 0.0000e+00 1.0000e+00 0.0000e+00 1.0000e+00 1.0000e+00 2.0000e+00 3.0000e+00 2.0000e+00 2.0000e+00 7.0000e+00 9.5700e+02 1.0000e+00 0.0000e+00 1.0000e+00 8.0000e+00 6.0000e+00 0.0000e+00 1.2000e+01 4.0000e+00 1.0000e+00 8.4000e+01 1.3000e+01 0.0000e+00 0.0000e+00 1.0000e+00 3.5000e+01 4.0000e+00 3.3850e+03 0.0000e+00 8.0000e+00 4.0000e+00 0.0000e+00 0.0000e+00
2.3800e+02 0.0000e+00 6.0000e+00 4.1000e+01 1.1630e+03 5.5000e+01 4.0000e+00 6.0000e+00 5.0000e+00 1.3400e+02 5.0000e+00 9.8200e+02 2.8000e+01 4.0000e+00 5.0000e+00 6.0000e+00 9.0000e+00 5.0000e+00 0.0000e+00 6.0000e+00 8.0000e+00 1.0000e+01 6.0000e+00 2.3300e+02 3.4000e+01 2.2000e+01 1.5000e+01 6.0000e+00 6.0000e+00 5.0000e+00 1.0000e+00 1.0000e+01 1.2000e+01 9.0000e+00 3.0000e+00 1.1400e+02 1.0000e+00 7.3300e+02 5.0000e+00 4.0000e+00 2.0000e+00 1.0000e+00 1.8100e+02 2.4000e+01 2.3000e+01 9.1000e+01 1.1000e+01 2.6400e+02 3.1000e+01 2.0000e+00
2.5000e+01 4.0000e+00 0.0000e+00 0.0000e+00 7.0000e+00 8.1000e+01 1.6890e+03 1.0000e+00 1.0000e+00 0.0000e+00 1.1000e+01 1.0000e+01 1.0000e+00 0.0000e+00 2.2000e+01 1.9000e+01 0.0000e+00 2.0000e+00 4.0000e+00 1.0000e+00 3.0000e+00 4.0000e+00 0.0000e+00 7.0000e+00 1.0000e+00 2.0000e+00 0.0000e+00 0.0000e+00 2.5000e+01 3.6000e+01 3.0000e+00 2.0000e+00 0.0000e+00 3.0000e+00 7.4600e+02 1.7000e+01 0.0000e+00 2.4500e+02 1.6000e+01 0.0000e+00 0.0000e+00 9.3000e+01 1.0000e+01 2.1000e+01 0.0000e+00 3.0000e+00 4.0000e+00 6.0000e+00 3.0000e+00 1.0000e+00
7.0000e+00 1.0000e+00 4.0000e+00 0.0000e+00 5.0000e+00 4.0000e+00 1.1000e+01 2.0000e+00 3.0000e+00 3.0000e+00 1.0000e+01 1.4000e+01 0.0000e+00 0.0000e+00 2.0000e+00 4.0000e+00 3.0000e+00 0.0000e+00 2.0000e+00 1.5000e+01 1.2000e+01 5.0000e+00 0.0000e+00 0.0000e+00 1.0000e+00 5.0000e+00 0.0000e+00 0.0000e+00 1.0000e+00 9.0000e+00 2.0000e+00 7.0000e+00 3.0000e+00 0.0000e+00 6.0000e+00 0.0000e+00 1.0000e+00 0.0000e+00 3.0000e+01 0.0000e+00 6.0000e+00 1.8000e+01 1.3000e+01 1.3000e+01 8.0000e+00 5.4500e+02 2.0000e+00 5.0000e+00 3.0000e+00 0.0000e+00
4.4000e+01 4.0000e+00 1.1300e+02 1.5640e+03 1.4700e+02 9.2000e+01 1.7200e+02 2.1000e+01 1.8000e+01 1.4200e+02 3.2000e+01 1.5600e+02 1.9000e+01 8.3000e+01 9.7000e+01 1.4000e+01 1.6900e+02 9.0000e+00 2.2000e+01 8.5000e+01 2.8000e+01 1.7000e+01 1.1000e+01 9.0000e+00 3.2700e+02 3.6000e+01 4.4000e+01 3.0000e+00 9.0000e+00 3.0000e+00 1.6000e+01 1.9000e+01 4.5000e+01 3.0000e+00 1.6000e+01 8.0000e+00 5.0000e+00 1.7000e+01 1.0000e+00 5.0000e+00 6.8000e+01 5.0000e+00 1.8000e+01 4.6000e+01 5.2000e+01 9.0000e+00 7.1000e+01 1.7000e+01 1.6000e+01 3.7000e+01
3.0000e+00 4.0000e+00 2.0000e+00 5.0000e+00 1.4000e+01 4.0000e+00 8.4000e+01 8.0000e+00 1.7400e+02 6.0000e+00 8.1000e+01 5.9000e+01 5.0000e+00 1.0000e+00 2.0000e+01 3.0000e+00 5.0000e+00 1.5000e+01 6.0000e+00 4.0000e+00 2.6000e+01 3.8000e+01 9.0000e+00 1.7000e+01 8.0000e+00 2.4000e+01 9.1500e+02 9.0000e+00 1.9000e+01 2.8000e+01 4.0000e+00 5.0000e+00 1.4000e+01 3.0000e+00 1.2320e+03 1.0000e+01 2.0000e+00 6.0000e+00 1.2100e+02 2.0000e+00 6.0000e+00 6.0000e+00 8.6000e+01 6.0000e+00 2.2200e+02 5.0000e+00 1.3000e+02 3.1000e+01 3.0000e+00 6.0000e+00
4.0000e+00 1.6000e+01 1.0000e+00 0.0000e+00 2.0000e+00 2.0000e+00 1.0000e+00 3.0000e+00 3.0000e+00 2.5000e+02 1.6380e+03 4.0000e+00 1.0000e+00 2.8000e+01 1.6600e+02 2.0000e+00 5.0000e+00 0.0000e+00 1.0000e+00 3.0000e+00 3.4000e+02 1.0000e+00 4.0000e+00 1.0000e+00 9.6200e+02 3.0000e+00 2.0000e+00 3.0000e+00 3.0000e+00 2.0000e+00 0.0000e+00 2.0000e+00 3.3000e+01 1.0000e+00 3.0000e+00 2.7200e+02 0.0000e+00 1.0000e+00 2.0000e+00 2.0000e+00 1.0000e+00 4.0000e+00 5.0000e+00 3.0000e+00 1.0000e+01 0.0000e+00 8.5000e+02 4.0900e+02 3.0000e+00 2.0000e+00
7.0000e+00 2.0000e+00 1.8000e+01 1.7000e+01 1.3000e+01 7.0000e+00 1.0000e+00 2.0000e+00 2.0000e+00 6.0000e+00 0.0000e+00 3.2800e+02 2.6000e+01 1.0000e+00 1.8810e+03 5.6400e+02 2.0000e+00 1.0000e+00 0.0000e+00 6.0000e+00 1.0000e+00 2.0000e+00 9.0000e+00 9.0000e+00 1.1000e+01 1.8500e+02 4.0000e+00 4.0000e+00 9.0000e+00 2.3100e+02 9.0000e+00 7.0000e+00 3.0000e+00 7.2000e+01 2.3000e+01 1.7600e+02 0.0000e+00 2.5500e+02 1.0000e+00 9.0000e+00 3.0000e+00 1.6000e+01 1.8500e+02 5.0000e+00 5.0000e+01 3.0000e+00 1.9000e+01 1.4600e+02 2.0000e+00 3.0000e+00
5.0000e+00 2.0000e+00 9.0000e+00 4.6000e+01 6.0000e+00 1.2300e+02 1.0000e+01 9.0000e+00 1.2000e+01 4.0000e+00 6.0000e+00 3.0000e+01 4.0000e+00 2.3000e+01 1.6000e+01 7.5800e+02 1.0000e+00 1.0000e+00 7.0000e+00 1.0000e+00 8.0000e+00 1.0000e+00 8.0000e+00 6.0000e+00 3.0000e+00 1.3300e+02 3.0000e+01 3.0000e+00 2.4000e+01 2.2000e+01 4.0000e+00 0.0000e+00 0.0000e+00 2.0000e+00 2.3100e+02 2.0000e+00 1.0000e+00 0.0000e+00 1.7580e+03 1.0000e+00 1.0000e+00 3.7000e+01 6.0000e+00 0.0000e+00 9.0000e+00 3.1000e+01 1.4000e+01 3.0000e+00 1.0000e+00 5.0000e+00
1.0000e+00 8.0000e+00 1.5900e+02 1.0000e+00 1.0000e+00 1.0000e+00 1.0000e+00 2.5660e+03 1.1100e+02 4.0000e+00 2.0000e+00 8.4000e+01 1.8530e+03 7.7000e+01 0.0000e+00 1.0000e+00 2.8000e+01 3.8000e+01 6.5000e+01 3.6000e+01 8.0000e+00 2.0000e+00 5.4000e+01 9.6000e+01 1.0000e+01 7.7000e+01 9.0000e+00 6.0000e+00 1.0000e+00 2.0000e+00 7.4000e+01 2.0000e+00 1.7900e+02 7.0000e+00 1.0000e+00 2.0000e+01 4.3000e+01 0.0000e+00 2.0000e+00 5.0000e+00 1.1100e+02 3.0000e+00 1.0000e+00 1.0000e+02 0.0000e+00 1.0000e+00 5.0000e+00 0.0000e+00 4.7000e+01 0.0000e+00
8.0000e+00 0.0000e+00 0.0000e+00 7.0000e+00 0.0000e+00 2.0000e+00 2.0000e+00 2.0000e+00 1.3000e+01 0.0000e+00 0.0000e+00 6.0000e+00 0.0000e+00 0.0000e+00 2.0000e+00 1.9000e+01 0.0000e+00 0.0000e+00 0.0000e+00 0.0000e+00 4.0000e+00 2.0000e+00 0.0000e+00 2.0000e+00 0.0000e+00 0.0000e+00 0.0000e+00 7.0000e+00 0.0000e+00 0.0000e+00 7.0000e+00 2.0000e+00 1.2000e+01 0.0000e+00 5.0000e+00 2.0000e+00 0.0000e+00 0.0000e+00 0.0000e+00 1.0000e+00 0.0000e+00 0.0000e+00 4.0000e+00 1.0100e+02 4.0000e+00 6.0000e+00 4.0000e+00 4.0000e+00 1.0000e+00 2.0000e+00
2.0000e+00 3.0000e+01 3.7000e+01 0.0000e+00 3.0000e+00 0.0000e+00 1.0000e+00 8.0000e+00 2.7000e+01 5.0000e+00 0.0000e+00 5.0000e+00 2.1700e+02 7.4000e+01 2.0000e+00 1.0000e+00 2.3200e+02 1.7900e+02 3.0410e+03 5.8200e+02 2.0000e+00 3.0000e+00 2.7100e+02 4.0000e+00 4.0000e+00 6.0000e+00 2.0000e+00 1.8200e+02 6.0000e+00 2.0000e+00 5.0000e+01 0.0000e+00 9.0000e+00 4.0000e+00 0.0000e+00 0.0000e+00 1.6750e+03 2.0000e+00 2.0000e+00 1.0000e+00 1.6700e+02 1.5000e+01 2.0000e+00 5.0000e+00 1.0000e+00 1.0000e+00 4.0000e+00 0.0000e+00 1.7000e+01 3.0000e+00
2.0000e+00 0.0000e+00 0.0000e+00 1.1000e+01 0.0000e+00 0.0000e+00 4.0000e+00 3.0000e+00 4.0000e+00 7.9000e+01 0.0000e+00 0.0000e+00 2.0000e+00 0.0000e+00 3.1300e+02 8.0000e+00 6.0000e+00 3.2500e+02 1.6000e+01 2.5000e+01 1.0500e+02 2.0000e+00 0.0000e+00 4.9000e+01 5.0000e+00 7.0000e+00 2.4000e+01 0.0000e+00 0.0000e+00 1.0000e+00 0.0000e+00 1.8000e+01 1.3000e+02 1.0000e+00 1.0000e+00 5.7000e+01 6.0000e+00 3.0000e+00 4.0000e+01 4.0000e+00 0.0000e+00 2.0000e+01 8.6000e+01 3.0000e+00 7.2000e+01 3.0000e+00 1.6300e+02 1.2000e+01 0.0000e+00 2.0000e+01
4.0000e+00 0.0000e+00 1.3000e+01 2.6000e+01 6.0000e+00 1.2190e+03 1.0000e+00 4.9000e+01 1.0000e+00 3.0000e+00 4.3000e+01 4.8000e+01 2.0000e+00 2.1000e+01 1.5000e+01 3.6000e+01 3.0000e+00 5.0000e+00 6.0000e+00 2.0000e+00 1.6000e+01 1.7000e+01 5.0000e+00 5.0200e+02 7.5000e+01 1.5000e+01 1.5000e+01 5.0000e+00 2.0000e+00 1.0000e+00 2.0000e+00 2.0000e+01 2.2000e+01 4.0000e+00 1.7000e+01 4.8000e+01 4.2000e+01 2.0000e+00 0.0000e+00 8.0000e+00 6.0000e+00 1.6000e+01 1.7790e+03 1.5000e+01 1.8000e+01 5.0000e+00 5.1000e+01 1.0000e+01 9.0000e+00 1.0000e+01
2.0000e+00 7.2800e+02 3.1700e+02 1.0000e+00 0.0000e+00 2.0000e+00 1.0000e+00 1.1000e+01 5.8000e+01 8.0000e+00 0.0000e+00 1.0000e+00 7.4500e+02 1.3170e+03 1.0000e+00 1.0000e+00 4.0000e+00 1.6420e+03 3.0000e+00 8.8000e+02 1.0000e+00 0.0000e+00 4.0000e+00 9.0000e+00 4.3800e+02 3.0000e+00 5.0000e+00 1.4000e+02 7.0000e+00 0.0000e+00 0.0000e+00 3.0000e+00 0.0000e+00 5.0000e+00 0.0000e+00 1.0000e+00 4.0000e+00 2.0000e+00 2.0000e+00 1.0000e+00 9.1000e+01 4.7000e+01 0.0000e+00 1.0000e+00 2.0000e+00 0.0000e+00 1.0000e+00 1.0000e+00 0.0000e+00 7.0000e+00
1.0000e+00 3.9000e+01 2.5160e+03 3.0000e+00 3.0000e+00 2.0000e+00 2.0000e+00 1.2000e+01 9.1000e+01 5.0000e+00 1.0000e+00 1.0000e+00 1.2700e+02 2.1600e+02 3.0000e+00 2.0000e+00 1.3700e+02 4.7200e+02 3.6000e+01 5.0000e+01 4.0000e+00 2.0000e+00 7.4000e+01 0.0000e+00 7.0000e+00 8.0000e+00 3.0000e+00 1.7800e+02 3.0000e+00 2.0000e+00 2.3930e+03 0.0000e+00 1.1000e+01 7.0000e+00 1.0000e+00 2.0000e+00 1.1700e+02 3.0000e+00 0.0000e+00 2.0000e+00 6.4000e+01 2.5000e+01 2.0000e+00 1.0000e+00 1.0000e+00 1.0000e+00 0.0000e+00 1.0000e+00 2.8000e+01 1.0000e+01
2.1500e+03 5.0000e+00 3.1000e+01 1.0000e+00 5.0000e+00 2.0000e+00 3.0000e+00 6.0000e+00 2.0000e+00 4.0000e+00 1.0000e+01 0.0000e+00 3.0000e+00 2.7000e+01 2.2000e+01 0.0000e+00 5.0000e+00 2.0000e+00 5.3000e+01 2.0000e+00 6.4600e+02 7.0000e+00 9.1000e+01 0.0000e+00 9.2000e+01 1.5000e+01 2.0000e+00 3.0000e+00 8.0000e+00 1.4000e+01 1.7000e+01 0.0000e+00 1.0000e+00 0.0000e+00 0.0000e+00 9.0000e+00 3.0000e+00 1.0000e+00 0.0000e+00 0.0000e+00 0.0000e+00 7.0000e+01 2.0000e+00 1.0000e+01 1.4000e+02 1.4100e+02 1.1000e+01 2.1000e+02 1.6000e+01 1.0000e+01
2.0000e+00 2.9000e+01 2.7000e+01 1.0000e+00 0.0000e+00 1.0000e+00 1.0000e+00 1.4000e+01 2.9730e+03 1.1000e+01 0.0000e+00 0.0000e+00 2.3200e+02 2.2000e+01 2.0000e+00 2.0000e+00 1.6000e+02 4.5000e+01 1.5100e+02 2.4000e+01 3.0000e+00 4.0000e+00 7.0000e+00 4.0000e+00 4.0000e+00 2.0000e+00 6.0000e+00 1.3460e+03 2.0000e+00 1.0000e+00 2.8000e+01 2.0000e+00 7.0000e+00 5.0000e+00 0.0000e+00 3.0000e+00 1.5200e+02 1.0000e+00 0.0000e+00 0.0000e+00 1.7050e+03 7.0000e+00 0.0000e+00 2.0000e+00 2.0000e+00 1.0000e+00 0.0000e+00 2.0000e+00 2.1000e+01 7.0000e+00
0.0000e+00 0.0000e+00 2.0000e+00 0.0000e+00 7.0000e+00 2.0000e+00 6.0000e+00 4.0000e+00 3.0000e+00 5.0000e+00 0.0000e+00 1.0000e+00 0.0000e+00 3.0000e+00 4.0000e+00 1.0000e+01 3.0000e+00 0.0000e+00 2.0000e+00 1.0000e+00 6.8000e+01 2.0000e+00 3.0000e+00 1.0000e+00 1.0000e+00 3.0000e+00 4.3000e+01 2.0000e+00 4.0000e+00 2.0000e+00 5.0000e+00 9.0000e+00 0.0000e+00 4.0000e+00 3.0000e+00 9.0000e+00 1.0000e+00 0.0000e+00 2.1000e+01 0.0000e+00 0.0000e+00 0.0000e+00 1.1000e+01 0.0000e+00 3.0000e+00 1.0000e+00 0.0000e+00 4.0000e+00 0.0000e+00 2.0000e+00
0.0000e+00 6.0000e+00 1.0000e+01 2.0000e+00 3.0000e+00 1.6000e+01 1.5200e+02 8.0000e+00 1.0000e+00 3.0000e+00 7.0000e+00 1.0000e+00 0.0000e+00 1.5000e+01 3.0000e+00 7.0000e+00 3.0000e+00 1.4600e+02 2.0000e+00 1.0000e+01 0.0000e+00 4.0000e+00 1.1700e+02 3.0000e+00 4.0000e+00 3.0000e+00 7.0000e+00 2.0000e+00 1.0000e+00 1.0000e+01 1.7000e+01 1.0000e+00 0.0000e+00 1.0000e+00 5.0000e+00 1.8000e+01 1.0000e+00 4.0000e+00 3.0000e+00 1.3400e+03 0.0000e+00 1.0000e+00 7.0000e+00 3.0000e+00 1.0000e+01 9.0000e+00 8.0000e+00 2.5000e+01 4.0000e+00 1.0000e+00
2.2000e+01 3.0000e+00 1.2000e+01 5.4000e+01 9.0000e+00 3.6000e+01 1.5000e+01 4.0000e+00 1.3000e+01 9.0000e+00 1.0000e+01 3.4900e+02 5.0000e+00 5.0000e+00 1.4300e+02 5.3400e+02 5.0000e+00 1.7000e+01 1.0000e+01 8.0000e+00 1.8000e+01 1.1000e+01 7.0000e+00 2.1000e+01 8.5000e+01 4.1000e+01 1.2000e+01 1.3000e+01 9.0000e+00 4.8300e+02 8.0000e+00 1.3000e+01 2.4000e+01 1.0000e+00 2.0000e+01 3.3600e+02 7.0000e+00 6.5000e+01 8.5000e+01 4.0000e+00 5.0000e+00 9.0000e+00 2.8000e+01 1.2000e+01 1.7000e+01 1.1600e+02 1.4000e+01 1.7000e+01 2.0000e+01 6.0000e+00
0.0000e+00 0.0000e+00 4.0000e+01 2.3000e+01 1.0800e+02 6.8000e+01 3.6000e+01 0.0000e+00 5.0000e+00 7.0000e+00 1.8000e+01 6.0000e+00 2.0000e+00 5.8000e+01 2.6900e+02 2.1000e+01 2.0000e+00 5.8000e+01 2.0000e+00 2.0000e+00 1.1000e+01 7.0000e+00 1.7000e+01 6.8000e+01 2.0000e+00 1.0000e+01 7.8700e+02 1.3000e+01 2.0000e+00 4.5000e+01 1.0000e+01 9.0000e+00 1.0200e+02 2.0000e+00 2.0000e+00 6.0000e+00 3.0000e+00 4.0000e+00 8.0000e+00 2.7000e+01 1.0000e+01 1.8000e+01 1.7000e+01 1.3850e+03 2.8000e+01 0.0000e+00 6.1000e+01 2.6000e+01 3.0000e+00 1.0000e+00
9.0000e+00 0.0000e+00 1.0000e+00 0.0000e+00 1.1000e+01 1.0000e+00 0.0000e+00 9.0000e+00 2.0000e+01 0.0000e+00 2.0000e+00 3.0000e+00 3.0000e+00 5.0000e+00 5.0000e+00 1.0000e+00 0.0000e+00 1.0000e+00 1.0000e+00 5.0000e+00 1.4000e+01 1.0000e+00 0.0000e+00 3.0000e+00 1.3000e+01 1.0000e+00 2.0000e+00 1.0000e+00 9.0000e+00 5.0000e+00 1.4000e+01 2.0000e+00 2.0000e+00 0.0000e+00 4.0000e+00 1.0000e+00 0.0000e+00 2.0000e+00 2.0000e+00 0.0000e+00 0.0000e+00 4.0000e+00 5.0000e+00 2.0000e+00 0.0000e+00 1.0000e+01 1.1000e+01 1.0000e+00 1.5000e+01 4.0000e+00
1.2000e+02 0.0000e+00 5.3000e+01 1.4730e+03 9.0000e+00 4.0000e+00 1.2000e+01 1.6000e+01 1.1000e+01 2.0000e+00 4.6000e+01 2.7000e+01 2.2000e+01 3.5000e+01 5.4000e+01 9.8000e+01 1.8000e+01 3.0000e+00 8.0000e+00 1.0000e+00 3.2400e+02 1.0500e+02 2.1000e+01 3.1000e+01 4.0000e+00 7.0000e+00 2.0000e+01 3.0000e+00 3.0000e+00 4.0000e+01 7.0000e+00 8.6000e+01 1.0000e+00 5.0000e+00 2.9000e+01 6.0000e+00 3.0000e+00 4.0000e+00 1.2800e+02 4.0000e+00 1.0020e+03 8.0000e+00 1.8200e+02 1.7000e+01 0.0000e+00 5.0000e+00 6.0000e+00 6.0000e+00 1.1000e+01 1.0000e+00
7.0000e+00 3.0000e+00 1.0000e+01 2.7000e+01 3.0000e+00 2.5000e+01 3.0000e+00 1.7000e+01 2.5000e+01 1.1000e+01 0.0000e+00 1.3000e+01 8.0000e+00 2.0000e+01 6.1000e+01 4.0000e+00 6.0000e+00 3.0000e+00 2.7000e+01 1.8000e+01 3.0000e+00 3.0000e+00 1.1000e+01 4.0000e+00 4.1000e+01 1.0000e+01 2.3000e+01 7.0000e+00 1.0000e+01 1.4700e+02 2.2000e+01 2.2000e+01 6.0000e+00 2.0000e+00 1.4000e+01 1.3000e+01 4.0000e+00 1.4430e+03 2.2100e+02 2.0000e+00 2.9000e+01 5.0000e+00 3.2000e+01 2.5000e+01 0.0000e+00 1.2000e+01 1.4000e+01 1.0000e+01 3.0000e+00 2.0000e+01
3.0000e+00 7.0000e+00 1.0000e+00 1.2000e+01 2.4000e+01 2.0000e+00 2.0000e+00 3.0000e+00 1.0000e+01 3.1210e+03 1.0000e+00 1.3000e+01 3.0000e+00 1.0000e+00 3.0000e+00 1.0000e+00 1.0000e+00 4.0000e+00 5.0000e+00 8.7000e+01 3.0000e+00 3.0000e+00 5.0000e+00 6.0000e+00 2.0000e+00 2.0000e+00 1.0000e+01 6.0000e+00 2.3000e+01 1.0000e+00 1.2000e+01 7.0000e+00 1.5560e+03 3.0000e+00 1.0000e+00 1.9100e+02 1.0000e+00 1.0000e+00 0.0000e+00 2.0000e+00 2.0000e+00 1.5000e+01 1.0000e+00 3.5000e+01 0.0000e+00 3.0000e+00 4.1000e+01 1.0000e+00 1.0000e+00 4.0000e+00
