2.0000e+00 1.0000e+00 1.0000e+00 2.0000e+00 1.1700e+02 2.0000e+00 1.0000e+00 1.0000e+00 7.1110e+03 2.0390e+03
2.0000e+00 7.0000e+00 1.0000e+00 1.7130e+03 1.0000e+00 1.0000e+00 1.0000e+00 1.0000e+00 1.0000e+00 6.9900e+03
9.2570e+03 1.0000e+00 1.0000e+00 0.0000e+00 3.0000e+00 1.0000e+00 1.3000e+01 5.0630e+03 3.0000e+00 1.0000e+00
6.4000e+02 2.0000e+00 6.0000e+00 2.0000e+00 2.0000e+00 9.9220e+03 2.0000e+00 1.0000e+00 1.0000e+00 2.0000e+00
1.0000e+00 1.0000e+00 1.0000e+00 8.3400e+03 2.4000e+01 1.0000e+00 1.0000e+00 1.0000e+00 1.0000e+00 1.0000e+00
9.5000e+01 1.0000e+00 1.0000e+00 2.0000e+00 2.0000e+00 4.0000e+00 9.9730e+03 1.0000e+00 1.0000e+00 3.0000e+00
1.0000e+00 2.0000e+00 1.0000e+00 1.0000e+00 1.0000e+00 1.0000e+00 1.0000e+00 1.0000e+00 1.0000e+00 9.3300e+02
1.0000e+00 1.0000e+00 9.8480e+03 1.0000e+00 1.0000e+00 1.0000e+00 1.0000e+00 5.1830e+03 2.0000e+00 0.0000e+00
1.0000e+00 7.0000e+00 1.0000e+00 6.0000e+00 9.9850e+03 1.0000e+00 1.0000e+00 1.0000e+00 2.7690e+03 1.0000e+00
1.0000e+00 9.8560e+03 1.0000e+00 4.0000e+00 1.0000e+00 2.0000e+00 1.0000e+00 1.0000e+00 2.0000e+00 3.0000e+00
