4.7000e+01 1.0000e+00 1.0000e+00 1.0000e+00 3.0000e+00 2.0000e+00 1.0000e+00 1.0000e+00 9.9260e+03 7.5100e+02
2.0000e+00 1.0000e+00 1.0000e+00 6.1600e+02 1.0000e+00 1.0000e+00 1.0000e+01 1.0000e+00 6.0000e+00 9.2440e+03
5.0000e+00 2.0000e+00 1.0000e+00 1.0000e+00 2.0000e+00 1.0000e+00 9.9400e+02 1.0002e+04 1.0000e+00 2.0000e+00
2.0000e+00 1.0000e+00 1.0000e+00 4.0000e+00 4.0000e+00 9.8700e+03 1.0000e+00 1.0000e+00 5.0000e+00 1.0000e+00
1.0000e+00 1.0000e+00 8.0000e+00 9.5470e+03 1.0000e+00 1.0000e+00 1.0000e+00 4.0000e+00 1.0000e+00 1.0000e+00
4.0000e+00 2.0000e+00 1.0000e+00 1.0000e+00 1.0000e+00 1.0000e+00 9.0140e+03 3.0000e+00 1.0000e+00 1.0000e+00
9.9750e+03 4.0000e+00 1.0000e+00 1.0000e+00 7.0000e+00 2.0000e+00 3.0000e+00 1.0000e+00 1.0000e+00 1.0000e+00
3.0000e+00 1.4300e+02 9.8430e+03 1.0000e+00 1.0000e+00 1.0000e+00 1.0000e+00 1.4000e+01 2.4000e+01 1.0000e+00
1.0000e+00 1.0000e+00 1.0000e+00 1.0000e+00 9.9690e+03 1.0000e+00 2.0000e+00 1.0000e+00 1.0000e+00 6.0000e+00
1.0000e+00 9.8580e+03 1.0000e+00 2.0000e+00 1.0000e+00 1.0000e+00 1.0000e+00 3.0000e+00 5.0000e+00 2.0000e+00
