9.1489e-01 0.0000e+00 0.0000e+00 0.0000e+00 6.6667e-01 5.0000e-01 0.0000e+00 0.0000e+00 9.0268e-01 9.8003e-01
5.0000e-01 0.0000e+00 0.0000e+00 9.9838e-01 0.0000e+00 0.0000e+00 9.0000e-01 0.0000e+00 3.3333e-01 9.7047e-01
8.0000e-01 5.0000e-01 0.0000e+00 0.0000e+00 5.0000e-01 0.0000e+00 9.7485e-01 7.8094e-01 0.0000e+00 5.0000e-01
5.0000e-01 0.0000e+00 0.0000e+00 7.5000e-01 7.5000e-01 9.7903e-01 0.0000e+00 0.0000e+00 4.0000e-01 0.0000e+00
0.0000e+00 0.0000e+00 5.0000e-01 6.6492e-01 0.0000e+00 0.0000e+00 0.0000e+00 5.0000e-01 0.0000e+00 0.0000e+00
7.5000e-01 5.0000e-01 0.0000e+00 0.0000e+00 0.0000e+00 0.0000e+00 9.6472e-01 6.6667e-01 0.0000e+00 0.0000e+00
8.2496e-01 5.0000e-01 0.0000e+00 0.0000e+00 5.7143e-01 5.0000e-01 6.6667e-01 0.0000e+00 0.0000e+00 0.0000e+00
6.6667e-01 9.6503e-01 9.5388e-01 0.0000e+00 0.0000e+00 0.0000e+00 0.0000e+00 7.8571e-01 5.0000e-01 0.0000e+00
0.0000e+00 0.0000e+00 0.0000e+00 0.0000e+00 4.8741e-01 0.0000e+00 5.0000e-01 0.0000e+00 0.0000e+00 5.0000e-01
0.0000e+00 9.9513e-01 0.0000e+00 5.0000e-01 0.0000e+00 0.0000e+00 0.0000e+00 6.6667e-01 4.0000e-01 5.0000e-01
