4.3000e+01 0.0000e+00 0.0000e+00 0.0000e+00 2.0000e+00 1.0000e+00 0.0000e+00 0.0000e+00 8.9600e+03 7.3600e+02
1.0000e+00 0.0000e+00 0.0000e+00 6.1500e+02 0.0000e+00 0.0000e+00 9.0000e+00 0.0000e+00 2.0000e+00 8.9710e+03
4.0000e+00 1.0000e+00 0.0000e+00 0.0000e+00 1.0000e+00 0.0000e+00 9.6900e+02 7.8110e+03 0.0000e+00 1.0000e+00
1.0000e+00 0.0000e+00 0.0000e+00 3.0000e+00 3.0000e+00 9.6630e+03 0.0000e+00 0.0000e+00 2.0000e+00 0.0000e+00
0.0000e+00 0.0000e+00 4.0000e+00 6.3480e+03 0.0000e+00 0.0000e+00 0.0000e+00 2.0000e+00 0.0000e+00 0.0000e+00
3.0000e+00 1.0000e+00 0.0000e+00 0.0000e+00 0.0000e+00 0.0000e+00 8.6960e+03 2.0000e+00 0.0000e+00 0.0000e+00
8.2290e+03 2.0000e+00 0.0000e+00 0.0000e+00 4.0000e+00 1.0000e+00 2.0000e+00 0.0000e+00 0.0000e+00 0.0000e+00
2.0000e+00 1.3800e+02 9.3890e+03 0.0000e+00 0.0000e+00 0.0000e+00 0.0000e+00 1.1000e+01 1.2000e+01 0.0000e+00
0.0000e+00 0.0000e+00 0.0000e+00 0.0000e+00 4.8590e+03 0.0000e+00 1.0000e+00 0.0000e+00 0.0000e+00 3.0000e+00
0.0000e+00 9.8100e+03 0.0000e+00 1.0000e+00 0.0000e+00 0.0000e+00 0.0000e+00 2.0000e+00 2.0000e+00 1.0000e+00
