8.9000e+01 7.1000e+01 5.3000e+01 6.5000e+01 7.1000e+01 7.2000e+01 6.1000e+01 8.2000e+01 5.4250e+03 5.3530e+03 6.9000e+01 7.4000e+01 8.4000e+01 6.8000e+01 7.6000e+01 4.8000e+01 8.2000e+01 7.1000e+01 7.4000e+01 7.4000e+01 7.6000e+01 6.7000e+01 4.7220e+03 5.4490e+03 8.2000e+01 7.2000e+01 6.9000e+01 6.4000e+01 8.7000e+01 9.3000e+01 6.3000e+01 8.8000e+01 7.6000e+02 8.0000e+01 7.3000e+01 7.2000e+01 6.3000e+01 5.6000e+01 6.9000e+01 7.3000e+01 5.4740e+03 6.6000e+01 6.8000e+01 7.9000e+01 8.3000e+01 7.1000e+01 7.1000e+01 6.4000e+01 6.5000e+01 6.2000e+01
6.8000e+01 6.3000e+01 5.4550e+03 6.8000e+01 7.4000e+01 5.9000e+01 7.1000e+01 7.2000e+01 7.8000e+01 7.1000e+01 8.0000e+01 6.3000e+01 7.1000e+01 7.5000e+01 5.4120e+03 7.7000e+01 7.1000e+01 5.4080e+03 5.2410e+03 6.6000e+01 7.3000e+01 5.3200e+03 5.7900e+02 5.7000e+01 6.7000e+01 7.0000e+01 6.6000e+01 6.0000e+01 8.4000e+01 5.1000e+01 8.1000e+01 5.8000e+01 6.8000e+01 9.5000e+01 8.0000e+01 8.3000e+01 7.1000e+01 6.8000e+01 7.7000e+01 7.8000e+01 7.9000e+01 7.0000e+01 7.4000e+01 6.9000e+01 6.2000e+01 6.8000e+01 6.3000e+01 7.7000e+01 6.8000e+01 6.0000e+01
6.6000e+01 6.7000e+01 7.2000e+01 7.2000e+01 5.7000e+01 6.6000e+01 5.2220e+03 7.0000e+01 6.8000e+01 5.9000e+01 5.3490e+03 5.7000e+01 7.8000e+01 7.4000e+01 7.0000e+01 7.1000e+01 7.4000e+01 7.8000e+01 5.8000e+01 6.6000e+01 7.2000e+01 7.3000e+01 6.4000e+01 7.2000e+01 6.5000e+01 6.0000e+01 6.5000e+01 7.2000e+01 7.1000e+01 8.1000e+01 9.0000e+01 5.4150e+03 4.6000e+03 6.0000e+01 6.3000e+01 6.7000e+01 6.0000e+01 9.0000e+01 7.5000e+01 6.8000e+01 8.8000e+01 7.2000e+01 6.0000e+01 7.1000e+01 6.0000e+01 8.7000e+01 5.7000e+01 5.0010e+03 5.8000e+01 7.9000e+01
7.4000e+01 7.0000e+01 5.7000e+01 7.7000e+01 7.4000e+01 6.3000e+01 7.4000e+01 4.8000e+01 6.0000e+01 8.0000e+01 8.6000e+01 7.3000e+01 7.8000e+01 6.1000e+01 6.7000e+01 7.6000e+01 8.1000e+01 7.4000e+01 7.0000e+01 5.3930e+03 7.6000e+01 7.7000e+01 7.4000e+01 6.9000e+01 2.0660e+03 6.1000e+01 9.1000e+01 5.2990e+03 7.5000e+01 5.8000e+01 5.3690e+03 5.5000e+01 6.5000e+01 1.0200e+02 7.8000e+01 4.8000e+01 5.5000e+01 7.9000e+01 5.3330e+03 6.5000e+01 7.4000e+01 7.6000e+01 9.0000e+01 7.3000e+01 7.7000e+01 5.3420e+03 7.5000e+01 7.5000e+01 7.2000e+01 6.9000e+01
6.5000e+01 6.0000e+01 7.8000e+01 6.0000e+01 7.4000e+01 7.2000e+01 8.2000e+01 8.6000e+01 8.1000e+01 6.8000e+01 6.7000e+01 6.8000e+01 1.5470e+03 8.4000e+01 7.4000e+01 8.4000e+01 5.4190e+03 7.6000e+01 7.5000e+01 7.0000e+01 7.3000e+01 7.4000e+01 9.5000e+01 6.8000e+01 5.5000e+01 8.3000e+01 2.4910e+03 7.0000e+01 5.3100e+03 6.9000e+01 6.5000e+01 7.9000e+01 7.4000e+01 8.3000e+01 5.2250e+03 7.9000e+01 8.8000e+01 8.3000e+01 6.8000e+01 5.7000e+01 6.5000e+01 7.6000e+01 7.5000e+01 6.7000e+01 7.4000e+01 7.2000e+01 8.7000e+01 6.9000e+01 8.4000e+01 5.4670e+03
8.1000e+01 1.0400e+02 6.8000e+01 8.3000e+01 7.3000e+01 6.5000e+01 7.2000e+01 6.9000e+01 7.5000e+01 7.6000e+01 7.5000e+01 5.0000e+01 3.8960e+03 7.6000e+01 7.3000e+01 7.6000e+01 7.6000e+01 7.2000e+01 7.3000e+01 7.6000e+01 6.8000e+01 5.8000e+01 7.3000e+01 7.7000e+01 3.3930e+03 7.6000e+01 7.1000e+01 8.1000e+01 6.2000e+01 6.0000e+01 8.6000e+01 7.6000e+01 6.7000e+01 8.0000e+01 6.9000e+01 7.4000e+01 7.7000e+01 5.2370e+03 1.0500e+02 5.3280e+03 7.1000e+01 5.3620e+03 8.3000e+01 7.4000e+01 5.4020e+03 6.6000e+01 6.8000e+01 7.8000e+01 8.0000e+01 6.8000e+01
5.3580e+03 6.4000e+01 6.8000e+01 6.5000e+01 1.1000e+02 6.1000e+01 8.4000e+01 5.4590e+03 7.2000e+01 7.3000e+01 8.6000e+01 7.4000e+01 6.6000e+01 5.8000e+01 6.6000e+01 5.3490e+03 6.5000e+01 5.2000e+01 6.1000e+01 6.4000e+01 6.1000e+01 7.9000e+01 7.8000e+01 7.2000e+01 8.0000e+01 6.4000e+01 5.8000e+01 7.3000e+01 6.9000e+01 7.1000e+01 6.6000e+01 6.3000e+01 6.2000e+01 7.6000e+01 8.0000e+01 7.2000e+01 6.8000e+01 6.5000e+01 8.7000e+01 6.9000e+01 9.2000e+01 6.8000e+01 5.4410e+03 5.9000e+01 6.2000e+01 7.0000e+01 8.2000e+01 4.8300e+02 5.3960e+03 8.4000e+01
8.3000e+01 8.4000e+01 7.5000e+01 6.6000e+01 5.2240e+03 5.6000e+01 7.2000e+01 7.9000e+01 7.5000e+01 6.5000e+01 8.3000e+01 5.8000e+01 7.7000e+01 5.3450e+03 7.0000e+01 6.6000e+01 6.4000e+01 7.8000e+01 7.2000e+01 6.9000e+01 2.0170e+03 7.8000e+01 7.8000e+01 8.6000e+01 7.1000e+01 8.3000e+01 3.0370e+03 7.2000e+01 8.9000e+01 7.1000e+01 7.5000e+01 7.2000e+01 7.3000e+01 5.3470e+03 7.6000e+01 5.2610e+03 6.8000e+01 7.0000e+01 7.6000e+01 6.9000e+01 6.4000e+01 7.9000e+01 7.8000e+01 8.6000e+01 6.9000e+01 9.4000e+01 7.8000e+01 7.3000e+01 9.0000e+01 5.8000e+01
7.3000e+01 5.1600e+03 6.1000e+01 5.2510e+03 8.4000e+01 8.6000e+01 7.2000e+01 7.9000e+01 7.3000e+01 7.5000e+01 6.5000e+01 7.3000e+01 5.9000e+01 7.5000e+01 6.5000e+01 7.1000e+01 7.5000e+01 7.0000e+01 7.5000e+01 6.8000e+01 5.5000e+01 6.3000e+01 6.6000e+01 8.6000e+01 5.7000e+01 7.0000e+01 6.0000e+01 6.6000e+01 6.6000e+01 7.9000e+01 5.9000e+01 5.3000e+01 7.1000e+01 7.5000e+01 7.1000e+01 8.4000e+01 5.3750e+03 7.1000e+01 7.5000e+01 5.4000e+01 8.4000e+01 6.6000e+01 5.7000e+01 5.2860e+03 7.7000e+01 7.5000e+01 5.4130e+03 7.5000e+01 6.2000e+01 7.5000e+01
7.3000e+01 7.2000e+01 8.1000e+01 9.1000e+01 6.9000e+01 5.3500e+03 6.6000e+01 7.0000e+01 6.8000e+01 6.6000e+01 6.6000e+01 5.3180e+03 6.2000e+01 6.7000e+01 8.0000e+01 8.2000e+01 6.8000e+01 7.1000e+01 8.1000e+01 6.4000e+01 3.4860e+03 7.5000e+01 7.4000e+01 6.0000e+01 5.5000e+01 5.2840e+03 5.8000e+01 6.7000e+01 6.6000e+01 5.4660e+03 5.9000e+01 8.8000e+01 7.2000e+01 7.7000e+01 7.1000e+01 8.2000e+01 7.2000e+01 7.9000e+01 7.1000e+01 6.8000e+01 7.8000e+01 7.4000e+01 8.3000e+01 7.8000e+01 6.6000e+01 8.0000e+01 8.1000e+01 6.5000e+01 7.1000e+01 6.9000e+01
