7.9775e-01 4.9296e-01 8.4906e-01 8.1538e-01 4.7887e-01 0.0000e+00 5.2459e-01 2.4390e-01 9.7260e-01 1.0000e+00 8.1159e-01 9.8649e-01 7.9518e-01 9.1045e-01 7.1053e-01 5.4167e-01 8.4146e-01 5.3521e-01 7.7027e-01 5.4054e-01 5.5263e-01 9.5312e-01 9.7059e-01 1.0000e+00 5.8537e-01 8.6111e-01 8.8406e-01 6.2500e-01 4.5977e-01 9.0909e-01 8.0952e-01 3.2955e-01 8.8732e-01 1.0000e+00 4.3836e-01 6.3889e-01 8.4127e-01 6.4286e-01 4.7826e-01 9.0476e-01 9.2105e-01 3.1818e-01 9.8438e-01 9.7260e-01 3.3735e-01 2.9577e-01 2.2535e-01 5.6250e-01 5.3846e-01 6.9355e-01
1.7647e-01 2.3810e-01 6.2821e-01 7.3529e-02 8.1081e-02 3.7288e-01 8.4507e-02 4.8611e-01 2.4359e-01 3.9437e-01 1.8750e-01 2.3810e-01 3.2394e-01 6.6667e-02 5.5556e-01 5.1948e-02 3.2394e-01 4.3590e-01 4.8571e-01 1.0606e-01 4.7945e-01 5.2439e-01 5.0725e-01 1.0526e-01 3.4328e-01 3.7143e-01 2.7273e-01 1.3333e-01 5.1807e-01 1.3725e-01 3.8272e-01 5.0000e-01 2.3529e-01 1.7895e-01 5.1250e-01 4.5783e-01 2.5352e-01 1.3235e-01 2.3377e-01 1.0256e-01 3.7975e-02 1.1429e-01 5.2113e-01 3.9130e-01 1.6129e-01 2.9412e-01 7.9365e-02 0.0000e+00 5.8824e-02 4.1667e-01
8.5484e-01 6.4179e-01 1.0000e+00 1.8056e-01 1.5789e-01 4.5455e-01 1.0000e+00 6.8571e-01 2.2059e-01 2.8814e-01 9.7468e-01 8.7719e-02 2.1795e-01 6.7568e-02 5.0000e-01 0.0000e+00 6.7568e-02 1.5385e-01 5.0000e-01 4.8485e-01 3.4722e-01 1.5068e-01 5.7812e-01 8.3333e-02 6.3077e-01 5.6667e-01 6.7692e-01 3.0556e-01 9.2647e-01 3.5802e-01 4.6667e-01 1.0000e+00 8.2090e-01 3.6667e-01 2.2222e-01 5.6716e-01 1.6667e-01 7.3333e-01 1.7333e-01 8.0303e-01 1.8182e-01 2.0833e-01 3.3333e-02 6.0563e-01 4.1667e-01 2.5287e-01 8.7719e-02 1.0000e+00 5.0000e-01 9.5238e-01
3.1081e-01 4.4286e-01 3.5088e-02 1.6883e-01 1.2162e-01 4.7619e-01 2.5676e-01 1.0417e-01 8.3333e-02 5.0000e-01 3.1395e-01 5.7534e-01 2.8205e-01 5.3333e-01 1.3433e-01 1.5789e-01 1.1111e-01 4.0541e-01 2.0000e-01 6.0256e-01 6.8421e-01 4.5455e-01 4.8649e-01 5.4412e-01 7.1951e-01 7.6667e-01 8.0899e-01 6.0000e-01 5.6000e-01 5.3448e-01 8.8750e-01 6.5455e-01 4.6154e-01 8.0460e-01 7.0513e-01 4.7917e-01 2.5455e-01 3.5443e-01 7.4194e-01 3.3846e-01 4.4595e-01 5.9211e-01 2.4444e-01 1.6438e-01 5.8442e-01 7.9710e-01 6.3889e-01 5.0667e-01 6.7213e-01 5.2174e-01
6.3077e-01 6.3333e-01 7.0513e-01 4.6667e-01 6.3514e-01 5.6944e-01 4.2683e-01 7.4419e-01 2.0988e-01 5.0000e-01 7.4242e-01 6.7647e-01 7.3134e-01 3.3333e-01 4.0541e-01 3.2143e-01 8.4615e-01 5.2632e-01 5.0667e-01 5.7971e-01 6.4384e-01 5.8108e-01 2.0000e-01 3.5294e-01 4.3636e-01 3.3735e-01 9.4118e-01 4.8571e-01 9.0566e-01 3.0435e-01 5.3846e-01 7.5949e-01 4.5946e-01 3.3735e-01 8.8710e-01 8.4722e-01 6.0227e-01 4.8193e-01 6.8182e-01 4.0351e-01 5.6923e-01 6.1333e-01 4.2667e-01 2.3881e-01 3.9189e-01 4.7222e-01 6.4706e-01 5.6522e-01 6.9512e-01 8.8158e-01
1.0000e+00 1.0000e+00 1.0000e+00 9.2683e-01 8.8889e-01 5.6923e-01 7.2222e-01 9.5588e-01 8.4000e-01 9.7333e-01 8.1333e-01 7.4000e-01 9.4737e-01 8.8158e-01 5.7534e-01 3.9474e-02 6.0526e-01 1.2500e-01 6.7123e-01 9.2105e-02 9.5588e-01 1.0000e+00 1.0000e+00 9.8701e-01 1.0000e+00 8.0263e-01 9.7143e-01 5.8025e-01 9.1935e-01 2.3333e-01 9.7674e-01 8.1579e-01 5.5224e-01 8.6250e-01 9.7101e-01 1.0000e+00 8.7013e-01 9.6825e-01 9.6078e-01 1.0000e+00 8.8571e-01 9.7561e-01 9.2771e-01 1.0000e+00 9.8864e-01 6.8182e-01 4.2647e-01 8.8462e-01 6.1250e-01 5.4412e-01
9.5714e-01 2.3438e-01 7.9412e-01 7.2308e-01 8.0303e-01 2.1311e-01 9.5181e-01 9.7674e-01 1.8056e-01 8.4507e-01 3.2558e-01 1.7568e-01 1.9697e-01 2.0690e-01 3.4848e-01 7.0312e-01 7.3846e-01 5.7692e-02 4.9180e-02 6.2500e-01 8.5246e-01 0.0000e+00 5.2564e-01 1.9444e-01 6.8750e-01 3.2812e-01 3.4483e-02 5.8904e-01 7.6812e-01 2.3944e-01 3.7879e-01 7.4603e-01 3.5484e-01 2.6316e-02 7.5000e-02 9.4118e-01 2.9412e-01 3.0769e-02 5.1724e-01 6.3768e-01 8.2353e-01 2.9412e-01 9.6203e-01 2.5424e-01 1.2903e-01 3.5714e-01 2.5610e-01 1.0000e+00 8.3582e-01 1.0714e-01
3.2530e-01 5.8333e-01 6.6667e-01 2.8788e-01 7.1014e-01 3.9286e-01 3.8889e-01 5.4430e-01 7.4286e-01 7.0769e-01 4.8193e-01 8.4483e-01 2.4675e-01 8.0000e-01 7.6471e-01 5.0000e-01 5.0000e-01 4.4872e-01 2.2222e-01 5.8462e-01 8.9394e-01 3.5897e-01 2.8205e-01 2.5581e-01 3.5211e-01 3.9759e-01 9.1667e-01 4.3056e-01 8.6957e-01 4.6479e-01 5.2000e-01 5.8333e-01 7.0000e-01 8.5185e-01 7.3684e-01 8.4722e-01 8.8235e-02 5.0000e-01 5.3947e-01 5.5072e-01 6.2500e-01 2.5316e-01 1.6667e-01 3.9535e-01 3.4783e-01 7.9518e-01 6.6216e-01 2.8767e-01 7.0000e-01 7.0175e-01
6.5753e-01 8.6207e-01 6.8852e-01 9.4872e-01 5.9524e-01 9.2424e-01 6.1111e-01 5.5696e-01 6.4384e-01 5.6000e-01 6.9231e-01 7.1233e-01 6.9492e-01 7.8378e-01 7.2308e-01 4.7887e-01 5.2000e-01 5.1429e-01 7.4667e-01 6.3636e-01 6.5455e-01 5.7143e-01 8.4127e-01 5.4651e-01 7.0175e-01 6.5714e-01 8.8333e-01 5.0000e-01 8.9394e-01 7.8481e-01 6.1017e-01 6.0377e-01 7.5362e-01 6.8000e-01 8.8571e-01 6.7857e-01 9.3443e-01 6.3380e-01 4.5333e-01 6.1111e-01 7.0238e-01 5.4545e-01 7.1930e-01 9.1892e-01 6.6234e-01 7.0667e-01 7.8082e-01 5.8667e-01 6.1290e-01 6.8000e-01
5.3425e-01 1.5278e-01 7.2840e-01 4.3956e-02 2.6087e-01 7.5806e-01 2.7273e-01 2.5714e-01 2.2059e-01 6.5152e-01 6.0606e-01 8.7654e-01 2.2581e-01 4.6269e-01 1.5000e-01 2.4390e-01 6.0294e-01 4.7887e-01 4.9383e-01 3.9062e-01 8.0519e-01 3.7333e-01 4.8649e-01 1.8333e-01 5.2727e-01 9.1429e-01 7.9630e-01 4.3284e-01 5.3030e-01 6.8421e-01 4.0678e-01 7.2941e-01 5.5556e-02 4.8052e-01 5.4930e-01 2.6829e-01 4.1667e-02 4.1772e-01 6.1972e-01 1.3235e-01 6.4286e-01 5.2703e-01 3.8554e-01 2.6923e-01 5.6061e-01 6.3291e-01 5.3086e-01 6.3077e-01 5.4930e-01 6.2319e-01
