1.7000e+01 3.5000e+01 8.7000e+01 2.8000e+01 1.9400e+02 7.5000e+01 5.6000e+01 3.3000e+02 2.9100e+02 3.7000e+01 5.6000e+01 3.4000e+01 2.0000e+01 4.8000e+01 2.6000e+01 6.2000e+01 1.9000e+01 8.0000e+00 2.1000e+01 1.6000e+01 5.2000e+01 1.5000e+01 9.1000e+01 1.0000e+01 4.2000e+01 2.7000e+01 1.9400e+02 5.4000e+01 4.6900e+02 2.2900e+02 5.5440e+03 8.1600e+02 6.9000e+01 8.5000e+01 1.3100e+02 2.2000e+01 2.4000e+01 1.5000e+01 4.7000e+01 5.8000e+01 4.0000e+01 1.2000e+01 9.0000e+00 6.3000e+01 6.2000e+01 1.5000e+01 1.7000e+01 2.9400e+02 7.0000e+00 1.1100e+02
2.2000e+01 5.0000e+01 7.0000e+00 1.0000e+01 4.0110e+03 8.0000e+00 7.0000e+00 9.0000e+01 1.2000e+01 1.2000e+01 1.2000e+01 8.0000e+00 1.4000e+01 1.1000e+01 1.5000e+01 2.1300e+02 1.6000e+01 8.0000e+00 1.9000e+01 2.1000e+01 1.1000e+01 2.6000e+01 4.5800e+02 1.0000e+01 1.4000e+01 1.6000e+01 1.8000e+01 1.8000e+01 1.8800e+02 6.5700e+02 3.5000e+01 9.0000e+00 9.0000e+00 1.7000e+01 5.7000e+01 1.1000e+01 1.7000e+01 7.0000e+00 2.5000e+01 1.4000e+01 8.0000e+00 1.9000e+01 9.0000e+00 1.5000e+01 5.9920e+03 5.9000e+01 7.0000e+00 1.1000e+01 2.9000e+01 1.1000e+01
1.9000e+01 5.0000e+01 1.7000e+01 7.9000e+01 6.7000e+01 1.0600e+02 1.4000e+01 3.7000e+01 1.5100e+02 3.6000e+01 5.6980e+03 1.0000e+01 1.4800e+02 1.6900e+02 3.0000e+01 4.1500e+02 1.6900e+02 1.9000e+01 1.4500e+02 3.8000e+01 1.1400e+02 3.3000e+01 9.5000e+01 4.8000e+01 5.4980e+03 8.5000e+01 7.2000e+01 5.4000e+01 3.0700e+02 7.1000e+01 8.9000e+01 2.2000e+01 5.9000e+01 1.7800e+02 1.9120e+03 2.1000e+01 6.0000e+01 1.2000e+01 3.1000e+01 2.9000e+01 1.6500e+02 3.6000e+01 1.1300e+02 8.8000e+01 0.0000e+00 1.8000e+01 1.4000e+01 2.9000e+01 4.8000e+01 2.0000e+01
6.0230e+03 2.7000e+01 5.8700e+03 5.6310e+03 3.3000e+01 5.3890e+03 5.7990e+03 2.4700e+02 4.6700e+03 5.8020e+03 2.2000e+01 5.2190e+03 5.2250e+03 5.2800e+03 1.7000e+01 3.8430e+03 2.9000e+01 3.6000e+02 2.6400e+02 1.2000e+01 5.5440e+03 5.9220e+03 3.2000e+01 5.9570e+03 1.9000e+01 1.6640e+03 3.5230e+03 2.2000e+02 4.3000e+01 1.8810e+03 3.1000e+01 3.2900e+02 3.2100e+02 9.0000e+00 3.6000e+01 1.0000e+01 1.8080e+03 2.8950e+03 1.1000e+02 2.2000e+01 5.6670e+03 5.5860e+03 9.0000e+00 7.2400e+02 0.0000e+00 5.8550e+03 5.5570e+03 5.0730e+03 5.9060e+03 2.0000e+01
0.0000e+00 1.5000e+01 7.0000e+00 1.0000e+01 1.2000e+01 8.0000e+00 0.0000e+00 9.0000e+00 1.2000e+01 8.0000e+00 1.2000e+01 1.1000e+01 1.0000e+01 1.1000e+01 1.2000e+01 3.8000e+01 3.1000e+01 8.0000e+00 1.7000e+01 3.9000e+01 3.0000e+01 1.2000e+01 1.2400e+02 0.0000e+00 1.9000e+01 1.3000e+01 1.1000e+01 1.8000e+01 1.7000e+01 1.9000e+01 2.2000e+01 3.0000e+01 9.0000e+00 9.0000e+00 2.3000e+01 8.0000e+00 8.0000e+00 1.0000e+01 7.5400e+02 1.4000e+01 1.0000e+01 1.2000e+01 9.0000e+00 1.0000e+01 0.0000e+00 0.0000e+00 7.0000e+00 1.7400e+02 7.0000e+00 9.0000e+00
0.0000e+00 2.2000e+01 1.1000e+01 1.3000e+01 1.2000e+01 1.6000e+01 0.0000e+00 9.0000e+00 1.2000e+01 8.0000e+00 5.1000e+01 1.0000e+01 1.2000e+01 1.4000e+01 6.7000e+01 2.1600e+02 2.3000e+01 8.0000e+00 1.5000e+01 9.0000e+00 1.4000e+01 8.0000e+00 2.0000e+01 0.0000e+00 2.7000e+01 1.6000e+01 1.1000e+01 1.8000e+01 2.1000e+01 2.8170e+03 1.7000e+01 3.4000e+01 1.1000e+01 9.0000e+00 6.7000e+01 8.0000e+00 8.0000e+00 2.9090e+03 5.1230e+03 2.5000e+01 8.0000e+00 1.9000e+01 5.8740e+03 1.0000e+01 0.0000e+00 0.0000e+00 1.9000e+01 9.0000e+00 7.0000e+00 9.0000e+00
0.0000e+00 1.8000e+01 1.3000e+01 1.7000e+01 1.6000e+01 1.1000e+01 0.0000e+00 9.0000e+00 1.2000e+01 1.3000e+01 2.0000e+01 1.1000e+01 1.0000e+01 1.6000e+01 2.2000e+01 6.7400e+02 1.2000e+01 1.2000e+01 1.5000e+01 1.4000e+01 7.0000e+00 8.0000e+00 4.5000e+01 0.0000e+00 1.7000e+01 1.3000e+01 1.4000e+01 2.4000e+01 1.0000e+01 1.8100e+02 1.4000e+01 1.3000e+01 1.5000e+01 1.3000e+01 1.9000e+01 1.1000e+01 8.0000e+00 0.0000e+00 0.0000e+00 1.4000e+01 1.0000e+01 1.7000e+01 0.0000e+00 1.5000e+01 0.0000e+00 0.0000e+00 1.3000e+01 1.8000e+01 9.0000e+00 1.3000e+01
0.0000e+00 2.7200e+02 2.5000e+01 4.6000e+01 3.6000e+01 5.9000e+01 0.0000e+00 3.9000e+01 5.4600e+02 3.1000e+01 1.5000e+01 8.0000e+00 2.0000e+01 3.2000e+01 1.8200e+02 4.3300e+02 3.5800e+02 1.5900e+02 3.1000e+01 1.1700e+02 3.9000e+01 1.8000e+01 4.9490e+03 0.0000e+00 1.5300e+02 3.9230e+03 3.9000e+01 5.3980e+03 3.0000e+02 9.1000e+01 1.0000e+02 5.3000e+01 1.3000e+01 2.3000e+01 1.3300e+02 7.4000e+01 2.4000e+01 0.0000e+00 0.0000e+00 1.8670e+03 3.1000e+01 1.8100e+02 0.0000e+00 4.2000e+01 0.0000e+00 0.0000e+00 1.0700e+02 3.7400e+02 2.7000e+01 2.6000e+01
0.0000e+00 1.5000e+01 9.0000e+00 7.6000e+01 1.6500e+02 1.3000e+01 0.0000e+00 4.3000e+01 1.7000e+01 1.3000e+01 1.7000e+01 3.1000e+01 1.0000e+01 1.6000e+01 1.2000e+01 1.3200e+02 2.7000e+01 1.2000e+01 2.1000e+01 2.3000e+01 9.0000e+00 3.7000e+01 6.0000e+01 0.0000e+00 3.3000e+01 4.0000e+01 1.1000e+01 2.7000e+01 1.0000e+01 1.0900e+02 3.5000e+01 1.1000e+01 1.5000e+01 2.1000e+01 2.1000e+02 1.9000e+01 1.0000e+01 0.0000e+00 0.0000e+00 3.6000e+01 1.2000e+01 1.7000e+01 0.0000e+00 2.5000e+01 0.0000e+00 0.0000e+00 6.1000e+01 1.1000e+01 7.0000e+00 3.3000e+01
0.0000e+00 5.5010e+03 1.1000e+01 1.3000e+01 1.5050e+03 4.8300e+02 0.0000e+00 5.0610e+03 2.0700e+02 3.6000e+01 7.2000e+01 7.0100e+02 5.5800e+02 3.9000e+02 5.6500e+03 3.0000e+01 5.2800e+03 5.4120e+03 5.4450e+03 5.7760e+03 1.8200e+02 1.0000e+01 5.8000e+01 0.0000e+00 1.3400e+02 2.5800e+02 2.1230e+03 4.2000e+01 4.7390e+03 1.7000e+01 2.6000e+01 4.5990e+03 5.3760e+03 5.6200e+03 3.4170e+03 5.8780e+03 4.0170e+03 0.0000e+00 0.0000e+00 3.8910e+03 2.1000e+01 2.1000e+01 0.0000e+00 5.0380e+03 0.0000e+00 0.0000e+00 2.7400e+02 1.1000e+01 2.5000e+01 5.7470e+03
