5.1724e-01 3.2500e-01 6.9565e-01 2.9167e-01 6.1818e-01 6.8750e-01 4.5455e-01 7.4539e-01 5.8427e-01 6.5854e-01 3.8462e-01 1.8182e-01 4.3182e-01 4.0000e-01 3.0303e-01 4.3529e-01 2.1739e-01 9.0909e-02 1.5789e-01 4.0541e-01 5.8537e-01 1.8182e-01 2.9114e-01 1.1111e-01 2.1429e-01 2.2222e-01 5.9574e-01 1.1538e-01 7.0256e-01 5.4000e-01 6.5148e-01 7.6148e-01 6.5537e-01 6.9796e-01 4.1667e-01 3.6842e-01 4.6429e-01 5.3333e-01 4.5833e-01 2.7027e-01 4.0741e-01 0.0000e+00 1.1111e-01 5.0769e-01 7.9747e-01 2.0000e-01 1.8182e-01 7.0000e-01 3.5294e-01 6.0465e-01
1.1111e-01 3.4783e-01 0.0000e+00 0.0000e+00 7.1838e-01 0.0000e+00 1.1111e-01 5.2459e-01 1.1765e-01 1.8182e-01 0.0000e+00 0.0000e+00 0.0000e+00 0.0000e+00 1.9048e-01 4.8800e-01 7.1429e-02 0.0000e+00 1.1765e-01 3.3333e-01 2.5000e-01 1.8182e-01 4.3988e-01 1.1111e-01 1.6667e-01 1.7391e-01 1.2500e-01 0.0000e+00 5.3409e-01 7.1795e-01 2.2581e-01 0.0000e+00 0.0000e+00 9.0909e-02 3.2558e-01 0.0000e+00 2.3077e-01 2.0000e-01 3.3333e-01 0.0000e+00 0.0000e+00 1.1765e-01 2.0000e-01 2.5000e-01 1.0000e+00 7.4490e-01 0.0000e+00 2.5000e-01 3.6842e-01 9.0909e-02
2.0000e-01 1.5000e-01 0.0000e+00 4.8387e-01 4.8864e-01 6.4865e-01 6.6102e-01 5.1786e-01 5.6621e-01 6.6265e-01 7.0563e-01 1.0000e-01 6.2500e-01 6.6341e-01 1.9048e-01 6.3400e-01 5.8261e-01 3.6000e-01 5.1282e-01 3.5714e-01 7.2816e-01 2.9412e-01 2.5806e-01 5.5882e-01 6.5673e-01 4.2308e-01 4.3396e-01 3.9583e-01 6.9615e-01 5.6140e-01 2.8205e-01 4.0625e-01 5.9615e-01 6.3910e-01 6.3302e-01 4.1667e-01 6.9444e-01 4.2105e-01 5.8974e-01 3.7500e-01 6.1039e-01 3.6364e-01 8.5933e-01 3.0769e-01 1.0000e+00 5.0000e-01 3.6842e-01 2.0000e-01 6.7143e-01 2.7778e-01
1.0000e+00 3.4091e-01 9.3360e-01 7.7381e-01 2.1739e-01 9.0955e-01 1.0000e+00 6.3768e-01 7.0281e-01 9.0705e-01 2.0833e-01 9.0455e-01 7.7732e-01 7.2231e-01 1.5789e-01 6.7031e-01 2.4000e-01 7.5573e-01 6.7060e-01 1.4286e-01 9.4443e-01 9.0655e-01 7.6923e-02 9.7966e-01 0.0000e+00 6.6347e-01 7.4451e-01 3.8095e-01 3.9474e-01 7.0201e-01 1.0526e-01 6.8996e-01 6.9534e-01 9.0909e-02 4.5918e-01 0.0000e+00 8.8603e-01 9.6077e-01 7.6667e-01 6.2500e-02 8.6658e-01 7.1931e-01 0.0000e+00 7.2419e-01 1.0000e+00 9.9141e-01 9.2457e-01 8.4936e-01 9.4150e-01 3.1818e-01
1.0000e+00 3.3333e-01 0.0000e+00 0.0000e+00 1.2500e-01 0.0000e+00 1.0000e+00 0.0000e+00 0.0000e+00 0.0000e+00 0.0000e+00 3.3333e-01 0.0000e+00 0.0000e+00 0.0000e+00 4.3210e-01 2.7586e-01 0.0000e+00 7.1429e-02 4.4186e-01 5.4286e-01 1.0000e-01 3.5200e-01 1.0000e+00 0.0000e+00 6.2500e-02 0.0000e+00 0.0000e+00 2.1053e-01 2.3810e-01 5.8824e-02 3.1818e-01 0.0000e+00 0.0000e+00 1.1111e-01 0.0000e+00 0.0000e+00 2.0000e-01 9.3009e-01 0.0000e+00 0.0000e+00 0.0000e+00 1.1111e-01 0.0000e+00 1.0000e+00 1.0000e+00 1.1111e-01 7.1233e-01 0.0000e+00 0.0000e+00
1.0000e+00 1.1765e-01 0.0000e+00 1.3333e-01 0.0000e+00 5.0000e-01 1.0000e+00 0.0000e+00 0.0000e+00 1.0000e-01 4.0351e-01 0.0000e+00 0.0000e+00 2.4000e-01 2.6667e-01 5.7447e-01 7.1429e-02 1.5385e-01 0.0000e+00 8.3333e-02 1.8182e-01 0.0000e+00 0.0000e+00 1.0000e+00 3.1111e-01 1.1111e-01 0.0000e+00 0.0000e+00 0.0000e+00 7.5765e-01 1.0526e-01 2.3529e-01 1.4286e-01 0.0000e+00 3.8710e-01 0.0000e+00 0.0000e+00 1.0000e+00 1.0000e+00 1.0526e-01 1.6667e-01 7.1429e-02 1.0000e+00 0.0000e+00 1.0000e+00 1.0000e+00 1.8182e-01 9.0909e-02 1.1111e-01 0.0000e+00
1.0000e+00 6.6667e-02 3.1250e-01 2.3810e-01 0.0000e+00 1.0000e-01 1.0000e+00 1.5385e-01 0.0000e+00 1.8182e-01 6.6667e-02 2.3077e-01 1.7647e-01 1.2500e-01 0.0000e+00 5.1515e-01 0.0000e+00 2.5000e-01 1.1765e-01 2.2222e-01 1.1111e-01 0.0000e+00 1.4286e-01 1.0000e+00 1.9231e-01 0.0000e+00 7.6923e-02 8.3333e-02 1.7647e-01 5.7895e-01 0.0000e+00 1.5385e-01 0.0000e+00 2.3529e-01 0.0000e+00 0.0000e+00 0.0000e+00 1.0000e+00 1.0000e+00 0.0000e+00 1.0000e-01 1.5789e-01 1.0000e+00 1.4286e-01 1.0000e+00 1.0000e+00 0.0000e+00 0.0000e+00 1.8182e-01 2.3529e-01
1.0000e+00 5.4950e-01 5.0000e-01 4.3750e-01 3.7209e-01 2.3077e-01 1.0000e+00 3.4615e-01 6.1883e-01 5.9259e-01 1.5789e-01 1.8182e-01 3.5484e-01 3.5000e-01 4.8454e-01 6.1431e-01 5.9144e-01 7.1163e-01 3.9623e-01 6.4118e-01 5.5556e-01 4.6429e-01 5.4286e-01 1.0000e+00 4.2222e-01 6.5434e-01 4.2000e-01 5.7436e-01 6.5000e-01 4.0476e-01 4.4037e-01 3.4615e-01 8.3333e-02 4.5000e-01 5.2747e-01 6.2295e-01 3.3333e-01 1.0000e+00 1.0000e+00 6.2074e-01 2.5000e-01 5.2985e-01 1.0000e+00 4.2857e-01 1.0000e+00 1.0000e+00 5.6098e-01 7.5682e-01 1.8182e-01 3.7037e-01
1.0000e+00 1.1765e-01 1.1111e-01 4.7458e-01 5.6497e-01 3.1250e-01 1.0000e+00 2.8571e-01 1.9048e-01 0.0000e+00 2.0833e-01 2.9412e-01 2.1053e-01 7.1429e-02 0.0000e+00 5.1553e-01 3.8776e-01 2.5000e-01 2.9032e-01 0.0000e+00 2.5000e-01 3.8095e-01 3.4188e-01 1.0000e+00 1.0526e-01 4.8485e-01 0.0000e+00 0.0000e+00 4.3478e-01 5.0649e-01 3.2692e-01 2.0000e-01 0.0000e+00 4.3243e-01 4.8800e-01 4.6429e-01 0.0000e+00 1.0000e+00 1.0000e+00 1.0526e-01 2.5000e-01 0.0000e+00 1.0000e+00 2.7273e-01 1.0000e+00 1.0000e+00 7.0103e-01 2.5000e-01 1.8182e-01 3.6000e-01
1.0000e+00 6.9570e-01 1.1111e-01 7.6923e-02 6.7816e-01 8.3202e-01 1.0000e+00 8.1873e-01 4.9533e-01 4.8387e-01 2.0833e-01 8.5806e-01 7.0079e-01 6.0448e-01 7.0728e-01 3.0769e-01 7.1458e-01 8.4906e-01 7.1032e-01 8.0141e-01 7.2165e-01 2.3077e-01 7.6923e-02 1.0000e+00 4.2391e-01 5.5973e-01 6.9368e-01 3.9130e-01 7.6959e-01 1.3333e-01 2.4242e-01 8.2374e-01 8.1283e-01 8.2612e-01 6.7626e-01 9.1551e-01 8.9736e-01 1.0000e+00 1.0000e+00 6.5336e-01 1.6667e-01 2.4000e-01 1.0000e+00 7.8666e-01 1.0000e+00 1.0000e+00 8.4342e-01 2.5000e-01 4.0000e-01 8.4302e-01
