5.4414e-01 3.6577e-01 7.2654e-01 3.0560e-01 5.7904e-01 6.7157e-01 6.1058e-01 7.3198e-01 6.1610e-01 5.7561e-01 4.1468e-01 3.9966e-01 2.8548e-01 3.8648e-01 4.2355e-01 4.0230e-01 2.1455e-01 1.4883e-01 1.8683e-01 3.3059e-01 5.7692e-01 2.2417e-01 3.8660e-01 3.9374e-01 2.1968e-01 2.9600e-01 6.1301e-01 2.4352e-01 7.0608e-01 6.0110e-01 6.3322e-01 7.7997e-01 6.4605e-01 6.3871e-01 4.4556e-01 4.3671e-01 3.7605e-01 5.8843e-01 5.4577e-01 3.3221e-01 5.4976e-01 0.0000e+00 2.2629e-01 4.2251e-01 7.6858e-01 1.9628e-01 4.6050e-01 6.9007e-01 2.1474e-01 6.3252e-01
4.2729e-01 4.1818e-01 0.0000e+00 0.0000e+00 7.2651e-01 0.0000e+00 3.2698e-01 4.9750e-01 1.4237e-01 1.7018e-01 0.0000e+00 0.0000e+00 5.6291e-02 0.0000e+00 1.0143e-01 4.7660e-01 9.4828e-02 0.0000e+00 2.1575e-01 3.6409e-01 2.2203e-01 4.1909e-01 4.1997e-01 1.0269e-01 1.0000e-01 1.6487e-01 1.8451e-01 0.0000e+00 5.7286e-01 7.0396e-01 2.1824e-01 0.0000e+00 0.0000e+00 2.6273e-01 2.9642e-01 2.1902e-01 1.8814e-01 1.8138e-01 4.1794e-01 0.0000e+00 0.0000e+00 1.8609e-01 1.7657e-01 1.8862e-01 1.0000e+00 6.8850e-01 0.0000e+00 1.9730e-01 4.0589e-01 1.2862e-01
2.0167e-01 3.2995e-01 2.4361e-01 5.9528e-01 4.1379e-01 6.1084e-01 6.0000e-01 4.0527e-01 5.7491e-01 6.7949e-01 6.9338e-01 2.6929e-01 5.7987e-01 6.7961e-01 2.3817e-01 5.8224e-01 5.7635e-01 4.1722e-01 4.5172e-01 4.4178e-01 6.7887e-01 3.7696e-01 2.5654e-01 6.2939e-01 6.3833e-01 3.9837e-01 3.7175e-01 3.5220e-01 6.6498e-01 5.1266e-01 3.5103e-01 3.9801e-01 5.7544e-01 6.1269e-01 6.6993e-01 3.9555e-01 6.3529e-01 3.6222e-01 6.7500e-01 3.3176e-01 6.7087e-01 3.8160e-01 8.2810e-01 4.1864e-01 3.8424e-01 3.6204e-01 3.5063e-01 3.1954e-01 6.0175e-01 3.7393e-01
1.0000e+00 3.1542e-01 9.1394e-01 7.4245e-01 3.2530e-01 9.0764e-01 1.0000e+00 7.2185e-01 7.2330e-01 9.0252e-01 2.9118e-01 9.1333e-01 7.5530e-01 7.3514e-01 1.0261e-01 7.1892e-01 2.7759e-01 7.4875e-01 6.6387e-01 1.3483e-01 9.2586e-01 8.8963e-01 1.2394e-01 9.7470e-01 5.3819e-02 6.2480e-01 7.2204e-01 3.8390e-01 4.1791e-01 7.3854e-01 1.7638e-01 7.1870e-01 6.8750e-01 7.4722e-02 3.3615e-01 2.6087e-02 8.8636e-01 9.6880e-01 7.5517e-01 1.0789e-01 8.7826e-01 7.2461e-01 2.9412e-01 7.2552e-01 8.3625e-01 9.9048e-01 9.2110e-01 8.6304e-01 9.2710e-01 2.7006e-01
1.2838e-01 1.4120e-01 0.0000e+00 0.0000e+00 1.6340e-01 0.0000e+00 3.8824e-01 8.2781e-03 0.0000e+00 0.0000e+00 4.5840e-02 2.8178e-01 0.0000e+00 2.1631e-02 0.0000e+00 3.7910e-01 2.0211e-01 2.0202e-02 9.1075e-02 4.1867e-01 4.6895e-01 1.3445e-01 3.0364e-01 2.1703e-01 6.7742e-02 2.7444e-02 0.0000e+00 0.0000e+00 1.1234e-01 1.6555e-01 1.9967e-01 4.1137e-01 6.3465e-02 6.3863e-02 2.9863e-01 0.0000e+00 0.0000e+00 9.2657e-02 9.2736e-01 0.0000e+00 1.2320e-01 0.0000e+00 1.7730e-01 0.0000e+00 1.8035e-01 9.2382e-02 6.7434e-02 7.1298e-01 8.1395e-02 0.0000e+00
1.8971e-01 2.2393e-01 1.8135e-01 9.4435e-02 0.0000e+00 4.9467e-01 0.0000e+00 0.0000e+00 0.0000e+00 7.8275e-02 4.4190e-01 2.2982e-01 1.1864e-01 2.2347e-01 3.5149e-01 5.0836e-01 1.2803e-01 7.3529e-02 1.0518e-01 8.5851e-02 2.7094e-01 0.0000e+00 0.0000e+00 0.0000e+00 3.2598e-01 8.9063e-02 0.0000e+00 0.0000e+00 3.4197e-01 7.2926e-01 7.7170e-02 3.7083e-01 2.2673e-01 0.0000e+00 3.1046e-01 9.1200e-02 4.0956e-02 1.0000e+00 1.0000e+00 1.3167e-01 8.7179e-02 2.3377e-01 1.0000e+00 0.0000e+00 7.9715e-01 0.0000e+00 2.2474e-01 1.0181e-01 7.6539e-02 0.0000e+00
2.6073e-01 3.4662e-02 2.9934e-01 2.1549e-01 1.3846e-01 1.3072e-01 2.6118e-01 1.0340e-01 0.0000e+00 2.0696e-01 8.8481e-02 8.4967e-02 5.4908e-02 7.9258e-02 9.6220e-02 6.3297e-01 5.9122e-02 1.1330e-01 1.1298e-01 1.0448e-01 1.3987e-01 1.0645e-01 2.4708e-01 2.9550e-01 9.8257e-02 1.1565e-01 5.3226e-02 8.8189e-02 1.6221e-01 6.2901e-01 4.2808e-02 2.0875e-01 4.5528e-02 9.3290e-02 2.1350e-01 1.2013e-01 3.5959e-02 1.0211e-01 3.9623e-01 9.8390e-02 1.0673e-01 1.5745e-01 2.5760e-01 8.8339e-02 2.1244e-01 2.4302e-01 1.0632e-01 2.4068e-01 1.0535e-01 4.6358e-02
6.5685e-01 5.6577e-01 3.9274e-01 4.3914e-01 4.2881e-01 4.9675e-01 2.8648e-01 4.3216e-01 6.2040e-01 6.1616e-01 1.7208e-01 2.2260e-01 3.4872e-01 2.7184e-01 5.7767e-01 6.3826e-01 5.9044e-01 7.5000e-01 3.1303e-01 6.0877e-01 5.8696e-01 3.4518e-01 5.6219e-01 7.4173e-01 4.5258e-01 6.5184e-01 3.6455e-01 5.9673e-01 6.6667e-01 5.2039e-01 4.5536e-01 4.0684e-01 1.8322e-01 3.1516e-01 5.4943e-01 6.4132e-01 3.9873e-01 5.8238e-01 4.4022e-01 6.0870e-01 3.5154e-01 4.7635e-01 5.7237e-01 3.7245e-01 6.8727e-01 7.1595e-01 6.5657e-01 7.2760e-01 4.2349e-01 3.4966e-01
9.4828e-02 7.6923e-02 2.8187e-01 4.9835e-01 4.7195e-01 2.0607e-01 4.0351e-01 3.7019e-01 2.3103e-01 2.1777e-01 1.6212e-01 5.1391e-01 1.0067e-01 1.9031e-01 8.3189e-02 5.3000e-01 2.5694e-01 2.0034e-01 2.0867e-01 1.9529e-01 1.1321e-01 4.2623e-01 2.6966e-01 2.9949e-01 1.9298e-01 3.9966e-01 7.9805e-02 1.0935e-01 2.9474e-01 4.9042e-01 3.1780e-01 2.0923e-01 9.4340e-02 2.6950e-01 4.9195e-01 4.8438e-01 1.1897e-01 4.7023e-01 3.1100e-01 1.6725e-01 2.3744e-01 1.0427e-01 8.4800e-01 2.9777e-01 1.0853e-01 9.5159e-02 7.2742e-01 1.7945e-01 8.5923e-02 3.0514e-01
2.5261e-01 7.2867e-01 1.5276e-01 2.0098e-01 6.9381e-01 8.3802e-01 5.2700e-01 8.6047e-01 5.0736e-01 5.1938e-01 3.3045e-01 8.7130e-01 6.7919e-01 6.6400e-01 6.9018e-01 2.4708e-01 7.1746e-01 8.5131e-01 7.0704e-01 8.1818e-01 7.9346e-01 1.8571e-01 1.8122e-01 3.4189e-01 5.2764e-01 4.9914e-01 7.6349e-01 3.4975e-01 7.9242e-01 2.5888e-01 2.1290e-01 8.3445e-01 7.9871e-01 8.0101e-01 6.2738e-01 9.1348e-01 9.1024e-01 6.9142e-01 2.1429e-01 6.3573e-01 2.9600e-01 2.9947e-01 5.0912e-01 7.6606e-01 4.8876e-01 4.2744e-01 8.6587e-01 2.9511e-01 3.0616e-01 8.6257e-01
