2.0000e+00 1.0000e+00 1.0000e+00 5.0000e+00 2.0000e+00 1.0000e+00 1.0000e+00 2.0000e+00 1.0000e+00 8.2450e+03
1.0000e+00 2.0000e+00 2.0000e+00 1.9330e+03 1.0000e+00 1.0000e+00 5.4980e+03 1.0000e+00 1.0000e+00 1.9590e+03
1.0073e+04 1.0000e+00 1.0000e+00 1.0000e+00 5.0000e+00 1.0000e+00 1.0000e+00 4.4400e+02 3.0000e+00 0.0000e+00
7.0000e+00 1.0000e+00 3.2000e+01 0.0000e+00 1.0000e+00 9.8950e+03 1.0000e+00 2.0000e+00 1.0000e+00 2.0000e+00
1.0000e+00 7.0000e+00 1.0000e+00 7.9390e+03 1.3000e+01 1.0000e+00 1.0000e+00 1.0000e+00 1.0000e+00 1.0000e+00
1.0000e+00 2.0000e+00 1.0000e+00 0.0000e+00 2.0000e+00 1.0000e+00 4.2840e+03 7.8490e+03 1.0000e+00 1.0000e+00
1.0000e+00 2.0000e+00 2.0000e+00 3.0000e+00 1.0070e+04 1.0000e+00 1.0000e+00 3.0000e+00 1.0000e+00 1.0000e+00
3.0000e+00 3.0000e+00 9.9060e+03 1.0000e+00 1.0000e+00 6.0000e+00 2.0000e+00 1.7320e+03 2.0000e+00 1.0000e+00
2.0000e+00 1.0000e+00 1.0000e+00 5.0000e+00 2.0000e+00 1.0000e+00 2.0000e+00 2.0000e+00 9.9490e+03 1.0000e+00
1.0000e+00 1.0036e+04 2.0000e+00 1.0000e+00 1.0000e+00 2.0000e+00 1.0000e+00 5.0000e+00 2.0000e+00 1.0000e+00
