2.0000e+01 2.0000e+01 2.7000e+01 2.5000e+01 1.6000e+01 2.2000e+01 3.1000e+01 1.9000e+01 9.8080e+03 5.1000e+02
1.5000e+01 2.1000e+01 1.8000e+01 4.3400e+02 2.5000e+01 2.6000e+01 2.4000e+01 2.6000e+01 1.9000e+01 9.2150e+03
6.5700e+02 2.5000e+01 2.0000e+01 2.7000e+01 9.7040e+03 1.6000e+01 7.7300e+02 2.4000e+01 2.7000e+01 2.4000e+01
3.0000e+01 2.1000e+01 1.7000e+01 1.6000e+01 1.8000e+01 9.7440e+03 1.4000e+01 1.4000e+01 2.6000e+01 1.8000e+01
2.1000e+01 2.7000e+01 9.5850e+03 1.6000e+01 2.2000e+01 1.4000e+01 2.2000e+01 3.4000e+01 1.7000e+01 2.3000e+01
2.1000e+01 2.1000e+01 2.4000e+01 1.8000e+01 2.3000e+01 2.7000e+01 9.1110e+03 7.8000e+01 3.0000e+01 2.0000e+01
9.1770e+03 2.3000e+01 2.6000e+01 2.4000e+01 5.9000e+01 2.7000e+01 2.0000e+01 1.8000e+01 1.9000e+01 1.9000e+01
2.1000e+01 5.9900e+02 3.3800e+02 1.4000e+01 2.6000e+01 1.6000e+01 2.8000e+01 9.7430e+03 2.8000e+01 2.0000e+01
2.1000e+01 2.6000e+01 1.3000e+01 9.4480e+03 2.7000e+01 2.0000e+01 2.5000e+01 2.1000e+01 2.3000e+01 2.1000e+01
2.8000e+01 9.2090e+03 1.7000e+01 2.9000e+01 2.5000e+01 1.7000e+01 2.0000e+01 2.5000e+01 1.9000e+01 3.1000e+01
