9.8000e+02 1.0380e+03 9.8600e+02 1.0070e+03 1.0140e+03 1.0250e+03 1.0500e+03 9.6700e+02 1.0430e+03 1.0240e+03
9.8900e+02 9.4200e+02 9.9800e+02 1.0040e+03 9.9400e+02 1.0240e+03 1.0290e+03 9.9500e+02 9.5800e+02 9.9100e+02
1.0350e+03 1.0200e+03 1.0240e+03 1.0510e+03 1.0130e+03 9.3300e+02 1.0260e+03 1.0390e+03 9.9700e+02 1.0060e+03
1.0080e+03 1.0140e+03 9.9800e+02 1.0360e+03 9.9700e+02 9.9200e+02 1.0030e+03 1.0180e+03 9.9600e+02 9.8900e+02
1.0110e+03 9.8300e+02 9.8100e+02 9.3800e+02 9.9500e+02 9.6100e+02 9.9100e+02 9.5000e+02 1.0480e+03 1.0020e+03
1.0340e+03 9.4300e+02 1.0300e+03 1.0150e+03 9.4300e+02 1.0280e+03 1.0610e+03 1.0510e+03 1.0470e+03 9.7100e+02
9.4300e+02 1.0300e+03 1.0350e+03 1.0080e+03 9.8700e+02 9.9000e+02 9.8700e+02 9.8500e+02 1.0630e+03 1.0050e+03
1.0300e+03 9.4300e+02 9.7100e+02 1.0020e+03 1.0290e+03 1.0210e+03 1.0090e+03 1.0050e+03 9.0700e+02 9.2600e+02
9.6700e+02 1.0510e+03 1.0030e+03 9.5700e+02 1.0410e+03 9.5000e+02 9.5400e+02 9.9500e+02 9.6000e+02 9.8500e+02
1.0140e+03 1.0280e+03 1.0590e+03 1.0330e+03 9.3200e+02 1.0050e+03 9.5800e+02 9.9700e+02 9.9700e+02 1.0020e+03
