8.3500e+02 1.7500e+02 2.3800e+02 7.6200e+02 4.9300e+02 5.7200e+02 3.9200e+02 1.9000e+02 9.4000e+02 9.9600e+02
1.4300e+02 5.3100e+02 2.3200e+02 1.0030e+03 5.5300e+02 2.6900e+02 8.1600e+02 6.2000e+01 9.2000e+01 9.6400e+02
1.0060e+03 4.5500e+02 6.2000e+01 6.6300e+02 7.9200e+02 5.4300e+02 1.0030e+03 7.9500e+02 5.4700e+02 5.2100e+02
7.6200e+02 7.9900e+02 7.9900e+02 5.7600e+02 6.9500e+02 9.7200e+02 1.7900e+02 4.5300e+02 3.5800e+02 8.1100e+02
1.3000e+01 1.2800e+02 8.5600e+02 6.2200e+02 2.6200e+02 2.8400e+02 5.4000e+01 5.3500e+02 1.7300e+02 3.0300e+02
7.2600e+02 3.9400e+02 9.8000e+01 1.7800e+02 4.6900e+02 4.1200e+02 1.0300e+03 7.9800e+02 2.0800e+02 5.8700e+02
7.7500e+02 4.6900e+02 3.4100e+02 3.3200e+02 6.1500e+02 5.7400e+02 4.8100e+02 2.1700e+02 5.0700e+02 6.2100e+02
5.3600e+02 9.1900e+02 9.2600e+02 3.0200e+02 2.9000e+01 4.1300e+02 5.9900e+02 8.3100e+02 4.6200e+02 2.1000e+01
2.3300e+02 4.8800e+02 1.4300e+02 7.2500e+02 5.0400e+02 4.7000e+01 3.7700e+02 5.5000e+02 6.8100e+02 4.3900e+02
4.4000e+01 1.0230e+03 2.1400e+02 1.9000e+02 1.1800e+02 2.6000e+02 1.8600e+02 4.8500e+02 4.2200e+02 5.7600e+02
