5.8571e-01 3.6842e-01 7.5385e-01 3.1081e-01 5.9740e-01 6.7470e-01 7.2603e-01 7.3611e-01 6.9048e-01 6.2963e-01 4.0000e-01 3.4667e-01 2.7941e-01 3.3871e-01 4.0260e-01 3.5616e-01 1.5584e-01 2.6667e-01 2.1839e-01 2.8571e-01 5.1852e-01 1.9643e-01 4.0000e-01 4.5588e-01 2.0270e-01 2.8889e-01 6.0494e-01 1.9403e-01 7.2308e-01 5.8108e-01 6.1667e-01 7.8462e-01 7.2059e-01 7.5000e-01 4.4776e-01 3.6486e-01 4.0580e-01 6.2295e-01 5.7143e-01 2.9870e-01 6.9444e-01 0.0000e+00 2.3188e-01 4.4444e-01 8.4722e-01 2.5316e-01 2.5373e-01 6.5476e-01 1.9355e-01 6.9643e-01
5.0943e-01 3.3803e-01 0.0000e+00 0.0000e+00 7.9104e-01 0.0000e+00 2.5352e-01 5.0000e-01 6.0241e-02 1.7857e-01 0.0000e+00 0.0000e+00 2.4691e-02 0.0000e+00 1.4943e-01 5.2727e-01 5.4795e-02 0.0000e+00 1.9231e-01 3.2941e-01 2.2059e-01 4.2466e-01 4.8750e-01 9.4595e-02 9.3750e-02 1.9718e-01 1.7143e-01 0.0000e+00 4.9123e-01 7.1765e-01 2.3881e-01 0.0000e+00 0.0000e+00 3.4783e-01 3.0120e-01 2.5397e-01 1.9444e-01 2.4286e-01 4.0000e-01 0.0000e+00 0.0000e+00 1.4667e-01 2.5000e-01 2.3377e-01 1.0000e+00 6.1194e-01 0.0000e+00 2.1053e-01 4.0580e-01 1.9403e-01
1.5625e-01 3.4848e-01 2.7027e-01 5.9036e-01 4.8611e-01 5.0000e-01 6.2319e-01 3.3333e-01 6.0274e-01 6.2857e-01 6.8000e-01 2.6154e-01 6.5574e-01 6.6667e-01 1.6949e-01 7.1429e-01 5.3333e-01 4.1379e-01 4.4444e-01 4.5000e-01 5.8333e-01 5.0000e-01 2.3810e-01 6.5079e-01 6.9231e-01 4.8810e-01 3.8889e-01 3.8571e-01 7.5714e-01 5.5263e-01 3.2857e-01 4.0909e-01 4.6970e-01 6.3750e-01 7.5000e-01 4.1026e-01 6.3333e-01 3.4831e-01 5.3571e-01 2.9825e-01 6.2319e-01 3.1148e-01 8.3784e-01 4.0541e-01 3.8356e-01 3.3333e-01 3.5294e-01 3.1818e-01 6.9565e-01 4.1333e-01
1.0000e+00 4.0000e-01 9.2708e-01 7.8205e-01 2.8333e-01 9.2424e-01 1.0000e+00 6.8421e-01 6.7532e-01 9.0000e-01 2.4359e-01 8.9286e-01 7.6623e-01 7.8571e-01 1.2987e-02 7.1831e-01 2.4419e-01 6.6667e-01 5.9740e-01 1.5278e-01 9.1045e-01 8.8679e-01 9.0909e-02 9.7468e-01 5.0000e-02 5.8228e-01 6.9333e-01 5.2632e-01 3.2099e-01 6.1905e-01 1.5278e-01 5.7746e-01 6.5753e-01 6.0606e-02 2.5000e-01 3.0769e-02 9.0769e-01 9.7222e-01 8.0282e-01 1.0294e-01 9.1045e-01 8.3582e-01 2.3188e-01 6.5079e-01 8.0952e-01 1.0000e+00 9.3750e-01 8.6486e-01 9.4667e-01 1.3846e-01
1.1594e-01 1.2500e-01 0.0000e+00 0.0000e+00 1.7647e-01 0.0000e+00 3.5821e-01 2.5974e-02 0.0000e+00 0.0000e+00 6.2500e-02 2.9851e-01 0.0000e+00 0.0000e+00 0.0000e+00 4.5455e-01 2.2951e-01 1.3333e-02 1.0588e-01 5.2857e-01 4.3284e-01 1.5000e-01 2.4286e-01 2.2785e-01 9.2308e-02 1.6129e-02 0.0000e+00 0.0000e+00 8.5366e-02 2.1951e-01 2.1951e-01 3.8667e-01 2.6667e-02 5.2632e-02 2.6984e-01 0.0000e+00 0.0000e+00 1.0390e-01 9.5385e-01 0.0000e+00 8.2192e-02 0.0000e+00 1.8367e-01 0.0000e+00 1.9444e-01 5.2632e-02 1.0256e-01 7.9710e-01 7.5949e-02 0.0000e+00
1.6176e-01 1.5730e-01 1.8333e-01 1.3924e-01 0.0000e+00 6.0563e-01 0.0000e+00 0.0000e+00 0.0000e+00 5.1282e-02 5.0794e-01 2.0312e-01 5.1948e-02 1.5942e-01 4.1772e-01 4.7761e-01 1.9403e-01 1.3115e-01 6.3492e-02 8.1081e-02 1.4493e-01 0.0000e+00 0.0000e+00 0.0000e+00 3.2727e-01 1.2500e-01 0.0000e+00 0.0000e+00 3.3333e-01 6.5517e-01 8.3333e-02 3.4375e-01 1.7949e-01 0.0000e+00 3.6765e-01 1.3043e-01 5.0633e-02 1.0000e+00 1.0000e+00 1.1111e-01 1.5000e-01 2.1212e-01 1.0000e+00 0.0000e+00 7.1875e-01 0.0000e+00 2.2667e-01 8.4507e-02 1.0000e-01 0.0000e+00
3.2051e-01 6.1538e-02 2.8571e-01 2.3729e-01 1.6438e-01 1.3750e-01 3.3871e-01 7.7922e-02 0.0000e+00 1.4925e-01 3.4483e-02 8.6957e-02 9.3750e-02 8.3333e-02 4.4118e-02 6.3077e-01 9.4595e-02 1.1538e-01 5.8824e-02 8.9744e-02 1.6216e-01 9.5890e-02 1.8421e-01 3.3333e-01 1.3559e-01 8.2192e-02 7.2464e-02 8.7500e-02 1.2000e-01 5.9016e-01 2.8571e-02 1.5517e-01 4.0541e-02 8.2192e-02 2.1311e-01 8.9552e-02 1.4493e-02 1.4865e-01 4.3836e-01 1.4103e-01 1.1594e-01 2.0000e-01 2.5676e-01 1.0169e-01 2.0968e-01 2.8000e-01 1.2987e-01 2.1212e-01 5.6338e-02 1.5873e-02
4.6970e-01 5.7377e-01 2.8358e-01 4.3939e-01 3.9706e-01 4.9254e-01 3.3333e-01 3.2836e-01 6.2687e-01 5.3125e-01 1.8462e-01 1.7647e-01 3.6364e-01 3.1250e-01 5.5224e-01 6.4286e-01 5.5294e-01 6.7532e-01 2.8986e-01 6.1765e-01 5.8974e-01 4.3284e-01 5.1282e-01 7.8378e-01 4.0541e-01 6.2963e-01 3.5714e-01 6.3514e-01 7.5385e-01 4.5055e-01 5.1724e-01 3.3333e-01 1.7722e-01 3.6111e-01 5.4237e-01 6.4789e-01 4.1791e-01 5.9756e-01 4.5588e-01 6.5000e-01 3.7143e-01 4.5455e-01 6.1628e-01 4.0000e-01 6.7500e-01 6.0345e-01 6.6154e-01 7.2308e-01 4.1791e-01 3.1579e-01
7.3529e-02 7.8125e-02 3.6000e-01 5.0685e-01 5.2857e-01 2.5714e-01 4.4595e-01 4.6154e-01 1.8056e-01 2.1053e-01 1.6867e-01 5.0549e-01 1.0294e-01 2.6230e-01 6.2500e-02 5.3333e-01 2.6667e-01 2.0548e-01 2.4194e-01 2.0968e-01 1.1765e-01 3.6508e-01 2.4286e-01 2.0253e-01 1.6216e-01 4.6875e-01 8.5714e-02 1.1111e-01 2.6923e-01 5.0000e-01 2.9333e-01 2.8788e-01 7.6923e-02 2.7848e-01 5.2239e-01 5.0794e-01 1.0448e-01 4.7143e-01 3.0667e-01 2.0290e-01 2.8571e-01 1.6471e-01 8.7692e-01 3.2203e-01 1.4706e-01 9.0909e-02 7.4194e-01 2.5424e-01 7.7922e-02 2.8378e-01
3.4426e-01 7.2727e-01 1.7722e-01 1.8072e-01 7.3585e-01 8.7013e-01 5.5714e-01 7.7778e-01 4.6667e-01 5.6667e-01 4.1176e-01 8.9873e-01 6.3934e-01 6.3750e-01 7.7966e-01 2.3810e-01 6.7273e-01 8.6765e-01 7.1875e-01 8.1707e-01 8.0556e-01 2.3077e-01 2.0968e-01 2.9508e-01 5.0000e-01 4.8571e-01 7.2368e-01 3.4247e-01 7.2464e-01 3.0263e-01 1.6667e-01 8.6842e-01 7.7778e-01 7.4324e-01 5.9740e-01 8.9474e-01 8.3824e-01 6.7500e-01 2.5000e-01 6.3333e-01 1.7647e-01 2.7273e-01 5.4930e-01 7.8495e-01 5.0667e-01 3.8961e-01 8.1538e-01 2.7273e-01 3.1944e-01 8.9189e-01
