8.8679e-01 7.5269e-02 2.9592e-01 7.4713e-01 4.6392e-01 5.1064e-01 3.4444e-01 1.7757e-01 9.3750e-01 9.8214e-01
1.8812e-01 5.6180e-01 2.3077e-01 1.0000e+00 5.9000e-01 3.3333e-01 7.2549e-01 6.3636e-02 8.3333e-02 9.6581e-01
9.8347e-01 4.1237e-01 1.8349e-02 5.8716e-01 7.6991e-01 5.2893e-01 9.4898e-01 7.8947e-01 5.7955e-01 5.0943e-01
7.2043e-01 8.3962e-01 8.1013e-01 6.0000e-01 7.5269e-01 1.0000e+00 9.5745e-02 5.1429e-01 3.1776e-01 7.9167e-01
0.0000e+00 6.3830e-02 8.9474e-01 6.5217e-01 2.3711e-01 2.3656e-01 4.2553e-02 5.8163e-01 1.2727e-01 3.5185e-01
7.2826e-01 4.2000e-01 8.7379e-02 8.7719e-02 4.9000e-01 4.0000e-01 9.8198e-01 7.1134e-01 1.7284e-01 5.6410e-01
8.1053e-01 4.3038e-01 2.8814e-01 3.5443e-01 6.8478e-01 5.1376e-01 4.1905e-01 2.2680e-01 3.9604e-01 6.3366e-01
5.2101e-01 9.8000e-01 9.4545e-01 2.6733e-01 0.0000e+00 3.6697e-01 6.9388e-01 7.5281e-01 4.4944e-01 1.1494e-02
2.3333e-01 5.0000e-01 5.4054e-02 7.3913e-01 4.2308e-01 3.7383e-02 4.2149e-01 5.5556e-01 7.6923e-01 3.7500e-01
6.5421e-02 1.0000e+00 1.7757e-01 1.4000e-01 1.3978e-01 2.2727e-01 2.0430e-01 5.5789e-01 4.0816e-01 6.2626e-01
