9.7000e+01 7.0000e+00 2.9000e+01 6.5000e+01 4.5000e+01 4.8000e+01 3.1000e+01 1.9000e+01 1.2400e+02 8.7710e+03
1.9000e+01 5.0000e+01 2.4000e+01 9.0430e+03 5.9000e+01 3.0000e+01 7.4000e+01 7.0000e+00 8.0000e+00 1.6600e+02
7.6170e+03 4.0000e+01 2.0000e+00 6.4000e+01 9.1000e+01 6.4000e+01 3.9500e+02 5.8200e+02 5.1000e+01 5.4000e+01
6.7000e+01 9.0000e+01 6.4000e+01 5.7000e+01 7.5000e+01 8.8970e+03 9.0000e+00 5.4000e+01 3.4000e+01 7.7000e+01
0.0000e+00 6.0000e+00 7.5690e+03 6.4000e+01 2.3000e+01 2.2000e+01 4.0000e+00 5.9000e+01 1.4000e+01 3.8000e+01
6.7000e+01 4.2000e+01 9.0000e+00 1.0000e+01 4.9000e+01 4.0000e+01 8.6910e+03 7.1000e+01 1.4000e+01 6.6000e+01
1.2440e+03 3.4000e+01 3.4000e+01 2.8000e+01 5.7510e+03 5.6000e+01 4.4000e+01 2.2000e+01 4.0000e+01 6.5000e+01
6.2000e+01 9.0600e+02 4.4000e+02 2.7000e+01 0.0000e+00 4.0000e+01 6.8000e+01 6.8460e+03 4.0000e+01 1.0000e+00
2.1000e+01 4.3000e+01 4.0000e+00 2.2200e+02 4.4000e+01 4.0000e+00 5.1000e+01 6.3000e+01 6.6060e+03 3.6000e+01
7.0000e+00 8.1930e+03 1.9000e+01 1.4000e+01 1.3000e+01 2.5000e+01 1.9000e+01 5.4000e+01 4.0000e+01 6.2000e+01
