2.1000e+01 2.9000e+01 2.1000e+01 2.8000e+01 3.0000e+01 1.8400e+02 4.1000e+01 2.0000e+01 2.7000e+01 1.3000e+01 2.2000e+01 2.1000e+01 2.6000e+01 2.6000e+01 2.8000e+01 1.7000e+01 2.7000e+01 3.0000e+01 2.7000e+01 2.4000e+01 3.1000e+01 2.1000e+01 3.5000e+01 1.5000e+01 2.6000e+01 3.4000e+01 1.9000e+01 2.7000e+01 2.7000e+01 2.4000e+01 1.6000e+01 2.6000e+01 2.8000e+01 2.4000e+01 3.5000e+01 2.5000e+01 2.5000e+01 1.9000e+01 3.0000e+03 1.6000e+01 2.7000e+01 2.4000e+01 2.1000e+01 2.3000e+01 2.7000e+01 2.3000e+01 1.1250e+03 2.6000e+01 3.1000e+01 2.8000e+01
2.8000e+01 1.8000e+01 1.9000e+01 2.3000e+01 2.5000e+01 2.3000e+01 2.4000e+01 2.4000e+01 2.2000e+01 2.3000e+01 1.9000e+01 2.0000e+01 2.0000e+01 2.5000e+01 1.7000e+01 1.9000e+01 3.0000e+01 2.5000e+01 1.3000e+01 2.3000e+01 1.4020e+03 2.7000e+01 2.8000e+01 2.5000e+01 2.7000e+01 3.4000e+01 2.2000e+01 2.6000e+01 2.1000e+01 2.3000e+01 3.9000e+01 3.7900e+03 1.9000e+01 3.1000e+01 3.8000e+01 2.9000e+01 2.7000e+01 2.7000e+01 2.4000e+01 2.2000e+01 3.1000e+01 2.1000e+01 2.7000e+01 2.1000e+01 2.5000e+01 2.6000e+01 2.7000e+01 1.7000e+01 2.1000e+01 2.3000e+01
2.1000e+01 2.4000e+01 2.6000e+01 1.5000e+01 2.2000e+01 2.4000e+01 2.1000e+01 3.3000e+01 1.9000e+01 2.1000e+01 1.9000e+01 2.6000e+01 2.8000e+01 2.5000e+01 2.2000e+01 2.8000e+01 2.3000e+01 1.7000e+01 2.8000e+01 3.6000e+01 2.7000e+01 2.4000e+01 2.4000e+01 2.8000e+01 2.3000e+01 2.0000e+01 2.2000e+01 2.0000e+01 2.2000e+01 4.3310e+03 1.7000e+01 2.5000e+01 2.6000e+01 1.7000e+01 2.3000e+01 2.5000e+01 2.9000e+01 2.1000e+01 2.6000e+01 3.4000e+01 2.2000e+01 2.2000e+01 3.5000e+01 3.0000e+01 2.6000e+01 2.1000e+01 2.4000e+01 3.1000e+01 1.9000e+01 3.1000e+01
3.1000e+01 2.0000e+01 1.9000e+01 2.8000e+01 2.0000e+01 1.8000e+01 9.0100e+02 2.1000e+01 1.9000e+01 2.3000e+01 2.3000e+01 2.4000e+01 2.5000e+01 3.2000e+01 1.5000e+01 1.6000e+01 2.5000e+01 2.7000e+01 1.8000e+01 1.8000e+01 3.0000e+01 3.0000e+01 1.6000e+01 2.6000e+01 2.3000e+01 2.0000e+01 2.9000e+01 2.5000e+01 1.6000e+01 3.0000e+01 3.3000e+01 2.4000e+01 2.0000e+01 2.1000e+01 2.8000e+01 2.1000e+01 2.2000e+01 2.8000e+01 2.9000e+01 1.7000e+01 2.5000e+01 2.8000e+01 4.7210e+03 2.9000e+01 2.0000e+01 3.8000e+01 2.4000e+01 2.5000e+01 2.5000e+01 2.4000e+01
3.2000e+01 3.1000e+01 2.6000e+01 3.2000e+01 1.3000e+01 2.7000e+01 3.0600e+02 2.1000e+01 1.7000e+01 1.5000e+01 2.0000e+01 3.0000e+01 2.7000e+01 2.3000e+01 2.4000e+01 1.9000e+01 2.6000e+01 2.1000e+01 3.4000e+01 1.9000e+01 3.3000e+01 2.2000e+01 1.9000e+01 2.5000e+01 2.0000e+01 1.5000e+01 1.9000e+01 1.6000e+01 4.6890e+03 2.8000e+01 1.8000e+01 1.8000e+01 1.3000e+01 3.2000e+01 2.3000e+01 2.7000e+01 2.6000e+01 3.0000e+01 2.7000e+01 3.0000e+01 3.2000e+01 1.8000e+01 2.6000e+01 1.8000e+01 1.8000e+01 2.8000e+01 2.6000e+01 1.3000e+01 2.6000e+01 2.4000e+01
2.4000e+01 1.7000e+01 3.6000e+01 2.0000e+01 1.9000e+01 1.9000e+01 2.1000e+01 2.4000e+01 2.2000e+01 2.1000e+01 1.3000e+01 2.5000e+01 2.1000e+01 2.5000e+01 3.6000e+01 2.5000e+01 2.9000e+01 3.6000e+01 2.8000e+01 2.1000e+01 2.1000e+01 2.4000e+01 2.3000e+01 2.0000e+01 3.0000e+01 2.6000e+01 1.9000e+01 2.7000e+01 2.3000e+01 1.8000e+01 1.8000e+01 2.1000e+01 2.3000e+01 2.3000e+01 3.4000e+01 2.7000e+01 2.8000e+01 2.2000e+01 2.6000e+01 3.8310e+03 2.4000e+01 2.7000e+01 2.3000e+01 1.5000e+01 2.6000e+01 2.7000e+01 2.1000e+01 2.0000e+01 2.8000e+01 1.9000e+01
1.5100e+03 1.6000e+01 3.0000e+01 2.0000e+01 2.8000e+01 2.6000e+01 3.1000e+01 3.2000e+01 1.5000e+01 2.7000e+01 2.9000e+01 1.7000e+01 2.5000e+01 3.3000e+01 2.5000e+01 2.1000e+01 2.0000e+01 2.3000e+01 3.3000e+01 2.7000e+01 3.1000e+01 2.1000e+01 1.6000e+01 2.1000e+01 2.1000e+01 2.1000e+01 1.7000e+01 2.9000e+01 2.8000e+01 2.6000e+01 2.7000e+01 2.6000e+01 2.2000e+01 2.4000e+01 1.7000e+01 2.1000e+01 1.9000e+01 1.9000e+01 3.2000e+01 2.7000e+01 2.8000e+01 2.9000e+01 1.7000e+01 2.7000e+01 2.3000e+01 3.3540e+03 2.3000e+01 2.1000e+01 2.4000e+01 2.1000e+01
3.0000e+01 2.4000e+01 2.8000e+01 1.9000e+01 2.0000e+01 2.7000e+01 2.5000e+01 2.0000e+01 1.4000e+01 2.3000e+01 3.0000e+01 2.2000e+01 2.9000e+01 2.8000e+01 2.2000e+01 2.5000e+01 2.7000e+01 2.1000e+01 2.9000e+01 2.4000e+01 2.4000e+01 2.0000e+01 2.6000e+01 2.0000e+01 2.0000e+01 2.9000e+01 2.7000e+01 2.3000e+01 1.9000e+01 2.4000e+01 3.2000e+01 2.1000e+01 2.4000e+01 2.7000e+01 1.9000e+01 2.4000e+01 3.0000e+01 3.1000e+01 2.4000e+01 1.7000e+01 2.2000e+01 2.1000e+01 2.1000e+01 3.1000e+01 2.1000e+01 2.2000e+01 2.5000e+01 2.4000e+01 1.7000e+01 2.2000e+01
2.3000e+01 3.0000e+01 2.3000e+01 2.7000e+01 1.5000e+01 2.4000e+01 3.6000e+01 1.8000e+01 2.2000e+01 3.5000e+01 3.1000e+01 1.7000e+01 2.8000e+01 2.7000e+01 2.5000e+01 2.4000e+01 2.9000e+01 3.9000e+01 2.3000e+01 2.0000e+01 2.9000e+01 2.4000e+01 2.7000e+01 2.6000e+01 2.1000e+01 3.4000e+01 3.0000e+01 1.3000e+01 2.9000e+01 3.5000e+01 2.6000e+01 2.0000e+01 2.5000e+01 3.1000e+01 1.5000e+01 2.2000e+01 1.6000e+01 2.1000e+01 2.5000e+01 2.4000e+01 3.3000e+01 1.8000e+01 3.1000e+01 3.3000e+01 2.1000e+01 2.1000e+01 2.4000e+01 3.1000e+01 2.2000e+01 1.9000e+01
1.1000e+01 2.2000e+01 2.8000e+01 3.0000e+01 2.6000e+01 2.2000e+01 2.1000e+01 5.7000e+01 2.9000e+01 3.0000e+01 1.9000e+01 2.5000e+01 3.0000e+01 2.7000e+01 2.6000e+01 1.9000e+01 2.4000e+01 2.7000e+01 3.0000e+01 4.8530e+03 2.2000e+01 3.0020e+03 2.7000e+01 2.5000e+01 2.3000e+01 1.8000e+01 3.0000e+01 2.9000e+01 1.1200e+02 3.9000e+01 2.7000e+01 2.3000e+01 2.6000e+01 2.0000e+01 1.8000e+01 2.2000e+01 3.3000e+01 2.6000e+01 2.5000e+01 2.1000e+01 2.4000e+01 2.5000e+01 2.8000e+01 2.2000e+01 2.2000e+01 2.5000e+01 2.1000e+01 2.4000e+01 2.4000e+01 2.9000e+01
2.0000e+01 2.4000e+01 2.1000e+01 2.1000e+01 1.9000e+01 3.0000e+01 1.6000e+01 3.2000e+01 1.5000e+01 2.4000e+01 2.0000e+01 2.3000e+01 2.5000e+01 2.5000e+01 2.9000e+01 2.3000e+01 3.3000e+01 2.3000e+01 2.2000e+01 3.2000e+01 1.1000e+01 3.8000e+01 3.2000e+01 4.7430e+03 1.8000e+01 2.3000e+01 2.2000e+01 2.1000e+01 2.7000e+01 2.2000e+01 1.5120e+03 2.4000e+01 2.0000e+01 2.6000e+01 2.8000e+01 3.3000e+01 2.8000e+01 2.0000e+01 2.0000e+01 2.8000e+01 2.9000e+01 2.3000e+01 2.2000e+01 2.5000e+01 2.4000e+01 2.0000e+01 2.0000e+01 1.6000e+01 2.1000e+01 2.8000e+01
2.8000e+01 2.4000e+01 1.9000e+01 2.6000e+01 2.0000e+01 1.7000e+01 2.2000e+01 3.2000e+01 2.4000e+01 2.7000e+01 2.5000e+01 2.1000e+01 2.1000e+01 2.2000e+01 2.2000e+01 4.2860e+03 2.9000e+01 2.7000e+01 2.5000e+01 2.6000e+01 2.0000e+01 2.2000e+01 2.5000e+01 2.5000e+01 1.5000e+01 3.9000e+01 2.1000e+01 2.5000e+01 3.2000e+01 2.5000e+01 3.5000e+01 2.2000e+01 2.7000e+01 2.1000e+01 2.2000e+01 3.0000e+01 2.7000e+01 2.7000e+01 2.2000e+01 1.9000e+01 2.5000e+01 2.2000e+01 2.2000e+01 2.6000e+01 3.2000e+01 2.0000e+01 2.1000e+01 2.2000e+01 2.9000e+01 2.7000e+01
2.4000e+01 2.6000e+01 1.6000e+01 1.5000e+01 3.0000e+01 1.8000e+01 2.9000e+01 2.5000e+01 2.3000e+01 2.6000e+01 2.6000e+01 2.1000e+01 3.7000e+01 2.7000e+01 2.3000e+01 3.0000e+01 2.3000e+01 2.8000e+01 2.4000e+01 2.3000e+01 2.5000e+01 1.5000e+01 2.1000e+01 2.3000e+01 3.2400e+02 4.7830e+03 2.9000e+01 2.5000e+01 2.0000e+01 2.8000e+01 2.6000e+01 1.4000e+01 2.1000e+01 3.1000e+01 2.2000e+01 2.1000e+01 1.6000e+01 2.4000e+01 2.9000e+01 2.9000e+01 1.7850e+03 2.4000e+01 1.9000e+01 2.1000e+01 1.6000e+01 2.3000e+01 2.9000e+01 1.9000e+01 2.8000e+01 2.0000e+01
2.4000e+01 2.5000e+01 2.5000e+01 3.0000e+01 2.7000e+01 3.4000e+01 2.7000e+01 2.2000e+01 2.3000e+01 2.5000e+01 2.0000e+01 2.5000e+01 2.3000e+01 1.6000e+01 1.9000e+01 2.3000e+01 2.3000e+01 2.4000e+01 2.3000e+01 2.3000e+01 2.9000e+01 1.5350e+03 2.2000e+01 2.5000e+01 2.3000e+01 2.8000e+01 2.8000e+01 2.9000e+01 2.1000e+01 3.1000e+01 1.7000e+01 2.2000e+01 2.6000e+01 3.2000e+01 2.8000e+01 1.8000e+01 3.2000e+01 1.6000e+01 1.8180e+03 3.2000e+01 3.0000e+01 1.7000e+01 2.4000e+01 1.5000e+01 2.8000e+01 1.4180e+03 2.9000e+01 1.7000e+01 2.0000e+01 3.4000e+01
2.4000e+01 2.1000e+01 2.8000e+01 2.7000e+01 2.7000e+01 3.0000e+01 1.8000e+01 2.4000e+01 2.6000e+01 1.9000e+01 2.0000e+01 1.6000e+01 2.3000e+01 1.9000e+01 2.2000e+01 2.7000e+01 2.3000e+01 2.4000e+01 3.2000e+01 1.9000e+01 3.3000e+01 3.4000e+01 1.9000e+01 1.9000e+01 1.4000e+01 2.3000e+01 2.6000e+01 2.3000e+01 2.1000e+01 2.1000e+01 2.6000e+01 2.3000e+01 2.6000e+01 2.6000e+01 2.3000e+01 2.1000e+01 2.5000e+01 2.2000e+01 2.2000e+01 2.5000e+01 2.5000e+01 2.0000e+01 1.9000e+01 3.2040e+03 2.6000e+01 1.9000e+01 2.8000e+01 2.1000e+01 4.7160e+03 2.2000e+01
2.4000e+01 2.9000e+01 1.9000e+01 3.2000e+01 2.6000e+01 2.9000e+01 2.7000e+01 3.2000e+01 1.4000e+01 2.9000e+01 2.3000e+01 2.9000e+01 3.2000e+01 3.2000e+01 1.9000e+01 2.2000e+01 2.7000e+01 2.4000e+01 2.7000e+01 2.2000e+01 2.6000e+01 3.7000e+01 1.6000e+01 3.0000e+01 2.3000e+01 3.2000e+01 2.1000e+01 2.5000e+01 2.8000e+01 2.5000e+01 3.0000e+01 2.1000e+01 2.0000e+01 6.3100e+02 3.1270e+03 2.5000e+01 2.4000e+01 3.5200e+02 1.8000e+01 2.9000e+01 3.1000e+01 2.4000e+01 2.3000e+01 2.5000e+01 4.2600e+02 1.8000e+01 1.9000e+01 5.3000e+01 2.1000e+01 2.5000e+01
1.8000e+01 2.2000e+01 3.4000e+01 2.7000e+01 2.9000e+01 2.0000e+01 2.4000e+01 2.0000e+01 2.5000e+01 2.4000e+01 4.8090e+03 2.5000e+01 1.5000e+01 2.8000e+01 3.1000e+01 3.1000e+01 3.2000e+01 1.4000e+01 2.1000e+01 2.9000e+01 1.8000e+01 1.8000e+01 2.0000e+01 3.1000e+01 2.1000e+01 3.7000e+01 3.3000e+01 9.2300e+02 3.1000e+01 3.3000e+01 2.9000e+01 1.9000e+01 2.5000e+01 1.5000e+01 2.8000e+01 2.6000e+01 3.8000e+01 2.9000e+01 3.6000e+01 3.3000e+01 2.8000e+01 2.8000e+01 3.0000e+01 2.4000e+01 2.8000e+01 2.8000e+01 1.9000e+01 2.0000e+01 3.1000e+01 2.3000e+01
2.4000e+01 3.0000e+01 2.2000e+01 2.3000e+01 2.2000e+01 2.8000e+01 1.8000e+01 3.7000e+01 1.4000e+01 2.2000e+01 2.2000e+01 2.2000e+01 2.3000e+01 2.6320e+03 2.1000e+01 3.0000e+01 2.2000e+01 2.3000e+01 1.6000e+01 2.1000e+01 1.8000e+01 2.6000e+01 3.2000e+01 3.3000e+01 2.9000e+01 2.2000e+01 2.9000e+01 1.1000e+01 2.6000e+01 4.0000e+01 1.8000e+01 1.9000e+01 2.5000e+01 1.9000e+01 2.1000e+01 1.9000e+01 4.7600e+03 3.2000e+01 2.2000e+01 3.4000e+01 2.2000e+01 2.7000e+01 2.1000e+01 2.8000e+01 2.3000e+01 2.6000e+01 2.1000e+01 2.7000e+01 3.2000e+01 3.9000e+01
1.8000e+01 2.5000e+01 2.1000e+01 1.7000e+01 1.7000e+01 2.9000e+01 2.1000e+01 3.2000e+01 2.5000e+01 3.0000e+01 2.8000e+01 2.3000e+01 2.6000e+01 2.1000e+01 2.7000e+01 2.1000e+01 3.7000e+01 2.6000e+01 2.7000e+01 2.7000e+01 2.3000e+01 2.5000e+01 2.4000e+01 2.1000e+01 3.0000e+01 2.1000e+01 3.1000e+01 2.5000e+01 2.9000e+01 2.9000e+01 2.4000e+01 3.2000e+01 2.9000e+01 2.7000e+01 2.1000e+01 3.1000e+01 2.8000e+01 2.7000e+01 3.2000e+01 2.4000e+01 2.4000e+01 2.1000e+01 2.6000e+01 2.2000e+01 3.4000e+01 2.0000e+01 2.7000e+01 2.3000e+01 2.2000e+01 1.8000e+01
2.4000e+01 2.7000e+01 3.0000e+01 2.6000e+01 2.0000e+01 3.2000e+01 2.4000e+01 2.2000e+01 1.9000e+01 3.2000e+01 2.8000e+01 2.0000e+01 3.3000e+01 2.6000e+01 2.5000e+01 3.0000e+01 2.9000e+01 2.4000e+01 2.5000e+01 2.3000e+01 2.7000e+01 1.9000e+01 2.3000e+01 2.5000e+01 2.6000e+01 2.3000e+01 2.5000e+01 2.2000e+01 2.2000e+01 1.5000e+01 2.3000e+01 2.2000e+01 2.2000e+01 2.9000e+01 1.6000e+01 2.8000e+01 2.7000e+01 2.7000e+01 2.7000e+01 2.6000e+01 2.5000e+01 2.5000e+01 2.8000e+01 2.3000e+01 2.5000e+01 2.2000e+01 2.5000e+01 2.2000e+01 2.6000e+01 2.6000e+01
2.6000e+01 3.0000e+01 2.4000e+01 2.7000e+01 2.7000e+01 3.7000e+01 2.2000e+01 2.4000e+01 1.3000e+01 1.8000e+01 3.2000e+01 3.1000e+01 1.6000e+01 2.5000e+01 2.5000e+01 2.1000e+01 2.0000e+01 2.6000e+01 3.0000e+01 2.4000e+01 2.5000e+01 2.2000e+01 2.8000e+01 3.6000e+01 2.3000e+01 2.7000e+01 2.2000e+01 2.3000e+01 2.2000e+01 1.7000e+01 2.3000e+01 2.4000e+01 1.9000e+01 2.5000e+01 2.8000e+01 2.0000e+01 1.6000e+01 2.6000e+01 2.3000e+01 2.5000e+01 2.9000e+01 2.3000e+01 2.1000e+01 2.1000e+01 2.6000e+01 3.3000e+01 2.8000e+01 2.1000e+01 2.3000e+01 4.7040e+03
2.7000e+01 1.5000e+01 2.5000e+01 2.3000e+01 2.4000e+01 1.4000e+01 2.1000e+01 2.5000e+01 2.5000e+01 3.2000e+01 3.4000e+01 2.5000e+01 2.9000e+01 1.9000e+01 3.1000e+01 2.7000e+01 2.6000e+01 2.1000e+01 3.3000e+01 2.3000e+01 2.4000e+01 2.6000e+01 2.2000e+01 2.3000e+01 2.0000e+01 2.9000e+01 2.2000e+01 2.5000e+01 1.9000e+01 2.6000e+01 2.3000e+01 2.2000e+01 2.4000e+01 4.2720e+03 2.4000e+01 2.7000e+01 2.2000e+01 3.3000e+01 2.6000e+01 2.9000e+01 2.6000e+01 2.2000e+01 2.5000e+01 2.2000e+01 2.3000e+01 3.5000e+01 2.1000e+01 1.5000e+01 2.5000e+01 1.6000e+01
3.0000e+01 2.3000e+01 2.6000e+01 1.8000e+01 2.7000e+01 2.6000e+01 2.2000e+01 2.0000e+01 2.1000e+01 2.6000e+01 2.3000e+01 3.2000e+01 2.3000e+01 3.7000e+01 1.9000e+01 1.8000e+01 2.0000e+01 2.3000e+01 2.1000e+01 2.3000e+01 1.9000e+01 3.0000e+01 9.0000e+00 4.1000e+01 1.9000e+01 2.0000e+01 2.7000e+01 2.8000e+01 2.5000e+01 3.0000e+01 2.2000e+01 1.1270e+03 4.8850e+03 1.6000e+01 2.2000e+01 2.8000e+01 2.6000e+01 2.3000e+01 1.7000e+01 1.6000e+01 2.8000e+01 1.8000e+01 2.9000e+01 1.3000e+01 2.9000e+01 2.6000e+01 1.6000e+01 2.4000e+01 3.0000e+01 2.5000e+01
2.5000e+01 2.0000e+01 2.4000e+01 2.3000e+01 3.1000e+01 1.9000e+01 1.7000e+01 2.0000e+01 3.0000e+01 2.6000e+01 2.2000e+01 2.6000e+01 2.1000e+01 2.4000e+01 2.7000e+01 2.5000e+01 2.5000e+01 1.7000e+01 2.1000e+01 1.9000e+01 2.7000e+01 4.0000e+01 4.7490e+03 2.3000e+01 1.9000e+01 3.8000e+01 2.7000e+01 2.3000e+01 2.7000e+01 2.0000e+01 2.3000e+01 2.5000e+01 2.6000e+01 1.5000e+01 3.4000e+01 2.5000e+01 1.7000e+01 2.0000e+01 2.7000e+01 2.5000e+01 2.3000e+01 2.5000e+01 1.7000e+01 2.6000e+01 2.2000e+01 3.2000e+01 1.4600e+03 2.3000e+01 2.5000e+01 2.3000e+01
2.3000e+01 2.3000e+01 3.0000e+01 2.2000e+01 1.5000e+01 1.8000e+01 3.2000e+01 2.5000e+01 1.7000e+01 3.9000e+01 3.1000e+01 2.2000e+01 2.7000e+01 2.0000e+01 2.1000e+01 4.1000e+01 2.6000e+01 2.1000e+01 2.4000e+01 2.8000e+01 1.8000e+01 2.6000e+01 3.7000e+01 1.7000e+01 2.1000e+01 2.4000e+01 2.3000e+01 2.0000e+01 2.5000e+01 3.0000e+01 2.2000e+01 2.7000e+01 2.6000e+01 3.0000e+01 2.2000e+01 2.1000e+01 3.1000e+01 4.4000e+01 2.0000e+01 2.1000e+01 2.3000e+01 2.0000e+01 2.0000e+01 2.0000e+01 4.3240e+03 2.1000e+01 1.9000e+01 3.3000e+01 2.5000e+01 2.5000e+01
3.0000e+01 1.4000e+01 1.7000e+01 3.7000e+01 3.7950e+03 1.6000e+01 2.2000e+01 2.3000e+01 2.9000e+01 2.5000e+01 2.6000e+01 2.6370e+03 4.0000e+01 2.7000e+01 2.6000e+01 1.8000e+01 1.8000e+01 3.3000e+01 1.6000e+01 2.5000e+01 3.0000e+01 2.2000e+01 2.7000e+01 2.8000e+01 2.4000e+01 2.7000e+01 2.3000e+01 2.2000e+01 2.4000e+01 2.4000e+01 1.9000e+01 2.3000e+01 1.4000e+01 1.8000e+01 2.2000e+01 2.2000e+01 2.1000e+01 2.3000e+01 2.1000e+01 3.7000e+01 2.7000e+01 1.6000e+01 2.1000e+01 2.2000e+01 1.7000e+01 2.2000e+01 3.0000e+01 3.0000e+01 2.8000e+01 2.6000e+01
3.2000e+01 2.4000e+01 3.3000e+01 2.2000e+01 2.1000e+01 2.6000e+01 3.7830e+03 1.8000e+01 2.9000e+01 2.2000e+01 2.7000e+01 2.2000e+01 2.4000e+01 1.6000e+01 2.4000e+01 2.1000e+01 2.6000e+01 2.8000e+01 2.9000e+01 2.2000e+01 2.9000e+01 2.2000e+01 2.2000e+01 2.4000e+01 1.9000e+01 1.6000e+01 2.7000e+01 2.6000e+01 2.5000e+01 2.9000e+01 3.3000e+01 2.2000e+01 2.6000e+01 2.0000e+01 1.7700e+02 1.9000e+01 2.6000e+01 2.8000e+01 2.0000e+01 3.2000e+01 3.2000e+01 3.1000e+01 1.8000e+01 2.4000e+01 2.7000e+01 1.8000e+01 2.6000e+01 3.0000e+01 2.7000e+01 2.6000e+01
1.9000e+01 2.6000e+01 3.0000e+01 3.4000e+01 2.4000e+01 4.3000e+01 2.1000e+01 3.3000e+01 3.3000e+01 2.7000e+01 3.1000e+01 2.4000e+01 2.5000e+01 2.3000e+01 3.8000e+01 2.8000e+01 2.2000e+01 3.6000e+01 2.1000e+01 2.3000e+01 2.0000e+01 2.6000e+01 1.9000e+01 2.1000e+01 3.5000e+01 2.5000e+01 2.7000e+01 2.8000e+01 2.9000e+01 2.9000e+01 1.9000e+01 2.8000e+01 2.3000e+01 1.4000e+01 2.4000e+01 2.5000e+01 1.5000e+01 2.3000e+01 2.6000e+01 2.4000e+01 2.9000e+01 1.9000e+01 4.0000e+01 3.1000e+01 2.1000e+01 2.5000e+01 1.9000e+01 3.3000e+01 2.2000e+01 2.2000e+01
2.2000e+01 1.9000e+01 2.5000e+01 2.3000e+01 9.9900e+02 2.6000e+01 1.9000e+01 2.6000e+01 2.8000e+01 2.5000e+01 3.0000e+01 3.0000e+01 2.0000e+01 1.6000e+01 2.9000e+01 2.7000e+01 4.8450e+03 2.8000e+01 2.5000e+01 2.4000e+01 3.3780e+03 2.3000e+01 1.8000e+01 1.8000e+01 2.3000e+01 1.9000e+01 2.7000e+01 1.7000e+01 2.3000e+01 1.6000e+01 2.1000e+01 3.0000e+01 2.4000e+01 2.9000e+01 2.1000e+01 2.5000e+01 3.1000e+01 2.1000e+01 2.0000e+01 2.4000e+01 4.5000e+01 2.7000e+01 2.1000e+01 2.1000e+01 3.3000e+01 1.9000e+01 1.8000e+01 3.1000e+01 1.7000e+01 2.2000e+01
2.7000e+01 1.8000e+01 2.0000e+01 2.3000e+01 2.8000e+01 3.7000e+01 2.4000e+01 2.1000e+01 2.0720e+03 2.8000e+01 3.2000e+01 3.1000e+01 1.6000e+01 3.1000e+01 2.2000e+01 2.2000e+01 2.6000e+01 2.5000e+01 3.0000e+01 2.8000e+01 3.1000e+01 3.8000e+01 2.9000e+01 2.9000e+01 2.8000e+01 2.5000e+01 4.6970e+03 2.1000e+01 3.7000e+01 1.2000e+01 3.4000e+01 2.5000e+01 2.6000e+01 2.0000e+01 2.9000e+01 2.0000e+01 2.1000e+01 3.3000e+01 2.1000e+01 2.1000e+01 2.9000e+01 3.1000e+01 2.3000e+01 3.4000e+01 3.0000e+01 1.6000e+01 2.8000e+01 2.3000e+01 2.6000e+01 3.3000e+01
2.8000e+01 2.1000e+01 3.0000e+01 2.2000e+01 2.2000e+01 3.0000e+01 2.0000e+01 2.9000e+01 2.6000e+01 3.1000e+01 3.0000e+01 1.9000e+01 1.8000e+01 1.9000e+01 1.9000e+01 2.8000e+01 2.9000e+01 2.5000e+01 2.0000e+01 2.3000e+01 2.6000e+01 2.1000e+01 3.2000e+01 2.4000e+01 4.5310e+03 2.0000e+01 2.8000e+01 2.8000e+01 1.7000e+01 1.9000e+01 2.0000e+01 2.8000e+01 2.4000e+01 2.2000e+01 2.8000e+01 2.2000e+01 2.4000e+01 2.6000e+01 2.5000e+01 2.0000e+01 1.9000e+01 2.1000e+01 1.6000e+01 2.3000e+01 3.2000e+01 1.9000e+01 2.2060e+03 1.9000e+01 2.8000e+01 2.4000e+01
2.6000e+01 2.5000e+01 2.8000e+01 2.8000e+01 2.9000e+01 2.7000e+01 2.3000e+01 3.0000e+01 2.2000e+01 2.5000e+01 2.5000e+01 3.3000e+01 2.7000e+01 2.1000e+01 2.9000e+01 2.6000e+01 2.0000e+01 2.6000e+01 2.2000e+01 2.1000e+01 2.3000e+01 2.5000e+01 2.9000e+01 3.2000e+01 2.1000e+01 4.4000e+01 3.3000e+01 2.6000e+01 2.0000e+01 3.6000e+01 2.7000e+01 2.4000e+01 1.6000e+01 2.1000e+01 2.8000e+01 3.0000e+01 2.8000e+01 4.4500e+03 2.5000e+01 1.9000e+01 2.1000e+01 2.5000e+01 3.2000e+01 3.0000e+01 1.9000e+01 2.5000e+01 2.5000e+01 2.4000e+01 2.3000e+01 2.4000e+01
1.5000e+01 2.7000e+01 1.7000e+01 2.8000e+01 2.2000e+01 1.8000e+01 2.4000e+01 1.7000e+01 2.4000e+01 1.5000e+01 2.6000e+01 2.0000e+01 2.5000e+01 2.9000e+01 2.5000e+01 5.7500e+02 2.4000e+01 3.3000e+01 2.4000e+01 2.6000e+01 1.5000e+01 2.4000e+01 2.4000e+01 2.8000e+01 3.9000e+01 2.2000e+01 3.5000e+01 2.7000e+01 2.6000e+01 2.6000e+01 2.9000e+01 2.5000e+01 2.6000e+01 2.7000e+01 1.4870e+03 2.6000e+01 2.4000e+01 2.4000e+01 5.2000e+01 2.2000e+01 1.1000e+01 4.8130e+03 2.2000e+01 2.6000e+01 2.7000e+01 2.4000e+01 2.3000e+01 3.4000e+01 2.6000e+01 2.8000e+01
2.1000e+01 2.0000e+01 2.3000e+01 2.6000e+01 1.8000e+01 2.3000e+01 2.3000e+01 4.8610e+03 3.6000e+01 2.9000e+01 2.7000e+01 2.6000e+01 2.1270e+03 2.8000e+01 2.2000e+01 2.5000e+01 1.7000e+01 2.0000e+01 2.5000e+01 2.4000e+01 1.5000e+01 2.5000e+01 2.6000e+01 1.9000e+01 2.1000e+01 2.4000e+01 2.4000e+01 3.0000e+01 2.1000e+01 1.5000e+01 3.0000e+01 3.5000e+01 2.5000e+01 2.3000e+01 2.9000e+01 1.8000e+01 2.4000e+01 2.4000e+01 1.8000e+01 1.7000e+01 1.5000e+01 2.6000e+01 2.5000e+01 2.4000e+01 2.4000e+01 2.0000e+01 3.2000e+01 2.2000e+01 2.6000e+01 3.1000e+01
2.6000e+01 2.1000e+01 3.3000e+01 1.5000e+01 2.7000e+01 2.7000e+01 2.1000e+01 2.4000e+01 2.9000e+01 2.8000e+01 2.0000e+01 3.2000e+01 2.0000e+01 1.8000e+01 2.7000e+01 1.8000e+01 2.4000e+01 2.1000e+01 1.4000e+01 1.9000e+01 2.8000e+01 1.8000e+01 3.1000e+01 1.8000e+01 2.9000e+01 1.3000e+01 3.2000e+01 2.0000e+01 1.5000e+01 2.1000e+01 2.7000e+01 2.1000e+01 2.3000e+01 2.5000e+01 2.4000e+01 2.4000e+01 3.5000e+01 2.5000e+01 2.6000e+01 2.2000e+01 2.1000e+01 2.2000e+01 2.8000e+01 2.5000e+01 2.0000e+01 2.4000e+01 1.6000e+01 2.3000e+01 2.8000e+01 2.2000e+01
2.5000e+01 2.1000e+01 2.6000e+01 2.6000e+01 2.5000e+01 2.1000e+01 2.3000e+01 2.0000e+01 3.4000e+01 2.0000e+01 2.3000e+01 1.2270e+03 2.6110e+03 3.2000e+01 2.8000e+01 1.8000e+01 2.7000e+01 3.3000e+01 1.7700e+02 2.3000e+01 2.3000e+01 2.2000e+01 2.7000e+01 2.6000e+01 2.8000e+01 2.7000e+01 2.1000e+01 2.3400e+03 2.1000e+01 2.4000e+01 1.2310e+03 2.5000e+01 1.8000e+01 2.6000e+01 2.6000e+01 2.8000e+01 2.3000e+01 2.6000e+01 2.7000e+01 2.4000e+01 4.6000e+01 2.5000e+01 2.4000e+01 2.1000e+01 1.7000e+01 2.8000e+01 2.9000e+01 2.1000e+01 2.5000e+01 2.6000e+01
2.9000e+01 2.3000e+01 2.2000e+01 1.8000e+01 3.0000e+01 2.5000e+01 1.7000e+01 1.7000e+01 2.4000e+01 2.4000e+01 2.6000e+01 2.6000e+01 3.2000e+01 2.5000e+01 2.7000e+01 2.3000e+01 2.9000e+01 4.8260e+03 2.2000e+01 2.7000e+01 3.0000e+01 3.0000e+01 2.2000e+01 1.7000e+01 1.9000e+01 2.3000e+01 1.7000e+01 2.4000e+01 2.5000e+01 2.1000e+01 2.0000e+01 1.9000e+01 1.2000e+01 3.0000e+01 2.5000e+01 2.0000e+01 2.7000e+01 2.5000e+01 2.9000e+01 2.2000e+01 3.4000e+01 2.2000e+01 2.4000e+01 2.1000e+01 1.5000e+01 1.9000e+01 2.7000e+01 2.2000e+01 2.6000e+01 1.8000e+01
2.0000e+01 2.1000e+01 2.8000e+01 1.6000e+01 2.7000e+01 4.7030e+03 2.2000e+01 2.6000e+01 2.5000e+01 3.1000e+01 3.0000e+01 2.3000e+01 2.2000e+01 2.7000e+01 2.0000e+01 2.6000e+01 3.7000e+01 2.7000e+01 2.5000e+01 2.3000e+01 2.1000e+01 1.3200e+02 2.3000e+01 2.1000e+01 1.7000e+01 1.8000e+01 1.8000e+01 2.1000e+01 1.9000e+01 2.3000e+01 1.9000e+01 3.1000e+01 3.4000e+01 2.6000e+01 1.8000e+01 1.8000e+01 2.2000e+01 3.3000e+01 2.5000e+01 2.0000e+01 2.2000e+01 3.2000e+01 3.6000e+01 2.4000e+01 2.9000e+01 1.7000e+01 2.7000e+01 2.3000e+01 2.6000e+01 2.3000e+01
2.5000e+01 4.6120e+03 2.5000e+01 1.8000e+01 2.4000e+01 2.0000e+01 2.2000e+01 3.9000e+01 2.9000e+01 2.8000e+01 2.9000e+01 1.6000e+01 6.6000e+01 2.1490e+03 2.9000e+01 2.5000e+01 3.0000e+01 2.6000e+01 2.2000e+01 4.0000e+01 2.2000e+01 2.6000e+01 2.9000e+01 3.0000e+01 2.5000e+01 3.1000e+01 1.9000e+01 2.0000e+01 3.5000e+01 2.1000e+01 2.2000e+01 1.7000e+01 2.1000e+01 1.6000e+01 1.9000e+01 2.8000e+01 2.5000e+01 2.3000e+01 2.5000e+01 2.1000e+01 2.9000e+01 2.6000e+01 2.9000e+01 2.3000e+01 2.9000e+01 2.7000e+01 2.8000e+01 3.1000e+01 3.3000e+01 2.5000e+01
2.8000e+01 2.9000e+01 4.9110e+03 2.6000e+01 3.0000e+01 2.4000e+01 1.9000e+01 2.1000e+01 2.8000e+01 2.4000e+01 3.2000e+01 1.7000e+01 2.0000e+01 2.3000e+01 2.9000e+01 1.8000e+01 2.2000e+01 2.6000e+01 1.6000e+01 3.0000e+01 2.1000e+01 2.4000e+01 2.8000e+01 2.9000e+01 2.7000e+01 3.0000e+01 2.8000e+01 1.7000e+01 1.6000e+01 2.6000e+01 2.1790e+03 2.5000e+01 2.4000e+01 2.2000e+01 2.0000e+01 2.1000e+01 2.9000e+01 1.6000e+01 2.9000e+01 2.3000e+01 2.6000e+01 2.2000e+01 2.8000e+01 3.5000e+01 2.9000e+01 2.2000e+01 2.6000e+01 2.3000e+01 2.6000e+01 2.2000e+01
3.3880e+03 2.4000e+01 2.8000e+01 2.0000e+01 3.3000e+01 2.5000e+01 2.7000e+01 2.0000e+01 2.9000e+01 2.1000e+01 2.8000e+01 2.5000e+01 2.7000e+01 3.9000e+01 1.7000e+01 3.0000e+01 1.8000e+01 2.9000e+01 3.6000e+01 1.8000e+01 2.5000e+01 2.4000e+01 2.5000e+01 2.7000e+01 2.7000e+01 3.0000e+01 2.2000e+01 3.2000e+01 2.4000e+01 2.4000e+01 2.5000e+01 2.2000e+01 2.4000e+01 1.8000e+01 2.8000e+01 2.7000e+01 3.0000e+01 2.2000e+01 2.6000e+01 3.3000e+01 2.8000e+01 3.6000e+01 2.9000e+01 2.1000e+01 2.6000e+01 3.2000e+01 3.0000e+01 1.5340e+03 2.7000e+01 2.1000e+01
2.9000e+01 2.2800e+02 2.2000e+01 2.5000e+01 2.2000e+01 2.3000e+01 3.2000e+01 2.8000e+01 2.7680e+03 2.4000e+01 1.9000e+01 3.6000e+01 3.9000e+01 2.1000e+01 2.0000e+01 2.1000e+01 2.8000e+01 2.8000e+01 2.5000e+01 2.0000e+01 3.2000e+01 2.2000e+01 1.9000e+01 1.7000e+01 2.6000e+01 2.7000e+01 1.9000e+01 1.1240e+03 3.5000e+01 4.4000e+01 3.2000e+01 2.2000e+01 1.6000e+01 2.6000e+01 2.4000e+01 2.7000e+01 1.8000e+01 2.9000e+01 2.8000e+01 3.2000e+01 2.9620e+03 2.4000e+01 3.4000e+01 2.1000e+01 2.3000e+01 2.3000e+01 2.8000e+01 2.5000e+01 2.0000e+01 2.0000e+01
2.2000e+01 2.8000e+01 2.1000e+01 1.5000e+01 2.1000e+01 2.2000e+01 1.9000e+01 2.9000e+01 2.9000e+01 2.9000e+01 2.2000e+01 2.8000e+01 2.3000e+01 2.4000e+01 2.2000e+01 2.5000e+01 1.8000e+01 2.4000e+01 2.6000e+01 2.2000e+01 3.1000e+01 2.4000e+01 2.2000e+01 2.3000e+01 2.1000e+01 1.9000e+01 2.9000e+01 2.9000e+01 2.5000e+01 2.4000e+01 2.6000e+01 3.7000e+01 1.9000e+01 2.0000e+01 2.4000e+01 2.2000e+01 2.2000e+01 2.5000e+01 2.5000e+01 3.1000e+01 1.6000e+01 2.4000e+01 2.3000e+01 2.1000e+01 1.9000e+01 2.1000e+01 1.7000e+01 1.7000e+01 2.3000e+01 2.7000e+01
2.2000e+01 2.4000e+01 1.8000e+01 2.3000e+01 2.0000e+01 1.8000e+01 2.6000e+01 2.6000e+01 2.3000e+01 2.4000e+01 2.3000e+01 2.6000e+01 2.2000e+01 2.8000e+01 2.4000e+01 2.7000e+01 3.1000e+01 2.1000e+01 2.4000e+01 2.9000e+01 2.5000e+01 2.0000e+01 2.2000e+01 2.8000e+01 2.5000e+01 2.4000e+01 2.0000e+01 2.5000e+01 3.2000e+01 2.5000e+01 2.0000e+01 2.5000e+01 2.6000e+01 2.5000e+01 2.3000e+01 2.3000e+01 2.6000e+01 2.5000e+01 2.8000e+01 9.9600e+02 2.6000e+01 2.5000e+01 2.6000e+01 2.2000e+01 2.6000e+01 2.5000e+01 2.5000e+01 1.7000e+01 2.7000e+01 3.1000e+01
2.5000e+01 1.8000e+01 2.0000e+01 1.8000e+01 2.5000e+01 2.6000e+01 2.9000e+01 2.4000e+01 1.3000e+01 2.0000e+01 1.2000e+01 9.9000e+02 1.4000e+01 2.3000e+01 3.0000e+01 1.5000e+01 2.9000e+01 3.0000e+01 1.6000e+01 3.2000e+01 2.6000e+01 1.8000e+01 2.6000e+01 2.5000e+01 2.6000e+01 2.3000e+01 2.2000e+01 1.9000e+01 2.3000e+01 4.7600e+02 2.1000e+01 2.4000e+01 1.4000e+01 1.7000e+01 2.6000e+01 4.7880e+03 1.7000e+01 2.8000e+01 3.5000e+01 2.7000e+01 2.5000e+01 2.6000e+01 2.0000e+01 2.9000e+01 2.2000e+01 2.5000e+01 2.0000e+01 2.9000e+01 2.0000e+01 1.8000e+01
2.5000e+01 2.2000e+01 2.1000e+01 1.9000e+01 2.5000e+01 2.3000e+01 2.4000e+01 2.0000e+01 2.5000e+01 2.1000e+01 2.5000e+01 2.6000e+01 3.4000e+01 2.3000e+01 2.6800e+03 2.2000e+01 1.9000e+01 2.2000e+01 2.5000e+01 2.5000e+01 3.2000e+01 2.0000e+01 2.3000e+01 1.9000e+01 2.1000e+01 2.4000e+01 3.1000e+01 2.5000e+01 2.9000e+01 2.2000e+01 2.6000e+01 2.1000e+01 2.3000e+01 2.4000e+01 2.7000e+01 2.4000e+01 2.9000e+01 2.5000e+01 2.0000e+01 3.5000e+01 1.7000e+01 2.3000e+01 1.5000e+01 1.6190e+03 2.3000e+01 2.7000e+01 2.2000e+01 3.3030e+03 2.9000e+01 1.9000e+01
2.1000e+01 2.5000e+01 2.5000e+01 3.0000e+01 2.4000e+01 2.3000e+01 1.7000e+01 1.7000e+01 1.9000e+01 2.2000e+01 2.2000e+01 1.8000e+01 2.2000e+01 2.2000e+01 2.8000e+01 2.7000e+01 2.1000e+01 2.2000e+01 3.1000e+01 1.5000e+01 2.2000e+01 1.7000e+01 3.0000e+01 3.3000e+01 2.1000e+01 2.2000e+01 2.5000e+01 2.6000e+01 1.6000e+01 2.7000e+01 1.7000e+01 2.3000e+01 2.5000e+01 2.7000e+01 2.4000e+01 3.1000e+01 3.3000e+01 2.6000e+01 2.2000e+01 2.7000e+01 2.2000e+01 3.1000e+01 2.8000e+01 2.8000e+01 3.1000e+01 3.1000e+01 4.0000e+01 2.7000e+01 3.5000e+01 1.7000e+01
2.7000e+01 1.8000e+01 3.4000e+01 4.8510e+03 2.3000e+01 2.8000e+01 2.3000e+01 2.6000e+01 2.4000e+01 3.1000e+01 2.5000e+01 2.9000e+01 2.5000e+01 2.4000e+01 2.1000e+01 2.3000e+01 1.7000e+01 2.4000e+01 2.6000e+01 3.1000e+01 2.9000e+01 3.2000e+01 1.8000e+01 1.5000e+01 2.4000e+01 2.9000e+01 2.8000e+01 1.7000e+01 2.3000e+01 2.7000e+01 2.7000e+01 3.2000e+01 1.7000e+01 1.5000e+01 2.4000e+01 2.1000e+01 2.6000e+01 2.6000e+01 1.7000e+01 3.4000e+01 3.5000e+01 2.2000e+01 7.5000e+01 2.3000e+01 3.3000e+01 2.3000e+01 2.5000e+01 1.9000e+01 2.2000e+01 2.2000e+01
3.1000e+01 1.9000e+01 2.7000e+01 2.8000e+01 3.5000e+01 2.8000e+01 2.7000e+01 1.8000e+01 2.1000e+01 2.7000e+01 2.5000e+01 2.1000e+01 2.5000e+01 2.0000e+01 2.1720e+03 2.1000e+01 2.1000e+01 2.7000e+01 4.6750e+03 2.7000e+01 2.7000e+01 2.1000e+01 2.2000e+01 2.7000e+01 2.4000e+01 1.9000e+01 2.2000e+01 2.6000e+01 3.4000e+01 2.4000e+01 2.8000e+01 1.8000e+01 2.3000e+01 2.1000e+01 1.7000e+01 2.1000e+01 2.1000e+01 8.2000e+01 3.2000e+01 3.1000e+01 2.6000e+01 2.9000e+01 2.1000e+01 1.8000e+01 3.4000e+01 2.4000e+01 2.5000e+01 2.3000e+01 1.8000e+01 2.5000e+01
2.4000e+01 2.4000e+01 2.8000e+01 2.1000e+01 2.0000e+01 2.3000e+01 2.2000e+01 2.4000e+01 2.4000e+01 4.7970e+03 1.7000e+01 2.3000e+01 2.5000e+01 2.3000e+01 2.8000e+01 2.4000e+01 2.1000e+01 2.7000e+01 2.3000e+01 2.6000e+01 2.2000e+01 2.8000e+01 1.9000e+01 2.8000e+01 3.4000e+01 2.1000e+01 2.3000e+01 4.4000e+02 2.4000e+01 2.1000e+01 2.9000e+01 2.3000e+01 5.9000e+01 2.5000e+01 1.9000e+01 2.0000e+01 1.7000e+01 2.1000e+01 2.7000e+01 2.9000e+01 1.4000e+01 1.4000e+01 3.1000e+01 3.0000e+01 2.7000e+01 2.6000e+01 1.8000e+01 2.0000e+01 2.5000e+01 2.2000e+01
