8.6000e+01 8.0000e+01 5.4080e+03 5.8000e+01 7.1000e+01 2.5530e+03 6.4000e+01 4.1530e+03 5.2200e+03 5.3930e+03 7.1000e+01 7.5000e+01 6.7000e+01 8.1000e+01 7.2000e+01 7.3000e+01 7.6000e+01 7.3000e+01 8.1000e+01 7.8000e+01 9.0000e+01 7.3000e+01 7.4000e+01 7.8000e+01 7.4000e+01 7.6000e+01 5.3690e+03 7.8000e+01 6.8000e+01 7.8000e+01 5.4960e+03 7.4000e+01 5.4000e+01 6.7000e+01 6.1000e+01 7.2000e+01 8.4000e+01 7.7000e+01 7.7000e+01 7.9000e+01 7.4000e+01 8.4000e+01 8.3000e+01 8.3000e+01 6.8000e+01 6.0000e+01 6.7000e+01 9.1000e+01 6.7000e+01 7.8000e+01
7.8000e+01 9.6200e+02 7.2000e+01 6.4000e+01 5.4470e+03 7.4000e+01 7.3000e+01 1.3170e+03 5.0000e+01 7.9000e+01 6.7000e+01 8.7000e+01 6.7000e+01 9.0000e+01 7.1000e+01 7.0000e+01 6.8000e+01 7.2000e+01 6.9000e+01 6.1000e+01 6.5000e+01 7.7000e+01 5.2250e+03 7.2000e+01 7.4000e+01 5.2000e+01 5.5000e+01 6.0000e+01 9.1000e+01 8.0000e+01 6.5000e+01 7.2000e+01 6.9000e+01 7.8000e+01 6.0000e+01 8.0000e+01 9.7000e+01 5.1000e+01 8.9000e+01 8.3000e+01 6.4000e+01 6.4000e+01 7.1000e+01 6.9000e+01 5.4420e+03 5.2390e+03 6.9000e+01 6.7000e+01 6.7000e+01 9.6000e+01
7.6000e+01 6.7000e+01 8.4000e+01 7.5000e+01 9.0000e+01 5.9000e+01 8.8000e+01 6.2000e+01 8.1000e+01 7.5000e+01 5.4150e+03 6.8000e+01 5.3990e+03 5.3800e+03 8.3000e+01 6.0000e+01 6.5000e+01 7.1000e+01 6.7000e+01 6.0000e+01 8.0000e+01 5.7000e+01 6.3000e+01 8.3000e+01 5.3930e+03 8.9000e+01 7.1000e+01 7.2000e+01 5.3510e+03 6.4000e+01 6.3000e+01 6.6000e+01 7.4000e+01 5.4060e+03 8.4000e+01 7.8000e+01 7.8000e+01 7.3000e+01 6.2000e+01 7.2000e+01 7.6000e+01 7.6000e+01 7.3000e+01 8.7000e+01 6.3000e+01 6.8000e+01 6.3000e+01 7.5000e+01 7.6000e+01 5.4000e+01
5.2380e+03 6.0000e+01 7.9000e+01 7.7000e+01 7.1000e+01 2.3570e+03 5.4020e+03 8.5000e+01 6.8000e+01 6.6000e+01 8.4000e+01 8.2000e+01 7.6000e+01 5.8000e+01 9.2000e+01 8.2000e+01 8.1000e+01 7.7000e+01 7.6000e+01 6.8000e+01 6.1000e+01 5.2810e+03 9.0000e+01 6.8000e+01 6.8000e+01 6.3000e+01 6.3000e+01 8.0000e+01 8.1000e+01 7.3000e+01 8.2000e+01 7.8000e+01 6.5000e+01 7.9000e+01 6.3000e+01 7.0000e+01 6.4000e+01 7.3000e+01 6.4000e+01 7.3000e+01 5.3440e+03 5.3910e+03 7.1000e+01 7.5000e+01 8.4000e+01 8.5000e+01 5.2000e+01 7.7000e+01 5.3110e+03 5.7000e+01
7.1000e+01 6.2000e+01 8.0000e+01 5.6000e+01 6.8000e+01 7.3000e+01 7.1000e+01 8.3000e+01 7.5000e+01 7.3000e+01 6.8000e+01 7.4000e+01 7.2000e+01 7.5000e+01 9.1000e+01 7.1000e+01 6.6000e+01 8.2000e+01 5.7000e+01 5.3610e+03 5.2490e+03 7.7000e+01 7.5000e+01 6.1000e+01 6.8000e+01 8.1000e+01 6.0000e+01 7.4000e+01 6.6000e+01 8.8000e+01 7.0000e+01 5.3620e+03 6.2000e+01 6.8000e+01 7.9000e+01 7.6000e+01 7.8000e+01 7.0000e+01 1.4850e+03 7.9000e+01 6.2000e+01 5.6000e+01 7.8000e+01 6.4000e+01 6.8000e+01 7.4000e+01 7.3000e+01 5.3700e+03 8.1000e+01 6.2000e+01
6.1000e+01 6.1000e+01 7.1000e+01 8.7000e+01 8.7000e+01 8.7000e+01 6.9000e+01 6.2000e+01 6.3000e+01 6.0000e+01 6.1000e+01 5.5000e+01 6.5000e+01 9.4000e+01 7.0500e+02 9.1000e+01 7.6000e+01 6.8000e+01 9.2000e+01 7.3000e+01 6.6000e+01 6.8000e+01 7.4000e+01 6.5000e+01 5.6000e+01 6.6000e+01 8.0000e+01 6.8000e+01 6.3000e+01 9.8000e+01 7.2000e+01 5.4000e+01 6.1000e+01 6.7000e+01 8.4000e+01 8.6000e+01 7.9000e+01 5.3050e+03 3.9670e+03 6.0000e+01 6.7000e+01 7.7000e+01 5.4390e+03 5.8000e+01 8.1000e+01 5.7000e+01 6.7000e+01 7.3000e+01 7.5000e+01 7.1000e+01
7.3000e+01 7.0000e+01 6.5000e+01 6.3000e+01 7.2000e+01 5.8000e+01 5.9000e+01 5.9000e+01 6.6000e+01 9.0000e+01 6.7000e+01 7.1000e+01 6.5000e+01 6.6000e+01 6.0000e+01 8.4000e+01 8.0000e+01 7.1000e+01 6.9000e+01 6.4000e+01 5.6000e+01 5.7000e+01 8.1000e+01 7.3000e+01 8.0000e+01 7.4000e+01 8.4000e+01 6.6000e+01 6.8000e+01 5.3900e+03 7.3000e+01 7.3000e+01 6.8000e+01 8.1000e+01 7.4000e+01 6.9000e+01 7.6000e+01 7.1000e+01 6.7000e+01 7.5000e+01 5.9000e+01 6.8000e+01 6.4000e+01 6.5000e+01 7.1000e+01 7.5000e+01 6.9000e+01 7.5000e+01 6.1000e+01 8.9000e+01
8.5000e+01 4.4430e+03 6.9000e+01 7.8000e+01 7.2000e+01 7.9000e+01 8.0000e+01 7.3000e+01 8.2000e+01 7.9000e+01 5.9000e+01 6.7000e+01 6.5000e+01 6.8000e+01 4.7060e+03 7.3000e+01 5.3430e+03 3.6500e+02 5.9000e+01 8.7000e+01 7.1000e+01 5.8000e+01 7.0000e+01 5.3260e+03 6.5000e+01 5.2930e+03 8.4000e+01 5.4290e+03 6.3000e+01 7.2000e+01 8.1000e+01 7.1000e+01 5.3000e+01 7.1000e+01 8.4000e+01 7.1000e+01 5.7000e+01 8.3000e+01 6.0000e+01 5.3260e+03 6.5000e+01 5.6000e+01 5.6000e+01 6.9000e+01 8.2000e+01 7.0000e+01 8.4000e+01 6.7000e+01 7.1000e+01 6.6000e+01
6.0000e+01 6.9000e+01 6.0000e+01 5.3410e+03 6.2000e+01 6.2000e+01 7.5000e+01 7.6000e+01 8.6000e+01 8.3000e+01 7.6000e+01 5.3380e+03 6.3000e+01 5.9000e+01 6.1000e+01 5.3520e+03 6.5000e+01 6.7000e+01 8.0000e+01 8.3000e+01 8.2000e+01 7.6000e+01 5.3000e+01 6.2000e+01 6.5000e+01 8.2000e+01 8.7000e+01 7.2000e+01 7.2000e+01 6.1000e+01 6.4000e+01 8.1000e+01 6.4000e+01 7.7000e+01 5.3760e+03 3.0340e+03 7.8000e+01 6.8000e+01 6.8000e+01 7.8000e+01 6.3000e+01 6.8000e+01 6.9000e+01 6.3000e+01 6.8000e+01 7.2000e+01 5.3350e+03 6.6000e+01 7.8000e+01 6.3000e+01
8.7000e+01 1.5800e+02 6.5000e+01 6.8000e+01 8.2000e+01 5.6100e+02 6.6000e+01 8.0000e+01 6.0000e+01 6.8000e+01 7.7000e+01 9.1000e+01 7.1000e+01 5.9000e+01 7.2000e+01 6.5000e+01 8.3000e+01 5.0750e+03 5.3440e+03 6.5000e+01 7.2000e+01 7.6000e+01 6.4000e+01 6.8000e+01 5.4000e+01 7.7000e+01 7.8000e+01 6.4000e+01 8.0000e+01 6.1000e+01 6.5000e+01 6.8000e+01 5.3700e+03 7.1000e+01 6.4000e+01 2.2720e+03 5.2990e+03 8.5000e+01 8.2000e+01 6.2000e+01 7.0000e+01 6.7000e+01 7.4000e+01 5.4210e+03 7.4000e+01 8.3000e+01 7.4000e+01 7.4000e+01 6.9000e+01 5.3870e+03
