4.3000e+01 2.6000e+01 3.9460e+03 2.2000e+01 4.2000e+01 1.7030e+03 3.9000e+01 2.9490e+03 3.2170e+03 3.4240e+03 2.9000e+01 2.6000e+01 1.9000e+01 2.4000e+01 2.9000e+01 3.3000e+01 1.5000e+01 1.0000e+01 1.4000e+01 3.0000e+01 5.2000e+01 1.5000e+01 2.7000e+01 2.6000e+01 1.9000e+01 1.9000e+01 3.1980e+03 1.7000e+01 4.4000e+01 4.4000e+01 3.5720e+03 5.1000e+01 3.0000e+01 4.1000e+01 3.0000e+01 2.9000e+01 2.7000e+01 5.2000e+01 3.8000e+01 4.0000e+01 4.3000e+01 0.0000e+00 1.7000e+01 3.6000e+01 5.2000e+01 1.6000e+01 3.2000e+01 6.4000e+01 1.1000e+01 4.7000e+01
3.7000e+01 3.9100e+02 0.0000e+00 0.0000e+00 3.9060e+03 0.0000e+00 1.9000e+01 6.6300e+02 3.0000e+00 2.0000e+01 0.0000e+00 0.0000e+00 4.0000e+00 0.0000e+00 6.0000e+00 4.2000e+01 4.0000e+00 0.0000e+00 1.2000e+01 2.6000e+01 8.0000e+00 3.1000e+01 2.2500e+03 7.0000e+00 7.0000e+00 3.0000e+00 5.0000e+00 0.0000e+00 5.2000e+01 5.2000e+01 1.3000e+01 0.0000e+00 0.0000e+00 2.2000e+01 1.5000e+01 2.5000e+01 1.8000e+01 1.4000e+01 3.5000e+01 0.0000e+00 0.0000e+00 1.6000e+01 1.2000e+01 1.6000e+01 5.4420e+03 3.4770e+03 0.0000e+00 1.2000e+01 2.9000e+01 1.1000e+01
2.1000e+01 2.6000e+01 2.4000e+01 4.8000e+01 3.1000e+01 3.5000e+01 5.8000e+01 2.8000e+01 4.5000e+01 4.9000e+01 3.7350e+03 1.5000e+01 3.1410e+03 3.4310e+03 2.4000e+01 3.1000e+01 3.6000e+01 2.1000e+01 3.2000e+01 1.8000e+01 5.1000e+01 2.9000e+01 2.0000e+01 5.6000e+01 3.5100e+03 3.4000e+01 2.8000e+01 2.1000e+01 3.6070e+03 3.6000e+01 2.3000e+01 2.5000e+01 4.1000e+01 3.2090e+03 6.2000e+01 2.7000e+01 5.1000e+01 2.6000e+01 3.7000e+01 2.1000e+01 4.4000e+01 3.0000e+01 6.4000e+01 3.6000e+01 2.6000e+01 2.9000e+01 1.6000e+01 2.8000e+01 4.3000e+01 1.7000e+01
5.2380e+03 1.5000e+01 7.1000e+01 4.5000e+01 2.7000e+01 2.1520e+03 5.4020e+03 5.2000e+01 4.4000e+01 6.5000e+01 2.0000e+01 7.6000e+01 6.0000e+01 4.3000e+01 1.1000e+01 5.5000e+01 2.3000e+01 5.7000e+01 5.3000e+01 1.0000e+01 6.0000e+01 4.7900e+03 8.0000e+00 6.6000e+01 4.0000e+00 4.2000e+01 5.0000e+01 3.8000e+01 3.3000e+01 4.8000e+01 1.1000e+01 5.5000e+01 4.5000e+01 8.0000e+00 1.7000e+01 0.0000e+00 5.9000e+01 6.9000e+01 4.6000e+01 8.0000e+00 4.6630e+03 3.9430e+03 2.3000e+01 5.3000e+01 6.8000e+01 8.5000e+01 4.8000e+01 6.6000e+01 5.0100e+03 1.1000e+01
1.0000e+01 1.1000e+01 0.0000e+00 0.0000e+00 1.5000e+01 0.0000e+00 2.8000e+01 0.0000e+00 0.0000e+00 0.0000e+00 4.0000e+00 1.8000e+01 0.0000e+00 3.0000e+00 0.0000e+00 2.8000e+01 1.3000e+01 2.0000e+00 4.0000e+00 2.2360e+03 2.5560e+03 1.1000e+01 3.1000e+01 9.0000e+00 6.0000e+00 2.0000e+00 0.0000e+00 0.0000e+00 8.0000e+00 1.3000e+01 1.9000e+01 2.0680e+03 3.0000e+00 4.0000e+00 2.8000e+01 0.0000e+00 0.0000e+00 7.0000e+00 1.3740e+03 0.0000e+00 5.0000e+00 0.0000e+00 1.5000e+01 0.0000e+00 1.1000e+01 8.0000e+00 5.0000e+00 3.8730e+03 6.0000e+00 0.0000e+00
2.2000e+01 6.0000e+00 1.4000e+01 1.6000e+01 0.0000e+00 3.8000e+01 0.0000e+00 0.0000e+00 0.0000e+00 4.0000e+00 2.7000e+01 1.1000e+01 9.0000e+00 1.2000e+01 2.7300e+02 4.7000e+01 9.0000e+00 9.0000e+00 4.0000e+00 9.0000e+00 1.5000e+01 0.0000e+00 0.0000e+00 0.0000e+00 2.1000e+01 9.0000e+00 0.0000e+00 0.0000e+00 1.9000e+01 7.1000e+01 8.0000e+00 1.2000e+01 8.0000e+00 0.0000e+00 2.3000e+01 1.0000e+01 2.0000e+00 5.3050e+03 3.9670e+03 7.0000e+00 5.0000e+00 1.9000e+01 5.4390e+03 0.0000e+00 6.2000e+01 0.0000e+00 1.5000e+01 4.0000e+00 9.0000e+00 0.0000e+00
1.9000e+01 4.0000e+00 2.0000e+01 7.0000e+00 1.1000e+01 3.0000e+00 1.8000e+01 7.0000e+00 0.0000e+00 2.0000e+01 1.1000e+01 4.0000e+00 4.0000e+00 4.0000e+00 8.0000e+00 5.0000e+01 1.0000e+00 1.0000e+01 6.0000e+00 4.0000e+00 7.0000e+00 4.0000e+00 2.3000e+01 2.1000e+01 3.0000e+00 1.4000e+01 3.0000e+00 1.0000e+00 7.0000e+00 3.1930e+03 4.0000e+00 1.4000e+01 0.0000e+00 1.0000e+01 1.0000e+01 1.0000e+01 8.0000e+00 5.0000e+00 2.3000e+01 7.0000e+00 3.0000e+00 9.0000e+00 1.8000e+01 4.0000e+00 1.5000e+01 2.0000e+01 4.0000e+00 1.5000e+01 3.0000e+00 7.0000e+00
5.9000e+01 2.5390e+03 1.9000e+01 3.8000e+01 3.0000e+01 3.8000e+01 2.8000e+01 3.1000e+01 4.9000e+01 4.6000e+01 9.0000e+00 1.4000e+01 2.0000e+01 1.6000e+01 2.5600e+03 4.0000e+01 3.2750e+03 2.5400e+02 1.6000e+01 5.3000e+01 4.1000e+01 2.4000e+01 3.9000e+01 4.0030e+03 2.7000e+01 3.4260e+03 2.7000e+01 3.1170e+03 3.8000e+01 3.2000e+01 3.7000e+01 3.3000e+01 5.0000e+00 3.0000e+01 5.4000e+01 4.0000e+01 2.2000e+01 4.4000e+01 2.6000e+01 3.2680e+03 2.7000e+01 2.2000e+01 3.8000e+01 2.8000e+01 6.4000e+01 5.2000e+01 4.9000e+01 4.6000e+01 3.3000e+01 2.5000e+01
6.0000e+00 8.0000e+00 2.4000e+01 2.7400e+03 3.4000e+01 1.5000e+01 3.4000e+01 2.3000e+01 1.8000e+01 1.3000e+01 1.6000e+01 2.6470e+03 4.0000e+00 1.4000e+01 6.0000e+00 2.7200e+03 2.1000e+01 1.7000e+01 2.0000e+01 1.3000e+01 6.0000e+00 3.2000e+01 1.9000e+01 1.3000e+01 1.0000e+01 3.4000e+01 7.0000e+00 9.0000e+00 1.6000e+01 2.9000e+01 2.2000e+01 8.0000e+00 6.0000e+00 1.8000e+01 2.7350e+03 1.5750e+03 7.0000e+00 3.0000e+01 2.4000e+01 1.5000e+01 1.8000e+01 6.0000e+00 6.3000e+01 2.0000e+01 9.0000e+00 6.0000e+00 3.8640e+03 9.0000e+00 9.0000e+00 2.7000e+01
2.6000e+01 1.1000e+02 6.0000e+00 1.3000e+01 5.4000e+01 4.8000e+02 4.1000e+01 6.9000e+01 2.5000e+01 3.4000e+01 2.7000e+01 7.9000e+01 4.3000e+01 4.2000e+01 5.3000e+01 1.7000e+01 6.4000e+01 4.3820e+03 3.7130e+03 4.7000e+01 5.2000e+01 7.0000e+00 8.0000e+00 2.2000e+01 3.0000e+01 3.2000e+01 5.4000e+01 2.0000e+01 5.9000e+01 1.4000e+01 1.9000e+01 5.3000e+01 4.3960e+03 5.8000e+01 4.2000e+01 2.1040e+03 4.7100e+03 7.1000e+01 2.7000e+01 4.2000e+01 2.4000e+01 1.7000e+01 3.6000e+01 4.1430e+03 3.7000e+01 3.6000e+01 6.8000e+01 2.0000e+01 2.2000e+01 4.5700e+03
