3.3333e-01 7.6923e-02 3.3333e-01 3.7037e-01 3.2432e-01 6.5646e-01 8.9926e-01 3.0263e-01 1.6667e-01 1.0000e-01 2.8125e-01 2.8333e-01 1.5000e-01 1.7073e-01 3.4043e-01 5.0847e-01 3.0841e-01 2.0000e-01 1.5789e-01 1.2121e-01 1.9444e-01 3.6842e-01 1.0345e-01 2.2222e-01 1.8421e-01 2.6000e-01 3.1944e-01 0.0000e+00 3.7209e-01 5.7143e-01 2.5397e-01 3.0303e-01 2.7536e-01 2.5000e-01 4.1176e-01 4.8261e-01 4.1667e-02 5.6818e-01 8.9509e-01 5.7143e-01 1.9149e-01 1.0714e-01 6.2727e-01 8.3333e-02 1.4286e-01 4.0816e-01 5.0000e-01 4.1250e-01 1.2000e-01 3.0000e-01
2.1429e-01 2.0833e-01 0.0000e+00 4.5714e-01 2.3077e-01 3.7500e-01 5.0000e-01 1.5789e-01 3.0000e-01 3.8710e-01 1.0000e-01 5.8378e-01 2.4242e-01 0.0000e+00 4.0741e-01 4.4444e-01 5.8174e-01 0.0000e+00 6.6667e-02 1.7391e-01 7.2002e-01 3.1818e-01 1.1111e-01 1.4286e-01 3.9623e-01 2.2727e-01 3.1034e-01 2.5000e-01 1.1111e-01 8.0000e-01 6.6667e-02 9.0056e-01 3.6735e-01 0.0000e+00 1.0000e+00 1.4286e-01 1.4286e-01 5.0000e-01 1.0000e+00 3.3333e-01 0.0000e+00 7.1429e-02 1.0000e+00 5.0000e-01 1.0000e+00 3.3333e-01 1.6667e-01 2.7778e-01 2.1053e-01 1.5385e-01
2.6531e-01 6.0606e-02 1.1364e-01 1.9444e-01 1.5385e-01 5.1323e-01 4.6667e-01 2.1127e-01 0.0000e+00 1.2500e-01 2.3077e-01 1.3953e-01 3.1250e-02 1.2500e-01 0.0000e+00 3.6735e-01 9.3023e-02 2.3000e-01 1.6667e-01 0.0000e+00 1.5556e-01 3.4444e-01 9.7561e-02 3.0693e-01 2.3077e-01 2.1875e-01 3.8462e-02 5.7143e-02 1.0000e-01 7.0980e-01 1.6667e-01 5.5556e-02 8.3333e-02 1.0000e-01 1.5789e-01 3.1000e-01 5.7143e-02 5.6929e-01 6.5000e-01 3.7143e-01 3.2258e-02 3.5714e-02 6.0981e-01 3.5780e-01 3.0769e-01 1.6000e-01 2.3750e-01 1.1111e-01 0.0000e+00 0.0000e+00
2.6866e-01 0.0000e+00 1.0714e-01 4.1667e-02 8.0000e-02 0.0000e+00 6.1565e-01 8.8889e-02 1.3889e-01 0.0000e+00 4.3478e-02 2.5781e-01 0.0000e+00 4.8780e-02 1.2121e-01 2.4324e-01 0.0000e+00 4.7619e-02 8.3333e-02 1.0526e-01 0.0000e+00 1.3889e-01 3.9364e-01 1.0256e-01 1.1765e-01 3.2258e-02 9.5238e-02 0.0000e+00 0.0000e+00 5.8959e-01 1.0909e-01 8.0000e-02 0.0000e+00 5.0000e-02 5.1389e-01 8.5714e-02 0.0000e+00 0.0000e+00 2.7586e-01 2.5926e-01 0.0000e+00 0.0000e+00 4.1667e-01 0.0000e+00 0.0000e+00 2.9032e-01 9.0909e-02 2.5676e-01 0.0000e+00 7.1429e-02
3.2353e-01 5.0000e-02 2.0930e-01 2.4000e-01 2.1053e-01 8.3333e-02 1.0000e+00 2.8571e-01 1.6667e-01 1.4286e-01 3.2258e-01 3.1034e-01 4.3478e-02 1.9512e-01 3.0303e-01 4.7368e-01 8.0000e-02 1.0714e-01 1.3333e-01 0.0000e+00 1.5385e-01 1.9048e-01 2.5000e-01 1.6667e-01 2.0000e-01 2.3684e-01 1.9355e-01 2.7273e-01 7.6867e-01 4.2308e-01 4.7619e-02 1.7647e-01 4.7619e-02 3.3333e-01 5.3061e-01 1.0526e-01 0.0000e+00 2.0000e-01 1.0000e+00 2.3077e-01 1.5152e-01 2.9508e-01 5.3623e-01 1.2500e-01 1.5385e-01 2.3810e-01 2.6087e-01 1.8182e-01 0.0000e+00 0.0000e+00
2.5000e-01 0.0000e+00 3.5714e-02 1.8750e-01 2.8571e-01 1.5000e-01 4.0000e-01 1.2821e-01 2.4211e-01 4.7619e-02 3.2759e-01 1.6279e-01 0.0000e+00 0.0000e+00 1.7241e-01 4.2105e-01 1.0000e-01 1.0000e-01 1.2195e-01 8.3333e-02 0.0000e+00 5.2632e-02 1.7857e-01 1.2903e-01 6.8966e-02 9.6774e-02 0.0000e+00 2.5472e-01 5.8824e-02 3.4375e-01 1.6981e-01 2.3529e-01 0.0000e+00 0.0000e+00 2.0000e-01 4.3382e-01 2.0290e-01 1.2500e-01 6.3025e-01 8.1172e-01 0.0000e+00 0.0000e+00 3.0769e-01 0.0000e+00 3.1429e-01 2.8947e-01 3.3094e-01 3.1250e-01 1.2500e-01 0.0000e+00
5.0461e-01 2.8571e-02 2.0370e-01 0.0000e+00 4.5455e-02 3.1818e-01 1.2500e-01 0.0000e+00 4.7619e-02 0.0000e+00 2.9630e-01 0.0000e+00 0.0000e+00 1.3433e-01 0.0000e+00 9.5238e-02 0.0000e+00 0.0000e+00 2.7778e-02 4.7619e-02 3.2258e-02 0.0000e+00 8.3333e-02 3.4483e-02 3.0303e-02 1.3462e-01 0.0000e+00 1.0345e-01 0.0000e+00 2.4242e-01 2.7778e-02 0.0000e+00 0.0000e+00 1.6129e-01 0.0000e+00 3.5714e-02 0.0000e+00 1.3043e-01 0.0000e+00 2.7586e-01 0.0000e+00 0.0000e+00 9.0909e-02 0.0000e+00 0.0000e+00 5.7139e-01 1.4754e-01 7.1429e-02 3.3333e-02 7.1429e-02
4.3478e-02 5.1282e-02 6.8182e-02 2.4194e-01 1.5152e-01 1.8750e-01 1.2500e-01 5.2632e-02 0.0000e+00 8.8235e-02 2.5000e-01 1.6129e-01 4.6512e-02 0.0000e+00 7.4074e-02 2.6190e-01 2.6316e-02 1.4085e-01 2.7778e-02 0.0000e+00 3.2258e-02 1.0000e-01 1.5278e-01 0.0000e+00 5.4054e-02 0.0000e+00 3.2258e-02 1.2308e-01 1.5625e-01 3.0233e-01 8.3333e-02 4.5455e-02 1.3115e-01 0.0000e+00 1.3636e-01 6.2500e-02 2.7027e-02 1.5385e-01 3.6364e-01 7.1429e-02 4.7619e-02 0.0000e+00 0.0000e+00 1.3208e-01 0.0000e+00 0.0000e+00 3.0303e-02 1.3514e-01 6.0606e-02 9.6774e-02
0.0000e+00 1.6216e-01 5.0000e-02 4.1667e-02 3.0864e-01 5.2632e-02 6.4115e-01 1.3559e-01 1.8367e-01 3.7037e-02 7.6923e-02 5.7143e-02 6.3830e-02 1.0714e-01 1.3889e-01 3.6111e-01 1.1475e-01 9.4340e-02 1.0909e-01 6.5217e-02 1.2245e-01 2.6027e-01 6.8182e-02 1.5686e-01 2.3009e-01 2.8834e-01 1.1111e-01 1.9820e-01 8.3333e-02 1.6667e-01 6.8182e-02 1.0714e-01 1.4062e-01 2.3913e-01 1.3636e-01 2.8099e-01 4.8780e-02 2.6667e-01 0.0000e+00 0.0000e+00 0.0000e+00 1.0204e-01 5.0000e-02 9.3023e-02 5.0799e-01 0.0000e+00 1.1765e-01 1.3514e-01 0.0000e+00 9.6774e-02
1.2500e-01 8.5106e-02 1.0714e-01 1.3889e-01 5.4519e-01 2.5000e-01 4.1818e-01 3.0328e-01 1.6854e-01 1.2500e-01 3.0588e-01 1.9481e-01 1.9091e-01 8.1633e-02 1.0000e-01 4.0777e-01 6.5217e-02 1.7045e-01 2.0370e-01 3.0618e-01 1.9737e-01 4.0000e-01 1.7073e-01 1.4583e-01 1.3793e-01 2.7891e-01 1.8571e-01 9.2593e-02 2.6316e-01 1.9231e-01 1.0909e-01 2.6230e-01 1.8072e-01 1.3793e-01 3.5938e-01 3.2432e-01 9.4340e-02 3.7179e-01 5.3957e-01 1.9048e-01 4.7619e-02 0.0000e+00 3.1250e-01 1.9481e-01 3.0909e-01 2.0513e-01 1.4754e-01 2.2581e-01 1.9118e-01 3.4483e-01
5.0000e-01 2.5000e-01 1.4286e-01 9.1667e-01 0.0000e+00 3.3333e-01 5.0000e-01 0.0000e+00 2.6087e-01 3.6842e-01 1.4286e-01 2.0000e-01 7.6923e-02 3.4483e-01 1.0000e+00 8.7500e-01 3.8462e-01 5.2500e-01 4.3182e-01 0.0000e+00 5.0000e-01 7.8205e-01 5.0769e-01 8.8547e-01 5.5072e-01 3.3333e-01 6.6667e-01 2.1053e-01 1.4286e-01 5.0000e-01 5.7798e-01 5.3846e-01 4.3902e-01 7.7778e-01 3.3333e-01 6.9643e-01 1.7647e-01 2.2222e-01 8.3333e-01 1.0000e+00 0.0000e+00 8.0824e-01 6.6667e-01 5.6944e-01 6.2500e-01 6.6667e-01 4.7619e-01 8.9474e-01 5.8065e-01 2.8571e-01
2.1429e-01 9.5238e-02 1.0417e-01 1.7949e-01 1.4286e-01 6.1769e-01 3.6364e-01 7.8947e-02 0.0000e+00 1.1765e-01 2.1429e-01 2.7350e-01 1.4706e-01 0.0000e+00 2.1739e-01 6.2371e-01 1.0000e-01 1.5942e-01 2.3214e-01 7.1429e-02 3.0968e-01 8.0000e-02 1.1765e-01 1.1111e-01 2.5862e-01 2.3171e-01 3.7798e-01 2.9412e-02 4.3558e-01 3.4091e-01 2.4590e-01 0.0000e+00 0.0000e+00 0.0000e+00 4.5545e-01 2.4324e-01 0.0000e+00 4.6154e-01 5.5357e-01 0.0000e+00 0.0000e+00 2.5000e-01 0.0000e+00 0.0000e+00 0.0000e+00 1.9355e-01 1.4000e-01 2.0000e-01 2.9060e-01 2.4074e-01
8.3333e-01 6.9753e-01 7.3899e-01 3.3333e-01 5.0000e-01 1.0000e+00 1.0000e+00 6.8033e-01 4.7727e-01 6.6667e-01 3.7500e-01 5.0000e-01 4.1667e-01 7.9249e-01 4.0000e-01 5.0000e-01 6.2295e-01 3.1818e-01 7.7040e-01 7.7151e-01 6.4179e-01 4.0000e-01 4.5946e-01 7.8125e-01 8.4615e-01 8.1191e-01 2.3077e-01 5.4545e-01 1.0000e+00 5.0000e-01 7.9349e-01 1.0000e+00 6.7910e-01 3.3333e-01 6.6667e-01 1.0000e+00 7.5712e-01 5.0000e-01 1.0000e+00 6.6667e-01 6.8627e-01 8.2133e-01 0.0000e+00 7.7119e-01 0.0000e+00 5.0000e-01 7.1014e-01 3.3333e-01 6.8421e-01 1.0000e+00
2.0833e-01 1.8605e-01 7.4074e-02 3.0000e-01 4.3284e-01 2.3810e-01 1.1111e-01 2.5806e-01 1.5000e-01 9.5238e-02 3.1579e-01 3.7705e-01 0.0000e+00 1.3514e-01 3.8462e-01 0.0000e+00 1.7391e-01 1.3514e-01 1.0000e-01 0.0000e+00 8.3333e-02 6.6195e-01 2.4615e-01 3.7634e-01 2.5424e-01 8.3333e-02 2.9688e-01 2.9167e-01 0.0000e+00 5.0980e-01 1.0000e-01 4.4000e-01 3.6111e-01 2.0000e-01 0.0000e+00 3.7079e-01 1.3514e-01 6.7059e-01 7.5956e-01 5.9677e-01 7.1429e-02 1.0714e-01 4.5902e-01 1.3333e-01 2.7273e-01 6.5666e-01 2.1739e-01 2.4242e-01 8.6957e-02 1.0526e-01
2.3077e-01 7.6923e-02 1.7073e-01 3.4694e-01 3.9623e-01 4.0000e-01 4.4000e-01 0.0000e+00 3.2500e-01 1.3043e-01 4.5679e-01 1.6129e-01 3.7674e-01 4.4568e-01 1.1111e-01 1.4286e-01 1.7778e-01 1.9149e-01 3.3333e-01 3.3065e-01 1.6129e-01 4.0845e-01 3.4426e-01 2.0588e-01 1.3333e-01 3.0159e-01 2.3256e-01 3.8636e-01 0.0000e+00 2.7778e-01 1.7073e-01 2.4000e-01 3.1461e-01 0.0000e+00 9.0909e-02 2.5000e-01 1.0000e-01 6.1654e-01 0.0000e+00 2.9412e-01 2.0755e-01 2.3529e-01 4.7619e-01 3.9716e-01 5.9836e-01 2.8571e-01 4.7558e-01 3.4615e-01 5.9848e-01 1.1111e-01
0.0000e+00 5.0000e-02 4.7619e-02 1.2500e-01 0.0000e+00 2.8571e-01 7.2222e-01 2.9310e-01 0.0000e+00 1.4286e-01 0.0000e+00 1.5385e-01 1.0714e-01 4.7619e-02 4.6667e-01 4.1379e-01 1.5152e-01 8.0000e-02 8.3333e-02 2.3529e-01 3.0000e-01 1.9048e-01 4.7619e-02 5.8824e-02 1.2000e-01 0.0000e+00 1.3043e-01 1.6667e-01 1.3333e-01 2.9412e-01 0.0000e+00 0.0000e+00 5.0000e-02 7.2102e-01 8.4926e-01 3.5088e-01 0.0000e+00 8.0025e-01 8.3333e-01 1.1111e-01 0.0000e+00 0.0000e+00 5.0000e-01 5.5556e-02 5.3571e-01 1.4286e-01 1.2500e-01 6.9324e-01 5.8824e-02 0.0000e+00
1.2500e-01 6.9767e-02 0.0000e+00 1.0000e-01 4.5455e-02 5.2632e-02 1.6667e-01 8.8889e-02 0.0000e+00 8.8235e-02 5.0146e-01 7.6923e-02 1.5476e-01 2.2047e-01 3.5374e-01 0.0000e+00 8.0000e-02 4.7619e-02 0.0000e+00 1.0526e-01 2.1591e-01 0.0000e+00 0.0000e+00 6.2500e-02 2.1053e-01 9.5238e-02 0.0000e+00 1.9048e-01 4.7619e-02 1.3636e-01 1.2903e-01 4.5455e-02 5.1282e-02 0.0000e+00 5.8824e-02 6.2500e-02 0.0000e+00 0.0000e+00 7.1429e-02 0.0000e+00 0.0000e+00 0.0000e+00 0.0000e+00 1.2000e-01 0.0000e+00 3.4444e-01 3.0303e-02 7.1429e-02 1.0000e-01 4.1667e-02
8.3333e-01 8.3167e-01 0.0000e+00 7.1429e-01 1.0000e+00 5.0000e-01 5.0000e-01 8.0518e-01 2.5000e-01 0.0000e+00 1.0000e+00 5.2381e-01 3.2000e-01 7.2507e-01 0.0000e+00 7.5000e-01 4.2500e-01 0.0000e+00 2.0000e-01 0.0000e+00 0.0000e+00 0.0000e+00 0.0000e+00 1.1111e-01 7.2574e-01 5.6000e-01 2.3077e-01 5.8879e-01 3.7500e-01 2.8571e-01 0.0000e+00 6.0000e-01 2.0000e-01 4.0000e-01 0.0000e+00 7.4803e-01 7.9051e-01 0.0000e+00 5.0000e-01 2.2222e-01 0.0000e+00 0.0000e+00 7.5000e-01 0.0000e+00 1.0000e+00 1.6667e-01 1.6667e-01 6.6667e-01 4.8485e-01 5.7143e-01
1.6216e-01 1.2281e-01 1.1864e-01 1.5385e-01 2.5862e-01 1.2000e-01 1.6667e-01 0.0000e+00 6.5217e-02 0.0000e+00 4.9834e-01 9.3023e-02 0.0000e+00 9.4340e-02 1.9149e-01 5.3197e-01 6.5217e-02 0.0000e+00 0.0000e+00 6.5217e-02 3.2258e-02 1.0000e-01 0.0000e+00 6.2500e-02 8.8889e-02 3.2258e-02 0.0000e+00 0.0000e+00 8.3333e-02 3.7879e-01 6.8182e-02 0.0000e+00 1.1111e-01 0.0000e+00 3.0612e-01 0.0000e+00 0.0000e+00 0.0000e+00 4.6753e-01 7.1429e-02 6.5217e-02 7.3171e-02 3.8318e-01 0.0000e+00 0.0000e+00 1.3793e-01 2.0879e-01 7.1429e-02 0.0000e+00 4.1667e-02
2.3636e-01 2.8571e-02 0.0000e+00 1.9149e-01 1.6667e-01 5.2632e-02 1.6667e-01 1.0204e-01 8.0000e-02 6.4516e-02 3.8182e-01 1.2245e-01 6.3830e-02 0.0000e+00 2.1154e-01 2.6190e-01 4.7619e-02 1.0526e-01 2.7778e-02 2.6316e-02 0.0000e+00 1.3889e-01 5.0000e-02 2.0833e-01 5.4054e-02 5.7143e-02 0.0000e+00 9.2593e-02 2.5926e-01 1.3636e-01 6.8182e-02 0.0000e+00 0.0000e+00 1.1538e-01 1.0000e-01 3.5714e-02 4.8780e-02 0.0000e+00 2.5926e-01 2.4000e-01 0.0000e+00 5.2632e-02 9.0909e-02 9.3023e-02 0.0000e+00 8.6957e-02 1.5625e-01 0.0000e+00 0.0000e+00 7.1429e-02
4.0000e-01 1.2500e-01 1.6667e-01 2.1053e-01 1.4286e-01 7.0000e-01 3.3333e-01 0.0000e+00 8.6957e-02 0.0000e+00 4.1463e-01 0.0000e+00 0.0000e+00 1.6129e-01 0.0000e+00 7.9330e-01 1.3793e-01 1.4286e-01 0.0000e+00 5.0000e-02 3.8028e-01 0.0000e+00 9.0909e-02 0.0000e+00 2.2857e-01 5.8824e-02 0.0000e+00 8.6957e-02 2.3529e-01 0.0000e+00 2.0000e-01 2.9167e-01 0.0000e+00 9.0909e-02 2.3077e-01 1.1111e-01 1.4286e-01 2.9412e-01 4.6667e-01 0.0000e+00 3.3735e-01 5.5556e-02 3.6000e-01 3.9759e-01 1.6667e-01 2.6316e-01 4.0625e-01 2.0000e-01 1.4286e-01 7.4603e-01
3.6364e-01 6.6667e-02 1.8182e-01 3.6364e-01 5.7447e-01 2.2222e-01 4.5455e-01 1.2500e-01 6.2500e-02 0.0000e+00 1.0000e-01 2.5000e-01 0.0000e+00 1.1111e-01 4.2857e-01 6.4286e-01 1.0526e-01 1.1111e-01 6.6667e-02 6.2500e-02 2.3810e-01 2.1429e-01 1.5000e-01 8.3333e-02 7.1429e-02 1.7647e-01 2.6087e-01 6.2500e-02 1.1111e-01 2.7273e-01 6.6667e-02 2.6667e-01 6.6667e-02 1.0000e+00 3.3333e-01 1.8750e-01 1.5000e-01 8.1818e-01 5.0000e-01 1.4286e-01 2.2222e-01 1.5789e-01 4.4444e-01 0.0000e+00 5.2174e-01 1.1111e-01 3.0000e-01 4.1379e-01 7.6923e-02 1.0000e-01
2.9032e-01 1.3333e-01 2.7692e-01 5.1240e-01 3.6111e-01 4.1667e-01 0.0000e+00 2.2727e-01 2.7536e-01 2.1429e-01 2.5000e-01 1.8750e-01 7.6923e-02 1.7949e-01 3.6957e-01 4.1935e-01 5.2083e-01 1.6216e-01 1.3333e-01 3.8953e-01 5.2632e-02 1.1765e-01 4.9778e-01 5.1880e-01 1.4286e-01 3.4722e-01 2.8571e-01 3.9344e-01 2.6087e-01 6.9173e-01 4.5455e-02 7.1353e-01 5.1351e-01 1.4286e-01 7.3563e-01 3.5000e-01 4.5455e-02 7.2241e-01 3.8889e-01 4.6154e-01 7.6923e-02 1.1538e-01 5.0000e-01 9.0909e-02 4.0000e-01 1.7647e-01 9.0909e-02 4.7525e-01 2.0000e-01 2.5000e-01
0.0000e+00 0.0000e+00 0.0000e+00 0.0000e+00 0.0000e+00 6.2222e-01 4.2857e-01 1.1765e-01 6.2500e-02 0.0000e+00 4.4828e-01 7.1429e-02 0.0000e+00 1.7391e-01 5.7576e-01 0.0000e+00 4.3564e-01 0.0000e+00 6.2500e-02 4.1860e-01 3.8636e-01 6.5772e-01 6.2305e-01 7.6923e-02 1.9048e-01 7.2632e-01 4.1509e-01 4.2353e-01 0.0000e+00 0.0000e+00 2.7273e-01 0.0000e+00 2.0833e-01 0.0000e+00 0.0000e+00 7.4463e-01 2.3333e-01 0.0000e+00 8.8889e-01 1.6667e-01 0.0000e+00 0.0000e+00 0.0000e+00 0.0000e+00 2.2222e-01 1.0000e-01 6.5374e-01 3.7037e-01 3.5294e-01 2.7778e-01
9.0909e-02 0.0000e+00 2.0690e-01 0.0000e+00 2.1429e-01 1.1111e-01 7.5000e-01 0.0000e+00 0.0000e+00 3.9474e-01 1.5385e-01 3.4884e-01 0.0000e+00 2.4242e-01 4.6341e-01 0.0000e+00 0.0000e+00 0.0000e+00 1.6667e-01 0.0000e+00 0.0000e+00 2.0000e-01 5.8824e-02 7.6923e-02 0.0000e+00 2.9032e-01 3.0303e-01 5.7821e-01 0.0000e+00 2.2222e-01 0.0000e+00 3.1579e-01 6.2500e-02 0.0000e+00 7.1429e-01 2.5000e-01 0.0000e+00 9.9324e-01 1.0000e+00 0.0000e+00 5.8824e-02 2.0000e-01 5.2941e-01 6.6667e-02 1.0000e+00 1.6667e-01 3.7255e-01 1.8750e-01 7.1429e-02 0.0000e+00
7.1530e-01 0.0000e+00 2.5000e-01 5.8947e-01 8.1593e-01 7.1171e-01 0.0000e+00 3.0000e-01 1.7857e-01 6.8077e-01 3.4783e-01 6.7468e-01 2.5000e-01 5.8824e-02 4.3590e-01 1.1111e-01 5.5556e-02 1.7857e-01 5.8824e-02 2.8261e-01 2.6667e-01 2.6316e-01 1.8519e-01 6.4216e-01 3.9062e-01 2.9412e-01 2.5000e-01 3.4375e-01 1.6667e-01 6.6667e-01 5.8824e-02 5.0000e-01 1.6667e-01 3.3333e-01 2.0000e-01 5.5862e-01 1.0000e-01 9.3590e-01 1.0000e+00 7.2727e-01 1.6000e-01 2.1429e-01 7.0796e-01 3.2500e-01 6.2264e-01 6.9388e-01 2.8571e-01 6.7944e-01 3.5714e-01 8.3333e-02
2.9333e-01 1.6901e-01 0.0000e+00 0.0000e+00 2.2727e-01 3.7647e-01 7.3886e-01 9.3023e-02 1.0909e-01 0.0000e+00 0.0000e+00 1.1364e-01 6.6667e-02 0.0000e+00 4.4764e-01 3.5000e-01 0.0000e+00 6.8182e-02 7.1429e-02 6.8182e-02 8.1081e-02 7.6923e-02 0.0000e+00 1.7308e-01 7.6923e-02 2.1951e-01 0.0000e+00 8.3333e-02 2.6923e-01 3.8333e-01 8.6957e-02 0.0000e+00 0.0000e+00 1.8750e-01 5.9106e-01 3.0597e-01 0.0000e+00 5.2381e-01 2.6923e-01 0.0000e+00 0.0000e+00 2.6119e-01 2.8571e-01 2.1687e-01 0.0000e+00 9.0909e-02 1.1111e-01 1.9149e-01 1.3333e-01 0.0000e+00
1.0345e-01 0.0000e+00 8.3333e-02 0.0000e+00 2.2449e-01 5.2632e-02 2.6923e-01 7.1429e-02 4.7619e-02 1.6327e-01 7.6923e-02 7.6923e-02 0.0000e+00 6.6667e-02 7.4074e-02 2.0000e-01 2.6316e-02 0.0000e+00 5.0000e-02 6.5217e-02 1.7647e-01 1.2121e-01 0.0000e+00 0.0000e+00 1.1765e-01 5.7143e-02 0.0000e+00 6.5217e-02 4.7619e-02 1.0526e-01 5.0000e-02 2.0455e-01 6.9767e-02 0.0000e+00 2.7500e-01 0.0000e+00 0.0000e+00 1.0000e-01 4.7561e-01 0.0000e+00 9.4340e-02 1.4516e-01 3.2877e-01 2.1739e-01 1.9355e-01 3.5714e-01 1.5625e-01 1.9608e-01 3.3333e-02 0.0000e+00
4.2373e-01 1.3333e-01 4.2975e-01 6.8522e-01 6.2925e-01 6.6029e-01 1.0000e+00 2.7273e-01 3.2673e-01 5.3617e-01 3.7209e-01 4.7826e-01 1.4286e-01 4.0107e-01 5.4491e-01 3.3333e-01 4.9029e-01 2.3636e-01 1.8421e-01 3.1034e-01 4.3709e-01 3.2500e-01 1.0714e-01 3.2075e-01 5.4259e-01 2.5581e-01 4.5902e-01 4.1228e-01 3.7838e-01 4.2857e-01 1.8421e-01 3.2258e-01 2.9412e-01 3.2143e-01 5.8904e-01 1.8519e-01 1.6216e-01 5.0000e-01 6.0870e-01 5.1613e-01 3.1461e-01 3.1429e-01 3.2000e-01 4.0000e-01 6.3281e-01 4.2222e-01 3.9683e-01 2.9412e-01 3.3871e-01 3.1579e-01
1.7241e-01 8.5714e-02 1.1628e-01 1.8750e-01 1.7857e-01 3.1707e-01 6.1947e-01 2.0000e-01 4.0682e-01 1.8421e-01 5.3712e-01 2.7273e-01 1.6393e-01 1.6949e-01 3.1818e-01 4.0351e-01 1.8841e-01 2.5000e-01 0.0000e+00 5.8824e-02 2.3881e-01 4.4660e-01 6.2500e-02 2.3214e-01 1.7647e-01 2.2581e-01 4.7610e-01 2.0779e-01 3.8356e-01 5.9278e-01 6.2500e-02 2.0000e-01 1.6981e-01 0.0000e+00 6.9506e-01 1.7500e-01 1.9718e-01 2.8125e-01 6.5574e-01 8.3333e-02 8.1081e-02 2.0000e-01 5.0943e-01 1.3158e-01 6.1229e-01 5.8824e-02 3.9172e-01 4.1975e-01 1.0000e-01 5.0000e-02
1.8182e-01 1.2500e-01 0.0000e+00 1.8182e-01 4.2857e-01 1.4286e-01 5.0000e-01 1.2500e-01 1.5789e-01 7.1101e-01 9.1822e-01 2.1053e-01 0.0000e+00 7.1429e-02 6.9524e-01 6.6667e-01 2.5000e-01 0.0000e+00 7.1429e-02 2.5000e-01 7.1099e-01 1.0000e-01 7.1429e-02 1.5385e-01 7.0943e-01 8.3333e-02 2.2222e-01 1.1765e-01 1.2500e-01 6.0000e-01 3.2353e-01 2.8571e-01 1.2500e-01 0.0000e+00 6.6667e-01 6.6667e-01 6.6667e-02 8.7500e-01 1.0000e+00 6.0000e-01 2.5000e-01 1.6667e-01 5.0000e-01 4.1860e-01 7.5000e-01 0.0000e+00 7.2742e-01 8.4353e-01 2.8571e-01 4.1667e-01
1.8750e-01 2.2222e-01 3.3333e-01 4.3750e-01 4.2105e-01 4.5161e-01 4.0000e-01 2.0000e-01 1.6129e-01 3.7500e-01 4.0000e-01 5.6713e-01 1.6129e-01 2.7451e-01 7.4842e-01 8.2857e-01 5.0000e-02 1.2000e-01 5.2632e-02 2.0000e-01 3.0233e-01 0.0000e+00 2.5581e-01 1.5000e-01 2.3529e-01 5.7370e-01 6.2500e-02 2.2500e-01 2.6316e-01 8.3275e-01 1.8750e-01 2.8571e-01 1.9355e-01 5.9494e-01 6.3492e-01 6.1822e-01 9.0909e-02 8.0114e-01 1.0000e+00 3.7500e-01 9.0909e-02 2.1875e-01 7.5692e-01 3.2653e-01 4.4444e-01 2.3529e-01 4.8901e-01 6.5169e-01 1.1111e-01 2.8000e-01
2.7660e-01 3.5714e-02 1.6364e-01 4.9062e-01 1.6000e-01 5.5513e-01 5.2632e-01 2.1212e-01 0.0000e+00 1.0714e-01 5.5556e-02 2.3529e-01 1.3462e-01 2.3333e-01 3.3784e-01 6.4747e-01 5.8824e-02 8.1081e-02 1.4286e-01 3.3333e-02 1.4634e-01 0.0000e+00 1.1628e-01 2.0833e-01 1.0811e-01 2.7059e-01 2.7586e-01 1.3725e-01 1.3636e-01 5.2830e-01 1.1628e-01 1.3043e-01 6.2500e-02 1.4286e-01 6.6124e-01 1.5789e-01 0.0000e+00 7.1429e-02 7.9524e-01 8.3333e-02 1.2766e-01 3.2026e-01 1.1111e-01 0.0000e+00 3.8889e-01 4.2222e-01 1.2821e-01 2.5000e-01 4.1667e-02 0.0000e+00
8.8889e-01 5.5932e-01 7.0370e-01 1.0000e+00 0.0000e+00 0.0000e+00 0.0000e+00 8.6319e-01 7.1893e-01 6.6667e-01 6.6667e-01 6.7368e-01 7.8800e-01 5.3333e-01 1.0000e+00 1.0000e+00 4.1667e-01 6.8807e-01 5.8974e-01 6.0952e-01 5.6522e-01 5.0000e-01 5.7353e-01 7.3469e-01 4.5161e-01 6.3077e-01 4.8387e-01 1.5385e-01 6.6667e-01 1.0000e+00 5.4386e-01 2.5000e-01 7.5362e-01 8.0000e-01 1.0000e+00 6.5517e-01 6.1321e-01 6.6667e-01 1.0000e+00 1.0000e+00 7.1661e-01 1.0000e-01 0.0000e+00 7.1711e-01 1.0000e+00 1.0000e+00 6.8421e-01 8.0000e-01 4.0909e-01 5.0000e-01
2.5000e-01 0.0000e+00 0.0000e+00 1.8182e-01 0.0000e+00 2.1622e-01 7.1429e-02 7.1429e-02 1.6854e-01 1.0811e-01 4.3478e-02 5.7143e-02 0.0000e+00 0.0000e+00 1.0000e-01 1.7857e-01 0.0000e+00 0.0000e+00 0.0000e+00 0.0000e+00 7.6923e-02 1.3889e-01 0.0000e+00 3.4483e-02 0.0000e+00 7.8947e-02 0.0000e+00 1.2308e-01 0.0000e+00 0.0000e+00 1.8478e-01 1.0714e-01 2.0588e-01 0.0000e+00 1.3636e-01 1.1905e-01 0.0000e+00 0.0000e+00 0.0000e+00 1.5789e-01 0.0000e+00 0.0000e+00 3.1250e-01 4.1428e-01 5.5556e-02 1.8919e-01 5.4054e-02 4.0000e-02 6.0606e-02 4.1667e-02
1.0000e+00 9.0000e-01 7.7165e-01 1.0000e+00 1.0000e+00 1.0000e+00 1.0000e+00 8.3333e-01 7.1875e-01 1.0000e+00 5.0000e-01 1.0000e+00 7.9476e-01 7.8481e-01 1.0000e+00 1.0000e+00 8.2687e-01 8.3607e-01 1.0000e+00 9.0189e-01 1.0000e+00 5.0000e-01 8.9024e-01 1.0000e+00 8.3333e-01 1.0000e+00 1.0000e+00 7.5373e-01 7.1429e-01 1.0000e+00 8.4416e-01 1.0000e+00 8.0000e-01 1.0000e+00 1.0000e+00 1.0000e+00 9.1540e-01 1.0000e+00 1.0000e+00 0.0000e+00 7.8443e-01 7.5000e-01 1.0000e+00 4.0000e-01 1.0000e+00 1.0000e+00 8.5714e-01 1.0000e+00 8.5000e-01 1.0000e+00
1.4286e-01 0.0000e+00 0.0000e+00 3.2456e-01 0.0000e+00 5.2632e-02 1.6667e-01 7.1429e-02 4.7619e-02 3.1206e-01 4.3478e-02 0.0000e+00 7.8431e-02 0.0000e+00 4.9008e-01 1.3043e-01 8.0000e-02 3.5876e-01 2.2727e-01 1.5385e-01 2.6515e-01 0.0000e+00 0.0000e+00 3.0818e-01 7.3171e-02 1.7188e-01 2.5833e-01 2.6316e-02 0.0000e+00 1.3636e-01 0.0000e+00 2.8571e-01 3.1707e-01 0.0000e+00 2.1875e-01 3.0769e-01 2.7027e-02 5.5556e-02 4.5833e-01 1.9048e-01 0.0000e+00 3.3240e-01 3.7864e-01 9.3023e-02 4.4218e-01 1.1538e-01 2.9167e-01 2.4638e-01 0.0000e+00 1.7778e-01
2.2727e-01 5.0000e-02 1.5625e-01 3.9583e-01 3.4375e-01 7.8952e-01 1.0000e+00 3.8235e-01 8.3333e-02 1.5000e-01 5.3608e-01 3.9130e-01 1.2903e-01 2.7869e-01 5.4815e-01 6.1250e-01 4.7619e-02 2.7119e-01 2.6415e-01 0.0000e+00 2.4324e-01 4.3548e-01 8.6957e-02 6.0456e-01 3.4667e-01 3.2143e-01 1.7857e-01 2.2222e-01 2.5000e-01 1.0000e-01 0.0000e+00 3.3333e-01 3.0769e-01 1.4286e-01 3.9130e-01 4.6018e-01 3.7190e-01 4.7368e-01 1.0000e+00 5.3125e-01 1.8421e-01 2.7083e-01 8.0904e-01 9.5238e-02 3.4783e-01 8.3333e-02 2.7660e-01 4.6914e-01 1.3636e-01 4.0385e-01
8.0000e-01 8.8235e-01 8.6447e-01 2.0000e-01 0.0000e+00 5.0000e-01 1.0000e+00 4.5455e-01 7.0339e-01 5.0000e-01 0.0000e+00 1.0000e+00 8.2652e-01 8.8290e-01 0.0000e+00 1.0000e+00 0.0000e+00 8.7516e-01 2.6667e-01 8.7343e-01 0.0000e+00 0.0000e+00 3.3333e-01 8.0000e-01 8.7697e-01 5.0000e-01 1.0000e+00 6.9643e-01 3.3333e-01 1.0000e+00 1.8182e-01 5.0000e-01 0.0000e+00 1.0000e+00 1.0000e+00 1.0000e+00 1.0000e-01 5.0000e-01 1.0000e+00 0.0000e+00 6.7045e-01 7.0513e-01 1.0000e+00 2.0000e-01 6.6667e-01 0.0000e+00 1.0000e+00 1.0000e+00 1.2500e-01 7.5000e-01
1.0000e+00 6.7857e-01 9.4563e-01 1.0000e+00 3.3333e-01 1.0000e+00 1.0000e+00 8.0556e-01 7.0652e-01 0.0000e+00 1.0000e+00 1.0000e+00 7.7941e-01 8.3630e-01 1.0000e+00 5.0000e-01 7.6064e-01 8.6141e-01 4.5455e-01 7.3636e-01 1.0000e+00 6.2500e-01 3.8889e-01 8.3333e-01 7.5000e-01 5.0000e-01 5.0000e-01 7.7976e-01 1.0000e+00 1.0000e+00 9.8118e-01 1.0000e+00 1.0000e+00 1.0000e+00 1.0000e+00 7.5000e-01 7.9121e-01 0.0000e+00 1.0000e+00 1.0000e+00 7.0115e-01 1.0000e+00 1.0000e+00 1.0000e+00 6.6667e-01 1.0000e+00 3.3333e-01 1.0000e+00 8.6047e-01 1.0000e+00
7.0077e-01 1.6667e-01 2.6866e-01 1.1111e-01 3.7778e-01 0.0000e+00 0.0000e+00 8.3333e-02 4.1667e-02 2.0690e-01 3.2432e-01 0.0000e+00 4.1667e-02 3.3028e-01 2.8571e-01 9.0909e-02 7.4074e-02 4.3478e-02 2.9114e-01 4.1667e-02 5.5899e-01 6.6667e-02 4.0099e-01 1.3043e-01 4.3439e-01 2.5532e-01 0.0000e+00 1.0000e-01 3.0000e-01 3.8462e-01 2.6562e-01 2.1739e-01 8.0000e-02 7.6923e-02 2.0000e-01 3.5294e-01 4.3478e-02 9.0909e-02 2.3077e-01 0.0000e+00 0.0000e+00 3.7795e-01 3.0769e-01 1.9444e-01 4.3902e-01 5.9500e-01 3.8017e-01 5.8473e-01 3.9000e-01 4.7273e-01
5.0000e-01 1.0000e+00 9.2308e-01 7.5000e-01 5.0000e-01 1.0000e+00 1.0000e+00 8.7097e-01 9.5917e-01 5.0000e-01 1.0000e+00 7.5000e-01 9.0127e-01 8.5000e-01 1.0000e+00 1.0000e+00 8.2906e-01 9.3333e-01 8.9952e-01 1.0000e+00 1.0000e+00 7.5000e-01 8.7255e-01 1.0000e+00 1.0000e+00 1.0000e+00 1.0000e+00 9.7946e-01 8.0000e-01 1.0000e+00 9.1935e-01 1.0000e+00 1.0000e+00 1.0000e+00 1.0000e+00 1.0000e+00 8.8496e-01 1.0000e+00 1.0000e+00 1.0000e+00 9.7733e-01 1.0000e+00 1.0000e+00 1.0000e+00 1.0000e+00 1.0000e+00 1.0000e+00 1.0000e+00 1.0000e+00 1.0000e+00
0.0000e+00 0.0000e+00 0.0000e+00 0.0000e+00 1.5152e-01 2.3077e-01 2.2727e-01 0.0000e+00 6.5217e-02 1.3953e-01 0.0000e+00 3.1250e-02 2.5641e-02 6.6667e-02 2.0000e-01 2.8261e-01 9.2593e-02 0.0000e+00 0.0000e+00 2.6316e-02 2.5806e-01 7.4074e-02 2.7778e-02 8.3333e-02 0.0000e+00 0.0000e+00 2.0253e-01 1.6471e-01 1.1111e-01 1.6667e-01 0.0000e+00 1.9512e-01 0.0000e+00 0.0000e+00 2.6316e-01 2.1127e-01 1.1667e-01 0.0000e+00 2.4000e-01 0.0000e+00 0.0000e+00 0.0000e+00 2.7451e-01 0.0000e+00 2.5000e-01 8.6957e-02 0.0000e+00 2.1429e-01 0.0000e+00 0.0000e+00
0.0000e+00 1.1111e-01 1.1864e-01 4.1667e-02 1.5152e-01 2.9825e-01 6.1290e-01 1.6667e-01 8.0000e-02 1.5217e-01 3.6296e-01 3.1250e-02 0.0000e+00 6.6667e-02 7.4074e-02 2.8261e-01 1.2308e-01 3.2577e-01 6.8182e-02 1.0526e-01 5.7143e-02 4.1667e-02 3.3969e-01 6.2500e-02 1.6176e-01 1.3462e-01 1.8571e-01 8.0000e-02 4.7619e-02 1.6667e-01 2.1239e-01 1.0714e-01 0.0000e+00 8.6957e-02 2.8571e-01 3.0070e-01 2.7027e-02 2.6829e-01 1.2500e-01 6.8063e-01 0.0000e+00 2.9412e-02 9.0909e-02 9.3023e-02 1.2500e-01 2.9851e-01 1.0638e-01 2.9703e-01 6.0606e-02 0.0000e+00
2.9630e-01 8.6957e-02 2.7778e-02 3.7059e-01 2.1739e-01 2.9091e-01 4.3333e-01 1.2727e-01 1.5385e-01 1.9298e-01 2.6562e-01 4.0174e-01 1.3699e-01 1.9608e-01 3.6364e-01 5.9648e-01 1.0345e-01 2.5543e-01 1.4493e-01 1.3433e-01 2.0732e-01 1.8182e-01 5.0000e-02 2.1622e-01 2.9524e-01 1.1111e-01 1.9178e-01 1.6049e-01 3.0556e-01 6.0287e-01 1.7073e-01 3.2979e-01 2.0202e-01 1.1538e-01 3.6765e-01 4.0862e-01 1.9811e-01 3.1481e-01 6.0507e-01 1.5789e-01 1.7582e-01 1.2727e-01 4.2069e-01 5.5556e-02 4.1593e-01 3.1507e-01 1.5000e-01 2.1429e-01 1.0000e-01 2.1818e-01
5.8824e-02 1.2821e-01 2.8571e-01 3.1579e-01 4.9068e-01 4.8515e-01 6.0526e-01 1.3158e-01 3.5714e-02 2.3913e-01 3.2000e-01 1.0000e-01 1.1628e-01 3.2099e-01 4.9590e-01 3.5135e-01 1.1905e-01 3.2386e-01 6.4516e-02 1.5556e-01 1.7073e-01 1.7857e-01 8.8235e-02 3.2967e-01 1.5000e-01 2.3729e-01 5.2512e-01 2.1127e-01 1.1111e-01 5.2874e-01 1.8966e-01 1.9231e-01 4.0934e-01 1.1111e-01 2.8000e-01 1.3333e-01 1.6981e-01 2.2727e-01 2.0000e-01 4.4444e-01 2.4719e-01 2.7273e-01 2.5000e-01 5.0785e-01 3.4211e-01 1.5000e-01 2.5352e-01 3.7209e-01 4.5455e-02 2.5000e-01
1.2500e-01 0.0000e+00 9.6154e-02 0.0000e+00 1.2903e-01 5.2632e-02 0.0000e+00 2.3577e-01 2.5758e-01 3.7037e-02 4.3478e-02 7.6923e-02 7.8431e-02 9.4340e-02 2.1818e-01 5.5556e-02 2.6316e-02 0.0000e+00 2.7778e-02 2.6316e-02 1.5517e-01 1.2121e-01 0.0000e+00 8.3333e-02 1.1765e-01 5.7143e-02 0.0000e+00 2.6316e-02 0.0000e+00 3.5593e-01 1.1864e-01 1.4706e-01 2.8571e-02 0.0000e+00 5.8824e-02 3.5714e-02 0.0000e+00 1.3043e-01 2.1739e-01 0.0000e+00 0.0000e+00 2.9412e-02 1.2000e-01 7.6923e-02 5.5556e-02 2.3913e-01 5.4054e-02 0.0000e+00 6.0606e-02 1.3514e-01
5.3077e-01 8.3333e-02 3.3684e-01 6.8936e-01 2.5000e-01 8.3333e-02 6.1905e-01 2.1951e-01 4.1204e-01 3.8095e-01 4.7222e-01 2.1622e-01 2.3214e-01 4.5455e-02 5.4194e-01 6.1290e-01 2.6154e-01 0.0000e+00 2.8125e-01 0.0000e+00 4.5810e-01 5.2667e-01 2.5000e-01 3.6364e-01 1.4286e-01 2.4390e-01 2.1212e-01 8.0000e-02 3.2143e-01 6.5979e-01 1.1111e-01 5.3774e-01 1.7647e-01 1.8750e-01 5.4717e-01 3.5484e-01 8.0000e-02 3.0000e-01 8.1633e-01 0.0000e+00 5.3699e-01 1.4286e-01 6.3804e-01 3.9823e-01 2.3529e-01 1.7647e-01 2.2500e-01 3.4783e-01 3.9326e-01 1.1765e-01
2.7778e-01 0.0000e+00 1.5789e-01 3.4965e-01 1.6667e-01 3.0508e-01 3.6585e-01 1.7333e-01 1.8367e-01 1.8966e-01 2.4561e-01 1.8919e-01 1.4286e-01 1.4286e-01 3.0612e-01 0.0000e+00 1.3889e-01 1.3235e-01 2.7000e-01 1.8812e-01 9.5238e-02 1.3889e-01 5.0000e-02 2.0833e-01 2.6875e-01 1.1111e-01 2.6562e-01 1.1475e-01 3.2955e-01 5.1429e-01 1.7647e-01 1.7949e-01 6.9767e-02 0.0000e+00 2.3529e-01 2.4731e-01 1.3235e-01 6.0407e-01 5.8667e-01 1.1765e-01 1.5385e-01 1.3559e-01 4.0769e-01 1.3208e-01 0.0000e+00 3.8211e-01 2.6974e-01 2.3438e-01 8.1081e-02 1.7778e-01
1.8182e-01 4.0426e-01 0.0000e+00 1.1111e-01 6.0417e-01 1.0000e+00 1.0000e+00 1.7647e-01 2.4000e-01 8.5863e-01 1.1111e-01 3.9474e-01 4.2188e-01 0.0000e+00 1.8182e-01 1.0000e+00 1.1765e-01 1.5789e-01 0.0000e+00 3.4211e-01 8.3333e-02 2.6667e-01 2.2727e-01 4.0000e-01 0.0000e+00 4.2500e-01 4.1026e-01 5.4938e-01 5.6250e-01 1.0000e+00 3.6585e-01 2.8571e-01 7.2761e-01 4.2857e-01 1.0000e+00 4.8837e-01 1.9048e-01 6.0000e-01 1.0000e+00 0.0000e+00 1.5789e-01 4.6552e-01 1.0000e+00 5.2500e-01 1.0000e+00 3.5294e-01 5.4348e-01 3.3333e-01 2.6316e-01 3.3333e-01
