3.1300e+02 6.0000e+00 1.5000e+01 9.1000e+01 6.8000e+01 3.3000e+01 2.1000e+01 8.0000e+00 9.5940e+03 5.9310e+03
1.1000e+01 6.9000e+01 6.0000e+00 1.0017e+04 2.0000e+01 1.0000e+01 1.1300e+02 8.0000e+00 7.0000e+00 3.9630e+03
9.3850e+03 3.2000e+01 6.0000e+00 0.0000e+00 9.0170e+03 5.0000e+01 7.8010e+03 9.2800e+02 3.4000e+01 0.0000e+00
6.7000e+01 1.2500e+02 8.6000e+01 0.0000e+00 6.8400e+02 9.9380e+03 6.0000e+00 1.6000e+01 2.1000e+01 0.0000e+00
6.0000e+00 6.0000e+00 4.3400e+02 0.0000e+00 1.4000e+01 0.0000e+00 6.0000e+00 9.0000e+01 1.4000e+01 0.0000e+00
3.7000e+01 1.9000e+01 6.0000e+00 0.0000e+00 1.0200e+02 0.0000e+00 1.9540e+03 8.0600e+02 1.1000e+01 0.0000e+00
1.8700e+02 2.1000e+01 8.0000e+00 0.0000e+00 1.9300e+02 0.0000e+00 0.0000e+00 1.5000e+01 4.6000e+01 0.0000e+00
2.0000e+01 8.1790e+03 9.3140e+03 0.0000e+00 9.0000e+00 0.0000e+00 0.0000e+00 8.0660e+03 4.5000e+01 0.0000e+00
6.0000e+00 3.4000e+01 8.0000e+00 0.0000e+00 3.0000e+01 0.0000e+00 0.0000e+00 6.0000e+01 1.6700e+02 0.0000e+00
6.0000e+00 1.4550e+03 1.5000e+01 0.0000e+00 1.2000e+01 0.0000e+00 0.0000e+00 6.4000e+01 3.5000e+01 0.0000e+00
