8.5942e-01 0.0000e+00 3.3333e-01 7.4725e-01 5.1471e-01 5.7576e-01 4.7619e-01 0.0000e+00 9.0452e-01 9.6881e-01
2.7273e-01 7.1014e-01 0.0000e+00 9.9830e-01 2.5000e-01 2.0000e-01 7.6991e-01 0.0000e+00 0.0000e+00 9.6316e-01
9.7251e-01 5.6250e-01 0.0000e+00 1.0000e+00 7.8518e-01 6.6000e-01 9.7282e-01 7.7371e-01 5.0000e-01 1.0000e+00
7.0149e-01 7.8400e-01 7.2093e-01 1.0000e+00 7.1637e-01 9.7907e-01 0.0000e+00 2.5000e-01 3.8095e-01 1.0000e+00
0.0000e+00 0.0000e+00 8.6406e-01 1.0000e+00 1.4286e-01 1.0000e+00 0.0000e+00 6.0000e-01 2.8571e-01 1.0000e+00
5.9459e-01 4.2105e-01 0.0000e+00 1.0000e+00 5.6863e-01 1.0000e+00 9.6520e-01 7.6799e-01 1.8182e-01 1.0000e+00
8.1818e-01 4.7619e-01 1.2500e-01 1.0000e+00 6.3212e-01 1.0000e+00 1.0000e+00 2.0000e-01 5.6522e-01 1.0000e+00
4.5000e-01 9.7347e-01 9.5491e-01 1.0000e+00 0.0000e+00 1.0000e+00 1.0000e+00 8.2718e-01 5.5556e-01 1.0000e+00
0.0000e+00 5.8824e-01 1.2500e-01 1.0000e+00 3.6667e-01 1.0000e+00 1.0000e+00 5.3333e-01 7.4251e-01 1.0000e+00
0.0000e+00 9.9519e-01 3.3333e-01 1.0000e+00 8.3333e-02 1.0000e+00 1.0000e+00 5.4688e-01 5.1429e-01 1.0000e+00
