9.9200e+02 9.9900e+02 1.0030e+03 9.8800e+02 1.0220e+03 1.0100e+03 9.8100e+02 1.0520e+03 9.2600e+02 9.9600e+02
9.2700e+02 9.5800e+02 9.8900e+02 1.0820e+03 1.0060e+03 1.0450e+03 1.0100e+03 1.0370e+03 9.7500e+02 1.0020e+03
1.0070e+03 9.9500e+02 9.9700e+02 9.3200e+02 1.0220e+03 1.0160e+03 9.7900e+02 1.0060e+03 1.0070e+03 9.7800e+02
9.9500e+02 1.0040e+03 1.0140e+03 9.8200e+02 1.0320e+03 9.8900e+02 1.0150e+03 1.0470e+03 1.0480e+03 1.0460e+03
1.0030e+03 9.4300e+02 1.0010e+03 1.0100e+03 9.5100e+02 9.7000e+02 1.0060e+03 9.7500e+02 1.0210e+03 9.7500e+02
1.0160e+03 9.8400e+02 9.9600e+02 1.0160e+03 9.9600e+02 9.9000e+02 9.5100e+02 1.0330e+03 1.0650e+03 1.0230e+03
1.0100e+03 9.9500e+02 9.5000e+02 1.0260e+03 9.7400e+02 9.5300e+02 9.5900e+02 9.8900e+02 9.8100e+02 9.7000e+02
1.0330e+03 1.0120e+03 1.0070e+03 9.5500e+02 9.5800e+02 1.0560e+03 1.0280e+03 9.7900e+02 1.0310e+03 9.9900e+02
1.0250e+03 1.0280e+03 9.9100e+02 1.0340e+03 1.0120e+03 1.0350e+03 1.0340e+03 1.0370e+03 1.0270e+03 9.6000e+02
9.7800e+02 9.9200e+02 9.6200e+02 1.0650e+03 9.3800e+02 9.5400e+02 1.0050e+03 1.0100e+03 1.0190e+03 9.9300e+02
