8.3100e+02 1.4200e+02 2.3600e+02 7.1800e+02 5.3000e+02 5.4200e+02 3.4000e+02 2.1900e+02 8.3900e+02 9.7100e+02
1.5600e+02 5.4300e+02 2.1900e+02 1.0810e+03 5.7700e+02 2.9300e+02 7.9200e+02 5.3000e+01 9.9000e+01 9.6700e+02
9.8400e+02 4.7300e+02 6.0000e+01 5.6000e+02 8.2000e+02 5.8500e+02 9.5100e+02 7.9200e+02 5.7900e+02 5.0400e+02
7.5300e+02 7.8600e+02 7.8300e+02 5.5000e+02 7.4400e+02 9.6100e+02 1.6600e+02 4.4300e+02 3.8500e+02 8.5300e+02
4.0000e+00 1.2300e+02 8.8500e+02 6.7000e+02 2.5100e+02 2.7800e+02 6.5000e+01 5.6200e+02 2.0100e+02 2.9800e+02
7.2200e+02 3.8700e+02 1.1700e+02 1.3800e+02 5.0900e+02 4.0400e+02 9.1900e+02 7.9300e+02 2.0200e+02 5.8900e+02
8.5400e+02 4.3500e+02 3.0000e+02 3.6000e+02 6.2700e+02 5.6100e+02 4.5800e+02 2.3400e+02 4.6600e+02 5.9600e+02
5.2200e+02 9.7600e+02 9.6000e+02 2.7400e+02 1.7000e+01 4.2900e+02 6.1800e+02 8.1600e+02 5.1900e+02 1.9000e+01
2.5400e+02 4.4100e+02 1.4400e+02 7.6900e+02 4.8900e+02 3.9000e+01 4.3000e+02 5.2000e+02 7.7000e+02 4.1300e+02
4.7000e+01 9.8500e+02 1.8200e+02 2.0000e+02 1.1900e+02 2.5000e+02 2.0200e+02 4.6600e+02 4.3500e+02 5.4300e+02
