5.0000e+00 1.0000e+00 1.0000e+00 4.0000e+00 3.0000e+00 3.0000e+00 1.0000e+00 2.0000e+00 9.7680e+03 7.0000e+00
1.0000e+00 3.0000e+00 2.0000e+00 1.3100e+02 1.0000e+00 1.0000e+00 1.1000e+01 1.0000e+00 1.0000e+00 9.9840e+03
9.9060e+03 1.0000e+00 1.0000e+00 1.0000e+00 2.0000e+00 2.0000e+00 4.0000e+00 4.0000e+00 2.0000e+00 2.0000e+00
2.0000e+00 1.0000e+00 3.0000e+00 2.0000e+00 2.0000e+00 1.0016e+04 1.0000e+00 2.0000e+00 1.0000e+00 6.0000e+00
1.0000e+00 1.0000e+00 1.0146e+04 1.0000e+00 1.0000e+00 1.0000e+00 1.0000e+00 1.0000e+00 1.0000e+00 2.0000e+00
1.0000e+00 3.0000e+00 1.0000e+00 1.0000e+00 6.0000e+00 3.0000e+00 1.0143e+04 1.0000e+00 1.0000e+00 1.0000e+00
1.0000e+00 1.0000e+00 4.0000e+00 1.0000e+00 9.9990e+03 2.0000e+00 4.0000e+00 1.0000e+00 8.0000e+00 1.0000e+00
4.0000e+00 7.0000e+00 4.0000e+00 1.0000e+00 1.0000e+00 4.0000e+00 2.0000e+00 1.0038e+04 2.0000e+00 1.0000e+00
2.0000e+00 1.0000e+00 1.0000e+00 9.7640e+03 1.0000e+00 1.0000e+00 1.0000e+00 1.0000e+00 2.0000e+00 2.0000e+00
1.0000e+00 9.9180e+03 1.0000e+00 1.0000e+00 1.0000e+00 1.0000e+00 1.0000e+00 1.0000e+00 2.0000e+00 2.0000e+00
