4.0000e+00 0.0000e+00 0.0000e+00 3.0000e+00 2.0000e+00 2.0000e+00 0.0000e+00 1.0000e+00 8.8700e+03 6.0000e+00
0.0000e+00 2.0000e+00 1.0000e+00 1.3100e+02 0.0000e+00 0.0000e+00 1.0000e+01 0.0000e+00 0.0000e+00 9.6980e+03
9.6600e+03 0.0000e+00 0.0000e+00 0.0000e+00 1.0000e+00 1.0000e+00 3.0000e+00 3.0000e+00 1.0000e+00 1.0000e+00
1.0000e+00 0.0000e+00 2.0000e+00 1.0000e+00 1.0000e+00 9.7920e+03 0.0000e+00 1.0000e+00 0.0000e+00 5.0000e+00
0.0000e+00 0.0000e+00 8.8770e+03 0.0000e+00 0.0000e+00 0.0000e+00 0.0000e+00 0.0000e+00 0.0000e+00 1.0000e+00
0.0000e+00 2.0000e+00 0.0000e+00 0.0000e+00 4.0000e+00 2.0000e+00 9.7920e+03 0.0000e+00 0.0000e+00 0.0000e+00
0.0000e+00 0.0000e+00 2.0000e+00 0.0000e+00 6.2990e+03 1.0000e+00 2.0000e+00 0.0000e+00 4.0000e+00 0.0000e+00
3.0000e+00 5.0000e+00 3.0000e+00 0.0000e+00 0.0000e+00 3.0000e+00 1.0000e+00 8.2740e+03 1.0000e+00 0.0000e+00
1.0000e+00 0.0000e+00 0.0000e+00 7.5270e+03 0.0000e+00 0.0000e+00 0.0000e+00 0.0000e+00 1.0000e+00 1.0000e+00
0.0000e+00 9.8570e+03 0.0000e+00 0.0000e+00 0.0000e+00 0.0000e+00 0.0000e+00 0.0000e+00 1.0000e+00 1.0000e+00
