7.3000e+01 5.0000e+01 2.6400e+02 1.1000e+02 2.2000e+01 8.0000e+00 3.7000e+01 1.2000e+01 6.0100e+03 5.9200e+03 4.2800e+02 5.6740e+03 9.9000e+01 4.7150e+03 4.7290e+03 5.3000e+01 2.3000e+02 1.3320e+03 1.1810e+03 2.0200e+02 1.5000e+01 5.6560e+03 2.6250e+03 5.9990e+03 2.8000e+01 5.2300e+03 8.3000e+01 5.3100e+02 4.2000e+01 5.4560e+03 3.3900e+02 1.2000e+01 4.8610e+03 6.0770e+03 1.8000e+01 3.5000e+01 1.4060e+03 1.3700e+02 2.6000e+01 1.3900e+03 1.7610e+03 1.5000e+01 5.8250e+03 5.8580e+03 7.0000e+00 3.4000e+01 3.0000e+01 2.2000e+01 2.7000e+01 9.9000e+01
1.0000e+01 1.2000e+01 2.2000e+01 7.0000e+00 1.4000e+01 1.0000e+01 7.0000e+00 2.5000e+01 0.0000e+00 0.0000e+00 1.1000e+01 1.4000e+01 1.7000e+01 1.0000e+01 1.6100e+02 1.6000e+01 1.8000e+01 1.5000e+02 3.8000e+01 3.7000e+01 2.5000e+01 3.1000e+01 1.2000e+01 0.0000e+00 1.8000e+01 9.0000e+00 1.0000e+01 1.6000e+01 2.2000e+01 1.4000e+01 1.8000e+01 1.4000e+01 8.0000e+00 0.0000e+00 2.2000e+01 3.8000e+01 7.0000e+00 9.0000e+00 9.0000e+00 1.0000e+01 7.0000e+00 7.0000e+00 4.8000e+01 0.0000e+00 7.0000e+00 1.0000e+01 1.0000e+01 7.0000e+00 1.4000e+01 2.4000e+01
5.4200e+02 2.5000e+01 5.7800e+03 1.4000e+01 7.0000e+00 1.3000e+01 6.0400e+03 3.0000e+01 0.0000e+00 0.0000e+00 5.2260e+03 9.0000e+00 1.5000e+01 1.0000e+01 5.5000e+01 1.1000e+01 2.3000e+01 4.6000e+01 1.8400e+02 2.3600e+02 1.1000e+01 1.2000e+01 4.9000e+01 0.0000e+00 8.3000e+01 1.9000e+01 8.9000e+01 4.3000e+01 2.4740e+03 2.2000e+01 7.2000e+01 5.9920e+03 7.3400e+02 0.0000e+00 7.0000e+00 3.1000e+01 7.0000e+00 7.2000e+01 1.0000e+01 1.6200e+02 1.1000e+01 1.5000e+01 7.0000e+00 0.0000e+00 1.7000e+01 3.4000e+01 1.2000e+01 5.9700e+03 3.8000e+01 4.6300e+03
9.0000e+00 1.2000e+01 0.0000e+00 9.0000e+00 7.0000e+00 2.4000e+01 0.0000e+00 7.0000e+00 0.0000e+00 0.0000e+00 2.4000e+01 2.1000e+01 1.2000e+01 2.7000e+01 1.1000e+01 1.1000e+01 1.2000e+01 1.7200e+02 2.3000e+01 3.4400e+02 1.2900e+02 1.5000e+01 3.3000e+01 0.0000e+00 6.7000e+01 8.7000e+01 9.1000e+01 2.3520e+03 3.9000e+01 5.4000e+01 3.4200e+02 0.0000e+00 1.4000e+01 0.0000e+00 6.9000e+01 1.2000e+01 1.6000e+01 1.5000e+01 1.0900e+02 9.0000e+00 7.0000e+00 3.5000e+01 1.8000e+01 0.0000e+00 4.0000e+01 4.9680e+03 9.7000e+01 0.0000e+00 2.3000e+01 2.8000e+01
1.2000e+01 2.5000e+01 0.0000e+00 2.2000e+01 7.7000e+01 2.8000e+01 0.0000e+00 4.5000e+01 0.0000e+00 0.0000e+00 4.2000e+01 4.5000e+01 1.2300e+02 1.8000e+01 6.6000e+01 5.3000e+01 4.0660e+03 2.8730e+03 7.5000e+01 3.0560e+03 5.9000e+01 5.3000e+01 1.2000e+01 0.0000e+00 1.5000e+01 1.6000e+01 9.1200e+02 1.0500e+02 2.0100e+02 1.0000e+01 3.1000e+01 0.0000e+00 5.0000e+01 0.0000e+00 9.3500e+02 7.6000e+01 6.0000e+01 3.5000e+01 3.0000e+01 1.2000e+01 1.1000e+01 5.1000e+01 1.9000e+01 0.0000e+00 2.2000e+01 5.5000e+01 1.5400e+02 0.0000e+00 2.3100e+02 5.5900e+02
5.5010e+03 5.7550e+03 0.0000e+00 3.0620e+03 2.0310e+03 4.6000e+01 0.0000e+00 1.7380e+03 0.0000e+00 0.0000e+00 7.1000e+01 2.6300e+02 5.6850e+03 7.4500e+02 1.3400e+02 1.8000e+01 2.5500e+02 3.2000e+01 3.8820e+03 1.6000e+01 5.2140e+03 2.6200e+02 3.2310e+03 0.0000e+00 5.7180e+03 1.9600e+02 4.9060e+03 1.1820e+03 2.0890e+03 1.2000e+01 5.1780e+03 0.0000e+00 4.3000e+01 0.0000e+00 4.9180e+03 5.8690e+03 2.4720e+03 5.5900e+03 5.6190e+03 4.5740e+03 3.8340e+03 5.8670e+03 1.2600e+02 0.0000e+00 5.9360e+03 3.4900e+02 2.2000e+01 0.0000e+00 9.2000e+01 2.5000e+01
0.0000e+00 0.0000e+00 0.0000e+00 1.1400e+02 3.4900e+03 1.1000e+01 0.0000e+00 4.2110e+03 0.0000e+00 0.0000e+00 1.4000e+01 7.0000e+00 0.0000e+00 2.9000e+01 2.9000e+01 5.6640e+03 1.1620e+03 2.5000e+01 1.6000e+01 5.1500e+02 1.4800e+02 0.0000e+00 0.0000e+00 0.0000e+00 0.0000e+00 1.6000e+01 0.0000e+00 9.8600e+02 1.4900e+02 1.0000e+01 0.0000e+00 0.0000e+00 1.2000e+01 0.0000e+00 0.0000e+00 0.0000e+00 3.6000e+01 9.0000e+00 3.9000e+01 0.0000e+00 1.8400e+02 1.5000e+01 0.0000e+00 0.0000e+00 0.0000e+00 4.7000e+01 2.2000e+01 0.0000e+00 4.6700e+03 1.1000e+01
0.0000e+00 0.0000e+00 0.0000e+00 1.4000e+01 1.7700e+02 1.1000e+01 0.0000e+00 0.0000e+00 0.0000e+00 0.0000e+00 2.7000e+01 0.0000e+00 0.0000e+00 3.6700e+02 4.3800e+02 8.4000e+01 2.1000e+01 2.2000e+02 2.5000e+01 5.9700e+02 1.8400e+02 0.0000e+00 0.0000e+00 0.0000e+00 0.0000e+00 1.8000e+01 0.0000e+00 1.6800e+02 2.2300e+02 2.0000e+01 0.0000e+00 0.0000e+00 1.6000e+02 0.0000e+00 0.0000e+00 0.0000e+00 7.0000e+00 2.1000e+01 2.8000e+01 0.0000e+00 3.9000e+01 1.4000e+01 0.0000e+00 0.0000e+00 0.0000e+00 2.1300e+02 1.3900e+02 0.0000e+00 5.9800e+02 2.9700e+02
0.0000e+00 0.0000e+00 0.0000e+00 2.5840e+03 1.3900e+02 5.5570e+03 0.0000e+00 0.0000e+00 0.0000e+00 0.0000e+00 5.3000e+01 0.0000e+00 0.0000e+00 1.2900e+02 3.2700e+02 4.3000e+01 1.0900e+02 6.4600e+02 5.4700e+02 7.4600e+02 6.3000e+01 0.0000e+00 0.0000e+00 0.0000e+00 0.0000e+00 2.3100e+02 0.0000e+00 4.2200e+02 6.5400e+02 2.6400e+02 0.0000e+00 0.0000e+00 1.1300e+02 0.0000e+00 0.0000e+00 0.0000e+00 1.9660e+03 3.4000e+01 2.9000e+01 0.0000e+00 5.2000e+01 3.7000e+01 0.0000e+00 0.0000e+00 0.0000e+00 2.4500e+02 5.3680e+03 0.0000e+00 3.1200e+02 2.2900e+02
0.0000e+00 0.0000e+00 0.0000e+00 7.0000e+00 1.1000e+01 3.3600e+02 0.0000e+00 0.0000e+00 0.0000e+00 0.0000e+00 3.1000e+01 0.0000e+00 0.0000e+00 3.7000e+01 1.8000e+01 1.8000e+01 5.0000e+01 5.6700e+02 4.7000e+01 2.4000e+02 2.0400e+02 0.0000e+00 0.0000e+00 0.0000e+00 0.0000e+00 2.6300e+02 0.0000e+00 1.1000e+02 2.5000e+01 4.3000e+01 0.0000e+00 0.0000e+00 8.0000e+00 0.0000e+00 0.0000e+00 0.0000e+00 7.0000e+00 3.4000e+01 5.0000e+01 0.0000e+00 3.1000e+01 3.3000e+01 0.0000e+00 0.0000e+00 0.0000e+00 1.2000e+01 5.4000e+01 0.0000e+00 7.9000e+01 5.6000e+01
