6.9863e-01 6.4000e-01 8.4470e-01 7.5455e-01 4.0909e-01 0.0000e+00 5.6757e-01 2.5000e-01 9.8087e-01 9.9747e-01 8.5514e-01 9.6651e-01 7.4747e-01 8.9926e-01 7.4773e-01 4.3396e-01 6.7391e-01 4.7748e-01 6.8586e-01 4.6040e-01 3.3333e-01 9.6658e-01 9.5086e-01 9.9433e-01 5.0000e-01 9.1568e-01 7.2289e-01 5.8380e-01 5.7143e-01 8.8545e-01 8.6136e-01 2.5000e-01 8.8665e-01 9.8684e-01 3.8889e-01 5.7143e-01 8.8265e-01 7.8102e-01 5.0000e-01 9.3237e-01 9.2334e-01 3.3333e-01 9.6704e-01 9.8566e-01 0.0000e+00 3.8235e-01 3.6667e-01 4.5455e-01 3.3333e-01 6.8687e-01
2.0000e-01 2.5000e-01 4.5455e-01 0.0000e+00 2.8571e-01 1.0000e-01 0.0000e+00 4.8000e-01 1.0000e+00 1.0000e+00 1.8182e-01 2.8571e-01 3.5294e-01 1.0000e-01 5.8385e-01 1.2500e-01 2.2222e-01 3.4000e-01 3.4211e-01 2.1622e-01 4.8000e-01 5.4839e-01 2.5000e-01 1.0000e+00 3.8889e-01 1.1111e-01 2.0000e-01 6.2500e-02 4.0909e-01 2.1429e-01 3.8889e-01 2.8571e-01 0.0000e+00 1.0000e+00 4.5455e-01 5.7895e-01 0.0000e+00 1.1111e-01 1.1111e-01 2.0000e-01 0.0000e+00 0.0000e+00 6.2500e-01 1.0000e+00 0.0000e+00 0.0000e+00 0.0000e+00 0.0000e+00 1.4286e-01 4.1667e-01
8.9114e-01 4.8000e-01 9.9325e-01 2.8571e-01 0.0000e+00 2.3077e-01 1.0000e+00 5.3333e-01 1.0000e+00 1.0000e+00 9.4259e-01 1.1111e-01 3.3333e-01 1.0000e-01 4.3636e-01 0.0000e+00 3.0435e-01 1.7391e-01 5.7065e-01 4.7458e-01 1.8182e-01 2.5000e-01 6.3265e-01 1.0000e+00 7.2289e-01 3.6842e-01 7.3034e-01 3.0233e-01 9.0865e-01 3.6364e-01 6.9444e-01 1.0000e+00 8.2834e-01 1.0000e+00 0.0000e+00 5.4839e-01 0.0000e+00 6.9444e-01 2.0000e-01 8.0247e-01 1.8182e-01 3.3333e-01 0.0000e+00 1.0000e+00 3.5294e-01 3.8235e-01 8.3333e-02 9.8057e-01 4.2105e-01 9.0734e-01
1.1111e-01 2.5000e-01 1.0000e+00 1.1111e-01 0.0000e+00 4.1667e-01 1.0000e+00 0.0000e+00 1.0000e+00 1.0000e+00 4.5833e-01 4.2857e-01 2.5000e-01 4.4444e-01 0.0000e+00 0.0000e+00 8.3333e-02 3.5465e-01 2.1739e-01 5.0291e-01 7.6744e-01 3.3333e-01 5.4545e-01 1.0000e+00 6.8657e-01 6.7816e-01 7.3626e-01 6.4371e-01 5.3846e-01 5.7407e-01 8.6257e-01 1.0000e+00 2.1429e-01 1.0000e+00 6.9565e-01 2.5000e-01 3.1250e-01 3.3333e-01 7.5229e-01 1.1111e-01 0.0000e+00 5.4286e-01 3.8889e-01 1.0000e+00 6.0000e-01 7.7899e-01 5.7732e-01 1.0000e+00 3.0435e-01 4.6429e-01
2.5000e-01 4.8000e-01 1.0000e+00 4.5455e-01 6.7532e-01 4.6429e-01 1.0000e+00 6.2222e-01 1.0000e+00 1.0000e+00 5.7143e-01 6.2222e-01 7.7236e-01 3.3333e-01 4.6970e-01 4.3396e-01 8.0275e-01 5.0261e-01 4.6667e-01 5.9588e-01 6.6102e-01 6.4151e-01 2.5000e-01 1.0000e+00 3.3333e-01 3.1250e-01 9.1667e-01 4.4762e-01 7.8109e-01 1.0000e-01 5.4839e-01 1.0000e+00 5.6000e-01 1.0000e+00 9.1765e-01 7.1053e-01 6.1667e-01 5.7143e-01 5.3333e-01 2.5000e-01 1.8182e-01 6.2745e-01 4.2105e-01 1.0000e+00 4.5455e-01 4.7273e-01 6.2987e-01 1.0000e+00 6.6234e-01 8.3721e-01
9.9709e-01 1.0000e+00 1.0000e+00 9.5036e-01 9.0793e-01 5.6522e-01 1.0000e+00 9.3959e-01 1.0000e+00 1.0000e+00 6.7606e-01 8.4411e-01 9.7027e-01 8.4295e-01 5.6716e-01 1.6667e-01 6.8235e-01 9.3750e-02 7.1716e-01 0.0000e+00 9.5742e-01 9.9618e-01 9.9505e-01 1.0000e+00 1.0000e+00 7.7041e-01 9.6779e-01 6.2014e-01 9.0474e-01 1.6667e-01 9.8301e-01 1.0000e+00 5.3488e-01 1.0000e+00 9.7438e-01 9.7359e-01 8.9927e-01 9.6279e-01 9.6191e-01 9.9453e-01 9.4314e-01 9.5585e-01 9.1270e-01 1.0000e+00 9.9040e-01 6.7908e-01 2.7273e-01 1.0000e+00 5.6522e-01 4.4000e-01
1.0000e+00 1.0000e+00 1.0000e+00 7.5439e-01 9.2092e-01 1.8182e-01 1.0000e+00 9.6723e-01 1.0000e+00 1.0000e+00 2.8571e-01 1.4286e-01 1.0000e+00 4.4828e-01 3.1034e-01 7.4788e-01 7.6850e-01 4.0000e-02 1.2500e-01 5.2816e-01 7.8378e-01 1.0000e+00 1.0000e+00 1.0000e+00 1.0000e+00 3.1250e-01 1.0000e+00 6.1359e-01 7.5168e-01 1.0000e-01 1.0000e+00 1.0000e+00 1.6667e-01 1.0000e+00 1.0000e+00 1.0000e+00 5.2778e-01 1.1111e-01 5.8974e-01 1.0000e+00 7.9348e-01 3.3333e-01 1.0000e+00 1.0000e+00 1.0000e+00 4.4681e-01 2.7273e-01 1.0000e+00 7.9251e-01 1.8182e-01
1.0000e+00 1.0000e+00 1.0000e+00 2.8571e-01 7.7401e-01 1.8182e-01 1.0000e+00 1.0000e+00 1.0000e+00 1.0000e+00 4.8148e-01 1.0000e+00 1.0000e+00 8.0381e-01 6.6667e-01 5.0000e-01 2.8571e-01 3.7727e-01 2.4000e-01 5.3601e-01 8.0435e-01 1.0000e+00 1.0000e+00 1.0000e+00 1.0000e+00 3.3333e-01 1.0000e+00 5.0000e-01 7.8924e-01 3.5000e-01 1.0000e+00 1.0000e+00 7.1875e-01 1.0000e+00 1.0000e+00 1.0000e+00 0.0000e+00 4.2857e-01 5.0000e-01 1.0000e+00 5.6410e-01 2.8571e-01 1.0000e+00 1.0000e+00 1.0000e+00 6.3850e-01 6.1871e-01 1.0000e+00 7.2575e-01 7.9798e-01
1.0000e+00 1.0000e+00 1.0000e+00 9.4698e-01 7.4820e-01 9.1308e-01 1.0000e+00 1.0000e+00 1.0000e+00 1.0000e+00 6.2264e-01 1.0000e+00 1.0000e+00 7.1318e-01 6.4526e-01 3.9535e-01 5.9633e-01 4.4737e-01 6.4899e-01 5.4692e-01 6.6667e-01 1.0000e+00 1.0000e+00 1.0000e+00 1.0000e+00 7.8355e-01 1.0000e+00 5.7109e-01 8.6086e-01 7.6136e-01 1.0000e+00 1.0000e+00 6.8142e-01 1.0000e+00 1.0000e+00 1.0000e+00 8.9624e-01 5.5882e-01 5.1724e-01 1.0000e+00 6.3462e-01 5.6757e-01 1.0000e+00 1.0000e+00 1.0000e+00 6.5306e-01 7.9899e-01 1.0000e+00 6.8590e-01 7.7729e-01
1.0000e+00 1.0000e+00 1.0000e+00 0.0000e+00 1.8182e-01 8.0952e-01 1.0000e+00 1.0000e+00 1.0000e+00 1.0000e+00 5.1613e-01 1.0000e+00 1.0000e+00 5.1351e-01 1.6667e-01 1.6667e-01 4.8000e-01 4.4092e-01 3.8298e-01 4.7500e-01 8.1373e-01 1.0000e+00 1.0000e+00 1.0000e+00 1.0000e+00 7.9468e-01 1.0000e+00 4.5455e-01 4.4000e-01 5.3488e-01 1.0000e+00 1.0000e+00 0.0000e+00 1.0000e+00 1.0000e+00 1.0000e+00 0.0000e+00 5.5882e-01 6.4000e-01 1.0000e+00 5.1613e-01 5.4545e-01 1.0000e+00 1.0000e+00 1.0000e+00 8.3333e-02 4.8148e-01 1.0000e+00 5.4430e-01 6.0714e-01
