1.9100e+02 1.0900e+02 5.3350e+03 2.8000e+01 4.8000e+01 9.0200e+02 2.7800e+02 4.8720e+03 2.6770e+03 4.6200e+02 5.0000e+01 3.6000e+01 3.5000e+01 4.7000e+01 1.8100e+02 2.2000e+01 2.7000e+01 1.5000e+01 3.0000e+01 3.3000e+01 2.0400e+02 2.5000e+01 4.5000e+01 3.0000e+01 4.3000e+01 4.1000e+01 4.2330e+03 3.1000e+01 8.0400e+02 4.0000e+00 5.4330e+03 5.5010e+03 9.7300e+02 1.2090e+03 2.9000e+01 5.7000e+01 4.9000e+01 5.0000e+00 3.0000e+00 1.2900e+02 3.0000e+02 2.0000e+01 2.0000e+00 1.4400e+02 6.0000e+00 1.0000e+01 8.0000e+00 3.0000e+00 1.7000e+01 7.5700e+02
9.8000e+01 1.3510e+03 1.8000e+01 1.7000e+01 5.8300e+03 1.8000e+01 6.7000e+01 2.6100e+02 3.3000e+01 4.3000e+01 1.9000e+01 1.7000e+01 2.4000e+01 2.2000e+01 2.8000e+01 8.8000e+01 2.9000e+01 1.9000e+01 3.3000e+01 2.6400e+02 3.7000e+01 1.4600e+02 3.1710e+03 2.1000e+01 4.9000e+01 2.6000e+01 1.0800e+02 2.9000e+01 3.9760e+03 1.9800e+02 3.2000e+01 1.6000e+01 2.2000e+01 5.7000e+01 4.3000e+01 4.1000e+01 2.8000e+01 6.0000e+00 3.0000e+00 2.6000e+01 2.0000e+01 1.1500e+02 6.0000e+00 7.6000e+01 5.7120e+03 5.6300e+03 1.0000e+01 1.5000e+01 1.6600e+02 5.0000e+01
2.1000e+01 4.9000e+01 1.9000e+01 1.3600e+02 1.7000e+01 2.3900e+02 2.0900e+02 1.1600e+02 1.1130e+03 1.0280e+03 5.4470e+03 4.4000e+01 4.7370e+03 5.1980e+03 3.6000e+01 1.8000e+01 1.5050e+03 5.8000e+01 2.8500e+02 5.2000e+01 4.4800e+02 8.8000e+01 5.4000e+01 3.7000e+02 5.3590e+03 4.8000e+01 7.6000e+01 2.1100e+02 4.6300e+02 4.0000e+00 5.3000e+01 3.5000e+01 1.8240e+03 1.0650e+03 3.4300e+02 4.6000e+01 6.9000e+01 4.0000e+00 2.0000e+00 6.7000e+01 4.9330e+03 1.9900e+02 3.0000e+00 1.1700e+02 2.0000e+00 3.1000e+01 4.0000e+00 0.0000e+00 4.2200e+02 7.7000e+01
5.0750e+03 4.4000e+01 1.9900e+02 1.1800e+02 5.0000e+00 7.7700e+02 4.7550e+03 8.2000e+01 1.9800e+02 4.0280e+03 9.0000e+00 7.1000e+01 7.7500e+02 2.6700e+02 1.5000e+01 7.0000e+00 3.2000e+01 7.9000e+01 2.5800e+02 1.4000e+01 8.0000e+00 5.2890e+03 1.1000e+01 8.5000e+01 1.0000e+01 1.6700e+02 1.0480e+03 4.2000e+01 3.0000e+00 3.0000e+00 8.0000e+00 1.1000e+01 1.1900e+02 2.2000e+01 2.7000e+01 6.0000e+00 1.0590e+03 5.0000e+00 4.0000e+00 1.0000e+01 4.4200e+02 4.0440e+03 3.0000e+00 2.9400e+02 4.0000e+00 5.0000e+00 1.0000e+00 3.0000e+00 5.2960e+03 1.2000e+01
5.7000e+01 1.1900e+02 2.6000e+01 2.6000e+01 2.0000e+01 2.7000e+01 3.6500e+02 2.7000e+01 3.4000e+01 2.9000e+01 3.2000e+01 2.0900e+02 3.5000e+01 4.0000e+01 4.1000e+01 4.7000e+01 1.2100e+02 3.3000e+01 1.0600e+02 3.2270e+03 5.2000e+03 4.2000e+01 1.2520e+03 4.4000e+01 3.6000e+01 3.8000e+01 3.6000e+01 4.4000e+01 3.4000e+01 2.9000e+01 1.4500e+02 2.3700e+02 4.1000e+01 4.4000e+01 9.1000e+01 2.5000e+01 2.8000e+01 1.1000e+01 5.9740e+03 3.9000e+01 5.4000e+01 4.6000e+01 9.0000e+00 3.8000e+01 1.0000e+01 2.8000e+01 1.4000e+01 5.8220e+03 3.6000e+01 3.1000e+01
5.3000e+01 1.0900e+02 2.9000e+01 2.6000e+01 1.3000e+01 3.5000e+03 2.0000e+01 2.0000e+01 2.6000e+01 2.9000e+01 2.8300e+02 7.5000e+01 3.0000e+01 5.9000e+01 1.0500e+03 1.2500e+02 6.3000e+01 2.8000e+01 4.8000e+01 4.1000e+01 4.7000e+01 2.2000e+01 3.1000e+01 1.9000e+01 7.8000e+01 5.2000e+01 2.7000e+01 3.3000e+01 9.2000e+01 4.6650e+03 2.8000e+01 8.2000e+01 9.0000e+01 2.4000e+01 7.3000e+01 2.8000e+01 2.1000e+01 5.8460e+03 5.0000e+00 6.8000e+01 3.5000e+01 2.0600e+02 5.4380e+03 2.9000e+01 2.1500e+02 1.4000e+01 2.4000e+01 1.2000e+01 2.1000e+01 2.3000e+01
1.0200e+02 5.6000e+01 2.4700e+02 5.3000e+01 2.8000e+01 5.1000e+01 4.1000e+01 4.8000e+01 3.4000e+01 8.3000e+01 4.3000e+01 3.2000e+01 3.9000e+01 4.8000e+01 8.0000e+01 5.4910e+03 7.1000e+01 4.0000e+01 6.6000e+01 5.2000e+01 4.4000e+01 5.2000e+01 8.5000e+01 1.2700e+02 8.2000e+01 4.2000e+01 5.8000e+01 6.3000e+01 5.0000e+01 1.0180e+03 4.1000e+01 5.3000e+01 5.3000e+01 4.4000e+01 4.5000e+01 3.2000e+01 3.6000e+01 1.3000e+01 3.2000e+01 6.1000e+01 4.1000e+01 1.5100e+02 2.5000e+01 1.2100e+02 1.6000e+01 9.4000e+01 2.0000e+01 2.8000e+01 4.6000e+01 3.9000e+01
3.4500e+02 2.0060e+03 2.3000e+01 4.2000e+01 1.5000e+01 7.1000e+01 1.9000e+01 6.0000e+01 1.6250e+03 1.7800e+02 2.4000e+01 2.4000e+01 6.4000e+01 2.5000e+01 2.0000e+03 2.6000e+01 2.9970e+03 3.8650e+03 4.6000e+01 9.5500e+02 5.3000e+01 7.8000e+01 6.4100e+02 5.1240e+03 1.2000e+02 4.5720e+03 7.3000e+01 5.4820e+03 3.9400e+02 2.0000e+00 1.2900e+02 5.5000e+01 2.1000e+01 5.7000e+01 1.2900e+02 2.9000e+02 6.5000e+01 3.0000e+00 2.0000e+00 5.4980e+03 3.5000e+01 1.0620e+03 3.0000e+00 1.1500e+02 3.0000e+00 1.4600e+02 6.0000e+00 0.0000e+00 5.6000e+01 5.7000e+01
3.9000e+01 9.2000e+01 5.5000e+01 5.4610e+03 1.3800e+02 5.4000e+01 3.0000e+02 3.7600e+02 9.4000e+01 8.8000e+01 6.1000e+01 5.0680e+03 3.8000e+01 6.1000e+01 4.8000e+01 1.8600e+02 3.1900e+02 6.8000e+01 1.7700e+02 4.5000e+01 2.7000e+01 2.7500e+02 5.7600e+02 1.5400e+02 6.4000e+01 1.0740e+03 5.4000e+01 6.6000e+01 9.0000e+01 5.8000e+01 1.6700e+02 7.4000e+01 5.3000e+01 2.4900e+02 5.2620e+03 4.0010e+03 4.7000e+01 2.8000e+01 4.0000e+00 5.0000e+01 4.5000e+01 7.3000e+01 5.3700e+02 2.6200e+02 8.0000e+00 1.9000e+01 5.8590e+03 1.7000e+01 3.1000e+01 1.2500e+02
7.0000e+00 1.9620e+03 1.3000e+01 7.0000e+00 1.0000e+01 3.4300e+02 2.6000e+01 2.6900e+02 7.9000e+01 2.8000e+01 2.0000e+01 3.4300e+02 2.3600e+02 2.8800e+02 2.5940e+03 1.0000e+00 8.9200e+02 1.6910e+03 4.9170e+03 1.3600e+03 7.0000e+00 1.0000e+01 1.8000e+01 1.3000e+01 1.8000e+01 4.6000e+01 2.7400e+02 2.5000e+01 3.0000e+00 1.0000e+00 1.5000e+01 1.4000e+01 2.8050e+03 3.2060e+03 6.2000e+01 1.6020e+03 4.6120e+03 4.0000e+00 1.0000e+00 1.6700e+02 2.7000e+01 2.9000e+01 4.0000e+00 4.8310e+03 2.0000e+00 1.4000e+01 1.0000e+00 1.0000e+00 1.7000e+01 4.6960e+03
