5.7592e-01 3.5780e-01 7.2821e-01 2.8571e-01 5.8333e-01 6.6630e-01 6.0791e-01 7.1429e-01 6.1786e-01 6.0173e-01 3.8000e-01 3.6111e-01 2.2857e-01 3.1915e-01 4.1436e-01 4.0909e-01 1.4815e-01 6.6667e-02 1.3333e-01 2.4242e-01 6.2255e-01 2.0000e-01 2.2222e-01 3.0000e-01 3.0233e-01 2.6829e-01 6.0359e-01 1.2903e-01 7.0896e-01 7.5000e-01 6.4660e-01 7.6023e-01 5.9712e-01 6.1290e-01 3.1034e-01 4.3860e-01 3.6735e-01 6.0000e-01 3.3333e-01 3.9535e-01 5.7667e-01 0.0000e+00 5.0000e-01 4.1667e-01 8.3333e-01 1.0000e-01 3.7500e-01 3.3333e-01 1.1765e-01 6.1030e-01
3.4694e-01 4.1007e-01 0.0000e+00 0.0000e+00 7.2367e-01 0.0000e+00 2.9851e-01 4.4061e-01 9.0909e-02 1.8605e-01 0.0000e+00 0.0000e+00 0.0000e+00 0.0000e+00 0.0000e+00 4.8864e-01 3.4483e-02 0.0000e+00 3.0303e-02 3.9015e-01 2.1622e-01 3.6301e-01 4.3330e-01 4.7619e-02 1.8367e-01 3.8462e-02 2.6852e-01 0.0000e+00 5.9532e-01 6.5657e-01 9.3750e-02 0.0000e+00 0.0000e+00 2.1053e-01 2.3256e-01 2.1951e-01 1.0714e-01 0.0000e+00 3.3333e-01 0.0000e+00 0.0000e+00 2.1739e-01 0.0000e+00 2.1053e-01 1.0000e+00 6.8686e-01 0.0000e+00 2.0000e-01 3.9157e-01 2.0000e-01
1.9048e-01 2.2449e-01 1.5789e-01 5.3676e-01 2.9412e-01 5.7322e-01 5.7416e-01 5.0000e-01 5.8131e-01 6.2840e-01 6.9580e-01 3.8636e-01 6.1347e-01 6.4236e-01 1.6667e-01 3.3333e-01 5.5748e-01 3.7931e-01 4.3509e-01 3.2692e-01 6.6741e-01 4.3182e-01 2.4074e-01 6.2162e-01 6.4639e-01 2.9167e-01 3.4211e-01 4.0284e-01 6.6739e-01 1.0000e+00 3.2075e-01 3.4286e-01 6.0910e-01 5.9718e-01 6.2974e-01 3.9130e-01 4.2029e-01 0.0000e+00 5.0000e-01 2.9851e-01 6.7586e-01 3.8191e-01 3.3333e-01 3.8462e-01 0.0000e+00 4.1935e-01 5.0000e-01 1.0000e+00 6.0427e-01 4.0260e-01
1.0000e+00 4.0909e-01 9.2462e-01 7.4576e-01 0.0000e+00 8.9575e-01 1.0000e+00 7.0732e-01 6.9697e-01 9.0566e-01 1.1111e-01 9.2958e-01 7.6000e-01 7.4532e-01 1.3333e-01 8.5714e-01 3.7500e-01 6.7089e-01 6.2403e-01 2.1429e-01 7.5000e-01 9.0074e-01 0.0000e+00 9.8824e-01 1.0000e-01 6.7665e-01 7.6527e-01 3.8095e-01 3.3333e-01 3.3333e-01 0.0000e+00 6.3636e-01 6.5546e-01 3.6364e-01 5.1852e-01 0.0000e+00 8.8857e-01 1.0000e+00 5.0000e-01 0.0000e+00 8.3032e-01 7.0969e-01 3.3333e-01 6.8027e-01 7.5000e-01 1.0000e+00 0.0000e+00 1.0000e+00 9.3674e-01 1.6667e-01
1.5789e-01 1.5966e-01 0.0000e+00 0.0000e+00 5.0000e-02 0.0000e+00 3.6438e-01 0.0000e+00 0.0000e+00 0.0000e+00 3.1250e-02 3.3493e-01 0.0000e+00 5.0000e-02 0.0000e+00 2.5532e-01 1.8182e-01 3.0303e-02 1.4151e-01 4.0781e-01 4.8596e-01 7.1429e-02 3.1949e-01 1.1364e-01 2.7778e-02 2.6316e-02 0.0000e+00 0.0000e+00 8.8235e-02 2.0690e-01 2.3448e-01 3.5443e-01 4.8780e-02 6.8182e-02 2.4176e-01 0.0000e+00 0.0000e+00 9.0909e-02 9.1647e-01 0.0000e+00 1.2963e-01 0.0000e+00 0.0000e+00 0.0000e+00 0.0000e+00 1.0714e-01 0.0000e+00 6.9409e-01 5.5556e-02 0.0000e+00
2.2642e-01 2.1101e-01 1.0345e-01 7.6923e-02 0.0000e+00 5.2314e-01 0.0000e+00 0.0000e+00 0.0000e+00 6.8966e-02 4.0283e-01 2.9333e-01 3.3333e-02 1.8644e-01 3.7714e-01 4.8800e-01 1.5873e-01 7.1429e-02 8.3333e-02 1.2195e-01 2.3404e-01 0.0000e+00 0.0000e+00 0.0000e+00 2.3077e-01 1.5385e-01 0.0000e+00 0.0000e+00 3.3696e-01 7.5413e-01 3.5714e-02 3.1707e-01 2.4444e-01 0.0000e+00 2.8767e-01 1.0714e-01 0.0000e+00 1.0000e+00 1.0000e+00 1.6176e-01 1.1429e-01 2.5243e-01 1.0000e+00 0.0000e+00 7.7209e-01 0.0000e+00 2.5000e-01 8.3333e-02 0.0000e+00 0.0000e+00
2.4510e-01 5.3571e-02 3.3603e-01 1.5094e-01 1.4286e-01 1.3725e-01 9.7561e-02 1.2500e-01 0.0000e+00 1.9277e-01 9.3023e-02 6.2500e-02 2.5641e-02 8.3333e-02 1.1250e-01 5.9679e-01 1.1268e-01 7.5000e-02 7.5758e-02 9.6154e-02 1.3636e-01 1.1538e-01 1.1765e-01 2.7559e-01 1.7073e-01 4.7619e-02 8.6207e-02 6.3492e-02 1.6000e-01 6.0511e-01 4.8780e-02 1.6981e-01 9.4340e-02 6.8182e-02 1.3333e-01 6.2500e-02 5.5556e-02 1.5385e-01 5.0000e-01 8.1967e-02 7.3171e-02 1.6556e-01 3.6000e-01 1.8182e-01 1.8750e-01 3.2979e-01 1.0000e-01 2.5000e-01 1.0870e-01 5.1282e-02
6.5217e-01 5.6630e-01 2.6087e-01 4.0476e-01 3.3333e-01 4.7887e-01 2.1053e-01 4.5000e-01 6.3077e-01 5.5618e-01 2.5000e-01 2.9167e-01 3.5938e-01 2.0000e-01 5.6950e-01 5.0000e-01 6.0928e-01 7.1332e-01 2.3913e-01 6.2932e-01 4.7170e-01 4.4872e-01 5.2106e-01 7.5820e-01 4.8333e-01 6.5792e-01 3.6986e-01 5.7388e-01 7.0305e-01 0.0000e+00 4.8062e-01 4.7273e-01 1.4286e-01 3.6842e-01 5.8140e-01 6.5517e-01 4.4615e-01 0.0000e+00 5.0000e-01 6.1077e-01 3.1429e-01 5.1318e-01 6.6667e-01 4.1739e-01 3.3333e-01 7.2603e-01 5.0000e-01 1.0000e+00 4.2857e-01 3.8596e-01
1.2821e-01 1.6304e-01 2.0000e-01 5.0998e-01 4.5652e-01 1.8519e-01 3.9333e-01 4.0160e-01 2.1277e-01 2.3864e-01 1.9672e-01 5.1875e-01 5.2632e-02 1.6393e-01 6.2500e-02 4.9462e-01 3.0721e-01 2.0588e-01 2.3164e-01 1.1111e-01 7.4074e-02 3.5273e-01 3.1944e-01 3.3766e-01 1.7188e-01 3.9758e-01 1.1111e-01 1.0606e-01 3.0000e-01 4.1379e-01 2.8743e-01 2.7027e-01 1.3208e-01 3.2530e-01 5.1767e-01 5.1537e-01 1.4894e-01 4.6429e-01 2.5000e-01 8.0000e-02 1.3333e-01 1.0959e-01 8.3054e-01 2.9008e-01 0.0000e+00 5.2632e-02 7.0524e-01 1.7647e-01 6.4516e-02 2.7200e-01
0.0000e+00 7.0438e-01 2.3077e-01 0.0000e+00 9.0000e-01 8.1341e-01 4.6154e-01 7.9554e-01 5.5696e-01 4.2857e-01 3.5000e-01 8.5131e-01 6.6102e-01 7.1875e-01 7.1511e-01 0.0000e+00 7.1637e-01 8.5925e-01 7.1731e-01 7.9926e-01 8.5714e-01 1.0000e-01 1.6667e-01 2.3077e-01 2.7778e-01 4.7826e-01 6.6058e-01 2.4000e-01 1.0000e+00 0.0000e+00 2.0000e-01 9.2857e-01 8.1390e-01 8.2346e-01 6.6129e-01 9.1635e-01 8.9376e-01 5.0000e-01 0.0000e+00 5.8683e-01 4.0741e-01 2.4138e-01 2.5000e-01 7.6113e-01 0.0000e+00 4.2857e-01 1.0000e+00 0.0000e+00 2.9412e-01 8.5328e-01
