7.0048e-01 5.1190e-01 8.3361e-01 7.4350e-01 4.2395e-01 1.6694e-02 4.9456e-01 2.3312e-01 9.7531e-01 1.0000e+00 8.6111e-01 9.6817e-01 7.2480e-01 8.9116e-01 7.6789e-01 4.7027e-01 7.6963e-01 4.7411e-01 6.7692e-01 4.7236e-01 5.7546e-01 9.6508e-01 9.5793e-01 9.9518e-01 5.6616e-01 9.0837e-01 7.7114e-01 5.8951e-01 4.8525e-01 8.7152e-01 8.8099e-01 4.8464e-01 8.8732e-01 9.8611e-01 4.4558e-01 5.3968e-01 8.6916e-01 6.9702e-01 4.3664e-01 9.2967e-01 9.1242e-01 3.2097e-01 9.7143e-01 9.7861e-01 2.9422e-01 3.8356e-01 2.7136e-01 4.6743e-01 4.4765e-01 7.0638e-01
1.8090e-01 3.4602e-01 5.1261e-01 7.7338e-02 1.2220e-01 2.8425e-01 6.4736e-02 4.7160e-01 1.8301e-01 4.2059e-01 1.7073e-01 2.2671e-01 2.8214e-01 7.9723e-02 5.2815e-01 7.5658e-02 3.3931e-01 3.9833e-01 3.7710e-01 2.0790e-01 3.4983e-01 5.0327e-01 4.1397e-01 1.1726e-01 3.7458e-01 4.3031e-01 2.1631e-01 2.2274e-01 4.6141e-01 1.4387e-01 3.1715e-01 4.8475e-01 1.7857e-01 2.2521e-01 4.5395e-01 4.8535e-01 2.1484e-01 9.2715e-02 2.0919e-01 1.7586e-01 7.0812e-02 1.1055e-01 6.0267e-01 4.0273e-01 2.1157e-01 3.3388e-01 3.1359e-02 1.7889e-03 1.1056e-01 4.5345e-01
8.3279e-01 6.8198e-01 9.8684e-01 2.1343e-01 8.3470e-02 4.4597e-01 1.0000e+00 6.0229e-01 2.5739e-01 2.9021e-01 9.3432e-01 9.7444e-02 1.3217e-01 1.1055e-01 5.5000e-01 0.0000e+00 1.2598e-01 1.3065e-01 5.5254e-01 5.0089e-01 2.6635e-01 1.1725e-01 5.8925e-01 5.6314e-02 7.2056e-01 5.3846e-01 6.7780e-01 3.5345e-01 9.1026e-01 2.9760e-01 5.0889e-01 1.0000e+00 8.3333e-01 3.5870e-01 2.1987e-01 5.9204e-01 1.5232e-01 6.8313e-01 1.9759e-01 7.9592e-01 1.9056e-01 3.0551e-01 4.1528e-02 5.1292e-01 4.9609e-01 2.6154e-01 4.4843e-02 9.8267e-01 5.0000e-01 9.0794e-01
3.2843e-01 3.0794e-01 3.1949e-02 1.4983e-01 8.5324e-02 5.3178e-01 2.6034e-01 6.6214e-02 1.0256e-01 4.2623e-01 3.7068e-01 5.1884e-01 2.7213e-01 4.8631e-01 5.7813e-02 1.4576e-01 6.7213e-02 3.4321e-01 3.4518e-01 5.0528e-01 7.3025e-01 4.2308e-01 5.0366e-01 5.8787e-01 7.0202e-01 6.4715e-01 7.4614e-01 6.2559e-01 5.7032e-01 4.8571e-01 8.4666e-01 5.4589e-01 4.9183e-01 7.8247e-01 6.9470e-01 5.4833e-01 3.3230e-01 4.1961e-01 7.5302e-01 2.5970e-01 4.1833e-01 5.7951e-01 2.4832e-01 1.3710e-01 6.0323e-01 7.7558e-01 5.7213e-01 5.4905e-01 5.3333e-01 4.8129e-01
5.6073e-01 6.7504e-01 6.4782e-01 4.1089e-01 5.3671e-01 5.5099e-01 4.6026e-01 7.5578e-01 1.2066e-01 4.4035e-01 7.1849e-01 5.9897e-01 7.9966e-01 3.5714e-01 3.8687e-01 3.9226e-01 7.9588e-01 4.8450e-01 4.9844e-01 5.7492e-01 6.4646e-01 5.5473e-01 2.7471e-01 2.7116e-01 4.6073e-01 4.3563e-01 9.1887e-01 5.1089e-01 8.5665e-01 3.3824e-01 5.1356e-01 7.4677e-01 5.0083e-01 2.9623e-01 9.1220e-01 7.8037e-01 6.0417e-01 5.3979e-01 5.6766e-01 4.0198e-01 5.9153e-01 6.5033e-01 3.8782e-01 2.6190e-01 4.9402e-01 4.3603e-01 6.2057e-01 4.2055e-01 6.1215e-01 8.7682e-01
9.9825e-01 1.0000e+00 9.9840e-01 9.6013e-01 9.1653e-01 5.1828e-01 6.7778e-01 9.2988e-01 8.5124e-01 9.8646e-01 7.3802e-01 8.4229e-01 9.7537e-01 8.1456e-01 5.8065e-01 4.3630e-02 7.0756e-01 1.4073e-01 7.1220e-01 1.3051e-01 9.5756e-01 9.9469e-01 9.9632e-01 9.8546e-01 1.0000e+00 7.5080e-01 9.6066e-01 6.1313e-01 9.4629e-01 1.2957e-01 9.7804e-01 8.5491e-01 5.3322e-01 8.7179e-01 9.7355e-01 9.7804e-01 9.0364e-01 9.6891e-01 9.7000e-01 9.8875e-01 9.3800e-01 9.7715e-01 9.1912e-01 9.9174e-01 9.9064e-01 6.1830e-01 3.6601e-01 9.2226e-01 5.7234e-01 5.0000e-01
9.8214e-01 2.1711e-01 8.3981e-01 7.0035e-01 9.1954e-01 2.3680e-01 9.7706e-01 9.7444e-01 1.8319e-01 9.0787e-01 2.4878e-01 1.1557e-01 1.4542e-01 4.0986e-01 3.2650e-01 7.1848e-01 7.7831e-01 7.3132e-02 1.0333e-01 5.5150e-01 7.7295e-01 1.6484e-02 4.9266e-01 2.7562e-01 7.6975e-01 3.3442e-01 4.2553e-02 5.7120e-01 7.6387e-01 2.7045e-01 3.2264e-01 7.2787e-01 3.3109e-01 2.8146e-02 1.6729e-02 8.7899e-01 3.3826e-01 8.3871e-02 6.0797e-01 7.2333e-01 7.4829e-01 2.8804e-01 9.4473e-01 2.6679e-01 8.7097e-02 3.7500e-01 2.7287e-01 9.8467e-01 7.7294e-01 8.9256e-02
3.3171e-01 6.3411e-01 6.2655e-01 3.2315e-01 7.5085e-01 4.0127e-01 3.6133e-01 5.1146e-01 6.8690e-01 6.2543e-01 4.0433e-01 8.2000e-01 2.9223e-01 7.7184e-01 6.0336e-01 4.6787e-01 5.0083e-01 4.2062e-01 1.9476e-01 5.0830e-01 8.0386e-01 4.1260e-01 3.1874e-01 3.1967e-01 3.3278e-01 4.1735e-01 8.1310e-01 5.2000e-01 8.4653e-01 3.2836e-01 5.7097e-01 5.4545e-01 6.8701e-01 8.6325e-01 8.0986e-01 8.2373e-01 1.1455e-01 5.1223e-01 6.2829e-01 4.3186e-01 5.7450e-01 2.5473e-01 2.0000e-01 2.4785e-01 3.1797e-01 7.1782e-01 5.2077e-01 3.2206e-01 7.5885e-01 8.1132e-01
6.7887e-01 9.2893e-01 7.3142e-01 9.4004e-01 7.2546e-01 9.1833e-01 6.4715e-01 5.7143e-01 5.3407e-01 5.6696e-01 6.8297e-01 7.3368e-01 7.7138e-01 7.5365e-01 6.6899e-01 4.3780e-01 5.9211e-01 4.6477e-01 6.3158e-01 5.4905e-01 5.9768e-01 5.0760e-01 8.2825e-01 5.4515e-01 6.5042e-01 7.5042e-01 8.5484e-01 5.4399e-01 8.5505e-01 8.0756e-01 5.3893e-01 7.2241e-01 7.2279e-01 6.4527e-01 8.0662e-01 6.6389e-01 8.8986e-01 6.1974e-01 3.8156e-01 5.5760e-01 6.5299e-01 5.6333e-01 7.6054e-01 9.2580e-01 6.6726e-01 7.2172e-01 8.3388e-01 6.2818e-01 6.5225e-01 7.6471e-01
6.2887e-01 1.1022e-01 7.2743e-01 6.5487e-02 1.8151e-01 8.1531e-01 2.6291e-01 2.4361e-01 7.3171e-02 6.5327e-01 5.9204e-01 8.0635e-01 1.8225e-01 4.4783e-01 1.4908e-01 2.4143e-01 6.1416e-01 4.6922e-01 4.4190e-01 4.8382e-01 8.1626e-01 3.4068e-01 4.9914e-01 2.8790e-01 5.3257e-01 7.9417e-01 8.1333e-01 4.7712e-01 4.5937e-01 5.9235e-01 4.8122e-01 6.4812e-01 5.5944e-02 4.9186e-01 4.8953e-01 1.9212e-01 6.8493e-02 4.4340e-01 6.3427e-01 1.2957e-01 6.2057e-01 5.2122e-01 4.2977e-01 3.0730e-01 5.6388e-01 5.0000e-01 5.4958e-01 6.6780e-01 4.7604e-01 6.7350e-01
