3.0000e+00 0.0000e+00 4.2950e+03 0.0000e+00 1.0000e+00 0.0000e+00 0.0000e+00 1.0000e+00 1.0000e+00 0.0000e+00 0.0000e+00 0.0000e+00 0.0000e+00 7.0000e+00 2.3320e+03 0.0000e+00 0.0000e+00 1.0000e+00 0.0000e+00 0.0000e+00 0.0000e+00 0.0000e+00 0.0000e+00 0.0000e+00 1.0000e+00 1.6710e+03 3.5260e+03 1.4560e+03 1.0000e+00 2.0000e+00 3.8860e+03 0.0000e+00 3.6590e+03 0.0000e+00 5.0000e+00 0.0000e+00 0.0000e+00 0.0000e+00 1.0000e+00 0.0000e+00 2.9000e+03 0.0000e+00 1.0000e+00 1.0000e+00 0.0000e+00 0.0000e+00 1.0000e+00 2.9100e+02 0.0000e+00 0.0000e+00
0.0000e+00 2.4340e+03 0.0000e+00 0.0000e+00 4.3000e+03 0.0000e+00 0.0000e+00 0.0000e+00 0.0000e+00 0.0000e+00 0.0000e+00 0.0000e+00 0.0000e+00 0.0000e+00 1.0000e+00 0.0000e+00 0.0000e+00 0.0000e+00 0.0000e+00 1.0000e+00 0.0000e+00 0.0000e+00 2.5690e+03 1.0000e+00 0.0000e+00 0.0000e+00 0.0000e+00 0.0000e+00 3.5940e+03 2.1000e+01 0.0000e+00 0.0000e+00 0.0000e+00 0.0000e+00 0.0000e+00 0.0000e+00 0.0000e+00 0.0000e+00 0.0000e+00 0.0000e+00 0.0000e+00 0.0000e+00 0.0000e+00 0.0000e+00 5.9790e+03 1.0000e+00 0.0000e+00 1.0000e+00 2.3740e+03 0.0000e+00
0.0000e+00 0.0000e+00 0.0000e+00 3.5280e+03 2.0000e+00 2.0000e+00 1.0000e+00 0.0000e+00 3.5500e+03 1.0000e+00 4.1680e+03 0.0000e+00 3.5780e+03 0.0000e+00 0.0000e+00 4.0000e+00 0.0000e+00 0.0000e+00 1.6670e+03 0.0000e+00 1.0000e+00 0.0000e+00 0.0000e+00 1.5000e+01 0.0000e+00 0.0000e+00 0.0000e+00 0.0000e+00 1.0000e+00 1.0000e+00 0.0000e+00 0.0000e+00 0.0000e+00 0.0000e+00 3.7390e+03 0.0000e+00 3.7480e+03 0.0000e+00 2.0000e+00 0.0000e+00 4.9400e+02 2.2620e+03 0.0000e+00 0.0000e+00 0.0000e+00 0.0000e+00 0.0000e+00 1.0000e+00 0.0000e+00 0.0000e+00
5.9840e+03 0.0000e+00 4.0000e+00 1.0000e+00 0.0000e+00 5.5800e+03 5.8900e+03 2.0000e+00 0.0000e+00 0.0000e+00 1.0000e+00 5.4480e+03 3.3000e+01 0.0000e+00 0.0000e+00 0.0000e+00 0.0000e+00 1.0000e+00 1.5530e+03 0.0000e+00 2.5230e+03 5.4860e+03 0.0000e+00 5.8920e+03 0.0000e+00 0.0000e+00 1.0000e+00 0.0000e+00 1.0000e+00 0.0000e+00 0.0000e+00 0.0000e+00 1.4000e+01 1.0000e+00 1.0000e+00 0.0000e+00 0.0000e+00 0.0000e+00 1.0000e+00 0.0000e+00 1.6500e+02 0.0000e+00 0.0000e+00 1.0000e+00 1.0000e+00 1.0000e+01 6.0000e+00 3.0000e+00 0.0000e+00 1.0000e+00
0.0000e+00 0.0000e+00 0.0000e+00 0.0000e+00 0.0000e+00 0.0000e+00 0.0000e+00 0.0000e+00 0.0000e+00 0.0000e+00 0.0000e+00 0.0000e+00 0.0000e+00 0.0000e+00 0.0000e+00 1.6000e+01 0.0000e+00 0.0000e+00 0.0000e+00 0.0000e+00 0.0000e+00 1.0000e+00 0.0000e+00 0.0000e+00 0.0000e+00 0.0000e+00 0.0000e+00 0.0000e+00 1.0000e+00 0.0000e+00 0.0000e+00 0.0000e+00 0.0000e+00 0.0000e+00 0.0000e+00 0.0000e+00 0.0000e+00 0.0000e+00 1.0000e+00 0.0000e+00 0.0000e+00 0.0000e+00 0.0000e+00 0.0000e+00 2.0000e+00 0.0000e+00 0.0000e+00 0.0000e+00 0.0000e+00 0.0000e+00
0.0000e+00 0.0000e+00 0.0000e+00 0.0000e+00 0.0000e+00 0.0000e+00 0.0000e+00 0.0000e+00 0.0000e+00 4.0000e+00 0.0000e+00 0.0000e+00 0.0000e+00 0.0000e+00 0.0000e+00 1.0000e+00 0.0000e+00 0.0000e+00 0.0000e+00 0.0000e+00 2.0000e+00 0.0000e+00 0.0000e+00 0.0000e+00 1.8410e+03 0.0000e+00 0.0000e+00 0.0000e+00 0.0000e+00 4.4280e+03 0.0000e+00 5.0000e+00 1.0000e+00 0.0000e+00 0.0000e+00 1.0000e+00 0.0000e+00 5.9920e+03 6.0360e+03 0.0000e+00 0.0000e+00 0.0000e+00 2.3600e+02 0.0000e+00 1.0000e+00 0.0000e+00 0.0000e+00 0.0000e+00 0.0000e+00 0.0000e+00
0.0000e+00 0.0000e+00 0.0000e+00 0.0000e+00 1.0000e+00 0.0000e+00 0.0000e+00 0.0000e+00 0.0000e+00 0.0000e+00 0.0000e+00 0.0000e+00 0.0000e+00 0.0000e+00 0.0000e+00 3.5580e+03 0.0000e+00 0.0000e+00 0.0000e+00 0.0000e+00 0.0000e+00 0.0000e+00 0.0000e+00 7.0000e+00 0.0000e+00 0.0000e+00 0.0000e+00 0.0000e+00 3.0000e+00 0.0000e+00 0.0000e+00 0.0000e+00 0.0000e+00 0.0000e+00 0.0000e+00 0.0000e+00 0.0000e+00 0.0000e+00 1.0000e+00 0.0000e+00 0.0000e+00 0.0000e+00 1.0000e+00 0.0000e+00 0.0000e+00 0.0000e+00 0.0000e+00 0.0000e+00 0.0000e+00 0.0000e+00
0.0000e+00 1.0000e+00 0.0000e+00 0.0000e+00 0.0000e+00 8.0000e+00 0.0000e+00 0.0000e+00 0.0000e+00 3.6830e+03 0.0000e+00 0.0000e+00 0.0000e+00 0.0000e+00 0.0000e+00 0.0000e+00 3.6350e+03 0.0000e+00 1.0000e+00 3.5540e+03 2.0820e+03 0.0000e+00 1.0000e+00 4.0000e+00 0.0000e+00 0.0000e+00 0.0000e+00 0.0000e+00 1.0000e+00 0.0000e+00 1.0000e+00 1.0000e+00 0.0000e+00 7.0000e+00 0.0000e+00 3.7110e+03 1.0000e+00 0.0000e+00 0.0000e+00 0.0000e+00 1.0000e+00 1.0000e+00 0.0000e+00 0.0000e+00 0.0000e+00 4.2650e+03 1.0000e+00 4.0380e+03 0.0000e+00 2.0000e+00
0.0000e+00 0.0000e+00 0.0000e+00 0.0000e+00 1.0000e+00 0.0000e+00 5.0000e+00 0.0000e+00 0.0000e+00 0.0000e+00 1.0000e+00 0.0000e+00 0.0000e+00 0.0000e+00 1.0000e+00 2.0000e+00 0.0000e+00 0.0000e+00 0.0000e+00 0.0000e+00 0.0000e+00 0.0000e+00 7.0000e+00 0.0000e+00 0.0000e+00 0.0000e+00 0.0000e+00 0.0000e+00 0.0000e+00 9.0000e+00 0.0000e+00 6.0000e+00 0.0000e+00 1.8840e+03 0.0000e+00 0.0000e+00 0.0000e+00 0.0000e+00 1.0000e+00 0.0000e+00 0.0000e+00 0.0000e+00 4.7740e+03 0.0000e+00 1.0000e+00 0.0000e+00 4.3620e+03 0.0000e+00 0.0000e+00 0.0000e+00
0.0000e+00 5.0000e+00 0.0000e+00 2.0000e+00 0.0000e+00 1.4000e+01 2.0000e+00 4.9680e+03 0.0000e+00 0.0000e+00 0.0000e+00 1.0000e+00 2.0000e+00 4.0720e+03 0.0000e+00 0.0000e+00 0.0000e+00 5.1250e+03 0.0000e+00 1.2200e+02 2.0000e+00 2.0000e+00 0.0000e+00 1.0000e+00 0.0000e+00 0.0000e+00 7.0000e+00 0.0000e+00 1.3000e+01 0.0000e+00 0.0000e+00 4.7780e+03 1.0000e+00 0.0000e+00 0.0000e+00 1.0000e+00 1.0000e+00 1.0000e+00 0.0000e+00 3.8180e+03 0.0000e+00 0.0000e+00 0.0000e+00 4.6950e+03 0.0000e+00 0.0000e+00 1.0000e+00 1.0000e+00 0.0000e+00 5.1300e+03
