8.2234e-01 0.0000e+00 3.7500e-01 7.2368e-01 4.5652e-01 6.1538e-01 2.7273e-01 1.0000e-01 9.1118e-01 9.7100e-01
3.0769e-01 5.6250e-01 3.0769e-01 9.9811e-01 5.4321e-01 3.5714e-01 7.6000e-01 1.0000e-01 1.1111e-01 9.6845e-01
9.7038e-01 5.2000e-01 1.2500e-01 1.0000e+00 7.8636e-01 6.1905e-01 9.6841e-01 7.5910e-01 4.8276e-01 1.0000e+00
7.6364e-01 7.5962e-01 7.7099e-01 1.0000e+00 7.1630e-01 9.7816e-01 0.0000e+00 4.4118e-01 0.0000e+00 1.0000e+00
0.0000e+00 0.0000e+00 8.3696e-01 1.0000e+00 2.8571e-01 1.0000e+00 0.0000e+00 4.1379e-01 2.3077e-01 1.0000e+00
4.5455e-01 3.0769e-01 0.0000e+00 1.0000e+00 5.2778e-01 1.0000e+00 9.6667e-01 7.7407e-01 1.1111e-01 1.0000e+00
7.8676e-01 5.5172e-01 3.7500e-01 1.0000e+00 5.8621e-01 1.0000e+00 1.0000e+00 0.0000e+00 3.8095e-01 1.0000e+00
5.6250e-01 9.6957e-01 9.5818e-01 1.0000e+00 0.0000e+00 1.0000e+00 1.0000e+00 8.3321e-01 5.4054e-01 1.0000e+00
2.5000e-01 3.5714e-01 2.0000e-01 1.0000e+00 4.0541e-01 1.0000e+00 1.0000e+00 4.8837e-01 6.8132e-01 1.0000e+00
0.0000e+00 9.9177e-01 3.7500e-01 1.0000e+00 8.3333e-02 1.0000e+00 1.0000e+00 5.9770e-01 5.5814e-01 1.0000e+00
