5.5668e-01 2.8620e-01 7.3196e-01 3.4206e-01 5.8466e-01 6.4465e-01 6.2139e-01 7.1014e-01 6.2944e-01 6.4888e-01 3.7713e-01 4.7687e-01 2.5129e-01 3.2206e-01 3.8908e-01 4.1857e-01 1.9529e-01 1.4426e-01 1.9344e-01 3.3599e-01 5.9107e-01 2.5386e-01 3.7153e-01 3.9080e-01 1.8914e-01 2.5041e-01 5.6918e-01 2.6030e-01 6.9167e-01 6.2314e-01 6.8182e-01 7.5614e-01 6.1182e-01 5.9799e-01 4.8355e-01 4.1983e-01 3.8017e-01 6.2798e-01 5.5102e-01 3.5341e-01 5.2212e-01 0.0000e+00 2.1488e-01 4.4304e-01 7.6451e-01 2.0779e-01 4.1443e-01 6.7993e-01 2.1895e-01 5.8634e-01
4.0105e-01 4.2320e-01 0.0000e+00 0.0000e+00 7.3095e-01 0.0000e+00 3.1472e-01 4.8136e-01 1.3435e-01 1.6303e-01 0.0000e+00 0.0000e+00 5.8923e-02 0.0000e+00 1.0114e-01 5.1212e-01 9.5161e-02 0.0000e+00 2.0486e-01 4.0451e-01 1.8505e-01 3.7540e-01 4.4584e-01 8.5246e-02 7.9602e-02 1.1967e-01 2.0430e-01 0.0000e+00 5.9106e-01 6.9324e-01 1.9338e-01 0.0000e+00 0.0000e+00 2.7690e-01 2.5083e-01 1.9206e-01 2.0613e-01 2.2828e-01 4.1608e-01 0.0000e+00 0.0000e+00 2.0965e-01 2.0249e-01 2.0211e-01 1.0000e+00 6.7402e-01 0.0000e+00 1.9453e-01 4.2761e-01 1.1111e-01
2.1329e-01 3.2573e-01 2.7258e-01 5.9532e-01 4.2017e-01 6.2755e-01 6.3622e-01 4.2640e-01 6.1014e-01 6.1424e-01 7.1930e-01 2.8053e-01 5.8376e-01 6.2031e-01 2.1197e-01 6.1651e-01 5.4271e-01 4.2783e-01 4.7811e-01 4.2673e-01 6.8158e-01 4.3163e-01 2.7541e-01 7.0066e-01 6.3441e-01 3.8366e-01 3.9524e-01 3.6348e-01 6.6292e-01 5.1535e-01 3.5246e-01 4.3696e-01 5.6911e-01 6.0835e-01 6.3802e-01 3.5427e-01 6.1065e-01 3.7851e-01 6.6209e-01 3.2397e-01 6.3906e-01 3.6453e-01 8.3279e-01 4.5533e-01 3.7520e-01 3.1313e-01 3.7766e-01 3.2886e-01 6.2069e-01 3.0000e-01
1.0000e+00 3.4123e-01 9.3312e-01 7.8261e-01 3.1765e-01 9.1133e-01 1.0000e+00 6.9043e-01 7.2973e-01 9.0818e-01 2.4541e-01 8.9522e-01 7.9139e-01 7.4188e-01 8.6400e-02 7.0709e-01 2.6541e-01 7.5468e-01 6.4805e-01 1.5450e-01 9.2763e-01 9.0085e-01 1.0088e-01 9.6716e-01 5.1495e-02 6.3505e-01 7.0985e-01 4.0357e-01 3.9903e-01 7.2997e-01 1.4765e-01 7.2213e-01 6.9218e-01 7.4875e-02 3.7277e-01 3.5413e-02 8.8448e-01 9.7368e-01 7.1402e-01 1.0982e-01 8.5691e-01 7.1361e-01 3.1922e-01 7.4286e-01 8.5320e-01 9.9499e-01 9.2933e-01 8.6201e-01 9.3599e-01 2.1754e-01
1.4356e-01 1.7005e-01 0.0000e+00 0.0000e+00 1.6054e-01 0.0000e+00 3.4500e-01 1.4706e-02 0.0000e+00 0.0000e+00 5.2980e-02 3.0619e-01 0.0000e+00 1.2635e-02 0.0000e+00 4.0646e-01 2.1380e-01 2.6667e-02 8.3062e-02 4.5596e-01 4.8148e-01 1.3333e-01 2.7211e-01 2.1821e-01 8.3192e-02 2.3729e-02 0.0000e+00 0.0000e+00 1.4311e-01 1.8583e-01 2.0572e-01 3.8599e-01 4.4905e-02 8.8141e-02 2.6409e-01 0.0000e+00 0.0000e+00 8.3192e-02 9.3632e-01 0.0000e+00 1.4310e-01 0.0000e+00 1.8425e-01 0.0000e+00 1.4162e-01 1.1073e-01 4.6926e-02 6.8376e-01 1.1111e-01 0.0000e+00
1.9375e-01 1.9180e-01 2.3295e-01 1.2522e-01 0.0000e+00 4.6281e-01 0.0000e+00 0.0000e+00 0.0000e+00 9.0190e-02 4.2628e-01 2.0812e-01 1.1876e-01 2.0504e-01 3.6996e-01 5.4243e-01 1.3322e-01 8.4691e-02 9.6154e-02 6.7545e-02 2.5000e-01 0.0000e+00 0.0000e+00 0.0000e+00 3.1271e-01 7.1906e-02 0.0000e+00 0.0000e+00 3.4837e-01 7.3942e-01 8.3195e-02 3.4831e-01 1.9792e-01 0.0000e+00 3.0949e-01 6.5767e-02 5.0877e-02 1.0000e+00 1.0000e+00 1.0526e-01 1.1184e-01 2.4337e-01 1.0000e+00 0.0000e+00 8.0414e-01 0.0000e+00 2.2297e-01 1.1960e-01 9.8684e-02 0.0000e+00
2.3909e-01 2.4712e-02 2.8943e-01 2.0387e-01 1.5789e-01 1.4839e-01 2.2492e-01 8.9506e-02 0.0000e+00 1.8429e-01 1.0727e-01 9.3220e-02 5.0955e-02 8.3197e-02 8.0592e-02 5.8362e-01 3.1199e-02 1.1055e-01 9.5238e-02 9.5156e-02 1.4539e-01 9.9518e-02 2.6656e-01 3.0129e-01 9.5008e-02 1.0289e-01 5.2336e-02 1.1409e-01 1.2963e-01 6.2521e-01 4.6472e-02 1.9056e-01 4.4657e-02 1.0903e-01 1.7817e-01 8.9231e-02 5.4196e-02 1.0358e-01 4.2881e-01 9.4991e-02 8.7948e-02 1.2542e-01 2.9189e-01 9.1503e-02 1.7582e-01 2.6690e-01 8.4665e-02 2.8378e-01 7.9723e-02 5.8537e-02
6.3980e-01 5.3902e-01 3.8736e-01 4.8393e-01 4.3005e-01 4.6193e-01 2.9635e-01 4.6337e-01 6.5000e-01 6.0825e-01 1.9902e-01 1.8944e-01 3.5026e-01 2.8308e-01 5.2039e-01 5.8953e-01 6.1485e-01 7.2148e-01 2.8125e-01 6.2927e-01 5.8940e-01 3.7871e-01 5.3099e-01 7.7148e-01 4.6225e-01 6.1844e-01 3.3981e-01 5.4591e-01 6.9572e-01 4.9129e-01 4.6777e-01 4.0652e-01 1.5916e-01 3.3116e-01 5.7633e-01 6.5819e-01 4.5774e-01 5.6507e-01 4.7596e-01 6.7577e-01 3.5025e-01 4.7986e-01 6.2000e-01 3.9206e-01 6.8111e-01 7.1382e-01 6.1857e-01 7.2593e-01 4.2463e-01 3.4992e-01
1.0409e-01 9.3098e-02 3.0000e-01 5.1801e-01 4.7352e-01 2.0068e-01 3.9356e-01 4.0464e-01 2.0200e-01 2.1081e-01 1.7797e-01 5.0575e-01 8.9501e-02 1.8548e-01 8.5911e-02 5.2830e-01 2.8521e-01 1.7124e-01 2.1329e-01 2.1761e-01 1.0399e-01 4.1146e-01 2.9088e-01 2.9801e-01 2.1704e-01 3.7539e-01 8.8435e-02 7.7193e-02 3.4513e-01 5.1661e-01 3.0455e-01 2.3259e-01 1.0122e-01 2.9068e-01 5.1133e-01 5.4173e-01 9.5694e-02 4.9524e-01 2.9595e-01 2.0179e-01 2.3151e-01 8.3770e-02 8.3585e-01 2.6783e-01 9.4371e-02 8.8186e-02 7.2819e-01 1.8289e-01 8.9141e-02 3.0823e-01
3.0979e-01 6.6205e-01 1.5578e-01 1.8454e-01 7.1022e-01 8.2808e-01 5.1839e-01 8.5476e-01 5.2857e-01 4.9351e-01 3.8368e-01 8.6414e-01 6.6723e-01 6.7554e-01 7.0693e-01 2.4207e-01 7.5041e-01 8.5406e-01 7.2409e-01 8.1090e-01 7.9144e-01 2.0000e-01 1.6346e-01 3.3056e-01 4.9750e-01 4.8475e-01 7.1309e-01 3.0682e-01 7.7878e-01 2.6829e-01 2.2645e-01 8.2464e-01 8.2114e-01 8.2060e-01 6.9984e-01 9.0563e-01 8.7522e-01 7.0382e-01 2.3372e-01 6.6273e-01 3.0081e-01 3.3224e-01 4.9355e-01 7.8339e-01 4.9340e-01 3.8879e-01 8.4664e-01 3.0420e-01 2.9489e-01 8.4732e-01
