1.1600e+02 5.4000e+01 4.7700e+03 2.5000e+01 4.7000e+01 7.5000e+02 2.8300e+02 4.8700e+03 2.7830e+03 5.8800e+02 7.0000e+01 6.2000e+01 4.1000e+01 1.6000e+01 1.4400e+02 1.7000e+01 4.4000e+01 2.3000e+01 6.1000e+01 5.7000e+01 1.0000e+02 2.8000e+01 1.0800e+02 4.7000e+01 1.6000e+01 4.1000e+01 3.9150e+03 8.2000e+01 1.0150e+03 5.0000e+00 5.5040e+03 4.6080e+03 1.1830e+03 2.1040e+03 8.8000e+01 3.5000e+01 6.2000e+01 2.0000e+00 0.0000e+00 1.0900e+02 5.3200e+02 2.0000e+01 0.0000e+00 1.4000e+02 3.0000e+00 1.7000e+01 3.0000e+00 4.4000e+01 2.0000e+01 1.1670e+03
2.2900e+02 1.7980e+03 1.8000e+01 1.7000e+01 5.7160e+03 1.9000e+01 1.0300e+02 3.2500e+02 4.9000e+01 4.6000e+01 1.9000e+01 1.7000e+01 2.5000e+01 2.1000e+01 5.4000e+01 9.9000e+01 3.3000e+01 1.9000e+01 1.1100e+02 2.2200e+02 2.2000e+01 2.9800e+02 2.4320e+03 2.3000e+01 3.6000e+01 2.7000e+01 3.8000e+01 2.9000e+01 3.6510e+03 3.2700e+02 4.4000e+01 1.7000e+01 2.2000e+01 3.5000e+01 3.5000e+01 4.6000e+01 4.7000e+01 9.0000e+00 3.0000e+00 2.6000e+01 2.1000e+01 6.9000e+01 5.0000e+00 7.3000e+01 5.6130e+03 5.7150e+03 9.0000e+00 1.0000e+01 2.1300e+02 3.3000e+01
2.4000e+01 1.4000e+02 1.7000e+01 2.9900e+02 1.6000e+01 6.4300e+02 2.8600e+02 8.0000e+01 1.6250e+03 1.3890e+03 5.1220e+03 2.1000e+01 4.3460e+03 5.4970e+03 4.7000e+01 5.0000e+01 1.3490e+03 4.2000e+01 6.0100e+02 9.7000e+01 8.1100e+02 8.9000e+01 3.6000e+01 4.1100e+02 5.4770e+03 5.9000e+01 1.2100e+02 7.8000e+01 7.7800e+02 0.0000e+00 4.7000e+01 5.8000e+01 6.8400e+02 3.4200e+02 3.3300e+02 6.7000e+01 1.0820e+03 3.0000e+00 3.0000e+00 7.3000e+01 3.8720e+03 3.5500e+02 1.0000e+00 1.2000e+02 1.0000e+00 1.8000e+01 4.0000e+00 2.0000e+01 2.4200e+02 8.3000e+01
4.8900e+03 2.6000e+01 6.9500e+02 1.4200e+02 3.0000e+00 1.6880e+03 4.0880e+03 4.1000e+01 1.5900e+02 3.4930e+03 9.0000e+00 9.0000e+00 1.0400e+03 1.1100e+02 1.7000e+01 5.0000e+00 2.1000e+01 1.2300e+02 4.6300e+02 1.0000e+01 3.1000e+01 5.0360e+03 1.0000e+01 1.6000e+01 8.0000e+00 1.2200e+02 6.4200e+02 3.0000e+01 1.0000e+00 3.0000e+00 8.0000e+00 6.0000e+00 1.4700e+02 1.0000e+01 1.9000e+01 5.0000e+00 8.7300e+02 1.0000e+00 0.0000e+00 1.2000e+01 1.3490e+03 4.1790e+03 3.0000e+00 3.0200e+02 3.0000e+00 0.0000e+00 1.0000e+00 8.0000e+00 5.3380e+03 1.1000e+01
5.8000e+01 9.2000e+01 2.7000e+01 2.5000e+01 3.0000e+01 2.8000e+01 6.0300e+02 3.4000e+01 3.4000e+01 2.9000e+01 2.7000e+01 1.1500e+02 3.6000e+01 3.9000e+01 4.2000e+01 9.1000e+01 1.6700e+02 2.8000e+01 4.8000e+01 3.2670e+03 4.7170e+03 4.7000e+01 7.0100e+02 9.7000e+01 3.8000e+01 3.4000e+01 4.0000e+01 4.2000e+01 2.7000e+01 2.2000e+01 8.0000e+01 5.1400e+02 4.8000e+01 3.6000e+01 1.4000e+02 2.5000e+01 2.8000e+01 9.0000e+00 5.8510e+03 3.8000e+01 6.0000e+01 4.7000e+01 1.5000e+01 3.6000e+01 1.6000e+01 3.9000e+01 1.6000e+01 5.9520e+03 3.2000e+01 3.0000e+01
4.4000e+01 7.0000e+01 5.4000e+01 3.0000e+01 1.2000e+01 2.4620e+03 2.0000e+01 2.0000e+01 2.5000e+01 3.5000e+01 5.2000e+02 4.7000e+01 3.5000e+01 6.3000e+01 1.7710e+03 1.3700e+02 5.3000e+01 2.7000e+01 4.1000e+01 2.4000e+01 2.1000e+01 2.3000e+01 3.1000e+01 1.9000e+01 1.4700e+02 3.3000e+01 3.0000e+01 3.2000e+01 1.2500e+02 4.6010e+03 2.8000e+01 1.8900e+02 3.1000e+01 2.4000e+01 1.2500e+02 2.5000e+01 2.4000e+01 6.0450e+03 8.0000e+00 7.0000e+01 3.0000e+01 1.7600e+02 5.3480e+03 2.7000e+01 2.8200e+02 1.4000e+01 1.5000e+01 1.9000e+01 2.5000e+01 2.3000e+01
1.8200e+02 5.1000e+01 1.7700e+02 6.6000e+01 3.7000e+01 8.9000e+01 1.8700e+02 3.4000e+01 3.4000e+01 1.0400e+02 7.0000e+01 4.6000e+01 4.5000e+01 3.9000e+01 6.5000e+01 5.3590e+03 5.5000e+01 4.2000e+01 5.3000e+01 4.4000e+01 5.3000e+01 4.7000e+01 3.6100e+02 2.3300e+02 3.8000e+01 4.7000e+01 5.8000e+01 6.1000e+01 4.6000e+01 1.1070e+03 4.9000e+01 5.1000e+01 5.2000e+01 5.1000e+01 6.8000e+01 3.3000e+01 3.6000e+01 1.5000e+01 2.1000e+01 5.2000e+01 4.6000e+01 1.0500e+02 2.1000e+01 6.1000e+01 1.0000e+01 8.1000e+01 1.9000e+01 1.9000e+01 4.0000e+01 3.8000e+01
4.0000e+02 2.8950e+03 9.5000e+01 1.2000e+01 1.7000e+01 7.1000e+01 2.0000e+01 2.4000e+01 1.1410e+03 1.9400e+02 1.8000e+01 1.7000e+01 1.0300e+02 3.3000e+01 1.1210e+03 6.4000e+01 2.9750e+03 4.3770e+03 3.4000e+01 4.8100e+02 1.0300e+02 5.0000e+01 1.7470e+03 4.9570e+03 8.9000e+01 4.5160e+03 6.9000e+01 5.5010e+03 2.6200e+02 7.0000e+00 6.2000e+01 4.6000e+01 1.6000e+01 6.0000e+01 1.0700e+02 1.9800e+02 4.6000e+01 4.0000e+00 1.0000e+00 5.2860e+03 5.1000e+01 8.9200e+02 2.0000e+00 4.5000e+01 6.0000e+00 8.1000e+01 1.0000e+00 2.0000e+01 5.9000e+01 2.8000e+01
3.3000e+01 4.8000e+01 9.0000e+01 5.3800e+03 1.1100e+02 5.2000e+01 4.3600e+02 2.7300e+02 1.1400e+02 4.8000e+01 5.4000e+01 5.4010e+03 4.7000e+01 7.8000e+01 7.1000e+01 1.9500e+02 3.0500e+02 8.2000e+01 1.7900e+02 5.5000e+01 3.3000e+01 3.3000e+02 5.2700e+02 1.7200e+02 8.1000e+01 1.1110e+03 4.2000e+01 5.7000e+01 5.8000e+01 5.1000e+01 2.2200e+02 7.3000e+01 3.8000e+01 2.5400e+02 5.0160e+03 3.3700e+03 5.2000e+01 3.3000e+01 2.0000e+00 6.3000e+01 1.0800e+02 7.8000e+01 6.1400e+02 2.5500e+02 8.0000e+00 2.9000e+01 5.9500e+03 1.0000e+01 2.8000e+01 1.8900e+02
1.6000e+01 7.9800e+02 1.0000e+01 9.0000e+00 0.0000e+00 2.9300e+02 3.7000e+01 2.5700e+02 6.2000e+01 5.1000e+01 1.8000e+01 2.7700e+02 2.8700e+02 8.9000e+01 2.7240e+03 3.0000e+00 8.8300e+02 1.2590e+03 4.2880e+03 1.7420e+03 1.4200e+02 2.5000e+01 2.5000e+01 1.7000e+01 6.9000e+01 5.2000e+01 9.3100e+02 6.0000e+01 0.0000e+00 5.0000e+00 1.1000e+01 3.1000e+02 3.8670e+03 2.9530e+03 9.5000e+01 2.1270e+03 3.8320e+03 4.0000e+00 2.0000e+00 3.1800e+02 3.6000e+01 2.9000e+01 0.0000e+00 4.9510e+03 2.0000e+00 3.0000e+00 5.0000e+00 8.0000e+00 1.5000e+01 4.4650e+03
