6.0000e+01 1.4000e+01 3.4120e+03 7.0000e+00 2.8000e+01 4.8500e+02 1.7000e+02 3.4880e+03 1.7210e+03 3.6100e+02 3.1000e+01 2.8000e+01 1.0000e+01 1.0000e+00 5.6000e+01 6.0000e+00 1.1000e+01 5.0000e+00 1.6000e+01 2.0000e+01 5.4000e+01 6.0000e+00 3.9000e+01 1.9000e+01 1.0000e+00 1.1000e+01 2.2500e+03 2.6000e+01 7.3900e+02 3.0000e+00 3.5790e+03 3.4390e+03 7.2500e+02 1.3380e+03 4.3000e+01 1.2000e+01 2.6000e+01 2.0000e+00 0.0000e+00 4.2000e+01 3.1800e+02 0.0000e+00 0.0000e+00 6.1000e+01 2.0000e+00 5.0000e+00 1.0000e+00 3.2000e+01 3.0000e+00 7.4100e+02
9.7000e+01 7.5500e+02 0.0000e+00 0.0000e+00 4.1810e+03 0.0000e+00 3.5000e+01 1.4700e+02 8.0000e+00 9.0000e+00 0.0000e+00 0.0000e+00 0.0000e+00 0.0000e+00 7.0000e+00 5.0000e+01 2.0000e+00 0.0000e+00 2.5000e+01 8.3000e+01 2.0000e+00 1.2100e+02 1.0390e+03 2.0000e+00 5.0000e+00 1.0000e+00 3.0000e+00 0.0000e+00 2.1800e+03 2.2500e+02 7.0000e+00 0.0000e+00 0.0000e+00 4.0000e+00 6.0000e+00 1.1000e+01 1.0000e+01 2.0000e+00 0.0000e+00 0.0000e+00 0.0000e+00 1.0000e+01 0.0000e+00 1.6000e+01 5.6130e+03 3.9000e+03 0.0000e+00 1.0000e+00 8.6000e+01 4.0000e+00
5.0000e+00 5.3000e+01 2.0000e+00 1.8500e+02 5.0000e+00 3.9900e+02 1.6700e+02 3.6000e+01 9.5800e+02 8.7900e+02 3.5550e+03 4.0000e+00 2.5700e+03 3.5540e+03 1.0000e+01 2.9000e+01 7.3800e+02 1.4000e+01 2.8400e+02 4.0000e+01 5.5700e+02 3.7000e+01 6.0000e+00 2.5900e+02 3.5970e+03 1.9000e+01 4.5000e+01 2.3000e+01 5.4300e+02 0.0000e+00 1.4000e+01 2.5000e+01 3.9200e+02 1.8400e+02 1.9900e+02 3.0000e+01 6.9800e+02 0.0000e+00 2.0000e+00 2.3000e+01 2.5200e+03 1.4900e+02 0.0000e+00 4.8000e+01 1.0000e+00 5.0000e+00 3.0000e+00 1.0000e+01 1.3300e+02 3.4000e+01
4.8900e+03 8.0000e+00 6.5600e+02 1.1100e+02 0.0000e+00 1.5530e+03 4.0880e+03 3.0000e+01 1.0900e+02 3.1900e+03 1.0000e+00 8.0000e+00 8.0600e+02 7.6000e+01 3.0000e+00 4.0000e+00 6.0000e+00 9.3000e+01 3.0900e+02 1.0000e+00 3.0000e+01 4.5260e+03 0.0000e+00 1.6000e+01 0.0000e+00 8.0000e+01 4.6300e+02 1.0000e+01 0.0000e+00 2.0000e+00 0.0000e+00 6.0000e+00 1.0300e+02 1.0000e+00 8.0000e+00 0.0000e+00 7.8500e+02 1.0000e+00 0.0000e+00 1.0000e+00 1.1790e+03 3.0030e+03 0.0000e+00 2.1700e+02 2.0000e+00 0.0000e+00 1.0000e+00 8.0000e+00 5.0040e+03 2.0000e+00
9.0000e+00 1.2000e+01 0.0000e+00 0.0000e+00 5.0000e+00 0.0000e+00 2.3300e+02 2.0000e+00 0.0000e+00 0.0000e+00 0.0000e+00 3.1000e+01 0.0000e+00 2.0000e+00 0.0000e+00 3.3000e+01 3.6000e+01 0.0000e+00 1.0000e+00 1.3230e+03 2.2720e+03 4.0000e+00 2.0900e+02 2.4000e+01 2.0000e+00 0.0000e+00 0.0000e+00 0.0000e+00 1.0000e+00 3.0000e+00 1.3000e+01 2.0500e+02 4.0000e+00 1.0000e+00 4.0000e+01 0.0000e+00 0.0000e+00 0.0000e+00 5.3910e+03 0.0000e+00 8.0000e+00 0.0000e+00 3.0000e+00 0.0000e+00 3.0000e+00 7.0000e+00 1.0000e+00 4.2370e+03 1.0000e+00 0.0000e+00
8.0000e+00 1.1000e+01 1.2000e+01 4.0000e+00 0.0000e+00 1.2510e+03 0.0000e+00 0.0000e+00 0.0000e+00 4.0000e+00 2.3500e+02 1.0000e+01 2.0000e+00 1.3000e+01 6.9600e+02 7.0000e+01 7.0000e+00 2.0000e+00 2.0000e+00 0.0000e+00 1.0000e+00 0.0000e+00 0.0000e+00 0.0000e+00 4.8000e+01 2.0000e+00 0.0000e+00 0.0000e+00 4.8000e+01 3.4890e+03 1.0000e+00 7.7000e+01 2.0000e+00 0.0000e+00 4.4000e+01 2.0000e+00 1.0000e+00 6.0450e+03 8.0000e+00 1.2000e+01 2.0000e+00 4.2000e+01 5.3480e+03 0.0000e+00 2.2700e+02 0.0000e+00 2.0000e+00 5.0000e+00 1.0000e+00 0.0000e+00
5.5000e+01 2.0000e+00 5.3000e+01 1.3000e+01 8.0000e+00 1.9000e+01 5.7000e+01 2.0000e+00 0.0000e+00 2.3000e+01 1.3000e+01 6.0000e+00 2.0000e+00 2.0000e+00 5.0000e+00 3.2040e+03 4.0000e+00 4.0000e+00 2.0000e+00 3.0000e+00 9.0000e+00 4.0000e+00 9.4000e+01 7.9000e+01 2.0000e+00 3.0000e+00 4.0000e+00 4.0000e+00 7.0000e+00 6.7500e+02 4.0000e+00 8.0000e+00 5.0000e+00 5.0000e+00 1.3000e+01 2.0000e+00 2.0000e+00 3.0000e+00 8.0000e+00 3.0000e+00 4.0000e+00 1.3000e+01 6.0000e+00 6.0000e+00 0.0000e+00 2.5000e+01 2.0000e+00 3.0000e+00 3.0000e+00 2.0000e+00
2.6000e+02 1.6810e+03 4.9000e+01 1.0000e+00 6.0000e+00 3.3000e+01 4.0000e+00 6.0000e+00 7.0300e+02 1.0900e+02 3.0000e+00 3.0000e+00 4.3000e+01 9.0000e+00 6.1100e+02 4.3000e+01 1.8190e+03 3.1960e+03 6.0000e+00 2.8800e+02 5.9000e+01 1.8000e+01 9.8300e+02 3.7970e+03 4.1000e+01 2.9540e+03 2.3000e+01 3.2120e+03 1.7800e+02 4.0000e+00 2.4000e+01 2.0000e+01 1.0000e+00 2.3000e+01 5.8000e+01 1.2300e+02 1.8000e+01 1.0000e+00 0.0000e+00 3.2500e+03 1.9000e+01 4.4900e+02 0.0000e+00 1.3000e+01 4.0000e+00 5.3000e+01 1.0000e+00 1.5000e+01 2.5000e+01 7.0000e+00
3.0000e+00 3.0000e+00 2.4000e+01 2.8070e+03 4.9000e+01 9.0000e+00 1.7900e+02 1.0400e+02 2.7000e+01 7.0000e+00 1.0000e+01 2.7860e+03 4.0000e+00 1.6000e+01 9.0000e+00 9.8000e+01 9.2000e+01 2.0000e+01 4.1000e+01 8.0000e+00 4.0000e+00 1.1800e+02 1.6700e+02 6.1000e+01 1.8000e+01 4.4400e+02 2.0000e+00 5.0000e+00 1.4000e+01 2.0000e+01 7.0000e+01 1.9000e+01 3.0000e+00 8.4000e+01 2.5460e+03 1.7110e+03 9.0000e+00 1.6000e+01 1.0000e+00 8.0000e+00 2.8000e+01 9.0000e+00 5.1100e+02 7.7000e+01 0.0000e+00 5.0000e+00 4.3270e+03 0.0000e+00 1.0000e+00 6.0000e+01
5.0000e+00 5.3800e+02 1.0000e+00 1.0000e+00 0.0000e+00 2.2900e+02 1.9000e+01 2.0300e+02 3.2000e+01 2.8000e+01 6.0000e+00 2.2800e+02 1.8900e+02 5.4000e+01 1.9270e+03 0.0000e+00 6.2600e+02 1.0860e+03 3.0220e+03 1.4110e+03 1.1100e+02 9.0000e+00 6.0000e+00 6.0000e+00 4.0000e+01 2.5000e+01 6.4500e+02 2.5000e+01 0.0000e+00 3.0000e+00 1.0000e+00 2.6100e+02 3.1890e+03 2.4370e+03 6.5000e+01 1.9650e+03 3.4160e+03 3.0000e+00 0.0000e+00 2.0600e+02 1.7000e+01 7.0000e+00 0.0000e+00 3.8740e+03 1.0000e+00 1.0000e+00 3.0000e+00 2.0000e+00 4.0000e+00 3.8080e+03
