2.5000e+01 1.7000e+01 1.6000e+01 3.2000e+01 3.5000e+01 2.9000e+01 3.4970e+03 2.2000e+01 2.3000e+01 1.6000e+01 2.7000e+01 2.7000e+01 2.1000e+01 2.2000e+01 2.8000e+01 3.4000e+01 2.6000e+01 3.7000e+01 2.1000e+01 1.9000e+01 3.1000e+01 3.1000e+01 2.4000e+01 2.2000e+01 3.2000e+01 2.4000e+01 3.1000e+01 2.0000e+01 3.5000e+01 1.7000e+01 2.6000e+01 1.9000e+01 2.6000e+01 1.6000e+01 2.7000e+01 3.5000e+01 2.4000e+01 3.0000e+01 1.8700e+02 2.2000e+01 3.2000e+01 1.3000e+01 2.3000e+01 2.1000e+01 2.1000e+01 1.9000e+01 2.4000e+01 1.9000e+01 2.9000e+01 2.6000e+01
1.9000e+01 2.8000e+01 2.2000e+01 2.2000e+01 2.4000e+01 3.1000e+01 2.1000e+01 1.9000e+01 2.5000e+01 2.5000e+01 2.8000e+01 1.9000e+01 1.9000e+01 3.2000e+01 3.1000e+01 1.5000e+01 4.2220e+03 1.9000e+01 2.4000e+01 2.2000e+01 2.4000e+01 1.9000e+01 2.4000e+01 2.5000e+01 2.4000e+01 3.1000e+01 2.1000e+01 2.0000e+01 2.4000e+01 2.9000e+01 2.0000e+01 4.7000e+01 2.8000e+01 2.5000e+01 1.1630e+03 2.6000e+01 1.8000e+01 2.5000e+01 3.5000e+01 2.1000e+01 2.7000e+01 2.0000e+01 1.8000e+01 2.0000e+01 3.4000e+02 2.4000e+01 2.6000e+01 3.0000e+01 2.2000e+01 2.1000e+01
2.1000e+01 2.2000e+01 2.1000e+01 1.6000e+01 2.2000e+01 1.3700e+03 2.1000e+01 2.0000e+01 2.9000e+01 2.1000e+01 2.9000e+01 1.7000e+01 1.7000e+01 1.9000e+01 2.3000e+01 2.8000e+01 2.2000e+01 2.5000e+01 3.1000e+01 2.6000e+01 2.4000e+01 3.0000e+01 1.7000e+01 1.9000e+01 2.5000e+01 2.3000e+01 2.0000e+01 2.5000e+01 2.7000e+01 2.6000e+01 2.9000e+01 1.9000e+01 2.0000e+01 2.5000e+01 2.9000e+01 2.5000e+01 2.2000e+01 6.2000e+01 2.4000e+01 2.5000e+01 3.0000e+01 2.2000e+01 2.1000e+01 4.8280e+03 2.6000e+01 2.2000e+01 2.1000e+01 2.9000e+01 2.0000e+01 2.6000e+01
2.7000e+01 2.0000e+01 2.6000e+01 2.9000e+01 1.7000e+01 2.8000e+01 3.0000e+01 2.1000e+01 3.1000e+01 2.7000e+01 2.4000e+01 3.3000e+01 2.5000e+01 3.1000e+01 2.3000e+01 3.1000e+01 2.4000e+01 2.7000e+01 2.3000e+01 2.6000e+01 2.6000e+01 3.0000e+01 2.2000e+01 3.1000e+01 2.3000e+01 2.4000e+01 2.4000e+01 2.9000e+01 3.5000e+01 4.1970e+03 2.2000e+01 2.0000e+01 2.2000e+01 2.5000e+01 1.9000e+01 3.0000e+01 2.4000e+01 1.8000e+01 2.9000e+01 2.9000e+01 1.9000e+01 2.6000e+01 2.5000e+01 2.8000e+01 2.0000e+01 1.7000e+01 1.7000e+01 2.8000e+01 1.5000e+01 2.6000e+01
2.0000e+01 2.5000e+01 2.8000e+01 2.3000e+01 1.8000e+01 3.0000e+01 2.7000e+01 2.8000e+01 2.2000e+01 2.3000e+01 1.7000e+01 3.6000e+01 1.8000e+01 3.7000e+01 1.7000e+01 1.9000e+01 2.4000e+01 2.0000e+01 1.7000e+01 2.8000e+01 1.9000e+01 2.9000e+01 2.6000e+01 2.3000e+01 2.6000e+01 2.6000e+01 2.1000e+01 3.6000e+01 4.7770e+03 2.2000e+01 1.3000e+01 1.9000e+01 1.7000e+01 2.5000e+01 1.9000e+01 2.5000e+01 2.1000e+01 2.7000e+01 2.4000e+01 2.6000e+01 2.9000e+01 1.7000e+01 2.2000e+01 2.2000e+01 2.3000e+01 2.5000e+01 2.5000e+01 2.4000e+01 2.8000e+01 2.8000e+01
2.9000e+01 2.3000e+01 2.4000e+01 2.3000e+01 3.5000e+01 2.5000e+01 1.8000e+01 3.3000e+01 2.7000e+01 1.8000e+01 2.1000e+01 1.7000e+01 1.9000e+01 1.7000e+01 1.9000e+01 2.4000e+01 3.5000e+01 3.5000e+01 2.7000e+01 2.6000e+01 2.6000e+01 2.8000e+01 1.7000e+01 2.2000e+01 2.1000e+01 3.4000e+01 2.5000e+01 3.2000e+01 1.9000e+01 1.4000e+01 3.0000e+01 2.1000e+01 2.8000e+01 3.0000e+01 2.2000e+01 2.8000e+01 2.5000e+01 2.6000e+01 2.2000e+01 1.1400e+03 1.5000e+01 1.7000e+01 4.7030e+03 2.5000e+01 3.1000e+01 2.1000e+01 3.2000e+01 2.6000e+01 2.4000e+01 2.6000e+01
4.7830e+03 2.5000e+01 4.1000e+01 2.0000e+01 3.8000e+01 2.5000e+01 2.3000e+01 1.6000e+01 1.6000e+01 1.4000e+01 3.0000e+01 1.7000e+01 2.1000e+01 2.2000e+01 2.6000e+01 2.5000e+01 1.7000e+01 2.5000e+01 2.4000e+01 2.7000e+01 2.2000e+01 2.3000e+01 3.2000e+01 2.8000e+01 2.2000e+01 1.9000e+01 2.1000e+01 2.1000e+01 2.2000e+01 2.8000e+01 2.6000e+01 3.0000e+01 2.6000e+01 2.4000e+01 2.2000e+01 2.3000e+01 2.2000e+01 2.0000e+01 2.3000e+01 1.5000e+01 3.0000e+01 3.0000e+01 2.3000e+01 2.8000e+01 2.8000e+01 3.3400e+02 2.2000e+01 1.2000e+01 3.9000e+01 2.7000e+01
1.9000e+01 2.6000e+01 2.4000e+01 2.6000e+01 2.7000e+01 3.8000e+01 2.8000e+01 2.5000e+01 1.5000e+01 1.8000e+01 3.6000e+01 2.7000e+01 2.9000e+01 2.3000e+01 2.1000e+01 3.3000e+01 2.6000e+01 2.8000e+01 2.1000e+01 2.1000e+01 3.6000e+01 2.1000e+01 3.3000e+01 2.5000e+01 1.8000e+01 2.7000e+01 2.5000e+01 3.0000e+01 2.5000e+01 2.1000e+01 2.2000e+01 2.1000e+01 2.5000e+01 3.2000e+01 3.0000e+01 2.9000e+01 2.5000e+01 2.5000e+01 2.8000e+01 2.0000e+01 1.6000e+01 1.9000e+01 2.4000e+01 2.1000e+01 2.5000e+01 2.4000e+01 2.2000e+01 2.6000e+01 3.3000e+01 2.7000e+01
2.4000e+01 2.4000e+01 3.0000e+01 1.6000e+01 1.7000e+01 2.5000e+01 1.7000e+01 2.6000e+01 2.0000e+01 2.0000e+01 2.5000e+01 2.4000e+01 1.9000e+01 2.3000e+01 2.7000e+01 2.1000e+01 2.9000e+01 2.2000e+01 3.3000e+01 2.8000e+01 1.3000e+01 2.5000e+01 2.4000e+01 1.8000e+01 2.6000e+01 2.2000e+01 3.0000e+01 3.2000e+01 1.6000e+01 1.8000e+01 2.8000e+01 2.2000e+01 2.0000e+01 2.6000e+01 2.1000e+01 2.1000e+01 2.2000e+01 2.6000e+01 2.9000e+01 2.5000e+01 2.0000e+01 2.7000e+01 2.0000e+01 2.3000e+01 2.6000e+01 2.3000e+01 2.0000e+01 2.9000e+01 1.7000e+01 2.4000e+01
2.0000e+01 2.4000e+01 2.1000e+01 1.5000e+01 4.7750e+03 2.7000e+01 2.3000e+01 3.1000e+01 2.5000e+01 2.4000e+01 1.8000e+01 2.5000e+01 2.3000e+01 1.9000e+01 2.3000e+01 3.0000e+01 2.2000e+01 2.4000e+01 2.3000e+01 4.3000e+01 2.9000e+01 2.7000e+01 3.3000e+01 2.6000e+01 2.4000e+01 1.9000e+01 1.9000e+01 1.9000e+01 2.6000e+01 2.2000e+01 3.3000e+01 1.4000e+01 1.9000e+01 2.3000e+01 2.1000e+01 2.0000e+01 2.7000e+01 2.0000e+01 2.3000e+01 2.9000e+01 2.8000e+01 2.7000e+01 2.5000e+01 2.4000e+01 2.6000e+01 1.8000e+01 2.6000e+01 2.5000e+01 2.3000e+01 3.5000e+01
3.0000e+01 2.7000e+01 2.9000e+01 1.8000e+01 2.3000e+01 3.0000e+01 3.2000e+01 2.6000e+01 2.7000e+01 2.7000e+01 2.7000e+01 2.7000e+01 2.8000e+01 1.9000e+01 2.5000e+01 2.3000e+01 2.9000e+01 2.0000e+01 2.5000e+01 1.9000e+01 3.0000e+01 2.3000e+01 3.2000e+01 2.7000e+01 2.9000e+01 2.6000e+01 2.9000e+01 2.2000e+01 3.8000e+01 2.6000e+01 1.9120e+03 2.1000e+01 2.0000e+01 2.1000e+01 2.9000e+01 3.1000e+01 2.7000e+01 2.0000e+01 2.8000e+01 2.5000e+01 3.0000e+01 4.7210e+03 2.0000e+01 3.0000e+01 2.6000e+01 3.2000e+01 2.1000e+01 2.5000e+01 2.4000e+01 3.0000e+01
3.2000e+01 3.0000e+01 2.2000e+01 3.5000e+01 2.7000e+01 1.2930e+03 2.4000e+01 2.3000e+01 2.8000e+01 2.1000e+01 2.5000e+01 2.8000e+01 2.9000e+01 2.1000e+01 3.5000e+01 3.3320e+03 2.2000e+01 2.9000e+01 2.9000e+01 2.4000e+01 3.2000e+01 2.5000e+01 2.6000e+01 3.0000e+01 2.1000e+01 2.6000e+01 1.4000e+01 2.2000e+01 2.0000e+01 1.6000e+01 2.3000e+01 2.5000e+01 1.9000e+01 1.9000e+01 3.6000e+01 1.8000e+01 3.1000e+01 2.4000e+01 2.4000e+01 3.0000e+01 2.0000e+01 3.2000e+01 2.8000e+01 2.9000e+01 2.4000e+01 1.6000e+01 2.2000e+01 2.7000e+01 1.6000e+01 2.9000e+01
2.4000e+01 2.6000e+01 3.0000e+01 2.5000e+01 3.2000e+01 2.6000e+01 2.5000e+01 1.8000e+01 2.5000e+01 2.1000e+01 2.6000e+01 2.0000e+01 2.2000e+01 4.7150e+03 2.1000e+01 2.7000e+01 2.3000e+01 2.6000e+01 3.0000e+01 3.9000e+01 2.2000e+01 1.8000e+01 1.9000e+01 2.2000e+01 2.3160e+03 2.8000e+01 2.1000e+01 2.1000e+01 1.5000e+01 2.0000e+01 2.5000e+01 1.9000e+01 2.9000e+01 2.2000e+01 3.9000e+01 2.0000e+01 2.6000e+01 1.7000e+01 1.8000e+01 2.4000e+01 3.1000e+01 8.7000e+01 2.4000e+01 2.0000e+01 2.1000e+01 3.5000e+01 3.0000e+01 2.0000e+01 2.5000e+01 3.1000e+01
2.9000e+01 2.0000e+01 2.1000e+01 1.7000e+01 2.0000e+01 2.7000e+01 2.3000e+01 2.2000e+01 3.1000e+01 2.8000e+01 2.7000e+01 2.5000e+01 1.9000e+01 2.3000e+01 2.0000e+01 4.0000e+01 1.7000e+01 2.4000e+01 2.6000e+01 2.0000e+01 2.7000e+01 4.7830e+03 2.9000e+01 2.1000e+01 1.9000e+01 2.2000e+01 2.5000e+01 2.1000e+01 2.2000e+01 2.2000e+01 2.5000e+01 3.2000e+01 2.2000e+01 2.6000e+01 2.4000e+01 1.7000e+01 2.8000e+01 2.2000e+01 2.5000e+01 2.0000e+01 3.0000e+01 1.7000e+01 2.5000e+01 2.1000e+01 2.6000e+01 2.9000e+01 1.3000e+01 2.5000e+01 2.6000e+01 1.6000e+01
2.2000e+01 2.0000e+01 2.4000e+01 2.5000e+01 2.2000e+01 2.8000e+01 2.7000e+01 1.7000e+01 2.2000e+01 2.7000e+01 2.4000e+01 2.0000e+01 1.6000e+01 3.1000e+01 2.3000e+01 1.3000e+01 2.4000e+01 2.8000e+01 3.7000e+01 2.6000e+01 2.1000e+01 2.3000e+01 1.8000e+01 2.5000e+01 2.0000e+01 2.3000e+01 2.9000e+01 2.3000e+01 2.0000e+01 2.9000e+01 2.1000e+01 2.3000e+01 2.7000e+01 2.2000e+01 3.6000e+01 3.2000e+01 2.9000e+01 3.0000e+01 3.0000e+01 2.8000e+01 2.4000e+01 3.1000e+01 1.9000e+01 2.3000e+01 2.3000e+01 2.7000e+01 8.7300e+02 1.8000e+01 4.8080e+03 2.0000e+01
1.9000e+01 2.5000e+01 1.8000e+01 2.5000e+01 3.2000e+01 1.3000e+01 2.8000e+01 3.2000e+01 2.0000e+01 2.5000e+01 1.7000e+01 2.5000e+01 2.5000e+01 2.6000e+01 3.8000e+01 2.4000e+01 2.5000e+01 1.4000e+01 1.5000e+01 3.3000e+01 2.4000e+01 2.2000e+01 2.3000e+01 2.5000e+01 2.1000e+01 2.0000e+01 2.1000e+01 1.5000e+01 1.9000e+01 1.9000e+01 2.3000e+01 2.9000e+01 2.5000e+01 5.3000e+01 3.6720e+03 1.8000e+01 2.8000e+01 3.9000e+01 1.9000e+01 2.5000e+01 2.4000e+01 2.3000e+01 3.0000e+01 2.1000e+01 2.2000e+01 1.9000e+01 3.0000e+01 4.9300e+02 2.8000e+01 3.4000e+01
2.6000e+01 3.1000e+01 2.4000e+01 2.8000e+01 1.0000e+01 1.6000e+01 2.3000e+01 3.2000e+01 1.6000e+01 2.5000e+01 4.7210e+03 2.4000e+01 2.3000e+01 1.9000e+01 3.1000e+01 1.7000e+01 1.9000e+01 2.7000e+01 2.1000e+01 1.8000e+01 1.6000e+01 2.1000e+01 1.9000e+01 2.4000e+01 2.4000e+01 2.6000e+01 2.1000e+01 2.9000e+01 2.4000e+01 2.2000e+01 3.0000e+01 2.2000e+01 2.1000e+01 2.2000e+01 2.6000e+01 2.4000e+01 1.9000e+01 2.5000e+01 2.8000e+01 2.6000e+01 2.6000e+01 2.3000e+01 2.7000e+01 2.3000e+01 1.1000e+01 2.1000e+01 1.9000e+01 3.0000e+01 2.2000e+01 2.5000e+01
2.3000e+01 4.7910e+03 3.1000e+01 2.5000e+01 1.6000e+01 2.4000e+01 2.9000e+01 8.3000e+02 2.7000e+01 2.1000e+01 3.2000e+01 2.4000e+01 2.8000e+01 2.1000e+01 2.8000e+01 2.7000e+01 2.6000e+01 2.7000e+01 3.2000e+01 1.4000e+01 3.2000e+01 1.9000e+01 2.0000e+01 2.4000e+01 3.3000e+01 3.0000e+01 2.3000e+01 1.8000e+01 2.1000e+01 2.1000e+01 1.5000e+01 2.3000e+01 2.7000e+01 2.3000e+01 2.8000e+01 3.0000e+01 2.0000e+01 2.2000e+01 1.9000e+01 1.9000e+01 2.9000e+01 2.5000e+01 2.7000e+01 2.7000e+01 2.8000e+01 3.2000e+01 2.4000e+01 3.1000e+01 2.4000e+01 2.3000e+01
1.6000e+01 1.6000e+01 2.0000e+01 2.3000e+01 3.3000e+01 2.0000e+01 1.7000e+01 2.2000e+01 2.4000e+01 2.6000e+01 2.4000e+01 3.0000e+01 1.2000e+01 2.2000e+01 2.2000e+01 2.3000e+01 3.6000e+01 2.4000e+01 2.7000e+01 2.1000e+01 2.3000e+01 2.7000e+01 2.0000e+01 1.8000e+01 2.2000e+01 2.9000e+01 3.1000e+01 2.4000e+01 2.9000e+01 2.7000e+01 2.6000e+01 2.6000e+01 1.9000e+01 3.1000e+01 1.4000e+01 1.4000e+01 3.5000e+01 2.6000e+01 2.5000e+01 2.3000e+01 2.7000e+01 2.1000e+01 1.6000e+01 1.9000e+01 1.5000e+01 1.9000e+01 3.1000e+01 3.2000e+01 3.0000e+01 2.9000e+01
2.1000e+01 2.8000e+01 1.4000e+01 2.6000e+01 2.8000e+01 3.1000e+01 2.2000e+01 1.7000e+01 2.3000e+01 2.4000e+01 1.8000e+01 2.9000e+01 2.2000e+01 2.3000e+01 2.2000e+01 4.0000e+01 2.8000e+01 2.3000e+01 2.5000e+01 2.1000e+01 3.1000e+01 2.6000e+01 2.9000e+01 1.9000e+01 2.2000e+01 2.8000e+01 2.8000e+01 2.7000e+01 2.3000e+01 2.7000e+01 2.1000e+01 2.2000e+01 2.5000e+01 2.1000e+01 3.0000e+01 2.2000e+01 2.4000e+01 2.5000e+01 2.1000e+01 2.3000e+01 2.4000e+01 2.4000e+01 2.4000e+01 2.7000e+01 2.5000e+01 2.3000e+01 2.7000e+01 2.7000e+01 2.0000e+01 2.4000e+01
2.1000e+01 1.9000e+01 2.2000e+01 1.5000e+01 2.6000e+01 2.4000e+01 2.1000e+01 2.9000e+01 2.2000e+01 2.2000e+01 3.1000e+01 2.8000e+01 2.2000e+01 2.9000e+01 2.4000e+01 8.3000e+01 2.4000e+01 2.8000e+01 1.9000e+01 3.0000e+01 1.9000e+01 2.6000e+01 3.0000e+01 1.9000e+01 3.0000e+01 2.2000e+01 2.4000e+01 1.7000e+01 2.7000e+01 2.4000e+01 3.0000e+01 2.6000e+01 2.4000e+01 2.5000e+01 2.4000e+01 2.1000e+01 1.9000e+01 2.2000e+01 1.1000e+01 2.2000e+01 2.7000e+01 2.0000e+01 3.7000e+01 3.2000e+01 2.0000e+01 1.7000e+01 2.3000e+01 2.4000e+01 1.8000e+01 4.8700e+03
2.1000e+01 2.6000e+01 2.5000e+01 2.4000e+01 2.8000e+01 2.8000e+01 2.6000e+01 3.0000e+01 3.1000e+01 2.4000e+01 1.4000e+01 3.1000e+01 2.2000e+01 2.0000e+01 2.5000e+01 2.4000e+01 1.8000e+01 2.7000e+01 2.5000e+01 2.6000e+01 3.0000e+01 2.0000e+01 2.6000e+01 2.5000e+01 1.9000e+01 2.4000e+01 2.5000e+01 2.6000e+01 1.7000e+01 2.5000e+01 2.6000e+01 2.9000e+01 2.1000e+01 4.6500e+03 1.9000e+01 2.4000e+01 2.5000e+01 2.3000e+01 2.1000e+01 2.6000e+01 2.4000e+01 2.5000e+01 2.4000e+01 2.8000e+01 1.6000e+01 1.9000e+01 3.3000e+01 3.3000e+01 2.7000e+01 2.0000e+01
1.6000e+01 2.1000e+01 3.1000e+01 2.4000e+01 2.7000e+01 3.2000e+01 2.2000e+01 3.6000e+01 2.3000e+01 2.0000e+01 2.4000e+01 2.7000e+01 2.9000e+01 2.6000e+01 2.5000e+01 2.0000e+01 3.1000e+01 3.5000e+01 2.1000e+01 2.9000e+01 3.0000e+01 1.9000e+01 1.2310e+03 2.0000e+01 1.5000e+01 2.8000e+01 2.8000e+01 2.7000e+01 2.4000e+01 2.2000e+01 3.5000e+01 4.6690e+03 2.8000e+01 2.6000e+01 2.5000e+01 2.5000e+01 2.7000e+01 2.8000e+01 1.7000e+01 2.1000e+01 3.0000e+01 1.9000e+01 2.3000e+01 3.1000e+01 2.1000e+01 1.2000e+01 3.1000e+01 3.1000e+01 2.5000e+01 2.8000e+01
2.5000e+01 2.6000e+01 2.8000e+01 2.0000e+01 2.1000e+01 1.9000e+01 2.9000e+01 2.8000e+01 1.9000e+01 3.3000e+01 3.1000e+01 2.1000e+01 2.7000e+01 3.6000e+01 2.0000e+01 3.0000e+01 3.9000e+01 3.2000e+01 2.7000e+01 2.5000e+01 2.0000e+01 3.3000e+01 7.7800e+02 2.8000e+01 2.4000e+01 2.9000e+01 2.9000e+01 3.2000e+01 3.3000e+01 1.9000e+01 2.6000e+01 2.4000e+01 3.0000e+01 3.1000e+01 3.0000e+01 4.7890e+03 2.9000e+01 1.9000e+01 1.3000e+01 2.1000e+01 2.3000e+01 1.9000e+01 2.0000e+01 2.0000e+01 2.2000e+01 2.4000e+01 2.1000e+01 3.0000e+01 3.1000e+01 2.3000e+01
2.6000e+01 2.4000e+01 1.9000e+01 3.4000e+01 1.8000e+01 1.8000e+01 2.1000e+01 1.9000e+01 2.7000e+01 1.8000e+01 3.0000e+01 3.5000e+01 2.6000e+01 1.8000e+01 2.0000e+01 2.0000e+01 2.8000e+01 1.8000e+01 2.1000e+01 2.4000e+01 2.6000e+01 1.7000e+01 2.5000e+01 2.2000e+01 2.6000e+01 2.0000e+01 2.2000e+01 4.7800e+03 3.7000e+01 2.9000e+01 2.2000e+01 2.7000e+01 1.8000e+01 2.6000e+01 3.4000e+01 2.7000e+01 2.5000e+01 2.3000e+01 2.4000e+01 2.6000e+01 2.0000e+01 2.5000e+01 2.7000e+01 2.7000e+01 1.7230e+03 2.5000e+01 2.5000e+01 3.1000e+01 2.7000e+01 2.6000e+01
1.9000e+01 1.9000e+01 3.4000e+01 2.8000e+01 2.8000e+01 2.3000e+01 2.6000e+01 2.4000e+01 3.2000e+01 2.9000e+01 3.1000e+01 4.7990e+03 2.9000e+01 2.0000e+01 2.3000e+01 2.3000e+01 2.6000e+01 2.7000e+01 2.2000e+01 2.2000e+01 2.7000e+01 2.6000e+01 1.6000e+01 2.4000e+01 2.3000e+01 2.4000e+01 3.0000e+01 3.4000e+01 2.0000e+01 2.0000e+01 2.8000e+01 3.0000e+01 2.8000e+01 2.5000e+01 3.2000e+01 2.2000e+01 2.5000e+01 4.1200e+02 2.6000e+01 1.7000e+01 2.7000e+01 2.5000e+01 7.8000e+01 2.1000e+01 2.0000e+01 2.7000e+01 1.9000e+01 3.5000e+02 2.4000e+01 1.8000e+01
2.0000e+01 2.7000e+01 2.2000e+01 3.1000e+01 1.9000e+01 2.5000e+01 2.1000e+01 2.9000e+01 2.2000e+01 2.5000e+01 2.9000e+01 2.7000e+01 2.4000e+01 1.7000e+01 2.3000e+01 2.7000e+01 3.2000e+01 1.8000e+01 1.9000e+01 2.4000e+01 2.9000e+01 3.3000e+01 3.0000e+01 1.3000e+01 2.8000e+01 2.6000e+01 1.9000e+01 2.1000e+01 2.0000e+01 2.6000e+01 2.6000e+01 2.7000e+01 2.3000e+01 2.1000e+01 2.2000e+01 1.9000e+01 2.1000e+01 2.0000e+01 2.3000e+01 2.3000e+01 2.0000e+01 2.3000e+01 2.3000e+01 2.2000e+01 2.0000e+01 2.2000e+01 2.1000e+01 2.7000e+01 3.3000e+01 2.3000e+01
3.1000e+01 2.6000e+01 2.2000e+01 2.1000e+01 1.5000e+01 2.9000e+01 1.8000e+01 3.2000e+01 2.0000e+01 2.5000e+01 1.8000e+01 2.4000e+01 3.2000e+01 2.7000e+01 2.9000e+01 2.9000e+01 1.5000e+01 1.7000e+01 2.0000e+01 2.9000e+01 2.0000e+01 2.4000e+01 2.3000e+01 2.1000e+01 1.9000e+01 2.2000e+01 2.2000e+01 3.0000e+01 1.7000e+01 2.4000e+01 1.6000e+01 3.4000e+01 2.2000e+01 2.0000e+01 1.3000e+01 2.7000e+01 1.8000e+01 1.8000e+01 2.3000e+01 2.1000e+01 2.5000e+01 2.3000e+01 2.1000e+01 2.5000e+01 2.5000e+01 4.5350e+03 3.2000e+01 1.6000e+01 2.0000e+01 1.9000e+01
2.0000e+01 2.9000e+01 3.6000e+01 4.0520e+03 2.4000e+01 3.4000e+01 6.6600e+02 2.9000e+01 2.8000e+01 2.5000e+01 1.3000e+01 2.6000e+01 2.9000e+01 2.8000e+01 1.9000e+01 2.4000e+01 2.2000e+01 2.2000e+01 2.4000e+01 2.5000e+01 2.3000e+01 3.2000e+01 1.4000e+01 2.0000e+01 2.6000e+01 3.2000e+01 2.4000e+01 2.8000e+01 2.9000e+01 2.6000e+01 2.9000e+01 2.0000e+01 3.5000e+01 1.8000e+01 2.0000e+01 2.7000e+01 2.9000e+01 2.4000e+01 2.8000e+01 2.8000e+01 2.4000e+01 2.7000e+01 1.7000e+01 1.8000e+01 1.9000e+01 2.2000e+01 2.8000e+01 2.6000e+01 1.5000e+01 1.3000e+01
2.1000e+01 3.5000e+01 2.8000e+01 2.4000e+01 2.8000e+01 2.2000e+01 2.5000e+01 2.1000e+01 4.8330e+03 1.9000e+01 2.6000e+01 1.9000e+01 2.3000e+01 2.8000e+01 2.1000e+01 1.8000e+01 1.7000e+01 2.1000e+01 1.9000e+01 1.9000e+01 2.8000e+01 2.1000e+01 2.1000e+01 2.7000e+01 2.5000e+01 2.6000e+01 1.6000e+01 2.1000e+01 3.2000e+01 2.5000e+01 3.1000e+01 2.1000e+01 2.3000e+01 2.1000e+01 2.6000e+01 2.9000e+01 2.2000e+01 2.6000e+01 8.7400e+02 2.8000e+01 2.4000e+01 2.2000e+01 2.1000e+01 1.8000e+01 7.0000e+01 1.7000e+01 3.8000e+01 2.3000e+01 1.8000e+01 2.8000e+01
2.5000e+01 2.0000e+01 2.8000e+01 1.8000e+01 2.8000e+01 2.6000e+01 2.8000e+01 2.8000e+01 1.7000e+01 3.5000e+01 2.2000e+01 2.1000e+01 2.3000e+01 1.6000e+01 3.2000e+01 2.4000e+01 2.3000e+01 2.4000e+01 2.5000e+01 2.7000e+01 3.9000e+01 2.1000e+01 2.4000e+01 3.4000e+01 2.5170e+03 2.1000e+01 2.7000e+01 2.7000e+01 1.7000e+01 2.8000e+01 3.0000e+01 1.5000e+01 2.2000e+01 1.7000e+01 2.7000e+01 2.5000e+01 1.8000e+01 3.7000e+01 2.3000e+01 2.3000e+01 2.5000e+01 3.0000e+01 2.3000e+01 2.4000e+01 2.8000e+01 2.8000e+01 3.9510e+03 2.5000e+01 1.9000e+01 2.6000e+01
2.7000e+01 1.8000e+01 1.7000e+01 3.5000e+01 2.1000e+01 2.0000e+01 3.1000e+01 1.7000e+01 2.2000e+01 2.4000e+01 1.9000e+01 2.4000e+01 3.1000e+01 2.2000e+01 4.8590e+03 2.4000e+01 1.7000e+01 2.1000e+01 2.4000e+01 1.2000e+01 1.5000e+01 2.4000e+01 1.7000e+01 2.6000e+01 2.3000e+01 7.5000e+01 3.2000e+01 1.8000e+01 3.0000e+01 2.7000e+01 2.0000e+01 2.8000e+01 2.3000e+01 3.0000e+01 2.8000e+01 2.6000e+01 2.2000e+01 3.4000e+01 2.0000e+01 3.3000e+01 2.5000e+01 2.0000e+01 2.2000e+01 2.4000e+01 2.3000e+01 2.7000e+01 2.0000e+01 8.7000e+01 2.5000e+01 2.2000e+01
1.9000e+01 1.9000e+01 1.6000e+01 2.6000e+01 2.8000e+01 1.0600e+02 2.2000e+01 1.9000e+01 2.5000e+01 3.5000e+01 2.4000e+01 2.3000e+01 2.4000e+01 2.2000e+01 3.0000e+01 3.6000e+01 1.4000e+01 2.1000e+01 2.4000e+01 2.2000e+01 3.6000e+01 2.5000e+01 2.3000e+01 2.2000e+01 2.5000e+01 2.3000e+01 3.1000e+01 3.3000e+01 1.7000e+01 2.7000e+01 3.1000e+01 1.3000e+01 2.5000e+01 1.7000e+01 2.8000e+01 1.9000e+01 3.0000e+01 2.7000e+01 3.7150e+03 2.0000e+01 1.9000e+01 3.6000e+01 2.9000e+01 1.9000e+01 1.5000e+01 2.9000e+01 3.2000e+01 2.1000e+01 2.5000e+01 2.6000e+01
3.0000e+01 3.1000e+01 3.2000e+01 3.2000e+01 2.7000e+01 2.5000e+01 2.8000e+01 3.9350e+03 2.4000e+01 2.1000e+01 2.3000e+01 2.2000e+01 2.5140e+03 3.0000e+01 3.3000e+01 2.3000e+01 3.0000e+01 2.7000e+01 2.5000e+01 2.4000e+01 2.2000e+01 2.3000e+01 2.0000e+01 1.7000e+01 3.2000e+01 4.3000e+01 2.5000e+01 2.3000e+01 2.6000e+01 2.5000e+01 2.8000e+01 2.5000e+01 2.9000e+01 2.7000e+01 3.1000e+01 2.4000e+01 2.3000e+01 2.5000e+01 2.8000e+01 2.2000e+01 1.8000e+01 2.1000e+01 2.3000e+01 2.0000e+01 1.5000e+01 1.7000e+01 2.2000e+01 2.5000e+01 2.2000e+01 2.5000e+01
2.8000e+01 2.4000e+01 2.1000e+01 2.4000e+01 2.3000e+01 2.6000e+01 2.6000e+01 3.0000e+01 2.4000e+01 3.0000e+01 1.8000e+01 2.0000e+01 2.3000e+01 2.6000e+01 2.0000e+01 2.0000e+01 2.8000e+01 2.9000e+01 1.9000e+01 2.8000e+01 3.2000e+01 2.9000e+01 2.2000e+01 2.2000e+01 1.3000e+01 2.7000e+01 2.7000e+01 1.8000e+01 2.2000e+01 2.6000e+01 3.1000e+01 1.7000e+01 2.7000e+01 2.0000e+01 2.3000e+01 2.2000e+01 3.5000e+01 1.9000e+01 2.1000e+01 2.0000e+01 2.6000e+01 2.2000e+01 2.2000e+01 2.0000e+01 2.2000e+01 2.3000e+01 3.2000e+01 2.8000e+01 2.3000e+01 1.1000e+01
2.1000e+01 2.6000e+01 1.8000e+01 2.2000e+01 2.5000e+01 2.6000e+01 2.9000e+01 3.3000e+01 2.8000e+01 2.6000e+01 2.9000e+01 1.9000e+01 2.3000e+01 2.3000e+01 2.8000e+01 3.1000e+01 2.8000e+01 2.9000e+01 8.1000e+02 3.5000e+01 1.5000e+01 2.7000e+01 2.7000e+01 2.2000e+01 3.4000e+01 4.7470e+03 2.8000e+01 2.1000e+01 3.8000e+01 2.7000e+01 2.1000e+01 2.5000e+01 2.3000e+01 2.3000e+01 2.2000e+01 1.6000e+01 3.2000e+01 3.3000e+01 3.0000e+01 2.8000e+01 1.1390e+03 3.2000e+01 2.9000e+01 2.5000e+01 2.1000e+01 3.1000e+01 2.3000e+01 2.0000e+01 2.8000e+01 1.9000e+01
1.7000e+01 1.7000e+01 1.5000e+01 4.2000e+01 2.0000e+01 2.0000e+01 2.2000e+01 1.7000e+01 2.6000e+01 1.7000e+01 2.2000e+01 2.9000e+01 2.4000e+01 2.3000e+01 3.3000e+01 2.3000e+01 1.4000e+01 2.7000e+01 2.5000e+01 3.4000e+01 4.7820e+03 2.8000e+01 1.9000e+01 3.1000e+01 2.3000e+01 2.8000e+01 2.8000e+01 2.3000e+01 2.6000e+01 2.8000e+01 2.6000e+01 2.0000e+01 2.5000e+01 2.5000e+01 2.1000e+01 1.6000e+01 1.9000e+01 2.7000e+01 2.5000e+01 2.6000e+01 2.6000e+01 2.2000e+01 2.5000e+01 2.7000e+01 2.7190e+03 3.0000e+01 2.5000e+01 2.9000e+01 2.2000e+01 2.9000e+01
3.6000e+01 3.2000e+01 2.5000e+01 1.8000e+01 3.2000e+01 2.1870e+03 2.0000e+01 2.4000e+01 1.7000e+01 2.4000e+01 1.9000e+01 3.3000e+01 2.5000e+01 1.4000e+01 2.6000e+01 2.3000e+01 3.6000e+01 2.3000e+01 2.0000e+01 1.8000e+01 1.9000e+01 2.0000e+01 1.7000e+01 7.2000e+01 4.8000e+01 1.8000e+01 2.4000e+01 1.5000e+01 3.0000e+01 1.9000e+01 3.5000e+01 2.5000e+01 2.8000e+01 2.8000e+01 2.5000e+01 1.7000e+01 4.8590e+03 2.3000e+01 2.8000e+01 1.9000e+01 2.0000e+01 2.1000e+01 6.4000e+01 2.1000e+01 2.3000e+01 2.9000e+01 4.0000e+01 2.8000e+01 2.3000e+01 1.9000e+01
3.1000e+01 2.5000e+01 2.9000e+01 1.7000e+01 2.2000e+01 2.4000e+01 1.6000e+01 3.3000e+01 3.4000e+01 2.6000e+01 2.7000e+01 2.1000e+01 2.3540e+03 5.2000e+01 2.9000e+01 3.2000e+01 2.7000e+01 4.8110e+03 2.4000e+01 2.8000e+01 2.5000e+01 2.2000e+01 2.1000e+01 3.3000e+01 2.2000e+01 2.6000e+01 2.8000e+01 2.5000e+01 1.6000e+01 3.1000e+01 2.8000e+01 2.4000e+01 4.4000e+01 2.9000e+01 2.0000e+01 2.1000e+01 2.2000e+01 1.4000e+01 2.6000e+01 2.0000e+01 2.2000e+01 1.8000e+01 3.1000e+01 1.9000e+01 2.6000e+01 2.3000e+01 2.5000e+01 2.9000e+01 2.7000e+01 3.0000e+01
3.0000e+01 2.4000e+01 4.6000e+01 2.6000e+01 3.0000e+01 1.9000e+01 1.5000e+01 2.8000e+01 2.7000e+01 1.9000e+01 2.1000e+01 2.1000e+01 3.2000e+01 2.5000e+01 1.9000e+01 3.4000e+01 4.8500e+02 1.9000e+01 3.9210e+03 2.6000e+01 2.1000e+01 2.1000e+01 3.0000e+01 2.9000e+01 1.9000e+01 2.1000e+01 2.4000e+01 2.6000e+01 1.8000e+01 3.3000e+01 2.9200e+03 1.8000e+01 2.6000e+01 2.6000e+01 1.9000e+01 2.1000e+01 1.6000e+01 1.5000e+01 2.4000e+01 3.1000e+01 2.8000e+01 2.9000e+01 2.8000e+01 2.4000e+01 2.3000e+01 2.2000e+01 1.9000e+01 3.7000e+01 2.4000e+01 2.4000e+01
3.0000e+01 2.2000e+01 2.1000e+01 1.4000e+01 2.5000e+01 2.4000e+01 3.3000e+01 2.9000e+01 2.5000e+01 2.3000e+01 2.5000e+01 1.6000e+01 2.2000e+01 2.4000e+01 1.4000e+01 1.9000e+01 1.6000e+01 1.9000e+01 2.7000e+01 2.7000e+01 3.3000e+01 2.0000e+01 2.8430e+03 3.4000e+01 2.1000e+01 2.8000e+01 2.8000e+01 2.2000e+01 2.3000e+01 2.0000e+01 2.6000e+01 2.9000e+01 2.4000e+01 2.1000e+01 1.9000e+01 2.1000e+01 1.9000e+01 2.6000e+01 2.4000e+01 3.2000e+01 3.5000e+01 2.1000e+01 2.8000e+01 2.8000e+01 3.4000e+01 2.8000e+01 2.4000e+01 3.9900e+03 2.2000e+01 2.2000e+01
2.2000e+01 2.3000e+01 2.8000e+01 3.1000e+01 3.3000e+01 2.1000e+01 2.6000e+01 2.4000e+01 2.0000e+01 3.0000e+01 2.8000e+01 2.3000e+01 3.1000e+01 1.2800e+02 2.1000e+01 2.2000e+01 2.7000e+01 2.7000e+01 2.5000e+01 4.7700e+03 2.9000e+01 1.7000e+01 3.8000e+01 2.1000e+01 2.3000e+01 2.5000e+01 1.4860e+03 2.8000e+01 2.2000e+01 1.4000e+01 2.8000e+01 1.7000e+01 2.1000e+01 2.5000e+01 2.4000e+01 1.7000e+01 2.7000e+01 3.0000e+01 2.6000e+01 2.7000e+01 4.3000e+01 2.4000e+01 2.3000e+01 2.4000e+01 3.0000e+01 2.4000e+01 2.9000e+01 2.7000e+01 2.8000e+01 2.5000e+01
2.2000e+01 2.1000e+01 2.7000e+01 1.9000e+01 2.6000e+01 1.9000e+01 2.4000e+01 3.5000e+01 2.5000e+01 3.6000e+01 2.6000e+01 2.2000e+01 2.3000e+01 2.3000e+01 1.6000e+01 2.6000e+01 1.9000e+01 3.2000e+01 2.1000e+01 2.8000e+01 2.6000e+01 2.2000e+01 3.1000e+01 2.8000e+01 2.3000e+01 1.9000e+01 2.7000e+01 2.3000e+01 1.6000e+01 2.6000e+01 3.1000e+01 2.5000e+01 2.7000e+01 2.2000e+01 2.7000e+01 2.3000e+01 2.7000e+01 2.1000e+01 2.2000e+01 3.0000e+01 2.4000e+01 2.8000e+01 1.7000e+01 2.6000e+01 2.0000e+01 3.2000e+01 2.6000e+01 1.8000e+01 3.4000e+01 2.6000e+01
3.4000e+01 2.3000e+01 2.0000e+01 2.0000e+01 1.8000e+01 2.6000e+01 7.5500e+02 1.5000e+01 3.0000e+01 3.0000e+01 2.9000e+01 3.2000e+01 2.1000e+01 1.6000e+01 2.1000e+01 2.4000e+01 2.1000e+01 3.0000e+01 2.1000e+01 2.8000e+01 2.4000e+01 2.2000e+01 2.4000e+01 1.7000e+01 1.5000e+01 2.4000e+01 3.0000e+01 3.0000e+01 2.4000e+01 2.2000e+01 1.8000e+01 2.2000e+01 2.5000e+01 3.2000e+01 2.4000e+01 1.9000e+01 2.8000e+01 3.3000e+01 2.2000e+01 3.7430e+03 2.2000e+01 2.5000e+01 3.7000e+01 2.5000e+01 3.5000e+01 2.5000e+01 3.0000e+01 3.0000e+01 2.9000e+01 2.4000e+01
3.2000e+01 3.6000e+01 2.2000e+01 7.9000e+02 2.6000e+01 2.0000e+01 3.4000e+01 1.9000e+01 2.5000e+01 2.2000e+01 2.5000e+01 3.3000e+01 2.3000e+01 2.2000e+01 2.6000e+01 1.4130e+03 2.3000e+01 3.0000e+01 2.1000e+01 2.5000e+01 1.9000e+01 2.2000e+01 3.1000e+01 4.7460e+03 2.2000e+01 2.7000e+01 2.7000e+01 2.0000e+01 2.2000e+01 6.9700e+02 3.0000e+01 3.7000e+01 2.1000e+01 2.4000e+01 2.5000e+01 3.6000e+01 2.9000e+01 2.9000e+01 2.4000e+01 2.7000e+01 2.4000e+01 2.1000e+01 3.9000e+01 2.2000e+01 2.8000e+01 2.0000e+01 2.5000e+01 2.3000e+01 2.4000e+01 2.3000e+01
3.0000e+01 1.6000e+01 2.3000e+01 2.4000e+01 1.9000e+01 2.7000e+01 3.1000e+01 2.1000e+01 2.2000e+01 2.5000e+01 3.0000e+01 1.5000e+01 1.8000e+01 2.2000e+01 2.5000e+01 2.4000e+01 2.5000e+01 2.1000e+01 2.1000e+01 2.5000e+01 3.1000e+01 1.8000e+01 2.7000e+01 3.0000e+01 3.5000e+01 3.0000e+01 3.1910e+03 2.0000e+01 3.0000e+01 2.7000e+01 1.7000e+01 2.6000e+01 4.2550e+03 3.2000e+01 2.6000e+01 1.7000e+01 3.1000e+01 3.3000e+01 1.8000e+01 1.9000e+01 2.5000e+01 2.6000e+01 2.8000e+01 2.4000e+01 3.0000e+01 2.5000e+01 2.1000e+01 1.6000e+01 2.2000e+01 2.2000e+01
2.2000e+01 2.5000e+01 2.5000e+01 2.5000e+01 2.8000e+01 3.1000e+01 2.2000e+01 2.9000e+01 3.4000e+01 3.4000e+01 2.6000e+01 1.8000e+01 2.7000e+01 2.3000e+01 2.2000e+01 2.0000e+01 3.4000e+01 2.4000e+01 3.0000e+01 2.3000e+01 2.1000e+01 2.8000e+01 1.9000e+01 2.7000e+01 3.4000e+01 2.1000e+01 3.3000e+01 1.5000e+01 1.9000e+01 2.7000e+01 2.2000e+01 2.6000e+01 2.3000e+01 2.5000e+01 2.2000e+01 1.8000e+01 2.9000e+01 2.4000e+01 2.2000e+01 3.0000e+01 2.7000e+01 2.0000e+01 2.3000e+01 2.9000e+01 3.3000e+01 2.5000e+01 2.2000e+01 2.6000e+01 2.3000e+01 2.5000e+01
2.6000e+01 1.7000e+01 4.7370e+03 4.1000e+01 2.1000e+01 1.9000e+01 1.7000e+01 2.3000e+01 3.1000e+01 1.6000e+01 1.9000e+01 3.1000e+01 2.3000e+01 2.0000e+01 2.3000e+01 2.8000e+01 2.5000e+01 1.7000e+01 2.8000e+01 1.5000e+01 3.6000e+01 3.6000e+01 2.2000e+01 2.9000e+01 1.9000e+01 2.4000e+01 2.7000e+01 3.9000e+01 2.5000e+01 7.4000e+01 2.4000e+01 2.9000e+01 3.5000e+01 1.7000e+01 2.2000e+01 2.2000e+01 2.9000e+01 2.6000e+01 2.6000e+01 3.0000e+01 3.7460e+03 2.5000e+01 2.6000e+01 4.0000e+01 2.1000e+01 2.0000e+01 1.9000e+01 3.3000e+01 2.7000e+01 2.8000e+01
3.8000e+01 3.2000e+01 2.4000e+01 2.3000e+01 2.3000e+01 2.5000e+01 2.1000e+01 2.1000e+01 1.9000e+01 2.0000e+01 2.5000e+01 3.4000e+01 2.3000e+01 2.1000e+01 2.6000e+01 2.2000e+01 2.1000e+01 2.6000e+01 2.1000e+01 2.5000e+01 2.0000e+01 1.5000e+01 1.7000e+01 2.6000e+01 2.5000e+01 2.8000e+01 1.5000e+01 1.8000e+01 2.8000e+01 6.4000e+01 2.8000e+01 3.3000e+01 2.2000e+01 2.3000e+01 1.9000e+01 2.1000e+01 2.7000e+01 4.4720e+03 2.2000e+01 1.1000e+01 2.5000e+01 2.6000e+01 2.8000e+01 2.5000e+01 2.8000e+01 2.0000e+01 2.5000e+01 3.4000e+01 2.6000e+01 2.4000e+01
2.3000e+01 2.1000e+01 2.6000e+01 1.6000e+01 2.9000e+01 1.4000e+01 3.3000e+01 2.1000e+01 1.8000e+01 4.7930e+03 2.7000e+01 2.4000e+01 2.3000e+01 2.0000e+01 2.1000e+01 2.8000e+01 2.4000e+01 1.6000e+01 1.9000e+01 2.5000e+01 2.8000e+01 3.2000e+01 2.5000e+01 3.3000e+01 2.3000e+01 2.7000e+01 3.0000e+01 2.6000e+01 2.1000e+01 2.3000e+01 2.2000e+01 3.7000e+01 6.4600e+02 3.2000e+01 2.2000e+01 3.2000e+01 2.3000e+01 3.3000e+01 2.4000e+01 2.8000e+01 3.1000e+01 3.3000e+01 2.9000e+01 2.2000e+01 2.7000e+01 1.9000e+01 1.7000e+01 1.7000e+01 2.8000e+01 2.2000e+01
