6.1798e-01 3.2394e-01 7.3585e-01 2.3077e-01 5.3521e-01 7.3611e-01 6.2295e-01 6.8293e-01 5.7534e-01 7.1429e-01 4.6377e-01 4.3243e-01 2.1687e-01 2.6866e-01 4.7368e-01 4.3750e-01 1.2195e-01 2.1127e-01 1.2162e-01 4.0541e-01 5.5263e-01 2.5000e-01 3.6765e-01 4.4928e-01 1.3415e-01 3.8889e-01 6.9565e-01 2.0312e-01 6.8966e-01 6.0227e-01 6.8254e-01 8.4091e-01 6.4789e-01 6.2500e-01 4.3836e-01 3.6111e-01 4.4444e-01 6.0714e-01 5.6522e-01 3.0159e-01 6.1842e-01 0.0000e+00 2.1875e-01 3.6986e-01 7.3494e-01 1.8310e-01 3.6620e-01 5.9375e-01 2.3077e-01 6.2903e-01
4.8529e-01 3.4921e-01 0.0000e+00 0.0000e+00 6.8919e-01 0.0000e+00 3.0986e-01 5.1389e-01 2.3077e-01 1.4085e-01 0.0000e+00 0.0000e+00 9.8592e-02 0.0000e+00 5.5556e-02 5.7143e-01 9.8592e-02 0.0000e+00 2.1429e-01 3.0303e-01 2.7397e-01 3.9024e-01 5.3623e-01 7.0175e-02 1.4925e-02 8.5714e-02 2.4242e-01 0.0000e+00 5.9036e-01 6.2745e-01 2.4691e-01 0.0000e+00 0.0000e+00 2.1053e-01 3.6250e-01 1.9277e-01 2.5352e-01 1.6176e-01 4.0260e-01 0.0000e+00 0.0000e+00 1.5714e-01 1.4085e-01 2.6087e-01 1.0000e+00 7.0588e-01 0.0000e+00 1.2987e-01 2.9412e-01 1.1667e-01
2.9032e-01 3.5821e-01 2.5352e-01 5.8333e-01 4.2105e-01 6.0606e-01 5.0633e-01 3.1429e-01 6.0294e-01 6.2712e-01 7.7215e-01 2.4561e-01 5.6410e-01 6.8919e-01 2.4286e-01 5.6338e-01 6.7568e-01 4.1026e-01 5.0000e-01 4.3939e-01 6.3889e-01 4.1096e-01 2.8125e-01 6.3889e-01 5.6923e-01 4.0000e-01 4.3077e-01 3.6111e-01 8.0882e-01 5.5556e-01 3.5556e-01 3.7143e-01 6.1194e-01 6.0000e-01 6.3492e-01 4.3284e-01 5.3333e-01 3.7778e-01 6.6667e-01 4.0909e-01 6.9318e-01 3.4722e-01 9.1667e-01 3.9437e-01 3.5000e-01 3.5632e-01 3.6842e-01 3.2857e-01 5.5172e-01 4.1270e-01
1.0000e+00 4.4286e-01 9.2982e-01 7.5325e-01 3.7838e-01 8.8889e-01 1.0000e+00 6.6667e-01 7.1667e-01 9.1250e-01 2.4419e-01 9.3151e-01 7.9487e-01 7.1667e-01 1.7910e-01 6.9737e-01 3.8272e-01 7.1622e-01 8.0000e-01 8.9744e-02 9.0789e-01 9.3506e-01 9.4595e-02 1.0000e+00 6.0976e-02 7.6667e-01 7.7528e-01 4.0000e-01 4.2667e-01 7.4138e-01 1.2500e-01 7.6364e-01 6.6154e-01 3.4483e-02 3.3333e-01 6.2500e-02 8.7273e-01 9.6203e-01 7.4194e-01 1.2308e-01 8.1081e-01 7.1053e-01 3.3333e-01 6.8493e-01 9.2208e-01 1.0000e+00 9.3056e-01 8.5333e-01 9.5082e-01 2.7536e-01
1.0769e-01 1.3333e-01 0.0000e+00 0.0000e+00 1.2162e-01 0.0000e+00 3.2927e-01 0.0000e+00 0.0000e+00 0.0000e+00 7.5758e-02 2.2059e-01 0.0000e+00 3.5714e-02 0.0000e+00 2.7381e-01 1.5385e-01 2.6316e-02 1.2000e-01 4.2029e-01 5.0685e-01 1.0811e-01 2.5263e-01 2.3529e-01 7.2727e-02 2.4096e-02 0.0000e+00 0.0000e+00 3.7736e-02 1.3043e-01 2.4615e-01 4.0506e-01 6.7568e-02 6.0241e-02 3.2258e-01 0.0000e+00 0.0000e+00 1.0843e-01 9.6970e-01 0.0000e+00 6.1538e-02 0.0000e+00 1.8667e-01 0.0000e+00 1.6216e-01 9.7222e-02 5.8824e-02 6.0870e-01 6.0976e-02 0.0000e+00
1.7284e-01 2.3684e-01 1.6176e-01 1.2195e-01 0.0000e+00 5.3846e-01 0.0000e+00 0.0000e+00 0.0000e+00 6.6667e-02 2.9333e-01 2.8000e-01 1.4474e-01 1.9737e-01 3.6986e-01 5.2632e-01 1.1842e-01 9.7222e-02 5.4795e-02 5.2632e-02 3.3824e-01 0.0000e+00 0.0000e+00 0.0000e+00 3.0000e-01 2.6316e-02 0.0000e+00 0.0000e+00 3.5484e-01 6.8333e-01 1.0465e-01 4.3421e-01 2.5373e-01 0.0000e+00 2.1739e-01 1.3514e-02 6.4935e-02 1.0000e+00 1.0000e+00 8.0645e-02 1.7143e-01 1.5854e-01 1.0000e+00 0.0000e+00 7.8409e-01 0.0000e+00 3.5294e-01 1.4103e-01 5.0000e-02 0.0000e+00
2.2857e-01 1.5625e-02 2.6471e-01 1.5385e-01 2.7273e-01 9.8361e-02 2.2892e-01 9.3023e-02 0.0000e+00 2.2535e-01 1.0465e-01 1.2162e-01 4.5455e-02 3.4483e-02 1.0606e-01 5.3125e-01 9.2308e-02 9.6154e-02 4.9180e-02 4.6875e-02 8.1967e-02 8.8608e-02 2.4359e-01 1.9444e-01 1.5000e-01 9.3750e-02 3.4483e-02 1.2329e-01 1.4493e-01 6.1972e-01 7.5758e-02 1.4286e-01 4.8387e-02 9.2105e-02 2.2500e-01 4.4118e-02 5.8824e-02 4.6154e-02 4.9425e-01 1.4493e-01 5.8824e-02 1.1765e-01 2.7848e-01 8.4746e-02 1.7742e-01 2.5714e-01 1.2195e-01 2.9114e-01 5.9701e-02 5.9524e-02
6.7470e-01 5.3571e-01 3.8667e-01 4.2424e-01 4.2029e-01 5.0000e-01 3.1944e-01 4.8101e-01 7.2857e-01 6.6154e-01 2.5301e-01 1.5517e-01 3.2468e-01 2.4286e-01 6.1765e-01 5.4545e-01 6.4062e-01 6.7949e-01 3.1944e-01 6.9231e-01 6.5152e-01 3.3333e-01 6.0256e-01 8.0233e-01 5.2113e-01 6.5060e-01 1.8056e-01 5.8333e-01 7.6812e-01 4.3662e-01 5.2000e-01 3.8889e-01 2.2857e-01 3.5185e-01 5.3947e-01 5.9722e-01 3.5294e-01 5.7143e-01 4.8684e-01 6.0870e-01 2.6562e-01 4.4304e-01 6.7949e-01 5.1163e-01 6.5217e-01 7.9518e-01 7.4324e-01 8.2192e-01 4.5714e-01 4.7368e-01
1.0959e-01 1.3793e-01 3.4426e-01 5.2564e-01 3.4524e-01 2.2727e-01 4.5833e-01 4.1772e-01 1.7808e-01 1.8667e-01 1.6923e-01 5.4795e-01 1.6949e-01 2.0270e-01 6.1538e-02 5.2113e-01 4.2667e-01 2.4286e-01 1.3333e-01 9.0909e-02 7.2727e-02 2.6984e-01 2.0635e-01 3.3721e-01 1.7544e-01 4.8571e-01 3.3333e-02 1.5152e-01 2.5758e-01 4.8101e-01 3.2203e-01 2.4528e-01 1.0145e-01 3.2000e-01 5.0000e-01 5.0000e-01 6.5574e-02 4.9296e-01 3.2000e-01 1.4815e-01 2.0238e-01 1.0606e-01 8.4211e-01 2.9730e-01 7.7922e-02 1.0667e-01 7.1233e-01 2.1333e-01 1.4516e-01 4.1333e-01
3.4247e-01 6.9444e-01 1.4815e-01 1.6484e-01 6.8116e-01 7.7419e-01 5.1515e-01 7.7143e-01 3.6765e-01 5.4545e-01 3.6364e-01 8.8889e-01 6.7742e-01 7.3134e-01 6.6250e-01 3.0488e-01 6.9118e-01 7.8873e-01 7.1605e-01 8.4375e-01 7.7922e-01 1.8667e-01 1.7568e-01 2.1667e-01 5.2727e-01 5.0000e-01 6.6667e-01 3.1343e-01 7.4242e-01 2.4561e-01 2.3729e-01 8.3529e-01 8.4722e-01 8.1818e-01 6.3380e-01 9.2683e-01 9.1667e-01 7.4684e-01 2.6761e-01 6.7647e-01 2.8571e-01 2.7027e-01 5.6627e-01 8.3333e-01 5.1515e-01 5.5696e-01 8.6420e-01 3.5385e-01 3.9437e-01 8.1159e-01
