5.5000e+01 2.3000e+01 3.9930e+03 1.5000e+01 3.8000e+01 5.5000e+01 3.8000e+01 2.4640e+03 4.3000e+01 3.4210e+03 3.2000e+01 3.2000e+01 1.8000e+01 1.8000e+01 3.6000e+01 2.1000e+01 1.0000e+01 1.5000e+01 9.0000e+00 3.0000e+01 4.2000e+01 1.6000e+01 2.5000e+01 3.1000e+01 1.1000e+01 2.8000e+01 3.2380e+03 1.3000e+01 6.0000e+01 5.3000e+01 3.4870e+03 4.0900e+03 4.7000e+01 5.1000e+01 3.2000e+01 2.6000e+01 2.8000e+01 3.4000e+01 3.9000e+01 1.9000e+01 4.8000e+01 0.0000e+00 1.4000e+01 2.7000e+01 6.1000e+01 1.3000e+01 2.6000e+01 3.8000e+01 1.5000e+01 9.0900e+02
3.3000e+01 2.3000e+01 0.0000e+00 0.0000e+00 3.8310e+03 0.0000e+00 2.2000e+01 1.0000e+03 1.8000e+01 1.0000e+01 0.0000e+00 0.0000e+00 7.0000e+00 0.0000e+00 4.0000e+00 4.6000e+01 7.0000e+00 0.0000e+00 1.5000e+01 2.0000e+01 2.0000e+01 3.2000e+01 2.2960e+03 4.0000e+00 1.0000e+00 6.0000e+00 1.6000e+01 0.0000e+00 5.9000e+01 3.2000e+01 2.0000e+01 0.0000e+00 0.0000e+00 2.0000e+01 2.9000e+01 1.6000e+01 1.8000e+01 1.1000e+01 3.1000e+01 0.0000e+00 0.0000e+00 1.1000e+01 1.0000e+01 1.8000e+01 5.3760e+03 3.7210e+03 0.0000e+00 1.0000e+01 2.0000e+01 7.0000e+00
1.8000e+01 2.4000e+01 1.8000e+01 4.2000e+01 2.4000e+01 4.0000e+01 4.0000e+01 2.2000e+01 4.3000e+01 3.7000e+01 3.7210e+03 1.4000e+01 9.1200e+02 3.4720e+03 1.7000e+01 4.0000e+01 2.9550e+03 3.2000e+01 2.9000e+01 2.9000e+01 4.6000e+01 3.0000e+01 1.8000e+01 4.7000e+01 3.4590e+03 2.4000e+01 2.8000e+01 2.6000e+01 3.6620e+03 4.5000e+01 3.2000e+01 2.6000e+01 4.1000e+01 3.7000e+01 4.1000e+01 2.9000e+01 3.2000e+01 3.4000e+01 5.0000e+01 2.7000e+01 3.6360e+03 2.5000e+01 5.5000e+01 2.8000e+01 2.1000e+01 3.1000e+01 2.1000e+01 2.3000e+01 3.2000e+01 2.6000e+01
5.3660e+03 3.1000e+01 5.6000e+01 5.8000e+01 2.8000e+01 5.6000e+01 5.2070e+03 3.2000e+01 4.3000e+01 8.2000e+01 2.1000e+01 6.9000e+01 3.0620e+03 4.3000e+01 1.2000e+01 5.3000e+01 3.1000e+01 5.3000e+01 3.3420e+03 7.0000e+00 6.9000e+01 4.8190e+03 7.0000e+00 7.5000e+01 5.0000e+00 4.6000e+01 7.0000e+01 3.0000e+01 3.2000e+01 4.3000e+01 1.0000e+01 4.2000e+01 4.3000e+01 3.0000e+00 2.6000e+01 3.0000e+00 4.8000e+01 7.6000e+01 4.6000e+01 8.0000e+00 6.0000e+01 3.7980e+03 3.0000e+01 5.0000e+01 7.1000e+01 6.9000e+01 6.7000e+01 6.4000e+01 5.0820e+03 1.9000e+01
7.0000e+00 8.0000e+00 0.0000e+00 0.0000e+00 9.0000e+00 0.0000e+00 2.7000e+01 0.0000e+00 0.0000e+00 0.0000e+00 5.0000e+00 1.5000e+01 0.0000e+00 3.0000e+00 0.0000e+00 2.3000e+01 1.0000e+01 2.0000e+00 9.0000e+00 8.9000e+02 2.6850e+03 8.0000e+00 2.4000e+01 1.6000e+01 4.0000e+00 2.0000e+00 0.0000e+00 0.0000e+00 2.0000e+00 9.0000e+00 1.6000e+01 3.2000e+01 5.0000e+00 5.0000e+00 2.0000e+01 0.0000e+00 0.0000e+00 9.0000e+00 4.9010e+03 0.0000e+00 4.0000e+00 0.0000e+00 1.4000e+01 0.0000e+00 1.2000e+01 7.0000e+00 5.0000e+00 3.8400e+03 5.0000e+00 0.0000e+00
1.4000e+01 1.8000e+01 1.1000e+01 1.0000e+01 0.0000e+00 2.7100e+03 0.0000e+00 0.0000e+00 0.0000e+00 5.0000e+00 2.2000e+01 1.4000e+01 1.1000e+01 1.5000e+01 2.7000e+01 4.0000e+01 9.0000e+00 7.0000e+00 4.0000e+00 4.0000e+00 2.3000e+01 0.0000e+00 0.0000e+00 0.0000e+00 2.1000e+01 2.0000e+00 0.0000e+00 0.0000e+00 2.2000e+01 1.7790e+03 9.0000e+00 3.3000e+01 1.7000e+01 0.0000e+00 1.5000e+01 1.0000e+00 5.0000e+00 5.2370e+03 1.0600e+02 5.0000e+00 1.2000e+01 1.3000e+01 5.4510e+03 0.0000e+00 6.9000e+01 0.0000e+00 2.4000e+01 1.1000e+01 4.0000e+00 0.0000e+00
1.6000e+01 1.0000e+00 1.8000e+01 1.0000e+01 1.8000e+01 6.0000e+00 1.9000e+01 8.0000e+00 0.0000e+00 1.6000e+01 9.0000e+00 9.0000e+00 3.0000e+00 2.0000e+00 7.0000e+00 3.2160e+03 6.0000e+00 5.0000e+00 3.0000e+00 3.0000e+00 5.0000e+00 7.0000e+00 1.9000e+01 1.4000e+01 1.2000e+01 6.0000e+00 2.0000e+00 9.0000e+00 1.0000e+01 1.8440e+03 5.0000e+00 9.0000e+00 3.0000e+00 7.0000e+00 1.8000e+01 3.0000e+00 4.0000e+00 3.0000e+00 4.3000e+01 1.0000e+01 5.0000e+00 8.0000e+00 2.2000e+01 5.0000e+00 1.1000e+01 1.8000e+01 1.0000e+01 2.3000e+01 4.0000e+00 5.0000e+00
5.6000e+01 5.5000e+01 2.9000e+01 2.8000e+01 2.9000e+01 2.8000e+01 2.3000e+01 3.8000e+01 3.4450e+03 4.4000e+01 2.1000e+01 9.0000e+00 2.5000e+01 1.7000e+01 2.9600e+03 3.6000e+01 4.2000e+01 3.8720e+03 2.3000e+01 1.9140e+03 4.3000e+01 2.6000e+01 4.7000e+01 4.1330e+03 3.7000e+01 5.7000e+01 1.3000e+01 3.0680e+03 5.4000e+01 3.1000e+01 3.9000e+01 2.8000e+01 1.6000e+01 1.9000e+01 4.1000e+01 4.3000e+01 2.4000e+01 4.0000e+01 3.7000e+01 3.2750e+03 1.7000e+01 3.5000e+01 5.3000e+01 4.4000e+01 4.5000e+01 6.6000e+01 5.6000e+01 6.0000e+01 3.2000e+01 2.7000e+01
8.0000e+00 8.0000e+00 2.1000e+01 2.6620e+03 2.9000e+01 1.5000e+01 3.7000e+01 3.6000e+01 1.3000e+01 1.4000e+01 1.1000e+01 2.6960e+03 1.0000e+01 1.5000e+01 4.0000e+00 3.7000e+01 3.5000e+01 1.7000e+01 1.0000e+01 6.0000e+00 4.0000e+00 1.7000e+01 1.3000e+01 2.9000e+01 1.0000e+01 2.1220e+03 2.0000e+00 1.0000e+01 1.7000e+01 3.8000e+01 1.9000e+01 1.3000e+01 7.0000e+00 2.4000e+01 2.6100e+03 9.9000e+02 4.0000e+00 3.5000e+01 2.4000e+01 8.0000e+00 1.7000e+01 7.0000e+00 4.9000e+01 2.2000e+01 6.0000e+00 8.0000e+00 3.9280e+03 1.6000e+01 9.0000e+00 3.2000e+01
2.5000e+01 3.5970e+03 1.2000e+01 1.5000e+01 4.7000e+01 4.9000e+01 3.4000e+01 5.4000e+01 2.5000e+01 3.6000e+01 2.4000e+01 7.4000e+01 4.3000e+01 4.9000e+01 5.5000e+01 2.5000e+01 4.7000e+01 5.8000e+01 6.6000e+01 1.6400e+02 6.0000e+01 1.4000e+01 1.3000e+01 1.3000e+01 2.9000e+01 3.5000e+01 3.6000e+01 2.1000e+01 4.9000e+01 1.4000e+01 1.4000e+01 7.1000e+01 4.3280e+03 4.3980e+03 4.5000e+01 3.1450e+03 4.8010e+03 5.9000e+01 1.9000e+01 4.6000e+01 2.0000e+01 2.0000e+01 4.7000e+01 4.0640e+03 3.4000e+01 4.4000e+01 7.0000e+01 2.3000e+01 2.8000e+01 3.3650e+03
