5.0000e+00 4.0000e+00 8.0000e+00 1.0000e+01 1.0000e+01 2.8100e+02 2.6000e+01 7.0000e+00 0.0000e+00 4.0000e+00 1.0000e+01 7.0000e+00 3.0000e+00 3.0000e+00 3.0000e+00 1.1000e+01 1.0000e+01 1.0000e+00 1.0000e+00 7.0000e+00 6.0000e+00 7.0000e+00 3.0000e+00 9.0000e+00 3.0000e+00 5.0000e+00 1.1000e+01 4.0000e+00 1.0000e+01 1.3000e+01 4.0000e+00 6.0000e+00 1.0000e+00 8.0000e+00 8.0000e+00 1.9000e+01 2.0000e+00 1.7000e+01 3.1730e+03 1.9000e+01 4.0000e+00 5.0000e+00 1.3000e+01 3.0000e+00 2.0000e+00 6.0000e+00 1.1000e+01 1.1000e+01 4.0000e+00 5.0000e+00
6.0000e+00 4.0000e+00 0.0000e+00 1.1000e+01 1.0000e+01 1.8000e+01 3.0000e+00 8.0000e+00 8.0000e+00 7.0000e+00 2.0000e+00 2.9130e+03 2.0000e+00 3.0000e+00 3.0000e+00 1.5000e+01 1.1000e+01 5.0000e+00 3.0000e+00 7.0000e+00 1.0680e+03 1.0000e+01 7.0000e+00 7.0000e+00 8.0000e+00 4.0000e+00 5.0000e+00 9.0000e+00 4.0000e+00 2.1000e+01 4.0000e+00 3.5000e+01 1.0000e+01 1.0000e+00 2.1000e+01 2.0000e+00 5.0000e+00 1.9000e+01 1.8000e+01 5.0000e+00 0.0000e+00 2.0000e+00 1.0700e+02 1.0000e+01 1.1000e+01 1.0000e+01 2.0000e+00 1.1000e+01 4.0000e+00 3.0000e+00
4.0000e+00 1.0000e+00 4.0000e+00 2.0000e+00 5.0000e+00 1.2000e+01 7.0000e+00 5.0000e+00 0.0000e+00 4.0000e+00 1.0000e+00 6.0000e+00 1.0000e+00 1.0000e+00 2.0000e+00 8.0000e+00 3.0000e+00 4.0000e+00 4.0000e+00 1.0000e+00 5.0000e+00 7.0000e+00 5.0000e+00 7.0000e+00 3.0000e+00 3.0000e+00 4.0000e+00 1.0000e+00 4.0000e+00 2.7750e+03 8.0000e+00 4.0000e+00 1.0000e+00 3.0000e+00 6.0000e+00 3.0000e+00 0.0000e+00 1.3000e+01 1.6000e+01 7.0000e+00 1.0000e+00 0.0000e+00 1.4000e+01 1.3000e+01 2.0000e+00 9.0000e+00 5.0000e+00 8.0000e+00 1.0000e+00 2.0000e+00
8.0000e+00 1.0000e+00 2.0000e+00 1.0000e+00 2.0000e+00 1.0000e+00 1.4000e+01 4.0000e+00 3.0000e+00 4.0000e+00 0.0000e+00 2.0000e+00 0.0000e+00 6.0000e+00 2.0000e+00 1.2000e+01 1.0000e+00 1.0000e+00 2.0000e+00 0.0000e+00 2.0000e+00 8.0000e+00 1.2000e+01 0.0000e+00 0.0000e+00 0.0000e+00 7.0000e+00 0.0000e+00 0.0000e+00 1.5000e+01 4.0000e+00 3.0000e+00 1.0000e+00 0.0000e+00 9.0000e+00 7.0000e+00 1.0000e+00 0.0000e+00 8.0000e+00 1.2000e+01 0.0000e+00 0.0000e+00 1.1000e+01 0.0000e+00 0.0000e+00 6.0000e+00 3.0000e+00 8.0000e+00 1.0000e+00 2.0000e+00
2.0000e+00 3.0000e+00 1.0000e+00 6.0000e+00 7.0000e+00 1.0000e+01 3.2000e+01 3.0000e+00 4.0000e+00 7.0000e+00 5.0000e+00 6.0000e+00 1.0000e+00 8.0000e+00 4.0000e+00 8.0000e+00 1.0000e+00 3.0000e+00 2.0000e+00 1.0000e+00 5.0000e+00 1.0000e+00 5.0000e+00 4.0000e+00 1.0000e+00 3.0000e+00 5.0000e+00 6.0000e+00 3.6500e+03 1.8000e+01 0.0000e+00 1.0000e+00 5.0000e+00 3.0000e+00 1.5000e+01 7.0000e+00 0.0000e+00 1.1000e+01 1.2800e+02 3.0000e+00 3.0000e+00 6.0000e+00 1.2000e+01 1.0000e+00 6.0000e+00 8.0000e+00 6.0000e+00 7.0000e+00 5.0000e+00 0.0000e+00
8.0000e+00 0.0000e+00 3.0000e+00 2.0000e+00 1.1000e+01 8.0000e+00 7.0000e+00 2.0000e+00 8.0000e+00 3.0000e+00 9.0000e+00 3.0000e+00 1.0000e+00 0.0000e+00 7.0000e+00 1.3000e+01 0.0000e+00 4.0000e+00 2.0000e+00 1.0000e+00 0.0000e+00 4.0000e+00 2.0000e+00 2.0000e+00 1.0000e+00 3.0000e+00 0.0000e+00 5.0000e+00 3.0000e+00 3.0000e+00 3.0000e+00 4.0000e+00 4.0000e+00 1.0000e+00 4.0000e+00 8.0000e+00 2.0000e+00 7.0000e+00 1.4000e+01 2.9840e+03 2.0000e+00 1.0000e+00 4.0000e+00 7.0000e+00 1.4000e+01 6.0000e+00 9.0000e+00 8.0000e+00 0.0000e+00 0.0000e+00
1.7200e+02 2.0000e+00 4.0000e+00 1.0000e+00 0.0000e+00 6.0000e+00 7.0000e+00 0.0000e+00 2.0000e+00 0.0000e+00 6.0000e+00 0.0000e+00 2.0000e+00 1.0000e+00 0.0000e+00 3.0000e+00 0.0000e+00 0.0000e+00 0.0000e+00 1.0000e+00 1.0000e+00 0.0000e+00 3.0000e+00 1.0000e+00 0.0000e+00 0.0000e+00 0.0000e+00 0.0000e+00 3.0000e+00 1.0000e+01 0.0000e+00 0.0000e+00 0.0000e+00 4.0000e+00 0.0000e+00 6.0000e+00 0.0000e+00 1.0000e+00 0.0000e+00 1.1000e+01 0.0000e+00 0.0000e+00 3.0000e+00 0.0000e+00 0.0000e+00 9.0000e+00 5.0000e+00 5.0000e+00 1.0000e+00 3.0000e+00
3.0000e+00 3.0000e+00 4.0000e+00 2.0000e+00 6.0000e+00 6.0000e+00 4.0000e+00 0.0000e+00 3.0000e+00 2.0000e+00 5.0000e+00 6.0000e+00 1.0000e+00 1.0000e+00 3.0000e+00 6.0000e+00 2.0000e+00 5.0000e+00 1.0000e+00 2.0000e+00 4.0000e+00 4.0000e+00 3.0000e+00 3.0000e+00 0.0000e+00 0.0000e+00 0.0000e+00 4.0000e+00 0.0000e+00 7.0000e+00 4.0000e+00 6.0000e+00 1.0000e+00 1.0000e+00 3.0000e+00 3.0000e+00 0.0000e+00 9.0000e+00 1.2000e+01 1.0000e+00 0.0000e+00 0.0000e+00 1.0000e+00 1.0000e+00 2.0000e+00 0.0000e+00 4.0000e+00 3.0000e+00 0.0000e+00 0.0000e+00
0.0000e+00 6.0000e+00 1.0000e+00 2.0000e+00 5.0000e+00 3.0000e+00 1.4000e+01 5.0000e+00 2.0000e+00 0.0000e+00 3.0000e+00 0.0000e+00 3.0000e+00 0.0000e+00 7.0000e+00 2.1570e+03 3.0000e+00 1.0000e+00 2.0000e+00 0.0000e+00 5.0000e+00 8.0000e+00 2.0000e+00 4.0000e+00 3.0000e+00 4.0000e+00 3.0000e+00 5.2100e+02 4.0000e+00 4.0000e+00 0.0000e+00 3.0000e+00 4.0000e+00 4.0000e+00 4.0000e+00 4.0000e+00 2.0000e+00 7.0000e+00 3.0000e+00 2.0000e+00 0.0000e+00 2.0000e+00 3.0000e+00 4.0000e+00 1.3000e+01 1.0000e+00 4.0000e+00 5.0000e+00 0.0000e+00 2.0000e+00
3.0000e+00 1.3000e+01 3.0000e+00 1.1000e+01 2.5620e+03 1.2000e+01 1.1000e+01 1.2000e+01 3.0000e+00 3.0000e+00 8.0000e+00 2.0000e+00 7.0000e+00 3.0000e+00 2.0000e+00 1.4000e+01 0.0000e+00 4.0000e+00 4.0000e+00 1.2000e+01 3.0000e+00 1.0000e+01 5.0000e+00 5.0000e+00 2.0000e+00 9.0000e+00 3.0000e+00 0.0000e+00 5.0000e+00 2.0000e+00 2.0000e+00 5.0000e+00 6.0000e+00 5.0000e+00 7.0000e+00 5.0000e+00 2.0000e+00 8.0000e+00 1.5700e+02 4.0000e+00 0.0000e+00 3.0000e+00 5.0000e+00 0.0000e+00 5.0000e+00 4.0000e+00 8.0000e+00 5.0000e+00 7.0000e+00 9.0000e+00
2.1000e+01 7.0000e+00 1.0000e+01 1.9000e+01 6.0000e+00 7.0000e+00 2.5000e+01 1.0000e+00 9.0000e+00 6.0000e+00 3.0000e+00 8.0000e+00 1.0000e+00 3.0000e+00 3.2000e+01 1.6000e+01 9.0000e+00 1.1000e+01 1.1000e+01 1.0000e+00 1.9000e+01 2.4000e+01 1.2000e+01 1.8000e+01 1.6000e+01 1.0000e+01 1.9000e+01 1.3000e+01 3.0000e+00 6.0000e+00 3.4480e+03 1.0000e+01 9.0000e+00 1.5000e+01 3.0000e+00 1.5000e+01 5.0000e+00 1.2000e+01 2.0000e+01 1.3000e+01 0.0000e+00 1.7950e+03 1.5000e+01 1.3000e+01 1.7000e+01 1.6000e+01 8.0000e+00 1.6000e+01 1.0000e+01 3.0000e+00
7.0000e+00 0.0000e+00 2.0000e+00 5.0000e+00 5.0000e+00 1.3110e+03 9.0000e+00 3.0000e+00 0.0000e+00 2.0000e+00 9.0000e+00 6.0000e+00 0.0000e+00 0.0000e+00 7.0000e+00 1.3000e+01 2.0000e+00 2.0000e+00 3.0000e+00 1.0000e+00 9.7600e+02 3.0000e+00 3.7600e+02 4.0000e+00 4.0000e+00 4.0000e+00 7.0000e+00 1.0000e+00 2.0000e+01 6.0000e+00 3.0000e+00 3.0000e+00 0.0000e+00 1.0000e+00 1.1000e+01 4.0000e+00 0.0000e+00 1.2000e+01 2.0000e+01 4.0000e+00 0.0000e+00 7.0000e+00 3.0000e+00 2.0000e+00 0.0000e+00 6.0000e+00 3.0000e+00 6.0000e+00 8.0000e+00 5.0000e+00
1.7000e+01 2.0000e+01 2.0000e+01 8.0000e+00 1.7000e+01 1.8000e+01 1.4000e+01 1.7000e+01 7.0000e+00 1.2000e+01 1.2000e+01 1.6000e+01 1.1000e+01 1.1920e+03 1.6000e+01 1.0000e+01 1.1000e+01 1.6000e+01 1.9000e+01 1.9000e+01 2.2000e+01 1.5000e+01 1.6000e+01 1.0000e+01 4.0030e+03 1.9000e+01 8.0000e+00 1.2000e+01 1.5000e+01 1.4000e+01 1.8000e+01 1.7000e+01 4.2000e+01 7.0000e+00 1.5000e+01 1.3000e+01 4.4000e+02 2.7000e+01 1.1000e+01 1.9000e+01 2.3000e+01 1.5000e+01 5.0000e+00 1.7000e+01 8.0000e+00 8.0000e+00 1.8000e+01 5.0000e+00 2.1000e+01 1.5000e+01
0.0000e+00 5.0000e+00 2.0000e+00 1.3000e+01 6.0000e+00 3.0000e+00 5.0000e+00 4.0000e+00 7.0000e+00 6.0000e+00 7.0000e+00 1.1000e+01 4.0000e+00 7.0000e+00 8.0000e+00 9.0000e+00 5.0000e+00 3.0000e+00 3.0000e+00 2.0000e+00 2.0000e+00 3.1600e+03 8.0000e+00 1.0000e+01 8.0000e+00 1.3000e+01 9.0000e+00 6.0000e+00 7.0000e+00 1.7000e+01 4.0000e+00 6.0000e+00 1.1000e+01 2.0000e+00 6.0000e+00 6.0000e+00 3.0000e+00 1.8000e+01 1.9000e+01 1.8000e+01 0.0000e+00 0.0000e+00 1.1000e+01 5.0000e+00 1.6000e+01 7.4000e+01 7.0000e+00 9.0000e+00 4.0000e+00 3.0000e+00
4.0000e+00 3.0000e+00 8.0000e+00 7.0000e+00 5.0000e+00 2.0000e+00 1.5000e+01 2.0000e+00 6.0000e+00 4.0000e+00 9.0000e+00 1.0000e+00 7.0000e+00 1.1000e+01 2.0000e+00 7.0000e+00 7.0000e+00 5.0000e+00 5.0000e+00 1.2000e+01 2.0000e+00 7.0000e+00 5.0000e+00 9.0000e+00 7.0000e+00 5.0000e+00 9.0000e+00 5.0000e+00 3.0000e+00 4.0000e+00 4.0000e+00 5.0000e+00 7.0000e+00 3.0000e+00 5.0000e+00 6.0000e+00 1.0000e+00 1.8000e+01 1.3000e+01 5.0000e+00 5.0000e+00 4.0000e+00 7.0000e+00 4.3000e+02 1.0000e+01 7.0000e+00 1.3000e+01 5.0000e+00 2.8690e+03 4.0000e+00
1.0000e+00 1.0000e+00 3.0000e+00 4.0000e+00 2.0000e+00 4.0000e+00 1.4000e+01 2.0000e+00 5.0000e+00 1.0000e+00 6.0000e+00 2.0000e+00 2.0000e+00 1.0000e+00 1.3000e+01 6.0000e+00 3.0000e+00 1.0000e+00 1.0000e+00 0.0000e+00 1.2000e+01 5.0000e+00 0.0000e+00 8.0000e+00 3.0000e+00 2.0000e+00 9.0000e+00 4.0000e+00 3.0000e+00 2.0000e+00 1.0000e+00 5.0000e+00 3.0000e+00 2.5000e+01 4.5000e+01 4.0000e+00 0.0000e+00 1.6000e+01 2.2000e+01 0.0000e+00 0.0000e+00 0.0000e+00 1.5000e+01 5.0000e+00 3.3310e+03 1.0000e+00 0.0000e+00 1.9000e+01 4.0000e+00 2.0000e+00
2.0000e+00 0.0000e+00 1.0000e+00 1.0000e+00 2.0000e+00 2.0000e+00 1.0000e+00 4.0000e+00 2.0000e+00 1.0000e+00 1.2000e+01 2.0000e+00 9.0000e+00 1.0000e+00 8.0000e+00 0.0000e+00 4.0000e+00 1.0000e+00 1.0000e+00 5.0000e+00 1.0000e+00 0.0000e+00 0.0000e+00 2.0000e+00 0.0000e+00 1.0000e+00 0.0000e+00 3.0000e+00 4.0000e+00 4.0000e+00 1.0000e+00 3.0000e+00 2.0000e+00 2.0000e+00 6.0000e+00 1.0000e+00 0.0000e+00 0.0000e+00 2.0000e+00 0.0000e+00 0.0000e+00 0.0000e+00 0.0000e+00 3.0000e+00 0.0000e+00 7.0000e+00 4.0000e+00 4.0000e+00 2.0000e+00 2.0000e+00
9.0000e+00 1.7000e+01 3.0000e+00 1.6000e+01 1.6000e+01 1.4000e+01 1.1000e+01 2.8080e+03 6.0000e+00 1.0000e+00 2.3000e+01 1.2000e+01 8.0000e+00 2.3520e+03 3.0000e+00 1.4000e+01 1.6000e+01 2.0000e+00 6.0000e+00 1.0000e+00 2.0000e+00 7.0000e+00 0.0000e+00 1.0000e+00 1.1000e+01 7.0000e+00 6.0000e+00 5.0000e+00 4.0000e+00 1.4000e+01 0.0000e+00 1.2000e+01 0.0000e+00 7.0000e+00 8.0000e+00 1.5000e+01 1.7000e+01 0.0000e+00 1.3000e+01 3.0000e+00 0.0000e+00 2.0000e+00 1.9000e+01 0.0000e+00 2.1000e+01 8.0000e+00 0.0000e+00 2.3000e+01 1.4000e+01 1.6000e+01
3.0000e+00 2.0000e+00 1.0000e+00 8.0000e+00 8.0000e+00 3.0000e+00 3.0000e+00 0.0000e+00 2.0000e+00 0.0000e+00 1.1000e+01 3.0000e+00 0.0000e+00 3.0000e+00 5.0000e+00 1.0000e+01 0.0000e+00 0.0000e+00 0.0000e+00 1.0000e+00 2.0000e+00 3.0000e+00 0.0000e+00 1.0000e+00 1.0000e+00 2.0000e+00 4.0000e+00 2.0000e+00 2.0000e+00 6.0000e+00 1.0000e+00 1.0000e+00 2.0000e+00 1.0000e+00 6.0000e+00 1.0000e+00 0.0000e+00 1.0000e+00 1.0000e+01 1.0000e+00 5.0000e+00 1.0000e+00 1.9080e+03 0.0000e+00 1.0000e+00 6.0000e+00 7.0000e+00 1.0000e+00 0.0000e+00 0.0000e+00
8.0000e+00 0.0000e+00 1.0000e+00 2.0000e+00 2.0000e+00 8.0000e+00 4.0000e+00 0.0000e+00 1.0000e+00 0.0000e+00 1.4000e+01 4.0000e+00 0.0000e+00 2.0000e+00 5.0000e+00 4.0000e+00 1.0000e+00 1.0000e+00 1.0000e+00 0.0000e+00 3.0000e+00 2.0000e+00 0.0000e+00 6.0000e+00 4.0000e+00 6.0000e+00 1.0000e+00 3.0000e+00 1.0000e+00 1.0000e+00 0.0000e+00 0.0000e+00 0.0000e+00 1.0000e+00 4.0000e+00 2.0000e+00 1.0000e+00 3.0000e+00 6.0000e+00 4.0000e+00 2.0000e+00 0.0000e+00 6.0000e+00 3.0000e+00 4.0000e+00 2.0000e+00 7.0000e+00 1.0000e+00 1.0000e+00 3.0000e+00
1.5000e+01 1.0000e+00 5.0000e+00 0.0000e+00 1.0000e+00 1.8000e+01 1.4000e+01 2.0000e+00 0.0000e+00 1.0000e+00 1.1000e+01 1.0000e+00 0.0000e+00 5.0000e+00 0.0000e+00 3.6000e+01 7.0000e+00 2.0000e+00 3.0000e+00 6.0000e+00 9.0000e+00 3.0000e+00 4.0000e+00 3.0000e+00 1.0000e+00 2.0000e+00 4.0000e+00 1.0000e+00 8.0000e+00 6.0000e+00 2.0000e+00 1.3000e+01 3.0000e+00 1.0000e+00 9.0000e+00 3.0000e+00 1.0000e+01 6.0000e+00 5.0000e+00 0.0000e+00 7.0000e+00 3.0000e+00 8.0000e+00 2.0000e+00 3.0000e+00 3.0000e+00 7.0000e+00 2.0000e+00 0.0000e+00 3.4390e+03
7.0000e+00 1.0000e+00 1.0000e+00 1.3000e+01 1.3000e+01 5.0000e+00 1.3000e+01 3.0000e+00 3.0000e+00 5.0000e+00 9.0000e+00 2.0000e+00 0.0000e+00 1.0000e+01 4.0000e+00 1.5000e+01 2.0000e+00 9.0000e+00 0.0000e+00 2.0000e+00 3.0000e+00 4.0000e+00 7.0000e+00 5.0000e+00 2.0000e+00 9.0000e+00 1.1000e+01 5.0000e+00 6.0000e+00 7.0000e+00 1.0000e+00 3.0000e+00 7.0000e+00 4.8110e+03 2.1000e+01 4.0000e+00 2.0000e+00 1.6000e+01 2.5000e+01 4.0000e+00 8.0000e+00 5.0000e+00 1.0000e+01 2.0000e+00 8.0000e+00 5.0000e+00 7.0000e+00 5.0000e+00 4.0000e+00 2.0000e+00
3.0000e+00 0.0000e+00 1.0000e+01 1.5000e+01 1.0000e+01 5.0000e+00 5.0000e+00 3.0000e+00 7.0000e+00 4.0000e+00 8.0000e+00 1.0000e+00 0.0000e+00 2.0000e+00 8.0000e+00 1.3000e+01 3.1000e+01 6.0000e+00 0.0000e+00 1.0000e+01 3.0000e+00 8.0000e+00 2.9100e+02 1.9000e+01 9.0000e+00 7.0000e+00 8.0000e+00 6.0000e+00 7.0000e+00 2.6000e+01 5.0000e+00 3.3620e+03 3.1000e+01 2.0000e+00 2.2000e+01 8.0000e+00 4.0000e+00 1.0000e+01 6.0000e+00 1.1000e+01 7.0000e+00 1.0000e+00 7.0000e+00 1.0000e+00 1.4000e+01 3.0000e+00 3.0000e+00 9.0000e+00 5.0000e+00 2.0000e+00
1.0000e+00 0.0000e+00 0.0000e+00 0.0000e+00 2.0000e+00 1.8000e+01 1.5000e+01 4.0000e+00 6.0000e+00 0.0000e+00 1.8000e+01 1.0000e+00 0.0000e+00 2.0000e+00 1.5000e+01 5.0000e+00 1.0000e+01 0.0000e+00 6.0000e+00 4.0000e+00 1.2000e+01 1.8000e+01 1.5480e+03 1.0000e+00 5.0000e+00 3.4340e+03 7.0000e+00 1.0000e+01 1.0000e+00 6.0000e+00 1.2000e+01 1.0000e+00 5.0000e+00 0.0000e+00 8.0000e+00 1.6000e+01 5.0000e+00 0.0000e+00 1.4000e+01 5.0000e+00 0.0000e+00 0.0000e+00 3.0000e+00 0.0000e+00 7.0000e+00 4.0000e+00 2.3000e+01 7.0000e+00 5.0000e+00 1.0000e+00
4.0000e+00 0.0000e+00 9.0000e+00 4.0000e+00 1.0000e+01 3.0000e+00 5.0000e+00 2.0000e+00 1.0000e+00 8.0000e+00 8.0000e+00 1.4000e+01 1.0000e+00 5.0000e+00 1.3000e+01 9.0000e+00 3.0000e+00 0.0000e+00 5.0000e+00 1.0000e+00 7.0000e+00 5.0000e+00 2.0000e+00 4.0000e+00 0.0000e+00 9.0000e+00 7.0000e+00 1.8000e+01 2.0000e+00 2.0000e+00 0.0000e+00 9.0000e+00 1.0000e+00 4.0000e+00 1.1000e+01 1.2000e+01 0.0000e+00 4.1200e+03 2.6000e+01 1.0000e+00 1.0000e+00 5.0000e+00 1.6000e+01 3.0000e+00 1.0200e+02 3.0000e+00 4.0000e+00 5.0000e+00 1.0000e+00 2.0000e+00
2.6090e+03 0.0000e+00 2.0000e+00 8.9500e+02 2.1000e+01 1.9000e+01 1.8000e+01 1.0000e+01 1.1000e+01 1.8000e+01 7.0000e+00 1.0000e+01 1.1000e+01 0.0000e+00 3.0000e+00 1.2000e+01 5.0000e+00 5.0000e+00 3.0000e+00 7.0000e+00 7.0000e+00 6.0000e+00 6.0000e+00 2.4000e+01 1.3000e+01 1.0000e+01 3.0000e+00 4.0000e+00 7.0000e+00 1.4000e+01 2.0000e+00 1.5000e+01 5.0000e+00 6.0000e+00 2.6000e+01 1.3000e+01 2.0000e+00 5.1200e+02 2.3000e+01 1.2000e+01 7.0000e+00 3.0000e+00 2.6000e+01 3.0000e+00 1.6000e+01 1.1000e+01 6.0000e+00 1.4000e+01 9.0000e+00 8.0000e+00
7.0000e+00 5.0000e+00 0.0000e+00 0.0000e+00 2.0000e+00 1.3000e+01 1.8380e+03 2.0000e+00 2.0000e+00 0.0000e+00 2.0000e+00 5.0000e+00 1.0000e+00 0.0000e+00 1.7000e+01 1.3000e+01 0.0000e+00 3.0000e+00 3.0000e+00 0.0000e+00 4.0000e+00 4.0000e+00 0.0000e+00 2.0000e+00 3.0000e+00 3.0000e+00 0.0000e+00 1.0000e+00 1.3000e+01 1.0000e+01 2.0000e+00 1.0000e+00 0.0000e+00 1.0000e+00 8.4300e+02 7.0000e+00 0.0000e+00 1.2000e+01 3.0000e+00 0.0000e+00 0.0000e+00 9.0000e+00 6.0000e+00 7.0000e+00 0.0000e+00 3.0000e+00 2.0000e+00 4.0000e+00 6.0000e+00 0.0000e+00
5.0000e+00 1.0000e+00 1.0000e+00 3.0000e+00 5.0000e+00 4.0000e+00 8.0000e+00 3.0000e+00 0.0000e+00 8.0000e+00 3.0000e+00 1.0000e+00 0.0000e+00 1.0000e+00 3.0000e+00 3.0000e+00 0.0000e+00 0.0000e+00 3.0000e+00 6.0000e+00 3.0000e+00 3.0000e+00 0.0000e+00 0.0000e+00 3.0000e+00 3.0000e+00 0.0000e+00 3.0000e+00 1.0000e+00 6.0000e+00 2.0000e+00 2.0000e+00 2.0000e+00 0.0000e+00 6.0000e+00 0.0000e+00 2.0000e+00 3.0000e+00 9.0000e+00 0.0000e+00 3.0000e+00 1.0000e+00 6.0000e+00 2.0000e+00 2.0000e+00 1.7000e+01 3.0000e+00 5.0000e+00 4.0000e+00 0.0000e+00
1.0000e+01 2.0000e+00 1.0000e+01 2.2000e+01 1.2000e+01 1.5300e+03 2.0000e+01 9.0000e+00 5.0000e+00 9.0000e+00 1.6000e+01 9.0000e+00 9.0000e+00 1.1000e+01 1.8000e+01 7.0000e+00 2.0400e+03 8.0000e+00 6.0000e+00 1.0000e+01 6.0000e+00 7.0000e+00 1.0000e+01 8.0000e+00 1.3000e+01 7.0000e+00 1.6000e+01 9.0000e+00 5.0000e+00 7.0000e+00 6.0000e+00 1.0000e+01 7.0000e+00 9.0000e+00 1.3000e+01 9.0000e+00 6.0000e+00 5.0000e+00 1.4000e+01 1.1000e+01 1.9000e+01 4.0000e+00 1.1000e+01 8.0000e+00 1.6000e+01 9.0000e+00 8.0000e+00 2.0000e+00 1.2000e+01 6.0000e+00
3.0000e+00 3.0000e+00 3.0000e+00 5.0000e+00 4.0000e+00 7.0000e+00 1.9000e+01 7.0000e+00 2.0000e+02 5.0000e+00 2.3930e+03 7.0000e+00 4.0000e+00 3.0000e+00 6.0000e+00 1.1000e+01 5.0000e+00 4.0000e+00 6.0000e+00 1.0000e+00 8.0000e+00 9.0000e+00 1.0000e+00 5.0000e+00 3.0000e+00 7.0000e+00 1.1000e+01 3.0000e+00 5.5000e+01 1.2000e+01 3.0000e+00 6.0000e+00 5.0000e+00 2.0000e+00 1.5000e+01 4.0000e+00 2.0000e+00 9.0000e+00 1.7000e+01 4.0000e+00 2.0000e+00 4.0000e+00 1.1000e+01 6.0000e+00 1.3000e+01 6.0000e+00 1.3000e+01 4.0000e+00 1.0000e+00 3.0000e+00
5.0000e+00 6.0000e+00 0.0000e+00 3.0000e+00 7.0000e+00 9.0000e+00 2.1000e+01 7.0000e+00 6.0000e+00 1.9000e+01 3.2000e+01 6.0000e+00 0.0000e+00 6.0000e+00 8.3300e+02 1.5000e+01 5.0000e+00 1.0000e+00 3.0000e+00 7.0000e+00 5.4000e+01 5.0000e+00 4.0000e+00 6.0000e+00 1.9000e+01 9.0000e+00 6.0000e+00 9.0000e+00 3.0000e+00 1.4000e+01 1.1000e+01 9.0000e+00 7.0000e+00 2.0000e+00 1.1000e+01 2.2000e+01 2.0000e+00 2.5000e+01 1.6000e+01 6.0000e+00 2.0000e+00 5.0000e+00 2.0000e+01 8.0000e+00 2.2000e+01 7.0000e+00 3.5910e+03 2.3000e+01 4.0000e+00 4.0000e+00
4.0000e+00 4.0000e+00 7.0000e+00 1.0000e+01 1.2000e+01 1.0000e+01 1.4000e+01 7.0000e+00 8.0000e+00 4.0000e+00 4.0000e+00 1.0000e+01 1.1000e+01 8.0000e+00 1.9480e+03 1.2000e+01 3.0000e+00 0.0000e+00 5.0000e+00 5.0000e+00 3.0000e+00 2.0000e+00 9.0000e+00 7.0000e+00 5.0000e+00 2.0000e+01 5.0000e+00 7.0000e+00 7.0000e+00 4.7000e+01 3.0000e+00 7.0000e+00 3.0000e+00 1.6000e+01 1.0000e+01 6.4700e+02 1.0000e+00 1.8000e+01 9.6500e+02 1.1000e+01 2.0000e+00 6.0000e+00 2.8000e+01 4.0000e+00 1.3000e+01 3.0000e+00 1.2000e+01 1.2000e+01 0.0000e+00 1.1000e+01
6.0000e+00 3.0000e+00 5.0000e+00 7.0000e+00 7.0000e+00 1.4000e+01 1.1000e+01 4.0000e+00 5.0000e+00 1.0000e+00 8.0000e+00 3.0000e+00 2.0000e+00 3.0000e+00 9.0000e+00 1.2000e+01 1.0000e+00 2.0000e+00 3.0000e+00 1.0000e+00 4.0000e+00 3.0000e+00 8.0000e+00 6.0000e+00 1.0000e+00 5.0000e+00 3.0000e+00 3.0000e+00 3.0000e+01 1.4000e+01 8.0000e+00 3.0000e+00 0.0000e+00 1.0000e+00 2.2250e+03 2.0000e+00 0.0000e+00 3.0000e+00 1.9000e+01 6.0000e+00 0.0000e+00 8.5400e+02 2.0000e+00 1.0000e+00 1.1000e+01 9.0000e+00 3.0000e+00 5.0000e+00 0.0000e+00 5.0000e+00
1.5000e+01 2.3000e+01 3.0100e+02 1.7000e+01 1.4000e+01 1.6000e+01 1.1000e+01 1.2360e+03 1.2000e+01 1.0000e+01 1.4000e+01 1.3000e+01 3.7040e+03 1.6000e+01 1.4000e+01 2.6000e+01 1.1000e+01 1.3000e+01 9.0000e+00 1.4000e+01 1.4000e+01 1.5000e+01 2.3000e+01 1.7000e+01 1.3000e+01 1.1000e+01 1.2000e+01 1.2000e+01 1.9000e+01 1.1000e+01 1.0000e+01 1.7000e+01 1.8000e+01 1.4000e+01 1.6000e+01 1.2000e+01 1.5000e+01 1.7000e+01 1.4000e+01 1.8000e+01 1.5000e+01 7.0000e+00 2.2000e+01 2.0000e+01 8.0000e+00 2.7000e+01 1.9000e+01 2.1000e+01 1.3000e+01 2.1000e+01
3.0000e+00 0.0000e+00 0.0000e+00 4.0000e+00 0.0000e+00 3.0000e+00 5.0000e+00 1.0000e+00 3.0000e+00 4.0000e+00 1.0000e+00 3.0000e+00 0.0000e+00 0.0000e+00 5.0000e+00 5.0000e+00 0.0000e+00 0.0000e+00 0.0000e+00 0.0000e+00 2.0000e+00 5.0000e+00 0.0000e+00 1.0000e+00 0.0000e+00 1.0000e+00 0.0000e+00 0.0000e+00 3.0000e+00 0.0000e+00 7.0000e+00 2.0000e+00 8.0000e+00 0.0000e+00 9.0000e+00 3.0000e+00 0.0000e+00 0.0000e+00 0.0000e+00 4.0000e+00 0.0000e+00 0.0000e+00 9.0000e+00 1.5570e+03 6.0000e+00 6.0000e+00 5.0000e+00 2.0000e+00 1.0000e+00 0.0000e+00
2.0000e+01 2.1000e+01 1.2000e+01 2.3000e+01 1.6000e+01 2.8000e+01 2.0000e+01 1.5000e+01 1.6000e+01 1.8000e+01 2.8000e+01 2.4000e+01 1.9000e+01 1.4000e+01 2.0000e+01 1.8000e+01 1.7000e+01 2.1000e+01 4.7270e+03 6.7000e+01 2.1000e+01 2.1000e+01 2.2000e+01 1.4000e+01 2.2000e+01 4.3000e+01 1.8000e+01 1.9000e+01 1.9000e+01 2.8000e+01 2.4000e+01 3.2000e+01 1.5000e+01 1.2000e+01 1.8000e+01 1.8000e+01 1.9550e+03 1.0000e+01 2.1000e+01 1.1000e+01 1.8000e+01 2.4000e+01 2.0000e+01 1.1000e+01 2.0000e+01 1.8000e+01 1.6000e+01 2.0000e+01 2.6000e+01 2.9000e+01
5.0000e+00 0.0000e+00 0.0000e+00 5.0000e+00 0.0000e+00 2.0000e+00 5.0000e+00 3.0000e+00 2.0000e+00 1.2000e+01 3.0000e+00 0.0000e+00 3.0000e+00 0.0000e+00 5.7900e+02 2.0000e+00 1.0000e+00 8.0000e+00 5.0000e+00 4.0000e+00 6.0000e+00 0.0000e+00 0.0000e+00 1.0000e+01 0.0000e+00 5.0000e+00 1.1820e+03 0.0000e+00 0.0000e+00 2.0000e+00 0.0000e+00 6.0000e+00 1.2000e+01 0.0000e+00 3.0000e+00 6.0000e+00 1.0000e+00 0.0000e+00 8.0000e+00 5.0000e+00 0.0000e+00 9.0000e+00 6.0000e+00 0.0000e+00 4.0000e+00 4.0000e+00 6.0000e+00 2.0000e+00 0.0000e+00 5.0000e+00
3.0000e+00 1.0000e+00 2.0000e+00 9.0000e+00 2.0000e+00 2.2000e+01 1.4000e+01 1.2000e+01 2.0000e+00 2.0000e+00 1.2000e+01 1.0000e+01 5.0000e+00 6.0000e+00 1.8000e+01 1.7000e+01 3.0000e+00 6.0000e+00 9.0000e+00 3.0000e+00 4.0000e+00 1.2000e+01 1.0000e+00 2.8530e+03 1.0000e+01 3.0000e+00 1.3000e+01 3.0000e+00 1.4000e+01 8.0000e+00 2.0000e+00 7.0000e+00 8.0000e+00 1.0000e+00 1.8000e+01 1.0000e+01 8.3500e+02 1.3000e+01 1.9000e+01 1.0000e+01 3.0000e+00 7.0000e+00 2.1000e+01 7.0000e+00 9.0000e+00 6.0000e+00 1.1000e+01 1.4000e+01 2.0000e+00 1.2000e+01
1.6000e+01 4.1660e+03 8.3100e+02 1.3000e+01 8.0000e+00 2.5000e+01 2.6000e+01 6.0000e+00 1.9000e+01 2.4000e+01 3.0000e+00 1.4000e+01 1.1000e+01 2.2000e+01 5.0000e+00 2.2000e+01 8.0000e+00 5.2400e+02 7.0000e+00 1.8000e+01 4.0000e+00 4.0000e+00 7.0000e+00 3.0000e+01 2.0000e+01 1.3000e+01 1.5000e+01 1.6000e+01 1.2000e+01 2.6000e+01 4.0000e+00 1.9000e+01 3.0000e+00 1.8000e+01 2.0000e+01 3.9100e+02 3.0000e+00 1.9000e+01 1.7000e+01 4.0000e+00 1.1000e+01 2.0000e+01 1.8000e+01 7.0000e+00 1.4000e+01 1.0000e+00 3.1000e+01 3.1000e+01 3.0000e+00 2.4000e+01
2.1000e+01 1.4000e+01 3.2020e+03 1.8000e+01 2.4000e+01 2.4000e+01 2.2000e+01 2.2000e+01 1.1000e+01 2.5000e+01 2.4000e+01 1.9000e+01 7.0000e+00 2.7000e+01 1.2000e+01 2.4000e+01 1.8000e+01 2.9000e+01 1.0000e+01 1.8000e+01 1.7000e+01 2.8000e+01 1.9000e+01 1.8000e+01 1.9000e+01 2.2000e+01 2.4000e+01 2.1000e+01 1.7000e+01 1.2000e+01 1.7000e+01 1.8000e+01 1.3000e+01 1.5000e+01 8.0000e+00 2.9000e+01 1.9000e+01 3.0000e+01 1.3000e+01 1.6000e+01 3.1920e+03 2.1000e+01 1.8000e+01 2.3000e+01 1.5000e+01 2.4000e+01 2.1000e+01 1.6000e+01 1.9000e+01 2.2000e+01
6.9600e+02 4.0000e+00 1.7000e+01 0.0000e+00 1.2000e+01 5.0000e+00 2.0000e+00 3.0000e+00 3.0000e+00 9.0000e+00 7.0000e+00 1.0000e+00 2.0000e+00 4.0000e+00 7.0000e+00 4.0000e+00 2.0000e+00 4.0000e+00 4.0000e+00 6.0000e+00 1.2000e+01 6.0000e+00 7.0000e+00 0.0000e+00 1.3000e+01 5.0000e+00 3.0000e+00 3.0000e+00 8.0000e+00 6.0000e+00 7.0000e+00 4.0000e+00 0.0000e+00 2.0000e+00 5.0000e+00 3.0000e+00 2.0000e+00 0.0000e+00 0.0000e+00 2.0000e+00 0.0000e+00 9.0000e+00 9.0000e+00 1.0000e+00 1.0000e+01 1.5000e+01 1.2000e+01 2.9280e+03 1.0000e+01 7.0000e+00
2.8000e+01 2.7000e+01 2.4000e+01 2.8000e+01 2.8000e+01 2.1000e+01 2.0000e+01 2.3000e+01 2.3000e+01 2.2000e+01 1.4000e+01 2.0000e+01 1.7000e+01 1.5000e+01 2.6000e+01 2.0000e+01 2.0000e+01 3.5000e+01 9.0000e+01 4.6780e+03 1.8000e+01 2.0000e+01 1.7000e+01 2.9000e+01 1.5000e+01 4.5000e+01 2.4000e+01 2.0220e+03 1.8000e+01 2.4000e+01 2.4000e+01 1.2000e+01 3.1000e+01 2.2000e+01 1.8000e+01 2.6000e+01 1.6000e+01 2.2000e+01 2.3000e+01 3.1000e+01 1.7000e+02 2.0000e+01 2.2000e+01 2.7000e+01 1.7000e+01 2.4000e+01 2.1000e+01 2.8000e+01 1.8000e+01 2.4000e+01
0.0000e+00 0.0000e+00 0.0000e+00 0.0000e+00 4.0000e+00 1.0000e+00 7.0000e+00 0.0000e+00 2.0000e+00 5.0000e+00 0.0000e+00 1.0000e+00 0.0000e+00 0.0000e+00 2.0000e+00 5.0000e+00 2.0000e+00 0.0000e+00 0.0000e+00 0.0000e+00 9.0000e+00 3.0000e+00 1.0000e+00 1.0000e+00 1.0000e+00 3.0000e+00 7.0000e+00 4.0000e+00 4.0000e+00 4.0000e+00 1.0000e+00 5.0000e+00 0.0000e+00 0.0000e+00 5.0000e+00 3.0000e+00 3.0000e+00 0.0000e+00 6.0000e+00 0.0000e+00 0.0000e+00 0.0000e+00 6.0000e+00 0.0000e+00 8.0000e+00 7.0000e+00 0.0000e+00 1.0000e+00 0.0000e+00 0.0000e+00
0.0000e+00 2.0000e+00 2.0000e+00 0.0000e+00 3.0000e+00 4.0000e+00 1.3580e+03 6.0000e+00 0.0000e+00 5.0000e+00 9.0000e+00 3.0000e+00 0.0000e+00 4.0000e+00 4.0000e+00 8.0000e+00 1.0000e+00 8.0000e+00 3.0000e+00 1.0000e+00 0.0000e+00 1.0000e+00 8.0000e+00 3.0000e+00 0.0000e+00 2.0000e+00 3.0000e+00 1.0000e+00 2.0000e+00 9.0000e+00 4.0000e+00 0.0000e+00 0.0000e+00 1.0000e+00 4.0000e+00 4.0000e+00 0.0000e+00 6.0000e+00 3.0000e+00 8.1300e+02 0.0000e+00 0.0000e+00 1.0000e+00 3.0000e+00 3.0000e+00 5.0000e+00 1.0000e+00 1.0000e+01 1.0000e+00 0.0000e+00
1.0000e+01 0.0000e+00 2.0000e+00 1.1000e+01 5.0000e+00 7.0000e+00 7.0000e+00 9.0000e+00 4.0000e+00 4.0000e+00 1.1000e+01 2.2000e+01 0.0000e+00 3.0000e+00 9.0000e+00 1.1000e+01 1.0000e+00 4.0000e+00 1.0000e+00 4.0000e+00 9.0000e+00 6.0000e+00 4.0000e+00 8.0000e+00 4.0000e+00 6.0000e+00 6.0000e+00 1.0000e+00 7.0000e+00 1.9000e+01 7.0000e+00 1.1000e+01 4.0000e+00 0.0000e+00 1.0000e+01 1.3250e+03 4.0000e+00 7.0000e+00 1.7000e+01 8.0000e+00 3.0000e+00 7.0000e+00 6.0000e+00 8.0000e+00 7.0000e+00 1.8210e+03 3.0000e+00 7.0000e+00 3.0000e+00 5.0000e+00
4.0000e+00 1.0000e+00 1.1000e+01 1.6000e+01 1.0000e+01 9.0000e+00 1.2000e+01 6.0000e+00 3.0000e+00 8.0000e+00 9.0000e+00 6.0000e+00 5.0000e+00 8.0000e+00 2.1000e+01 1.1000e+01 5.0000e+00 1.2290e+03 1.0000e+00 2.0000e+00 5.0000e+00 3.0000e+00 6.0000e+00 1.0000e+01 1.0000e+00 2.0000e+00 1.3000e+01 2.0000e+00 8.0000e+00 2.2000e+01 2.0000e+00 6.0000e+00 1.6960e+03 6.0000e+00 1.0000e+01 7.0000e+00 5.0000e+00 0.0000e+00 6.0000e+00 9.0000e+00 4.0000e+00 8.0000e+00 1.0000e+00 1.1000e+01 9.0000e+00 3.0000e+00 5.0000e+00 9.0000e+00 2.0000e+00 5.0000e+00
0.0000e+00 1.0000e+00 2.0000e+00 0.0000e+00 4.0000e+00 0.0000e+00 0.0000e+00 1.1000e+01 4.0000e+00 2.0000e+00 0.0000e+00 3.0000e+00 6.0000e+00 5.0000e+00 7.0000e+00 4.0000e+00 0.0000e+00 0.0000e+00 0.0000e+00 2.0000e+00 7.0000e+00 4.0000e+00 0.0000e+00 0.0000e+00 1.0000e+00 0.0000e+00 0.0000e+00 3.0000e+00 9.0000e+00 1.0000e+00 5.0000e+00 2.0000e+00 1.0000e+00 0.0000e+00 2.0000e+00 3.0000e+00 0.0000e+00 2.0000e+00 3.0000e+00 0.0000e+00 0.0000e+00 2.0000e+00 2.0000e+00 5.0000e+00 0.0000e+00 3.0000e+00 5.0000e+00 0.0000e+00 1.0000e+00 1.0000e+00
2.1000e+01 3.0000e+00 5.0000e+00 2.3490e+03 5.0000e+00 7.0000e+00 1.8000e+01 4.0000e+00 1.8180e+03 3.0000e+00 1.5000e+01 9.0000e+00 6.0000e+00 1.1000e+01 1.2000e+01 9.0000e+00 9.0000e+00 1.0000e+00 7.0000e+00 4.0000e+00 2.1000e+01 1.6000e+01 7.0000e+00 6.0000e+00 6.0000e+00 6.0000e+00 7.0000e+00 3.0000e+00 5.0000e+00 1.7000e+01 4.0000e+00 1.5000e+01 3.0000e+00 8.0000e+00 2.0000e+01 5.0000e+00 3.0000e+00 7.0000e+00 2.1000e+01 1.1000e+01 1.1000e+01 4.0000e+00 1.1000e+01 1.0000e+01 5.0000e+00 8.0000e+00 6.0000e+00 4.0000e+00 9.0000e+00 4.0000e+00
5.0000e+00 0.0000e+00 4.0000e+00 9.0000e+00 4.0000e+00 9.0000e+00 1.1000e+01 6.0000e+00 5.0000e+00 6.0000e+00 6.0000e+00 4.0000e+00 7.0000e+00 3.0000e+00 1.2000e+01 7.0000e+00 2.0000e+00 2.0000e+00 6.0000e+00 3.0000e+00 4.0000e+00 6.0000e+00 2.0000e+00 8.0000e+00 4.0000e+00 1.0000e+00 5.0000e+00 4.0000e+00 1.3000e+01 4.8100e+02 9.0000e+00 6.0000e+00 1.0000e+00 4.0000e+00 8.0000e+00 5.0000e+00 2.0000e+00 2.0000e+01 1.4000e+01 7.0000e+00 2.0000e+00 2.0000e+00 1.1000e+01 6.0000e+00 0.0000e+00 4.0000e+00 4.0000e+00 1.1000e+01 4.0000e+00 7.8000e+01
6.0000e+00 8.0000e+00 5.0000e+00 1.0000e+01 1.5000e+01 2.0000e+01 2.4000e+01 5.0000e+00 8.0000e+00 4.1470e+03 2.0000e+00 2.0000e+00 1.4000e+01 3.0000e+00 1.0000e+01 7.0000e+00 1.0000e+00 2.0000e+00 3.0000e+00 1.4000e+01 1.0000e+01 6.0000e+00 9.0000e+00 1.4000e+01 5.0000e+00 9.0000e+00 1.1000e+01 1.3000e+01 1.4000e+01 2.3000e+01 8.0000e+00 6.0000e+00 3.6900e+02 9.0000e+00 1.1000e+01 1.2000e+01 1.0000e+00 7.0000e+00 1.5000e+01 1.3000e+01 4.0000e+00 1.2000e+01 2.0000e+01 1.3000e+01 7.0000e+00 5.0000e+00 1.3000e+01 7.0000e+00 9.0000e+00 6.0000e+00
