9.5000e+01 2.0000e+01 2.6000e+01 8.5000e+01 4.4000e+01 5.2000e+01 3.7000e+01 3.0000e+01 1.2900e+02 8.8020e+03
1.7000e+01 6.1000e+01 2.2000e+01 9.2290e+03 5.1000e+01 3.3000e+01 8.2000e+01 5.0000e+00 8.0000e+00 1.2200e+02
5.5900e+02 4.4000e+01 5.0000e+00 6.1000e+01 7.0860e+03 5.1000e+01 7.6100e+02 1.2200e+02 5.2000e+01 4.8000e+01
7.2000e+01 7.3000e+01 7.4000e+01 6.3000e+01 7.5000e+01 8.9500e+03 1.7000e+01 4.6000e+01 4.0000e+01 9.3000e+01
0.0000e+00 1.7000e+01 7.8110e+03 8.1000e+01 2.6000e+01 2.2000e+01 5.0000e+00 6.7000e+01 1.4000e+01 3.3000e+01
6.9000e+01 4.6000e+01 1.6000e+01 1.4000e+01 4.4000e+01 4.2000e+01 8.0540e+03 8.0000e+01 1.7000e+01 5.9000e+01
7.0620e+03 4.5000e+01 2.3000e+01 2.9000e+01 7.2000e+01 5.0000e+01 5.8000e+01 1.9000e+01 5.3000e+01 6.4000e+01
5.1000e+01 6.6100e+02 2.7200e+02 3.1000e+01 0.0000e+00 4.0000e+01 5.5000e+01 7.4970e+03 3.9000e+01 1.0000e+00
3.0000e+01 4.6000e+01 1.0000e+01 9.7000e+01 5.1000e+01 6.0000e+00 5.3000e+01 4.4000e+01 6.6250e+03 5.5000e+01
1.0000e+00 8.6280e+03 1.6000e+01 2.1000e+01 7.0000e+00 2.6000e+01 1.5000e+01 4.5000e+01 5.3000e+01 6.4000e+01
