1.6800e+02 0.0000e+00 2.0000e+00 1.2200e+02 2.0000e+00 1.8000e+01 7.0000e+00 7.0000e+00 4.6420e+03 4.4150e+03
2.0000e+00 1.1000e+01 1.0000e+00 4.3050e+03 6.3000e+01 6.0000e+00 8.8000e+01 0.0000e+00 2.0000e+00 4.8750e+03
1.3410e+03 3.0000e+00 0.0000e+00 3.9000e+01 6.4490e+03 3.1000e+01 6.9200e+02 6.0000e+02 3.0000e+01 5.0000e+00
1.3000e+01 6.0000e+00 1.3000e+01 1.0000e+00 2.0800e+02 9.5550e+03 0.0000e+00 2.0000e+00 6.0000e+00 5.0000e+00
0.0000e+00 1.0000e+00 7.8710e+03 7.2000e+01 1.1000e+01 5.0000e+00 0.0000e+00 1.1100e+02 3.0000e+00 2.3000e+01
5.5000e+01 1.0000e+00 0.0000e+00 3.0000e+00 1.2000e+01 7.0000e+00 8.7330e+03 2.7900e+02 2.0000e+00 3.3000e+01
6.8610e+03 1.6000e+01 4.0000e+00 5.0000e+00 7.1100e+02 3.6000e+01 1.3000e+01 9.0000e+00 6.0000e+01 9.9000e+01
1.8000e+01 7.7800e+02 1.0910e+03 9.0000e+00 0.0000e+00 4.0000e+00 3.0000e+01 7.0710e+03 1.4000e+01 0.0000e+00
1.3000e+01 3.3000e+01 1.0000e+00 4.2170e+03 3.8000e+01 0.0000e+00 1.6000e+01 2.1000e+01 3.1840e+03 1.4000e+01
1.0000e+00 8.8930e+03 7.0000e+00 5.0000e+00 0.0000e+00 1.0000e+00 3.0000e+00 1.4000e+01 1.5000e+01 1.3000e+01
