2.9410e+03 1.0000e+00 2.0000e+00 3.0000e+01 1.0112e+04 1.0000e+00 1.0000e+00 1.0000e+00 9.0000e+00 4.0000e+00
1.0000e+00 2.0000e+00 1.0000e+00 2.2400e+02 1.0000e+01 2.0000e+00 3.0000e+00 1.0000e+00 1.0000e+00 9.8510e+03
7.0840e+03 3.0000e+00 1.0000e+00 2.0000e+00 1.0000e+00 1.0000e+00 1.0910e+03 8.3800e+02 4.0000e+00 1.0000e+00
2.0000e+00 6.0000e+00 3.0000e+00 1.0000e+00 2.0000e+00 1.0019e+04 1.0000e+00 1.0000e+00 1.0000e+00 1.6000e+01
1.0000e+00 1.0000e+00 9.3680e+03 5.0000e+00 1.0000e+00 1.0000e+00 1.0000e+00 1.0000e+00 1.0000e+00 1.0000e+00
2.0000e+00 1.0000e+00 1.0000e+00 1.0000e+00 1.9000e+01 2.0000e+00 8.7820e+03 3.5000e+01 1.0000e+00 4.0000e+00
1.0000e+00 3.0000e+00 1.0000e+00 1.0000e+00 1.0000e+00 1.0000e+00 1.0000e+00 1.0000e+00 9.9240e+03 3.0000e+00
3.0000e+00 8.4400e+02 5.1800e+02 2.0000e+00 1.0000e+00 1.0000e+00 1.0000e+00 9.1810e+03 2.0000e+00 1.0000e+00
2.0000e+00 5.0000e+00 1.0000e+00 9.8400e+03 1.0000e+00 1.0000e+00 1.8000e+01 1.0000e+00 3.0000e+01 2.0000e+00
1.0000e+00 9.0800e+03 2.0000e+00 2.0000e+00 1.0000e+00 2.0000e+00 2.0000e+00 1.0000e+00 1.0000e+00 1.1000e+01
