8.5821e-01 0.0000e+00 5.0000e-01 7.6667e-01 5.0732e-01 0.0000e+00 0.0000e+00 0.0000e+00 6.6667e-01 7.5000e-01
0.0000e+00 5.0000e-01 0.0000e+00 9.9107e-01 5.0000e-01 5.0000e-01 6.6667e-01 0.0000e+00 0.0000e+00 9.6569e-01
9.7304e-01 6.6667e-01 0.0000e+00 5.0000e-01 0.0000e+00 0.0000e+00 9.7800e-01 8.0191e-01 7.5000e-01 0.0000e+00
5.0000e-01 8.3333e-01 6.6667e-01 0.0000e+00 5.0000e-01 9.7924e-01 0.0000e+00 0.0000e+00 0.0000e+00 9.3750e-01
0.0000e+00 0.0000e+00 8.8162e-01 6.0000e-01 0.0000e+00 0.0000e+00 0.0000e+00 0.0000e+00 0.0000e+00 0.0000e+00
5.0000e-01 0.0000e+00 0.0000e+00 0.0000e+00 4.7368e-01 5.0000e-01 9.6538e-01 7.7143e-01 0.0000e+00 7.5000e-01
0.0000e+00 3.3333e-01 0.0000e+00 0.0000e+00 0.0000e+00 0.0000e+00 0.0000e+00 0.0000e+00 4.8146e-01 3.3333e-01
6.6667e-01 9.7630e-01 9.5174e-01 5.0000e-01 0.0000e+00 0.0000e+00 0.0000e+00 8.2573e-01 5.0000e-01 0.0000e+00
5.0000e-01 6.0000e-01 0.0000e+00 7.7287e-01 0.0000e+00 0.0000e+00 6.1111e-01 0.0000e+00 5.3333e-01 5.0000e-01
0.0000e+00 9.9471e-01 5.0000e-01 5.0000e-01 0.0000e+00 5.0000e-01 5.0000e-01 0.0000e+00 0.0000e+00 8.1818e-01
