2.5240e+03 0.0000e+00 1.0000e+00 2.3000e+01 5.1300e+03 0.0000e+00 0.0000e+00 0.0000e+00 6.0000e+00 3.0000e+00
0.0000e+00 1.0000e+00 0.0000e+00 2.2200e+02 5.0000e+00 1.0000e+00 2.0000e+00 0.0000e+00 0.0000e+00 9.5130e+03
6.8930e+03 2.0000e+00 0.0000e+00 1.0000e+00 0.0000e+00 0.0000e+00 1.0670e+03 6.7200e+02 3.0000e+00 0.0000e+00
1.0000e+00 5.0000e+00 2.0000e+00 0.0000e+00 1.0000e+00 9.8110e+03 0.0000e+00 0.0000e+00 0.0000e+00 1.5000e+01
0.0000e+00 0.0000e+00 8.2590e+03 3.0000e+00 0.0000e+00 0.0000e+00 0.0000e+00 0.0000e+00 0.0000e+00 0.0000e+00
1.0000e+00 0.0000e+00 0.0000e+00 0.0000e+00 9.0000e+00 1.0000e+00 8.4780e+03 2.7000e+01 0.0000e+00 3.0000e+00
0.0000e+00 1.0000e+00 0.0000e+00 0.0000e+00 0.0000e+00 0.0000e+00 0.0000e+00 0.0000e+00 4.7780e+03 1.0000e+00
2.0000e+00 8.2400e+02 4.9300e+02 1.0000e+00 0.0000e+00 0.0000e+00 0.0000e+00 7.5810e+03 1.0000e+00 0.0000e+00
1.0000e+00 3.0000e+00 0.0000e+00 7.6050e+03 0.0000e+00 0.0000e+00 1.1000e+01 0.0000e+00 1.6000e+01 1.0000e+00
0.0000e+00 9.0320e+03 1.0000e+00 1.0000e+00 0.0000e+00 1.0000e+00 1.0000e+00 0.0000e+00 0.0000e+00 9.0000e+00
