1.0000e+02 9.0000e+01 9.3000e+01 1.0600e+02 1.0800e+02 1.1300e+02 9.8000e+01 1.0600e+02 9.0300e+03 7.0700e+02
9.1000e+01 1.0100e+02 9.0000e+01 3.2300e+02 9.4000e+01 1.0700e+02 1.0000e+02 9.3000e+01 1.1100e+02 8.5240e+03
2.0400e+02 9.4000e+01 7.6000e+01 1.1700e+02 9.1790e+03 1.1000e+02 1.1080e+03 1.1500e+02 8.9000e+01 8.6000e+01
1.0200e+02 1.0900e+02 1.0400e+02 1.0800e+02 1.0400e+02 9.1830e+03 1.0000e+02 9.9000e+01 9.7000e+01 8.2000e+01
1.2200e+02 9.2000e+01 8.9320e+03 1.0600e+02 9.8000e+01 1.2200e+02 9.3000e+01 1.0200e+02 1.1100e+02 1.1000e+02
9.0000e+01 1.0500e+02 9.2000e+01 8.9000e+01 9.5000e+01 1.0900e+02 8.0190e+03 1.0200e+02 1.0400e+02 1.1400e+02
8.9720e+03 8.7000e+01 1.1300e+02 1.0200e+02 1.0200e+02 1.0000e+02 8.6000e+01 1.0900e+02 1.0100e+02 1.0500e+02
1.0600e+02 7.9800e+02 1.5200e+02 1.0600e+02 1.0400e+02 1.0200e+02 9.2000e+01 8.9530e+03 1.0400e+02 1.1200e+02
1.0700e+02 1.0800e+02 9.6000e+01 8.9980e+03 1.0300e+02 1.0600e+02 7.6000e+01 9.5000e+01 1.4000e+02 1.0500e+02
9.7000e+01 8.4120e+03 9.1000e+01 9.3000e+01 1.0500e+02 9.8000e+01 1.0300e+02 1.0800e+02 1.0700e+02 8.8000e+01
