8.7500e-01 1.4444e-01 1.8280e-01 7.7358e-01 4.5370e-01 5.1327e-01 3.3673e-01 1.8868e-01 9.3284e-01 1.0000e+00
1.4286e-01 5.8416e-01 2.5556e-01 1.0000e+00 5.7447e-01 3.4579e-01 7.7778e-01 6.4516e-02 1.0811e-01 9.6842e-01
9.6386e-01 3.9362e-01 9.2105e-02 6.6667e-01 8.1720e-01 5.6364e-01 9.5745e-01 8.1250e-01 4.7191e-01 5.5814e-01
8.1373e-01 8.2407e-01 8.2692e-01 5.9259e-01 8.2558e-01 9.8276e-01 8.0000e-02 4.4444e-01 3.0928e-01 7.5610e-01
0.0000e+00 1.9565e-01 9.4444e-01 7.1287e-01 2.6531e-01 3.1967e-01 8.6022e-02 5.6122e-01 1.8018e-01 3.6364e-01
7.2727e-01 3.9048e-01 1.4130e-01 1.7978e-01 5.3763e-01 4.2202e-01 8.9247e-01 7.5000e-01 2.0192e-01 5.5263e-01
8.5841e-01 4.4828e-01 2.3009e-01 3.4314e-01 6.1224e-01 5.5556e-01 4.5882e-01 2.2018e-01 5.0495e-01 6.0952e-01
5.0000e-01 9.7000e-01 9.6226e-01 2.2642e-01 1.9231e-02 4.7059e-01 6.3043e-01 8.1053e-01 5.7692e-01 2.6786e-02
1.8692e-01 4.3519e-01 1.4583e-01 8.2796e-01 4.3137e-01 6.6038e-02 4.6053e-01 6.0215e-01 6.9892e-01 5.7143e-01
2.0619e-02 1.0000e+00 1.6484e-01 1.7204e-01 1.1429e-01 2.0408e-01 2.2330e-01 4.8598e-01 3.9252e-01 5.2273e-01
