8.7000e+01 1.3000e+01 1.7000e+01 8.2000e+01 4.9000e+01 5.8000e+01 3.3000e+01 2.0000e+01 8.2180e+03 6.8600e+02
1.3000e+01 5.9000e+01 2.3000e+01 3.2300e+02 5.4000e+01 3.7000e+01 7.8000e+01 6.0000e+00 1.2000e+01 8.2880e+03
2.0000e+02 3.7000e+01 7.0000e+00 7.8000e+01 7.2220e+03 6.2000e+01 1.0750e+03 9.3000e+01 4.2000e+01 4.8000e+01
8.3000e+01 9.0000e+01 8.6000e+01 6.4000e+01 8.5000e+01 9.0070e+03 8.0000e+00 4.4000e+01 3.0000e+01 6.2000e+01
0.0000e+00 1.8000e+01 7.8740e+03 7.5000e+01 2.6000e+01 3.9000e+01 8.0000e+00 5.6000e+01 2.0000e+01 4.0000e+01
6.6000e+01 4.1000e+01 1.3000e+01 1.6000e+01 5.2000e+01 4.6000e+01 7.7620e+03 7.5000e+01 2.1000e+01 6.3000e+01
7.3930e+03 3.9000e+01 2.6000e+01 3.5000e+01 6.4000e+01 5.5000e+01 4.0000e+01 2.4000e+01 5.1000e+01 6.4000e+01
5.3000e+01 7.7800e+02 1.4700e+02 2.4000e+01 2.0000e+00 4.8000e+01 5.8000e+01 7.4220e+03 6.0000e+01 3.0000e+00
2.0000e+01 4.7000e+01 1.4000e+01 6.9980e+03 4.4000e+01 7.0000e+00 3.5000e+01 5.6000e+01 9.7000e+01 6.0000e+01
2.0000e+00 8.3820e+03 1.5000e+01 1.6000e+01 1.2000e+01 2.0000e+01 2.3000e+01 5.3000e+01 4.2000e+01 4.6000e+01
