8.6887e-01 1.4653e-01 2.3162e-01 7.1660e-01 5.3044e-01 5.4688e-01 3.4289e-01 1.8652e-01 8.9723e-01 9.7315e-01
1.6357e-01 5.9105e-01 2.0331e-01 9.9713e-01 5.4463e-01 2.6832e-01 7.7372e-01 5.3763e-02 1.2012e-01 9.6516e-01
9.7453e-01 4.4814e-01 6.4516e-02 6.2439e-01 7.4950e-01 5.6710e-01 9.6711e-01 8.0041e-01 5.8788e-01 5.1386e-01
7.8010e-01 7.7498e-01 7.8645e-01 5.1446e-01 7.2957e-01 9.8483e-01 1.5067e-01 4.3762e-01 3.1667e-01 7.9609e-01
5.1177e-03 1.3937e-01 8.9603e-01 6.4985e-01 2.9300e-01 3.0887e-01 7.6541e-02 5.7101e-01 1.6650e-01 3.1827e-01
6.9277e-01 3.8190e-01 9.7484e-02 1.3487e-01 4.9903e-01 4.2153e-01 9.6825e-01 7.3591e-01 2.1884e-01 5.6700e-01
8.3215e-01 4.3922e-01 3.1461e-01 3.3820e-01 6.0870e-01 5.8462e-01 4.9741e-01 2.0787e-01 4.7155e-01 6.2170e-01
4.8036e-01 9.7582e-01 9.6650e-01 3.1124e-01 1.9704e-02 4.1270e-01 5.8233e-01 8.1992e-01 5.0351e-01 2.2931e-02
2.1688e-01 4.7686e-01 1.3422e-01 7.3228e-01 4.9314e-01 5.8941e-02 4.2982e-01 5.3705e-01 7.0571e-01 4.2941e-01
6.1489e-02 9.9381e-01 2.1705e-01 1.8446e-01 1.1963e-01 2.7541e-01 1.7697e-01 4.8286e-01 4.2361e-01 5.7664e-01
