4.3000e+02 1.0000e+01 1.0000e+01 5.2000e+01 9.5000e+01 1.7000e+01 2.4000e+01 1.4000e+01 9.8170e+03 6.0290e+03
6.0000e+00 3.8000e+01 1.0000e+01 9.9120e+03 1.5800e+02 1.1000e+01 5.2000e+01 1.1000e+01 9.0000e+00 3.9820e+03
9.0820e+03 4.4000e+01 8.0000e+00 0.0000e+00 8.6820e+03 3.4000e+01 8.4300e+03 9.6300e+02 4.7000e+01 0.0000e+00
1.2000e+02 1.1200e+02 2.0400e+02 0.0000e+00 6.4400e+02 1.0102e+04 8.0000e+00 1.4000e+01 1.4000e+01 0.0000e+00
6.0000e+00 1.0000e+01 5.6300e+02 0.0000e+00 3.5000e+01 0.0000e+00 1.0000e+01 4.6000e+01 9.0000e+00 0.0000e+00
8.0000e+00 2.0000e+01 6.0000e+00 0.0000e+00 5.5000e+01 0.0000e+00 1.5570e+03 6.8100e+02 1.7000e+01 0.0000e+00
2.0600e+02 1.1000e+01 2.2000e+01 0.0000e+00 1.9700e+02 0.0000e+00 0.0000e+00 1.8000e+01 3.3000e+01 0.0000e+00
3.8000e+01 6.2670e+03 8.9890e+03 0.0000e+00 9.0000e+00 0.0000e+00 0.0000e+00 8.0800e+03 3.6000e+01 0.0000e+00
8.0000e+00 2.7000e+01 6.0000e+00 0.0000e+00 8.8000e+01 0.0000e+00 0.0000e+00 9.8000e+01 1.0800e+02 0.0000e+00
6.0000e+00 3.4500e+03 1.0000e+01 0.0000e+00 9.0000e+00 0.0000e+00 0.0000e+00 4.3000e+01 2.3000e+01 0.0000e+00
