8.8140e-01 2.0000e-01 2.0000e-01 6.5385e-01 5.5789e-01 4.1176e-01 5.0000e-01 2.1429e-01 9.1117e-01 9.6915e-01
0.0000e+00 6.0526e-01 2.0000e-01 9.9707e-01 6.1392e-01 2.7273e-01 6.5385e-01 9.0909e-02 1.1111e-01 9.6961e-01
9.7269e-01 6.3636e-01 1.2500e-01 1.0000e+00 7.8000e-01 5.8824e-01 9.7378e-01 7.7882e-01 5.7447e-01 1.0000e+00
7.7500e-01 7.6786e-01 8.1373e-01 1.0000e+00 7.1118e-01 9.7733e-01 1.2500e-01 2.1429e-01 2.8571e-01 1.0000e+00
0.0000e+00 2.0000e-01 8.8099e-01 1.0000e+00 4.0000e-01 1.0000e+00 2.0000e-01 5.0000e-01 1.1111e-01 1.0000e+00
1.2500e-01 4.5000e-01 0.0000e+00 1.0000e+00 4.7273e-01 1.0000e+00 9.6596e-01 7.6358e-01 3.5294e-01 1.0000e+00
8.3010e-01 2.7273e-01 4.5455e-01 1.0000e+00 6.3452e-01 1.0000e+00 1.0000e+00 2.7778e-01 5.1515e-01 1.0000e+00
6.0526e-01 9.6968e-01 9.5817e-01 1.0000e+00 0.0000e+00 1.0000e+00 1.0000e+00 8.3007e-01 5.2778e-01 1.0000e+00
1.2500e-01 5.1852e-01 0.0000e+00 1.0000e+00 5.4545e-01 1.0000e+00 1.0000e+00 6.1224e-01 7.0370e-01 1.0000e+00
0.0000e+00 9.9391e-01 2.0000e-01 1.0000e+00 0.0000e+00 1.0000e+00 1.0000e+00 4.8837e-01 4.3478e-01 1.0000e+00
