3.7900e+02 2.0000e+00 2.0000e+00 3.4000e+01 5.3000e+01 7.0000e+00 1.2000e+01 3.0000e+00 8.9450e+03 5.8430e+03
0.0000e+00 2.3000e+01 2.0000e+00 9.8830e+03 9.7000e+01 3.0000e+00 3.4000e+01 1.0000e+00 1.0000e+00 3.8610e+03
8.8340e+03 2.8000e+01 1.0000e+00 0.0000e+00 6.7720e+03 2.0000e+01 8.2090e+03 7.5000e+02 2.7000e+01 0.0000e+00
9.3000e+01 8.6000e+01 1.6600e+02 0.0000e+00 4.5800e+02 9.8730e+03 1.0000e+00 3.0000e+00 4.0000e+00 0.0000e+00
0.0000e+00 2.0000e+00 4.9600e+02 0.0000e+00 1.4000e+01 0.0000e+00 2.0000e+00 2.3000e+01 1.0000e+00 0.0000e+00
1.0000e+00 9.0000e+00 0.0000e+00 0.0000e+00 2.6000e+01 0.0000e+00 1.5040e+03 5.2000e+02 6.0000e+00 0.0000e+00
1.7100e+02 3.0000e+00 1.0000e+01 0.0000e+00 1.2500e+02 0.0000e+00 0.0000e+00 5.0000e+00 1.7000e+01 0.0000e+00
2.3000e+01 6.0770e+03 8.6130e+03 0.0000e+00 0.0000e+00 0.0000e+00 0.0000e+00 6.7070e+03 1.9000e+01 0.0000e+00
1.0000e+00 1.4000e+01 0.0000e+00 0.0000e+00 4.8000e+01 0.0000e+00 0.0000e+00 6.0000e+01 7.6000e+01 0.0000e+00
0.0000e+00 3.4290e+03 2.0000e+00 0.0000e+00 0.0000e+00 0.0000e+00 0.0000e+00 2.1000e+01 1.0000e+01 0.0000e+00
