2.4000e+01 2.2000e+01 2.3000e+01 2.0000e+01 1.8000e+01 3.0000e+01 3.2000e+03 2.3000e+01 2.2000e+01 1.8000e+01 2.3000e+01 2.4000e+01 3.0000e+01 2.0000e+01 1.9000e+01 1.8000e+01 2.5000e+01 2.8000e+01 2.3000e+01 2.3000e+01 2.1000e+01 3.1000e+01 2.1000e+01 2.2000e+01 2.5000e+01 2.6000e+01 1.7000e+01 1.3000e+01 2.2000e+01 2.8000e+01 2.0000e+01 3.4000e+01 2.5000e+01 2.0000e+01 2.4000e+01 2.2000e+01 2.7000e+01 2.5000e+01 3.0000e+01 1.7000e+01 2.8000e+01 2.6000e+01 2.2000e+01 2.3000e+01 2.6000e+01 1.8000e+01 7.5300e+02 2.8000e+01 3.1000e+01 1.6000e+01
3.1000e+01 2.9000e+01 2.3000e+01 2.1000e+01 2.4000e+01 2.6000e+01 2.1000e+01 2.2000e+01 2.1000e+01 1.9000e+01 2.5000e+01 3.7000e+01 3.3000e+01 2.6000e+01 3.1000e+01 3.7000e+01 1.1300e+02 2.9000e+01 2.7000e+01 2.3000e+01 2.3000e+01 3.2000e+01 2.2000e+01 3.3000e+01 2.5000e+01 3.0000e+01 2.7000e+01 2.9000e+01 2.8000e+01 2.7000e+01 2.7000e+01 2.5970e+03 1.6000e+01 1.9000e+01 1.8000e+01 2.3000e+01 2.7000e+01 1.9000e+01 2.5000e+01 2.2000e+01 2.4000e+01 1.6000e+01 3.7000e+01 3.6020e+03 2.5000e+01 2.1000e+01 2.4000e+01 1.8000e+01 2.2000e+01 2.1000e+01
2.4000e+01 2.4000e+01 2.9000e+01 3.3000e+01 2.7000e+01 2.0000e+01 2.5000e+01 2.5000e+01 3.0000e+01 3.2000e+01 2.2000e+01 2.4000e+01 2.0000e+01 2.1000e+01 1.6000e+01 3.3000e+01 1.7000e+01 2.2000e+01 2.2000e+01 1.8000e+01 2.4000e+01 2.8000e+01 2.1000e+01 3.2000e+01 2.7000e+01 4.0000e+01 2.7000e+01 2.8000e+01 2.3000e+01 3.7000e+01 2.8000e+01 2.4000e+01 1.8000e+01 3.3000e+01 2.2000e+01 2.5000e+01 3.0000e+01 2.3000e+01 2.9000e+01 2.9000e+01 2.1000e+01 2.2000e+01 4.8210e+03 9.5100e+02 1.7000e+01 2.2000e+01 2.0000e+01 3.1000e+01 2.8000e+01 2.5000e+01
2.0000e+01 1.6000e+01 2.0000e+01 2.4000e+01 2.6000e+01 2.0000e+01 2.5000e+01 3.1000e+01 2.2000e+01 2.5000e+01 2.1000e+01 1.9000e+01 1.7000e+01 3.1000e+01 2.1000e+01 2.0000e+01 2.6000e+01 1.9000e+01 1.7000e+01 1.5000e+01 2.6000e+01 2.8000e+01 2.5000e+01 2.2000e+01 1.3000e+01 2.0000e+01 4.8970e+03 3.4000e+01 2.1000e+01 3.4110e+03 2.9000e+01 1.9000e+01 1.7000e+01 2.0000e+01 2.6000e+01 2.5000e+01 3.8000e+01 2.5000e+01 2.5000e+01 2.7000e+01 2.9000e+01 2.7000e+01 1.9000e+01 2.9000e+01 2.9000e+01 2.6000e+01 2.4000e+01 2.7000e+01 1.7000e+01 2.6000e+01
2.4000e+01 2.6000e+01 2.2000e+01 2.7000e+01 2.3000e+01 2.5000e+01 2.9000e+01 3.4000e+01 1.5000e+01 2.9000e+01 3.5000e+01 2.5000e+01 2.2000e+01 3.5000e+01 1.7000e+01 2.2000e+01 1.6000e+01 2.2000e+01 3.1000e+01 1.9000e+01 2.7000e+01 2.9000e+01 2.1000e+01 2.0000e+01 2.3000e+01 2.3000e+01 1.8000e+01 2.7000e+01 4.7120e+03 3.0000e+01 2.8000e+01 2.8000e+01 2.5000e+01 2.2000e+01 2.1000e+01 2.3000e+01 2.7000e+01 1.5000e+01 3.6000e+01 1.8000e+01 1.9000e+01 2.7000e+01 2.8000e+01 2.8000e+01 2.4000e+01 2.9000e+01 2.7000e+01 2.4000e+01 2.7000e+01 2.3000e+01
3.3000e+01 2.7000e+01 1.6000e+01 2.4000e+01 2.9000e+01 2.5000e+01 2.6000e+01 2.8000e+01 2.8000e+01 9.0000e+00 2.9000e+01 2.3000e+01 2.4000e+01 2.7000e+01 2.5000e+01 2.0000e+01 2.5000e+01 3.0000e+01 3.0000e+01 2.1000e+01 1.9000e+01 3.0000e+01 2.9000e+01 3.4000e+01 2.0000e+01 2.8000e+01 2.8000e+01 1.6000e+01 2.9000e+01 2.9000e+01 2.6000e+01 2.1000e+01 2.9000e+01 2.1000e+01 1.4000e+01 2.1000e+01 1.2000e+01 3.1000e+01 4.8800e+02 2.7790e+03 2.2000e+01 2.4000e+01 2.3000e+01 2.8000e+01 2.1000e+01 1.6000e+01 2.6000e+01 2.7000e+01 2.6000e+01 2.5000e+01
2.9400e+02 2.9000e+01 2.3000e+01 1.7000e+01 2.7000e+01 2.5000e+01 3.4000e+01 3.0000e+01 2.1000e+01 2.4000e+01 1.8000e+01 2.0000e+01 2.7000e+01 2.7000e+01 2.2000e+01 2.1000e+01 2.5000e+01 2.2000e+01 2.4000e+01 2.6000e+01 4.0000e+01 2.2000e+01 3.0000e+01 1.8000e+01 2.2000e+01 2.5000e+01 3.3000e+01 2.0000e+01 2.0000e+01 2.2000e+01 2.9000e+01 1.7000e+01 2.4000e+01 1.9000e+01 3.4000e+01 3.0000e+01 2.2000e+01 2.3000e+01 4.1000e+01 2.1000e+01 2.0000e+01 2.6000e+01 2.0000e+01 1.8000e+01 3.0000e+01 4.6980e+03 2.2000e+01 3.1000e+01 2.4000e+01 2.1000e+01
2.9000e+01 2.9000e+01 2.1000e+01 2.5000e+01 2.5000e+01 2.7000e+01 3.8000e+01 1.9000e+01 1.9000e+01 2.9000e+01 3.0000e+01 2.8000e+01 2.6000e+01 2.2000e+01 1.8000e+01 1.9000e+01 1.8000e+01 1.8000e+01 2.3000e+01 2.6000e+01 2.0000e+01 2.3000e+01 3.2000e+01 2.4000e+01 3.1000e+01 2.6000e+01 2.9000e+01 2.4000e+01 1.9000e+01 2.0000e+01 3.0000e+01 2.3000e+01 2.3000e+01 2.8000e+01 3.0000e+01 3.0000e+01 2.8000e+01 2.6000e+01 2.5000e+01 2.8000e+01 1.8000e+01 2.8000e+01 2.4000e+01 3.1000e+01 2.4000e+01 2.3000e+01 2.8000e+01 2.6000e+01 2.5000e+01 2.6000e+01
3.0000e+01 6.1000e+01 2.2000e+01 2.0000e+01 2.8000e+01 2.1000e+01 2.9000e+01 2.8000e+01 2.0000e+01 2.4000e+01 1.6000e+01 2.9000e+01 3.3000e+01 2.2000e+01 2.5000e+01 1.6000e+01 2.0000e+01 2.8000e+01 3.3000e+01 2.2000e+01 2.5000e+01 4.7000e+01 1.6000e+01 2.4000e+01 2.0000e+01 2.5000e+01 2.0000e+01 2.3000e+01 3.9000e+01 2.6000e+01 1.7000e+01 1.9000e+01 3.3000e+01 2.3000e+01 2.1000e+01 2.6000e+01 2.0000e+01 3.0000e+01 2.7000e+01 2.3000e+01 2.4000e+01 3.0000e+01 2.1000e+01 2.2000e+01 1.3000e+01 2.5000e+01 1.9000e+01 2.2000e+01 2.5000e+01 2.6000e+01
2.9000e+01 2.1000e+01 2.6000e+01 2.2000e+01 4.7520e+03 2.3000e+01 1.6000e+01 2.8000e+01 3.0000e+01 1.8000e+01 2.0000e+01 2.2000e+01 1.9000e+01 2.4000e+01 1.7000e+01 2.8000e+01 2.6000e+01 2.4000e+01 1.7000e+01 2.5000e+01 2.4000e+01 2.5000e+01 2.3000e+01 3.4000e+01 2.8000e+01 1.5000e+01 2.2000e+01 2.7000e+01 2.1000e+01 3.0000e+01 2.6000e+01 1.9000e+01 2.1000e+01 2.0000e+01 1.8000e+01 2.4000e+01 2.6000e+01 1.8000e+01 2.8000e+01 2.5000e+01 2.1000e+01 2.3000e+01 3.9000e+01 1.9000e+01 2.4000e+01 3.3000e+01 2.5000e+01 2.4000e+01 2.3000e+01 2.4000e+01
3.4000e+01 2.7000e+01 3.6000e+01 2.5000e+01 2.6000e+01 2.0000e+01 2.4000e+01 1.5000e+01 2.4000e+01 1.4000e+01 1.7000e+01 3.3000e+01 2.9000e+01 2.0000e+01 2.6000e+01 2.5000e+01 2.8000e+01 1.9000e+01 2.7000e+01 2.2000e+01 2.1000e+01 1.9000e+01 1.9000e+01 4.7790e+03 1.6000e+01 2.0000e+01 2.7000e+01 2.4000e+01 2.3000e+01 2.5000e+01 3.3000e+01 2.6000e+01 2.5000e+01 2.8000e+01 2.8000e+01 2.3000e+01 2.4000e+01 1.4000e+01 2.6000e+01 2.2000e+01 2.3000e+01 9.9100e+02 2.5000e+01 2.5000e+01 1.6000e+01 2.7000e+01 2.0000e+01 1.9000e+01 2.9000e+01 2.5000e+01
2.8000e+01 2.9000e+01 1.1000e+01 2.5000e+01 2.3000e+01 2.1000e+01 2.7000e+01 1.5000e+01 2.5000e+01 1.8000e+01 2.2000e+01 2.1000e+01 2.2000e+01 2.2000e+01 2.9000e+01 1.9000e+01 2.7000e+01 2.5000e+01 2.8000e+01 2.7000e+01 2.5000e+01 2.7000e+01 2.5000e+01 2.6000e+01 2.6000e+01 1.3000e+01 3.5000e+01 2.3000e+01 2.6000e+01 1.9000e+01 1.7000e+01 3.0000e+01 2.8000e+01 2.4000e+01 2.1000e+01 3.3000e+01 2.1000e+01 2.5130e+03 2.1000e+01 2.3000e+01 1.5000e+01 2.1000e+01 2.0000e+01 2.5000e+01 2.6000e+01 3.1000e+01 2.3000e+01 1.4000e+01 4.8560e+03 2.9000e+01
2.7000e+01 2.8000e+01 3.2000e+01 2.2000e+01 2.4000e+01 2.2000e+01 2.7000e+01 2.5000e+01 2.6000e+01 2.5000e+01 2.5000e+01 3.0000e+01 3.0000e+01 3.5000e+01 2.3000e+01 2.6000e+01 4.6230e+03 3.0000e+01 3.4000e+01 3.1230e+03 2.8000e+01 3.4000e+01 2.4000e+01 2.6000e+01 2.2000e+01 1.6000e+01 2.1000e+01 2.0000e+01 2.2000e+01 2.5000e+01 1.8000e+01 1.8000e+01 2.4000e+01 2.2000e+01 2.0000e+01 2.0000e+01 2.8000e+01 3.0000e+01 2.2000e+01 1.4000e+01 2.5000e+01 2.9000e+01 2.1000e+01 1.2400e+02 2.4000e+01 2.6000e+01 2.7000e+01 1.6000e+01 1.9000e+01 2.1000e+01
2.3000e+01 2.9000e+01 1.8000e+01 3.2000e+01 2.7000e+01 2.8000e+01 1.6000e+01 3.2000e+01 3.7000e+01 2.7000e+01 2.3000e+01 6.6000e+02 2.3000e+01 1.8000e+01 3.0000e+01 2.4000e+01 2.1000e+01 2.1000e+01 2.8000e+01 2.3000e+01 3.2000e+01 4.7720e+03 2.7000e+01 2.7000e+01 2.7000e+01 2.5000e+01 2.7000e+01 3.0000e+01 2.6000e+01 2.4000e+01 2.1000e+01 1.9000e+01 5.0000e+01 2.5000e+01 2.9000e+01 2.0000e+01 3.2000e+01 2.4000e+01 1.9000e+01 2.4000e+01 2.8000e+01 3.0000e+01 2.7000e+01 2.2000e+01 2.9000e+01 2.8000e+01 2.1000e+01 1.9000e+01 2.0000e+01 2.1000e+01
2.0000e+01 2.6000e+01 2.1000e+01 2.4000e+01 2.9000e+01 2.1000e+01 3.1000e+01 2.4000e+01 2.6000e+01 1.9000e+01 2.3000e+01 2.7000e+01 5.0200e+02 4.8790e+03 2.4000e+01 2.7000e+01 2.2000e+01 2.9000e+01 2.5000e+01 3.0000e+01 2.1000e+01 2.5000e+01 2.3000e+01 3.3000e+01 2.4000e+01 2.6000e+01 2.5000e+01 2.4000e+01 2.1000e+01 1.6000e+01 1.4000e+01 2.6000e+01 2.0000e+01 1.9000e+01 2.1000e+01 3.1000e+01 2.4000e+01 7.9000e+02 2.2000e+01 2.7000e+01 1.8000e+01 2.5000e+01 2.6000e+01 2.8000e+01 2.1000e+01 2.7000e+01 2.4000e+01 2.3000e+01 2.2000e+01 2.3000e+01
1.9000e+01 2.0000e+01 2.8000e+01 2.6000e+01 2.2000e+01 2.2000e+01 3.6000e+01 1.8000e+01 2.1000e+01 2.4000e+01 1.6000e+01 2.3000e+01 3.0000e+01 3.6000e+01 2.5000e+01 2.2000e+01 2.1000e+01 3.3000e+01 2.9000e+01 1.9000e+01 2.1000e+01 2.4000e+01 1.5000e+01 2.5000e+01 2.6000e+01 2.3000e+01 2.2000e+01 2.5000e+01 1.8000e+01 2.1000e+01 1.6000e+01 2.3000e+01 2.6000e+01 8.3700e+02 3.5500e+02 2.2000e+01 2.7000e+01 1.5010e+03 2.2000e+01 2.8000e+01 2.2000e+01 1.9000e+01 2.6000e+01 2.6000e+01 1.9000e+01 2.0000e+01 2.7000e+01 1.6340e+03 1.8000e+01 2.5000e+01
1.9000e+01 2.6000e+01 2.7000e+01 2.5000e+01 2.7000e+01 2.5000e+01 2.0000e+01 2.6000e+01 3.0000e+01 3.2000e+01 1.7000e+01 2.3000e+01 2.1000e+01 2.1000e+01 1.8000e+01 2.0000e+01 1.9000e+01 2.3000e+01 2.7000e+01 1.8000e+01 2.8000e+01 2.2000e+01 3.3000e+01 2.0000e+01 2.7000e+01 3.5000e+01 2.9000e+01 2.7000e+01 1.6000e+01 1.7000e+01 2.6000e+01 2.5000e+01 1.4000e+01 2.0000e+01 2.6000e+01 2.2000e+01 2.7000e+01 2.6000e+01 3.2000e+01 2.9000e+01 2.7000e+01 3.3000e+01 2.2000e+01 2.5000e+01 1.7000e+01 3.0000e+01 3.0000e+01 2.8000e+01 3.1000e+01 1.8000e+01
3.0000e+01 4.6210e+03 1.4000e+01 2.4000e+01 2.4000e+01 2.5000e+01 2.6000e+01 2.1990e+03 1.7000e+01 2.3000e+01 2.4000e+01 1.7000e+01 2.9000e+01 3.3000e+01 2.3000e+01 2.8000e+01 1.6000e+01 2.1000e+01 2.9000e+01 2.8000e+01 2.3000e+01 2.4000e+01 2.8000e+01 2.3000e+01 2.1000e+01 1.7000e+01 2.8000e+01 1.3000e+01 2.0000e+01 3.5000e+01 1.8000e+01 2.5000e+01 3.1000e+01 2.1000e+01 2.2000e+01 2.0000e+01 3.0000e+01 2.3000e+01 3.0000e+01 2.3000e+01 1.6000e+01 2.6000e+01 2.8000e+01 2.0000e+01 2.2000e+01 2.3000e+01 2.3000e+01 1.9000e+01 2.4000e+01 2.7000e+01
2.0000e+01 1.8000e+01 2.5000e+01 2.6000e+01 2.9000e+01 2.1000e+01 2.2000e+01 2.6000e+01 2.9000e+01 2.6000e+01 4.7960e+03 3.1000e+01 2.6000e+01 2.5000e+01 2.4000e+01 3.3000e+01 2.4000e+01 1.4000e+01 1.7000e+01 2.2000e+01 2.8000e+01 2.2000e+01 2.3000e+01 1.9000e+01 2.0000e+01 3.1000e+01 2.7000e+01 2.5000e+01 2.8000e+01 3.1000e+01 2.3000e+01 1.5000e+01 1.7000e+01 2.4000e+01 2.0000e+01 1.7000e+01 3.2000e+01 2.5000e+01 2.3000e+01 1.9000e+01 2.2000e+01 2.5000e+01 2.0000e+01 2.7000e+01 1.4000e+01 2.4000e+01 2.9000e+01 3.4000e+01 3.7000e+01 3.0000e+01
2.4000e+01 2.0000e+01 1.5000e+01 3.0000e+01 3.5000e+01 2.6000e+01 2.7000e+01 2.7000e+01 2.0000e+01 2.2000e+01 1.8000e+01 2.8000e+01 2.9000e+01 2.4000e+01 3.6000e+01 1.8000e+01 1.8000e+01 2.6000e+01 1.9000e+01 2.9000e+01 2.3000e+01 2.1000e+01 3.1000e+01 2.0000e+01 1.7000e+01 2.5000e+01 2.9000e+01 2.5000e+01 3.0000e+01 2.0000e+01 3.4000e+01 2.5000e+01 3.8000e+01 2.9000e+01 2.5000e+01 3.3000e+01 2.1000e+01 2.2000e+01 2.4000e+01 1.9000e+01 2.2000e+01 2.3000e+01 1.8000e+01 1.9000e+01 2.3000e+01 1.9000e+01 2.4000e+01 2.9000e+01 2.0000e+01 3.5000e+01
2.1000e+01 1.8000e+01 3.1000e+01 1.9000e+01 3.7000e+01 4.3000e+01 3.7000e+01 2.9000e+01 1.7000e+01 2.5000e+01 2.5000e+01 3.0000e+01 2.6000e+01 2.3000e+01 2.4000e+01 4.4580e+03 3.2000e+01 1.9000e+01 2.1000e+01 2.6000e+01 2.9000e+01 2.5000e+01 2.0000e+01 2.7000e+01 2.3000e+01 2.2000e+01 1.4000e+01 2.9000e+01 2.2000e+01 2.1000e+01 2.1000e+01 2.7000e+01 3.5000e+01 1.9000e+01 2.1000e+01 1.8000e+01 1.9000e+01 2.0000e+01 2.9000e+01 1.9000e+01 3.7000e+01 2.3000e+01 2.4000e+01 2.1000e+01 1.8000e+01 2.6000e+01 1.6000e+01 2.8000e+01 2.3000e+01 4.6000e+01
2.3000e+01 2.5000e+01 1.6000e+01 2.9000e+01 2.6000e+01 2.4000e+01 2.5000e+01 3.4000e+01 1.7000e+01 1.7000e+01 1.7000e+01 2.5000e+01 2.6000e+01 2.4000e+01 2.2000e+01 1.8000e+01 2.7000e+01 2.4000e+01 1.9000e+01 2.2000e+01 1.7000e+01 2.2000e+01 2.1000e+01 1.2000e+01 2.7000e+01 2.4000e+01 2.4000e+01 3.1000e+01 2.8000e+01 2.6000e+01 3.1000e+01 1.9000e+01 2.0000e+01 4.1170e+03 2.5000e+01 1.7000e+01 2.1000e+01 2.3000e+01 1.8000e+01 2.3000e+01 2.4000e+01 2.4000e+01 2.3000e+01 2.2000e+01 3.2000e+01 2.0000e+01 2.6000e+01 2.7000e+01 3.2000e+01 1.1000e+01
2.7000e+01 2.2000e+01 3.0000e+01 1.2410e+03 2.9000e+01 3.2000e+01 3.5000e+01 2.1000e+01 2.7000e+01 2.3000e+01 2.8000e+01 2.7000e+01 1.9000e+01 3.6000e+01 1.3000e+01 2.4000e+01 2.2000e+01 2.5000e+01 2.2000e+01 2.8000e+01 2.6000e+01 2.6000e+01 2.9470e+03 2.5000e+01 1.8000e+01 2.4000e+01 2.2000e+01 2.3000e+01 2.6000e+01 3.2000e+01 2.9000e+01 2.2630e+03 2.5000e+01 2.7000e+01 2.4000e+01 2.4000e+01 2.9000e+01 2.4000e+01 2.4000e+01 2.2000e+01 2.1000e+01 1.9000e+01 2.0000e+01 2.2000e+01 2.6000e+01 2.8000e+01 2.9000e+01 1.7000e+01 2.5000e+01 2.2000e+01
2.3000e+01 1.8000e+01 2.3000e+01 2.6000e+01 2.2000e+01 1.8000e+01 1.8000e+01 2.4000e+01 2.0000e+01 2.4000e+01 2.3000e+01 2.4000e+01 2.8000e+01 2.3000e+01 2.3000e+01 3.3000e+01 2.6000e+01 2.6000e+01 3.3000e+01 2.3000e+01 2.2000e+01 3.0000e+01 1.8680e+03 2.1000e+01 3.0000e+01 3.4800e+02 2.7000e+01 2.9000e+01 2.4000e+01 1.8000e+01 2.9000e+01 3.2000e+01 2.4000e+01 1.7000e+01 2.8000e+01 3.4000e+01 2.0000e+01 2.2000e+01 2.1000e+01 2.2000e+01 2.6000e+01 1.7000e+01 1.4000e+01 2.2000e+01 3.1000e+01 3.5000e+01 3.9140e+03 2.5000e+01 3.6000e+01 2.6000e+01
2.3000e+01 1.9000e+01 2.2000e+01 1.7000e+01 1.8000e+01 2.4000e+01 3.2000e+01 1.8000e+01 2.2000e+01 2.5000e+01 2.3000e+01 1.8000e+01 2.5000e+01 2.5000e+01 4.0000e+01 1.8000e+01 2.4000e+01 2.8000e+01 2.3000e+01 2.5000e+01 3.0000e+01 2.7000e+01 2.2000e+01 1.7000e+01 1.0000e+01 2.8000e+01 3.1000e+01 2.2700e+03 2.0000e+01 2.3000e+01 2.8000e+01 2.8000e+01 2.1000e+01 2.8000e+01 1.9000e+01 1.9000e+01 2.6000e+01 3.6000e+01 2.3000e+01 2.9000e+01 2.9000e+01 1.8000e+01 2.9000e+01 2.0000e+01 2.5180e+03 2.3000e+01 3.0000e+01 1.7000e+01 2.1000e+01 3.3000e+01
1.7300e+03 2.3000e+01 2.9000e+01 2.7000e+01 2.0000e+01 2.4000e+01 2.8000e+01 2.8000e+01 3.2000e+01 2.7000e+01 2.2000e+01 4.1640e+03 1.8000e+01 2.5000e+01 4.2000e+01 2.4000e+01 2.4000e+01 2.4000e+01 2.3000e+01 1.9000e+01 2.9000e+01 3.0000e+01 2.5000e+01 2.9000e+01 2.8000e+01 2.3000e+01 2.4000e+01 2.2000e+01 2.3000e+01 2.5000e+01 2.4000e+01 2.4000e+01 2.3000e+01 3.0000e+01 1.8000e+01 2.9000e+01 1.6000e+01 2.4000e+01 3.1000e+01 2.5000e+01 2.7000e+01 2.6000e+01 1.8000e+01 2.8000e+01 2.1000e+01 2.4000e+01 4.1000e+01 3.1000e+01 2.6000e+01 2.1000e+01
2.0000e+01 3.1000e+01 3.4000e+01 2.3000e+01 2.6000e+01 2.0000e+01 2.5000e+01 2.5000e+01 2.0000e+01 2.6000e+01 2.1000e+01 2.6000e+01 2.7000e+01 2.0000e+01 2.5000e+01 3.1000e+01 3.0000e+01 1.8000e+01 2.4000e+01 2.5000e+01 2.7000e+01 2.2000e+01 1.7000e+01 3.3000e+01 1.8000e+01 2.4000e+01 2.8000e+01 2.4000e+01 2.4000e+01 2.7000e+01 2.8000e+01 2.0000e+01 2.6000e+01 1.2000e+01 2.5000e+01 4.8420e+03 3.1000e+01 2.7000e+01 2.3000e+01 2.1000e+01 2.3000e+01 3.1000e+01 1.6000e+01 3.0000e+01 2.7000e+01 1.9000e+01 2.6000e+01 2.5000e+01 1.5000e+01 2.1000e+01
2.2000e+01 3.3000e+01 3.3000e+01 2.2000e+01 2.9000e+01 2.2000e+01 2.8000e+01 2.9000e+01 1.9000e+01 2.1000e+01 1.9000e+01 2.4000e+01 1.5000e+01 1.9000e+01 2.8000e+01 2.8000e+01 3.4000e+01 3.0000e+01 3.0000e+01 2.4000e+01 1.9000e+01 2.5000e+01 2.4000e+01 3.8000e+01 2.4000e+01 2.5000e+01 1.4000e+01 2.8000e+01 3.0000e+01 1.8000e+01 2.5000e+01 2.3000e+01 2.0000e+01 2.9000e+01 2.0000e+01 2.2000e+01 2.3000e+01 2.3000e+01 3.3000e+01 3.1000e+01 2.3000e+01 2.3000e+01 1.6000e+01 3.0000e+01 2.5000e+01 2.1000e+01 2.9000e+01 2.7000e+01 2.7000e+01 3.0000e+01
3.1000e+01 2.7000e+01 3.3000e+01 1.0100e+02 2.9000e+01 2.4000e+01 2.9000e+01 2.6000e+01 2.4000e+01 1.8830e+03 2.7000e+01 1.7000e+01 2.8000e+01 2.8000e+01 2.4000e+01 3.5000e+01 1.8000e+01 2.7000e+01 2.6000e+01 2.2000e+01 2.2000e+01 2.1000e+01 2.3000e+01 3.1000e+01 4.0010e+03 3.8200e+02 1.5000e+01 2.5000e+01 2.7000e+01 2.3000e+01 2.4000e+01 2.9000e+01 2.8000e+01 2.1000e+01 2.8000e+01 2.4000e+01 3.1000e+01 2.0000e+01 1.6000e+01 2.7000e+01 2.7000e+01 2.8000e+01 2.8000e+01 1.7000e+01 3.2000e+01 2.6000e+01 2.0000e+01 1.8000e+01 3.5000e+01 2.1000e+01
2.6000e+01 2.5000e+01 2.0000e+01 1.6000e+01 1.7000e+01 3.0000e+01 2.5000e+01 2.0000e+01 2.8000e+01 2.6000e+01 2.1000e+01 2.5000e+01 2.7000e+01 2.3000e+01 2.7000e+01 2.7000e+01 2.5000e+01 1.8000e+01 1.6000e+01 2.7000e+01 1.8000e+01 2.6000e+01 2.8000e+01 2.5000e+01 2.4000e+01 2.4000e+01 3.4000e+01 1.7000e+01 2.0000e+01 3.0000e+01 1.7000e+01 2.8000e+01 2.1000e+01 2.4000e+01 4.4920e+03 2.2000e+01 2.3000e+01 2.9000e+01 2.2000e+01 2.8000e+01 2.7000e+01 2.1000e+01 2.6000e+01 2.8000e+01 2.7000e+01 2.1000e+01 2.6000e+01 2.9000e+01 2.7000e+01 2.5000e+01
2.2000e+01 2.7000e+01 2.3000e+01 2.7000e+01 1.7000e+01 3.2000e+01 2.2000e+01 2.3000e+01 2.7000e+01 1.6860e+03 3.9000e+01 2.1000e+01 3.0000e+01 1.4000e+01 2.5000e+01 3.0800e+02 2.2000e+01 2.0000e+01 2.3000e+01 2.0000e+01 2.0000e+01 2.7000e+01 2.9000e+01 2.0000e+01 2.3000e+01 2.2000e+01 2.1000e+01 2.0000e+01 2.4000e+01 2.0000e+01 1.9000e+01 2.2000e+01 2.3000e+01 2.4000e+01 2.5000e+01 2.1000e+01 2.2000e+01 3.2000e+01 2.3000e+01 1.9000e+01 1.8000e+01 2.8000e+01 2.1000e+01 1.9000e+01 1.7000e+01 1.5000e+01 2.7000e+01 3.2070e+03 2.3000e+01 2.4000e+01
2.8000e+01 1.5000e+01 2.4000e+01 3.2000e+01 2.3000e+01 3.1000e+01 2.3000e+01 2.2000e+01 2.9000e+01 2.6000e+01 2.2000e+01 2.5000e+01 2.7000e+01 2.5000e+01 1.8140e+03 2.7000e+01 2.7000e+01 2.7000e+01 2.7000e+01 2.4000e+01 2.8000e+01 1.8000e+01 3.3000e+01 1.4000e+01 2.1000e+01 4.2080e+03 2.1000e+01 1.6000e+01 2.1000e+01 2.6000e+01 2.2000e+01 2.8000e+01 2.5000e+01 3.1000e+01 3.2000e+01 2.6000e+01 2.6000e+01 2.9000e+01 1.8000e+01 2.0000e+01 2.9000e+01 2.8000e+01 2.8000e+01 1.9000e+01 2.3000e+01 2.6000e+01 2.9000e+01 2.3000e+01 2.6000e+01 3.0000e+01
2.6000e+01 2.9000e+01 1.9000e+01 3.4560e+03 2.5000e+01 4.9300e+02 3.4000e+01 2.7000e+01 2.6000e+01 3.1000e+01 2.8000e+01 2.1000e+01 2.1000e+01 2.1000e+01 2.8000e+01 2.1000e+01 2.6000e+01 1.9000e+01 2.9000e+01 2.4000e+01 3.0000e+01 2.6000e+01 2.2000e+01 2.0000e+01 2.4000e+01 2.4000e+01 2.7000e+01 2.3000e+01 2.9000e+01 1.3000e+03 3.8000e+01 2.3000e+01 2.2000e+01 1.8000e+01 1.8000e+01 3.5000e+01 2.6000e+01 2.8000e+01 2.1000e+01 2.7000e+01 3.1000e+01 4.0000e+01 2.8000e+01 2.2000e+01 2.7000e+01 1.4000e+01 2.2000e+01 2.2000e+01 2.5000e+01 2.0000e+01
2.3000e+01 3.0000e+01 2.8000e+01 3.4000e+01 2.8000e+01 1.7000e+01 2.7000e+01 2.6730e+03 2.7000e+01 2.4000e+01 2.7000e+01 3.0000e+01 2.0000e+01 2.3000e+01 2.1000e+01 2.2000e+01 2.2000e+01 3.2000e+01 4.0650e+03 2.6000e+01 2.5000e+01 2.1000e+01 1.8000e+01 2.5000e+01 3.1000e+01 2.2000e+01 1.9000e+01 3.6000e+01 2.5000e+01 2.9000e+01 2.6000e+01 3.8000e+01 2.5000e+01 3.0000e+01 2.2000e+01 3.1000e+01 1.8000e+01 2.8000e+01 2.5000e+01 2.9000e+01 2.4000e+01 2.5000e+01 2.3000e+01 7.6000e+01 2.3000e+01 2.6000e+01 3.7000e+01 3.9000e+01 2.2000e+01 3.7000e+01
2.2000e+01 2.4000e+01 2.7000e+01 1.8000e+01 3.2000e+01 1.6000e+01 2.3000e+01 2.7000e+01 3.0000e+01 2.6000e+01 2.6000e+01 2.5000e+01 1.8000e+01 3.2000e+01 2.0000e+01 3.0000e+01 1.7000e+01 2.1000e+01 2.6000e+01 2.0000e+01 1.8000e+01 3.5000e+01 2.2000e+01 2.4000e+01 2.0000e+01 2.5000e+01 2.8000e+01 2.3000e+01 2.9000e+01 2.5000e+01 1.6000e+01 2.5000e+01 2.5000e+01 1.8000e+01 2.7000e+01 3.0000e+01 2.8000e+01 2.4000e+01 2.4000e+01 2.3000e+01 2.6000e+01 3.5000e+01 3.0000e+01 2.5000e+01 1.8000e+01 3.9000e+01 2.6000e+01 1.8000e+01 2.3000e+01 3.0000e+01
2.4000e+01 2.9000e+01 1.8000e+01 2.2000e+01 2.5000e+01 3.6000e+01 2.1000e+01 3.1000e+01 1.8000e+01 2.2000e+01 2.6000e+01 2.3000e+01 2.7000e+01 2.4000e+01 2.3000e+01 2.3000e+01 1.0100e+02 3.1000e+01 7.6700e+02 3.0000e+01 2.2000e+01 1.7000e+01 1.3000e+01 1.8000e+01 2.2000e+01 2.3000e+01 2.4000e+01 2.0000e+01 2.5000e+01 2.7000e+01 2.2940e+03 2.8000e+01 1.7000e+01 1.7000e+01 2.3000e+01 2.4000e+01 3.9000e+01 2.3000e+01 2.7000e+01 2.7000e+01 2.5000e+01 3.8820e+03 3.2000e+01 2.5000e+01 2.7000e+01 1.9000e+01 2.8000e+01 2.7000e+01 2.5000e+01 3.2000e+01
1.5000e+01 2.4000e+01 2.0000e+01 2.8000e+01 2.8000e+01 2.8000e+01 2.3000e+01 2.1000e+01 2.2000e+01 3.4000e+01 1.5000e+01 2.6000e+01 2.3000e+01 2.7000e+01 2.2000e+01 3.1000e+01 3.1000e+01 4.1000e+01 2.5000e+01 2.1000e+01 2.0000e+01 2.8000e+01 2.4000e+01 1.4000e+01 2.4000e+01 2.2000e+01 2.5000e+01 2.6000e+01 2.3000e+01 1.9000e+01 3.4000e+01 1.8000e+01 2.5000e+01 1.7000e+01 3.2000e+01 2.9000e+01 2.2000e+01 2.0000e+01 2.4000e+01 3.3000e+01 2.5000e+01 1.8000e+01 2.4000e+01 2.7000e+01 2.3360e+03 1.9000e+01 2.4000e+01 2.6000e+01 3.1000e+01 2.5000e+01
3.1000e+01 2.0000e+01 2.8000e+01 2.8000e+01 2.5000e+01 4.3520e+03 2.9000e+01 3.2000e+01 2.6000e+01 2.3000e+01 2.3000e+01 2.8000e+01 1.7000e+01 2.1000e+01 2.2000e+01 2.8000e+01 2.9000e+01 2.7000e+01 2.6000e+01 2.5000e+01 2.2000e+01 2.4000e+01 1.7000e+01 3.4000e+01 1.7000e+01 2.1000e+01 2.1000e+01 1.7000e+01 2.5000e+01 2.7000e+01 2.0000e+01 3.6000e+01 2.6000e+01 2.3000e+01 2.0000e+01 2.1000e+01 2.7000e+01 2.1000e+01 2.3000e+01 2.1000e+01 2.0000e+01 2.4000e+01 3.3000e+01 2.8000e+01 3.1000e+01 2.8000e+01 2.2000e+01 2.5000e+01 2.1000e+01 2.4000e+01
1.8000e+01 2.3000e+01 8.9000e+02 2.4000e+01 2.3000e+01 2.8000e+01 2.4000e+01 2.1000e+01 2.8000e+01 2.6000e+01 2.6000e+01 2.8000e+01 4.3030e+03 3.3000e+01 3.4000e+01 3.4000e+01 1.8000e+01 2.0000e+01 2.7000e+01 1.7220e+03 2.4000e+01 2.7000e+01 2.4000e+01 2.3000e+01 2.4000e+01 1.7000e+01 1.4000e+01 2.7000e+01 2.1000e+01 2.5000e+01 2.8000e+01 1.8000e+01 2.5000e+01 1.8000e+01 2.6000e+01 3.1000e+01 1.6000e+01 2.1000e+01 3.3000e+01 2.5000e+01 3.8000e+01 3.0000e+01 3.0000e+01 2.9000e+01 2.9000e+01 2.1000e+01 3.7000e+01 2.2000e+01 3.7000e+01 2.2000e+01
2.4000e+01 3.3000e+01 4.0080e+03 3.3000e+01 1.6000e+01 3.0000e+01 2.3000e+01 2.4000e+01 2.8000e+01 2.4000e+01 3.0000e+01 2.4000e+01 1.7000e+01 2.4000e+01 2.7000e+01 1.9000e+01 2.8000e+01 2.4000e+01 1.8000e+01 2.4000e+01 2.6000e+01 2.4000e+01 2.8000e+01 3.2000e+01 2.7000e+01 2.4000e+01 2.6000e+01 2.5000e+01 3.4000e+01 2.9000e+01 2.5240e+03 1.6000e+01 1.7000e+01 3.1000e+01 2.2000e+01 2.4000e+01 2.8000e+01 1.7000e+01 2.0000e+01 1.9000e+01 2.3000e+01 3.1000e+01 2.0000e+01 2.0000e+01 2.7000e+01 2.0000e+01 2.1000e+01 1.8000e+01 3.2000e+01 2.7000e+01
1.9270e+03 3.0000e+01 2.6000e+01 1.4000e+01 1.7000e+01 2.3000e+01 2.3000e+01 1.8000e+01 2.3000e+01 3.1000e+01 2.4000e+01 3.0000e+01 2.4000e+01 1.8000e+01 2.8000e+01 2.0000e+01 2.1000e+01 2.6000e+01 2.3000e+01 1.6000e+01 3.1360e+03 3.0000e+01 1.4000e+01 2.7000e+01 7.9500e+02 2.8000e+01 2.5000e+01 2.7000e+01 2.4000e+01 2.0000e+01 2.5000e+01 2.0000e+01 2.8000e+01 3.4000e+01 2.1000e+01 2.8000e+01 2.7000e+01 2.5000e+01 2.0000e+01 3.2000e+01 2.1000e+01 2.3000e+01 3.0000e+01 2.3000e+01 2.0000e+01 2.6000e+01 2.3000e+01 2.2000e+01 2.2000e+01 2.7000e+01
3.0000e+01 3.3000e+01 2.7000e+01 2.2000e+01 1.9000e+01 2.7000e+01 2.4000e+01 2.0000e+01 2.2000e+01 2.1000e+01 2.6000e+01 1.7000e+01 2.0000e+01 1.9000e+01 2.9000e+01 1.9000e+01 2.6000e+01 2.1000e+01 2.2000e+01 3.5000e+01 2.2000e+01 2.4000e+01 2.5000e+01 3.0000e+01 2.0000e+01 2.3000e+01 2.5000e+01 2.4930e+03 2.1000e+01 1.8000e+01 2.3000e+01 1.7000e+01 2.8000e+01 3.0000e+01 2.1000e+01 2.3000e+01 4.7520e+03 2.2000e+01 2.4000e+01 2.3000e+01 2.9000e+01 1.9000e+01 2.6000e+01 2.2000e+01 3.1000e+01 2.5000e+01 2.9000e+01 2.8000e+01 2.2000e+01 2.7000e+01
2.5000e+01 2.7000e+01 2.6000e+01 2.6000e+01 2.7000e+01 2.1000e+01 2.6000e+01 3.1000e+01 1.9000e+01 1.9000e+01 1.6000e+01 2.7000e+01 2.0000e+01 1.6000e+01 2.7000e+01 3.0000e+01 2.8000e+01 2.6000e+01 1.7000e+01 2.8000e+01 3.2000e+01 2.1000e+01 2.1000e+01 2.6000e+01 3.3000e+01 2.8000e+01 3.1000e+01 2.8000e+01 1.7000e+01 2.3000e+01 2.0000e+01 2.2000e+01 1.6000e+01 1.6000e+01 2.0000e+01 2.7000e+01 1.7000e+01 2.0000e+01 2.5000e+01 3.1000e+01 1.7000e+01 3.1000e+01 3.0000e+01 2.8000e+01 2.5000e+01 2.3000e+01 2.0000e+01 3.1000e+01 2.0000e+01 1.8000e+01
2.5000e+01 2.6000e+01 2.9000e+01 1.9000e+01 2.5000e+01 2.4000e+01 1.6240e+03 2.5000e+01 2.7000e+01 3.5000e+01 2.0000e+01 2.1000e+01 2.2000e+01 2.3000e+01 2.7000e+01 3.0000e+01 2.7000e+01 2.6000e+01 2.1000e+01 2.8000e+01 2.6000e+01 2.1000e+01 2.5000e+01 1.9000e+01 2.5000e+01 2.3000e+01 2.9000e+01 2.0000e+01 3.0000e+01 3.1000e+01 2.1000e+01 2.8000e+01 2.8000e+01 2.4000e+01 1.8000e+01 2.6000e+01 2.6000e+01 1.9000e+01 2.4000e+01 2.2080e+03 2.9000e+01 2.2000e+01 3.1000e+01 2.5000e+01 2.2000e+01 1.8000e+01 2.6000e+01 3.1000e+01 2.7000e+01 2.6000e+01
1.0690e+03 2.1000e+01 2.9000e+01 1.8000e+01 2.7000e+01 2.3000e+01 2.6000e+01 2.7000e+01 4.8390e+03 2.3000e+01 1.9000e+01 2.8000e+01 1.7000e+01 2.3000e+01 2.1000e+01 3.3000e+01 2.0000e+01 2.8000e+01 2.6000e+01 2.3000e+01 2.6000e+01 1.2000e+01 2.5000e+01 2.4000e+01 2.8000e+01 2.8000e+01 2.3000e+01 3.1000e+01 2.5000e+01 2.9000e+01 2.3000e+01 1.8000e+01 3.2000e+01 1.7000e+01 2.5000e+01 2.6000e+01 2.8000e+01 2.7000e+01 3.0000e+01 2.0000e+01 2.0000e+01 2.0000e+01 2.6000e+01 2.6000e+01 3.5000e+01 1.2600e+02 3.5000e+01 1.9000e+01 2.5000e+01 4.7360e+03
2.2000e+01 2.5000e+01 2.7000e+01 3.0000e+01 2.6000e+01 2.5000e+01 2.2000e+01 2.6000e+01 2.9000e+01 2.5000e+01 1.8000e+01 2.7000e+01 2.3000e+01 2.4000e+01 2.9640e+03 2.8000e+01 2.2000e+01 4.8610e+03 2.5000e+01 2.0000e+01 2.7000e+01 2.3000e+01 1.7000e+01 2.3000e+01 3.0000e+01 2.2000e+01 2.7000e+01 2.0000e+01 3.5000e+01 2.3000e+01 2.2000e+01 2.1000e+01 3.7000e+01 3.4000e+01 1.9000e+01 2.1000e+01 2.6000e+01 3.5000e+01 2.2000e+01 2.9000e+01 2.0000e+01 2.7000e+01 3.0000e+01 1.4000e+01 2.2000e+01 2.4000e+01 2.9000e+01 1.9000e+01 3.2000e+01 2.5000e+01
1.9000e+01 2.2000e+01 2.8000e+01 3.0000e+01 3.0000e+01 3.0000e+01 2.8000e+01 2.2000e+01 2.3000e+01 2.4000e+01 2.2000e+01 2.9000e+01 1.9000e+01 2.5000e+01 3.0000e+01 3.3000e+01 2.1000e+01 2.3000e+01 2.6000e+01 3.0000e+01 2.9000e+01 2.3000e+01 2.9000e+01 2.5000e+01 2.6000e+01 2.9000e+01 1.9000e+01 2.3000e+01 1.9000e+01 2.6000e+01 1.5000e+01 2.8000e+01 2.4000e+01 2.6000e+01 2.8000e+01 2.4000e+01 1.8000e+01 1.3000e+01 2.8000e+01 3.4000e+01 3.2000e+01 3.0000e+01 2.4000e+01 1.5000e+01 2.3000e+01 1.6000e+01 2.6000e+01 2.1000e+01 2.1000e+01 1.8000e+01
2.4000e+01 2.6000e+01 2.5000e+01 2.1000e+01 1.9000e+01 3.1000e+01 3.0000e+01 2.8000e+01 2.0000e+01 2.1000e+01 2.9000e+01 2.6000e+01 2.4000e+01 2.9000e+01 2.7000e+01 2.2000e+01 2.0000e+01 2.3000e+01 4.3000e+01 2.5000e+01 1.7380e+03 2.7000e+01 3.1000e+01 2.1000e+01 1.9000e+01 2.6000e+01 2.1000e+01 1.3000e+01 2.3000e+01 2.0000e+01 2.7000e+01 3.8000e+01 1.6000e+01 1.9000e+01 2.5000e+01 3.5000e+01 2.8000e+01 3.7000e+01 2.5000e+01 2.2000e+01 4.7520e+03 1.8000e+01 2.4000e+01 2.4000e+01 2.6000e+01 1.8000e+01 2.0000e+01 2.2000e+01 1.9000e+01 1.8000e+01
1.9000e+01 2.0000e+01 1.8000e+01 2.7000e+01 2.8000e+01 2.5000e+01 2.7000e+01 2.1000e+01 2.5000e+01 1.9000e+01 1.7000e+01 2.4000e+01 2.1000e+01 2.2000e+01 1.8000e+01 2.1000e+01 1.8000e+01 2.4000e+01 1.8000e+01 2.4000e+01 2.4000e+01 3.2000e+01 3.1000e+01 3.9000e+01 2.7000e+01 2.9000e+01 2.5000e+01 2.4000e+01 2.9000e+01 2.9000e+01 2.8000e+01 2.0000e+01 2.1000e+01 2.7000e+01 2.6000e+01 2.0000e+01 2.9000e+01 4.6000e+01 4.2530e+03 2.7000e+01 2.4000e+01 3.0000e+01 3.1000e+01 3.4000e+01 3.1000e+01 2.5000e+01 2.5000e+01 2.4000e+01 2.1000e+01 2.3000e+01
2.6000e+01 2.6000e+01 2.3000e+01 2.1000e+01 1.7000e+01 1.8000e+01 2.4000e+01 2.0000e+01 1.3000e+01 1.2260e+03 2.8000e+01 2.9000e+01 2.7000e+01 3.0000e+01 2.4000e+01 2.0000e+01 3.0000e+01 2.1000e+01 1.7000e+01 2.4000e+01 1.9000e+01 3.0000e+01 3.1000e+01 2.2000e+01 3.0000e+01 2.8000e+01 1.9000e+01 2.8000e+01 3.1000e+01 2.3000e+01 1.9000e+01 2.8000e+01 4.7960e+03 2.5000e+01 2.4000e+01 1.8000e+01 1.9000e+01 1.8000e+01 2.5000e+01 2.4000e+01 2.6000e+01 2.7000e+01 2.1000e+01 2.5000e+01 3.5000e+01 3.0000e+01 2.9000e+01 1.8000e+01 1.9000e+01 2.6000e+01
