8.0000e+00 1.0000e+00 5.9960e+03 1.0000e+00 3.0000e+00 2.5000e+01 2.0000e+00 1.0000e+00 5.6250e+03 1.0000e+00 1.0000e+00 9.0000e+00 3.0000e+00 1.0000e+00 1.0000e+01 1.0000e+00 1.0000e+00 1.0000e+00 1.0000e+00 3.0000e+00 1.0000e+00 1.0000e+00 1.0000e+00 5.0000e+00 4.0000e+00 1.0000e+00 1.0000e+00 7.0000e+00 2.0000e+00 1.2000e+01 6.1190e+03 5.9900e+03 1.0000e+00 1.0000e+00 3.0000e+00 1.0000e+00 1.0000e+00 2.0000e+00 1.0000e+00 1.0000e+00 5.9270e+03 1.0000e+00 0.0000e+00 3.0000e+00 1.0000e+00 1.0000e+00 3.0000e+00 3.0000e+00 3.0000e+00 5.9970e+03
1.0000e+00 1.0000e+00 1.0000e+00 1.0000e+00 6.1010e+03 1.0000e+00 1.0000e+00 2.6000e+01 1.0000e+00 7.0000e+00 1.0000e+00 1.0000e+00 3.0000e+00 1.0000e+00 1.0000e+00 1.0000e+00 1.0000e+00 1.0000e+00 1.0000e+00 5.9640e+03 1.0000e+00 1.0000e+00 5.7100e+03 1.0000e+00 1.0000e+00 3.0000e+00 1.0000e+00 1.0000e+00 1.0000e+00 6.0420e+03 3.0000e+00 1.0000e+00 1.0000e+00 1.0000e+00 1.0000e+00 1.0000e+00 1.0000e+00 1.0000e+00 3.0000e+00 1.0000e+00 1.0000e+00 1.0000e+00 1.0000e+00 1.0000e+00 5.9700e+03 5.8600e+03 1.0000e+00 1.0000e+00 1.0000e+00 1.0000e+00
1.0000e+00 1.0000e+00 1.0000e+00 5.7710e+03 7.0000e+00 1.0000e+00 1.0000e+00 1.0000e+00 1.0000e+00 6.0180e+03 1.0000e+00 1.0000e+00 5.9470e+03 5.9830e+03 1.2000e+01 1.0000e+00 5.6000e+01 4.3000e+01 1.0000e+00 1.2000e+01 1.0000e+00 1.0000e+00 2.1000e+01 2.0000e+00 1.0000e+00 1.0000e+00 3.0000e+00 1.0000e+00 5.9820e+03 1.0000e+00 1.0000e+00 1.0000e+00 5.9230e+03 4.2940e+03 5.9830e+03 1.0000e+00 1.0000e+00 0.0000e+00 0.0000e+00 1.0000e+00 2.0000e+00 1.0000e+00 3.0000e+00 1.0000e+00 0.0000e+00 2.0000e+00 2.0000e+00 3.0000e+00 1.0000e+00 1.4000e+01
5.8980e+03 3.0000e+00 3.4000e+01 1.0000e+00 1.0000e+00 1.0000e+00 5.9890e+03 3.0000e+00 2.1800e+02 3.1000e+01 1.0000e+00 5.9790e+03 5.1000e+01 3.8000e+01 1.0000e+00 1.0000e+00 1.0000e+00 1.0000e+00 5.9820e+03 1.0000e+00 1.6510e+03 5.8840e+03 1.0000e+00 1.0000e+00 1.0000e+00 1.2000e+01 2.0000e+00 4.0000e+00 2.0000e+00 2.0000e+00 1.0000e+00 1.0000e+00 8.0000e+00 1.0000e+00 1.0000e+00 1.0000e+00 3.0000e+00 1.0000e+00 1.0000e+00 1.0000e+00 2.0000e+00 1.0000e+00 1.0000e+00 1.0000e+00 0.0000e+00 1.0000e+00 5.8070e+03 1.0000e+00 5.9420e+03 3.0000e+00
1.0000e+00 1.0000e+00 1.0000e+00 1.0000e+00 3.0000e+00 1.0000e+00 4.7000e+01 1.0000e+00 1.0000e+00 1.0000e+00 5.4000e+01 4.0000e+00 1.0000e+00 1.0000e+00 1.0000e+00 7.0000e+00 1.0000e+00 1.0000e+00 1.0000e+00 1.0000e+00 1.0000e+00 1.0000e+00 1.0000e+00 1.0000e+00 1.0000e+00 1.0000e+00 1.0000e+00 1.0000e+00 3.0000e+00 1.0000e+00 1.0000e+00 1.0000e+00 1.0000e+00 1.0000e+00 1.0000e+00 1.0000e+00 1.0000e+00 1.0000e+00 2.0000e+01 1.0000e+00 1.0000e+00 1.0000e+00 1.0000e+00 1.0000e+00 1.0000e+00 1.0000e+00 1.0000e+00 6.0190e+03 1.0000e+00 1.0000e+00
1.0000e+00 1.0000e+00 1.0000e+00 1.0000e+00 1.0000e+00 5.9290e+03 1.0000e+00 1.0000e+00 1.0000e+00 1.0000e+00 1.0000e+00 1.0000e+00 1.0000e+00 1.0000e+00 1.0000e+00 1.0000e+00 1.0000e+00 1.0000e+00 1.0000e+00 1.1000e+01 1.0000e+00 1.0000e+00 1.0000e+00 1.0000e+00 1.0000e+00 1.0000e+00 1.0000e+00 1.0000e+00 1.0000e+00 2.0000e+00 1.0000e+00 1.0000e+00 1.0000e+00 1.0000e+00 2.5000e+01 1.0000e+00 1.0000e+00 5.9450e+03 5.9920e+03 1.0000e+00 1.0000e+00 1.0000e+00 3.2310e+03 1.0000e+00 1.2500e+02 1.0000e+00 1.0000e+00 2.0000e+00 1.0000e+00 1.0000e+00
1.0000e+00 1.0000e+00 1.0000e+00 1.8800e+02 1.0000e+00 3.0000e+00 1.0000e+00 1.0000e+00 1.0000e+00 4.0000e+00 1.0000e+00 1.0000e+00 1.0000e+00 1.0000e+00 1.0000e+00 1.0000e+00 1.0000e+00 1.0000e+00 1.0000e+00 1.0000e+00 1.0000e+00 1.0000e+00 1.0000e+00 1.0000e+00 1.0000e+00 1.0000e+00 1.0000e+00 1.0000e+00 1.0000e+00 1.0000e+00 1.0000e+00 1.0000e+00 1.0000e+00 1.0000e+00 4.0000e+00 1.0000e+00 1.0000e+00 1.0000e+00 1.0000e+00 1.0000e+00 7.0000e+00 1.0000e+00 1.0000e+00 6.0000e+00 2.0000e+00 3.0000e+00 1.0000e+00 1.0000e+00 1.0000e+00 1.0000e+00
1.0000e+00 1.0000e+00 1.0000e+00 1.0000e+00 3.0000e+00 1.0000e+00 1.0000e+00 2.0000e+00 1.0000e+00 1.0000e+00 5.9830e+03 1.0000e+00 1.0000e+00 2.0000e+00 5.9730e+03 1.6000e+01 1.0000e+00 1.0000e+00 3.0000e+00 1.0000e+00 4.2330e+03 2.0000e+00 1.3100e+02 5.9420e+03 3.0000e+01 5.9310e+03 1.0000e+00 6.0450e+03 2.0000e+00 1.0000e+00 1.0000e+00 1.0000e+00 1.0000e+00 2.0000e+00 8.0000e+00 1.0000e+00 2.0000e+00 2.0000e+00 1.0000e+00 5.9310e+03 1.0000e+00 5.9950e+03 0.0000e+00 1.0000e+00 0.0000e+00 1.3000e+01 1.0000e+00 2.0000e+00 4.0000e+00 1.0000e+00
1.0000e+00 1.0000e+00 1.6000e+01 1.0000e+00 1.0000e+00 1.0000e+00 1.0000e+00 1.0000e+00 1.0000e+00 1.0000e+00 1.0000e+00 1.0000e+00 1.0000e+00 1.0000e+00 1.0000e+00 5.9910e+03 4.0000e+00 2.9900e+02 1.0000e+00 5.0000e+00 1.0000e+00 7.0000e+00 1.0000e+00 1.0000e+00 5.9560e+03 1.0000e+00 1.0000e+00 1.0000e+00 3.0000e+00 3.0000e+00 1.0000e+00 1.0000e+00 1.0000e+00 1.0000e+00 1.0000e+00 1.0000e+00 1.0000e+00 2.0000e+00 1.0000e+00 1.0000e+00 1.0000e+00 4.0000e+00 2.8400e+03 1.0000e+00 1.0000e+00 1.0000e+00 1.0000e+00 2.0000e+00 1.0000e+00 1.0000e+00
2.0000e+00 6.0210e+03 1.0000e+00 1.0000e+00 1.0000e+00 0.0000e+00 3.0000e+00 6.0130e+03 1.0000e+00 1.0000e+00 1.0000e+00 1.0000e+01 1.0000e+00 1.0000e+00 1.2000e+01 1.0000e+00 5.9360e+03 5.6720e+03 2.0000e+00 1.0000e+00 1.0000e+00 1.0000e+00 1.0000e+00 1.0000e+00 1.0000e+00 1.0000e+00 6.0190e+03 1.0000e+00 6.0000e+00 0.0000e+00 2.0000e+00 1.0000e+00 2.0000e+00 1.7620e+03 2.0000e+00 5.8990e+03 5.9780e+03 1.0000e+00 1.0000e+00 4.8000e+01 1.0000e+00 1.0000e+00 0.0000e+00 6.0380e+03 1.0000e+00 0.0000e+00 1.3500e+02 1.0000e+00 1.0000e+00 3.0000e+00
