5.0000e-01 0.0000e+00 7.3132e-01 0.0000e+00 6.6667e-01 5.6000e-01 5.0000e-01 0.0000e+00 6.1387e-01 0.0000e+00 0.0000e+00 4.4444e-01 3.3333e-01 0.0000e+00 3.0000e-01 0.0000e+00 0.0000e+00 0.0000e+00 0.0000e+00 3.3333e-01 0.0000e+00 0.0000e+00 0.0000e+00 6.0000e-01 2.5000e-01 0.0000e+00 0.0000e+00 2.8571e-01 5.0000e-01 6.6667e-01 6.4700e-01 7.6377e-01 0.0000e+00 0.0000e+00 3.3333e-01 0.0000e+00 0.0000e+00 1.0000e+00 0.0000e+00 0.0000e+00 5.8883e-01 0.0000e+00 1.0000e+00 3.3333e-01 0.0000e+00 0.0000e+00 3.3333e-01 6.6667e-01 3.3333e-01 6.0797e-01
0.0000e+00 0.0000e+00 0.0000e+00 0.0000e+00 7.1808e-01 0.0000e+00 0.0000e+00 3.8462e-01 0.0000e+00 4.2857e-01 0.0000e+00 0.0000e+00 3.3333e-01 0.0000e+00 0.0000e+00 0.0000e+00 0.0000e+00 0.0000e+00 0.0000e+00 3.9940e-01 0.0000e+00 0.0000e+00 4.2960e-01 0.0000e+00 0.0000e+00 3.3333e-01 0.0000e+00 0.0000e+00 0.0000e+00 6.8156e-01 3.3333e-01 0.0000e+00 0.0000e+00 0.0000e+00 0.0000e+00 0.0000e+00 0.0000e+00 0.0000e+00 6.6667e-01 0.0000e+00 0.0000e+00 0.0000e+00 0.0000e+00 0.0000e+00 1.0000e+00 6.6536e-01 0.0000e+00 0.0000e+00 0.0000e+00 0.0000e+00
0.0000e+00 0.0000e+00 0.0000e+00 6.0423e-01 7.1429e-01 0.0000e+00 0.0000e+00 0.0000e+00 0.0000e+00 6.3509e-01 0.0000e+00 0.0000e+00 5.8450e-01 6.3881e-01 3.3333e-01 0.0000e+00 4.8214e-01 3.4884e-01 0.0000e+00 4.1667e-01 0.0000e+00 0.0000e+00 3.8095e-01 5.0000e-01 0.0000e+00 0.0000e+00 3.3333e-01 0.0000e+00 6.7452e-01 0.0000e+00 0.0000e+00 0.0000e+00 5.9531e-01 5.9432e-01 6.5452e-01 0.0000e+00 0.0000e+00 1.0000e+00 1.0000e+00 0.0000e+00 5.0000e-01 0.0000e+00 1.0000e+00 0.0000e+00 1.0000e+00 5.0000e-01 5.0000e-01 6.6667e-01 0.0000e+00 6.4286e-01
1.0000e+00 6.6667e-01 9.1176e-01 0.0000e+00 0.0000e+00 1.0000e+00 1.0000e+00 6.6667e-01 7.0642e-01 8.3871e-01 0.0000e+00 9.0851e-01 7.8431e-01 8.4211e-01 0.0000e+00 0.0000e+00 0.0000e+00 0.0000e+00 6.3357e-01 0.0000e+00 9.2732e-01 9.0806e-01 0.0000e+00 1.0000e+00 0.0000e+00 6.6667e-01 5.0000e-01 5.0000e-01 5.0000e-01 1.0000e+00 0.0000e+00 1.0000e+00 7.5000e-01 0.0000e+00 0.0000e+00 0.0000e+00 6.6667e-01 1.0000e+00 1.0000e+00 0.0000e+00 5.0000e-01 0.0000e+00 0.0000e+00 0.0000e+00 1.0000e+00 1.0000e+00 9.2853e-01 1.0000e+00 9.4312e-01 6.6667e-01
0.0000e+00 0.0000e+00 0.0000e+00 0.0000e+00 3.3333e-01 0.0000e+00 3.6170e-01 0.0000e+00 0.0000e+00 0.0000e+00 5.5556e-02 2.5000e-01 0.0000e+00 0.0000e+00 0.0000e+00 4.2857e-01 0.0000e+00 0.0000e+00 0.0000e+00 0.0000e+00 0.0000e+00 0.0000e+00 0.0000e+00 0.0000e+00 0.0000e+00 0.0000e+00 0.0000e+00 0.0000e+00 3.3333e-01 0.0000e+00 0.0000e+00 0.0000e+00 0.0000e+00 0.0000e+00 0.0000e+00 0.0000e+00 0.0000e+00 0.0000e+00 8.0000e-01 0.0000e+00 0.0000e+00 0.0000e+00 0.0000e+00 0.0000e+00 0.0000e+00 0.0000e+00 0.0000e+00 7.2039e-01 0.0000e+00 0.0000e+00
0.0000e+00 0.0000e+00 0.0000e+00 0.0000e+00 0.0000e+00 5.2100e-01 0.0000e+00 0.0000e+00 0.0000e+00 0.0000e+00 0.0000e+00 0.0000e+00 0.0000e+00 0.0000e+00 0.0000e+00 0.0000e+00 0.0000e+00 0.0000e+00 0.0000e+00 2.7273e-01 0.0000e+00 0.0000e+00 0.0000e+00 0.0000e+00 0.0000e+00 0.0000e+00 0.0000e+00 0.0000e+00 0.0000e+00 5.0000e-01 0.0000e+00 0.0000e+00 0.0000e+00 0.0000e+00 3.6000e-01 0.0000e+00 0.0000e+00 1.0000e+00 1.0000e+00 0.0000e+00 0.0000e+00 0.0000e+00 1.0000e+00 0.0000e+00 7.7600e-01 0.0000e+00 0.0000e+00 5.0000e-01 0.0000e+00 0.0000e+00
0.0000e+00 0.0000e+00 0.0000e+00 2.3404e-01 0.0000e+00 3.3333e-01 0.0000e+00 0.0000e+00 0.0000e+00 2.5000e-01 0.0000e+00 0.0000e+00 0.0000e+00 0.0000e+00 0.0000e+00 0.0000e+00 0.0000e+00 0.0000e+00 0.0000e+00 0.0000e+00 0.0000e+00 0.0000e+00 0.0000e+00 0.0000e+00 0.0000e+00 0.0000e+00 0.0000e+00 0.0000e+00 0.0000e+00 0.0000e+00 0.0000e+00 0.0000e+00 0.0000e+00 0.0000e+00 2.5000e-01 0.0000e+00 0.0000e+00 0.0000e+00 0.0000e+00 0.0000e+00 2.8571e-01 0.0000e+00 0.0000e+00 1.6667e-01 5.0000e-01 3.3333e-01 0.0000e+00 0.0000e+00 0.0000e+00 0.0000e+00
0.0000e+00 0.0000e+00 0.0000e+00 0.0000e+00 6.6667e-01 0.0000e+00 0.0000e+00 5.0000e-01 0.0000e+00 0.0000e+00 1.8001e-01 0.0000e+00 0.0000e+00 5.0000e-01 5.4278e-01 8.1250e-01 0.0000e+00 0.0000e+00 3.3333e-01 0.0000e+00 5.9981e-01 5.0000e-01 4.2748e-01 7.5564e-01 3.3333e-01 6.4475e-01 0.0000e+00 5.7601e-01 5.0000e-01 0.0000e+00 0.0000e+00 0.0000e+00 0.0000e+00 5.0000e-01 5.0000e-01 0.0000e+00 5.0000e-01 5.0000e-01 1.0000e+00 6.1440e-01 0.0000e+00 4.8123e-01 1.0000e+00 0.0000e+00 1.0000e+00 6.9231e-01 0.0000e+00 1.0000e+00 5.0000e-01 0.0000e+00
0.0000e+00 0.0000e+00 3.1250e-01 0.0000e+00 0.0000e+00 0.0000e+00 0.0000e+00 0.0000e+00 0.0000e+00 0.0000e+00 0.0000e+00 0.0000e+00 0.0000e+00 0.0000e+00 0.0000e+00 5.0626e-01 2.5000e-01 1.9732e-01 0.0000e+00 2.0000e-01 0.0000e+00 2.8571e-01 0.0000e+00 0.0000e+00 2.0887e-01 0.0000e+00 0.0000e+00 0.0000e+00 3.3333e-01 3.3333e-01 0.0000e+00 0.0000e+00 0.0000e+00 0.0000e+00 0.0000e+00 0.0000e+00 0.0000e+00 5.0000e-01 0.0000e+00 0.0000e+00 0.0000e+00 2.5000e-01 8.3627e-01 0.0000e+00 0.0000e+00 0.0000e+00 0.0000e+00 5.0000e-01 0.0000e+00 0.0000e+00
5.0000e-01 6.9042e-01 0.0000e+00 0.0000e+00 1.0000e+00 1.0000e+00 6.6667e-01 8.1873e-01 0.0000e+00 0.0000e+00 0.0000e+00 8.0000e-01 0.0000e+00 0.0000e+00 5.0000e-01 0.0000e+00 7.2069e-01 8.6266e-01 5.0000e-01 0.0000e+00 0.0000e+00 0.0000e+00 0.0000e+00 0.0000e+00 0.0000e+00 0.0000e+00 7.1806e-01 0.0000e+00 8.3333e-01 1.0000e+00 5.0000e-01 0.0000e+00 5.0000e-01 8.1725e-01 5.0000e-01 9.2253e-01 8.8976e-01 1.0000e+00 0.0000e+00 6.8750e-01 0.0000e+00 0.0000e+00 1.0000e+00 7.6664e-01 0.0000e+00 1.0000e+00 8.4444e-01 0.0000e+00 0.0000e+00 6.6667e-01
