4.0000e+00 0.0000e+00 4.3850e+03 0.0000e+00 2.0000e+00 1.4000e+01 1.0000e+00 0.0000e+00 3.4530e+03 0.0000e+00 0.0000e+00 4.0000e+00 1.0000e+00 0.0000e+00 3.0000e+00 0.0000e+00 0.0000e+00 0.0000e+00 0.0000e+00 1.0000e+00 0.0000e+00 0.0000e+00 0.0000e+00 3.0000e+00 1.0000e+00 0.0000e+00 0.0000e+00 2.0000e+00 1.0000e+00 8.0000e+00 3.9590e+03 4.5750e+03 0.0000e+00 0.0000e+00 1.0000e+00 0.0000e+00 0.0000e+00 2.0000e+00 0.0000e+00 0.0000e+00 3.4900e+03 0.0000e+00 0.0000e+00 1.0000e+00 0.0000e+00 0.0000e+00 1.0000e+00 2.0000e+00 1.0000e+00 3.6460e+03
0.0000e+00 0.0000e+00 0.0000e+00 0.0000e+00 4.3810e+03 0.0000e+00 0.0000e+00 1.0000e+01 0.0000e+00 3.0000e+00 0.0000e+00 0.0000e+00 1.0000e+00 0.0000e+00 0.0000e+00 0.0000e+00 0.0000e+00 0.0000e+00 0.0000e+00 2.3820e+03 0.0000e+00 0.0000e+00 2.4530e+03 0.0000e+00 0.0000e+00 1.0000e+00 0.0000e+00 0.0000e+00 0.0000e+00 4.1180e+03 1.0000e+00 0.0000e+00 0.0000e+00 0.0000e+00 0.0000e+00 0.0000e+00 0.0000e+00 0.0000e+00 2.0000e+00 0.0000e+00 0.0000e+00 0.0000e+00 0.0000e+00 0.0000e+00 5.9700e+03 3.8990e+03 0.0000e+00 0.0000e+00 0.0000e+00 0.0000e+00
0.0000e+00 0.0000e+00 0.0000e+00 3.4870e+03 5.0000e+00 0.0000e+00 0.0000e+00 0.0000e+00 0.0000e+00 3.8220e+03 0.0000e+00 0.0000e+00 3.4760e+03 3.8220e+03 4.0000e+00 0.0000e+00 2.7000e+01 1.5000e+01 0.0000e+00 5.0000e+00 0.0000e+00 0.0000e+00 8.0000e+00 1.0000e+00 0.0000e+00 0.0000e+00 1.0000e+00 0.0000e+00 4.0350e+03 0.0000e+00 0.0000e+00 0.0000e+00 3.5260e+03 2.5520e+03 3.9160e+03 0.0000e+00 0.0000e+00 0.0000e+00 0.0000e+00 0.0000e+00 1.0000e+00 0.0000e+00 3.0000e+00 0.0000e+00 0.0000e+00 1.0000e+00 1.0000e+00 2.0000e+00 0.0000e+00 9.0000e+00
5.8980e+03 2.0000e+00 3.1000e+01 0.0000e+00 0.0000e+00 1.0000e+00 5.9890e+03 2.0000e+00 1.5400e+02 2.6000e+01 0.0000e+00 5.4320e+03 4.0000e+01 3.2000e+01 0.0000e+00 0.0000e+00 0.0000e+00 0.0000e+00 3.7900e+03 0.0000e+00 1.5310e+03 5.3430e+03 0.0000e+00 1.0000e+00 0.0000e+00 8.0000e+00 1.0000e+00 2.0000e+00 1.0000e+00 2.0000e+00 0.0000e+00 1.0000e+00 6.0000e+00 0.0000e+00 0.0000e+00 0.0000e+00 2.0000e+00 1.0000e+00 1.0000e+00 0.0000e+00 1.0000e+00 0.0000e+00 0.0000e+00 0.0000e+00 0.0000e+00 1.0000e+00 5.3920e+03 1.0000e+00 5.6040e+03 2.0000e+00
0.0000e+00 0.0000e+00 0.0000e+00 0.0000e+00 1.0000e+00 0.0000e+00 1.7000e+01 0.0000e+00 0.0000e+00 0.0000e+00 3.0000e+00 1.0000e+00 0.0000e+00 0.0000e+00 0.0000e+00 3.0000e+00 0.0000e+00 0.0000e+00 0.0000e+00 0.0000e+00 0.0000e+00 0.0000e+00 0.0000e+00 0.0000e+00 0.0000e+00 0.0000e+00 0.0000e+00 0.0000e+00 1.0000e+00 0.0000e+00 0.0000e+00 0.0000e+00 0.0000e+00 0.0000e+00 0.0000e+00 0.0000e+00 0.0000e+00 0.0000e+00 1.6000e+01 0.0000e+00 0.0000e+00 0.0000e+00 0.0000e+00 0.0000e+00 0.0000e+00 0.0000e+00 0.0000e+00 4.3360e+03 0.0000e+00 0.0000e+00
0.0000e+00 0.0000e+00 0.0000e+00 0.0000e+00 0.0000e+00 3.0890e+03 0.0000e+00 0.0000e+00 0.0000e+00 0.0000e+00 0.0000e+00 0.0000e+00 0.0000e+00 0.0000e+00 0.0000e+00 0.0000e+00 0.0000e+00 0.0000e+00 0.0000e+00 3.0000e+00 0.0000e+00 0.0000e+00 0.0000e+00 0.0000e+00 0.0000e+00 0.0000e+00 0.0000e+00 0.0000e+00 0.0000e+00 1.0000e+00 0.0000e+00 0.0000e+00 0.0000e+00 0.0000e+00 9.0000e+00 0.0000e+00 0.0000e+00 5.9450e+03 5.9920e+03 0.0000e+00 0.0000e+00 0.0000e+00 3.2310e+03 0.0000e+00 9.7000e+01 0.0000e+00 0.0000e+00 1.0000e+00 0.0000e+00 0.0000e+00
0.0000e+00 0.0000e+00 0.0000e+00 4.4000e+01 0.0000e+00 1.0000e+00 0.0000e+00 0.0000e+00 0.0000e+00 1.0000e+00 0.0000e+00 0.0000e+00 0.0000e+00 0.0000e+00 0.0000e+00 0.0000e+00 0.0000e+00 0.0000e+00 0.0000e+00 0.0000e+00 0.0000e+00 0.0000e+00 0.0000e+00 0.0000e+00 0.0000e+00 0.0000e+00 0.0000e+00 0.0000e+00 0.0000e+00 0.0000e+00 0.0000e+00 0.0000e+00 0.0000e+00 0.0000e+00 1.0000e+00 0.0000e+00 0.0000e+00 0.0000e+00 0.0000e+00 0.0000e+00 2.0000e+00 0.0000e+00 0.0000e+00 1.0000e+00 1.0000e+00 1.0000e+00 0.0000e+00 0.0000e+00 0.0000e+00 0.0000e+00
0.0000e+00 0.0000e+00 0.0000e+00 0.0000e+00 2.0000e+00 0.0000e+00 0.0000e+00 1.0000e+00 0.0000e+00 0.0000e+00 1.0770e+03 0.0000e+00 0.0000e+00 1.0000e+00 3.2420e+03 1.3000e+01 0.0000e+00 0.0000e+00 1.0000e+00 0.0000e+00 2.5390e+03 1.0000e+00 5.6000e+01 4.4900e+03 1.0000e+01 3.8240e+03 0.0000e+00 3.4820e+03 1.0000e+00 0.0000e+00 0.0000e+00 0.0000e+00 0.0000e+00 1.0000e+00 4.0000e+00 0.0000e+00 1.0000e+00 1.0000e+00 1.0000e+00 3.6440e+03 0.0000e+00 2.8850e+03 0.0000e+00 0.0000e+00 0.0000e+00 9.0000e+00 0.0000e+00 2.0000e+00 2.0000e+00 0.0000e+00
0.0000e+00 0.0000e+00 5.0000e+00 0.0000e+00 0.0000e+00 0.0000e+00 0.0000e+00 0.0000e+00 0.0000e+00 0.0000e+00 0.0000e+00 0.0000e+00 0.0000e+00 0.0000e+00 0.0000e+00 3.0330e+03 1.0000e+00 5.9000e+01 0.0000e+00 1.0000e+00 0.0000e+00 2.0000e+00 0.0000e+00 0.0000e+00 1.2440e+03 0.0000e+00 0.0000e+00 0.0000e+00 1.0000e+00 1.0000e+00 0.0000e+00 0.0000e+00 0.0000e+00 0.0000e+00 0.0000e+00 0.0000e+00 0.0000e+00 1.0000e+00 0.0000e+00 0.0000e+00 0.0000e+00 1.0000e+00 2.3750e+03 0.0000e+00 0.0000e+00 0.0000e+00 0.0000e+00 1.0000e+00 0.0000e+00 0.0000e+00
1.0000e+00 4.1570e+03 0.0000e+00 0.0000e+00 1.0000e+00 0.0000e+00 2.0000e+00 4.9230e+03 0.0000e+00 0.0000e+00 0.0000e+00 8.0000e+00 0.0000e+00 0.0000e+00 6.0000e+00 0.0000e+00 4.2780e+03 4.8930e+03 1.0000e+00 0.0000e+00 0.0000e+00 0.0000e+00 0.0000e+00 0.0000e+00 0.0000e+00 0.0000e+00 4.3220e+03 0.0000e+00 5.0000e+00 0.0000e+00 1.0000e+00 0.0000e+00 1.0000e+00 1.4400e+03 1.0000e+00 5.4420e+03 5.3190e+03 1.0000e+00 0.0000e+00 3.3000e+01 0.0000e+00 0.0000e+00 0.0000e+00 4.6290e+03 0.0000e+00 0.0000e+00 1.1400e+02 0.0000e+00 0.0000e+00 2.0000e+00
