3.2000e+01 1.7000e+01 1.8000e+01 2.0000e+01 2.0000e+01 2.5000e+01 1.9000e+01 2.2000e+01 1.2420e+03 8.6180e+03
2.1000e+01 2.1000e+01 1.7000e+01 8.4740e+03 2.1000e+01 1.8000e+01 2.4000e+01 1.8000e+01 2.3000e+01 1.1340e+03
8.2050e+03 2.1000e+01 1.4000e+01 2.6000e+01 1.9000e+01 2.0000e+01 6.9000e+02 2.2500e+02 1.8000e+01 1.2000e+01
2.1000e+01 2.3000e+01 1.8000e+01 1.6000e+01 4.8000e+01 9.8340e+03 1.8000e+01 2.6000e+01 3.0000e+01 1.5000e+01
2.2000e+01 1.7000e+01 9.1640e+03 2.1000e+01 2.4000e+01 2.4000e+01 2.9000e+01 2.4100e+02 2.4000e+01 1.3000e+01
2.4000e+01 2.1000e+01 2.3000e+01 2.2000e+01 1.7000e+01 1.8000e+01 9.0370e+03 4.6000e+01 2.1000e+01 1.5000e+01
1.6530e+03 2.1000e+01 2.7000e+01 2.2000e+01 9.9260e+03 2.7000e+01 1.3000e+01 1.8000e+01 2.2000e+01 2.1000e+01
1.9000e+01 6.4300e+02 5.6500e+02 2.1000e+01 1.9000e+01 2.1000e+01 1.5000e+01 9.4280e+03 1.9000e+01 2.0000e+01
2.1000e+01 2.4000e+01 2.3000e+01 1.4610e+03 2.8000e+01 2.8000e+01 1.7000e+01 2.0000e+01 8.5480e+03 2.0000e+01
2.0000e+01 9.1380e+03 2.9000e+01 2.5000e+01 2.7000e+01 1.6000e+01 3.9000e+01 1.7000e+01 2.7000e+01 2.6000e+01
