2.7000e+01 1.0000e+00 5.0000e+00 1.8000e+01 1.1000e+01 1.4000e+01 7.0000e+00 3.0000e+00 1.1250e+03 8.3470e+03
6.0000e+00 1.4000e+01 4.0000e+00 8.4630e+03 7.0000e+00 4.0000e+00 2.0000e+01 1.0000e+00 1.0000e+00 1.0930e+03
7.9780e+03 9.0000e+00 0.0000e+00 1.5000e+01 1.3000e+01 9.0000e+00 6.7200e+02 1.8200e+02 7.0000e+00 8.0000e+00
1.2000e+01 1.5000e+01 1.3000e+01 7.0000e+00 3.8000e+01 9.6290e+03 3.0000e+00 1.4000e+01 1.0000e+01 1.3000e+01
0.0000e+00 2.0000e+00 8.0660e+03 1.5000e+01 5.0000e+00 9.0000e+00 0.0000e+00 1.4400e+02 5.0000e+00 4.0000e+00
1.4000e+01 1.1000e+01 3.0000e+00 5.0000e+00 1.0000e+01 9.0000e+00 8.7270e+03 3.4000e+01 3.0000e+00 9.0000e+00
1.3780e+03 5.0000e+00 6.0000e+00 6.0000e+00 6.2380e+03 1.6000e+01 8.0000e+00 5.0000e+00 5.0000e+00 9.0000e+00
7.0000e+00 6.2600e+02 5.4000e+02 1.1000e+01 0.0000e+00 8.0000e+00 7.0000e+00 7.7900e+03 1.3000e+01 1.0000e+00
8.0000e+00 1.3000e+01 3.0000e+00 1.1240e+03 1.5000e+01 2.0000e+00 6.0000e+00 1.2000e+01 6.2580e+03 1.0000e+01
0.0000e+00 9.0880e+03 7.0000e+00 9.0000e+00 3.0000e+00 3.0000e+00 5.0000e+00 7.0000e+00 8.0000e+00 1.9000e+01
