0.0000e+00 0.0000e+00 4.3560e+03 0.0000e+00 3.5260e+03 0.0000e+00 0.0000e+00 1.0000e+00 0.0000e+00 3.7840e+03 9.0000e+00 0.0000e+00 0.0000e+00 0.0000e+00 2.4230e+03 0.0000e+00 0.0000e+00 0.0000e+00 0.0000e+00 0.0000e+00 1.0000e+00 0.0000e+00 1.0000e+00 1.0000e+00 0.0000e+00 0.0000e+00 3.5410e+03 0.0000e+00 1.2600e+02 1.0000e+00 0.0000e+00 4.4980e+03 2.0000e+00 0.0000e+00 3.0000e+00 0.0000e+00 0.0000e+00 0.0000e+00 0.0000e+00 0.0000e+00 3.4630e+03 0.0000e+00 0.0000e+00 1.0000e+00 0.0000e+00 1.0000e+00 3.0000e+00 2.3000e+01 0.0000e+00 1.0000e+00
2.0000e+00 2.4520e+03 0.0000e+00 0.0000e+00 0.0000e+00 0.0000e+00 0.0000e+00 6.0000e+00 1.0000e+00 0.0000e+00 0.0000e+00 0.0000e+00 0.0000e+00 0.0000e+00 0.0000e+00 5.0000e+00 0.0000e+00 0.0000e+00 1.0000e+00 0.0000e+00 1.0000e+00 0.0000e+00 2.5410e+03 2.0000e+00 0.0000e+00 0.0000e+00 0.0000e+00 0.0000e+00 2.0000e+00 4.1280e+03 0.0000e+00 0.0000e+00 0.0000e+00 0.0000e+00 0.0000e+00 0.0000e+00 5.0000e+00 0.0000e+00 0.0000e+00 0.0000e+00 0.0000e+00 0.0000e+00 0.0000e+00 0.0000e+00 5.8910e+03 0.0000e+00 0.0000e+00 0.0000e+00 0.0000e+00 0.0000e+00
0.0000e+00 0.0000e+00 0.0000e+00 6.0000e+00 0.0000e+00 0.0000e+00 1.0000e+00 4.0000e+00 0.0000e+00 0.0000e+00 1.0000e+00 0.0000e+00 3.5810e+03 0.0000e+00 0.0000e+00 3.6800e+03 1.5000e+01 0.0000e+00 2.8190e+03 0.0000e+00 0.0000e+00 1.0000e+00 2.0000e+00 1.0000e+00 3.9050e+03 0.0000e+00 0.0000e+00 0.0000e+00 1.0000e+00 1.0000e+00 1.1000e+01 0.0000e+00 3.5660e+03 3.6510e+03 0.0000e+00 0.0000e+00 0.0000e+00 0.0000e+00 0.0000e+00 0.0000e+00 1.0000e+00 1.0000e+00 1.0000e+00 0.0000e+00 2.0000e+00 0.0000e+00 0.0000e+00 0.0000e+00 3.4690e+03 0.0000e+00
5.9060e+03 0.0000e+00 1.6000e+01 4.5900e+03 0.0000e+00 3.0000e+00 6.0620e+03 5.0000e+00 3.0000e+00 1.0000e+01 0.0000e+00 5.4270e+03 6.0000e+00 1.0000e+00 0.0000e+00 4.0000e+00 1.0000e+00 2.0000e+00 1.2000e+01 0.0000e+00 5.5710e+03 5.4050e+03 0.0000e+00 7.0000e+00 0.0000e+00 3.8550e+03 1.0000e+00 0.0000e+00 0.0000e+00 1.0000e+00 1.0000e+00 0.0000e+00 2.0000e+00 0.0000e+00 0.0000e+00 0.0000e+00 1.0000e+01 1.0000e+00 1.0000e+00 0.0000e+00 2.7000e+01 4.2590e+03 0.0000e+00 0.0000e+00 2.0000e+00 4.0000e+00 3.0000e+00 1.0000e+00 0.0000e+00 0.0000e+00
0.0000e+00 1.0000e+00 0.0000e+00 0.0000e+00 0.0000e+00 0.0000e+00 0.0000e+00 0.0000e+00 0.0000e+00 0.0000e+00 0.0000e+00 9.0000e+00 0.0000e+00 0.0000e+00 0.0000e+00 1.0000e+00 7.0000e+00 0.0000e+00 0.0000e+00 0.0000e+00 0.0000e+00 0.0000e+00 1.4000e+01 1.0000e+00 0.0000e+00 1.0000e+00 0.0000e+00 0.0000e+00 0.0000e+00 0.0000e+00 0.0000e+00 2.8000e+01 0.0000e+00 0.0000e+00 2.0000e+00 0.0000e+00 0.0000e+00 0.0000e+00 5.4670e+03 0.0000e+00 0.0000e+00 0.0000e+00 1.0000e+00 0.0000e+00 0.0000e+00 0.0000e+00 0.0000e+00 4.2010e+03 0.0000e+00 0.0000e+00
1.0000e+00 0.0000e+00 0.0000e+00 1.0000e+00 0.0000e+00 3.0950e+03 0.0000e+00 0.0000e+00 0.0000e+00 0.0000e+00 2.4120e+03 0.0000e+00 0.0000e+00 0.0000e+00 0.0000e+00 0.0000e+00 0.0000e+00 0.0000e+00 0.0000e+00 0.0000e+00 0.0000e+00 0.0000e+00 0.0000e+00 0.0000e+00 0.0000e+00 1.0000e+00 0.0000e+00 0.0000e+00 0.0000e+00 9.0000e+00 0.0000e+00 0.0000e+00 0.0000e+00 0.0000e+00 1.9450e+03 0.0000e+00 0.0000e+00 6.0040e+03 3.0000e+00 0.0000e+00 0.0000e+00 0.0000e+00 4.7090e+03 0.0000e+00 5.0000e+00 0.0000e+00 0.0000e+00 0.0000e+00 0.0000e+00 0.0000e+00
0.0000e+00 0.0000e+00 0.0000e+00 0.0000e+00 0.0000e+00 0.0000e+00 0.0000e+00 4.0000e+00 0.0000e+00 0.0000e+00 0.0000e+00 0.0000e+00 0.0000e+00 0.0000e+00 6.0000e+00 0.0000e+00 2.0000e+00 2.0000e+00 0.0000e+00 1.0000e+00 0.0000e+00 0.0000e+00 0.0000e+00 0.0000e+00 0.0000e+00 0.0000e+00 0.0000e+00 0.0000e+00 0.0000e+00 1.0000e+00 0.0000e+00 5.0000e+00 0.0000e+00 0.0000e+00 0.0000e+00 0.0000e+00 0.0000e+00 0.0000e+00 0.0000e+00 0.0000e+00 0.0000e+00 0.0000e+00 0.0000e+00 0.0000e+00 0.0000e+00 0.0000e+00 0.0000e+00 1.0000e+00 0.0000e+00 0.0000e+00
1.0000e+00 0.0000e+00 0.0000e+00 1.8000e+01 0.0000e+00 1.0000e+00 1.0000e+00 0.0000e+00 3.7820e+03 0.0000e+00 0.0000e+00 0.0000e+00 1.0000e+00 0.0000e+00 0.0000e+00 2.0000e+00 0.0000e+00 4.3200e+03 0.0000e+00 0.0000e+00 1.0000e+00 0.0000e+00 0.0000e+00 4.5040e+03 0.0000e+00 0.0000e+00 1.0000e+00 3.6130e+03 3.8940e+03 1.0000e+00 0.0000e+00 1.0000e+00 2.0000e+00 2.0000e+00 0.0000e+00 3.0000e+00 1.0000e+00 3.0000e+00 0.0000e+00 2.0000e+00 0.0000e+00 0.0000e+00 1.0000e+00 3.0000e+00 0.0000e+00 4.2720e+03 1.0000e+00 0.0000e+00 0.0000e+00 0.0000e+00
0.0000e+00 1.0000e+00 0.0000e+00 0.0000e+00 0.0000e+00 0.0000e+00 1.0000e+00 0.0000e+00 0.0000e+00 0.0000e+00 1.0000e+00 0.0000e+00 0.0000e+00 0.0000e+00 0.0000e+00 0.0000e+00 1.7010e+03 1.0000e+00 0.0000e+00 0.0000e+00 0.0000e+00 0.0000e+00 0.0000e+00 0.0000e+00 0.0000e+00 0.0000e+00 0.0000e+00 0.0000e+00 0.0000e+00 0.0000e+00 1.8420e+03 0.0000e+00 0.0000e+00 0.0000e+00 0.0000e+00 0.0000e+00 0.0000e+00 0.0000e+00 0.0000e+00 0.0000e+00 0.0000e+00 1.0000e+00 1.0680e+03 1.0000e+00 0.0000e+00 0.0000e+00 4.3430e+03 2.0000e+00 1.0000e+00 0.0000e+00
0.0000e+00 0.0000e+00 0.0000e+00 0.0000e+00 7.8000e+01 5.0000e+00 0.0000e+00 4.8860e+03 0.0000e+00 1.0000e+00 0.0000e+00 1.0000e+00 0.0000e+00 4.0170e+03 1.0000e+00 2.0000e+00 1.0000e+00 0.0000e+00 0.0000e+00 4.9470e+03 0.0000e+00 0.0000e+00 0.0000e+00 0.0000e+00 2.0000e+00 0.0000e+00 5.0000e+00 1.0000e+00 1.0000e+00 0.0000e+00 0.0000e+00 0.0000e+00 0.0000e+00 7.0000e+00 0.0000e+00 5.4660e+03 5.3020e+03 2.0000e+00 0.0000e+00 3.8470e+03 1.0000e+00 0.0000e+00 2.0000e+00 4.6720e+03 1.0000e+00 1.0000e+00 0.0000e+00 0.0000e+00 0.0000e+00 5.1010e+03
