9.0000e+01 1.0000e+01 3.8830e+03 2.8000e+01 6.9000e+01 5.5900e+02 4.7300e+02 3.4290e+03 8.0500e+02 1.0290e+03 1.2000e+01 2.0000e+01 1.7000e+01 3.0000e+01 6.4000e+01 3.0000e+00 9.0000e+00 0.0000e+00 3.0000e+00 3.5000e+01 6.1000e+01 2.0000e+00 3.2000e+01 1.6000e+01 1.0000e+00 3.3000e+01 2.6960e+03 2.9000e+01 5.1900e+02 0.0000e+00 3.4800e+03 3.7530e+03 5.1900e+02 9.6900e+02 1.6000e+01 2.3000e+01 5.0000e+00 3.0000e+00 1.0000e+00 1.0000e+01 1.0500e+02 0.0000e+00 0.0000e+00 6.6000e+01 2.0000e+00 1.1000e+01 4.0000e+00 2.0000e+00 7.0000e+00 4.6400e+02
6.9000e+01 4.1500e+02 0.0000e+00 0.0000e+00 3.8690e+03 0.0000e+00 2.2000e+01 1.5600e+02 6.0000e+00 1.4000e+01 0.0000e+00 0.0000e+00 1.0000e+00 0.0000e+00 0.0000e+00 3.6000e+01 2.0000e+00 0.0000e+00 2.7000e+01 2.2800e+02 9.0000e+00 8.7000e+01 1.0810e+03 3.0000e+00 1.0000e+01 2.0000e+00 2.0000e+01 0.0000e+00 2.4560e+03 2.0700e+02 9.0000e+00 0.0000e+00 0.0000e+00 1.7000e+01 4.0000e+00 1.4000e+01 1.5000e+01 8.0000e+00 0.0000e+00 0.0000e+00 0.0000e+00 1.3000e+01 1.0000e+00 2.6000e+01 5.6720e+03 3.7830e+03 0.0000e+00 5.0000e+00 8.0000e+01 6.0000e+00
7.0000e+00 3.4000e+01 6.0000e+00 2.0300e+02 2.0000e+01 5.2400e+02 4.0400e+02 2.5000e+01 1.5360e+03 5.1000e+02 3.8350e+03 5.0000e+00 1.8770e+03 3.5240e+03 1.4000e+01 2.3000e+01 6.2400e+02 8.0000e+00 3.6800e+02 3.3000e+01 4.0100e+02 3.1000e+01 1.4000e+01 2.7100e+02 3.5070e+03 2.0000e+01 3.4000e+01 1.6000e+01 3.7600e+02 1.0000e+00 1.0000e+01 2.6000e+01 8.0600e+02 7.0800e+02 3.2600e+02 4.1000e+01 4.5300e+02 1.0000e+00 1.0000e+00 1.3000e+01 2.4600e+03 7.9000e+01 6.0000e+00 6.6000e+01 1.0000e+00 6.0000e+00 1.0000e+00 0.0000e+00 1.4800e+02 5.0000e+00
5.0490e+03 1.2000e+01 1.1000e+01 3.7000e+01 0.0000e+00 8.8400e+02 3.4340e+03 8.0000e+00 8.4000e+01 2.8360e+03 3.0000e+00 3.5300e+02 1.5180e+03 1.8700e+02 1.0000e+00 4.0000e+00 2.0000e+00 6.8000e+01 3.9800e+02 0.0000e+00 5.0000e+00 4.3990e+03 1.0000e+00 1.5000e+01 0.0000e+00 1.0400e+02 5.1200e+02 4.0000e+00 2.0000e+00 3.0000e+00 3.0000e+00 1.2000e+01 5.7000e+01 0.0000e+00 0.0000e+00 0.0000e+00 7.5900e+02 1.0000e+00 0.0000e+00 2.0000e+00 1.6840e+03 3.4680e+03 1.0000e+00 5.4300e+02 1.0000e+00 4.0000e+00 2.0000e+00 3.0000e+00 4.9490e+03 3.0000e+00
4.0000e+00 3.0000e+01 0.0000e+00 0.0000e+00 1.0000e+01 0.0000e+00 2.3900e+02 1.0000e+00 0.0000e+00 0.0000e+00 1.0000e+00 4.8000e+01 0.0000e+00 1.0000e+00 0.0000e+00 6.6000e+01 5.7000e+01 0.0000e+00 2.0000e+00 9.4100e+02 2.4700e+03 5.0000e+00 4.6800e+02 1.1000e+01 7.0000e+00 0.0000e+00 0.0000e+00 0.0000e+00 0.0000e+00 3.0000e+00 2.0000e+01 2.1200e+02 3.0000e+00 6.0000e+00 2.5000e+01 0.0000e+00 0.0000e+00 1.0000e+00 5.5760e+03 0.0000e+00 3.0000e+00 0.0000e+00 1.1000e+01 0.0000e+00 2.0000e+00 0.0000e+00 0.0000e+00 4.2970e+03 0.0000e+00 0.0000e+00
1.0000e+00 3.8000e+01 1.1000e+01 3.0000e+00 0.0000e+00 1.4000e+03 0.0000e+00 0.0000e+00 0.0000e+00 2.0000e+00 1.5700e+02 9.0000e+00 8.0000e+00 1.6000e+01 4.8800e+02 2.8000e+01 4.0000e+00 0.0000e+00 1.0000e+00 3.0000e+00 1.3000e+01 0.0000e+00 0.0000e+00 0.0000e+00 2.8000e+01 4.0000e+00 0.0000e+00 0.0000e+00 4.7000e+01 3.5770e+03 0.0000e+00 4.5000e+01 1.8000e+01 0.0000e+00 5.7000e+01 7.0000e+00 1.0000e+00 5.8670e+03 4.0000e+00 1.0000e+01 5.0000e+00 3.1000e+01 5.5760e+03 0.0000e+00 1.9100e+02 0.0000e+00 2.0000e+00 0.0000e+00 1.0000e+00 0.0000e+00
2.3000e+01 0.0000e+00 8.1000e+01 4.0000e+00 1.0000e+00 8.0000e+00 3.2000e+01 5.0000e+00 0.0000e+00 2.1000e+01 1.3000e+01 2.0000e+00 5.0000e+00 5.0000e+00 0.0000e+00 3.1920e+03 3.0000e+00 1.0000e+00 7.0000e+00 2.0000e+00 1.1000e+01 4.0000e+00 7.8000e+01 3.4000e+01 6.0000e+00 1.0000e+00 2.0000e+00 6.0000e+00 5.0000e+00 3.5800e+02 2.0000e+00 2.9000e+01 3.0000e+00 7.0000e+00 1.6000e+01 8.0000e+00 3.0000e+00 5.0000e+00 1.0000e+01 1.2000e+01 4.0000e+00 1.4000e+01 1.0000e+00 9.0000e+00 0.0000e+00 4.0000e+00 2.0000e+00 5.0000e+00 1.0000e+00 4.0000e+00
2.0600e+02 1.8320e+03 1.6000e+01 2.4000e+01 1.0000e+00 1.7000e+01 1.3000e+01 1.2000e+01 1.0110e+03 1.6300e+02 5.0000e+00 5.0000e+00 3.1000e+01 6.0000e+00 1.4500e+03 1.8000e+01 1.8530e+03 3.0750e+03 2.7000e+01 4.5400e+02 5.9000e+01 2.4000e+01 5.3000e+02 4.0410e+03 3.4000e+01 1.7920e+03 1.5000e+01 3.1920e+03 2.5800e+02 2.0000e+00 2.9000e+01 3.5000e+01 2.0000e+00 2.2000e+01 2.8000e+01 1.7600e+02 5.0000e+01 4.0000e+00 1.0000e+00 3.3170e+03 3.0000e+00 2.3100e+02 1.0000e+00 4.2000e+01 1.0000e+00 8.6000e+01 2.0000e+00 1.0000e+00 2.5000e+01 1.8000e+01
2.0000e+00 8.0000e+00 5.4000e+01 2.7650e+03 2.4300e+02 1.7000e+01 1.1200e+02 1.6300e+02 3.2000e+01 3.0000e+00 6.0000e+00 2.4410e+03 3.0000e+00 1.0000e+01 3.0000e+00 1.1800e+02 4.4000e+01 8.0000e+00 1.4000e+01 1.9000e+01 1.0000e+00 2.7000e+02 6.1000e+01 1.0000e+01 2.1000e+01 1.0980e+03 8.0000e+00 4.0000e+00 6.0000e+01 6.5000e+01 8.6000e+01 1.7000e+01 3.0000e+00 9.0000e+01 2.5290e+03 1.2400e+03 7.0000e+00 1.7000e+01 2.0000e+00 1.7000e+01 5.0000e+00 3.0000e+00 2.6400e+02 1.0200e+02 0.0000e+00 3.0000e+00 4.3590e+03 3.0000e+00 0.0000e+00 6.1000e+01
6.0000e+00 7.0000e+02 0.0000e+00 1.0000e+00 2.0000e+00 3.6300e+02 2.1000e+01 2.1900e+02 4.7000e+01 3.7000e+01 9.0000e+00 5.0800e+02 3.0800e+02 7.5000e+01 1.1770e+03 1.0000e+00 8.9500e+02 1.2520e+03 2.9530e+03 1.6670e+03 6.0000e+00 1.0000e+00 3.0000e+00 8.0000e+00 7.1000e+01 1.7000e+01 2.6000e+02 2.9000e+01 4.0000e+00 0.0000e+00 1.3000e+01 5.8000e+01 2.8060e+03 2.2390e+03 6.2000e+01 2.7220e+03 3.6390e+03 3.0000e+00 1.0000e+00 9.6000e+01 3.0000e+00 6.0000e+00 2.0000e+00 3.2970e+03 2.0000e+00 1.0000e+00 3.0000e+00 0.0000e+00 6.0000e+00 4.0140e+03
