3.0500e+02 6.0000e+00 6.0000e+00 8.4000e+01 8.6000e+01 2.1000e+01 1.4000e+01 1.5000e+01 9.4880e+03 6.7940e+03
1.0000e+01 2.7000e+01 8.0000e+00 9.9110e+03 5.8000e+01 6.0000e+00 8.9000e+01 8.0000e+00 9.0000e+00 3.2120e+03
9.0980e+03 1.9000e+01 8.0000e+00 0.0000e+00 9.4360e+03 2.0000e+01 5.4070e+03 8.1500e+02 3.2000e+01 0.0000e+00
1.5100e+02 1.4000e+02 1.9000e+02 0.0000e+00 1.6600e+02 9.8370e+03 8.0000e+00 2.7000e+01 2.4000e+01 0.0000e+00
6.0000e+00 1.3000e+01 5.1100e+02 0.0000e+00 2.9000e+01 0.0000e+00 6.0000e+00 4.9000e+01 1.1000e+01 0.0000e+00
1.0100e+02 2.0000e+01 8.0000e+00 0.0000e+00 5.1000e+01 0.0000e+00 4.4370e+03 3.9600e+02 7.0000e+00 0.0000e+00
2.2800e+02 1.1000e+01 1.2000e+01 0.0000e+00 1.5200e+02 0.0000e+00 0.0000e+00 1.5000e+01 2.7000e+01 0.0000e+00
2.7000e+01 5.3180e+03 9.3450e+03 0.0000e+00 9.0000e+00 0.0000e+00 0.0000e+00 8.6800e+03 3.5000e+01 0.0000e+00
6.0000e+00 1.1000e+01 8.0000e+00 0.0000e+00 6.2000e+01 0.0000e+00 0.0000e+00 8.9000e+01 2.7600e+02 0.0000e+00
6.0000e+00 4.4380e+03 6.0000e+00 0.0000e+00 9.0000e+00 0.0000e+00 0.0000e+00 3.9000e+01 1.1000e+01 0.0000e+00
