2.6200e+02 0.0000e+00 0.0000e+00 6.2000e+01 4.7000e+01 1.0000e+01 5.0000e+00 3.0000e+00 8.6010e+03 6.5960e+03
2.0000e+00 1.4000e+01 1.0000e+00 9.8910e+03 2.8000e+01 0.0000e+00 6.6000e+01 0.0000e+00 1.0000e+00 3.1270e+03
8.8480e+03 8.0000e+00 1.0000e+00 0.0000e+00 7.3950e+03 9.0000e+00 5.2300e+03 6.2600e+02 1.6000e+01 0.0000e+00
1.2100e+02 1.1100e+02 1.5300e+02 0.0000e+00 1.0300e+02 9.6480e+03 1.0000e+00 1.0000e+01 1.0000e+01 0.0000e+00
0.0000e+00 4.0000e+00 4.4700e+02 0.0000e+00 1.0000e+01 0.0000e+00 0.0000e+00 2.5000e+01 2.0000e+00 0.0000e+00
7.6000e+01 9.0000e+00 1.0000e+00 0.0000e+00 2.4000e+01 0.0000e+00 4.2880e+03 2.9000e+02 0.0000e+00 0.0000e+00
1.9100e+02 3.0000e+00 3.0000e+00 0.0000e+00 9.3000e+01 0.0000e+00 0.0000e+00 3.0000e+00 1.2000e+01 0.0000e+00
1.4000e+01 5.1430e+03 8.9370e+03 0.0000e+00 0.0000e+00 0.0000e+00 0.0000e+00 7.1840e+03 1.8000e+01 0.0000e+00
0.0000e+00 3.0000e+00 1.0000e+00 0.0000e+00 3.1000e+01 0.0000e+00 0.0000e+00 5.3000e+01 2.1700e+02 0.0000e+00
0.0000e+00 4.4170e+03 0.0000e+00 0.0000e+00 0.0000e+00 0.0000e+00 0.0000e+00 1.8000e+01 2.0000e+00 0.0000e+00
