8.7500e-01 2.2222e-01 2.9630e-01 8.4000e-01 6.3636e-01 6.0870e-01 3.1818e-01 3.1818e-01 7.5000e-01 9.7112e-01
2.6923e-01 5.7895e-01 2.2222e-01 9.9826e-01 6.5000e-01 3.4615e-01 8.2143e-01 0.0000e+00 9.0909e-02 9.8276e-01
9.6778e-01 4.3750e-01 7.1429e-02 5.9091e-01 7.8640e-01 6.0000e-01 9.7320e-01 7.9710e-01 5.6522e-01 4.7368e-01
7.6923e-01 7.7778e-01 7.0000e-01 4.8000e-01 7.4359e-01 9.7999e-01 2.0000e-01 4.3750e-01 5.0000e-01 8.0952e-01
0.0000e+00 1.7647e-01 8.7826e-01 6.4000e-01 5.0000e-01 2.0000e-01 4.5455e-02 5.8333e-01 0.0000e+00 2.9630e-01
5.8824e-01 2.9412e-01 3.5714e-02 1.3043e-01 5.4167e-01 5.5556e-01 9.6622e-01 7.2973e-01 5.0000e-02 6.0870e-01
8.2789e-01 3.4483e-01 5.0000e-01 2.9412e-01 6.0526e-01 7.3529e-01 3.0769e-01 2.6923e-01 2.3810e-01 5.0000e-01
7.1429e-01 9.7852e-01 9.5344e-01 4.4444e-01 2.8571e-02 7.0588e-01 7.8947e-01 8.3003e-01 6.0000e-01 7.1429e-02
3.4615e-01 3.2000e-01 4.5455e-02 6.7857e-01 2.9630e-01 0.0000e+00 2.9412e-01 4.6154e-01 7.3274e-01 2.6316e-01
1.5000e-01 9.9365e-01 2.2727e-01 0.0000e+00 2.2222e-01 1.7391e-01 1.2500e-01 5.0000e-01 4.3750e-01 6.8750e-01
