2.8000e+01 6.0000e+00 8.0000e+00 2.1000e+01 1.4000e+01 1.4000e+01 7.0000e+00 7.0000e+00 1.5000e+01 9.5160e+03
7.0000e+00 1.1000e+01 4.0000e+00 9.7700e+03 1.3000e+01 9.0000e+00 2.3000e+01 0.0000e+00 2.0000e+00 5.7000e+01
8.4100e+02 7.0000e+00 1.0000e+00 1.3000e+01 7.5880e+03 9.0000e+00 4.7200e+02 5.5000e+01 1.3000e+01 1.8000e+01
2.0000e+01 1.4000e+01 1.4000e+01 1.2000e+01 2.9000e+01 9.6980e+03 3.0000e+00 7.0000e+00 1.0000e+01 1.7000e+01
0.0000e+00 3.0000e+00 8.3470e+03 1.6000e+01 8.0000e+00 6.0000e+00 1.0000e+00 2.1000e+01 0.0000e+00 8.0000e+00
1.0000e+01 5.0000e+00 1.0000e+00 3.0000e+00 1.3000e+01 1.0000e+01 8.8670e+03 2.7000e+01 1.0000e+00 1.4000e+01
7.5280e+03 1.0000e+01 7.0000e+00 5.0000e+00 2.3000e+01 2.5000e+01 8.0000e+00 7.0000e+00 5.0000e+00 9.0000e+00
2.0000e+01 5.0100e+02 4.7100e+02 8.0000e+00 1.0000e+00 1.2000e+01 1.5000e+01 8.0770e+03 9.0000e+00 1.0000e+00
9.0000e+00 8.0000e+00 1.0000e+00 1.9000e+01 8.0000e+00 0.0000e+00 5.0000e+00 1.2000e+01 7.1010e+03 5.0000e+00
3.0000e+00 9.2270e+03 5.0000e+00 0.0000e+00 4.0000e+00 4.0000e+00 2.0000e+00 1.3000e+01 7.0000e+00 1.1000e+01
