1.3500e+02 6.0000e+00 8.0000e+00 1.5200e+02 6.6000e+01 4.7000e+01 5.0000e+00 1.1000e+01 4.7520e+03 4.9200e+03
5.0000e+00 1.1000e+01 1.1000e+01 4.7340e+03 9.5000e+01 1.2000e+01 4.0000e+01 8.0000e+00 7.0000e+00 4.8010e+03
1.0630e+03 4.0000e+00 4.0000e+00 6.7000e+01 8.8150e+03 3.3000e+01 9.0200e+02 2.9800e+02 5.8000e+01 1.5000e+01
5.7000e+01 2.2000e+01 2.9000e+01 2.0000e+01 2.2400e+02 9.6890e+03 5.0000e+00 7.0000e+00 2.4000e+01 3.0000e+01
8.0000e+00 7.0000e+00 8.9240e+03 4.3000e+01 3.8000e+01 1.1000e+01 1.0000e+01 2.2500e+02 2.1000e+01 2.9000e+01
1.8000e+01 2.4000e+01 5.0000e+00 9.0000e+00 6.3000e+01 1.3000e+01 9.1440e+03 2.7300e+02 1.5000e+01 5.7000e+01
8.7430e+03 4.9000e+01 1.2000e+01 1.9000e+01 7.3700e+02 1.3300e+02 2.3000e+01 2.2000e+01 5.3000e+01 1.0600e+02
5.5000e+01 7.7900e+02 8.2400e+02 1.1000e+01 1.0000e+01 4.2000e+01 5.5000e+01 8.7590e+03 3.4000e+01 7.0000e+00
1.5000e+01 2.5000e+01 1.5000e+01 5.0640e+03 4.6000e+01 1.0000e+01 3.0000e+01 9.1000e+01 4.9470e+03 4.7000e+01
9.0000e+00 8.9590e+03 8.0000e+00 7.0000e+00 1.6000e+01 9.0000e+00 9.0000e+00 5.6000e+01 2.3000e+01 1.2000e+01
