8.4444e-01 1.6667e-01 2.5000e-01 8.0263e-01 5.3030e-01 5.9574e-01 0.0000e+00 1.8182e-01 9.1120e-01 9.7154e-01
0.0000e+00 3.6364e-01 3.6364e-01 9.9704e-01 5.7895e-01 2.5000e-01 6.7500e-01 0.0000e+00 0.0000e+00 9.6313e-01
9.8119e-01 0.0000e+00 0.0000e+00 6.7164e-01 7.8752e-01 5.1515e-01 9.7561e-01 7.4497e-01 6.0345e-01 3.3333e-01
7.3684e-01 9.0909e-01 7.5862e-01 6.0000e-01 6.9643e-01 9.7977e-01 0.0000e+00 0.0000e+00 4.5833e-01 9.0000e-01
0.0000e+00 0.0000e+00 8.8234e-01 4.8837e-01 3.1579e-01 9.0909e-02 1.0000e-01 6.2222e-01 2.8571e-01 4.1379e-01
3.8889e-01 6.2500e-01 0.0000e+00 1.1111e-01 4.9206e-01 2.3077e-01 9.6118e-01 7.2527e-01 2.6667e-01 6.3158e-01
8.2740e-01 5.3061e-01 1.6667e-01 2.6316e-01 6.0380e-01 5.9398e-01 3.4783e-01 2.2727e-01 4.5283e-01 5.9434e-01
6.3636e-01 9.6534e-01 9.5752e-01 1.8182e-01 0.0000e+00 5.2381e-01 6.3636e-01 8.3765e-01 4.7059e-01 0.0000e+00
2.0000e-01 3.6000e-01 2.0000e-01 7.6896e-01 3.0435e-01 0.0000e+00 3.6667e-01 4.7253e-01 7.2428e-01 4.4681e-01
1.1111e-01 9.9665e-01 1.2500e-01 0.0000e+00 1.8750e-01 1.1111e-01 1.1111e-01 5.3571e-01 3.9130e-01 2.5000e-01
