1.1400e+02 1.0000e+00 2.0000e+00 1.2200e+02 3.5000e+01 2.8000e+01 0.0000e+00 2.0000e+00 4.3300e+03 4.7800e+03
0.0000e+00 4.0000e+00 4.0000e+00 4.7200e+03 5.5000e+01 3.0000e+00 2.7000e+01 0.0000e+00 0.0000e+00 4.6240e+03
1.0430e+03 0.0000e+00 0.0000e+00 4.5000e+01 6.9420e+03 1.7000e+01 8.8000e+02 2.2200e+02 3.5000e+01 5.0000e+00
4.2000e+01 2.0000e+01 2.2000e+01 1.2000e+01 1.5600e+02 9.4930e+03 0.0000e+00 0.0000e+00 1.1000e+01 2.7000e+01
0.0000e+00 0.0000e+00 7.8740e+03 2.1000e+01 1.2000e+01 1.0000e+00 1.0000e+00 1.4000e+02 6.0000e+00 1.2000e+01
7.0000e+00 1.5000e+01 0.0000e+00 1.0000e+00 3.1000e+01 3.0000e+00 8.7890e+03 1.9800e+02 4.0000e+00 3.6000e+01
7.2340e+03 2.6000e+01 2.0000e+00 5.0000e+00 4.4500e+02 7.9000e+01 8.0000e+00 5.0000e+00 2.4000e+01 6.3000e+01
3.5000e+01 7.5200e+02 7.8900e+02 2.0000e+00 0.0000e+00 2.2000e+01 3.5000e+01 7.3370e+03 1.6000e+01 0.0000e+00
3.0000e+00 9.0000e+00 3.0000e+00 3.8940e+03 1.4000e+01 0.0000e+00 1.1000e+01 4.3000e+01 3.5830e+03 2.1000e+01
1.0000e+00 8.9290e+03 1.0000e+00 0.0000e+00 3.0000e+00 1.0000e+00 1.0000e+00 3.0000e+01 9.0000e+00 3.0000e+00
