1.8300e+02 1.2700e+02 5.3120e+03 1.9000e+01 3.8000e+01 1.0140e+03 8.6800e+02 4.3340e+03 1.8400e+03 6.7800e+02 2.8000e+01 8.6000e+01 4.0000e+01 5.3000e+01 1.5400e+02 2.2000e+01 3.5000e+01 1.7000e+01 5.4000e+01 4.5000e+01 1.2000e+02 3.4000e+01 1.6900e+02 4.9000e+01 3.5000e+01 3.4000e+01 4.1850e+03 4.0000e+01 4.9300e+02 3.0000e+00 5.3430e+03 5.2430e+03 1.3780e+03 2.2210e+03 9.7000e+01 8.3000e+01 2.8000e+01 4.0000e+00 2.0000e+00 6.2000e+01 3.3100e+02 2.0000e+01 4.0000e+00 1.6600e+02 3.0000e+00 1.1000e+01 7.0000e+00 6.0000e+00 2.2000e+01 3.9000e+02
1.8900e+02 6.6100e+02 1.7000e+01 1.7000e+01 5.5620e+03 1.8000e+01 3.2000e+01 3.9500e+02 2.9000e+01 2.9000e+01 1.9000e+01 1.8000e+01 4.2000e+01 2.1000e+01 5.4000e+01 7.2000e+01 2.5000e+01 1.8000e+01 5.4000e+01 2.4800e+02 1.5000e+01 8.0000e+01 3.6950e+03 2.0000e+01 3.1000e+01 3.2000e+01 8.2000e+01 2.7000e+01 4.4070e+03 2.6900e+02 7.3000e+01 1.6000e+01 2.1000e+01 7.9000e+01 3.1000e+01 6.9000e+01 3.1000e+01 5.0000e+00 2.0000e+00 2.5000e+01 2.0000e+01 1.1200e+02 5.0000e+00 5.5000e+01 5.7790e+03 5.6140e+03 9.0000e+00 1.8000e+01 9.9000e+01 3.3000e+01
1.9000e+01 1.2700e+02 1.6000e+01 3.4400e+02 1.5000e+01 4.5900e+02 2.6100e+02 8.6000e+01 2.8280e+03 1.3230e+03 5.4760e+03 1.2000e+01 3.7750e+03 5.2260e+03 2.5000e+01 5.0000e+01 1.0880e+03 2.6000e+01 5.1500e+02 1.0100e+02 2.8800e+02 8.2000e+01 7.9000e+01 5.7900e+02 5.3650e+03 7.2000e+01 8.1000e+01 1.0800e+02 3.3400e+02 3.0000e+00 5.6000e+01 2.1000e+01 1.4070e+03 6.3300e+02 3.3300e+02 5.2000e+01 4.3300e+02 4.0000e+00 0.0000e+00 9.5000e+01 4.2030e+03 1.8000e+02 1.1000e+01 1.6100e+02 4.0000e+00 2.2000e+01 1.1000e+01 1.0000e+00 3.4000e+02 8.6000e+01
5.0290e+03 1.7000e+01 2.2700e+02 1.7000e+02 5.0000e+00 8.2700e+02 3.8730e+03 7.0000e+01 1.4300e+02 3.3240e+03 2.7000e+01 3.4300e+02 1.5640e+03 2.1200e+02 1.3000e+01 2.0000e+00 2.3000e+01 2.5900e+02 3.4000e+02 1.4000e+01 6.0000e+00 5.0820e+03 1.3000e+01 1.1000e+01 8.0000e+00 7.2000e+01 5.0200e+02 4.4000e+01 5.0000e+00 6.0000e+00 1.0000e+01 8.0000e+00 1.5700e+02 8.0000e+00 2.0000e+00 7.0000e+00 5.7400e+02 6.0000e+00 3.0000e+00 1.4000e+01 1.0890e+03 4.9270e+03 3.0000e+00 9.7000e+02 4.0000e+00 1.0000e+01 5.0000e+00 1.0000e+00 5.3640e+03 1.8000e+01
3.4000e+01 1.0300e+02 2.6000e+01 2.6000e+01 4.1000e+01 2.7000e+01 2.4000e+02 3.2000e+01 3.3000e+01 2.9000e+01 3.6000e+01 1.4000e+02 3.7000e+01 3.2000e+01 4.2000e+01 8.8000e+01 1.2400e+02 2.7000e+01 5.3000e+01 2.7970e+03 5.4260e+03 6.3000e+01 6.8000e+02 6.6000e+01 6.9000e+01 3.8000e+01 3.8000e+01 4.1000e+01 4.6000e+01 1.9000e+01 1.3400e+02 5.0000e+02 3.2000e+01 4.0000e+01 1.2800e+02 2.5000e+01 2.8000e+01 1.1000e+01 5.9050e+03 3.8000e+01 5.9000e+01 4.7000e+01 1.3000e+01 3.7000e+01 1.2000e+01 2.0000e+01 1.7000e+01 5.9180e+03 3.6000e+01 3.1000e+01
6.7000e+01 1.1500e+02 5.5000e+01 3.2000e+01 1.3000e+01 3.0930e+03 2.0000e+01 2.1000e+01 2.5000e+01 2.2000e+01 1.8700e+02 3.8000e+01 6.3000e+01 4.1000e+01 2.1580e+03 8.7000e+01 6.0000e+01 3.4000e+01 5.6000e+01 4.1000e+01 3.7000e+01 2.3000e+01 3.2000e+01 1.9000e+01 1.9100e+02 3.3000e+01 2.9000e+01 3.1000e+01 1.2900e+02 4.4810e+03 2.9000e+01 8.1000e+01 8.4000e+01 2.4000e+01 8.5000e+01 2.6000e+01 2.5000e+01 5.8820e+03 5.0000e+00 5.8000e+01 3.3000e+01 1.2900e+02 5.3450e+03 2.9000e+01 1.9900e+02 1.5000e+01 2.2000e+01 1.1000e+01 2.5000e+01 2.3000e+01
1.1400e+02 4.6000e+01 2.1800e+02 8.3000e+01 3.9000e+01 5.2000e+01 7.8000e+01 3.9000e+01 3.3000e+01 6.2000e+01 4.3000e+01 4.4000e+01 4.6000e+01 5.5000e+01 7.0000e+01 5.4970e+03 4.7000e+01 4.2000e+01 9.1000e+01 3.6000e+01 3.3000e+01 4.2000e+01 2.4600e+02 8.7000e+01 5.8000e+01 6.5000e+01 4.3000e+01 6.3000e+01 6.0000e+01 9.6200e+02 4.5000e+01 3.7000e+01 4.0000e+01 3.2000e+01 6.9000e+01 3.6000e+01 5.7000e+01 9.0000e+00 2.8000e+01 8.3000e+01 3.8000e+01 1.2200e+02 9.0000e+00 8.2000e+01 1.2000e+01 7.5000e+01 1.4000e+01 2.3000e+01 5.0000e+01 5.3000e+01
4.6400e+02 3.0520e+03 5.1000e+01 1.0100e+02 2.3000e+01 1.0000e+02 2.8000e+01 4.7000e+01 9.1200e+02 3.7400e+02 1.9000e+01 2.4000e+01 8.7000e+01 6.4000e+01 9.6900e+02 2.1000e+01 3.5810e+03 3.8430e+03 5.1000e+01 1.0170e+03 1.0600e+02 4.4000e+01 6.5700e+02 5.0740e+03 2.5000e+01 4.3570e+03 6.9000e+01 5.4790e+03 3.2800e+02 3.0000e+00 1.7200e+02 3.2000e+01 1.6000e+01 3.8000e+01 1.4900e+02 1.7800e+02 5.9000e+01 5.0000e+00 2.0000e+00 5.6130e+03 6.3000e+01 4.6400e+02 5.0000e+00 1.4400e+02 2.0000e+00 1.7000e+02 9.0000e+00 2.0000e+00 9.4000e+01 5.2000e+01
2.9000e+01 4.7000e+01 1.3100e+02 5.1440e+03 2.3500e+02 5.1000e+01 6.2900e+02 4.6000e+02 1.3500e+02 6.0000e+01 6.1000e+01 4.7020e+03 3.9000e+01 1.7000e+02 4.9000e+01 1.3000e+02 2.7600e+02 8.5000e+01 1.2300e+02 5.7000e+01 1.9000e+01 5.6800e+02 3.5500e+02 7.0000e+01 1.1300e+02 1.3580e+03 4.5000e+01 6.2000e+01 1.0200e+02 1.5400e+02 9.4000e+01 6.6000e+01 3.8000e+01 2.1300e+02 4.9910e+03 3.9350e+03 3.4000e+01 2.2000e+01 1.0000e+00 6.2000e+01 7.7000e+01 5.7000e+01 6.4300e+02 4.0200e+02 8.0000e+00 2.0000e+01 5.8060e+03 1.9000e+01 3.1000e+01 1.1600e+02
1.9000e+01 1.5840e+03 1.3000e+01 7.0000e+00 4.0000e+00 4.0300e+02 5.5000e+01 5.8400e+02 3.2000e+01 1.9000e+01 3.1000e+01 6.2600e+02 2.5800e+02 2.1300e+02 2.4340e+03 2.0000e+00 6.8700e+02 1.7120e+03 4.6810e+03 1.6330e+03 2.0000e+00 1.1000e+01 3.6000e+01 2.4000e+01 3.4000e+01 2.4000e+01 1.0170e+03 2.0000e+01 1.4000e+01 5.0000e+00 2.4000e+01 1.4000e+01 2.8300e+03 2.7890e+03 8.4000e+01 1.6500e+03 4.7150e+03 8.0000e+00 1.0000e+00 1.0700e+02 2.4000e+01 3.1000e+01 5.0000e+00 3.8120e+03 6.0000e+00 1.0000e+01 8.0000e+00 0.0000e+00 2.3000e+01 5.1560e+03
