5.6284e-01 3.7795e-01 7.3061e-01 1.5789e-01 5.2632e-01 6.6075e-01 6.6359e-01 6.9889e-01 6.1685e-01 6.1652e-01 2.5000e-01 4.7674e-01 2.2500e-01 3.3962e-01 3.8961e-01 4.0909e-01 2.0000e-01 1.1765e-01 2.4074e-01 3.1111e-01 5.7500e-01 2.6471e-01 4.0237e-01 4.0816e-01 2.5714e-01 2.3529e-01 5.8423e-01 2.0000e-01 6.8763e-01 1.0000e+00 6.3990e-01 7.6311e-01 6.1538e-01 6.3395e-01 5.1546e-01 4.9398e-01 2.5000e-01 7.5000e-01 5.0000e-01 3.0645e-01 5.6798e-01 0.0000e+00 0.0000e+00 4.3373e-01 1.0000e+00 9.0909e-02 7.1429e-01 8.3333e-01 1.8182e-01 5.7179e-01
4.1799e-01 3.8578e-01 0.0000e+00 0.0000e+00 7.1953e-01 0.0000e+00 1.5625e-01 4.6582e-01 6.8966e-02 1.0345e-01 0.0000e+00 0.0000e+00 1.1905e-01 0.0000e+00 1.2963e-01 4.7222e-01 0.0000e+00 0.0000e+00 1.2963e-01 3.9113e-01 0.0000e+00 2.8750e-01 4.4303e-01 5.0000e-02 9.6774e-02 9.3750e-02 2.1951e-01 0.0000e+00 6.0858e-01 6.8401e-01 2.4658e-01 0.0000e+00 0.0000e+00 2.6582e-01 1.6129e-01 3.1884e-01 1.2903e-01 0.0000e+00 1.0000e+00 0.0000e+00 0.0000e+00 2.1429e-01 0.0000e+00 1.6364e-01 1.0000e+00 6.6975e-01 0.0000e+00 2.7778e-01 3.3333e-01 1.2121e-01
1.5789e-01 3.7008e-01 1.2500e-01 6.1047e-01 2.6667e-01 6.1220e-01 5.8238e-01 4.5349e-01 6.1917e-01 6.3568e-01 6.8846e-01 0.0000e+00 5.8331e-01 6.4447e-01 8.0000e-02 5.8000e-01 5.4596e-01 2.3077e-01 4.6990e-01 4.2574e-01 6.4583e-01 4.1463e-01 3.0380e-01 6.6321e-01 6.4567e-01 3.6111e-01 3.3333e-01 3.5185e-01 6.5269e-01 6.6667e-01 3.2143e-01 2.3810e-01 6.0554e-01 5.7820e-01 6.2462e-01 4.0385e-01 5.9815e-01 0.0000e+00 1.0000e+00 3.5789e-01 6.6096e-01 3.6667e-01 1.0000e+00 4.2236e-01 2.5000e-01 3.1818e-01 4.5455e-01 0.0000e+00 5.8235e-01 4.1860e-01
1.0000e+00 1.7647e-01 9.2511e-01 7.9412e-01 2.0000e-01 8.9843e-01 1.0000e+00 6.7143e-01 6.8531e-01 9.0884e-01 4.8148e-01 9.1254e-01 7.7941e-01 7.4057e-01 7.6923e-02 5.0000e-01 3.0435e-01 8.2625e-01 6.4706e-01 2.1429e-01 6.6667e-01 9.0358e-01 7.6923e-02 1.0000e+00 0.0000e+00 5.8333e-01 7.1713e-01 4.0909e-01 4.0000e-01 5.0000e-01 1.0000e-01 6.2500e-01 7.0701e-01 0.0000e+00 0.0000e+00 1.4286e-01 8.6585e-01 1.0000e+00 3.3333e-01 1.4286e-01 8.6318e-01 7.1463e-01 0.0000e+00 7.5876e-01 7.5000e-01 1.0000e+00 1.0000e+00 1.0000e+00 9.3811e-01 3.3333e-01
5.8824e-02 1.4563e-01 0.0000e+00 0.0000e+00 2.1951e-01 0.0000e+00 3.2917e-01 3.1250e-02 0.0000e+00 0.0000e+00 5.5556e-02 2.7857e-01 0.0000e+00 0.0000e+00 0.0000e+00 3.6364e-01 1.8548e-01 0.0000e+00 3.7736e-02 4.0293e-01 4.9650e-01 1.4286e-01 2.9559e-01 1.9697e-01 1.4493e-01 2.6316e-02 0.0000e+00 0.0000e+00 1.5217e-01 1.0526e-01 2.2388e-01 4.1000e-01 0.0000e+00 5.0000e-02 2.8125e-01 0.0000e+00 0.0000e+00 9.0909e-02 9.1668e-01 0.0000e+00 1.3559e-01 0.0000e+00 1.5385e-01 0.0000e+00 8.3333e-02 0.0000e+00 5.8824e-02 7.1088e-01 5.5556e-02 0.0000e+00
2.5373e-01 2.1739e-01 2.3636e-01 1.2500e-01 0.0000e+00 5.1180e-01 0.0000e+00 0.0000e+00 0.0000e+00 0.0000e+00 3.6364e-01 1.5789e-01 1.5873e-01 1.2195e-01 3.9157e-01 4.4828e-01 1.5000e-01 1.1765e-01 1.0714e-01 1.2195e-01 1.8919e-01 0.0000e+00 0.0000e+00 0.0000e+00 3.3508e-01 6.0606e-02 0.0000e+00 0.0000e+00 3.7984e-01 7.5028e-01 3.4483e-02 3.2099e-01 2.3810e-01 0.0000e+00 3.0588e-01 7.6923e-02 4.0000e-02 1.0000e+00 1.0000e+00 1.3793e-01 9.0909e-02 2.0155e-01 1.0000e+00 0.0000e+00 7.5377e-01 0.0000e+00 2.2727e-01 9.0909e-02 4.0000e-02 0.0000e+00
2.5439e-01 2.1739e-02 3.3028e-01 2.1687e-01 2.0513e-01 1.3462e-01 2.0513e-01 7.6923e-02 0.0000e+00 1.4516e-01 9.3023e-02 1.1364e-01 4.3478e-02 1.0909e-01 8.5714e-02 5.9960e-01 4.2553e-02 9.5238e-02 1.2088e-01 2.7778e-02 9.0909e-02 7.1429e-02 2.3171e-01 2.4138e-01 1.2069e-01 1.2308e-01 2.3256e-02 7.9365e-02 2.0000e-01 6.0395e-01 6.6667e-02 1.0811e-01 5.0000e-02 0.0000e+00 2.0290e-01 8.3333e-02 1.4035e-01 0.0000e+00 4.6429e-01 1.3253e-01 5.2632e-02 1.3934e-01 0.0000e+00 1.3415e-01 8.3333e-02 2.8000e-01 0.0000e+00 2.1739e-01 1.2000e-01 1.1321e-01
6.5517e-01 5.7471e-01 4.3137e-01 5.2475e-01 4.3478e-01 5.1000e-01 2.8571e-01 3.8298e-01 6.1294e-01 6.0428e-01 1.5789e-01 2.5000e-01 3.7931e-01 3.9062e-01 5.2941e-01 4.2857e-01 6.0821e-01 7.2417e-01 2.5490e-01 6.2832e-01 5.8491e-01 3.4091e-01 5.1446e-01 7.6862e-01 2.0000e-01 6.5228e-01 3.3333e-01 5.9062e-01 6.8598e-01 3.3333e-01 5.0000e-01 3.7500e-01 6.2500e-02 2.8947e-01 5.9060e-01 6.0674e-01 4.2373e-01 6.0000e-01 0.0000e+00 6.1304e-01 4.1270e-01 4.6121e-01 4.0000e-01 4.3750e-01 1.0000e+00 7.0588e-01 5.5556e-01 5.0000e-01 4.8936e-01 3.6538e-01
6.8966e-02 6.3830e-02 3.2824e-01 5.0914e-01 5.0638e-01 1.7647e-01 4.3720e-01 4.1087e-01 2.6667e-01 1.8333e-01 1.9672e-01 5.0595e-01 5.1282e-02 3.0000e-01 6.1224e-02 4.6923e-01 3.0072e-01 2.5882e-01 1.9512e-01 1.5789e-01 0.0000e+00 3.9965e-01 2.9577e-01 2.5714e-01 2.5664e-01 4.1163e-01 6.6667e-02 1.1290e-01 3.2353e-01 5.4545e-01 2.2340e-01 2.5758e-01 7.8947e-02 3.1925e-01 5.1853e-01 5.1410e-01 8.8235e-02 4.0909e-01 0.0000e+00 1.2903e-01 2.2078e-01 7.0175e-02 8.4914e-01 3.2587e-01 0.0000e+00 5.0000e-02 7.1650e-01 2.1053e-01 6.4516e-02 2.6724e-01
3.6842e-01 7.0013e-01 2.3077e-01 0.0000e+00 7.5000e-01 8.1390e-01 6.0000e-01 8.3048e-01 4.0625e-01 3.1579e-01 4.5161e-01 8.5144e-01 6.4341e-01 6.9484e-01 7.0049e-01 5.0000e-01 7.0306e-01 8.7675e-01 7.0968e-01 8.0772e-01 1.0000e+00 9.0909e-02 3.3333e-01 4.5833e-01 4.4118e-01 3.3333e-01 7.0993e-01 2.0000e-01 7.1429e-01 0.0000e+00 3.3333e-01 8.5714e-01 8.1837e-01 8.2431e-01 7.0238e-01 9.1818e-01 8.8887e-01 6.2500e-01 0.0000e+00 5.5140e-01 3.7500e-01 2.5806e-01 8.0000e-01 7.5866e-01 3.3333e-01 6.0000e-01 7.5000e-01 1.0000e+00 3.9130e-01 8.5221e-01
