1.6000e+01 4.0000e+00 1.1100e+02 5.0000e+00 1.8100e+02 4.8000e+01 1.4000e+01 2.8600e+02 2.3400e+02 7.1000e+01 2.9000e+01 1.8000e+01 1.4000e+01 4.0000e+00 1.4000e+01 1.9000e+01 4.0000e+00 2.0000e+00 3.0000e+00 1.0000e+01 5.0000e+00 5.0000e+00 1.9000e+01 1.2000e+01 4.0000e+00 7.0000e+00 2.0100e+02 8.0000e+00 3.0000e+02 8.5000e+01 3.6760e+03 3.4100e+02 2.7000e+01 6.7000e+01 4.9000e+01 1.5000e+01 3.0000e+00 1.8000e+01 5.0000e+00 1.7000e+01 2.4000e+01 0.0000e+00 3.0000e+00 1.5000e+01 7.3000e+01 3.0000e+00 2.0000e+00 1.0500e+02 1.0000e+00 5.9000e+01
8.0000e+00 4.5000e+01 0.0000e+00 0.0000e+00 2.7090e+03 0.0000e+00 1.0000e+00 3.0000e+01 8.0000e+00 3.0000e+00 0.0000e+00 0.0000e+00 3.0000e+00 0.0000e+00 1.0000e+00 3.2000e+01 1.0000e+00 0.0000e+00 2.0000e+00 6.0000e+00 2.0000e+00 2.0000e+00 1.2000e+02 1.0000e+00 1.0000e+00 0.0000e+00 1.0000e+00 0.0000e+00 9.0000e+01 2.7500e+02 2.0000e+00 0.0000e+00 0.0000e+00 5.0000e+00 1.1000e+01 8.0000e+00 1.0000e+00 3.0000e+00 0.0000e+00 0.0000e+00 0.0000e+00 2.0000e+00 3.0000e+00 4.0000e+00 5.9340e+03 5.1000e+01 0.0000e+00 3.0000e+00 1.6000e+01 0.0000e+00
2.0000e+00 4.0000e+00 8.0000e+00 1.2100e+02 1.5000e+01 4.0000e+01 3.9000e+01 4.0000e+00 3.4500e+02 5.2000e+01 4.0080e+03 5.0000e+00 8.6000e+01 3.8600e+02 8.0000e+00 9.7000e+01 7.6000e+01 1.8000e+01 2.0000e+01 4.0000e+00 1.0000e+02 8.0000e+00 2.3000e+01 5.1000e+01 3.5100e+03 1.8000e+01 1.1000e+01 5.8000e+01 1.7600e+02 2.6000e+01 2.5000e+01 3.0000e+00 1.0500e+02 8.1000e+01 9.4000e+02 5.0000e+00 6.3000e+01 6.0000e+00 3.5000e+01 1.1000e+01 4.0000e+01 3.5000e+01 2.7000e+02 9.0000e+00 0.0000e+00 5.0000e+00 4.0000e+00 4.0000e+00 2.0000e+01 1.1000e+01
5.9710e+03 3.0000e+01 5.4370e+03 4.1510e+03 1.5000e+01 4.8040e+03 5.7800e+03 2.8500e+02 3.1130e+03 5.1360e+03 1.0000e+00 4.6480e+03 4.1850e+03 3.4650e+03 1.0000e+00 2.9970e+03 9.0000e+00 1.3800e+02 6.0900e+02 1.0000e+00 5.2630e+03 5.2870e+03 1.0000e+00 5.8810e+03 3.0000e+00 1.7650e+03 2.9520e+03 7.2000e+01 6.0000e+00 1.9000e+03 3.0000e+00 2.7200e+02 1.2900e+02 1.0000e+00 1.2000e+01 0.0000e+00 2.0580e+03 3.8010e+03 8.3000e+01 5.0000e+00 5.1890e+03 4.0330e+03 5.0000e+00 5.0500e+02 0.0000e+00 5.8700e+03 4.8780e+03 4.7620e+03 5.5350e+03 0.0000e+00
0.0000e+00 0.0000e+00 0.0000e+00 0.0000e+00 7.0000e+00 0.0000e+00 0.0000e+00 0.0000e+00 0.0000e+00 0.0000e+00 0.0000e+00 6.0000e+00 0.0000e+00 1.0000e+00 0.0000e+00 1.0000e+01 1.4000e+01 0.0000e+00 3.0000e+00 2.0000e+00 1.6000e+01 3.0000e+00 2.6000e+01 0.0000e+00 3.0000e+00 2.0000e+00 0.0000e+00 0.0000e+00 0.0000e+00 4.0000e+00 7.0000e+00 5.0000e+00 0.0000e+00 4.0000e+00 1.2000e+01 0.0000e+00 0.0000e+00 2.0000e+00 5.7600e+02 0.0000e+00 0.0000e+00 0.0000e+00 0.0000e+00 0.0000e+00 0.0000e+00 0.0000e+00 0.0000e+00 1.0600e+02 1.0000e+00 0.0000e+00
0.0000e+00 6.0000e+00 5.0000e+00 0.0000e+00 0.0000e+00 9.0000e+00 0.0000e+00 0.0000e+00 0.0000e+00 2.0000e+00 1.1000e+01 1.0000e+00 2.0000e+00 1.0000e+00 1.0000e+01 5.6000e+01 4.0000e+00 1.0000e+00 0.0000e+00 1.0000e+00 7.0000e+00 0.0000e+00 0.0000e+00 0.0000e+00 8.0000e+00 3.0000e+00 0.0000e+00 0.0000e+00 6.0000e+00 1.8860e+03 6.0000e+00 6.0000e+00 6.0000e+00 0.0000e+00 2.9000e+01 0.0000e+00 1.0000e+00 1.8670e+03 5.2100e+03 4.0000e+00 8.0000e+00 4.0000e+00 5.7480e+03 0.0000e+00 0.0000e+00 0.0000e+00 0.0000e+00 1.0000e+00 0.0000e+00 0.0000e+00
0.0000e+00 0.0000e+00 4.0000e+00 1.0000e+00 1.0000e+00 0.0000e+00 0.0000e+00 0.0000e+00 0.0000e+00 1.0000e+00 1.0000e+00 1.0000e+00 0.0000e+00 0.0000e+00 2.0000e+00 2.2000e+02 0.0000e+00 1.0000e+00 2.0000e+00 2.0000e+00 2.0000e+00 1.0000e+00 2.1000e+01 0.0000e+00 4.0000e+00 0.0000e+00 0.0000e+00 1.0000e+00 2.0000e+00 8.5000e+01 1.0000e+00 3.0000e+00 0.0000e+00 0.0000e+00 7.0000e+00 0.0000e+00 0.0000e+00 0.0000e+00 0.0000e+00 0.0000e+00 0.0000e+00 4.0000e+00 0.0000e+00 2.0000e+00 0.0000e+00 0.0000e+00 0.0000e+00 2.0000e+00 0.0000e+00 0.0000e+00
0.0000e+00 6.1000e+01 2.0000e+00 2.9000e+01 9.0000e+00 3.2000e+01 0.0000e+00 2.8000e+01 3.3100e+02 6.5000e+01 4.0000e+00 0.0000e+00 2.4000e+01 3.0000e+00 1.0200e+02 4.1500e+02 1.4100e+02 1.6900e+02 1.0000e+01 8.2000e+01 2.8000e+01 1.0000e+00 2.7630e+03 0.0000e+00 6.7000e+01 1.8910e+03 1.5000e+01 3.1170e+03 4.9600e+02 4.4000e+01 3.3000e+01 1.1000e+01 3.0000e+00 3.0000e+00 9.2000e+01 2.4000e+01 1.4000e+01 0.0000e+00 0.0000e+00 1.2190e+03 1.3000e+01 8.4000e+01 0.0000e+00 2.0000e+00 0.0000e+00 0.0000e+00 2.3000e+01 5.4000e+01 4.0000e+00 1.3000e+01
0.0000e+00 0.0000e+00 9.0000e+00 6.5000e+01 5.6000e+01 9.0000e+00 0.0000e+00 2.4000e+01 1.0000e+00 3.0000e+00 6.0000e+00 1.5000e+01 0.0000e+00 3.0000e+00 3.0000e+00 6.7000e+01 1.4000e+01 1.0000e+00 5.0000e+00 0.0000e+00 1.0000e+00 1.2000e+01 1.1000e+01 0.0000e+00 7.0000e+00 2.9000e+01 0.0000e+00 1.0000e+00 1.3000e+01 4.9000e+01 2.8000e+01 3.0000e+00 0.0000e+00 2.1000e+01 1.1400e+02 2.8000e+01 0.0000e+00 0.0000e+00 0.0000e+00 7.0000e+00 0.0000e+00 1.0000e+00 0.0000e+00 4.0000e+00 0.0000e+00 0.0000e+00 7.2000e+01 3.0000e+00 1.0000e+00 9.0000e+00
0.0000e+00 3.7650e+03 4.0000e+00 2.0000e+00 1.1080e+03 3.2500e+02 0.0000e+00 4.1990e+03 8.1000e+01 1.5000e+01 1.0000e+01 5.6700e+02 2.3600e+02 4.0100e+02 3.9840e+03 4.0000e+00 3.9360e+03 4.7220e+03 3.3260e+03 4.6340e+03 1.3000e+02 0.0000e+00 7.0000e+00 0.0000e+00 1.2400e+02 7.3000e+01 1.1920e+03 4.7000e+01 3.3380e+03 3.0000e+00 3.0000e+00 4.1440e+03 4.4250e+03 4.6750e+03 2.4560e+03 5.2610e+03 3.1170e+03 0.0000e+00 0.0000e+00 2.3480e+03 6.0000e+00 6.0000e+00 0.0000e+00 3.9000e+03 0.0000e+00 0.0000e+00 5.1000e+02 2.0000e+00 5.0000e+00 4.9210e+03
