5.8333e-01 2.5926e-01 7.7419e-01 2.8750e-01 6.7045e-01 6.8831e-01 7.0886e-01 7.6712e-01 5.1515e-01 6.4000e-01 5.0909e-01 4.2683e-01 3.0645e-01 3.1034e-01 3.8095e-01 4.0984e-01 2.5352e-01 1.6923e-01 8.1967e-02 3.8235e-01 6.1404e-01 2.8378e-01 3.3333e-01 2.8986e-01 2.2078e-01 3.1884e-01 6.1333e-01 1.6049e-01 7.0149e-01 5.5263e-01 7.3333e-01 7.4242e-01 6.1972e-01 6.6667e-01 4.6835e-01 5.5172e-01 3.9241e-01 5.5556e-01 5.3030e-01 4.2683e-01 5.6140e-01 0.0000e+00 3.6508e-01 3.6585e-01 5.8065e-01 2.0000e-01 4.5070e-01 6.2712e-01 2.4242e-01 6.4198e-01
4.4262e-01 4.0541e-01 0.0000e+00 0.0000e+00 6.7105e-01 0.0000e+00 3.2787e-01 4.3820e-01 1.3433e-01 1.6667e-01 0.0000e+00 0.0000e+00 1.0667e-01 0.0000e+00 5.8824e-02 4.9315e-01 3.1746e-02 0.0000e+00 1.2195e-01 4.4444e-01 2.1918e-01 4.8000e-01 4.5312e-01 1.1842e-01 1.0811e-01 1.6418e-01 2.0000e-01 0.0000e+00 6.6234e-01 6.6197e-01 2.7778e-01 0.0000e+00 0.0000e+00 2.4074e-01 2.6562e-01 1.7857e-01 2.6761e-01 1.6418e-01 4.3284e-01 0.0000e+00 0.0000e+00 1.1429e-01 1.9178e-01 2.6866e-01 1.0000e+00 6.9231e-01 0.0000e+00 1.5152e-01 4.1667e-01 7.6923e-02
1.4706e-01 3.0769e-01 3.2857e-01 5.2632e-01 4.6479e-01 6.7532e-01 5.8182e-01 4.3077e-01 6.4865e-01 6.4474e-01 6.7123e-01 1.9737e-01 6.0870e-01 5.6790e-01 2.4286e-01 6.4000e-01 5.8333e-01 3.7681e-01 5.1429e-01 3.9474e-01 5.7377e-01 3.8235e-01 3.6709e-01 5.5405e-01 5.4054e-01 4.1935e-01 4.5000e-01 3.6620e-01 6.9048e-01 5.2239e-01 2.7632e-01 4.8529e-01 6.8571e-01 6.3077e-01 5.4667e-01 3.9080e-01 5.9091e-01 4.1463e-01 6.5882e-01 3.2653e-01 6.2963e-01 3.9062e-01 7.5000e-01 4.1791e-01 3.3803e-01 3.2836e-01 2.7143e-01 3.2911e-01 6.4151e-01 3.4783e-01
1.0000e+00 3.6250e-01 8.6765e-01 8.2353e-01 3.1325e-01 9.0278e-01 1.0000e+00 6.5217e-01 6.5625e-01 9.6491e-01 3.4177e-01 8.8000e-01 7.5610e-01 7.9221e-01 1.3043e-01 7.1429e-01 2.9412e-01 8.4286e-01 7.5949e-01 1.8841e-01 9.5312e-01 8.6765e-01 7.2289e-02 1.0000e+00 2.9851e-02 6.9841e-01 7.8261e-01 4.7297e-01 3.7705e-01 7.0423e-01 1.0667e-01 6.6667e-01 7.4699e-01 7.7922e-02 3.4615e-01 0.0000e+00 9.5238e-01 8.9394e-01 7.1014e-01 1.0769e-01 8.1481e-01 6.5432e-01 2.7778e-01 7.3239e-01 9.0789e-01 1.0000e+00 8.7879e-01 8.3824e-01 9.4203e-01 2.5000e-01
1.2987e-01 2.1429e-01 0.0000e+00 0.0000e+00 1.7808e-01 0.0000e+00 2.9310e-01 1.4286e-02 0.0000e+00 0.0000e+00 5.7971e-02 3.0588e-01 0.0000e+00 0.0000e+00 0.0000e+00 3.6986e-01 1.7722e-01 1.4085e-02 3.8462e-02 3.9683e-01 5.1562e-01 1.2941e-01 2.9231e-01 1.5493e-01 1.0309e-01 2.6316e-02 0.0000e+00 0.0000e+00 1.4286e-01 1.6667e-01 2.7273e-01 4.7619e-01 3.0303e-02 5.4795e-02 3.1250e-01 0.0000e+00 0.0000e+00 1.4062e-01 9.8571e-01 0.0000e+00 1.2941e-01 0.0000e+00 2.1795e-01 0.0000e+00 1.4103e-01 1.3514e-01 4.5455e-02 7.3333e-01 9.5238e-02 0.0000e+00
2.0270e-01 2.9825e-01 3.1250e-01 8.4746e-02 0.0000e+00 5.0769e-01 0.0000e+00 0.0000e+00 0.0000e+00 5.7143e-02 5.2113e-01 2.0000e-01 8.0645e-02 2.1053e-01 3.3721e-01 3.4286e-01 9.3750e-02 7.8947e-02 6.2500e-02 1.3514e-01 2.4675e-01 0.0000e+00 0.0000e+00 0.0000e+00 3.3333e-01 1.2987e-01 0.0000e+00 0.0000e+00 3.4722e-01 6.5672e-01 7.6923e-02 4.0260e-01 1.6176e-01 0.0000e+00 2.5000e-01 1.3699e-01 1.5152e-02 1.0000e+00 1.0000e+00 7.1429e-02 1.3043e-01 2.2581e-01 1.0000e+00 0.0000e+00 8.6111e-01 0.0000e+00 1.7333e-01 8.7500e-02 4.8387e-02 0.0000e+00
1.9481e-01 6.7568e-02 2.3077e-01 1.8182e-01 1.3953e-01 1.4706e-01 2.2034e-01 1.0606e-01 0.0000e+00 2.4242e-01 6.1538e-02 4.1667e-02 1.0127e-01 7.6923e-02 1.2791e-01 6.3014e-01 7.7778e-02 1.1429e-01 1.6049e-01 1.9481e-01 1.4925e-01 7.5949e-02 2.2093e-01 3.4146e-01 9.4595e-02 9.0909e-02 0.0000e+00 1.3433e-01 1.5854e-01 6.1017e-01 2.7778e-02 1.4706e-01 6.8966e-02 6.7797e-02 1.7391e-01 1.3333e-01 4.2254e-02 5.1948e-02 4.2105e-01 1.1905e-01 1.1429e-01 1.3095e-01 2.9032e-01 1.0588e-01 2.7419e-01 2.3288e-01 1.0811e-01 3.0612e-01 7.2464e-02 3.1250e-02
6.3235e-01 5.1852e-01 3.3803e-01 4.2466e-01 4.0789e-01 4.3421e-01 2.6230e-01 3.9706e-01 7.0312e-01 6.6667e-01 1.3846e-01 1.7910e-01 3.7500e-01 2.7397e-01 5.4930e-01 6.3514e-01 6.8056e-01 6.9118e-01 1.6438e-01 5.6250e-01 5.6250e-01 4.3284e-01 6.1667e-01 7.8161e-01 3.8571e-01 6.2857e-01 2.9231e-01 5.6923e-01 7.2222e-01 5.5224e-01 4.3750e-01 4.6250e-01 2.0732e-01 3.4667e-01 6.8421e-01 6.5385e-01 4.0845e-01 5.7692e-01 3.7500e-01 5.7143e-01 3.1429e-01 4.9231e-01 6.6667e-01 4.3284e-01 5.7627e-01 7.4627e-01 5.7746e-01 6.6292e-01 5.8730e-01 3.6923e-01
3.9216e-02 6.8493e-02 3.2857e-01 4.6774e-01 5.0000e-01 2.1277e-01 4.4444e-01 4.9206e-01 1.2500e-01 1.9718e-01 2.1667e-01 4.8052e-01 9.4118e-02 1.6438e-01 1.0294e-01 4.8611e-01 2.6087e-01 2.3077e-01 1.9444e-01 3.0435e-01 9.0909e-02 4.3750e-01 3.0303e-01 2.6667e-01 2.3944e-01 4.8387e-01 5.7971e-02 8.3333e-02 3.1343e-01 4.6835e-01 2.3611e-01 2.2078e-01 7.3529e-02 3.8158e-01 5.7627e-01 4.9296e-01 8.6957e-02 5.6061e-01 2.8571e-01 2.3171e-01 1.8841e-01 6.1538e-02 8.2353e-01 2.7907e-01 1.2644e-01 9.8592e-02 6.7213e-01 1.8182e-01 8.4337e-02 4.0984e-01
3.2394e-01 6.8831e-01 1.6129e-01 2.3288e-01 7.9412e-01 7.7049e-01 4.6774e-01 8.8462e-01 4.7436e-01 3.8356e-01 4.6032e-01 8.2667e-01 6.9492e-01 6.3095e-01 7.9710e-01 2.2222e-01 7.6190e-01 8.7500e-01 6.7123e-01 7.7333e-01 7.8409e-01 1.9697e-01 2.3377e-01 3.6620e-01 5.8571e-01 4.7222e-01 7.1795e-01 3.3333e-01 7.7612e-01 2.1429e-01 2.2581e-01 8.5507e-01 7.5806e-01 8.1690e-01 7.9032e-01 9.3333e-01 8.5294e-01 6.7164e-01 3.3871e-01 7.4627e-01 3.5211e-01 3.8356e-01 5.6098e-01 7.3626e-01 5.2174e-01 4.4444e-01 8.8136e-01 2.5333e-01 2.9167e-01 8.9610e-01
