4.2000e+01 1.4000e+01 3.8270e+03 2.3000e+01 5.9000e+01 5.5000e+01 8.6000e+01 3.8150e+03 3.4000e+01 4.8000e+01 2.8000e+01 3.5000e+01 1.9000e+01 2.7000e+01 3.2000e+01 2.5000e+01 1.8000e+01 1.1000e+01 5.0000e+00 2.6000e+01 3.5000e+01 2.1000e+01 2.1000e+01 2.0000e+01 1.7000e+01 2.2000e+01 3.1760e+03 1.3000e+01 4.7000e+01 4.2000e+01 3.4660e+03 4.0210e+03 4.5000e+01 2.8190e+03 3.7000e+01 3.2000e+01 3.1000e+01 3.5000e+01 3.5000e+01 3.5000e+01 3.2000e+01 0.0000e+00 2.3000e+01 3.0000e+01 3.6000e+01 1.3000e+01 3.2000e+01 3.7000e+01 1.6000e+01 5.3000e+01
2.7000e+01 3.3000e+01 0.0000e+00 0.0000e+00 3.8650e+03 0.0000e+00 2.0000e+01 3.9000e+01 9.0000e+00 1.1000e+01 0.0000e+00 0.0000e+00 8.0000e+00 0.0000e+00 5.0000e+00 3.6000e+01 2.0000e+00 0.0000e+00 1.0000e+01 3.0000e+01 1.6000e+01 3.3600e+02 3.1000e+01 9.0000e+00 8.0000e+00 1.1000e+01 1.0000e+01 0.0000e+00 3.2700e+03 4.8000e+01 2.0000e+01 0.0000e+00 0.0000e+00 1.3000e+01 1.7000e+01 1.0000e+01 1.9000e+01 1.1000e+01 2.9000e+01 0.0000e+00 0.0000e+00 8.0000e+00 1.4000e+01 1.8000e+01 5.2930e+03 3.5320e+03 0.0000e+00 1.0000e+01 3.0000e+01 5.0000e+00
1.0000e+01 2.4000e+01 2.3000e+01 3.0000e+01 3.3000e+01 8.3100e+02 3.2000e+01 2.8000e+01 6.7000e+01 5.2000e+01 5.4000e+01 1.5000e+01 3.1300e+03 3.5230e+03 1.7000e+01 4.8000e+01 5.0000e+01 2.6000e+01 6.6000e+01 3.0000e+01 3.5000e+01 2.6000e+01 2.9000e+01 4.1000e+01 3.4610e+03 2.6000e+01 3.6000e+01 2.6000e+01 5.9000e+01 3.5000e+01 2.1000e+01 3.3000e+01 3.1340e+03 5.5900e+02 4.1000e+01 3.4000e+01 3.9000e+01 3.4000e+01 5.6000e+01 1.6000e+01 3.5800e+03 2.5000e+01 4.2000e+01 2.8000e+01 2.4000e+01 2.2000e+01 1.9000e+01 2.6000e+01 1.8120e+03 2.4000e+01
5.3140e+03 2.9000e+01 5.9000e+01 7.3000e+01 2.6000e+01 6.7000e+01 5.3750e+03 4.5000e+01 4.2000e+01 4.9870e+03 2.7000e+01 7.2000e+01 6.4000e+01 6.4000e+01 9.0000e+00 5.0000e+01 2.0000e+01 5.9000e+01 3.3820e+03 1.3000e+01 6.2000e+01 3.4310e+03 6.0000e+00 5.7000e+01 2.0000e+00 4.4000e+01 5.4000e+01 3.5000e+01 2.3000e+01 5.0000e+01 8.0000e+00 5.0000e+01 6.2000e+01 6.0000e+00 2.7000e+01 0.0000e+00 4.7430e+03 5.9000e+01 4.9000e+01 7.0000e+00 6.6000e+01 5.7000e+01 2.0000e+01 5.3000e+01 6.9000e+01 7.7000e+01 5.8000e+01 5.7000e+01 2.1650e+03 1.6000e+01
1.0000e+01 1.8000e+01 0.0000e+00 0.0000e+00 1.3000e+01 0.0000e+00 1.7000e+01 1.0000e+00 0.0000e+00 0.0000e+00 4.0000e+00 2.6000e+01 0.0000e+00 0.0000e+00 0.0000e+00 2.7000e+01 1.4000e+01 1.0000e+00 3.0000e+00 2.0610e+03 2.6460e+03 1.1000e+01 1.9000e+01 1.1000e+01 1.0000e+01 2.0000e+00 0.0000e+00 0.0000e+00 1.0000e+01 1.0000e+01 2.1000e+01 3.5000e+01 2.0000e+00 4.0000e+00 2.0000e+01 0.0000e+00 0.0000e+00 9.0000e+00 5.0030e+03 0.0000e+00 1.1000e+01 0.0000e+00 1.7000e+01 0.0000e+00 1.1000e+01 1.0000e+01 3.0000e+00 3.9190e+03 6.0000e+00 0.0000e+00
1.5000e+01 1.7000e+01 2.0000e+01 5.0000e+00 0.0000e+00 2.0920e+03 0.0000e+00 0.0000e+00 0.0000e+00 4.0000e+00 2.2680e+03 1.8000e+01 5.0000e+00 1.6000e+01 2.9000e+01 2.4000e+01 6.0000e+00 6.0000e+00 4.0000e+00 1.0000e+01 1.9000e+01 0.0000e+00 0.0000e+00 0.0000e+00 1.6000e+01 1.0000e+01 0.0000e+00 0.0000e+00 2.5000e+01 5.2000e+01 5.0000e+00 3.1000e+01 1.1000e+01 0.0000e+00 2.0000e+01 1.0000e+01 1.0000e+00 5.3360e+03 8.7000e+01 5.0000e+00 9.0000e+00 1.4000e+01 5.3120e+03 0.0000e+00 7.2000e+01 0.0000e+00 1.3000e+01 7.0000e+00 3.0000e+00 0.0000e+00
1.5000e+01 5.0000e+00 1.8000e+01 1.4000e+01 1.2000e+01 1.0000e+01 1.3000e+01 7.0000e+00 0.0000e+00 1.6000e+01 4.0000e+00 3.0000e+00 8.0000e+00 6.0000e+00 1.1000e+01 3.1560e+03 7.0000e+00 8.0000e+00 1.3000e+01 1.5000e+01 1.0000e+01 6.0000e+00 1.9000e+01 2.8000e+01 7.0000e+00 6.0000e+00 0.0000e+00 9.0000e+00 1.3000e+01 3.0950e+03 2.0000e+00 1.0000e+01 4.0000e+00 4.0000e+00 1.2000e+01 1.0000e+01 3.0000e+00 4.0000e+00 4.0000e+01 1.0000e+01 8.0000e+00 1.1000e+01 1.8000e+01 9.0000e+00 1.7000e+01 1.7000e+01 8.0000e+00 1.5000e+01 5.0000e+00 2.0000e+00
4.3000e+01 4.6000e+01 2.4000e+01 3.1000e+01 3.1000e+01 3.3000e+01 1.6000e+01 2.7000e+01 3.3700e+03 5.7000e+01 9.0000e+00 1.2000e+01 2.7000e+01 2.0000e+01 3.9000e+01 4.7000e+01 3.2780e+03 1.8910e+03 1.2000e+01 3.7000e+01 4.5000e+01 2.9000e+01 2.8080e+03 4.1640e+03 2.7000e+01 4.6000e+01 1.9000e+01 3.1020e+03 5.2000e+01 3.7000e+01 2.8000e+01 3.7000e+01 1.7000e+01 2.6000e+01 5.2000e+01 5.2000e+01 2.9000e+01 4.5000e+01 2.4000e+01 5.1000e+01 2.2000e+01 2.6300e+03 5.4000e+01 2.9000e+01 3.4000e+01 5.1000e+01 4.1000e+01 5.9000e+01 3.7000e+01 2.4000e+01
2.0000e+00 5.0000e+00 2.3000e+01 2.7410e+03 3.5000e+01 2.0000e+01 2.8000e+01 3.1000e+01 8.0000e+00 1.4000e+01 1.3000e+01 2.7850e+03 8.0000e+00 1.2000e+01 7.0000e+00 3.5000e+01 1.8000e+01 1.8000e+01 1.4000e+01 2.1000e+01 7.0000e+00 4.1300e+02 2.0000e+01 1.6000e+01 1.7000e+01 2.2390e+03 4.0000e+00 6.0000e+00 2.1000e+01 3.7000e+01 1.7000e+01 1.7000e+01 5.0000e+00 2.9000e+01 2.7170e+03 3.7000e+01 6.0000e+00 3.7000e+01 1.8000e+01 1.9000e+01 1.3000e+01 4.0000e+00 7.2000e+01 2.4000e+01 1.1000e+01 7.0000e+00 3.9620e+03 1.2000e+01 7.0000e+00 2.5000e+01
2.3000e+01 3.6090e+03 1.0000e+01 1.7000e+01 5.4000e+01 4.7000e+01 2.9000e+01 7.1000e+01 3.7000e+01 2.8000e+01 2.9000e+01 8.3000e+01 4.1000e+01 5.3000e+01 3.7620e+03 2.0000e+01 4.8000e+01 2.3960e+03 5.1000e+01 2.6100e+02 6.9000e+01 1.3000e+01 1.8000e+01 2.6000e+01 4.2000e+01 3.4000e+01 5.6000e+01 2.3000e+01 5.2000e+01 1.5000e+01 1.4000e+01 6.2000e+01 4.7000e+01 5.8000e+01 4.9000e+01 4.9690e+03 6.6000e+01 4.5000e+01 2.1000e+01 3.3810e+03 2.5000e+01 2.8000e+01 4.6000e+01 4.1090e+03 4.8000e+01 3.2000e+01 5.2000e+01 1.9000e+01 2.1000e+01 4.4870e+03
