6.8657e-01 6.4815e-01 7.8723e-01 7.2727e-01 4.3478e-01 0.0000e+00 4.2105e-01 0.0000e+00 9.8192e-01 9.9836e-01 8.2156e-01 9.6328e-01 7.0513e-01 9.0871e-01 7.5335e-01 5.0980e-01 7.5876e-01 4.8288e-01 6.9148e-01 4.6190e-01 5.3333e-01 9.6945e-01 9.5930e-01 9.9537e-01 5.4839e-01 9.1483e-01 7.8571e-01 5.4769e-01 4.8148e-01 8.7606e-01 8.6777e-01 5.3333e-01 8.8290e-01 9.8637e-01 3.8889e-01 6.3265e-01 8.9672e-01 7.1605e-01 6.1364e-01 9.1516e-01 9.2802e-01 1.8182e-01 9.6407e-01 9.8173e-01 0.0000e+00 3.4483e-01 3.2000e-01 1.1111e-01 4.8214e-01 5.6818e-01
2.0000e-01 2.0000e-01 6.5455e-01 0.0000e+00 1.8182e-01 3.3333e-01 0.0000e+00 4.2105e-01 1.0000e+00 1.0000e+00 0.0000e+00 2.8571e-01 0.0000e+00 0.0000e+00 5.0000e-01 7.1429e-02 8.3333e-02 3.7441e-01 4.1071e-01 2.5000e-01 2.5000e-01 1.0000e+00 3.5294e-01 1.0000e+00 4.2105e-01 4.0909e-01 4.2857e-01 3.1111e-01 5.4054e-01 2.5000e-01 2.5000e-01 4.5833e-01 1.0000e-01 1.0000e+00 3.3333e-01 3.8889e-01 0.0000e+00 0.0000e+00 2.0000e-01 0.0000e+00 0.0000e+00 0.0000e+00 6.1702e-01 1.0000e+00 1.1111e-01 8.3333e-02 0.0000e+00 0.0000e+00 1.4286e-01 3.6842e-01
8.8889e-01 7.2414e-01 9.9576e-01 1.1111e-01 1.8182e-01 3.6842e-01 1.0000e+00 5.4839e-01 1.0000e+00 1.0000e+00 9.4333e-01 2.0000e-01 2.0000e-01 1.8182e-01 5.9006e-01 0.0000e+00 1.4286e-01 1.1765e-01 5.2756e-01 4.7809e-01 3.5294e-01 1.0000e+00 6.1364e-01 1.0000e+00 7.3333e-01 5.3846e-01 7.4757e-01 2.8205e-01 9.1879e-01 0.0000e+00 3.5294e-01 1.0000e+00 8.2092e-01 1.0000e+00 2.0000e-01 6.4706e-01 1.8182e-01 4.5833e-01 2.5000e-01 8.4000e-01 1.1111e-01 0.0000e+00 0.0000e+00 1.0000e+00 3.3333e-01 3.0435e-01 1.4286e-01 9.8191e-01 4.9153e-01 9.1135e-01
0.0000e+00 3.8889e-01 1.0000e+00 0.0000e+00 0.0000e+00 4.4000e-01 1.0000e+00 0.0000e+00 1.0000e+00 1.0000e+00 2.5000e-01 4.2105e-01 2.0000e-01 5.9259e-01 0.0000e+00 1.6667e-01 0.0000e+00 2.0370e-01 2.7586e-01 5.0789e-01 5.7895e-01 1.0000e+00 4.8000e-01 1.0000e+00 7.6106e-01 6.6667e-01 6.6667e-01 6.4139e-01 6.0784e-01 4.0741e-01 8.5849e-01 1.0000e+00 4.4828e-01 1.0000e+00 7.5701e-01 5.9524e-01 4.1667e-01 3.5294e-01 7.6033e-01 2.8571e-01 5.9524e-01 5.6757e-01 2.0000e-01 1.0000e+00 4.2857e-01 7.8929e-01 6.0331e-01 1.0000e+00 5.4430e-01 5.2632e-01
6.0000e-01 6.3265e-01 1.0000e+00 1.1111e-01 2.3077e-01 4.4000e-01 1.0000e+00 8.2870e-01 1.0000e+00 1.0000e+00 7.1111e-01 6.8182e-01 8.2000e-01 3.6842e-01 4.8571e-01 5.1429e-01 7.9328e-01 4.9858e-01 4.1071e-01 5.8654e-01 6.6102e-01 1.0000e+00 2.5000e-01 1.0000e+00 2.0000e-01 3.6842e-01 9.0516e-01 4.9714e-01 8.4211e-01 4.0741e-01 3.8889e-01 1.0000e+00 4.0000e-01 1.0000e+00 9.0435e-01 7.9618e-01 6.3492e-01 2.0000e-01 5.3333e-01 4.2105e-01 5.9524e-01 6.4815e-01 3.3333e-01 1.0000e+00 2.5000e-01 4.6939e-01 6.3804e-01 1.0000e+00 6.3842e-01 8.8084e-01
9.9706e-01 1.0000e+00 1.0000e+00 9.5087e-01 8.9957e-01 4.4444e-01 1.0000e+00 9.4603e-01 1.0000e+00 1.0000e+00 7.0787e-01 8.3333e-01 9.6834e-01 8.1841e-01 6.0109e-01 0.0000e+00 6.6960e-01 9.6774e-02 7.1109e-01 9.0909e-02 9.5746e-01 1.0000e+00 9.9669e-01 1.0000e+00 1.0000e+00 7.3427e-01 9.6702e-01 5.9769e-01 9.0937e-01 1.0000e-01 9.8209e-01 1.0000e+00 4.0000e-01 1.0000e+00 9.7625e-01 9.7394e-01 9.0770e-01 9.6785e-01 9.6177e-01 9.9442e-01 9.4449e-01 9.5843e-01 9.3500e-01 1.0000e+00 9.8941e-01 7.1627e-01 3.9394e-01 1.0000e+00 6.1151e-01 3.3333e-01
1.0000e+00 1.0000e+00 1.0000e+00 7.3118e-01 9.2176e-01 2.3077e-01 1.0000e+00 9.6547e-01 1.0000e+00 1.0000e+00 2.5000e-01 1.1111e-01 1.0000e+00 3.6842e-01 2.8000e-01 7.2746e-01 7.7804e-01 4.0000e-02 7.1429e-02 5.3982e-01 7.8431e-01 1.0000e+00 1.0000e+00 1.0000e+00 1.0000e+00 2.3077e-01 1.0000e+00 6.1158e-01 7.9126e-01 3.6364e-01 1.0000e+00 1.0000e+00 1.6667e-01 1.0000e+00 1.0000e+00 1.0000e+00 1.1111e-01 1.0000e+00 5.0000e-01 1.0000e+00 5.9524e-01 2.5000e-01 1.0000e+00 1.0000e+00 1.0000e+00 1.4286e-01 3.6667e-01 1.0000e+00 7.9291e-01 1.1111e-01
1.0000e+00 1.0000e+00 1.0000e+00 0.0000e+00 7.6744e-01 4.6429e-01 1.0000e+00 1.0000e+00 1.0000e+00 1.0000e+00 3.5294e-01 8.0000e-01 1.0000e+00 7.9197e-01 5.4286e-01 5.4074e-01 4.9091e-01 3.7674e-01 7.1429e-02 5.0898e-01 8.0851e-01 1.0000e+00 1.0000e+00 1.0000e+00 1.0000e+00 4.6429e-01 1.0000e+00 3.3333e-01 7.5694e-01 2.1429e-01 1.0000e+00 1.0000e+00 6.5979e-01 1.0000e+00 1.0000e+00 1.0000e+00 1.1111e-01 1.0000e+00 5.6757e-01 1.0000e+00 5.4286e-01 2.8571e-01 1.0000e+00 1.0000e+00 1.0000e+00 7.1627e-01 4.9091e-01 1.0000e+00 6.7407e-01 7.9705e-01
1.0000e+00 1.0000e+00 1.0000e+00 9.5030e-01 6.6667e-01 9.1449e-01 1.0000e+00 1.0000e+00 1.0000e+00 1.0000e+00 5.9574e-01 6.9118e-01 1.0000e+00 7.5287e-01 6.7659e-01 4.3548e-01 6.1654e-01 4.2402e-01 6.5293e-01 5.6740e-01 3.8889e-01 1.0000e+00 1.0000e+00 1.0000e+00 1.0000e+00 7.5152e-01 1.0000e+00 5.7647e-01 8.4835e-01 7.5627e-01 1.0000e+00 1.0000e+00 6.2162e-01 1.0000e+00 1.0000e+00 1.0000e+00 8.8372e-01 1.0000e+00 0.0000e+00 1.0000e+00 6.5574e-01 5.7895e-01 1.0000e+00 1.0000e+00 1.0000e+00 7.3580e-01 8.0319e-01 1.0000e+00 6.5939e-01 6.9149e-01
1.0000e+00 1.0000e+00 1.0000e+00 0.0000e+00 1.8182e-01 7.3826e-01 1.0000e+00 1.0000e+00 1.0000e+00 1.0000e+00 4.2857e-01 8.4674e-01 1.0000e+00 5.2632e-01 2.6087e-01 2.1739e-01 3.4615e-01 4.7201e-01 4.8913e-01 4.8797e-01 8.1982e-01 1.0000e+00 1.0000e+00 1.0000e+00 1.0000e+00 8.3368e-01 1.0000e+00 5.1220e-01 5.5263e-01 2.1429e-01 1.0000e+00 1.0000e+00 1.0000e-01 1.0000e+00 1.0000e+00 1.0000e+00 0.0000e+00 1.0000e+00 6.6667e-01 1.0000e+00 6.7647e-01 5.3125e-01 1.0000e+00 1.0000e+00 1.0000e+00 5.2778e-01 5.5128e-01 1.0000e+00 5.3333e-01 6.4865e-01
