4.6000e+01 3.5000e+01 1.1100e+02 6.4000e+01 1.0000e+01 0.0000e+00 8.0000e+00 0.0000e+00 5.9200e+03 6.0790e+03 2.2100e+02 5.0100e+03 5.5000e+01 4.3600e+03 3.6530e+03 5.2000e+01 7.3600e+02 7.0500e+02 1.0310e+03 9.7000e+01 1.6000e+01 5.8070e+03 3.6530e+03 6.0260e+03 1.7000e+01 4.5760e+03 1.1000e+02 1.7800e+02 1.3000e+01 4.9620e+03 3.1500e+02 1.6000e+01 4.3880e+03 5.9340e+03 7.0000e+00 3.1000e+01 1.6150e+03 5.8000e+01 2.7000e+01 8.0900e+02 1.8180e+03 2.0000e+00 4.7490e+03 5.8570e+03 0.0000e+00 1.0000e+01 8.0000e+00 1.0000e+00 2.7000e+01 2.5000e+01
2.0000e+00 2.0000e+00 3.6000e+01 0.0000e+00 2.0000e+00 6.0000e+00 0.0000e+00 8.0000e+00 0.0000e+00 0.0000e+00 0.0000e+00 4.0000e+00 0.0000e+00 0.0000e+00 3.9000e+01 1.0000e+00 1.0000e+00 7.9000e+01 2.3000e+01 1.1000e+01 3.0000e+00 0.0000e+00 6.0000e+00 0.0000e+00 8.0000e+00 9.0000e+00 9.0000e+00 1.4000e+01 2.0000e+01 4.0000e+00 3.0000e+00 1.1000e+01 1.0000e+00 0.0000e+00 5.0000e+00 7.0000e+00 0.0000e+00 0.0000e+00 2.0000e+00 0.0000e+00 0.0000e+00 0.0000e+00 2.9000e+01 0.0000e+00 1.0000e+00 1.0000e+00 0.0000e+00 0.0000e+00 2.0000e+00 7.0000e+00
4.5600e+02 6.3000e+01 5.8680e+03 1.0000e+00 2.0000e+00 7.0000e+00 5.8580e+03 1.7000e+01 0.0000e+00 0.0000e+00 5.0770e+03 2.0000e+00 2.0000e+00 2.0000e+00 9.5000e+01 0.0000e+00 2.0000e+00 4.0000e+00 6.7000e+01 1.2000e+02 6.0000e+00 0.0000e+00 2.7000e+01 0.0000e+00 6.6000e+01 2.1000e+01 7.7000e+01 1.1000e+01 2.5570e+03 0.0000e+00 6.0000e+00 5.9430e+03 5.7300e+02 0.0000e+00 2.0000e+00 3.3000e+01 2.0000e+00 1.1000e+01 3.0000e+00 2.1000e+02 1.0000e+00 0.0000e+00 0.0000e+00 0.0000e+00 5.0000e+00 7.0000e+00 2.0000e+00 5.8630e+03 2.9000e+01 3.6700e+03
0.0000e+00 7.0000e+00 0.0000e+00 0.0000e+00 0.0000e+00 1.1000e+01 0.0000e+00 0.0000e+00 0.0000e+00 0.0000e+00 3.0000e+00 8.0000e+00 2.0000e+00 3.2000e+01 0.0000e+00 3.0000e+00 0.0000e+00 1.1000e+01 8.0000e+00 1.9300e+02 2.2000e+01 0.0000e+00 1.2000e+01 0.0000e+00 8.6000e+01 5.6000e+01 3.8000e+01 1.7850e+03 3.1000e+01 1.1000e+01 2.7300e+02 0.0000e+00 1.3000e+01 0.0000e+00 8.1000e+01 2.5000e+01 1.0000e+01 6.0000e+00 9.2000e+01 4.0000e+00 2.5000e+01 2.1000e+01 2.0000e+00 0.0000e+00 9.0000e+00 3.2290e+03 7.3000e+01 0.0000e+00 4.3000e+01 2.0000e+01
2.4000e+01 3.1000e+01 0.0000e+00 1.0000e+00 3.0000e+00 1.1000e+01 0.0000e+00 1.7900e+02 0.0000e+00 0.0000e+00 6.4000e+01 4.5000e+01 1.6400e+02 7.0000e+00 3.4000e+01 5.4000e+01 2.2680e+03 1.2300e+03 2.3000e+01 1.4640e+03 3.9000e+01 0.0000e+00 3.0000e+00 0.0000e+00 2.0000e+00 7.0000e+00 6.4900e+02 8.7000e+01 3.3600e+02 1.1000e+01 7.0000e+00 0.0000e+00 1.0000e+01 0.0000e+00 6.2400e+02 1.2500e+02 4.0000e+01 2.0000e+00 1.6000e+01 8.0000e+00 2.5000e+01 3.5000e+01 5.0000e+00 0.0000e+00 3.0000e+00 2.3000e+01 1.0400e+02 0.0000e+00 1.1300e+02 1.1680e+03
5.4340e+03 5.8580e+03 0.0000e+00 2.8260e+03 1.4690e+03 1.2000e+01 0.0000e+00 2.0510e+03 0.0000e+00 0.0000e+00 6.3000e+01 1.9500e+02 5.5980e+03 3.2900e+02 1.1000e+02 0.0000e+00 1.5200e+02 3.0000e+00 2.5400e+03 2.0000e+00 5.1090e+03 0.0000e+00 2.1090e+03 0.0000e+00 5.8090e+03 1.0500e+02 4.7500e+03 4.6500e+02 1.7860e+03 1.0000e+00 5.1530e+03 0.0000e+00 1.0000e+01 0.0000e+00 5.0550e+03 5.4940e+03 2.5470e+03 5.6300e+03 5.3840e+03 4.8120e+03 3.6240e+03 5.5110e+03 9.3500e+02 0.0000e+00 5.7920e+03 3.6100e+02 1.3000e+01 0.0000e+00 8.5000e+01 6.0000e+00
0.0000e+00 0.0000e+00 0.0000e+00 6.8000e+01 3.6050e+03 3.0000e+00 0.0000e+00 3.3550e+03 0.0000e+00 0.0000e+00 3.0000e+00 1.0000e+00 0.0000e+00 7.0000e+00 7.0000e+00 3.9770e+03 1.3040e+03 1.0000e+00 1.0000e+00 3.6600e+02 1.2000e+02 0.0000e+00 0.0000e+00 0.0000e+00 0.0000e+00 3.0000e+00 0.0000e+00 6.5500e+02 1.6300e+02 8.0000e+00 0.0000e+00 0.0000e+00 2.0000e+00 0.0000e+00 0.0000e+00 0.0000e+00 1.0000e+00 0.0000e+00 1.3000e+01 0.0000e+00 2.5000e+01 3.0000e+00 0.0000e+00 0.0000e+00 0.0000e+00 2.0000e+00 1.1000e+01 0.0000e+00 3.9130e+03 1.0000e+00
0.0000e+00 0.0000e+00 0.0000e+00 0.0000e+00 1.3200e+02 1.3000e+01 0.0000e+00 0.0000e+00 0.0000e+00 0.0000e+00 6.0000e+00 1.3200e+02 0.0000e+00 2.1700e+02 5.7000e+01 7.3000e+01 2.7000e+01 8.1000e+01 1.0000e+00 1.7000e+02 1.5200e+02 0.0000e+00 0.0000e+00 0.0000e+00 0.0000e+00 1.3000e+01 0.0000e+00 1.7000e+01 1.0900e+02 3.0000e+00 0.0000e+00 0.0000e+00 6.4000e+01 0.0000e+00 0.0000e+00 0.0000e+00 1.0000e+00 0.0000e+00 2.1000e+01 0.0000e+00 1.9000e+01 4.0000e+00 0.0000e+00 0.0000e+00 0.0000e+00 3.6100e+02 2.7000e+01 0.0000e+00 1.8200e+02 2.1600e+02
0.0000e+00 0.0000e+00 0.0000e+00 2.7150e+03 5.0000e+01 5.2080e+03 0.0000e+00 0.0000e+00 0.0000e+00 0.0000e+00 2.8000e+01 4.7000e+01 0.0000e+00 1.3100e+02 3.4100e+02 2.7000e+01 8.2000e+01 1.7300e+02 4.1200e+02 7.4500e+02 7.0000e+00 0.0000e+00 0.0000e+00 0.0000e+00 0.0000e+00 1.2400e+02 0.0000e+00 2.9400e+02 3.8600e+02 2.1100e+02 0.0000e+00 0.0000e+00 4.6000e+01 0.0000e+00 0.0000e+00 0.0000e+00 1.1020e+03 0.0000e+00 0.0000e+00 0.0000e+00 4.0000e+01 2.2000e+01 0.0000e+00 0.0000e+00 0.0000e+00 5.1800e+02 4.3750e+03 0.0000e+00 1.5100e+02 6.5000e+01
0.0000e+00 0.0000e+00 0.0000e+00 0.0000e+00 2.0000e+00 1.1000e+02 0.0000e+00 0.0000e+00 0.0000e+00 0.0000e+00 9.0000e+00 2.2100e+02 0.0000e+00 2.0000e+01 6.0000e+00 5.0000e+00 9.0000e+00 5.0600e+02 4.5000e+01 1.4200e+02 1.8200e+02 0.0000e+00 0.0000e+00 0.0000e+00 0.0000e+00 3.9600e+02 0.0000e+00 1.0500e+02 2.1000e+01 3.0000e+00 0.0000e+00 0.0000e+00 1.0000e+00 0.0000e+00 0.0000e+00 0.0000e+00 0.0000e+00 0.0000e+00 4.0000e+01 0.0000e+00 4.6000e+01 1.7000e+01 0.0000e+00 0.0000e+00 0.0000e+00 3.8000e+01 4.3000e+01 0.0000e+00 4.0000e+01 4.8000e+01
