8.5000e+01 7.6000e+01 1.1400e+02 6.3000e+01 7.2000e+01 8.1000e+01 5.2030e+03 7.2000e+01 8.5000e+01 7.0000e+01 7.1000e+01 7.5000e+01 5.9000e+01 6.0000e+01 8.6000e+01 7.2000e+01 6.7000e+01 7.2000e+01 8.0000e+01 6.3000e+01 7.0100e+02 6.8000e+01 5.2000e+01 6.7000e+01 8.0000e+01 7.0000e+01 5.3530e+03 6.5000e+01 5.3060e+03 6.3000e+01 5.3190e+03 5.3500e+03 5.4190e+03 8.4000e+01 7.4000e+01 7.9000e+01 8.0000e+01 6.9000e+01 9.1000e+01 6.9000e+01 6.5000e+01 7.6000e+01 7.9000e+01 5.9000e+01 5.9000e+01 7.8000e+01 7.6000e+01 7.5000e+01 6.8000e+01 7.4000e+01
7.9000e+01 5.3800e+03 6.4000e+01 5.9000e+01 5.4220e+03 6.9000e+01 6.6000e+01 3.4900e+03 6.7000e+01 5.9000e+01 7.6000e+01 6.2000e+01 6.6000e+01 6.9000e+01 8.6000e+01 7.0000e+01 7.3000e+01 5.0000e+01 8.7000e+01 7.3000e+01 6.7000e+01 6.6000e+01 3.0000e+02 6.5000e+01 6.5000e+01 7.3000e+01 6.1000e+01 7.4000e+01 9.5000e+01 1.0900e+02 7.1000e+01 8.2000e+01 6.4000e+01 6.6000e+01 7.2000e+01 7.2000e+01 6.2000e+01 6.6000e+01 7.2000e+01 7.8000e+01 6.8000e+01 8.6000e+01 7.7000e+01 6.0000e+01 5.3390e+03 5.1860e+03 8.4000e+01 7.5000e+01 6.0000e+01 7.6000e+01
6.2000e+01 5.6000e+01 7.3000e+01 6.8000e+01 7.4000e+01 6.8000e+01 6.3000e+01 5.7000e+01 8.9000e+01 8.4000e+01 3.5820e+03 6.9000e+01 5.3850e+03 5.3760e+03 5.5000e+01 8.4000e+01 7.7000e+01 7.5000e+01 7.5000e+01 7.9000e+01 2.2400e+02 6.5000e+01 6.3000e+01 7.0000e+01 5.3330e+03 7.7000e+01 7.2000e+01 7.0000e+01 6.3000e+01 7.6000e+01 7.3000e+01 6.6000e+01 7.2000e+01 5.5340e+03 5.4640e+03 7.4000e+01 5.4000e+01 8.8000e+01 6.8000e+01 7.0000e+01 4.0070e+03 5.8000e+01 7.2000e+01 8.5000e+01 7.4000e+01 8.9000e+01 6.6000e+01 5.5000e+01 8.6000e+01 7.5000e+01
5.2310e+03 7.2000e+01 5.2730e+03 7.5000e+01 6.8000e+01 6.1000e+01 1.3300e+02 6.5000e+01 6.0000e+01 7.6000e+01 8.7000e+01 7.0000e+01 7.1000e+01 6.6000e+01 7.0000e+01 8.1000e+01 6.6000e+01 7.1000e+01 8.2000e+01 8.3000e+01 7.7000e+01 5.3500e+03 6.5000e+01 5.4070e+03 7.7000e+01 8.4000e+01 6.7000e+01 6.2000e+01 7.4000e+01 6.8000e+01 6.6000e+01 6.2000e+01 6.7000e+01 7.4000e+01 8.5000e+01 7.1000e+01 1.0200e+02 7.1000e+01 6.2000e+01 6.7000e+01 1.4030e+03 5.3430e+03 7.8000e+01 7.3000e+01 7.2000e+01 7.7000e+01 5.5000e+01 7.3000e+01 5.4220e+03 6.0000e+01
7.9000e+01 5.8000e+01 5.8000e+01 6.7000e+01 6.4000e+01 6.7000e+01 7.4000e+01 7.4000e+01 6.8000e+01 6.9000e+01 7.2000e+01 6.9000e+01 5.8000e+01 6.8000e+01 7.7000e+01 8.1000e+01 7.5000e+01 6.1000e+01 7.5000e+01 5.3370e+03 4.5690e+03 6.9000e+01 9.6000e+01 7.7000e+01 8.7000e+01 5.5000e+01 5.9000e+01 8.7000e+01 6.9000e+01 6.5000e+01 7.2000e+01 7.2000e+01 7.3000e+01 9.1000e+01 8.3000e+01 6.7000e+01 7.7000e+01 6.8000e+01 5.4440e+03 7.3000e+01 6.1000e+01 7.1000e+01 5.9000e+01 8.2000e+01 6.5000e+01 6.2000e+01 6.1000e+01 5.4250e+03 8.0000e+01 6.8000e+01
6.1000e+01 5.9000e+01 6.5000e+01 6.0000e+01 6.0000e+01 5.4620e+03 7.2000e+01 5.7000e+01 7.2000e+01 7.7000e+01 1.9300e+03 7.5000e+01 7.5000e+01 7.2000e+01 7.1000e+01 7.3000e+01 7.3000e+01 6.1000e+01 8.3000e+01 7.6000e+01 6.9000e+01 6.9000e+01 7.9000e+01 6.2000e+01 7.1000e+01 6.0000e+01 6.8000e+01 6.3000e+01 7.4000e+01 5.2340e+03 7.8000e+01 6.9000e+01 7.1000e+01 7.6000e+01 6.4000e+01 7.5000e+01 6.5000e+01 5.3740e+03 9.1000e+01 8.2000e+01 7.3000e+01 6.1000e+01 2.4200e+03 6.3000e+01 6.6000e+01 7.4000e+01 7.4000e+01 7.9000e+01 7.9000e+01 8.0000e+01
7.5000e+01 6.8000e+01 7.3000e+01 6.5000e+01 7.5000e+01 5.7000e+01 8.9000e+01 7.2000e+01 7.7000e+01 7.0000e+01 8.8000e+01 6.9000e+01 8.6000e+01 6.9000e+01 7.2000e+01 5.3580e+03 7.4000e+01 7.0000e+01 8.0000e+01 6.9000e+01 5.9000e+01 8.7000e+01 5.6000e+01 7.2000e+01 7.8000e+01 7.5000e+01 6.3000e+01 7.4000e+01 6.8000e+01 7.3000e+01 7.1000e+01 8.0000e+01 7.1000e+01 7.7000e+01 7.8000e+01 8.2000e+01 7.0000e+01 9.0000e+01 6.5000e+01 8.8000e+01 7.0000e+01 7.1000e+01 7.4000e+01 7.1000e+01 7.2000e+01 7.3000e+01 6.9000e+01 7.1000e+01 6.5000e+01 7.7000e+01
9.0000e+01 6.7000e+01 6.2000e+01 8.1000e+01 6.5000e+01 6.7000e+01 6.4000e+01 5.8000e+01 5.3000e+03 5.2930e+03 7.2000e+01 7.3000e+01 6.6000e+01 6.8000e+01 6.9000e+01 7.2000e+01 5.1480e+03 1.0900e+02 7.4000e+01 5.5000e+01 7.8000e+01 6.5000e+01 5.1340e+03 8.3000e+01 7.2000e+01 5.3670e+03 7.9000e+01 5.4090e+03 6.3000e+01 6.6000e+01 6.1000e+01 6.0000e+01 6.8000e+01 6.0000e+01 7.9000e+01 7.3000e+01 5.6000e+01 6.2000e+01 7.4000e+01 5.3740e+03 7.2000e+01 2.0100e+02 7.9000e+01 6.2000e+01 5.5000e+01 9.2000e+01 6.7000e+01 7.4000e+01 8.2000e+01 7.2000e+01
7.0000e+01 7.6000e+01 7.0000e+01 5.4590e+03 7.3000e+01 6.7000e+01 7.8000e+01 7.1000e+01 6.6000e+01 7.1000e+01 7.5000e+01 5.2320e+03 7.1000e+01 6.7000e+01 8.7000e+01 6.6000e+01 6.8000e+01 7.1000e+01 6.9000e+01 5.8000e+01 7.1000e+01 6.1000e+01 7.3000e+01 5.4000e+01 6.5000e+01 7.3000e+01 7.9000e+01 8.0000e+01 8.3000e+01 7.8000e+01 6.5000e+01 6.7000e+01 7.5000e+01 6.2000e+01 7.8000e+01 5.2110e+03 7.2000e+01 7.1000e+01 7.2000e+01 8.2000e+01 6.4000e+01 8.5000e+01 2.9240e+03 7.8000e+01 8.9000e+01 6.4000e+01 5.4260e+03 7.4000e+01 6.7000e+01 8.6000e+01
6.6000e+01 6.4000e+01 6.0000e+01 6.7000e+01 7.0000e+01 6.8000e+01 7.2000e+01 1.9760e+03 7.3000e+01 7.3000e+01 7.6000e+01 6.3000e+01 7.9000e+01 9.0000e+01 5.3190e+03 7.5000e+01 1.0500e+02 5.2410e+03 5.3470e+03 8.7000e+01 7.1000e+01 7.9000e+01 6.9000e+01 6.5000e+01 7.2000e+01 6.8000e+01 6.2000e+01 6.4000e+01 7.7000e+01 7.9000e+01 7.3000e+01 7.9000e+01 1.0100e+02 7.0000e+01 8.3000e+01 1.9700e+02 5.2980e+03 7.1000e+01 7.6000e+01 6.9000e+01 7.4000e+01 7.3000e+01 7.2000e+01 5.3920e+03 7.7000e+01 7.0000e+01 7.2000e+01 7.7000e+01 6.8000e+01 5.3430e+03
