5.4000e+01 3.1000e+01 7.5000e+01 2.0000e+01 4.5000e+01 5.5000e+01 3.3570e+03 4.7000e+01 5.0000e+01 3.9000e+01 3.0000e+01 2.5000e+01 1.5000e+01 2.0000e+01 3.4000e+01 3.0000e+01 1.3000e+01 1.7000e+01 1.3000e+01 1.8000e+01 3.9400e+02 1.7000e+01 1.8000e+01 2.5000e+01 2.4000e+01 1.9000e+01 3.1590e+03 1.5000e+01 3.7550e+03 4.3000e+01 3.4450e+03 4.0380e+03 3.2750e+03 5.5000e+01 3.2000e+01 3.8000e+01 2.5000e+01 3.9000e+01 5.0000e+01 1.9000e+01 3.6000e+01 0.0000e+00 1.8000e+01 2.3000e+01 4.9000e+01 1.2000e+01 3.3000e+01 4.5000e+01 2.0000e+01 4.3000e+01
2.7000e+01 2.2820e+03 0.0000e+00 0.0000e+00 3.9140e+03 0.0000e+00 2.2000e+01 1.7400e+03 1.1000e+01 9.0000e+00 0.0000e+00 0.0000e+00 4.0000e+00 0.0000e+00 9.0000e+00 3.9000e+01 6.0000e+00 0.0000e+00 1.3000e+01 2.7000e+01 6.0000e+00 2.5000e+01 1.3400e+02 5.0000e+00 9.0000e+00 1.1000e+01 1.1000e+01 0.0000e+00 5.6000e+01 7.6000e+01 8.0000e+00 0.0000e+00 0.0000e+00 1.3000e+01 1.4000e+01 1.5000e+01 1.0000e+01 1.9000e+01 2.4000e+01 0.0000e+00 0.0000e+00 1.6000e+01 1.5000e+01 1.2000e+01 5.3390e+03 3.4820e+03 0.0000e+00 1.4000e+01 2.4000e+01 1.0000e+01
1.7000e+01 1.2000e+01 1.7000e+01 3.8000e+01 3.1000e+01 3.9000e+01 3.8000e+01 2.2000e+01 6.0000e+01 5.3000e+01 2.5160e+03 2.5000e+01 3.1240e+03 3.4300e+03 1.5000e+01 4.8000e+01 4.0000e+01 2.9000e+01 3.7000e+01 3.6000e+01 1.5400e+02 3.2000e+01 2.3000e+01 4.6000e+01 3.4460e+03 2.7000e+01 3.2000e+01 2.3000e+01 4.2000e+01 3.8000e+01 2.7000e+01 3.0000e+01 4.5000e+01 3.3630e+03 3.5470e+03 2.8000e+01 3.3000e+01 3.4000e+01 4.0000e+01 2.5000e+01 2.6250e+03 2.5000e+01 5.7000e+01 4.2000e+01 1.7000e+01 4.0000e+01 2.2000e+01 1.7000e+01 5.0000e+01 2.3000e+01
5.2310e+03 2.9000e+01 4.9010e+03 6.6000e+01 2.4000e+01 5.8000e+01 1.3300e+02 4.4000e+01 4.2000e+01 7.2000e+01 2.8000e+01 6.4000e+01 5.7000e+01 5.0000e+01 8.0000e+00 5.4000e+01 9.0000e+00 5.3000e+01 5.7000e+01 4.0000e+00 7.0000e+01 4.8230e+03 4.0000e+00 5.2980e+03 4.0000e+00 5.3000e+01 5.2000e+01 2.5000e+01 3.0000e+01 5.0000e+01 1.3000e+01 4.7000e+01 4.5000e+01 9.0000e+00 2.8000e+01 1.0000e+00 9.6000e+01 7.1000e+01 4.7000e+01 9.0000e+00 1.2200e+03 3.8860e+03 2.1000e+01 5.3000e+01 6.2000e+01 7.6000e+01 5.4000e+01 6.4000e+01 5.0980e+03 1.7000e+01
1.4000e+01 5.0000e+00 0.0000e+00 0.0000e+00 9.0000e+00 0.0000e+00 2.8000e+01 1.0000e+00 0.0000e+00 0.0000e+00 4.0000e+00 2.1000e+01 0.0000e+00 1.0000e+00 0.0000e+00 3.1000e+01 1.8000e+01 3.0000e+00 8.0000e+00 2.1430e+03 2.2720e+03 7.0000e+00 3.1000e+01 2.0000e+01 5.0000e+00 2.0000e+00 0.0000e+00 0.0000e+00 3.0000e+00 2.0000e+01 1.8000e+01 2.5000e+01 6.0000e+00 6.0000e+00 2.2000e+01 0.0000e+00 0.0000e+00 5.0000e+00 4.9770e+03 0.0000e+00 7.0000e+00 0.0000e+00 1.7000e+01 0.0000e+00 1.2000e+01 9.0000e+00 2.0000e+00 3.8710e+03 5.0000e+00 0.0000e+00
1.1000e+01 1.2000e+01 8.0000e+00 6.0000e+00 0.0000e+00 2.7990e+03 0.0000e+00 0.0000e+00 0.0000e+00 2.0000e+00 7.4000e+02 1.2000e+01 1.0000e+01 1.0000e+01 2.3000e+01 3.8000e+01 1.0000e+01 4.0000e+00 5.0000e+00 2.0000e+00 2.2000e+01 0.0000e+00 0.0000e+00 0.0000e+00 1.8000e+01 7.0000e+00 0.0000e+00 0.0000e+00 2.1000e+01 3.9310e+03 7.0000e+00 2.5000e+01 1.4000e+01 0.0000e+00 2.1000e+01 1.0000e+01 3.0000e+00 5.3740e+03 9.1000e+01 1.0000e+01 9.0000e+00 1.4000e+01 2.4200e+03 0.0000e+00 5.0000e+01 0.0000e+00 1.5000e+01 9.0000e+00 4.0000e+00 0.0000e+00
2.1000e+01 1.0000e+00 2.2000e+01 1.8000e+01 1.8000e+01 9.0000e+00 2.6000e+01 5.0000e+00 0.0000e+00 1.2000e+01 1.0000e+01 5.0000e+00 4.0000e+00 7.0000e+00 8.0000e+00 3.2120e+03 5.0000e+00 7.0000e+00 3.0000e+00 6.0000e+00 6.0000e+00 1.2000e+01 1.7000e+01 1.6000e+01 8.0000e+00 7.0000e+00 2.0000e+00 9.0000e+00 1.4000e+01 3.6000e+01 5.0000e+00 1.2000e+01 2.0000e+00 1.0000e+01 1.6000e+01 6.0000e+00 7.0000e+00 1.1000e+01 2.9000e+01 9.0000e+00 6.0000e+00 1.2000e+01 2.0000e+01 1.0000e+01 2.3000e+01 1.7000e+01 1.0000e+01 2.0000e+01 3.0000e+00 5.0000e+00
6.0000e+01 3.4000e+01 2.6000e+01 4.0000e+01 2.9000e+01 3.2000e+01 2.0000e+01 2.2000e+01 3.3290e+03 3.2170e+03 5.0000e+00 1.4000e+01 2.3000e+01 1.3000e+01 3.8000e+01 4.4000e+01 3.0840e+03 7.5000e+01 2.7000e+01 3.3000e+01 4.0000e+01 2.5000e+01 2.7900e+03 5.8000e+01 3.8000e+01 3.4620e+03 2.3000e+01 3.1460e+03 3.4000e+01 3.9000e+01 2.6000e+01 2.9000e+01 1.2000e+01 1.7000e+01 4.2000e+01 4.9000e+01 2.4000e+01 3.0000e+01 3.3000e+01 3.3900e+03 2.9000e+01 1.0100e+02 4.4000e+01 2.1000e+01 3.7000e+01 6.6000e+01 4.1000e+01 5.4000e+01 3.7000e+01 2.6000e+01
1.2000e+01 5.0000e+00 2.0000e+01 2.6700e+03 4.2000e+01 2.1000e+01 3.3000e+01 2.7000e+01 1.0000e+01 1.3000e+01 2.1000e+01 2.6780e+03 3.0000e+00 2.0000e+01 6.0000e+00 3.2000e+01 2.6000e+01 1.6000e+01 5.0000e+00 1.3000e+01 9.0000e+00 2.1000e+01 1.7000e+01 1.5000e+01 1.4000e+01 2.5000e+01 9.0000e+00 8.0000e+00 2.0000e+01 3.8000e+01 2.3000e+01 1.6000e+01 7.0000e+00 2.2000e+01 3.4000e+01 2.7150e+03 9.0000e+00 3.6000e+01 2.3000e+01 2.1000e+01 1.1000e+01 1.0000e+01 2.4680e+03 2.4000e+01 7.0000e+00 5.0000e+00 3.9440e+03 1.6000e+01 8.0000e+00 2.2000e+01
1.7000e+01 4.2000e+01 1.1000e+01 9.0000e+00 4.5000e+01 5.5000e+01 3.9000e+01 1.6100e+03 3.0000e+01 3.7000e+01 2.5000e+01 5.7000e+01 5.3000e+01 6.5000e+01 3.7050e+03 1.4000e+01 8.1000e+01 4.5300e+03 3.8130e+03 7.0000e+01 5.6000e+01 1.8000e+01 1.3000e+01 2.2000e+01 3.3000e+01 3.8000e+01 4.4000e+01 2.0000e+01 5.9000e+01 2.8000e+01 1.6000e+01 6.6000e+01 8.1000e+01 6.0000e+01 5.1000e+01 1.8100e+02 4.6960e+03 5.0000e+01 2.0000e+01 4.1000e+01 1.9000e+01 3.1000e+01 3.4000e+01 4.1300e+03 4.4000e+01 2.8000e+01 6.1000e+01 1.6000e+01 2.2000e+01 4.5670e+03
