4.4400e+02 3.0200e+02 5.0300e+02 4.3200e+02 2.2500e+02 9.0000e+00 2.9900e+02 1.2500e+02 6.1600e+02 6.1200e+02 5.1600e+02 5.9400e+02 4.3800e+02 5.4200e+02 4.4900e+02 2.9300e+02 4.4300e+02 2.8400e+02 4.1400e+02 2.5200e+02 3.5700e+02 6.1500e+02 5.8400e+02 5.6800e+02 3.0600e+02 5.4800e+02 3.9600e+02 3.5400e+02 3.0200e+02 5.6100e+02 5.2800e+02 2.9400e+02 5.4800e+02 5.3000e+02 2.6100e+02 3.3500e+02 5.2600e+02 4.1800e+02 2.7800e+02 5.2700e+02 5.6100e+02 2.0200e+02 5.5200e+02 6.2500e+02 1.6300e+02 2.1400e+02 1.4900e+02 2.9000e+02 2.4900e+02 4.3000e+02
9.8000e+01 2.1100e+02 3.0100e+02 5.5000e+01 8.6000e+01 1.8300e+02 3.6000e+01 2.7600e+02 1.0700e+02 2.4300e+02 8.0000e+01 1.3600e+02 1.5700e+02 3.8000e+01 3.3600e+02 2.4000e+01 1.8800e+02 2.3100e+02 2.1400e+02 1.1200e+02 2.2300e+02 2.8000e+02 2.2100e+02 7.0000e+01 2.4400e+02 2.4800e+02 1.9100e+02 1.4200e+02 2.8700e+02 7.7000e+01 1.8800e+02 3.2000e+02 9.0000e+01 1.2400e+02 2.6800e+02 3.0300e+02 1.2500e+02 4.9000e+01 1.3200e+02 1.0500e+02 2.7000e+01 5.8000e+01 3.7300e+02 2.1200e+02 1.1100e+02 1.8200e+02 1.5000e+01 2.0000e+00 6.9000e+01 2.7400e+02
5.6400e+02 4.2700e+02 5.8100e+02 9.1000e+01 4.8000e+01 2.7100e+02 6.3900e+02 3.6400e+02 1.5800e+02 1.7800e+02 5.8300e+02 5.5000e+01 7.5000e+01 5.9000e+01 3.2200e+02 0.0000e+00 8.4000e+01 1.0100e+02 3.3400e+02 3.2300e+02 1.6900e+02 7.8000e+01 3.6600e+02 6.0000e+01 4.3500e+02 3.1800e+02 4.2000e+02 1.6900e+02 5.1100e+02 1.9000e+02 2.9700e+02 5.7700e+02 5.5400e+02 2.2300e+02 1.4400e+02 3.3300e+02 1.0100e+02 4.4900e+02 1.1200e+02 4.9200e+02 1.1000e+02 1.7000e+02 3.2000e+01 3.2300e+02 2.6200e+02 1.6400e+02 3.1000e+01 6.0600e+02 3.1000e+02 5.5700e+02
1.9400e+02 1.8300e+02 1.1000e+01 9.6000e+01 3.2000e+01 2.9800e+02 1.5800e+02 2.7000e+01 6.2000e+01 2.7200e+02 2.2500e+02 2.7700e+02 1.6300e+02 2.9200e+02 3.1000e+01 8.0000e+01 3.2000e+01 2.3400e+02 2.1000e+02 2.9400e+02 4.3100e+02 2.4100e+02 3.2600e+02 3.2400e+02 4.3000e+02 4.2200e+02 4.5600e+02 3.7000e+02 3.0800e+02 2.9200e+02 5.3100e+02 3.3200e+02 2.8900e+02 4.2500e+02 4.3600e+02 3.5500e+02 1.9800e+02 2.4400e+02 4.3900e+02 1.8000e+02 2.4100e+02 3.4700e+02 1.3900e+02 8.7000e+01 3.3500e+02 4.7200e+02 3.6100e+02 2.9500e+02 3.1500e+02 2.9700e+02
3.4000e+02 3.6100e+02 3.8700e+02 2.3300e+02 3.5900e+02 3.3400e+02 3.0100e+02 4.3500e+02 8.5000e+01 2.7500e+02 3.9400e+02 3.7500e+02 5.4600e+02 2.2800e+02 2.7100e+02 2.2900e+02 4.7400e+02 3.1100e+02 2.9800e+02 3.3400e+02 4.2900e+02 3.3500e+02 1.3100e+02 1.6400e+02 2.5000e+02 2.4800e+02 5.0700e+02 2.8700e+02 5.0700e+02 1.9100e+02 3.3700e+02 4.0300e+02 2.9300e+02 1.7000e+02 5.2400e+02 4.5000e+02 4.1800e+02 3.1600e+02 3.0600e+02 2.3800e+02 3.5200e+02 3.9000e+02 2.4900e+02 1.4500e+02 2.8300e+02 2.6900e+02 3.5300e+02 2.8500e+02 4.1600e+02 5.4500e+02
5.5500e+02 5.9200e+02 6.2400e+02 5.6800e+02 6.0100e+02 3.3200e+02 3.8500e+02 5.7600e+02 5.2000e+02 5.9900e+02 3.9600e+02 4.8800e+02 6.2000e+02 5.3500e+02 3.3800e+02 2.6000e+01 4.3400e+02 6.6000e+01 4.1600e+02 7.4000e+01 5.7400e+02 6.1500e+02 6.3400e+02 5.8100e+02 5.6600e+02 4.4400e+02 6.1200e+02 3.7300e+02 5.3700e+02 9.1000e+01 5.7800e+02 5.1300e+02 3.3900e+02 5.3000e+02 5.6400e+02 5.7500e+02 5.5300e+02 5.8400e+02 5.4900e+02 5.8200e+02 5.5000e+02 5.6800e+02 5.5800e+02 5.8100e+02 6.0600e+02 4.1900e+02 2.6500e+02 5.6600e+02 3.4700e+02 3.0600e+02
5.5300e+02 1.2000e+02 4.8000e+02 4.4100e+02 5.6900e+02 1.3200e+02 5.8100e+02 5.4700e+02 1.3300e+02 5.2200e+02 1.5800e+02 7.3000e+01 1.0100e+02 2.3800e+02 1.9200e+02 4.6300e+02 4.7600e+02 3.6000e+01 6.5000e+01 3.1700e+02 4.7300e+02 1.2000e+01 3.1000e+02 1.4600e+02 4.7700e+02 2.1200e+02 2.2000e+01 3.7800e+02 4.5700e+02 1.3900e+02 2.1300e+02 4.3500e+02 1.8400e+02 1.0000e+01 1.5000e+01 4.9500e+02 2.3300e+02 5.8000e+01 3.7000e+02 4.3400e+02 5.0200e+02 2.0400e+02 6.0900e+02 1.7100e+02 7.1000e+01 2.2400e+02 1.6200e+02 5.8200e+02 4.8100e+02 5.9000e+01
1.9700e+02 3.5100e+02 3.8000e+02 2.1100e+02 4.0900e+02 2.4400e+02 2.4000e+02 3.0100e+02 4.3900e+02 3.6100e+02 2.5800e+02 4.7800e+02 1.6100e+02 4.5300e+02 3.8100e+02 2.9100e+02 2.7900e+02 2.2100e+02 1.2000e+02 2.8800e+02 5.1200e+02 2.6600e+02 1.9700e+02 1.6600e+02 1.9100e+02 2.4100e+02 4.6500e+02 2.8000e+02 4.8300e+02 2.0500e+02 3.3100e+02 3.3200e+02 3.9500e+02 5.2700e+02 4.6900e+02 4.5800e+02 4.6000e+01 3.0000e+02 3.9000e+02 2.6500e+02 3.5800e+02 1.7100e+02 1.1400e+02 1.7100e+02 1.6400e+02 4.1400e+02 3.1500e+02 2.0800e+02 4.5900e+02 4.5400e+02
3.9800e+02 5.7800e+02 4.3900e+02 6.0300e+02 4.7200e+02 5.2600e+02 4.2700e+02 3.4600e+02 2.9500e+02 3.1400e+02 4.2400e+02 4.1700e+02 4.6500e+02 4.5100e+02 3.5300e+02 3.1600e+02 3.3400e+02 2.8000e+02 3.7800e+02 3.7400e+02 3.0800e+02 2.8200e+02 4.5600e+02 3.1200e+02 3.9400e+02 4.6200e+02 4.8600e+02 3.4300e+02 5.0000e+02 4.9900e+02 3.3500e+02 4.3800e+02 4.4400e+02 3.7600e+02 5.0300e+02 4.4900e+02 5.4300e+02 3.7700e+02 2.4200e+02 3.3900e+02 4.1600e+02 3.3800e+02 4.1900e+02 5.4600e+02 3.6800e+02 4.3700e+02 4.6300e+02 3.8500e+02 3.8900e+02 4.8700e+02
3.6800e+02 8.5000e+01 4.3100e+02 4.3000e+01 1.1200e+02 5.0700e+02 1.4500e+02 1.2900e+02 3.8000e+01 4.1300e+02 3.0600e+02 4.6600e+02 1.1100e+02 2.9100e+02 1.0300e+02 1.5100e+02 3.3000e+02 2.6800e+02 2.6300e+02 2.9800e+02 4.9900e+02 1.8200e+02 3.2000e+02 1.8300e+02 3.0400e+02 5.6200e+02 4.5700e+02 2.9600e+02 2.8200e+02 3.4900e+02 3.2400e+02 3.3800e+02 4.5000e+01 3.0300e+02 3.3400e+02 1.1900e+02 3.1000e+01 2.6600e+02 3.5700e+02 7.9000e+01 3.6800e+02 2.8100e+02 2.6200e+02 1.8800e+02 3.5900e+02 2.7400e+02 3.3000e+02 4.0600e+02 2.9500e+02 4.0900e+02
