5.6000e+01 1.4000e+01 2.8900e+02 6.0000e+01 2.3000e+01 8.0000e+00 3.4000e+01 1.2000e+01 6.0750e+03 5.9860e+03 3.0000e+02 5.9080e+03 6.6000e+01 4.5490e+03 5.0230e+03 3.6000e+01 1.1760e+03 1.0190e+03 1.6940e+03 2.9200e+02 1.5000e+01 4.8460e+03 2.7570e+03 6.0960e+03 2.6000e+01 4.9850e+03 1.0200e+02 6.1400e+02 3.7000e+01 5.2300e+03 2.3700e+02 2.6000e+01 5.0820e+03 6.0750e+03 1.5000e+01 4.9000e+01 1.6400e+03 9.1000e+01 2.5000e+01 1.4240e+03 1.0640e+03 7.0000e+00 6.1090e+03 5.9420e+03 2.8000e+01 1.8000e+01 1.4000e+01 1.8000e+01 5.2000e+01 9.2000e+01
1.0000e+01 9.0000e+00 4.2000e+01 7.0000e+00 7.0000e+00 1.3000e+01 7.0000e+00 2.9000e+01 0.0000e+00 0.0000e+00 1.1000e+01 0.0000e+00 9.0000e+00 8.0000e+00 8.9000e+01 1.1000e+01 2.3000e+01 2.6900e+02 4.4000e+01 1.9000e+01 9.0000e+00 2.2000e+01 1.0000e+01 0.0000e+00 1.4000e+01 3.5000e+01 7.0000e+00 1.7000e+01 1.7000e+01 1.0000e+01 9.0000e+00 1.8000e+01 8.0000e+00 0.0000e+00 1.5000e+01 3.1000e+01 1.1000e+01 1.0000e+01 1.5000e+01 1.2000e+01 7.0000e+00 1.0000e+01 0.0000e+00 0.0000e+00 1.4000e+01 3.4000e+01 9.0000e+00 7.0000e+00 1.0000e+01 4.4000e+01
4.9000e+02 2.6000e+01 5.7370e+03 1.2000e+01 9.0000e+00 2.7000e+01 5.8350e+03 5.0000e+01 0.0000e+00 0.0000e+00 5.3260e+03 0.0000e+00 9.0000e+00 1.0000e+01 8.6000e+01 1.1000e+01 1.6000e+01 3.9000e+01 1.5400e+02 2.8900e+02 9.0000e+00 1.0000e+01 3.0000e+01 0.0000e+00 5.9000e+01 6.0000e+01 8.8000e+01 6.5000e+01 3.0090e+03 2.4000e+01 3.7000e+01 6.0030e+03 4.5000e+02 0.0000e+00 1.0000e+01 2.8000e+01 7.0000e+00 9.5000e+01 7.0000e+00 5.7000e+01 1.4000e+01 2.1000e+01 0.0000e+00 0.0000e+00 9.0000e+00 1.8000e+01 9.0000e+00 6.0350e+03 3.7000e+01 4.9470e+03
1.2000e+01 1.8000e+01 0.0000e+00 7.0000e+00 7.0000e+00 5.7000e+01 0.0000e+00 7.0000e+00 0.0000e+00 0.0000e+00 1.9000e+01 0.0000e+00 1.0000e+01 2.8000e+01 1.3000e+01 1.3000e+01 1.6000e+01 1.2900e+02 6.1000e+01 4.5200e+02 5.9000e+01 2.8000e+01 1.9000e+01 0.0000e+00 5.1000e+01 5.3000e+01 1.2900e+02 2.7590e+03 6.0000e+01 4.7000e+01 2.0900e+02 0.0000e+00 2.9000e+01 0.0000e+00 5.0000e+01 3.0000e+01 2.2000e+01 1.7000e+01 1.6500e+02 1.0000e+01 2.9000e+01 2.6000e+01 0.0000e+00 0.0000e+00 3.0000e+01 4.0960e+03 6.8000e+01 0.0000e+00 1.1900e+02 3.0000e+01
4.3000e+01 3.4000e+01 0.0000e+00 1.4000e+01 2.3000e+01 4.8000e+01 0.0000e+00 9.6000e+01 0.0000e+00 0.0000e+00 1.2700e+02 0.0000e+00 1.9200e+02 2.4000e+01 5.1000e+01 6.3000e+01 2.4020e+03 2.4160e+03 5.8000e+01 2.5220e+03 8.1000e+01 4.3000e+01 1.0000e+01 0.0000e+00 1.9000e+01 1.8000e+01 7.4700e+02 3.1300e+02 1.5800e+02 1.9000e+01 4.9000e+01 0.0000e+00 2.0000e+01 0.0000e+00 6.0800e+02 1.5200e+02 6.1000e+01 1.4000e+01 1.5000e+01 1.2000e+01 2.1000e+01 5.2000e+01 0.0000e+00 0.0000e+00 1.2000e+01 2.4000e+01 1.0600e+02 0.0000e+00 1.7600e+02 6.0700e+02
5.4190e+03 5.7140e+03 0.0000e+00 3.1160e+03 1.3590e+03 3.5000e+01 0.0000e+00 1.9400e+03 0.0000e+00 0.0000e+00 7.9000e+01 0.0000e+00 5.7320e+03 8.1300e+02 1.5700e+02 1.1000e+01 2.4200e+02 3.7000e+01 3.4460e+03 1.6000e+01 5.3690e+03 1.0150e+03 3.0770e+03 0.0000e+00 5.8220e+03 8.1000e+01 4.9930e+03 6.2300e+02 1.7380e+03 1.2000e+01 5.4720e+03 0.0000e+00 2.5000e+01 0.0000e+00 5.1880e+03 5.6320e+03 2.3930e+03 5.5800e+03 5.6560e+03 4.4140e+03 4.7020e+03 5.7990e+03 0.0000e+00 0.0000e+00 5.9390e+03 2.1700e+02 7.2000e+01 0.0000e+00 9.0000e+01 3.6000e+01
0.0000e+00 0.0000e+00 0.0000e+00 1.0600e+02 4.2290e+03 1.1000e+01 0.0000e+00 3.9800e+03 0.0000e+00 0.0000e+00 1.6000e+01 0.0000e+00 0.0000e+00 2.8000e+01 2.7000e+01 5.7300e+03 1.9040e+03 2.4000e+01 1.7000e+01 5.9800e+02 1.5000e+02 0.0000e+00 0.0000e+00 0.0000e+00 0.0000e+00 1.1000e+01 0.0000e+00 8.0400e+02 2.0400e+02 1.2000e+01 0.0000e+00 0.0000e+00 1.5000e+01 0.0000e+00 0.0000e+00 0.0000e+00 9.0000e+00 9.0000e+00 2.8000e+01 0.0000e+00 1.8200e+02 1.4000e+01 0.0000e+00 0.0000e+00 0.0000e+00 2.7000e+01 1.4000e+01 0.0000e+00 4.5510e+03 1.0000e+01
0.0000e+00 0.0000e+00 0.0000e+00 1.7000e+01 1.4300e+02 3.0000e+01 0.0000e+00 0.0000e+00 0.0000e+00 0.0000e+00 1.9000e+01 0.0000e+00 0.0000e+00 2.9200e+02 3.2600e+02 4.5000e+01 1.9000e+01 2.9800e+02 2.1000e+01 3.9600e+02 8.9000e+01 0.0000e+00 0.0000e+00 0.0000e+00 0.0000e+00 1.3000e+01 0.0000e+00 1.9800e+02 3.6200e+02 1.7000e+01 0.0000e+00 0.0000e+00 1.4800e+02 0.0000e+00 0.0000e+00 0.0000e+00 7.0000e+00 2.8000e+01 3.1000e+01 0.0000e+00 3.9000e+01 1.7000e+01 0.0000e+00 0.0000e+00 0.0000e+00 5.7100e+02 1.5200e+02 0.0000e+00 7.1200e+02 1.9700e+02
0.0000e+00 0.0000e+00 0.0000e+00 2.5470e+03 1.0300e+02 5.4140e+03 0.0000e+00 0.0000e+00 0.0000e+00 0.0000e+00 8.0000e+01 0.0000e+00 0.0000e+00 2.1500e+02 2.6600e+02 5.5000e+01 1.3200e+02 1.2600e+03 3.1700e+02 1.1750e+03 4.6000e+01 0.0000e+00 0.0000e+00 0.0000e+00 0.0000e+00 7.5000e+01 0.0000e+00 3.6800e+02 3.6800e+02 6.9800e+02 0.0000e+00 0.0000e+00 1.2500e+02 0.0000e+00 0.0000e+00 0.0000e+00 1.8400e+03 4.2000e+01 1.1000e+01 0.0000e+00 6.2000e+01 4.9000e+01 0.0000e+00 0.0000e+00 0.0000e+00 9.4700e+02 5.5300e+03 0.0000e+00 2.4000e+02 9.7000e+01
0.0000e+00 0.0000e+00 0.0000e+00 1.2000e+01 7.0000e+00 3.0700e+02 0.0000e+00 0.0000e+00 0.0000e+00 0.0000e+00 4.9000e+01 0.0000e+00 0.0000e+00 1.6000e+01 1.5000e+01 2.5000e+01 1.4500e+02 5.5900e+02 6.8000e+01 2.5100e+02 2.3000e+02 0.0000e+00 0.0000e+00 0.0000e+00 0.0000e+00 5.9200e+02 0.0000e+00 1.6300e+02 2.6000e+01 3.0000e+01 0.0000e+00 0.0000e+00 1.0000e+01 0.0000e+00 0.0000e+00 0.0000e+00 7.0000e+00 1.2000e+01 8.3000e+01 0.0000e+00 4.9000e+01 1.4000e+01 0.0000e+00 0.0000e+00 0.0000e+00 7.3000e+01 1.0100e+02 0.0000e+00 5.9000e+01 3.1000e+01
