6.6667e-01 1.0000e+00 1.0000e+00 1.0000e+00 0.0000e+00 0.0000e+00 0.0000e+00 0.0000e+00 9.8094e-01 9.9666e-01 0.0000e+00 1.0000e+00 7.5000e-01 8.8889e-01 7.5590e-01 0.0000e+00 7.6513e-01 5.0000e-01 0.0000e+00 7.5000e-01 0.0000e+00 9.6898e-01 9.2308e-01 9.9451e-01 0.0000e+00 1.0000e+00 0.0000e+00 0.0000e+00 0.0000e+00 0.0000e+00 0.0000e+00 0.0000e+00 8.8792e-01 1.0000e+00 0.0000e+00 0.0000e+00 8.8270e-01 6.6667e-01 6.6667e-01 9.3574e-01 0.0000e+00 5.0000e-01 1.0000e+00 1.0000e+00 0.0000e+00 5.0000e-01 5.0000e-01 1.0000e+00 5.0000e-01 1.0000e+00
3.3333e-01 0.0000e+00 3.3333e-01 0.0000e+00 0.0000e+00 0.0000e+00 0.0000e+00 0.0000e+00 0.0000e+00 0.0000e+00 0.0000e+00 3.3333e-01 0.0000e+00 3.3333e-01 0.0000e+00 0.0000e+00 2.5000e-01 4.0508e-01 3.9957e-01 0.0000e+00 5.0000e-01 0.0000e+00 3.3333e-01 3.3333e-01 0.0000e+00 0.0000e+00 5.0000e-01 2.5000e-01 0.0000e+00 0.0000e+00 0.0000e+00 0.0000e+00 0.0000e+00 4.0000e-01 0.0000e+00 4.9179e-01 0.0000e+00 0.0000e+00 0.0000e+00 0.0000e+00 0.0000e+00 0.0000e+00 5.7257e-01 4.2857e-01 3.7500e-01 0.0000e+00 0.0000e+00 0.0000e+00 0.0000e+00 0.0000e+00
5.0000e-01 0.0000e+00 9.9235e-01 5.0000e-01 0.0000e+00 6.6667e-01 1.0000e+00 5.0000e-01 0.0000e+00 5.0000e-01 9.4630e-01 0.0000e+00 0.0000e+00 0.0000e+00 6.8750e-01 0.0000e+00 0.0000e+00 0.0000e+00 5.0000e-01 0.0000e+00 0.0000e+00 0.0000e+00 0.0000e+00 0.0000e+00 6.6667e-01 5.0000e-01 1.0000e+00 0.0000e+00 9.2009e-01 6.0000e-01 1.0000e+00 1.0000e+00 8.2605e-01 8.7500e-01 0.0000e+00 0.0000e+00 0.0000e+00 0.0000e+00 0.0000e+00 7.5000e-01 7.5000e-01 0.0000e+00 5.0000e-01 8.0000e-01 0.0000e+00 0.0000e+00 0.0000e+00 9.9020e-01 0.0000e+00 1.0000e+00
5.0000e-01 5.0000e-01 0.0000e+00 0.0000e+00 0.0000e+00 0.0000e+00 0.0000e+00 0.0000e+00 0.0000e+00 5.0000e-01 5.0000e-01 0.0000e+00 0.0000e+00 0.0000e+00 0.0000e+00 0.0000e+00 3.3333e-01 0.0000e+00 0.0000e+00 4.9992e-01 7.3316e-01 5.3333e-01 0.0000e+00 0.0000e+00 5.0000e-01 5.0000e-01 7.0588e-01 3.3333e-01 0.0000e+00 0.0000e+00 8.4824e-01 0.0000e+00 4.4444e-01 5.0000e-01 5.0000e-01 0.0000e+00 0.0000e+00 0.0000e+00 7.5574e-01 0.0000e+00 0.0000e+00 5.0000e-01 0.0000e+00 0.0000e+00 0.0000e+00 7.7492e-01 0.0000e+00 5.0000e-01 3.3333e-01 6.2500e-01
6.6667e-01 5.0000e-01 0.0000e+00 0.0000e+00 0.0000e+00 0.0000e+00 5.0000e-01 6.6667e-01 0.0000e+00 5.0000e-01 5.0000e-01 5.0000e-01 8.1077e-01 0.0000e+00 0.0000e+00 0.0000e+00 5.0000e-01 5.0000e-01 0.0000e+00 0.0000e+00 6.6667e-01 5.0000e-01 0.0000e+00 0.0000e+00 0.0000e+00 5.0000e-01 9.1110e-01 3.3333e-01 0.0000e+00 0.0000e+00 5.0000e-01 7.3529e-01 5.0000e-01 5.0000e-01 9.0821e-01 7.1429e-01 6.3311e-01 0.0000e+00 5.0000e-01 0.0000e+00 5.0000e-01 5.0000e-01 7.1429e-01 5.0000e-01 0.0000e+00 0.0000e+00 0.0000e+00 0.0000e+00 5.0000e-01 8.6497e-01
1.0000e+00 1.0000e+00 1.0000e+00 1.0000e+00 1.0000e+00 0.0000e+00 0.0000e+00 1.0000e+00 9.1892e-01 1.0000e+00 7.5000e-01 1.0000e+00 1.0000e+00 8.0000e-01 5.0000e-01 0.0000e+00 7.6471e-01 0.0000e+00 5.0000e-01 0.0000e+00 1.0000e+00 1.0000e+00 1.0000e+00 1.0000e+00 1.0000e+00 1.0000e+00 1.0000e+00 6.1290e-01 5.0000e-01 0.0000e+00 1.0000e+00 1.0000e+00 5.0000e-01 1.0000e+00 0.0000e+00 1.0000e+00 8.3333e-01 9.6214e-01 1.0000e+00 9.9500e-01 9.4337e-01 9.6580e-01 1.0000e+00 1.0000e+00 9.9153e-01 7.5000e-01 5.0000e-01 1.0000e+00 0.0000e+00 1.0000e+00
9.7629e-01 0.0000e+00 8.5714e-01 0.0000e+00 0.0000e+00 5.0000e-01 9.7270e-01 9.6151e-01 0.0000e+00 9.1721e-01 0.0000e+00 0.0000e+00 0.0000e+00 0.0000e+00 5.0000e-01 7.4868e-01 0.0000e+00 0.0000e+00 0.0000e+00 5.0000e-01 1.0000e+00 0.0000e+00 7.5000e-01 0.0000e+00 5.0000e-01 5.0000e-01 0.0000e+00 5.8302e-01 5.0000e-01 0.0000e+00 0.0000e+00 7.5000e-01 5.0000e-01 0.0000e+00 0.0000e+00 8.0000e-01 5.0000e-01 0.0000e+00 0.0000e+00 6.6667e-01 0.0000e+00 0.0000e+00 9.4737e-01 0.0000e+00 0.0000e+00 5.0000e-01 0.0000e+00 9.8222e-01 0.0000e+00 0.0000e+00
5.0000e-01 6.0000e-01 6.0000e-01 0.0000e+00 7.3486e-01 0.0000e+00 5.0000e-01 5.0000e-01 5.0000e-01 0.0000e+00 0.0000e+00 6.6667e-01 5.0000e-01 5.0000e-01 0.0000e+00 2.0000e-01 5.0000e-01 0.0000e+00 0.0000e+00 0.0000e+00 8.1866e-01 5.0000e-01 5.0000e-01 0.0000e+00 0.0000e+00 0.0000e+00 7.5000e-01 0.0000e+00 0.0000e+00 0.0000e+00 5.0000e-01 0.0000e+00 0.0000e+00 8.7870e-01 8.0000e-01 6.6667e-01 5.0000e-01 5.0000e-01 8.1818e-01 0.0000e+00 5.6989e-01 0.0000e+00 0.0000e+00 0.0000e+00 5.0000e-01 6.8421e-01 5.6818e-01 0.0000e+00 7.3437e-01 6.6667e-01
0.0000e+00 9.1777e-01 0.0000e+00 9.4856e-01 5.0000e-01 5.0000e-01 0.0000e+00 0.0000e+00 5.0000e-01 0.0000e+00 7.5000e-01 6.6667e-01 6.6667e-01 7.6282e-01 5.8333e-01 2.5000e-01 5.0000e-01 5.0000e-01 5.0000e-01 6.5909e-01 0.0000e+00 0.0000e+00 8.0885e-01 0.0000e+00 0.0000e+00 9.2857e-01 8.3333e-01 4.2857e-01 0.0000e+00 0.0000e+00 0.0000e+00 5.0000e-01 6.8000e-01 0.0000e+00 7.5000e-01 0.0000e+00 0.0000e+00 5.0000e-01 0.0000e+00 0.0000e+00 0.0000e+00 5.0000e-01 8.3333e-01 9.2084e-01 5.0000e-01 0.0000e+00 0.0000e+00 6.6667e-01 5.0000e-01 8.0000e-01
5.0000e-01 0.0000e+00 6.6667e-01 0.0000e+00 5.0000e-01 7.9739e-01 6.6667e-01 0.0000e+00 0.0000e+00 5.0000e-01 5.0000e-01 8.2116e-01 0.0000e+00 0.0000e+00 0.0000e+00 0.0000e+00 6.0241e-01 5.1515e-01 0.0000e+00 0.0000e+00 7.7841e-01 0.0000e+00 0.0000e+00 0.0000e+00 5.0000e-01 8.2089e-01 0.0000e+00 0.0000e+00 0.0000e+00 5.8361e-01 0.0000e+00 6.6667e-01 0.0000e+00 5.0000e-01 0.0000e+00 5.7143e-01 5.0000e-01 0.0000e+00 7.6923e-01 0.0000e+00 0.0000e+00 0.0000e+00 5.0000e-01 6.6667e-01 0.0000e+00 5.0000e-01 3.3333e-01 5.0000e-01 0.0000e+00 0.0000e+00
