2.0000e+00 2.0000e+00 1.0000e+00 1.0000e+00 0.0000e+00 0.0000e+00 0.0000e+00 0.0000e+00 5.8150e+03 1.7910e+03 0.0000e+00 9.0000e+00 3.0000e+00 2.4000e+01 4.4870e+03 0.0000e+00 3.1600e+02 1.0000e+00 0.0000e+00 6.0000e+00 0.0000e+00 5.7780e+03 1.2000e+01 5.9810e+03 0.0000e+00 2.0000e+00 0.0000e+00 0.0000e+00 0.0000e+00 0.0000e+00 0.0000e+00 0.0000e+00 4.0560e+03 3.0000e+00 0.0000e+00 0.0000e+00 2.5360e+03 2.0000e+00 2.0000e+00 1.1940e+03 0.0000e+00 1.0000e+00 5.0000e+00 2.0000e+00 0.0000e+00 1.0000e+00 2.0000e+00 3.0000e+00 1.0000e+00 3.0000e+00
1.0000e+00 0.0000e+00 1.0000e+00 0.0000e+00 0.0000e+00 0.0000e+00 0.0000e+00 0.0000e+00 0.0000e+00 0.0000e+00 0.0000e+00 1.0000e+00 0.0000e+00 1.0000e+00 0.0000e+00 0.0000e+00 1.0000e+00 2.4260e+03 2.3950e+03 0.0000e+00 1.0000e+00 0.0000e+00 1.0000e+00 1.0000e+00 0.0000e+00 0.0000e+00 1.0000e+00 1.0000e+00 0.0000e+00 0.0000e+00 0.0000e+00 0.0000e+00 0.0000e+00 2.0000e+00 0.0000e+00 2.8770e+03 0.0000e+00 0.0000e+00 0.0000e+00 0.0000e+00 0.0000e+00 0.0000e+00 3.3610e+03 3.0000e+00 3.0000e+00 0.0000e+00 0.0000e+00 0.0000e+00 0.0000e+00 0.0000e+00
1.0000e+00 0.0000e+00 5.9690e+03 1.0000e+00 0.0000e+00 2.0000e+00 5.3260e+03 1.0000e+00 0.0000e+00 1.0000e+00 5.7800e+03 0.0000e+00 0.0000e+00 0.0000e+00 1.1000e+01 0.0000e+00 0.0000e+00 0.0000e+00 6.0000e+00 0.0000e+00 0.0000e+00 0.0000e+00 0.0000e+00 0.0000e+00 2.0000e+00 1.0000e+00 1.0000e+00 0.0000e+00 5.6420e+03 3.0000e+00 3.0000e+00 5.9360e+03 1.0970e+03 7.0000e+00 0.0000e+00 0.0000e+00 0.0000e+00 0.0000e+00 0.0000e+00 3.0000e+00 3.0000e+00 0.0000e+00 1.0000e+00 4.0000e+00 0.0000e+00 0.0000e+00 0.0000e+00 2.0200e+02 0.0000e+00 4.0000e+00
1.0000e+00 1.0000e+00 0.0000e+00 0.0000e+00 0.0000e+00 0.0000e+00 0.0000e+00 0.0000e+00 0.0000e+00 3.0000e+00 2.0000e+00 0.0000e+00 0.0000e+00 0.0000e+00 0.0000e+00 0.0000e+00 1.0000e+00 0.0000e+00 0.0000e+00 2.9420e+03 1.4040e+03 8.0000e+00 0.0000e+00 0.0000e+00 1.0000e+00 1.0000e+00 1.2000e+01 1.0000e+00 0.0000e+00 0.0000e+00 5.0750e+03 0.0000e+00 4.0000e+00 1.0000e+00 1.0000e+00 0.0000e+00 0.0000e+00 0.0000e+00 4.5730e+03 0.0000e+00 0.0000e+00 2.0000e+00 0.0000e+00 0.0000e+00 0.0000e+00 4.6170e+03 0.0000e+00 2.0000e+00 1.0000e+00 5.0000e+00
6.0000e+00 1.0000e+00 0.0000e+00 0.0000e+00 0.0000e+00 0.0000e+00 1.0000e+00 2.0000e+00 0.0000e+00 1.0000e+00 1.0000e+00 1.0000e+00 4.8460e+03 0.0000e+00 0.0000e+00 0.0000e+00 1.0000e+00 1.0000e+00 0.0000e+00 0.0000e+00 2.0000e+00 1.0000e+00 0.0000e+00 0.0000e+00 0.0000e+00 1.0000e+00 5.4830e+03 1.0000e+00 0.0000e+00 0.0000e+00 1.0000e+00 7.5000e+01 1.0000e+00 1.0000e+00 5.3230e+03 5.0000e+00 2.0000e+03 0.0000e+00 1.0000e+00 0.0000e+00 1.0000e+00 1.0000e+00 5.0000e+00 1.0000e+00 0.0000e+00 0.0000e+00 0.0000e+00 0.0000e+00 2.0000e+00 5.1760e+03
2.0000e+00 2.0000e+00 5.0000e+00 2.0000e+00 4.0000e+00 0.0000e+00 0.0000e+00 2.0000e+00 3.4000e+01 1.0000e+00 3.0000e+00 0.0000e+00 2.9000e+01 4.0000e+00 1.0000e+00 0.0000e+00 1.3000e+01 0.0000e+00 1.0000e+00 0.0000e+00 1.0000e+00 9.0000e+00 4.1000e+01 0.0000e+00 6.0090e+03 0.0000e+00 2.0000e+00 3.8000e+01 1.0000e+00 0.0000e+00 2.0000e+00 1.0000e+00 1.0000e+00 1.0000e+00 0.0000e+00 2.0000e+00 1.0000e+01 5.8190e+03 2.0000e+00 4.7730e+03 5.5470e+03 5.7900e+03 2.0000e+00 0.0000e+00 5.9730e+03 3.0000e+00 1.0000e+00 1.0000e+00 0.0000e+00 2.0000e+00
5.8050e+03 0.0000e+00 6.0000e+00 0.0000e+00 0.0000e+00 1.0000e+00 8.5500e+02 5.7460e+03 0.0000e+00 3.6890e+03 0.0000e+00 0.0000e+00 0.0000e+00 0.0000e+00 1.0000e+00 4.4120e+03 0.0000e+00 0.0000e+00 0.0000e+00 1.0000e+00 1.0000e+00 0.0000e+00 3.0000e+00 0.0000e+00 1.0000e+00 1.0000e+00 0.0000e+00 3.4270e+03 1.0000e+00 0.0000e+00 0.0000e+00 3.0000e+00 1.0000e+00 0.0000e+00 0.0000e+00 4.0000e+00 1.0000e+00 0.0000e+00 0.0000e+00 2.0000e+00 0.0000e+00 0.0000e+00 1.8000e+01 0.0000e+00 0.0000e+00 1.0000e+00 0.0000e+00 5.5250e+03 0.0000e+00 0.0000e+00
1.0000e+00 3.0000e+00 3.0000e+00 0.0000e+00 4.3680e+03 0.0000e+00 1.0000e+00 1.0000e+00 1.0000e+00 0.0000e+00 0.0000e+00 2.0000e+00 1.0000e+00 1.0000e+00 0.0000e+00 1.0000e+00 1.0000e+00 0.0000e+00 0.0000e+00 0.0000e+00 3.2820e+03 1.0000e+00 2.0000e+00 0.0000e+00 0.0000e+00 0.0000e+00 6.0000e+00 0.0000e+00 0.0000e+00 0.0000e+00 1.0000e+00 0.0000e+00 0.0000e+00 5.1650e+03 4.0000e+00 8.0000e+00 1.0000e+00 1.0000e+00 9.0000e+00 0.0000e+00 5.3000e+01 0.0000e+00 0.0000e+00 0.0000e+00 1.0000e+00 1.3000e+01 3.4710e+03 0.0000e+00 4.5340e+03 2.0000e+00
0.0000e+00 5.4580e+03 0.0000e+00 5.5140e+03 1.0000e+00 1.0000e+00 0.0000e+00 0.0000e+00 1.0000e+00 0.0000e+00 3.0000e+00 2.0000e+00 2.0000e+00 4.5510e+03 1.4000e+01 1.0000e+00 2.0000e+00 1.0000e+00 1.0000e+00 2.9000e+01 0.0000e+00 0.0000e+00 4.6800e+03 0.0000e+00 0.0000e+00 1.3000e+01 5.0000e+00 3.0000e+00 0.0000e+00 0.0000e+00 0.0000e+00 1.0000e+00 1.7000e+01 0.0000e+00 3.0000e+00 0.0000e+00 0.0000e+00 1.0000e+00 0.0000e+00 0.0000e+00 0.0000e+00 1.0000e+00 5.0000e+00 5.3740e+03 1.0000e+00 0.0000e+00 0.0000e+00 2.0000e+00 3.0000e+00 4.0000e+00
1.0000e+00 0.0000e+00 2.0000e+00 0.0000e+00 1.0000e+00 4.8250e+03 2.0000e+00 0.0000e+00 0.0000e+00 1.0000e+00 1.0000e+00 4.8670e+03 0.0000e+00 0.0000e+00 0.0000e+00 0.0000e+00 3.3500e+03 3.4000e+01 0.0000e+00 0.0000e+00 1.3700e+02 0.0000e+00 0.0000e+00 0.0000e+00 2.0000e+00 4.9270e+03 0.0000e+00 0.0000e+00 0.0000e+00 3.4900e+03 0.0000e+00 2.0000e+00 0.0000e+00 1.0000e+00 0.0000e+00 4.0000e+00 1.0000e+00 0.0000e+00 2.0000e+01 0.0000e+00 0.0000e+00 0.0000e+00 1.0000e+00 2.0000e+00 0.0000e+00 1.0000e+00 1.0000e+00 1.0000e+00 0.0000e+00 0.0000e+00
