2.8000e+01 4.0000e+00 6.0000e+00 1.1300e+02 6.3000e+01 6.3000e+01 4.0000e+00 1.0000e+01 2.6040e+03 7.1080e+03
6.0000e+00 6.0000e+00 4.0000e+00 6.7670e+03 1.1500e+02 1.1000e+01 5.6000e+01 1.3000e+01 9.0000e+00 2.6410e+03
1.7250e+03 1.3000e+01 6.0000e+00 5.9000e+01 7.7640e+03 4.1000e+01 1.0990e+03 3.8400e+02 3.5000e+01 1.5000e+01
2.1000e+01 9.0000e+00 2.5000e+01 1.3000e+01 3.6600e+02 9.7400e+03 4.0000e+00 1.9000e+01 1.6000e+01 2.2000e+01
8.0000e+00 1.3000e+01 9.0240e+03 1.0600e+02 3.4000e+01 3.0000e+01 1.0000e+01 6.9000e+01 1.2000e+01 2.8000e+01
7.6000e+01 1.6000e+01 5.0000e+00 9.0000e+00 3.5000e+01 1.5000e+01 8.7840e+03 6.6300e+02 1.1000e+01 3.1000e+01
8.1350e+03 3.4000e+01 1.0000e+01 1.5000e+01 1.4010e+03 1.0200e+02 5.6000e+01 2.9000e+01 6.2000e+01 7.2000e+01
1.5000e+01 9.9500e+02 9.4100e+02 9.0000e+00 1.2000e+01 2.7000e+01 3.3000e+01 8.4760e+03 3.2000e+01 7.0000e+00
1.1000e+01 2.7000e+01 9.0000e+00 2.8690e+03 1.6600e+02 1.5000e+01 2.8000e+01 1.7300e+02 7.0640e+03 6.3000e+01
7.0000e+00 8.9310e+03 1.3000e+01 1.9000e+01 1.0000e+01 2.1000e+01 8.0000e+00 8.3000e+01 1.5000e+01 1.9000e+01
