9.6429e-01 0.0000e+00 1.6667e-01 7.6991e-01 5.2381e-01 6.3492e-01 0.0000e+00 1.0000e-01 9.0169e-01 9.7186e-01
1.6667e-01 6.6667e-01 0.0000e+00 9.9837e-01 6.0870e-01 1.8182e-01 7.8571e-01 2.3077e-01 1.1111e-01 9.6857e-01
9.7159e-01 5.3846e-01 1.6667e-01 6.4407e-01 7.8787e-01 5.3659e-01 9.7452e-01 7.5521e-01 5.1429e-01 3.3333e-01
8.5714e-01 8.8889e-01 8.0000e-01 8.4615e-01 7.4863e-01 9.7895e-01 0.0000e+00 3.6842e-01 3.7500e-01 7.7273e-01
0.0000e+00 2.3077e-01 8.7722e-01 6.1321e-01 2.9412e-01 3.6667e-01 1.0000e-01 4.7826e-01 8.3333e-02 3.9286e-01
7.1053e-01 4.3750e-01 0.0000e+00 1.1111e-01 4.0000e-01 2.6667e-01 9.6676e-01 7.7677e-01 1.8182e-01 5.1613e-01
8.3577e-01 4.7059e-01 1.0000e-01 2.0000e-01 6.3812e-01 5.5882e-01 5.3571e-01 3.1034e-01 4.8387e-01 5.5556e-01
3.3333e-01 9.6583e-01 9.4687e-01 1.1111e-01 8.3333e-02 4.0741e-01 5.4545e-01 8.2964e-01 4.6875e-01 0.0000e+00
9.0909e-02 3.7037e-01 0.0000e+00 7.5601e-01 4.8193e-01 1.3333e-01 3.5714e-01 5.3757e-01 7.3146e-01 4.9206e-01
0.0000e+00 9.9339e-01 3.0769e-01 3.6842e-01 0.0000e+00 3.3333e-01 1.2500e-01 5.9036e-01 2.6667e-01 3.6842e-01
