2.7000e+01 0.0000e+00 1.0000e+00 8.7000e+01 3.3000e+01 4.0000e+01 0.0000e+00 1.0000e+00 2.3480e+03 6.9080e+03
1.0000e+00 4.0000e+00 0.0000e+00 6.7560e+03 7.0000e+01 2.0000e+00 4.4000e+01 3.0000e+00 1.0000e+00 2.5580e+03
1.6760e+03 7.0000e+00 1.0000e+00 3.8000e+01 6.1170e+03 2.2000e+01 1.0710e+03 2.9000e+02 1.8000e+01 5.0000e+00
1.8000e+01 8.0000e+00 2.0000e+01 1.1000e+01 2.7400e+02 9.5350e+03 0.0000e+00 7.0000e+00 6.0000e+00 1.7000e+01
0.0000e+00 3.0000e+00 7.9160e+03 6.5000e+01 1.0000e+01 1.1000e+01 1.0000e+00 3.3000e+01 1.0000e+00 1.1000e+01
5.4000e+01 7.0000e+00 0.0000e+00 1.0000e+00 1.4000e+01 4.0000e+00 8.4920e+03 5.1500e+02 2.0000e+00 1.6000e+01
6.7990e+03 1.6000e+01 1.0000e+00 3.0000e+00 8.9400e+02 5.7000e+01 3.0000e+01 9.0000e+00 3.0000e+01 4.0000e+01
5.0000e+00 9.6100e+02 8.9100e+02 1.0000e+00 1.0000e+00 1.1000e+01 1.8000e+01 7.0320e+03 1.5000e+01 0.0000e+00
1.0000e+00 1.0000e+01 0.0000e+00 2.1690e+03 8.0000e+01 2.0000e+00 1.0000e+01 9.3000e+01 5.1670e+03 3.1000e+01
0.0000e+00 8.8720e+03 4.0000e+00 7.0000e+00 0.0000e+00 7.0000e+00 1.0000e+00 4.9000e+01 4.0000e+00 7.0000e+00
