3.7500e+02 1.1000e+01 8.0000e+00 6.8000e+01 6.8000e+01 2.5000e+01 1.3000e+01 8.0000e+00 9.6520e+03 7.5630e+03
6.0000e+00 4.7000e+01 1.3000e+01 9.9960e+03 5.5000e+01 8.0000e+00 4.2000e+01 1.1000e+01 7.0000e+00 2.3220e+03
9.7320e+03 1.3000e+01 6.0000e+00 0.0000e+00 8.3600e+03 3.3000e+01 6.0710e+03 1.1000e+03 2.5000e+01 0.0000e+00
0.0000e+00 8.0000e+01 1.9500e+02 0.0000e+00 1.0600e+03 9.9080e+03 1.0000e+01 2.8000e+01 4.0000e+01 0.0000e+00
0.0000e+00 8.0000e+00 3.7000e+02 0.0000e+00 1.8000e+01 0.0000e+00 6.0000e+00 4.0000e+01 1.4000e+01 0.0000e+00
0.0000e+00 1.1000e+01 8.0000e+00 0.0000e+00 6.2000e+01 0.0000e+00 3.9540e+03 6.7800e+02 9.0000e+00 0.0000e+00
0.0000e+00 2.4000e+01 6.0000e+00 0.0000e+00 2.4500e+02 0.0000e+00 0.0000e+00 1.4000e+01 2.8000e+01 0.0000e+00
0.0000e+00 7.2170e+03 9.3840e+03 0.0000e+00 1.0000e+01 0.0000e+00 0.0000e+00 8.0290e+03 2.8000e+01 0.0000e+00
0.0000e+00 2.3000e+01 1.3000e+01 0.0000e+00 8.8000e+01 0.0000e+00 0.0000e+00 5.8000e+01 2.2900e+02 0.0000e+00
0.0000e+00 2.3790e+03 1.9000e+01 0.0000e+00 1.0000e+01 0.0000e+00 0.0000e+00 3.3000e+01 2.6000e+01 0.0000e+00
