1.3000e+01 2.5000e+01 2.1000e+01 6.1000e+01 2.1000e+01 5.0000e+00 2.1000e+01 1.0000e+01 5.5700e+03 1.5000e+01 6.0000e+00 1.1000e+01 2.4000e+01 7.4200e+02 8.3000e+01 3.6000e+01 1.4000e+02 5.0000e+01 3.2900e+02 4.2000e+01 7.0000e+00 4.1730e+03 2.7880e+03 5.0140e+03 3.1000e+01 1.9000e+01 1.1000e+01 2.1000e+01 7.0000e+00 3.4610e+03 1.7000e+01 7.0000e+00 2.7210e+03 1.0000e+01 1.0000e+01 5.0000e+00 6.4500e+02 3.1000e+01 1.1000e+01 1.6180e+03 2.3480e+03 1.2000e+01 1.2000e+01 1.4200e+02 1.1000e+01 2.0000e+01 8.0000e+00 1.7000e+01 2.1000e+01 9.0000e+00
2.8000e+01 1.4300e+02 3.6330e+03 2.3000e+01 3.9000e+01 6.6000e+01 2.8000e+01 4.7400e+02 5.7000e+01 5.0100e+02 4.0000e+01 5.3000e+01 8.5000e+01 2.2000e+01 5.6640e+03 4.6000e+01 5.6000e+01 5.1610e+03 3.4080e+03 1.4300e+02 9.4000e+01 1.1320e+03 1.9900e+02 3.5000e+01 3.3600e+02 1.2300e+02 1.7000e+01 8.0000e+01 3.5000e+02 5.8000e+01 7.6000e+01 1.1710e+03 3.2000e+01 2.3000e+01 9.0000e+01 1.1100e+03 3.6000e+01 3.9000e+01 6.1000e+01 6.4000e+01 2.3000e+01 2.3000e+01 5.8710e+03 3.3900e+02 4.8000e+01 9.6000e+01 3.1000e+01 1.9000e+01 3.1000e+01 8.2400e+02
6.2000e+02 3.1000e+01 1.4200e+03 1.4000e+01 9.0000e+00 2.1000e+01 5.4390e+03 3.9000e+01 8.0000e+00 1.3000e+01 5.4230e+03 5.0000e+00 1.0000e+01 8.0000e+00 2.4000e+01 1.1000e+01 1.7000e+01 2.8000e+01 1.2300e+02 1.1200e+02 1.0000e+01 8.0000e+00 8.1000e+01 1.0000e+01 1.5500e+02 1.3000e+01 2.6000e+01 1.8000e+01 1.0950e+03 2.0000e+01 1.0000e+01 4.2790e+03 2.0760e+03 7.0000e+00 5.0000e+00 2.8000e+01 1.4000e+01 1.6000e+02 1.6000e+01 6.5100e+02 1.0000e+01 1.4000e+01 5.0000e+00 2.8000e+01 3.1000e+01 3.1000e+01 1.0000e+01 5.2190e+03 3.5000e+01 5.5200e+02
4.0000e+01 3.1000e+01 1.0000e+01 2.6000e+01 1.5000e+01 7.9000e+01 1.6000e+01 1.4000e+01 1.6000e+01 3.1000e+01 4.3000e+01 9.0000e+01 2.8000e+01 8.3000e+01 1.0000e+01 1.8000e+01 1.4000e+01 8.7000e+01 1.5100e+02 1.4560e+03 3.6500e+02 7.2000e+01 7.3000e+01 1.9300e+02 2.9930e+03 1.6900e+02 7.5300e+02 5.1730e+03 8.9000e+01 9.8000e+01 5.7470e+03 7.7000e+01 6.7000e+01 2.8400e+02 2.3000e+02 1.8300e+02 2.8000e+01 6.5000e+01 5.0110e+03 2.1000e+01 4.0000e+01 1.0300e+02 2.1000e+01 1.7000e+01 1.7700e+02 5.4100e+03 6.4500e+02 4.5000e+01 2.5400e+02 7.7000e+01
3.6000e+01 7.4000e+01 1.1300e+02 2.9000e+01 4.9000e+01 7.3000e+01 3.5000e+01 3.4100e+02 1.2000e+01 5.0000e+01 1.6900e+02 5.8000e+01 5.4690e+03 1.8000e+01 3.2000e+01 6.5000e+01 5.0290e+03 1.8400e+02 5.8000e+01 2.6470e+03 4.4000e+01 7.3000e+01 2.8000e+01 3.1000e+01 3.0000e+01 1.9000e+01 3.2080e+03 5.5000e+01 8.1100e+02 2.1000e+01 2.9000e+01 1.8600e+02 5.4000e+01 1.8000e+01 5.1550e+03 2.3400e+02 2.8100e+02 1.0900e+02 1.3000e+02 5.7000e+01 9.8000e+01 2.5900e+02 1.5000e+01 3.0000e+01 2.7000e+01 2.8000e+01 5.7400e+02 2.5000e+01 3.1100e+02 3.4480e+03
1.0000e+01 1.0700e+02 7.0000e+00 8.4000e+01 1.8000e+01 1.6000e+01 1.4000e+01 1.0000e+01 1.0100e+02 8.0000e+00 7.0000e+00 8.0000e+00 1.3800e+02 1.5800e+02 1.5000e+01 9.0000e+00 5.6000e+01 1.7000e+01 1.1310e+03 1.1000e+01 6.0000e+00 4.6900e+02 1.9830e+03 5.9800e+02 1.8570e+03 8.0000e+00 4.0000e+00 4.0000e+01 5.0000e+00 1.0000e+01 1.7000e+01 9.0000e+00 2.8000e+01 8.0000e+00 1.1000e+01 4.0000e+00 1.6300e+02 5.3720e+03 1.3000e+01 3.4300e+03 2.8410e+03 5.5130e+03 6.0000e+00 6.1000e+01 5.4980e+03 5.2000e+01 2.1000e+01 1.6000e+01 4.5000e+01 7.0000e+00
5.2790e+03 1.1000e+01 1.0300e+02 1.2000e+02 4.9310e+03 1.2000e+01 4.6500e+02 5.1120e+03 1.0000e+01 4.6410e+03 1.9000e+01 1.0000e+01 1.0000e+01 2.8000e+01 1.1000e+01 5.4260e+03 4.3600e+02 1.2000e+01 2.6000e+01 4.5900e+02 1.9000e+01 8.0000e+00 5.6000e+01 1.4000e+01 2.7900e+02 1.0000e+01 5.0000e+00 1.3700e+02 9.6000e+01 2.9000e+01 5.0000e+00 1.2600e+02 1.5000e+01 5.0000e+00 5.0000e+00 3.9400e+02 1.9000e+01 8.0000e+00 1.1000e+01 1.3900e+02 2.7200e+02 1.4000e+01 5.3000e+01 2.1000e+01 8.0000e+00 2.0000e+01 1.8000e+01 4.3300e+02 5.6800e+02 9.0000e+00
2.6000e+01 8.6000e+01 1.1300e+02 1.7000e+01 7.2700e+02 2.8000e+01 3.4000e+01 4.3000e+01 2.0200e+02 7.9000e+01 4.7000e+01 5.4500e+02 2.8000e+01 4.7980e+03 6.8000e+01 2.7200e+02 9.0000e+01 1.3600e+02 2.4000e+01 2.7600e+02 1.0970e+03 4.4000e+01 4.3000e+01 2.9000e+01 2.3000e+01 2.5000e+01 3.4000e+02 1.7900e+02 3.0610e+03 4.3000e+01 5.1000e+01 1.3000e+01 8.3700e+02 5.6480e+03 3.9300e+02 4.0130e+03 1.0000e+01 4.2000e+01 1.9300e+02 1.0300e+02 7.4000e+01 3.2000e+01 8.0000e+00 1.4000e+01 2.8000e+01 1.8300e+02 7.7000e+01 2.5000e+01 4.6470e+03 8.2100e+02
1.7000e+01 5.3600e+03 1.6000e+01 5.5590e+03 1.5300e+02 3.6000e+01 1.0000e+01 1.3000e+01 2.3000e+01 5.0000e+01 7.0000e+01 9.0000e+00 1.4500e+02 1.5900e+02 4.9000e+01 4.6000e+01 1.5000e+01 5.9000e+01 4.4000e+02 2.4200e+02 7.0000e+00 1.3000e+01 6.3100e+02 4.9000e+01 9.7000e+01 1.0000e+01 6.0000e+00 6.8000e+01 3.1100e+02 1.6740e+03 1.0000e+01 9.0000e+00 1.5800e+02 1.1000e+01 1.1000e+01 6.8000e+01 4.7720e+03 8.3000e+01 2.7000e+01 6.3000e+01 7.7000e+01 4.2000e+01 1.1000e+01 5.1790e+03 1.1200e+02 8.4000e+01 4.2350e+03 5.0000e+00 3.8000e+01 6.0000e+00
7.8000e+01 1.1000e+01 6.3000e+02 1.0000e+01 1.3000e+01 5.7080e+03 2.2000e+01 1.2000e+01 1.1000e+01 5.3200e+02 1.0300e+02 5.2440e+03 1.4000e+01 7.1000e+01 1.2000e+01 4.2000e+01 9.3000e+01 3.2900e+02 3.2800e+02 6.0100e+02 4.4030e+03 3.7000e+01 8.0000e+01 2.6000e+01 1.2800e+02 5.6890e+03 1.7210e+03 1.4400e+02 9.3000e+01 4.9100e+02 1.8000e+01 1.4100e+02 1.5000e+01 6.3000e+01 5.9000e+01 2.2000e+01 1.6000e+01 4.7000e+01 4.7600e+02 1.1000e+01 1.5400e+02 7.7000e+01 4.1000e+01 2.7000e+01 8.9000e+01 4.3000e+01 2.8900e+02 1.9500e+02 1.3400e+02 2.0500e+02
