8.4615e-01 5.2000e-01 9.0476e-01 7.0492e-01 5.2381e-01 0.0000e+00 5.7143e-01 3.0000e-01 9.8097e-01 1.0000e+00 1.0000e+00 1.0000e+00 5.4167e-01 8.9623e-01 7.2289e-01 4.1667e-01 7.7143e-01 4.2000e-01 6.4438e-01 3.5714e-01 2.8571e-01 9.6957e-01 9.3759e-01 9.9462e-01 5.1613e-01 9.4737e-01 7.2727e-01 3.3333e-01 2.8571e-01 8.8876e-01 8.2353e-01 4.2857e-01 8.9452e-01 1.0000e+00 4.0000e-01 4.0000e-01 8.8682e-01 5.1613e-01 6.3636e-01 9.2274e-01 9.2589e-01 2.5000e-01 9.1667e-01 9.8592e-01 1.8182e-01 4.5000e-01 0.0000e+00 5.2941e-01 3.8095e-01 6.6667e-01
1.0714e-01 3.4266e-01 5.4473e-01 4.3478e-02 1.5385e-01 2.7273e-01 1.0714e-01 4.7046e-01 2.1053e-01 4.4112e-01 1.7500e-01 2.4528e-01 2.7059e-01 0.0000e+00 5.4061e-01 8.6957e-02 1.9643e-01 3.9333e-01 3.8527e-01 1.9580e-01 3.4043e-01 4.6908e-01 3.5678e-01 1.1429e-01 3.9881e-01 3.8211e-01 0.0000e+00 2.0000e-01 4.4571e-01 1.7241e-01 3.2895e-01 5.1494e-01 6.2500e-02 8.6957e-02 3.4444e-01 5.0000e-01 1.1111e-01 1.2821e-01 2.2951e-01 2.1875e-01 0.0000e+00 0.0000e+00 5.7282e-01 4.1888e-01 1.6667e-01 3.1250e-01 3.2258e-02 0.0000e+00 6.4516e-02 4.9879e-01
8.9516e-01 4.8387e-01 9.9225e-01 2.8571e-01 1.1111e-01 4.2857e-01 1.0000e+00 5.8974e-01 0.0000e+00 2.3077e-01 9.4191e-01 0.0000e+00 1.0000e-01 0.0000e+00 4.5833e-01 0.0000e+00 2.9412e-01 2.5000e-01 4.9593e-01 4.5536e-01 3.0000e-01 0.0000e+00 6.2963e-01 1.0000e-01 7.0968e-01 3.8462e-01 8.4615e-01 2.2222e-01 9.1142e-01 3.0000e-01 3.0000e-01 1.0000e+00 8.1744e-01 1.4286e-01 0.0000e+00 5.0000e-01 2.1429e-01 7.1250e-01 3.1250e-01 8.1567e-01 1.0000e-01 2.1429e-01 0.0000e+00 4.6429e-01 4.5161e-01 5.1613e-01 0.0000e+00 9.8103e-01 4.5714e-01 8.9855e-01
4.2500e-01 3.2258e-01 0.0000e+00 3.0769e-01 1.3333e-01 5.4430e-01 1.8750e-01 1.4286e-01 1.2500e-01 3.2258e-01 4.1860e-01 5.7778e-01 2.8571e-01 4.8193e-01 0.0000e+00 5.5556e-02 7.1429e-02 3.3333e-01 3.9735e-01 5.1305e-01 7.1781e-01 4.7222e-01 4.6575e-01 5.9067e-01 7.1634e-01 6.6864e-01 7.8088e-01 6.4875e-01 5.5056e-01 4.5918e-01 8.4496e-01 5.4545e-01 4.1791e-01 7.2535e-01 7.0435e-01 6.2842e-01 2.8571e-01 4.4615e-01 7.5055e-01 1.9048e-01 3.5000e-01 5.0485e-01 2.8571e-01 1.7647e-01 5.7062e-01 7.7689e-01 5.9225e-01 4.4444e-01 5.7480e-01 5.4545e-01
4.7222e-01 5.6757e-01 6.7257e-01 4.1379e-01 5.1020e-01 6.0274e-01 4.8571e-01 7.7126e-01 8.3333e-02 5.0000e-01 6.9231e-01 5.8621e-01 8.1148e-01 2.2222e-01 4.3750e-01 4.0000e-01 7.9658e-01 4.7826e-01 3.2759e-01 5.8444e-01 5.4545e-01 5.4795e-01 3.5714e-01 3.8710e-01 3.6667e-01 3.6842e-01 9.1085e-01 4.0000e-01 8.1134e-01 2.3810e-01 4.8276e-01 7.2581e-01 4.4444e-01 3.3333e-01 9.1853e-01 7.2650e-01 6.8327e-01 5.8716e-01 6.3846e-01 4.9123e-01 5.7143e-01 6.6795e-01 2.6667e-01 4.0000e-01 3.3333e-01 3.9286e-01 6.5157e-01 4.0000e-01 6.6238e-01 8.6804e-01
1.0000e+00 1.0000e+00 1.0000e+00 9.7619e-01 8.8889e-01 6.8750e-01 7.8571e-01 9.0000e-01 7.5248e-01 1.0000e+00 1.0000e+00 7.5000e-01 9.4928e-01 8.2911e-01 3.3333e-01 0.0000e+00 6.6071e-01 1.7647e-01 7.1883e-01 0.0000e+00 1.0000e+00 9.9787e-01 9.9597e-01 9.8997e-01 1.0000e+00 8.7500e-01 1.0000e+00 4.7500e-01 8.0000e-01 1.0000e-01 1.0000e+00 1.0000e+00 4.6429e-01 8.7500e-01 1.0000e+00 1.0000e+00 8.6503e-01 9.6333e-01 8.4615e-01 9.9534e-01 9.4403e-01 9.5701e-01 1.0000e+00 1.0000e+00 9.9109e-01 6.7308e-01 3.3333e-01 8.7500e-01 5.7778e-01 1.4286e-01
9.7291e-01 1.8182e-01 7.4757e-01 7.4167e-01 9.2131e-01 2.5000e-01 9.7204e-01 9.6674e-01 1.0000e-01 9.0821e-01 3.6842e-01 3.0000e-01 1.0000e-01 4.2857e-01 1.8182e-01 7.4935e-01 7.9358e-01 0.0000e+00 2.3077e-01 5.7734e-01 8.4211e-01 0.0000e+00 5.7143e-01 2.1429e-01 7.6344e-01 3.0000e-01 0.0000e+00 6.0584e-01 7.2917e-01 3.7931e-01 0.0000e+00 7.6984e-01 2.0000e-01 0.0000e+00 0.0000e+00 8.5279e-01 3.1579e-01 0.0000e+00 1.8182e-01 6.9784e-01 7.5735e-01 2.1429e-01 9.4340e-01 3.8095e-01 0.0000e+00 4.0000e-01 2.2222e-01 9.6998e-01 7.7641e-01 1.1111e-01
3.8462e-01 5.5814e-01 6.3717e-01 2.3529e-01 7.4828e-01 3.9286e-01 4.4118e-01 4.8837e-01 6.3861e-01 5.4430e-01 4.8936e-01 7.8532e-01 3.2143e-01 7.7241e-01 5.4412e-01 5.3309e-01 5.3333e-01 4.2647e-01 1.2500e-01 4.8551e-01 8.2315e-01 4.3182e-01 4.1860e-01 3.4483e-01 2.6087e-01 4.0000e-01 7.8529e-01 5.3073e-01 8.2620e-01 3.7209e-01 5.6863e-01 1.5385e-01 6.8100e-01 8.9147e-01 7.9389e-01 8.2382e-01 0.0000e+00 4.0476e-01 6.4767e-01 5.5340e-01 5.0000e-01 3.4375e-01 0.0000e+00 1.4286e-01 3.2143e-01 6.6667e-01 4.4156e-01 3.6000e-01 7.4026e-01 7.9172e-01
7.6471e-01 9.1810e-01 6.8750e-01 9.4747e-01 7.5817e-01 9.4444e-01 3.0000e-01 4.6154e-01 3.9130e-01 5.8000e-01 6.7143e-01 5.5556e-01 7.2414e-01 7.2327e-01 6.1224e-01 4.1304e-01 2.6667e-01 4.0678e-01 6.1136e-01 5.3719e-01 5.7143e-01 2.3077e-01 8.2092e-01 5.7143e-01 6.5979e-01 9.0000e-01 6.6667e-01 5.1471e-01 8.5209e-01 8.0765e-01 8.0000e-01 7.7778e-01 6.7722e-01 7.2727e-01 8.1818e-01 6.7647e-01 8.8768e-01 6.3855e-01 4.4444e-01 6.0317e-01 6.2338e-01 5.2381e-01 7.2727e-01 9.1890e-01 6.7857e-01 7.0238e-01 7.9835e-01 0.0000e+00 4.7368e-01 1.0000e+00
5.3846e-01 0.0000e+00 7.3175e-01 0.0000e+00 7.6923e-02 7.9502e-01 2.7273e-01 8.3333e-02 0.0000e+00 6.7481e-01 5.6311e-01 8.1178e-01 7.1429e-02 4.6479e-01 8.3333e-02 2.6190e-01 4.9462e-01 4.6809e-01 4.6646e-01 4.7587e-01 8.1513e-01 3.5135e-01 4.7500e-01 2.6923e-01 5.3906e-01 8.3055e-01 8.1232e-01 4.7222e-01 5.5914e-01 6.0489e-01 2.7778e-01 6.1702e-01 6.6667e-02 5.5556e-01 5.4237e-01 2.7273e-01 1.2500e-01 3.8298e-01 6.7017e-01 0.0000e+00 5.5195e-01 4.6753e-01 4.6341e-01 2.9630e-01 4.9438e-01 4.1860e-01 5.4325e-01 6.5128e-01 5.1493e-01 6.5366e-01
