1.0000e+00 1.0000e+00 6.0560e+03 1.0000e+00 1.0000e+00 2.0000e+00 1.0000e+00 5.9900e+03 6.0480e+03 1.0000e+00 1.0000e+00 3.0000e+00 6.0000e+00 2.0000e+00 1.0000e+00 1.0000e+00 1.0000e+00 2.0000e+00 1.0000e+00 1.0000e+00 1.0000e+00 1.0000e+00 1.0000e+00 9.0000e+00 1.0000e+00 4.0000e+00 6.0540e+03 5.9150e+03 1.0000e+00 1.0000e+00 6.0030e+03 1.0000e+00 2.0000e+00 6.0000e+00 2.0000e+00 1.0000e+00 1.0000e+00 1.0000e+00 0.0000e+00 5.9200e+03 6.0000e+00 1.0000e+00 1.0000e+00 1.0000e+00 0.0000e+00 1.0000e+00 3.0000e+00 3.0000e+00 9.0000e+00 1.0000e+00
7.5000e+01 1.0000e+00 1.0000e+00 1.0000e+00 5.9000e+03 1.0000e+00 2.1000e+01 1.0000e+00 1.0000e+00 1.0000e+00 1.0000e+00 1.0000e+00 1.0000e+00 1.0000e+00 1.0000e+00 2.0000e+00 1.0000e+00 1.0000e+00 1.0000e+00 1.0000e+00 1.0000e+00 1.3000e+02 5.8920e+03 1.0000e+00 1.0000e+00 1.0000e+00 1.0000e+00 1.0000e+00 5.9520e+03 1.6000e+01 1.0000e+00 1.0000e+00 1.0000e+00 1.0000e+00 1.0000e+00 1.0000e+00 1.0000e+00 2.0000e+00 1.0000e+00 1.0000e+00 1.0000e+00 1.0000e+00 1.0000e+00 1.0000e+00 6.0260e+03 1.0000e+00 1.0000e+00 1.0000e+00 1.0000e+00 1.0000e+00
1.0000e+00 1.0000e+00 5.0000e+00 1.0000e+00 1.0000e+00 1.6640e+03 1.0000e+00 1.0000e+00 7.0000e+00 4.0740e+03 6.0090e+03 1.0000e+00 1.0000e+00 5.9700e+03 3.0000e+00 1.0000e+00 1.0000e+00 1.0000e+00 1.0000e+00 3.0000e+00 1.0000e+00 7.0000e+00 3.0000e+00 1.0000e+00 5.9760e+03 2.0000e+00 2.0000e+00 1.0000e+00 1.3000e+01 1.0000e+00 1.0000e+00 2.4000e+01 1.0000e+00 5.9940e+03 3.0000e+00 4.0000e+00 2.0000e+00 2.0000e+00 0.0000e+00 1.0000e+00 6.1510e+03 1.0000e+00 4.0000e+00 3.0000e+00 0.0000e+00 1.0000e+00 1.0000e+00 1.0000e+00 1.0000e+00 1.0000e+00
2.0000e+01 7.0000e+00 0.0000e+00 1.0000e+00 1.0000e+00 6.0000e+00 5.8470e+03 3.0000e+00 6.0000e+00 1.9040e+03 2.0000e+00 5.8620e+03 1.0000e+00 0.0000e+00 1.0000e+00 0.0000e+00 1.0000e+00 2.0000e+00 5.8680e+03 1.0000e+00 4.0000e+00 5.8180e+03 1.0000e+00 0.0000e+00 1.0000e+00 2.0000e+00 2.0000e+00 1.0000e+00 3.0000e+00 1.3000e+01 1.0000e+00 6.0150e+03 6.0000e+00 1.0000e+00 0.0000e+00 1.0000e+00 4.0000e+00 1.0000e+00 0.0000e+00 1.0000e+00 3.0000e+00 5.4480e+03 0.0000e+00 5.9270e+03 0.0000e+00 6.0000e+00 1.1400e+02 3.0000e+00 6.0230e+03 3.0000e+00
1.0000e+00 6.6000e+01 1.0000e+00 1.0000e+00 1.0000e+00 1.0000e+00 1.0000e+00 1.0000e+00 1.0000e+00 1.0000e+00 1.0000e+00 4.0000e+00 1.0000e+00 1.0000e+00 1.0000e+00 1.0000e+00 6.0660e+03 1.0000e+00 1.0000e+00 8.0000e+00 6.0260e+03 1.0000e+00 1.0000e+00 3.0000e+00 1.0000e+00 1.0000e+00 1.0000e+00 1.0000e+00 3.0000e+00 1.0000e+00 1.0000e+00 1.0000e+00 1.0000e+00 1.0000e+00 7.0000e+00 1.0000e+00 1.0000e+00 1.0000e+00 6.0260e+03 1.0000e+00 1.0000e+00 1.0000e+00 1.0000e+00 1.0000e+00 1.0000e+00 1.0000e+00 1.0000e+00 6.0400e+03 1.0000e+00 1.0000e+00
5.0000e+00 4.0000e+00 1.0000e+00 3.0000e+00 1.0000e+00 4.2700e+03 1.0000e+00 1.0000e+00 1.0000e+00 1.0000e+00 1.0000e+00 1.8000e+01 1.0000e+00 1.0000e+00 3.0000e+00 5.0000e+00 1.0000e+00 1.0000e+00 4.0000e+00 1.0000e+00 1.0000e+00 1.0000e+00 1.0000e+00 1.0000e+00 3.0000e+00 1.0000e+00 1.0000e+00 1.0000e+00 1.0000e+00 6.0630e+03 1.0000e+00 1.0000e+00 1.0000e+00 1.0000e+00 2.0000e+00 1.0000e+00 1.0000e+00 5.8850e+03 1.0000e+00 1.0000e+00 1.0000e+00 5.5300e+02 6.0950e+03 1.0000e+00 1.0000e+00 1.0000e+00 1.0000e+00 1.0000e+00 3.0000e+00 1.0000e+00
1.0000e+00 1.0000e+00 1.0000e+00 1.9000e+01 1.0000e+00 1.0000e+00 1.0000e+00 1.0000e+00 1.0000e+00 1.0000e+00 1.0000e+00 1.0000e+00 1.0000e+00 1.0000e+00 1.0000e+00 5.9720e+03 1.0000e+00 1.0000e+00 1.0000e+00 1.0000e+00 1.0000e+00 1.0000e+00 1.0000e+00 1.0000e+00 1.0000e+00 1.0000e+00 1.0000e+00 1.0000e+00 1.0000e+00 1.0000e+00 1.0000e+00 1.0000e+00 1.0000e+00 1.0000e+00 1.0000e+00 1.0000e+00 1.0000e+00 1.0000e+00 6.0000e+00 1.0000e+00 1.0000e+00 1.0000e+00 1.0000e+00 1.0000e+00 1.0000e+00 1.0000e+00 1.0000e+00 1.0000e+00 1.0000e+00 1.0000e+00
5.9230e+03 5.7300e+03 2.0000e+00 1.1000e+01 1.0000e+00 2.0000e+00 1.0000e+00 4.0000e+00 6.0000e+00 1.0000e+00 1.0000e+00 1.0000e+00 1.0000e+00 1.0000e+00 1.0000e+00 4.0000e+00 1.0000e+00 6.0330e+03 1.0000e+00 1.0000e+00 1.7000e+01 2.0000e+00 1.0000e+00 6.0770e+03 1.0000e+00 5.9090e+03 1.0000e+00 1.0000e+00 2.0000e+00 1.0000e+00 2.0000e+00 1.0000e+00 1.0000e+00 1.0000e+00 2.0000e+00 2.0000e+00 2.0000e+00 2.0000e+00 1.0000e+00 1.0000e+00 2.0000e+00 1.0000e+00 1.0000e+00 5.0000e+00 2.0000e+00 6.0080e+03 3.5000e+01 8.0000e+00 1.0000e+00 1.7000e+01
1.0000e+00 1.0000e+00 1.0000e+00 5.8590e+03 1.0000e+00 1.0000e+00 1.0000e+00 1.0000e+00 1.0000e+00 1.0000e+00 1.0000e+00 1.0000e+00 1.0000e+00 1.0000e+00 1.0000e+00 1.4000e+01 1.0000e+00 3.0000e+00 1.0000e+00 1.0000e+00 1.0000e+00 1.0000e+00 1.0000e+00 3.0000e+00 3.0000e+00 1.0000e+00 1.0000e+00 1.0000e+00 1.0000e+00 1.0000e+00 1.0000e+00 1.0000e+00 1.0000e+00 1.0000e+00 5.8670e+03 1.0000e+00 1.0000e+00 2.0000e+00 1.0000e+00 1.0000e+00 1.0000e+00 1.0000e+00 5.0000e+00 1.0000e+00 1.0000e+00 1.0000e+00 1.0000e+00 1.0000e+00 1.0000e+00 6.0630e+03
2.0000e+00 3.0000e+00 0.0000e+00 1.0000e+00 2.0000e+00 2.0000e+00 1.0000e+00 1.1100e+02 3.0000e+00 1.0000e+00 8.0000e+00 1.6000e+01 6.0040e+03 5.0000e+00 6.0400e+03 0.0000e+00 1.0000e+00 5.0000e+00 1.0000e+00 5.9920e+03 4.0000e+00 2.0000e+00 1.0000e+00 0.0000e+00 3.0000e+00 1.0000e+00 2.0000e+00 1.0000e+00 2.0000e+00 1.0000e+00 1.0000e+00 1.0000e+00 5.8970e+03 6.8000e+01 1.0000e+00 5.9090e+03 5.9830e+03 1.0000e+00 0.0000e+00 1.0000e+00 2.0000e+00 1.0000e+00 0.0000e+00 1.0000e+00 0.0000e+00 4.0000e+00 5.9170e+03 1.0000e+00 5.0000e+00 2.0000e+00
