1.2000e+01 7.0000e+00 1.9000e+01 1.4000e+01 1.1000e+01 7.3000e+01 7.2700e+02 1.1000e+01 1.8000e+01 8.0000e+00 3.8000e+01 1.1000e+01 8.0000e+00 1.3000e+01 1.0000e+01 2.6000e+01 1.5000e+01 9.0000e+00 7.0000e+00 1.2000e+01 1.0000e+01 1.4000e+01 1.5000e+01 7.0000e+00 7.0000e+00 1.5000e+01 3.1000e+01 7.0000e+00 1.8000e+01 2.4000e+01 1.0000e+01 1.8000e+01 1.0000e+01 1.5000e+01 1.5000e+01 1.5000e+01 7.0000e+00 3.3000e+01 6.2500e+02 5.7000e+01 9.0000e+00 9.0000e+00 4.6000e+01 1.7000e+01 3.0000e+01 7.0000e+00 2.5000e+01 1.7000e+01 1.0000e+01 9.0000e+00
1.1000e+01 7.0000e+00 7.0000e+00 5.9000e+01 2.8000e+01 9.5000e+01 1.0000e+01 1.1000e+01 1.8000e+01 2.7000e+01 1.4000e+01 5.7000e+01 1.3000e+01 7.0000e+00 7.0000e+00 6.7000e+01 7.3000e+01 1.0000e+01 7.0000e+00 1.4000e+01 1.4000e+02 2.3000e+01 8.0000e+00 1.1000e+01 1.3000e+01 1.0000e+01 1.5000e+01 1.5000e+01 1.9000e+01 1.2600e+02 9.0000e+00 5.7200e+02 2.1000e+01 7.0000e+00 6.0320e+03 1.2000e+01 7.0000e+00 5.7000e+01 5.3420e+03 1.2000e+01 9.0000e+00 7.0000e+00 1.7200e+02 3.0000e+01 2.5200e+02 1.6000e+01 9.0000e+00 1.0000e+01 1.2000e+01 1.2000e+01
9.0000e+00 7.0000e+00 7.0000e+00 1.4000e+01 1.1000e+01 1.8000e+01 2.2000e+01 7.0000e+00 9.0000e+00 1.6000e+01 9.0000e+00 7.0000e+00 8.0000e+00 7.0000e+00 7.0000e+00 2.9000e+01 1.1000e+01 1.0000e+01 7.0000e+00 7.0000e+00 1.9000e+01 2.9000e+01 1.5000e+01 2.1000e+01 1.1000e+01 1.0000e+01 7.0000e+00 7.0000e+00 1.0000e+01 1.0500e+02 1.0000e+01 9.0000e+00 8.0000e+00 1.4000e+01 0.0000e+00 1.7000e+01 9.0000e+00 3.1000e+01 0.0000e+00 1.3000e+01 1.0000e+01 7.0000e+00 4.0000e+01 9.0000e+00 7.0000e+00 9.0000e+00 1.0000e+01 1.0000e+01 1.2000e+01 1.4000e+01
1.4000e+01 9.0000e+00 7.0000e+00 1.5000e+01 1.0000e+01 7.0000e+00 3.0000e+01 9.0000e+00 7.0000e+00 1.0000e+01 7.0000e+00 7.0000e+00 8.0000e+00 1.1000e+01 1.0000e+01 1.4000e+01 9.0000e+00 7.0000e+00 7.0000e+00 7.0000e+00 9.0000e+00 7.0000e+00 1.8000e+01 9.0000e+00 1.1000e+01 7.0000e+00 1.0000e+01 7.0000e+00 1.0000e+01 4.0000e+01 1.2000e+01 7.0000e+00 8.0000e+00 9.0000e+00 0.0000e+00 1.0000e+01 7.0000e+00 7.0000e+00 0.0000e+00 1.5000e+01 7.0000e+00 7.0000e+00 2.1000e+01 7.0000e+00 7.0000e+00 1.1000e+01 9.0000e+00 1.4000e+01 7.0000e+00 1.0000e+01
1.8000e+01 9.0000e+00 9.0000e+00 1.2000e+01 1.0000e+01 1.5000e+01 5.2370e+03 1.3000e+01 7.0000e+00 1.7000e+01 1.5000e+01 1.4000e+01 8.0000e+00 1.1000e+01 2.1000e+01 1.0000e+01 9.0000e+00 1.0000e+01 1.0000e+01 9.0000e+00 7.0000e+00 9.0000e+00 1.2000e+01 7.0000e+00 7.0000e+00 1.7000e+01 1.2000e+01 1.0000e+01 4.5300e+02 2.5000e+01 7.0000e+00 1.2000e+01 1.0000e+01 9.0000e+00 0.0000e+00 1.0000e+01 9.0000e+00 1.2000e+01 0.0000e+00 1.3000e+01 7.0000e+00 1.4000e+01 4.5000e+01 1.3000e+01 1.0000e+01 2.5000e+01 2.1000e+01 1.0000e+01 9.0000e+00 1.0000e+01
1.7000e+01 1.0000e+01 9.0000e+00 1.2000e+01 1.1000e+01 1.5000e+01 0.0000e+00 7.0000e+00 1.0000e+01 1.0000e+01 1.7000e+01 1.2000e+01 1.0000e+01 7.0000e+00 9.0000e+00 2.6000e+01 1.1000e+01 7.0000e+00 7.0000e+00 7.0000e+00 7.0000e+00 1.1000e+01 8.0000e+00 1.5000e+01 7.0000e+00 1.0000e+01 7.0000e+00 9.0000e+00 8.0000e+00 9.0000e+00 1.7000e+01 9.0000e+00 8.0000e+00 7.0000e+00 0.0000e+00 1.2000e+01 7.0000e+00 9.0000e+00 0.0000e+00 4.4900e+02 7.0000e+00 9.0000e+00 1.2000e+01 1.4000e+01 1.0000e+01 1.3000e+01 1.2000e+01 1.9000e+01 9.0000e+00 7.0000e+00
4.3000e+01 1.0000e+01 1.1000e+01 8.0000e+00 1.0000e+01 1.2000e+01 0.0000e+00 7.0000e+00 7.0000e+00 8.0000e+00 1.8000e+01 7.0000e+00 8.0000e+00 1.1000e+01 7.0000e+00 7.0000e+00 9.0000e+00 7.0000e+00 7.0000e+00 7.0000e+00 7.0000e+00 7.0000e+00 1.0000e+01 9.0000e+00 7.0000e+00 7.0000e+00 7.0000e+00 7.0000e+00 8.0000e+00 2.4000e+01 7.0000e+00 7.0000e+00 8.0000e+00 7.0000e+00 0.0000e+00 9.0000e+00 7.0000e+00 1.0000e+01 0.0000e+00 1.0000e+01 7.0000e+00 7.0000e+00 9.0000e+00 7.0000e+00 7.0000e+00 4.0000e+01 9.0000e+00 1.0000e+01 7.0000e+00 9.0000e+00
7.0000e+00 7.0000e+00 1.2000e+01 1.4000e+01 1.0000e+01 9.0000e+00 0.0000e+00 9.0000e+00 7.0000e+00 8.0000e+00 1.4000e+01 1.2000e+01 8.0000e+00 9.0000e+00 7.0000e+00 9.0000e+00 1.1000e+01 1.2000e+01 7.0000e+00 7.0000e+00 9.0000e+00 7.0000e+00 1.3000e+01 7.0000e+00 7.0000e+00 7.0000e+00 7.0000e+00 7.0000e+00 8.0000e+00 1.4000e+01 7.0000e+00 1.7000e+01 1.0000e+01 7.0000e+00 0.0000e+00 7.0000e+00 7.0000e+00 7.0000e+00 0.0000e+00 1.0000e+01 7.0000e+00 7.0000e+00 7.0000e+00 7.0000e+00 7.0000e+00 7.0000e+00 9.0000e+00 1.2000e+01 7.0000e+00 7.0000e+00
7.0000e+00 7.0000e+00 1.1000e+01 1.0000e+01 2.0000e+01 7.0000e+00 0.0000e+00 1.6000e+01 2.1000e+01 1.2000e+01 7.0000e+00 7.0000e+00 8.0000e+00 9.0000e+00 9.0000e+00 3.0000e+01 1.3000e+01 9.0000e+00 1.2000e+01 7.0000e+00 9.0000e+00 1.3000e+01 8.0000e+00 1.6000e+01 9.0000e+00 1.0000e+01 7.0000e+00 9.0000e+00 1.6000e+01 1.4000e+01 9.0000e+00 1.2000e+01 8.0000e+00 1.0000e+01 0.0000e+00 1.0000e+01 7.0000e+00 9.0000e+00 0.0000e+00 1.2000e+01 7.0000e+00 1.1000e+01 1.1000e+01 9.0000e+00 4.0000e+01 7.0000e+00 7.0000e+00 1.0000e+01 7.0000e+00 7.0000e+00
1.2000e+01 7.0000e+00 7.0000e+00 1.7000e+01 4.1000e+01 1.2000e+01 0.0000e+00 1.7000e+01 7.0000e+00 1.4000e+01 1.7000e+01 7.0000e+00 1.0000e+01 7.0000e+00 1.2000e+01 3.4000e+01 1.3000e+01 1.2000e+01 7.0000e+00 1.8000e+01 7.0000e+00 1.9000e+01 1.2000e+01 1.1000e+01 7.0000e+00 1.0000e+01 9.0000e+00 7.0000e+00 1.0000e+01 1.2000e+01 9.0000e+00 1.5000e+01 1.3000e+01 7.0000e+00 0.0000e+00 1.0000e+01 7.0000e+00 2.5000e+01 0.0000e+00 8.0000e+00 1.0000e+01 9.0000e+00 2.3000e+01 1.1000e+01 9.0000e+00 7.0000e+00 1.4000e+01 1.2000e+01 1.4000e+01 7.0000e+00
6.5900e+02 7.0000e+00 1.2000e+01 2.5900e+02 1.5000e+01 9.0000e+00 0.0000e+00 1.1000e+01 1.0000e+01 1.0000e+01 1.2000e+01 1.4000e+01 8.0000e+00 1.4000e+01 6.7800e+02 6.7000e+01 1.5000e+01 2.9000e+01 3.8000e+01 7.0000e+00 5.7000e+01 2.5500e+02 4.6000e+01 6.3100e+02 2.3000e+01 1.2000e+01 7.3000e+01 1.5000e+01 8.0000e+00 1.2000e+01 1.2800e+02 9.7000e+01 3.2000e+01 4.0000e+01 0.0000e+00 5.6000e+01 7.0000e+00 4.4000e+01 0.0000e+00 5.2500e+02 7.0000e+00 2.7000e+02 4.1000e+01 9.9000e+01 3.8000e+01 3.4000e+01 2.4000e+01 8.3000e+01 2.9000e+01 9.0000e+00
1.2000e+01 1.0000e+01 7.0000e+00 8.0000e+00 1.5000e+01 4.4000e+01 0.0000e+00 1.4000e+01 7.0000e+00 1.0000e+01 1.8000e+01 1.2000e+01 8.0000e+00 7.0000e+00 1.0000e+01 5.1000e+01 9.0000e+00 7.0000e+00 1.2000e+01 7.0000e+00 1.0000e+01 9.0000e+00 8.0000e+00 9.0000e+00 1.1000e+01 7.0000e+00 2.2000e+01 7.0000e+00 1.9000e+01 1.0000e+01 1.4000e+01 9.0000e+00 8.0000e+00 7.0000e+00 0.0000e+00 1.7000e+01 7.0000e+00 1.8000e+01 0.0000e+00 8.0000e+00 7.0000e+00 1.6000e+01 7.0000e+00 7.0000e+00 7.0000e+00 1.3000e+01 1.0000e+01 9.0000e+00 1.2000e+01 1.2000e+01
1.3300e+02 2.2000e+01 7.0000e+01 2.9000e+01 1.4500e+02 1.2900e+02 0.0000e+00 6.7000e+01 1.5000e+01 1.9600e+02 2.2000e+01 4.0000e+01 5.4000e+01 1.9400e+02 1.8000e+01 1.7000e+01 2.8000e+01 3.3000e+01 9.5000e+01 1.3700e+02 2.9000e+01 1.9000e+01 2.4000e+01 5.7000e+01 3.0800e+02 1.6900e+02 2.6000e+01 5.1000e+01 8.9000e+01 3.9000e+01 1.3600e+02 4.4700e+02 4.9000e+01 2.1000e+01 0.0000e+00 3.3000e+01 1.3500e+02 1.1000e+02 0.0000e+00 1.1900e+02 5.0000e+01 2.7300e+02 2.3000e+01 1.2700e+02 2.1000e+01 9.8000e+01 7.3000e+01 1.8000e+01 3.8000e+01 8.5000e+01
9.0000e+00 7.0000e+00 7.0000e+00 2.9000e+01 1.5000e+01 1.2000e+01 0.0000e+00 1.4000e+01 1.0000e+01 2.0000e+01 9.0000e+00 9.0000e+00 1.0000e+01 1.1000e+01 3.5000e+01 1.4000e+01 1.8000e+01 7.0000e+00 7.0000e+00 1.2000e+01 1.0000e+01 7.3000e+01 8.0000e+00 1.5000e+01 1.1000e+01 1.8000e+01 9.0000e+00 1.2000e+01 1.2000e+01 3.9000e+01 1.0000e+01 1.8000e+01 1.5000e+01 1.4000e+01 0.0000e+00 9.0000e+00 7.0000e+00 1.0700e+02 0.0000e+00 8.4000e+01 7.0000e+00 7.0000e+00 3.2000e+01 9.0000e+00 2.6000e+01 6.1000e+01 1.0000e+01 1.5000e+01 7.0000e+00 7.0000e+00
1.2000e+01 9.0000e+00 1.1000e+01 2.5000e+01 3.5000e+01 1.9000e+01 0.0000e+00 1.3000e+01 1.5000e+01 1.4000e+01 2.1000e+01 7.0000e+00 1.8000e+01 3.6000e+01 9.0000e+00 9.0000e+00 1.1000e+01 9.0000e+00 1.7000e+01 1.5000e+01 9.0000e+00 1.3000e+01 1.0000e+01 1.5000e+01 1.1000e+01 9.0000e+00 1.0000e+01 1.7000e+01 1.0000e+01 1.0000e+01 9.0000e+00 1.2000e+01 2.1000e+01 1.2000e+01 0.0000e+00 1.5000e+01 9.0000e+00 3.4000e+01 0.0000e+00 1.2000e+01 1.0000e+01 1.4000e+01 1.2000e+01 1.3000e+01 5.0000e+01 1.1000e+01 1.9000e+01 1.8000e+01 3.0000e+01 1.7000e+01
7.0000e+00 7.0000e+00 7.0000e+00 8.0000e+00 1.0000e+01 9.0000e+00 0.0000e+00 7.0000e+00 9.0000e+00 8.0000e+00 1.4000e+01 9.0000e+00 8.0000e+00 1.3000e+01 1.5000e+01 1.2000e+01 1.3000e+01 9.0000e+00 1.7000e+01 7.0000e+00 9.0000e+00 1.4000e+01 1.0000e+01 1.1000e+01 7.0000e+00 7.0000e+00 1.2000e+01 7.0000e+00 1.2000e+01 1.0000e+01 7.0000e+00 1.2000e+01 1.0000e+01 5.0000e+01 0.0000e+00 1.7000e+01 7.0000e+00 6.5000e+01 0.0000e+00 1.3000e+01 9.0000e+00 7.0000e+00 4.2000e+01 9.0000e+00 6.6000e+01 7.0000e+00 7.0000e+00 7.4000e+01 9.0000e+00 1.0000e+01
9.0000e+00 9.0000e+00 7.0000e+00 8.0000e+00 1.0000e+01 1.2000e+01 0.0000e+00 7.0000e+00 7.0000e+00 1.2000e+01 3.3000e+01 7.0000e+00 1.1000e+01 7.0000e+00 1.4000e+01 7.0000e+00 9.0000e+00 7.0000e+00 7.0000e+00 7.0000e+00 9.0000e+00 7.0000e+00 8.0000e+00 7.0000e+00 9.0000e+00 9.0000e+00 7.0000e+00 9.0000e+00 1.0000e+01 7.0000e+00 9.0000e+00 7.0000e+00 1.2000e+01 7.0000e+00 0.0000e+00 1.0000e+01 7.0000e+00 7.0000e+00 0.0000e+00 8.0000e+00 7.0000e+00 7.0000e+00 7.0000e+00 7.0000e+00 7.0000e+00 7.0000e+00 1.0000e+01 1.0000e+01 9.0000e+00 1.2000e+01
3.9000e+01 1.9800e+02 9.0000e+00 3.8000e+01 1.5700e+02 1.2000e+01 0.0000e+00 2.5400e+02 2.0000e+01 1.0000e+01 5.3000e+01 1.2000e+01 3.4000e+01 9.0000e+01 1.5000e+01 1.0600e+02 4.0000e+01 7.0000e+00 1.7000e+01 7.0000e+00 7.0000e+00 9.0000e+00 8.0000e+00 7.0000e+00 9.2000e+01 1.7000e+01 9.0000e+00 2.6000e+01 1.0000e+01 9.0000e+00 7.0000e+00 5.1000e+01 8.0000e+00 1.8000e+01 0.0000e+00 7.4000e+01 1.4400e+02 7.0000e+00 0.0000e+00 1.2000e+01 7.0000e+00 7.0000e+00 1.4600e+02 7.0000e+00 5.4890e+03 1.4000e+01 7.0000e+00 1.2400e+02 2.2000e+01 4.0000e+01
7.0000e+00 9.0000e+00 7.0000e+00 1.2000e+01 1.0000e+01 7.0000e+00 0.0000e+00 7.0000e+00 9.0000e+00 8.0000e+00 2.0000e+01 9.0000e+00 8.0000e+00 7.0000e+00 1.0000e+01 2.8000e+01 9.0000e+00 7.0000e+00 7.0000e+00 1.0000e+01 7.0000e+00 7.0000e+00 8.0000e+00 7.0000e+00 9.0000e+00 1.0000e+01 7.0000e+00 9.0000e+00 1.0000e+01 1.7000e+01 7.0000e+00 7.0000e+00 8.0000e+00 7.0000e+00 0.0000e+00 9.0000e+00 7.0000e+00 7.0000e+00 0.0000e+00 1.3000e+01 7.0000e+00 7.0000e+00 1.2000e+01 7.0000e+00 0.0000e+00 1.6000e+01 1.2000e+01 9.0000e+00 9.0000e+00 9.0000e+00
9.0000e+00 7.0000e+00 7.0000e+00 1.2000e+01 1.0000e+01 7.0000e+00 0.0000e+00 7.0000e+00 9.0000e+00 8.0000e+00 1.8000e+01 2.3000e+01 8.0000e+00 7.0000e+00 1.9000e+01 1.2000e+01 9.0000e+00 7.0000e+00 7.0000e+00 7.0000e+00 9.0000e+00 9.0000e+00 8.0000e+00 7.0000e+00 9.0000e+00 7.0000e+00 7.0000e+00 9.0000e+00 1.2000e+01 7.0000e+00 7.0000e+00 7.0000e+00 8.0000e+00 9.0000e+00 0.0000e+00 7.0000e+00 7.0000e+00 7.0000e+00 0.0000e+00 1.0000e+01 7.0000e+00 7.0000e+00 1.1000e+01 7.0000e+00 0.0000e+00 7.0000e+00 9.0000e+00 1.0000e+01 7.0000e+00 7.0000e+00
2.2000e+01 7.0000e+00 7.0000e+00 1.0000e+01 8.0000e+00 5.5000e+01 0.0000e+00 1.3000e+01 7.0000e+00 8.0000e+00 2.8000e+01 7.0000e+00 8.0000e+00 9.0000e+00 7.0000e+00 1.8200e+02 9.0000e+00 1.0000e+01 1.0000e+01 1.0000e+01 1.2000e+01 9.0000e+00 1.0000e+01 7.0000e+00 1.3000e+01 1.5000e+01 7.0000e+00 9.0000e+00 1.2000e+01 9.0000e+00 1.0000e+01 1.2000e+01 8.0000e+00 7.0000e+00 0.0000e+00 2.2000e+01 9.0000e+00 1.7000e+01 0.0000e+00 1.0000e+01 1.4000e+01 7.0000e+00 1.2000e+01 2.9000e+01 0.0000e+00 9.0000e+00 1.8000e+01 7.0000e+00 7.0000e+00 1.4000e+02
2.0000e+01 7.0000e+00 9.0000e+00 1.8000e+01 5.0000e+01 9.0000e+00 0.0000e+00 7.0000e+00 1.0000e+01 8.0000e+00 7.0000e+00 9.0000e+00 8.0000e+00 7.0000e+00 9.0000e+00 1.5000e+01 1.3000e+01 1.4000e+01 9.0000e+00 9.0000e+00 7.0000e+00 1.4000e+01 8.0000e+00 1.8000e+01 7.0000e+00 7.0000e+00 1.9000e+01 7.0000e+00 8.0000e+00 1.0000e+01 7.0000e+00 1.2000e+01 1.2000e+01 5.6970e+03 0.0000e+00 1.7000e+01 9.0000e+00 6.7000e+01 0.0000e+00 1.3000e+01 1.5000e+01 7.0000e+00 3.5000e+01 9.0000e+00 0.0000e+00 7.0000e+00 1.4000e+01 1.7000e+01 1.0000e+01 7.0000e+00
1.4000e+01 7.0000e+00 1.7000e+01 3.0000e+01 3.4000e+01 1.7000e+01 0.0000e+00 1.3000e+01 1.0000e+01 1.6000e+01 7.0000e+00 1.8000e+01 1.1000e+01 1.4000e+01 1.9000e+01 2.9000e+01 6.2000e+01 1.5000e+01 7.0000e+00 1.5000e+01 7.0000e+00 1.9000e+01 3.4000e+01 4.3000e+01 9.0000e+00 2.2000e+01 1.8000e+01 1.4000e+01 4.2000e+01 3.0000e+01 1.5000e+01 1.6900e+02 5.2000e+01 0.0000e+00 0.0000e+00 1.5000e+01 1.4000e+01 8.3000e+01 0.0000e+00 4.1000e+01 1.2000e+01 9.0000e+00 2.5000e+01 7.0000e+00 0.0000e+00 1.3000e+01 9.0000e+00 1.0000e+01 1.2000e+01 7.0000e+00
7.0000e+00 7.0000e+00 7.0000e+00 1.0000e+01 8.0000e+00 2.9000e+01 0.0000e+00 1.1000e+01 1.8000e+01 8.0000e+00 2.9000e+01 7.0000e+00 8.0000e+00 1.1000e+01 3.5000e+01 7.0000e+00 3.9000e+01 7.0000e+00 1.0000e+01 3.1000e+01 2.2000e+01 1.1500e+02 3.4000e+01 9.0000e+00 7.0000e+00 1.0400e+02 2.5000e+01 1.5000e+01 8.0000e+00 1.5000e+01 2.2000e+01 9.0000e+00 1.0000e+01 0.0000e+00 0.0000e+00 1.1900e+02 7.0000e+00 9.0000e+00 0.0000e+00 8.0000e+00 7.0000e+00 7.0000e+00 9.0000e+00 7.0000e+00 0.0000e+00 1.1000e+01 7.1000e+01 1.5000e+01 1.9000e+01 7.0000e+00
7.0000e+00 9.0000e+00 7.0000e+00 1.4000e+01 3.1000e+01 7.0000e+00 0.0000e+00 7.0000e+00 7.0000e+00 1.0000e+01 7.0000e+00 1.2000e+01 8.0000e+00 1.4000e+01 2.8000e+01 1.2000e+01 1.1000e+01 7.0000e+00 7.0000e+00 7.0000e+00 1.2000e+01 1.1000e+01 8.0000e+00 1.5000e+01 7.0000e+00 1.4000e+01 1.2000e+01 5.5000e+01 8.0000e+00 7.0000e+00 7.0000e+00 1.0000e+01 1.0000e+01 0.0000e+00 0.0000e+00 1.7000e+01 7.0000e+00 5.2030e+03 0.0000e+00 8.0000e+00 1.0000e+01 9.0000e+00 1.5000e+01 9.0000e+00 0.0000e+00 1.3000e+01 9.0000e+00 7.0000e+00 1.0000e+01 7.0000e+00
9.0000e+01 1.0000e+01 7.0000e+00 1.0600e+02 1.4500e+02 9.0000e+01 0.0000e+00 1.1000e+01 1.0000e+01 1.4900e+02 1.0000e+01 4.1000e+01 1.0000e+01 9.0000e+00 3.1000e+01 4.1000e+01 1.8000e+01 1.4000e+01 9.0000e+00 2.1000e+01 7.0000e+00 1.1000e+01 1.3000e+01 6.4000e+01 2.6000e+01 1.9000e+01 1.7000e+01 1.4000e+01 1.2000e+01 2.1000e+01 7.0000e+00 9.0000e+00 1.3000e+01 0.0000e+00 0.0000e+00 2.9000e+01 9.0000e+00 0.0000e+00 0.0000e+00 1.6700e+02 9.0000e+00 9.0000e+00 1.4400e+02 1.4000e+01 0.0000e+00 5.4000e+01 9.0000e+00 7.6000e+01 2.6000e+01 1.2000e+01
1.1000e+01 1.0000e+01 7.0000e+00 8.0000e+00 8.0000e+00 2.6000e+01 0.0000e+00 7.0000e+00 1.0000e+01 8.0000e+00 7.0000e+00 1.2000e+01 1.1000e+01 7.0000e+00 1.9000e+01 2.0000e+01 9.0000e+00 7.0000e+00 9.0000e+00 9.0000e+00 7.0000e+00 7.0000e+00 8.0000e+00 1.1000e+01 7.0000e+00 1.5000e+01 7.0000e+00 7.0000e+00 2.1000e+01 1.5000e+01 7.0000e+00 7.0000e+00 8.0000e+00 0.0000e+00 0.0000e+00 1.2000e+01 7.0000e+00 0.0000e+00 0.0000e+00 8.0000e+00 7.0000e+00 2.4000e+01 1.2000e+01 1.4000e+01 0.0000e+00 1.1000e+01 7.0000e+00 9.0000e+00 1.0000e+01 7.0000e+00
9.0000e+00 7.0000e+00 7.0000e+00 1.0000e+01 8.0000e+00 9.0000e+00 0.0000e+00 7.0000e+00 9.0000e+00 1.2000e+01 9.0000e+00 7.0000e+00 8.0000e+00 7.0000e+00 9.0000e+00 7.0000e+00 1.3000e+01 7.0000e+00 7.0000e+00 1.5000e+01 7.0000e+00 7.0000e+00 8.0000e+00 7.0000e+00 1.1000e+01 1.8000e+01 7.0000e+00 7.0000e+00 1.0000e+01 7.0000e+00 7.0000e+00 9.0000e+00 1.0000e+01 0.0000e+00 0.0000e+00 7.0000e+00 9.0000e+00 0.0000e+00 0.0000e+00 8.0000e+00 9.0000e+00 1.3000e+01 1.2000e+01 1.3000e+01 0.0000e+00 7.0000e+00 7.0000e+00 9.0000e+00 9.0000e+00 7.0000e+00
1.1000e+01 1.4000e+01 2.8000e+01 1.0100e+02 6.4000e+01 4.2000e+01 0.0000e+00 1.3000e+01 1.2000e+01 5.2000e+01 2.8000e+01 2.0000e+01 1.0000e+01 9.0000e+00 3.8000e+01 1.2000e+01 5.6000e+01 1.4000e+01 1.0000e+01 1.4000e+01 1.8000e+01 9.0000e+00 1.0000e+01 1.9000e+01 4.6000e+01 2.9000e+01 2.9000e+01 2.5000e+01 1.8000e+01 1.5000e+01 1.4000e+01 1.2000e+01 2.4000e+01 0.0000e+00 0.0000e+00 1.5000e+01 9.0000e+00 0.0000e+00 0.0000e+00 3.4000e+01 1.5000e+01 1.3000e+01 4.5000e+01 1.4000e+01 0.0000e+00 2.1000e+01 1.5000e+01 1.0000e+01 2.6000e+01 1.4000e+01
1.1000e+01 9.0000e+00 1.6000e+01 1.7000e+01 1.0000e+01 9.0000e+00 0.0000e+00 1.4000e+01 1.7000e+01 1.2000e+01 1.5000e+01 1.1000e+01 1.0000e+01 7.0000e+00 1.0000e+01 1.0000e+01 9.0000e+00 7.0000e+00 7.0000e+00 9.0000e+00 1.2000e+01 9.0000e+00 1.0000e+01 1.1000e+01 1.1000e+01 1.0000e+01 3.1000e+01 1.2000e+01 3.0000e+01 1.8000e+01 7.0000e+00 1.4000e+01 1.3000e+01 0.0000e+00 0.0000e+00 7.0000e+00 7.0000e+00 0.0000e+00 0.0000e+00 1.2000e+01 1.0000e+01 1.1000e+01 2.5000e+01 7.0000e+00 0.0000e+00 9.0000e+00 1.4000e+01 1.4000e+01 7.0000e+00 9.0000e+00
7.0000e+00 2.9000e+01 7.0000e+00 8.0000e+00 2.4000e+01 2.1000e+01 0.0000e+00 1.3000e+01 7.0000e+00 1.7500e+02 1.4140e+03 7.0000e+00 8.0000e+00 1.9000e+01 5.5000e+01 2.9100e+02 1.1000e+01 7.0000e+00 7.0000e+00 7.0000e+00 1.1700e+02 7.0000e+00 1.3000e+01 7.0000e+00 9.7000e+01 1.4000e+01 9.0000e+00 9.0000e+00 1.0000e+01 4.3000e+01 1.0000e+01 9.0000e+00 1.3000e+01 0.0000e+00 0.0000e+00 6.3000e+01 7.0000e+00 0.0000e+00 0.0000e+00 2.4000e+01 1.5000e+01 1.1000e+01 6.8000e+01 9.0000e+00 0.0000e+00 7.0000e+00 1.2800e+02 2.0900e+02 1.2000e+01 2.2000e+01
1.2000e+01 1.0000e+01 1.4000e+01 1.2000e+01 2.4000e+01 1.5000e+01 0.0000e+00 9.0000e+00 1.5000e+01 8.0000e+00 9.0000e+00 3.2000e+01 1.6000e+01 9.0000e+00 9.7000e+01 1.8900e+02 1.1000e+01 9.0000e+00 9.0000e+00 1.7000e+01 1.0000e+01 2.1000e+01 1.2000e+01 1.1000e+01 9.0000e+00 5.5000e+01 7.0000e+00 1.0000e+01 1.6000e+01 1.5900e+02 1.0000e+01 9.0000e+00 1.2000e+01 0.0000e+00 0.0000e+00 3.3000e+01 7.0000e+00 0.0000e+00 0.0000e+00 2.0000e+01 9.0000e+00 1.4000e+01 6.1000e+01 1.3000e+01 0.0000e+00 9.0000e+00 1.0000e+01 1.9000e+01 9.0000e+00 1.5000e+01
1.4000e+01 1.0000e+01 1.1000e+01 3.9000e+01 1.3000e+01 3.4000e+01 0.0000e+00 1.3000e+01 9.0000e+00 1.2000e+01 7.0000e+00 9.0000e+00 8.0000e+00 7.0000e+00 7.0000e+00 5.9000e+01 9.0000e+00 7.0000e+00 9.0000e+00 1.0000e+01 7.0000e+00 9.0000e+00 1.0000e+01 9.0000e+00 7.0000e+00 1.5000e+01 1.8000e+01 7.0000e+00 1.6000e+01 3.9000e+01 1.2000e+01 9.0000e+00 1.0000e+01 0.0000e+00 0.0000e+00 9.0000e+00 7.0000e+00 0.0000e+00 0.0000e+00 1.3000e+01 7.0000e+00 3.7000e+01 1.7000e+01 7.0000e+00 0.0000e+00 2.1000e+01 7.0000e+00 1.0000e+01 9.0000e+00 1.0000e+01
6.9000e+01 4.8000e+01 9.1000e+01 3.5000e+01 1.6200e+02 3.1000e+01 0.0000e+00 5.6700e+02 8.7000e+01 1.2300e+02 4.4000e+01 6.8000e+01 3.4700e+02 6.9000e+01 7.6000e+01 3.1300e+02 3.1000e+01 4.8000e+01 3.9000e+01 4.4000e+01 3.1000e+01 2.2000e+01 9.5000e+01 1.0500e+02 2.5000e+01 4.0000e+01 1.0000e+01 1.9000e+01 1.5800e+02 2.2000e+01 5.4000e+01 9.0000e+00 3.4000e+01 0.0000e+00 0.0000e+00 3.7000e+01 3.8000e+01 0.0000e+00 0.0000e+00 9.9000e+01 7.3000e+01 9.0000e+00 5.1000e+01 1.3400e+02 0.0000e+00 1.5200e+02 7.3000e+01 3.8000e+01 3.0000e+01 5.0000e+01
7.0000e+00 7.0000e+00 7.0000e+00 8.0000e+00 8.0000e+00 1.4000e+01 0.0000e+00 9.0000e+00 1.0000e+01 8.0000e+00 1.2000e+01 7.0000e+00 8.0000e+00 7.0000e+00 9.0000e+00 1.2000e+01 9.0000e+00 7.0000e+00 7.0000e+00 7.0000e+00 1.0000e+01 1.1000e+01 8.0000e+00 9.0000e+00 7.0000e+00 7.0000e+00 7.0000e+00 7.0000e+00 8.0000e+00 7.0000e+00 7.0000e+00 7.0000e+00 8.0000e+00 0.0000e+00 0.0000e+00 9.0000e+00 7.0000e+00 0.0000e+00 0.0000e+00 8.0000e+00 7.0000e+00 7.0000e+00 9.0000e+00 2.0000e+01 0.0000e+00 9.0000e+00 7.0000e+00 1.7000e+01 7.0000e+00 7.0000e+00
8.4000e+01 1.6000e+02 1.7000e+02 4.9700e+02 2.7720e+03 5.2210e+03 0.0000e+00 1.8400e+02 1.0900e+02 7.1900e+02 5.0900e+02 1.7030e+03 4.3900e+02 1.4400e+02 4.6910e+03 1.6900e+02 2.2750e+03 2.4500e+02 5.6370e+03 9.0700e+02 5.3590e+03 1.9500e+02 1.7880e+03 3.9600e+02 1.7900e+02 5.2090e+03 1.7900e+02 2.7500e+02 2.7350e+03 4.9400e+03 2.7900e+02 4.3590e+03 1.2500e+02 0.0000e+00 0.0000e+00 2.4100e+02 3.1740e+03 0.0000e+00 0.0000e+00 1.2200e+02 1.8200e+02 4.2920e+03 1.3800e+02 1.7000e+02 0.0000e+00 4.3800e+02 3.5000e+01 1.7800e+02 2.0900e+02 5.3410e+03
9.0000e+00 7.0000e+00 7.0000e+00 1.2000e+01 8.0000e+00 0.0000e+00 0.0000e+00 9.0000e+00 7.0000e+00 4.2000e+01 9.0000e+00 7.0000e+00 8.0000e+00 7.0000e+00 0.0000e+00 9.0000e+00 1.1000e+01 1.0000e+01 0.0000e+00 9.0000e+00 0.0000e+00 9.0000e+00 8.0000e+00 2.5000e+01 7.0000e+00 0.0000e+00 1.0000e+01 7.0000e+00 8.0000e+00 0.0000e+00 7.0000e+00 0.0000e+00 2.0000e+01 0.0000e+00 0.0000e+00 7.0000e+00 7.0000e+00 0.0000e+00 0.0000e+00 1.2000e+01 7.0000e+00 1.7000e+01 2.0000e+01 9.0000e+00 0.0000e+00 7.0000e+00 1.9000e+01 1.4000e+01 7.0000e+00 0.0000e+00
1.1000e+01 7.0000e+00 9.0000e+00 4.4000e+01 1.1000e+01 0.0000e+00 0.0000e+00 1.3000e+01 7.0000e+00 1.0000e+01 2.2000e+01 1.1000e+01 8.0000e+00 1.6000e+01 0.0000e+00 2.6000e+01 9.0000e+00 9.0000e+00 0.0000e+00 9.0000e+00 0.0000e+00 1.9000e+01 1.0000e+01 6.1000e+01 9.0000e+00 0.0000e+00 2.6000e+01 7.0000e+00 3.0000e+01 0.0000e+00 7.0000e+00 0.0000e+00 1.0000e+01 0.0000e+00 0.0000e+00 1.9000e+01 3.0000e+01 0.0000e+00 0.0000e+00 4.9000e+01 1.2000e+01 1.1000e+01 1.8900e+02 1.1000e+01 0.0000e+00 7.0000e+00 2.5000e+01 1.7000e+01 9.0000e+00 0.0000e+00
7.0000e+01 5.5800e+02 3.7600e+02 1.0200e+02 1.5000e+01 0.0000e+00 0.0000e+00 9.0000e+00 5.2000e+01 5.5600e+02 7.0000e+00 1.6300e+02 4.7900e+02 1.2040e+03 0.0000e+00 5.2800e+02 1.5000e+01 4.5500e+02 0.0000e+00 3.4800e+02 0.0000e+00 9.0000e+00 2.1000e+01 3.7300e+02 4.3500e+02 0.0000e+00 7.3000e+01 4.8000e+01 7.5000e+01 0.0000e+00 9.0000e+00 0.0000e+00 1.5000e+01 0.0000e+00 0.0000e+00 4.9370e+03 9.0000e+00 0.0000e+00 0.0000e+00 1.2000e+01 4.3000e+01 6.1000e+01 1.4600e+02 7.0000e+00 0.0000e+00 9.0000e+00 1.5800e+02 1.8900e+02 9.0000e+00 0.0000e+00
1.3000e+02 8.9000e+01 4.3030e+03 8.6400e+02 9.7000e+01 0.0000e+00 0.0000e+00 9.3000e+01 5.5000e+01 2.6200e+02 1.0200e+02 6.7000e+01 1.5400e+02 3.6300e+02 0.0000e+00 4.4500e+02 4.8700e+02 2.4900e+02 0.0000e+00 2.1000e+01 0.0000e+00 1.0500e+02 5.4000e+01 2.6700e+02 1.3900e+02 0.0000e+00 1.6600e+02 5.1000e+01 4.3700e+02 0.0000e+00 5.0680e+03 0.0000e+00 3.6200e+02 0.0000e+00 0.0000e+00 0.0000e+00 2.0200e+02 0.0000e+00 0.0000e+00 1.6300e+02 4.9000e+01 1.6000e+02 7.4000e+01 2.9500e+02 0.0000e+00 1.6170e+03 6.1000e+01 1.5100e+02 2.2900e+02 0.0000e+00
8.1000e+01 9.0000e+00 3.9000e+01 1.0000e+01 1.1000e+01 0.0000e+00 0.0000e+00 7.0000e+00 7.0000e+00 2.2000e+01 1.5000e+01 7.0000e+00 8.0000e+00 1.1000e+01 0.0000e+00 7.0000e+00 1.3000e+01 9.0000e+00 0.0000e+00 9.0000e+00 0.0000e+00 1.6000e+01 2.6000e+01 1.3000e+01 2.6000e+01 0.0000e+00 1.0000e+01 7.0000e+00 1.2000e+01 0.0000e+00 0.0000e+00 0.0000e+00 8.0000e+00 0.0000e+00 0.0000e+00 0.0000e+00 7.0000e+00 0.0000e+00 0.0000e+00 1.0000e+01 7.0000e+00 1.7000e+01 9.0000e+00 9.0000e+00 0.0000e+00 1.9000e+01 1.8000e+01 2.9000e+01 1.7000e+01 0.0000e+00
4.1190e+03 4.4880e+03 5.6800e+02 3.2370e+03 1.7180e+03 0.0000e+00 0.0000e+00 4.4830e+03 5.3050e+03 1.2770e+03 3.2420e+03 3.3770e+03 4.1300e+03 3.4630e+03 0.0000e+00 2.9080e+03 2.4600e+03 4.5600e+03 0.0000e+00 4.0430e+03 0.0000e+00 4.6450e+03 3.4990e+03 3.4180e+03 4.0670e+03 0.0000e+00 5.0480e+03 5.0690e+03 1.3800e+03 0.0000e+00 0.0000e+00 0.0000e+00 4.8340e+03 0.0000e+00 0.0000e+00 0.0000e+00 1.9890e+03 0.0000e+00 0.0000e+00 3.7360e+03 5.2690e+03 4.7900e+02 3.8980e+03 4.6030e+03 0.0000e+00 3.0820e+03 5.0240e+03 4.2950e+03 5.0120e+03 0.0000e+00
7.0000e+00 0.0000e+00 9.0000e+00 8.0000e+00 1.3000e+01 0.0000e+00 0.0000e+00 7.0000e+00 1.0000e+01 1.0000e+01 7.0000e+00 7.0000e+00 1.1000e+01 7.0000e+00 0.0000e+00 9.0000e+00 1.3000e+01 7.0000e+00 0.0000e+00 0.0000e+00 0.0000e+00 1.4000e+01 8.0000e+00 7.0000e+00 7.0000e+00 0.0000e+00 0.0000e+00 0.0000e+00 1.0000e+01 0.0000e+00 0.0000e+00 0.0000e+00 8.0000e+00 0.0000e+00 0.0000e+00 0.0000e+00 7.0000e+00 0.0000e+00 0.0000e+00 8.0000e+00 0.0000e+00 7.0000e+00 2.3000e+01 7.0000e+00 0.0000e+00 9.0000e+00 0.0000e+00 0.0000e+00 0.0000e+00 0.0000e+00
7.0000e+00 0.0000e+00 9.0000e+00 1.4000e+01 1.3000e+01 0.0000e+00 0.0000e+00 7.0000e+00 7.0000e+00 8.0000e+00 1.7000e+01 7.0000e+00 8.0000e+00 1.1000e+01 0.0000e+00 7.0000e+00 1.3000e+01 9.0000e+00 0.0000e+00 0.0000e+00 0.0000e+00 9.0000e+00 1.5000e+01 9.0000e+00 7.0000e+00 0.0000e+00 0.0000e+00 0.0000e+00 1.0000e+01 0.0000e+00 0.0000e+00 0.0000e+00 8.0000e+00 0.0000e+00 0.0000e+00 0.0000e+00 7.0000e+00 0.0000e+00 0.0000e+00 9.9000e+01 0.0000e+00 7.0000e+00 7.0000e+00 1.3000e+01 0.0000e+00 9.0000e+00 0.0000e+00 0.0000e+00 0.0000e+00 0.0000e+00
2.2000e+01 0.0000e+00 9.0000e+00 2.0000e+01 1.0000e+01 0.0000e+00 0.0000e+00 1.1000e+01 1.0000e+01 2.4000e+01 1.4000e+01 2.4000e+01 8.0000e+00 1.1000e+01 0.0000e+00 1.5000e+01 9.0000e+00 1.0000e+01 0.0000e+00 0.0000e+00 0.0000e+00 9.0000e+00 8.0000e+00 1.1000e+01 1.6000e+01 0.0000e+00 0.0000e+00 0.0000e+00 1.2000e+01 0.0000e+00 0.0000e+00 0.0000e+00 1.0000e+01 0.0000e+00 0.0000e+00 0.0000e+00 9.0000e+00 0.0000e+00 0.0000e+00 1.3000e+01 0.0000e+00 1.7000e+01 1.5000e+01 1.7000e+01 0.0000e+00 2.2000e+01 0.0000e+00 0.0000e+00 0.0000e+00 0.0000e+00
9.0000e+00 0.0000e+00 1.9000e+01 1.7000e+01 1.7000e+01 0.0000e+00 0.0000e+00 9.0000e+00 1.0000e+01 1.0000e+01 1.8000e+01 1.1000e+01 8.0000e+00 1.8000e+01 0.0000e+00 2.2000e+01 1.3000e+01 1.4000e+01 0.0000e+00 0.0000e+00 0.0000e+00 7.0000e+00 8.0000e+00 2.2000e+01 1.3000e+01 0.0000e+00 0.0000e+00 0.0000e+00 1.4000e+01 0.0000e+00 0.0000e+00 0.0000e+00 1.5000e+01 0.0000e+00 0.0000e+00 0.0000e+00 1.9000e+01 0.0000e+00 0.0000e+00 2.1000e+01 0.0000e+00 1.1000e+01 1.2000e+01 1.6000e+01 0.0000e+00 9.0000e+00 0.0000e+00 0.0000e+00 0.0000e+00 0.0000e+00
9.0000e+00 0.0000e+00 1.1000e+01 8.0000e+00 1.5000e+01 0.0000e+00 0.0000e+00 7.0000e+00 1.0000e+01 8.0000e+00 7.0000e+00 7.0000e+00 8.0000e+00 9.0000e+00 0.0000e+00 1.0000e+01 1.1000e+01 7.0000e+00 0.0000e+00 0.0000e+00 0.0000e+00 7.0000e+00 8.0000e+00 9.0000e+00 1.4000e+01 0.0000e+00 0.0000e+00 0.0000e+00 1.0000e+01 0.0000e+00 0.0000e+00 0.0000e+00 8.0000e+00 0.0000e+00 0.0000e+00 0.0000e+00 7.0000e+00 0.0000e+00 0.0000e+00 8.0000e+00 0.0000e+00 7.0000e+00 1.7000e+01 7.0000e+00 0.0000e+00 1.4000e+01 0.0000e+00 0.0000e+00 0.0000e+00 0.0000e+00
1.8000e+01 0.0000e+00 1.7000e+01 1.5200e+02 2.7000e+01 0.0000e+00 0.0000e+00 1.4000e+01 3.0000e+01 1.7000e+01 2.5000e+01 1.8000e+01 1.3000e+01 2.5000e+01 0.0000e+00 2.5000e+01 1.8000e+01 7.0000e+00 0.0000e+00 0.0000e+00 0.0000e+00 4.1000e+01 1.3000e+01 1.5000e+01 1.3000e+01 0.0000e+00 0.0000e+00 0.0000e+00 1.0000e+01 0.0000e+00 0.0000e+00 0.0000e+00 1.0000e+01 0.0000e+00 0.0000e+00 0.0000e+00 7.0000e+00 0.0000e+00 0.0000e+00 2.4000e+01 0.0000e+00 9.0000e+00 8.5000e+01 2.0000e+01 0.0000e+00 1.4000e+01 0.0000e+00 0.0000e+00 0.0000e+00 0.0000e+00
1.1000e+01 0.0000e+00 7.0000e+00 2.5000e+01 1.7000e+01 0.0000e+00 0.0000e+00 9.0000e+00 1.0000e+01 8.0000e+00 1.0000e+01 9.0000e+00 8.0000e+00 1.3000e+01 0.0000e+00 1.0000e+01 1.1000e+01 1.0000e+01 0.0000e+00 0.0000e+00 0.0000e+00 1.3000e+01 1.2000e+01 1.3000e+01 1.9000e+01 0.0000e+00 0.0000e+00 0.0000e+00 8.0000e+00 0.0000e+00 0.0000e+00 0.0000e+00 8.0000e+00 0.0000e+00 0.0000e+00 0.0000e+00 7.0000e+00 0.0000e+00 0.0000e+00 1.0000e+01 0.0000e+00 7.0000e+00 3.7000e+01 1.4000e+01 0.0000e+00 1.4000e+01 0.0000e+00 0.0000e+00 0.0000e+00 0.0000e+00
7.0000e+00 0.0000e+00 7.0000e+00 2.2000e+01 7.0000e+01 0.0000e+00 0.0000e+00 1.6000e+01 1.0000e+01 1.9380e+03 7.0000e+00 9.0000e+00 2.0000e+01 1.1000e+01 0.0000e+00 2.1000e+01 1.1000e+01 7.0000e+00 0.0000e+00 0.0000e+00 0.0000e+00 1.9000e+01 1.3000e+01 2.2000e+01 2.0000e+01 0.0000e+00 0.0000e+00 0.0000e+00 1.1300e+02 0.0000e+00 0.0000e+00 0.0000e+00 9.6000e+01 0.0000e+00 0.0000e+00 0.0000e+00 7.0000e+00 0.0000e+00 0.0000e+00 1.2000e+01 0.0000e+00 1.7000e+01 7.3000e+01 4.0000e+01 0.0000e+00 1.4000e+01 0.0000e+00 0.0000e+00 0.0000e+00 0.0000e+00
