2.5000e-01 0.0000e+00 3.6842e-01 2.1429e-01 1.8182e-01 6.9863e-01 9.0646e-01 1.8182e-01 3.8889e-01 0.0000e+00 5.7895e-01 1.8182e-01 0.0000e+00 2.3077e-01 2.0000e-01 5.0000e-01 2.0000e-01 1.1111e-01 0.0000e+00 2.5000e-01 2.0000e-01 2.8571e-01 2.6667e-01 0.0000e+00 0.0000e+00 3.3333e-01 5.4839e-01 0.0000e+00 2.7778e-01 4.5833e-01 2.0000e-01 3.8889e-01 1.0000e-01 3.3333e-01 3.3333e-01 3.3333e-01 0.0000e+00 5.4545e-01 8.9920e-01 5.9649e-01 1.1111e-01 1.1111e-01 6.0870e-01 3.5294e-01 5.3333e-01 0.0000e+00 4.8000e-01 3.5294e-01 2.0000e-01 1.1111e-01
1.8182e-01 0.0000e+00 0.0000e+00 5.9322e-01 4.6429e-01 7.3684e-01 2.0000e-01 1.8182e-01 3.8889e-01 4.0741e-01 2.8571e-01 6.4912e-01 2.3077e-01 0.0000e+00 0.0000e+00 6.8657e-01 5.7534e-01 2.0000e-01 0.0000e+00 2.8571e-01 7.8571e-01 4.3478e-01 0.0000e+00 1.8182e-01 2.3077e-01 2.0000e-01 3.3333e-01 3.3333e-01 3.1579e-01 7.6984e-01 1.1111e-01 8.9336e-01 3.8095e-01 0.0000e+00 1.0000e+00 2.5000e-01 0.0000e+00 6.6667e-01 1.0000e+00 1.6667e-01 1.1111e-01 0.0000e+00 7.9070e-01 5.0000e-01 8.4127e-01 3.1250e-01 1.1111e-01 2.0000e-01 2.5000e-01 2.5000e-01
1.1111e-01 0.0000e+00 0.0000e+00 2.1429e-01 1.8182e-01 3.8889e-01 4.5455e-01 0.0000e+00 1.1111e-01 2.5000e-01 1.1111e-01 0.0000e+00 0.0000e+00 0.0000e+00 0.0000e+00 5.1724e-01 9.0909e-02 2.0000e-01 0.0000e+00 0.0000e+00 4.2105e-01 4.8276e-01 2.6667e-01 3.8095e-01 1.8182e-01 2.0000e-01 0.0000e+00 0.0000e+00 1.0000e-01 7.5238e-01 2.0000e-01 1.1111e-01 0.0000e+00 2.8571e-01 1.0000e+00 3.5294e-01 1.1111e-01 5.4839e-01 1.0000e+00 2.3077e-01 2.0000e-01 0.0000e+00 5.7500e-01 1.1111e-01 0.0000e+00 1.1111e-01 2.0000e-01 2.0000e-01 2.5000e-01 2.8571e-01
2.8571e-01 1.1111e-01 0.0000e+00 2.6667e-01 1.0000e-01 0.0000e+00 5.3333e-01 1.1111e-01 0.0000e+00 1.0000e-01 0.0000e+00 0.0000e+00 0.0000e+00 1.8182e-01 2.0000e-01 2.8571e-01 0.0000e+00 0.0000e+00 0.0000e+00 0.0000e+00 1.1111e-01 0.0000e+00 3.3333e-01 1.1111e-01 1.8182e-01 0.0000e+00 2.0000e-01 0.0000e+00 1.0000e-01 6.0000e-01 2.5000e-01 0.0000e+00 0.0000e+00 1.1111e-01 1.0000e+00 2.0000e-01 0.0000e+00 0.0000e+00 1.0000e+00 2.6667e-01 0.0000e+00 0.0000e+00 4.2857e-01 0.0000e+00 0.0000e+00 1.8182e-01 1.1111e-01 2.8571e-01 0.0000e+00 2.0000e-01
3.8889e-01 1.1111e-01 1.1111e-01 1.6667e-01 1.0000e-01 3.3333e-01 1.0000e+00 2.3077e-01 0.0000e+00 2.9412e-01 3.3333e-01 2.8571e-01 0.0000e+00 1.8182e-01 4.2857e-01 2.0000e-01 0.0000e+00 2.0000e-01 2.0000e-01 1.1111e-01 0.0000e+00 1.1111e-01 1.6667e-01 0.0000e+00 0.0000e+00 3.5294e-01 2.5000e-01 2.0000e-01 7.7704e-01 4.8000e-01 0.0000e+00 2.5000e-01 1.0000e-01 1.1111e-01 1.0000e+00 2.0000e-01 1.1111e-01 2.5000e-01 1.0000e+00 2.3077e-01 0.0000e+00 2.8571e-01 6.0000e-01 2.3077e-01 2.0000e-01 4.4000e-01 4.2857e-01 2.0000e-01 1.1111e-01 2.0000e-01
3.5294e-01 2.0000e-01 1.1111e-01 1.6667e-01 1.8182e-01 3.3333e-01 1.0000e+00 0.0000e+00 2.0000e-01 1.0000e-01 3.5294e-01 2.5000e-01 1.0000e-01 0.0000e+00 1.1111e-01 5.0000e-01 9.0909e-02 0.0000e+00 0.0000e+00 0.0000e+00 0.0000e+00 1.8182e-01 0.0000e+00 2.6667e-01 0.0000e+00 2.0000e-01 0.0000e+00 1.1111e-01 0.0000e+00 1.1111e-01 3.5294e-01 1.1111e-01 0.0000e+00 0.0000e+00 1.0000e+00 2.5000e-01 0.0000e+00 1.1111e-01 1.0000e+00 8.1737e-01 0.0000e+00 1.1111e-01 2.5000e-01 2.8571e-01 2.0000e-01 2.3077e-01 2.5000e-01 4.2105e-01 1.1111e-01 0.0000e+00
6.0465e-01 2.0000e-01 1.8182e-01 0.0000e+00 1.0000e-01 2.5000e-01 1.0000e+00 0.0000e+00 0.0000e+00 0.0000e+00 3.8889e-01 0.0000e+00 0.0000e+00 1.8182e-01 0.0000e+00 0.0000e+00 0.0000e+00 0.0000e+00 0.0000e+00 0.0000e+00 0.0000e+00 0.0000e+00 1.0000e-01 1.1111e-01 0.0000e+00 0.0000e+00 0.0000e+00 0.0000e+00 0.0000e+00 4.5833e-01 0.0000e+00 0.0000e+00 0.0000e+00 0.0000e+00 1.0000e+00 1.1111e-01 0.0000e+00 2.0000e-01 1.0000e+00 1.0000e-01 0.0000e+00 0.0000e+00 1.1111e-01 0.0000e+00 0.0000e+00 5.5000e-01 1.1111e-01 2.0000e-01 0.0000e+00 1.1111e-01
0.0000e+00 0.0000e+00 2.5000e-01 2.1429e-01 1.0000e-01 1.1111e-01 1.0000e+00 1.1111e-01 0.0000e+00 0.0000e+00 2.8571e-01 2.5000e-01 0.0000e+00 1.1111e-01 0.0000e+00 1.1111e-01 9.0909e-02 2.5000e-01 0.0000e+00 0.0000e+00 1.1111e-01 0.0000e+00 2.3077e-01 0.0000e+00 0.0000e+00 0.0000e+00 0.0000e+00 0.0000e+00 0.0000e+00 2.8571e-01 0.0000e+00 3.5294e-01 1.0000e-01 0.0000e+00 1.0000e+00 0.0000e+00 0.0000e+00 0.0000e+00 1.0000e+00 1.0000e-01 0.0000e+00 0.0000e+00 0.0000e+00 0.0000e+00 0.0000e+00 0.0000e+00 1.1111e-01 2.5000e-01 0.0000e+00 0.0000e+00
0.0000e+00 0.0000e+00 1.8182e-01 1.0000e-01 3.5000e-01 0.0000e+00 1.0000e+00 3.1250e-01 4.2857e-01 1.6667e-01 0.0000e+00 0.0000e+00 0.0000e+00 1.1111e-01 1.1111e-01 5.3333e-01 1.5385e-01 1.1111e-01 2.5000e-01 0.0000e+00 1.1111e-01 2.3077e-01 0.0000e+00 3.1250e-01 1.1111e-01 2.0000e-01 0.0000e+00 1.1111e-01 2.5000e-01 2.8571e-01 1.1111e-01 2.5000e-01 0.0000e+00 2.0000e-01 1.0000e+00 2.0000e-01 0.0000e+00 1.1111e-01 1.0000e+00 1.6667e-01 0.0000e+00 1.8182e-01 1.8182e-01 1.1111e-01 6.0000e-01 0.0000e+00 0.0000e+00 2.0000e-01 0.0000e+00 0.0000e+00
2.5000e-01 0.0000e+00 0.0000e+00 2.9412e-01 5.3659e-01 2.5000e-01 1.0000e+00 3.5294e-01 0.0000e+00 2.1429e-01 3.5294e-01 0.0000e+00 1.0000e-01 0.0000e+00 2.5000e-01 5.5882e-01 1.5385e-01 2.5000e-01 0.0000e+00 3.8889e-01 0.0000e+00 3.6842e-01 1.6667e-01 1.8182e-01 0.0000e+00 2.0000e-01 1.1111e-01 0.0000e+00 1.0000e-01 2.5000e-01 1.1111e-01 3.3333e-01 2.3077e-01 0.0000e+00 1.0000e+00 2.0000e-01 0.0000e+00 4.8000e-01 1.0000e+00 0.0000e+00 2.0000e-01 1.1111e-01 4.3478e-01 1.8182e-01 1.1111e-01 0.0000e+00 2.8571e-01 2.5000e-01 2.8571e-01 0.0000e+00
8.9530e-01 0.0000e+00 2.5000e-01 7.6834e-01 2.6667e-01 1.1111e-01 1.0000e+00 1.8182e-01 2.0000e-01 1.0000e-01 2.5000e-01 2.8571e-01 0.0000e+00 2.8571e-01 9.0265e-01 6.8657e-01 2.0000e-01 5.1724e-01 5.7895e-01 0.0000e+00 6.6667e-01 8.0392e-01 5.6522e-01 8.5578e-01 4.3478e-01 2.5000e-01 6.9863e-01 3.3333e-01 0.0000e+00 2.5000e-01 7.7344e-01 7.4227e-01 4.6875e-01 6.0000e-01 1.0000e+00 6.6071e-01 0.0000e+00 6.1364e-01 1.0000e+00 8.2667e-01 0.0000e+00 8.1852e-01 5.8537e-01 7.0707e-01 5.7895e-01 5.2941e-01 4.5833e-01 7.2289e-01 5.1724e-01 1.1111e-01
2.5000e-01 2.0000e-01 0.0000e+00 0.0000e+00 2.6667e-01 6.1364e-01 1.0000e+00 2.8571e-01 0.0000e+00 1.0000e-01 3.8889e-01 2.5000e-01 0.0000e+00 0.0000e+00 2.0000e-01 6.2745e-01 0.0000e+00 0.0000e+00 2.5000e-01 0.0000e+00 2.0000e-01 1.1111e-01 0.0000e+00 1.1111e-01 1.8182e-01 0.0000e+00 4.5455e-01 0.0000e+00 3.1579e-01 2.0000e-01 2.8571e-01 1.1111e-01 0.0000e+00 0.0000e+00 1.0000e+00 3.5294e-01 0.0000e+00 3.8889e-01 1.0000e+00 0.0000e+00 0.0000e+00 3.1250e-01 0.0000e+00 0.0000e+00 0.0000e+00 2.3077e-01 2.0000e-01 1.1111e-01 2.5000e-01 2.5000e-01
7.7444e-01 4.5455e-01 6.7143e-01 4.4828e-01 7.3103e-01 7.7519e-01 1.0000e+00 6.5672e-01 3.3333e-01 7.2959e-01 4.5455e-01 5.7500e-01 5.9259e-01 7.7320e-01 3.8889e-01 3.5294e-01 3.9286e-01 5.4545e-01 7.3684e-01 7.8102e-01 5.1724e-01 3.6842e-01 4.1667e-01 6.1404e-01 8.2468e-01 8.0473e-01 5.0000e-01 6.4706e-01 6.2921e-01 5.8974e-01 7.7941e-01 8.7919e-01 5.7143e-01 4.2857e-01 1.0000e+00 5.4545e-01 7.4815e-01 7.5455e-01 1.0000e+00 7.0588e-01 6.4000e-01 8.2051e-01 4.3478e-01 7.4016e-01 4.2857e-01 7.0408e-01 6.9863e-01 3.8889e-01 5.7895e-01 7.1765e-01
1.1111e-01 0.0000e+00 0.0000e+00 4.4828e-01 2.6667e-01 2.5000e-01 1.0000e+00 2.8571e-01 2.0000e-01 3.5000e-01 1.1111e-01 1.1111e-01 1.0000e-01 1.8182e-01 5.7143e-01 2.8571e-01 2.7778e-01 0.0000e+00 0.0000e+00 2.5000e-01 2.0000e-01 6.5753e-01 0.0000e+00 2.6667e-01 1.8182e-01 3.8889e-01 1.1111e-01 2.5000e-01 1.6667e-01 5.8974e-01 2.0000e-01 3.8889e-01 2.6667e-01 2.8571e-01 1.0000e+00 1.1111e-01 0.0000e+00 7.5701e-01 1.0000e+00 6.5476e-01 0.0000e+00 0.0000e+00 5.3125e-01 1.1111e-01 5.0000e-01 6.3934e-01 2.0000e-01 3.3333e-01 0.0000e+00 0.0000e+00
2.5000e-01 1.1111e-01 1.8182e-01 4.0000e-01 5.1429e-01 4.2105e-01 1.0000e+00 2.3077e-01 3.3333e-01 2.1429e-01 4.2857e-01 0.0000e+00 3.3333e-01 5.2778e-01 1.1111e-01 1.1111e-01 9.0909e-02 1.1111e-01 3.5294e-01 3.3333e-01 1.1111e-01 2.3077e-01 1.0000e-01 2.6667e-01 1.8182e-01 1.1111e-01 2.0000e-01 3.5294e-01 1.0000e-01 2.0000e-01 1.1111e-01 2.5000e-01 3.8095e-01 2.5000e-01 1.0000e+00 3.3333e-01 1.1111e-01 5.5882e-01 1.0000e+00 1.6667e-01 2.0000e-01 2.8571e-01 2.5000e-01 2.3077e-01 6.4000e-01 1.8182e-01 4.2105e-01 3.8889e-01 5.3333e-01 3.5294e-01
0.0000e+00 0.0000e+00 0.0000e+00 0.0000e+00 1.0000e-01 1.1111e-01 1.0000e+00 0.0000e+00 1.1111e-01 0.0000e+00 2.8571e-01 1.1111e-01 0.0000e+00 2.3077e-01 3.3333e-01 2.5000e-01 1.5385e-01 1.1111e-01 3.5294e-01 0.0000e+00 1.1111e-01 2.8571e-01 1.0000e-01 1.8182e-01 0.0000e+00 0.0000e+00 2.5000e-01 0.0000e+00 1.6667e-01 2.0000e-01 0.0000e+00 2.5000e-01 1.0000e-01 6.4000e-01 1.0000e+00 3.5294e-01 0.0000e+00 6.7692e-01 1.0000e+00 2.3077e-01 1.1111e-01 0.0000e+00 5.9524e-01 1.1111e-01 6.8182e-01 0.0000e+00 0.0000e+00 7.0270e-01 1.1111e-01 2.0000e-01
1.1111e-01 1.1111e-01 0.0000e+00 0.0000e+00 1.0000e-01 2.5000e-01 1.0000e+00 0.0000e+00 0.0000e+00 1.6667e-01 5.4545e-01 0.0000e+00 1.8182e-01 0.0000e+00 2.8571e-01 0.0000e+00 0.0000e+00 0.0000e+00 0.0000e+00 0.0000e+00 1.1111e-01 0.0000e+00 0.0000e+00 0.0000e+00 1.1111e-01 1.1111e-01 0.0000e+00 1.1111e-01 1.0000e-01 0.0000e+00 1.1111e-01 0.0000e+00 1.6667e-01 0.0000e+00 1.0000e+00 2.0000e-01 0.0000e+00 0.0000e+00 1.0000e+00 0.0000e+00 0.0000e+00 0.0000e+00 0.0000e+00 0.0000e+00 0.0000e+00 0.0000e+00 2.0000e-01 2.0000e-01 1.1111e-01 2.5000e-01
5.8974e-01 8.1818e-01 1.1111e-01 5.0000e-01 7.4522e-01 2.5000e-01 1.0000e+00 8.0709e-01 4.0000e-01 1.0000e-01 6.4151e-01 2.5000e-01 5.0000e-01 6.8889e-01 3.3333e-01 7.4528e-01 4.7500e-01 0.0000e+00 3.5294e-01 0.0000e+00 0.0000e+00 1.1111e-01 0.0000e+00 0.0000e+00 7.0652e-01 3.5294e-01 1.1111e-01 5.0000e-01 1.0000e-01 1.1111e-01 0.0000e+00 6.4706e-01 0.0000e+00 3.8889e-01 1.0000e+00 7.0270e-01 7.5694e-01 0.0000e+00 1.0000e+00 1.6667e-01 0.0000e+00 0.0000e+00 7.7397e-01 0.0000e+00 9.8980e-01 2.8571e-01 0.0000e+00 7.7419e-01 4.5455e-01 6.0000e-01
0.0000e+00 1.1111e-01 0.0000e+00 1.6667e-01 1.0000e-01 0.0000e+00 1.0000e+00 0.0000e+00 1.1111e-01 0.0000e+00 4.0000e-01 1.1111e-01 0.0000e+00 0.0000e+00 2.0000e-01 5.0000e-01 0.0000e+00 0.0000e+00 0.0000e+00 2.0000e-01 0.0000e+00 0.0000e+00 0.0000e+00 0.0000e+00 1.1111e-01 2.0000e-01 0.0000e+00 1.1111e-01 1.0000e-01 3.5294e-01 0.0000e+00 0.0000e+00 0.0000e+00 0.0000e+00 1.0000e+00 1.1111e-01 0.0000e+00 0.0000e+00 1.0000e+00 2.3077e-01 0.0000e+00 0.0000e+00 2.5000e-01 0.0000e+00 1.0000e+00 3.1250e-01 2.5000e-01 1.1111e-01 1.1111e-01 1.1111e-01
1.1111e-01 0.0000e+00 0.0000e+00 1.6667e-01 1.0000e-01 0.0000e+00 1.0000e+00 0.0000e+00 1.1111e-01 0.0000e+00 3.8889e-01 4.3478e-01 0.0000e+00 0.0000e+00 4.2105e-01 2.5000e-01 0.0000e+00 0.0000e+00 0.0000e+00 0.0000e+00 1.1111e-01 1.1111e-01 0.0000e+00 0.0000e+00 1.1111e-01 0.0000e+00 0.0000e+00 1.1111e-01 1.6667e-01 0.0000e+00 0.0000e+00 0.0000e+00 0.0000e+00 1.1111e-01 1.0000e+00 0.0000e+00 0.0000e+00 0.0000e+00 1.0000e+00 1.0000e-01 0.0000e+00 0.0000e+00 1.8182e-01 0.0000e+00 1.0000e+00 0.0000e+00 1.1111e-01 2.0000e-01 0.0000e+00 0.0000e+00
4.5455e-01 0.0000e+00 0.0000e+00 1.0000e-01 0.0000e+00 6.5455e-01 1.0000e+00 2.3077e-01 0.0000e+00 0.0000e+00 5.0000e-01 0.0000e+00 0.0000e+00 1.1111e-01 0.0000e+00 8.0769e-01 0.0000e+00 2.0000e-01 2.0000e-01 2.0000e-01 2.5000e-01 1.1111e-01 1.0000e-01 0.0000e+00 2.3077e-01 3.3333e-01 0.0000e+00 1.1111e-01 1.6667e-01 1.1111e-01 2.0000e-01 2.5000e-01 0.0000e+00 0.0000e+00 1.0000e+00 4.5455e-01 1.1111e-01 3.5294e-01 1.0000e+00 1.0000e-01 2.8571e-01 0.0000e+00 2.5000e-01 4.8276e-01 1.0000e+00 1.1111e-01 3.8889e-01 0.0000e+00 0.0000e+00 7.8571e-01
4.0000e-01 0.0000e+00 1.1111e-01 3.3333e-01 5.8000e-01 1.1111e-01 1.0000e+00 0.0000e+00 2.0000e-01 0.0000e+00 0.0000e+00 1.1111e-01 0.0000e+00 0.0000e+00 1.1111e-01 3.3333e-01 1.5385e-01 2.8571e-01 1.1111e-01 1.1111e-01 0.0000e+00 2.8571e-01 0.0000e+00 3.3333e-01 0.0000e+00 0.0000e+00 4.2105e-01 0.0000e+00 0.0000e+00 2.0000e-01 0.0000e+00 2.5000e-01 1.6667e-01 1.0000e+00 1.0000e+00 3.5294e-01 1.1111e-01 6.8657e-01 1.0000e+00 2.3077e-01 3.3333e-01 0.0000e+00 5.4286e-01 1.1111e-01 1.0000e+00 0.0000e+00 2.8571e-01 3.5294e-01 2.0000e-01 0.0000e+00
2.8571e-01 0.0000e+00 3.5294e-01 4.6667e-01 5.0000e-01 3.5294e-01 1.0000e+00 2.3077e-01 2.0000e-01 2.5000e-01 0.0000e+00 3.8889e-01 1.8182e-01 2.8571e-01 4.2105e-01 5.1724e-01 5.4839e-01 3.3333e-01 0.0000e+00 3.3333e-01 0.0000e+00 3.6842e-01 5.0000e-01 5.5814e-01 1.1111e-01 4.5455e-01 3.8889e-01 2.8571e-01 5.0000e-01 5.3333e-01 3.3333e-01 8.0473e-01 5.7692e-01 1.0000e+00 1.0000e+00 3.3333e-01 2.8571e-01 7.2289e-01 1.0000e+00 5.3659e-01 2.5000e-01 1.1111e-01 4.8000e-01 0.0000e+00 1.0000e+00 2.3077e-01 1.1111e-01 2.0000e-01 2.5000e-01 0.0000e+00
0.0000e+00 0.0000e+00 0.0000e+00 1.0000e-01 0.0000e+00 5.1724e-01 1.0000e+00 1.8182e-01 3.8889e-01 0.0000e+00 5.1724e-01 0.0000e+00 0.0000e+00 1.8182e-01 5.7143e-01 0.0000e+00 4.6154e-01 0.0000e+00 2.0000e-01 5.4839e-01 4.5455e-01 7.2174e-01 5.0000e-01 1.1111e-01 0.0000e+00 7.5000e-01 4.8000e-01 3.3333e-01 0.0000e+00 3.3333e-01 4.5455e-01 1.1111e-01 1.0000e-01 1.0000e+00 1.0000e+00 7.6471e-01 0.0000e+00 1.1111e-01 1.0000e+00 0.0000e+00 0.0000e+00 0.0000e+00 1.1111e-01 0.0000e+00 1.0000e+00 1.8182e-01 6.9014e-01 3.3333e-01 4.2105e-01 0.0000e+00
0.0000e+00 1.1111e-01 0.0000e+00 2.1429e-01 4.8387e-01 0.0000e+00 1.0000e+00 0.0000e+00 0.0000e+00 1.0000e-01 0.0000e+00 2.5000e-01 0.0000e+00 2.8571e-01 5.0000e-01 2.5000e-01 9.0909e-02 0.0000e+00 0.0000e+00 0.0000e+00 2.5000e-01 1.8182e-01 0.0000e+00 2.6667e-01 0.0000e+00 2.8571e-01 2.5000e-01 6.5455e-01 0.0000e+00 0.0000e+00 0.0000e+00 2.0000e-01 1.0000e-01 1.0000e+00 1.0000e+00 3.5294e-01 0.0000e+00 9.9039e-01 1.0000e+00 0.0000e+00 2.0000e-01 1.1111e-01 3.3333e-01 1.1111e-01 1.0000e+00 2.3077e-01 1.1111e-01 0.0000e+00 2.0000e-01 0.0000e+00
7.2222e-01 2.0000e-01 0.0000e+00 6.7925e-01 7.3103e-01 7.3333e-01 1.0000e+00 1.8182e-01 2.0000e-01 7.0470e-01 2.0000e-01 5.8537e-01 1.0000e-01 1.1111e-01 5.4839e-01 5.8537e-01 2.7778e-01 2.8571e-01 1.1111e-01 4.2857e-01 0.0000e+00 1.8182e-01 2.3077e-01 6.4062e-01 4.6154e-01 4.2105e-01 3.5294e-01 2.8571e-01 1.6667e-01 4.2857e-01 0.0000e+00 1.1111e-01 2.3077e-01 1.0000e+00 1.0000e+00 5.1724e-01 1.1111e-01 1.0000e+00 1.0000e+00 7.4251e-01 1.1111e-01 1.1111e-01 7.7083e-01 2.8571e-01 1.0000e+00 6.1111e-01 1.1111e-01 7.1053e-01 5.0000e-01 2.5000e-01
1.8182e-01 2.0000e-01 0.0000e+00 0.0000e+00 0.0000e+00 5.0000e-01 1.0000e+00 0.0000e+00 2.0000e-01 0.0000e+00 0.0000e+00 2.5000e-01 1.8182e-01 0.0000e+00 4.2105e-01 4.0000e-01 0.0000e+00 0.0000e+00 1.1111e-01 1.1111e-01 0.0000e+00 0.0000e+00 0.0000e+00 1.8182e-01 0.0000e+00 3.3333e-01 0.0000e+00 0.0000e+00 3.3333e-01 3.3333e-01 0.0000e+00 0.0000e+00 0.0000e+00 1.0000e+00 1.0000e+00 2.5000e-01 0.0000e+00 1.0000e+00 1.0000e+00 0.0000e+00 0.0000e+00 4.5833e-01 2.5000e-01 2.8571e-01 1.0000e+00 1.8182e-01 0.0000e+00 1.1111e-01 2.0000e-01 0.0000e+00
1.1111e-01 0.0000e+00 0.0000e+00 1.0000e-01 0.0000e+00 1.1111e-01 1.0000e+00 0.0000e+00 1.1111e-01 1.6667e-01 1.1111e-01 0.0000e+00 0.0000e+00 0.0000e+00 1.1111e-01 0.0000e+00 1.5385e-01 0.0000e+00 0.0000e+00 3.3333e-01 0.0000e+00 0.0000e+00 0.0000e+00 0.0000e+00 1.8182e-01 3.8889e-01 0.0000e+00 0.0000e+00 1.0000e-01 0.0000e+00 0.0000e+00 1.1111e-01 1.0000e-01 1.0000e+00 1.0000e+00 0.0000e+00 1.1111e-01 1.0000e+00 1.0000e+00 0.0000e+00 1.1111e-01 2.3077e-01 2.5000e-01 2.3077e-01 1.0000e+00 0.0000e+00 0.0000e+00 1.1111e-01 1.1111e-01 0.0000e+00
1.8182e-01 2.8571e-01 5.0000e-01 6.7327e-01 6.2500e-01 5.9524e-01 1.0000e+00 2.3077e-01 2.5000e-01 5.5769e-01 5.0000e-01 4.0000e-01 1.0000e-01 1.1111e-01 5.7895e-01 2.5000e-01 5.3571e-01 2.8571e-01 2.0000e-01 2.8571e-01 3.8889e-01 1.1111e-01 1.0000e-01 3.6842e-01 5.8696e-01 5.1724e-01 5.1724e-01 4.8000e-01 2.7778e-01 3.3333e-01 2.8571e-01 2.5000e-01 4.1667e-01 1.0000e+00 1.0000e+00 3.3333e-01 1.1111e-01 1.0000e+00 1.0000e+00 5.0000e-01 3.3333e-01 2.3077e-01 6.0000e-01 2.8571e-01 1.0000e+00 3.8095e-01 3.3333e-01 2.0000e-01 5.0000e-01 2.8571e-01
1.8182e-01 1.1111e-01 3.1250e-01 2.9412e-01 1.0000e-01 1.1111e-01 1.0000e+00 2.8571e-01 3.5294e-01 1.6667e-01 3.3333e-01 1.8182e-01 1.0000e-01 0.0000e+00 2.0000e-01 2.0000e-01 0.0000e+00 0.0000e+00 0.0000e+00 1.1111e-01 2.5000e-01 1.1111e-01 1.0000e-01 1.8182e-01 1.8182e-01 2.0000e-01 5.4839e-01 2.5000e-01 4.3333e-01 3.8889e-01 0.0000e+00 2.8571e-01 2.3077e-01 1.0000e+00 1.0000e+00 0.0000e+00 0.0000e+00 1.0000e+00 1.0000e+00 1.6667e-01 2.0000e-01 1.8182e-01 4.8000e-01 0.0000e+00 1.0000e+00 1.1111e-01 2.8571e-01 2.8571e-01 0.0000e+00 1.1111e-01
0.0000e+00 5.1724e-01 0.0000e+00 0.0000e+00 4.1667e-01 4.2857e-01 1.0000e+00 2.3077e-01 0.0000e+00 7.2000e-01 9.2786e-01 0.0000e+00 0.0000e+00 3.6842e-01 6.5455e-01 8.4536e-01 9.0909e-02 0.0000e+00 0.0000e+00 0.0000e+00 7.6068e-01 0.0000e+00 2.3077e-01 0.0000e+00 7.1134e-01 2.8571e-01 1.1111e-01 1.1111e-01 1.0000e-01 6.0465e-01 2.0000e-01 1.1111e-01 2.3077e-01 1.0000e+00 1.0000e+00 6.8254e-01 0.0000e+00 1.0000e+00 1.0000e+00 4.1667e-01 3.3333e-01 1.8182e-01 6.7647e-01 1.1111e-01 1.0000e+00 0.0000e+00 7.7344e-01 8.2297e-01 2.5000e-01 4.5455e-01
2.5000e-01 2.0000e-01 2.8571e-01 1.6667e-01 4.1667e-01 3.3333e-01 1.0000e+00 1.1111e-01 3.3333e-01 0.0000e+00 1.1111e-01 5.3125e-01 3.1250e-01 1.1111e-01 7.4227e-01 8.0952e-01 9.0909e-02 1.1111e-01 1.1111e-01 3.5294e-01 2.0000e-01 3.8095e-01 1.6667e-01 1.8182e-01 1.1111e-01 6.5455e-01 0.0000e+00 2.0000e-01 2.5000e-01 7.9874e-01 2.0000e-01 1.1111e-01 1.6667e-01 1.0000e+00 1.0000e+00 5.4545e-01 0.0000e+00 1.0000e+00 1.0000e+00 3.5000e-01 1.1111e-01 2.8571e-01 6.5574e-01 2.3077e-01 1.0000e+00 1.1111e-01 2.0000e-01 4.2105e-01 1.1111e-01 3.3333e-01
2.8571e-01 2.0000e-01 1.8182e-01 5.1282e-01 2.3077e-01 5.5882e-01 1.0000e+00 2.3077e-01 1.1111e-01 1.6667e-01 0.0000e+00 1.1111e-01 0.0000e+00 0.0000e+00 0.0000e+00 6.6102e-01 0.0000e+00 0.0000e+00 1.1111e-01 2.0000e-01 0.0000e+00 1.1111e-01 1.0000e-01 1.1111e-01 0.0000e+00 3.3333e-01 3.8889e-01 0.0000e+00 2.5000e-01 5.8974e-01 2.5000e-01 1.1111e-01 1.0000e-01 1.0000e+00 1.0000e+00 1.1111e-01 0.0000e+00 1.0000e+00 1.0000e+00 2.3077e-01 0.0000e+00 5.4054e-01 3.5294e-01 0.0000e+00 1.0000e+00 3.8095e-01 0.0000e+00 2.0000e-01 1.1111e-01 2.0000e-01
6.8116e-01 6.2500e-01 7.1429e-01 4.8571e-01 7.4074e-01 5.4839e-01 1.0000e+00 8.6067e-01 7.2414e-01 6.8293e-01 6.1364e-01 6.7647e-01 8.0692e-01 6.5217e-01 7.1053e-01 8.4984e-01 4.1935e-01 6.2500e-01 5.8974e-01 6.1364e-01 5.4839e-01 4.0909e-01 6.7368e-01 7.0476e-01 4.4000e-01 6.0000e-01 2.0000e-01 4.2105e-01 6.9620e-01 4.5455e-01 6.4815e-01 1.1111e-01 5.0000e-01 1.0000e+00 1.0000e+00 5.6757e-01 5.5263e-01 1.0000e+00 1.0000e+00 6.7677e-01 6.9863e-01 1.1111e-01 6.2745e-01 7.4627e-01 1.0000e+00 7.5658e-01 6.9863e-01 5.7895e-01 5.3333e-01 6.4000e-01
0.0000e+00 0.0000e+00 0.0000e+00 0.0000e+00 0.0000e+00 2.8571e-01 1.0000e+00 1.1111e-01 2.0000e-01 0.0000e+00 2.5000e-01 0.0000e+00 0.0000e+00 0.0000e+00 1.1111e-01 2.5000e-01 0.0000e+00 0.0000e+00 0.0000e+00 0.0000e+00 2.0000e-01 1.8182e-01 0.0000e+00 1.1111e-01 0.0000e+00 0.0000e+00 0.0000e+00 0.0000e+00 0.0000e+00 0.0000e+00 0.0000e+00 0.0000e+00 0.0000e+00 1.0000e+00 1.0000e+00 1.1111e-01 0.0000e+00 1.0000e+00 1.0000e+00 0.0000e+00 0.0000e+00 0.0000e+00 1.1111e-01 4.0000e-01 1.0000e+00 1.1111e-01 0.0000e+00 3.5294e-01 0.0000e+00 0.0000e+00
7.1429e-01 8.0000e-01 7.8235e-01 8.1288e-01 8.9177e-01 1.0000e+00 1.0000e+00 7.7717e-01 7.5229e-01 8.1780e-01 8.8212e-01 9.2132e-01 8.2232e-01 7.4306e-01 9.8081e-01 7.9882e-01 8.2154e-01 8.3673e-01 1.0000e+00 9.1621e-01 1.0000e+00 7.7949e-01 8.7752e-01 8.2828e-01 7.7654e-01 9.7754e-01 8.1006e-01 8.4727e-01 8.4826e-01 9.8968e-01 8.4946e-01 9.9105e-01 7.0400e-01 1.0000e+00 1.0000e+00 8.3817e-01 9.2344e-01 1.0000e+00 1.0000e+00 7.0492e-01 8.1319e-01 9.3546e-01 7.6812e-01 7.7059e-01 1.0000e+00 8.4018e-01 5.7143e-01 8.0899e-01 8.2297e-01 1.0000e+00
1.1111e-01 0.0000e+00 0.0000e+00 1.6667e-01 0.0000e+00 1.0000e+00 1.0000e+00 1.1111e-01 0.0000e+00 5.2381e-01 1.1111e-01 0.0000e+00 0.0000e+00 0.0000e+00 1.0000e+00 1.1111e-01 9.0909e-02 2.0000e-01 1.0000e+00 1.1111e-01 1.0000e+00 1.1111e-01 0.0000e+00 4.4000e-01 0.0000e+00 1.0000e+00 2.0000e-01 0.0000e+00 0.0000e+00 1.0000e+00 0.0000e+00 1.0000e+00 3.5000e-01 1.0000e+00 1.0000e+00 0.0000e+00 0.0000e+00 1.0000e+00 1.0000e+00 1.6667e-01 0.0000e+00 3.5294e-01 4.0000e-01 1.1111e-01 1.0000e+00 0.0000e+00 4.2105e-01 2.8571e-01 0.0000e+00 1.0000e+00
1.8182e-01 0.0000e+00 1.1111e-01 5.4545e-01 1.8182e-01 1.0000e+00 1.0000e+00 2.3077e-01 0.0000e+00 1.0000e-01 4.5455e-01 1.8182e-01 0.0000e+00 3.1250e-01 1.0000e+00 5.0000e-01 0.0000e+00 1.1111e-01 1.0000e+00 1.1111e-01 1.0000e+00 3.6842e-01 1.0000e-01 6.2295e-01 1.1111e-01 1.0000e+00 5.0000e-01 0.0000e+00 4.3333e-01 1.0000e+00 0.0000e+00 1.0000e+00 1.0000e-01 1.0000e+00 1.0000e+00 4.2105e-01 5.0000e-01 1.0000e+00 1.0000e+00 5.7143e-01 2.5000e-01 1.8182e-01 7.9894e-01 1.8182e-01 1.0000e+00 0.0000e+00 4.8000e-01 3.5294e-01 1.1111e-01 1.0000e+00
6.8571e-01 8.9247e-01 8.4840e-01 6.7647e-01 2.6667e-01 1.0000e+00 1.0000e+00 1.1111e-01 6.3462e-01 8.0396e-01 0.0000e+00 7.8528e-01 8.2672e-01 8.8704e-01 1.0000e+00 8.8447e-01 2.0000e-01 8.7912e-01 1.0000e+00 8.6494e-01 1.0000e+00 1.1111e-01 3.8095e-01 8.2574e-01 8.4828e-01 1.0000e+00 6.9863e-01 6.2500e-01 6.0000e-01 1.0000e+00 1.1111e-01 1.0000e+00 2.6667e-01 1.0000e+00 1.0000e+00 9.8076e-01 1.1111e-01 1.0000e+00 1.0000e+00 1.6667e-01 6.0465e-01 6.3934e-01 7.8082e-01 0.0000e+00 1.0000e+00 1.1111e-01 7.9747e-01 8.1481e-01 1.1111e-01 1.0000e+00
7.6923e-01 7.3034e-01 9.4074e-01 8.4028e-01 6.8041e-01 1.0000e+00 1.0000e+00 6.9892e-01 6.5455e-01 7.5573e-01 7.4510e-01 6.7164e-01 7.4026e-01 8.2369e-01 1.0000e+00 8.7416e-01 7.5975e-01 8.3534e-01 1.0000e+00 4.2857e-01 1.0000e+00 7.1429e-01 5.9259e-01 8.0150e-01 7.5540e-01 1.0000e+00 8.0120e-01 6.4706e-01 7.7574e-01 1.0000e+00 9.8303e-01 1.0000e+00 8.0110e-01 1.0000e+00 1.0000e+00 1.0000e+00 7.8713e-01 1.0000e+00 1.0000e+00 7.3620e-01 6.3265e-01 7.7500e-01 6.8919e-01 8.1695e-01 1.0000e+00 8.9920e-01 6.7213e-01 7.9470e-01 8.3406e-01 1.0000e+00
7.0370e-01 1.1111e-01 5.6410e-01 1.0000e-01 1.8182e-01 1.0000e+00 1.0000e+00 0.0000e+00 0.0000e+00 3.6364e-01 3.3333e-01 0.0000e+00 0.0000e+00 1.8182e-01 1.0000e+00 0.0000e+00 1.5385e-01 1.1111e-01 1.0000e+00 1.1111e-01 1.0000e+00 3.1250e-01 4.2308e-01 2.3077e-01 4.6154e-01 1.0000e+00 2.0000e-01 0.0000e+00 1.6667e-01 1.0000e+00 1.0000e+00 1.0000e+00 0.0000e+00 1.0000e+00 1.0000e+00 1.0000e+00 0.0000e+00 1.0000e+00 1.0000e+00 1.0000e-01 0.0000e+00 3.5294e-01 1.1111e-01 1.1111e-01 1.0000e+00 3.6842e-01 3.8889e-01 5.1724e-01 3.5294e-01 1.0000e+00
9.5412e-01 9.9242e-01 8.7324e-01 8.8230e-01 8.7893e-01 1.0000e+00 1.0000e+00 9.2907e-01 9.5966e-01 8.4260e-01 9.5065e-01 9.3930e-01 9.0363e-01 9.1424e-01 1.0000e+00 9.4807e-01 8.2276e-01 9.6031e-01 1.0000e+00 1.0000e+00 1.0000e+00 9.2465e-01 8.9311e-01 9.1311e-01 9.2968e-01 1.0000e+00 1.0000e+00 9.7968e-01 8.2826e-01 1.0000e+00 1.0000e+00 1.0000e+00 8.9863e-01 1.0000e+00 1.0000e+00 1.0000e+00 9.1101e-01 1.0000e+00 1.0000e+00 8.9588e-01 9.6982e-01 8.5804e-01 9.4253e-01 9.2679e-01 1.0000e+00 9.1564e-01 1.0000e+00 1.0000e+00 1.0000e+00 1.0000e+00
0.0000e+00 1.0000e+00 1.1111e-01 0.0000e+00 2.3077e-01 1.0000e+00 1.0000e+00 0.0000e+00 2.0000e-01 1.0000e-01 0.0000e+00 0.0000e+00 1.8182e-01 0.0000e+00 1.0000e+00 1.1111e-01 1.5385e-01 0.0000e+00 1.0000e+00 1.0000e+00 1.0000e+00 2.8571e-01 0.0000e+00 0.0000e+00 0.0000e+00 1.0000e+00 1.0000e+00 1.0000e+00 1.0000e-01 1.0000e+00 1.0000e+00 1.0000e+00 0.0000e+00 1.0000e+00 1.0000e+00 1.0000e+00 0.0000e+00 1.0000e+00 1.0000e+00 0.0000e+00 1.0000e+00 0.0000e+00 4.3478e-01 0.0000e+00 1.0000e+00 1.1111e-01 1.0000e+00 1.0000e+00 1.0000e+00 1.0000e+00
0.0000e+00 1.0000e+00 1.1111e-01 2.1429e-01 2.3077e-01 1.0000e+00 1.0000e+00 0.0000e+00 0.0000e+00 0.0000e+00 3.5294e-01 0.0000e+00 0.0000e+00 1.8182e-01 1.0000e+00 0.0000e+00 1.5385e-01 1.1111e-01 1.0000e+00 1.0000e+00 1.0000e+00 1.1111e-01 2.6667e-01 1.1111e-01 0.0000e+00 1.0000e+00 1.0000e+00 1.0000e+00 1.0000e-01 1.0000e+00 1.0000e+00 1.0000e+00 0.0000e+00 1.0000e+00 1.0000e+00 1.0000e+00 0.0000e+00 1.0000e+00 1.0000e+00 6.7677e-01 1.0000e+00 0.0000e+00 0.0000e+00 2.3077e-01 1.0000e+00 1.1111e-01 1.0000e+00 1.0000e+00 1.0000e+00 1.0000e+00
4.5455e-01 1.0000e+00 1.1111e-01 3.5000e-01 1.0000e-01 1.0000e+00 1.0000e+00 1.8182e-01 2.0000e-01 3.7500e-01 2.8571e-01 4.5833e-01 0.0000e+00 1.8182e-01 1.0000e+00 3.3333e-01 0.0000e+00 2.0000e-01 1.0000e+00 1.0000e+00 1.0000e+00 1.1111e-01 0.0000e+00 1.8182e-01 3.1250e-01 1.0000e+00 1.0000e+00 1.0000e+00 1.6667e-01 1.0000e+00 1.0000e+00 1.0000e+00 1.0000e-01 1.0000e+00 1.0000e+00 1.0000e+00 1.1111e-01 1.0000e+00 1.0000e+00 2.3077e-01 1.0000e+00 3.5294e-01 3.3333e-01 3.5294e-01 1.0000e+00 4.0909e-01 1.0000e+00 1.0000e+00 1.0000e+00 1.0000e+00
1.1111e-01 1.0000e+00 3.6842e-01 2.9412e-01 2.9412e-01 1.0000e+00 1.0000e+00 1.1111e-01 2.0000e-01 1.0000e-01 3.8889e-01 1.8182e-01 0.0000e+00 3.3333e-01 1.0000e+00 4.5455e-01 1.5385e-01 2.8571e-01 1.0000e+00 1.0000e+00 1.0000e+00 0.0000e+00 0.0000e+00 4.0909e-01 2.3077e-01 1.0000e+00 1.0000e+00 1.0000e+00 2.1429e-01 1.0000e+00 1.0000e+00 1.0000e+00 2.6667e-01 1.0000e+00 1.0000e+00 1.0000e+00 3.6842e-01 1.0000e+00 1.0000e+00 3.8095e-01 1.0000e+00 1.8182e-01 2.5000e-01 3.1250e-01 1.0000e+00 1.1111e-01 1.0000e+00 1.0000e+00 1.0000e+00 1.0000e+00
1.1111e-01 1.0000e+00 1.8182e-01 0.0000e+00 2.6667e-01 1.0000e+00 1.0000e+00 0.0000e+00 2.0000e-01 0.0000e+00 0.0000e+00 0.0000e+00 0.0000e+00 1.1111e-01 1.0000e+00 2.0000e-01 9.0909e-02 0.0000e+00 1.0000e+00 1.0000e+00 1.0000e+00 0.0000e+00 0.0000e+00 1.1111e-01 2.8571e-01 1.0000e+00 1.0000e+00 1.0000e+00 1.0000e-01 1.0000e+00 1.0000e+00 1.0000e+00 0.0000e+00 1.0000e+00 1.0000e+00 1.0000e+00 0.0000e+00 1.0000e+00 1.0000e+00 0.0000e+00 1.0000e+00 0.0000e+00 3.5294e-01 0.0000e+00 1.0000e+00 2.8571e-01 1.0000e+00 1.0000e+00 1.0000e+00 1.0000e+00
3.8889e-01 1.0000e+00 3.5294e-01 7.1711e-01 4.4444e-01 1.0000e+00 1.0000e+00 2.8571e-01 5.3333e-01 2.9412e-01 4.8000e-01 3.8889e-01 2.3077e-01 4.4000e-01 1.0000e+00 4.8000e-01 2.7778e-01 0.0000e+00 1.0000e+00 1.0000e+00 1.0000e+00 5.6098e-01 2.3077e-01 2.6667e-01 2.3077e-01 1.0000e+00 1.0000e+00 1.0000e+00 1.0000e-01 1.0000e+00 1.0000e+00 1.0000e+00 1.0000e-01 1.0000e+00 1.0000e+00 1.0000e+00 0.0000e+00 1.0000e+00 1.0000e+00 4.1667e-01 1.0000e+00 1.1111e-01 7.0588e-01 4.0000e-01 1.0000e+00 2.8571e-01 1.0000e+00 1.0000e+00 1.0000e+00 1.0000e+00
1.8182e-01 1.0000e+00 0.0000e+00 4.0000e-01 2.9412e-01 1.0000e+00 1.0000e+00 1.1111e-01 2.0000e-01 0.0000e+00 2.0000e-01 1.1111e-01 0.0000e+00 2.3077e-01 1.0000e+00 2.0000e-01 9.0909e-02 2.0000e-01 1.0000e+00 1.0000e+00 1.0000e+00 2.3077e-01 1.6667e-01 2.3077e-01 3.6842e-01 1.0000e+00 1.0000e+00 1.0000e+00 0.0000e+00 1.0000e+00 1.0000e+00 1.0000e+00 0.0000e+00 1.0000e+00 1.0000e+00 1.0000e+00 0.0000e+00 1.0000e+00 1.0000e+00 1.0000e-01 1.0000e+00 0.0000e+00 5.6757e-01 2.8571e-01 1.0000e+00 2.8571e-01 1.0000e+00 1.0000e+00 1.0000e+00 1.0000e+00
0.0000e+00 1.0000e+00 0.0000e+00 3.6364e-01 6.2857e-01 1.0000e+00 1.0000e+00 3.1250e-01 2.0000e-01 8.5449e-01 0.0000e+00 1.1111e-01 3.5000e-01 1.8182e-01 1.0000e+00 4.2857e-01 9.0909e-02 0.0000e+00 1.0000e+00 1.0000e+00 1.0000e+00 3.6842e-01 2.3077e-01 4.0909e-01 4.0000e-01 1.0000e+00 1.0000e+00 1.0000e+00 6.5487e-01 1.0000e+00 1.0000e+00 1.0000e+00 6.7708e-01 1.0000e+00 1.0000e+00 1.0000e+00 0.0000e+00 1.0000e+00 1.0000e+00 1.6667e-01 1.0000e+00 3.5294e-01 6.8493e-01 5.5000e-01 1.0000e+00 2.8571e-01 1.0000e+00 1.0000e+00 1.0000e+00 1.0000e+00
