3.0000e+00 0.0000e+00 7.0000e+00 3.0000e+00 2.0000e+00 5.1000e+01 6.5900e+02 2.0000e+00 7.0000e+00 0.0000e+00 2.2000e+01 2.0000e+00 0.0000e+00 3.0000e+00 2.0000e+00 1.3000e+01 3.0000e+00 1.0000e+00 0.0000e+00 3.0000e+00 2.0000e+00 4.0000e+00 4.0000e+00 0.0000e+00 0.0000e+00 5.0000e+00 1.7000e+01 0.0000e+00 5.0000e+00 1.1000e+01 2.0000e+00 7.0000e+00 1.0000e+00 5.0000e+00 5.0000e+00 5.0000e+00 0.0000e+00 1.8000e+01 5.6200e+02 3.4000e+01 1.0000e+00 1.0000e+00 2.8000e+01 6.0000e+00 1.6000e+01 0.0000e+00 1.2000e+01 6.0000e+00 2.0000e+00 1.0000e+00
2.0000e+00 0.0000e+00 0.0000e+00 3.5000e+01 1.3000e+01 7.0000e+01 2.0000e+00 2.0000e+00 7.0000e+00 1.1000e+01 4.0000e+00 3.7000e+01 3.0000e+00 0.0000e+00 0.0000e+00 4.6000e+01 4.2000e+01 2.0000e+00 0.0000e+00 4.0000e+00 1.1000e+02 1.0000e+01 0.0000e+00 2.0000e+00 3.0000e+00 2.0000e+00 5.0000e+00 5.0000e+00 6.0000e+00 9.7000e+01 1.0000e+00 5.1100e+02 8.0000e+00 0.0000e+00 6.0320e+03 3.0000e+00 0.0000e+00 3.8000e+01 5.3420e+03 2.0000e+00 1.0000e+00 0.0000e+00 1.3600e+02 1.5000e+01 2.1200e+02 5.0000e+00 1.0000e+00 2.0000e+00 3.0000e+00 3.0000e+00
1.0000e+00 0.0000e+00 0.0000e+00 3.0000e+00 2.0000e+00 7.0000e+00 1.0000e+01 0.0000e+00 1.0000e+00 4.0000e+00 1.0000e+00 0.0000e+00 0.0000e+00 0.0000e+00 0.0000e+00 1.5000e+01 1.0000e+00 2.0000e+00 0.0000e+00 0.0000e+00 8.0000e+00 1.4000e+01 4.0000e+00 8.0000e+00 2.0000e+00 2.0000e+00 0.0000e+00 0.0000e+00 1.0000e+00 7.9000e+01 2.0000e+00 1.0000e+00 0.0000e+00 4.0000e+00 0.0000e+00 6.0000e+00 1.0000e+00 1.7000e+01 0.0000e+00 3.0000e+00 2.0000e+00 0.0000e+00 2.3000e+01 1.0000e+00 0.0000e+00 1.0000e+00 2.0000e+00 2.0000e+00 3.0000e+00 4.0000e+00
4.0000e+00 1.0000e+00 0.0000e+00 4.0000e+00 1.0000e+00 0.0000e+00 1.6000e+01 1.0000e+00 0.0000e+00 1.0000e+00 0.0000e+00 0.0000e+00 0.0000e+00 2.0000e+00 2.0000e+00 4.0000e+00 0.0000e+00 0.0000e+00 0.0000e+00 0.0000e+00 1.0000e+00 0.0000e+00 6.0000e+00 1.0000e+00 2.0000e+00 0.0000e+00 2.0000e+00 0.0000e+00 1.0000e+00 2.4000e+01 3.0000e+00 0.0000e+00 0.0000e+00 1.0000e+00 0.0000e+00 2.0000e+00 0.0000e+00 0.0000e+00 0.0000e+00 4.0000e+00 0.0000e+00 0.0000e+00 9.0000e+00 0.0000e+00 0.0000e+00 2.0000e+00 1.0000e+00 4.0000e+00 0.0000e+00 2.0000e+00
7.0000e+00 1.0000e+00 1.0000e+00 2.0000e+00 1.0000e+00 5.0000e+00 5.2370e+03 3.0000e+00 0.0000e+00 5.0000e+00 5.0000e+00 4.0000e+00 0.0000e+00 2.0000e+00 9.0000e+00 2.0000e+00 0.0000e+00 2.0000e+00 2.0000e+00 1.0000e+00 0.0000e+00 1.0000e+00 2.0000e+00 0.0000e+00 0.0000e+00 6.0000e+00 3.0000e+00 2.0000e+00 3.5200e+02 1.2000e+01 0.0000e+00 3.0000e+00 1.0000e+00 1.0000e+00 0.0000e+00 2.0000e+00 1.0000e+00 3.0000e+00 0.0000e+00 3.0000e+00 0.0000e+00 4.0000e+00 2.7000e+01 3.0000e+00 2.0000e+00 1.1000e+01 9.0000e+00 2.0000e+00 1.0000e+00 2.0000e+00
6.0000e+00 2.0000e+00 1.0000e+00 2.0000e+00 2.0000e+00 5.0000e+00 0.0000e+00 0.0000e+00 2.0000e+00 1.0000e+00 6.0000e+00 3.0000e+00 1.0000e+00 0.0000e+00 1.0000e+00 1.3000e+01 1.0000e+00 0.0000e+00 0.0000e+00 0.0000e+00 0.0000e+00 2.0000e+00 0.0000e+00 4.0000e+00 0.0000e+00 2.0000e+00 0.0000e+00 1.0000e+00 0.0000e+00 1.0000e+00 6.0000e+00 1.0000e+00 0.0000e+00 0.0000e+00 0.0000e+00 3.0000e+00 0.0000e+00 1.0000e+00 0.0000e+00 3.6700e+02 0.0000e+00 1.0000e+00 3.0000e+00 4.0000e+00 2.0000e+00 3.0000e+00 3.0000e+00 8.0000e+00 1.0000e+00 0.0000e+00
2.6000e+01 2.0000e+00 2.0000e+00 0.0000e+00 1.0000e+00 3.0000e+00 0.0000e+00 0.0000e+00 0.0000e+00 0.0000e+00 7.0000e+00 0.0000e+00 0.0000e+00 2.0000e+00 0.0000e+00 0.0000e+00 0.0000e+00 0.0000e+00 0.0000e+00 0.0000e+00 0.0000e+00 0.0000e+00 1.0000e+00 1.0000e+00 0.0000e+00 0.0000e+00 0.0000e+00 0.0000e+00 0.0000e+00 1.1000e+01 0.0000e+00 0.0000e+00 0.0000e+00 0.0000e+00 0.0000e+00 1.0000e+00 0.0000e+00 2.0000e+00 0.0000e+00 1.0000e+00 0.0000e+00 0.0000e+00 1.0000e+00 0.0000e+00 0.0000e+00 2.2000e+01 1.0000e+00 2.0000e+00 0.0000e+00 1.0000e+00
0.0000e+00 0.0000e+00 3.0000e+00 3.0000e+00 1.0000e+00 1.0000e+00 0.0000e+00 1.0000e+00 0.0000e+00 0.0000e+00 4.0000e+00 3.0000e+00 0.0000e+00 1.0000e+00 0.0000e+00 1.0000e+00 1.0000e+00 3.0000e+00 0.0000e+00 0.0000e+00 1.0000e+00 0.0000e+00 3.0000e+00 0.0000e+00 0.0000e+00 0.0000e+00 0.0000e+00 0.0000e+00 0.0000e+00 4.0000e+00 0.0000e+00 6.0000e+00 1.0000e+00 0.0000e+00 0.0000e+00 0.0000e+00 0.0000e+00 0.0000e+00 0.0000e+00 1.0000e+00 0.0000e+00 0.0000e+00 0.0000e+00 0.0000e+00 0.0000e+00 0.0000e+00 1.0000e+00 3.0000e+00 0.0000e+00 0.0000e+00
0.0000e+00 0.0000e+00 2.0000e+00 1.0000e+00 7.0000e+00 0.0000e+00 0.0000e+00 5.0000e+00 9.0000e+00 2.0000e+00 0.0000e+00 0.0000e+00 0.0000e+00 1.0000e+00 1.0000e+00 1.6000e+01 2.0000e+00 1.0000e+00 3.0000e+00 0.0000e+00 1.0000e+00 3.0000e+00 0.0000e+00 5.0000e+00 1.0000e+00 2.0000e+00 0.0000e+00 1.0000e+00 4.0000e+00 4.0000e+00 1.0000e+00 3.0000e+00 0.0000e+00 2.0000e+00 0.0000e+00 2.0000e+00 0.0000e+00 1.0000e+00 0.0000e+00 2.0000e+00 0.0000e+00 2.0000e+00 2.0000e+00 1.0000e+00 2.4000e+01 0.0000e+00 0.0000e+00 2.0000e+00 0.0000e+00 0.0000e+00
3.0000e+00 0.0000e+00 0.0000e+00 5.0000e+00 2.2000e+01 3.0000e+00 0.0000e+00 6.0000e+00 0.0000e+00 3.0000e+00 6.0000e+00 0.0000e+00 1.0000e+00 0.0000e+00 3.0000e+00 1.9000e+01 2.0000e+00 3.0000e+00 0.0000e+00 7.0000e+00 0.0000e+00 7.0000e+00 2.0000e+00 2.0000e+00 0.0000e+00 2.0000e+00 1.0000e+00 0.0000e+00 1.0000e+00 3.0000e+00 1.0000e+00 5.0000e+00 3.0000e+00 0.0000e+00 0.0000e+00 2.0000e+00 0.0000e+00 1.2000e+01 0.0000e+00 0.0000e+00 2.0000e+00 1.0000e+00 1.0000e+01 2.0000e+00 1.0000e+00 0.0000e+00 4.0000e+00 3.0000e+00 4.0000e+00 0.0000e+00
5.9000e+02 0.0000e+00 3.0000e+00 1.9900e+02 4.0000e+00 1.0000e+00 0.0000e+00 2.0000e+00 2.0000e+00 1.0000e+00 3.0000e+00 4.0000e+00 0.0000e+00 4.0000e+00 6.1200e+02 4.6000e+01 3.0000e+00 1.5000e+01 2.2000e+01 0.0000e+00 3.8000e+01 2.0500e+02 2.6000e+01 5.4000e+02 1.0000e+01 3.0000e+00 5.1000e+01 5.0000e+00 0.0000e+00 3.0000e+00 9.9000e+01 7.2000e+01 1.5000e+01 2.4000e+01 0.0000e+00 3.7000e+01 0.0000e+00 2.7000e+01 0.0000e+00 4.3400e+02 0.0000e+00 2.2100e+02 2.4000e+01 7.0000e+01 2.2000e+01 1.8000e+01 1.1000e+01 6.0000e+01 1.5000e+01 1.0000e+00
3.0000e+00 2.0000e+00 0.0000e+00 0.0000e+00 4.0000e+00 2.7000e+01 0.0000e+00 4.0000e+00 0.0000e+00 1.0000e+00 7.0000e+00 3.0000e+00 0.0000e+00 0.0000e+00 2.0000e+00 3.2000e+01 0.0000e+00 0.0000e+00 3.0000e+00 0.0000e+00 2.0000e+00 1.0000e+00 0.0000e+00 1.0000e+00 2.0000e+00 0.0000e+00 1.0000e+01 0.0000e+00 6.0000e+00 2.0000e+00 4.0000e+00 1.0000e+00 0.0000e+00 0.0000e+00 0.0000e+00 6.0000e+00 0.0000e+00 7.0000e+00 0.0000e+00 0.0000e+00 0.0000e+00 5.0000e+00 0.0000e+00 0.0000e+00 0.0000e+00 3.0000e+00 2.0000e+00 1.0000e+00 3.0000e+00 3.0000e+00
1.0300e+02 1.0000e+01 4.7000e+01 1.3000e+01 1.0600e+02 1.0000e+02 0.0000e+00 4.4000e+01 5.0000e+00 1.4300e+02 1.0000e+01 2.3000e+01 3.2000e+01 1.5000e+02 7.0000e+00 6.0000e+00 1.1000e+01 1.8000e+01 7.0000e+01 1.0700e+02 1.5000e+01 7.0000e+00 1.0000e+01 3.5000e+01 2.5400e+02 1.3600e+02 1.3000e+01 3.3000e+01 5.6000e+01 2.3000e+01 1.0600e+02 3.9300e+02 2.8000e+01 9.0000e+00 0.0000e+00 1.8000e+01 1.0100e+02 8.3000e+01 0.0000e+00 8.4000e+01 3.2000e+01 2.2400e+02 1.0000e+01 9.4000e+01 9.0000e+00 6.9000e+01 5.1000e+01 7.0000e+00 2.2000e+01 6.1000e+01
1.0000e+00 0.0000e+00 0.0000e+00 1.3000e+01 4.0000e+00 3.0000e+00 0.0000e+00 4.0000e+00 2.0000e+00 7.0000e+00 1.0000e+00 1.0000e+00 1.0000e+00 2.0000e+00 2.0000e+01 4.0000e+00 5.0000e+00 0.0000e+00 0.0000e+00 3.0000e+00 2.0000e+00 4.8000e+01 0.0000e+00 4.0000e+00 2.0000e+00 7.0000e+00 1.0000e+00 3.0000e+00 2.0000e+00 2.3000e+01 2.0000e+00 7.0000e+00 4.0000e+00 4.0000e+00 0.0000e+00 1.0000e+00 0.0000e+00 8.1000e+01 0.0000e+00 5.5000e+01 0.0000e+00 0.0000e+00 1.7000e+01 1.0000e+00 1.3000e+01 3.9000e+01 2.0000e+00 5.0000e+00 0.0000e+00 0.0000e+00
3.0000e+00 1.0000e+00 2.0000e+00 1.0000e+01 1.8000e+01 8.0000e+00 0.0000e+00 3.0000e+00 5.0000e+00 3.0000e+00 9.0000e+00 0.0000e+00 6.0000e+00 1.9000e+01 1.0000e+00 1.0000e+00 1.0000e+00 1.0000e+00 6.0000e+00 5.0000e+00 1.0000e+00 3.0000e+00 1.0000e+00 4.0000e+00 2.0000e+00 1.0000e+00 2.0000e+00 6.0000e+00 1.0000e+00 2.0000e+00 1.0000e+00 3.0000e+00 8.0000e+00 3.0000e+00 0.0000e+00 5.0000e+00 1.0000e+00 1.9000e+01 0.0000e+00 2.0000e+00 2.0000e+00 4.0000e+00 3.0000e+00 3.0000e+00 3.2000e+01 2.0000e+00 8.0000e+00 7.0000e+00 1.6000e+01 6.0000e+00
0.0000e+00 0.0000e+00 0.0000e+00 0.0000e+00 1.0000e+00 1.0000e+00 0.0000e+00 0.0000e+00 1.0000e+00 0.0000e+00 4.0000e+00 1.0000e+00 0.0000e+00 3.0000e+00 5.0000e+00 3.0000e+00 2.0000e+00 1.0000e+00 6.0000e+00 0.0000e+00 1.0000e+00 4.0000e+00 1.0000e+00 2.0000e+00 0.0000e+00 0.0000e+00 3.0000e+00 0.0000e+00 2.0000e+00 2.0000e+00 0.0000e+00 3.0000e+00 1.0000e+00 3.2000e+01 0.0000e+00 6.0000e+00 0.0000e+00 4.4000e+01 0.0000e+00 3.0000e+00 1.0000e+00 0.0000e+00 2.5000e+01 1.0000e+00 4.5000e+01 0.0000e+00 0.0000e+00 5.2000e+01 1.0000e+00 2.0000e+00
1.0000e+00 1.0000e+00 0.0000e+00 0.0000e+00 1.0000e+00 3.0000e+00 0.0000e+00 0.0000e+00 0.0000e+00 2.0000e+00 1.8000e+01 0.0000e+00 2.0000e+00 0.0000e+00 4.0000e+00 0.0000e+00 0.0000e+00 0.0000e+00 0.0000e+00 0.0000e+00 1.0000e+00 0.0000e+00 0.0000e+00 0.0000e+00 1.0000e+00 1.0000e+00 0.0000e+00 1.0000e+00 1.0000e+00 0.0000e+00 1.0000e+00 0.0000e+00 2.0000e+00 0.0000e+00 0.0000e+00 2.0000e+00 0.0000e+00 0.0000e+00 0.0000e+00 0.0000e+00 0.0000e+00 0.0000e+00 0.0000e+00 0.0000e+00 0.0000e+00 0.0000e+00 2.0000e+00 2.0000e+00 1.0000e+00 3.0000e+00
2.3000e+01 1.6200e+02 1.0000e+00 1.9000e+01 1.1700e+02 3.0000e+00 0.0000e+00 2.0500e+02 8.0000e+00 1.0000e+00 3.4000e+01 3.0000e+00 1.7000e+01 6.2000e+01 5.0000e+00 7.9000e+01 1.9000e+01 0.0000e+00 6.0000e+00 0.0000e+00 0.0000e+00 1.0000e+00 0.0000e+00 0.0000e+00 6.5000e+01 6.0000e+00 1.0000e+00 1.3000e+01 1.0000e+00 1.0000e+00 0.0000e+00 3.3000e+01 0.0000e+00 7.0000e+00 0.0000e+00 5.2000e+01 1.0900e+02 0.0000e+00 0.0000e+00 2.0000e+00 0.0000e+00 0.0000e+00 1.1300e+02 0.0000e+00 5.4330e+03 4.0000e+00 0.0000e+00 9.6000e+01 1.0000e+01 2.4000e+01
0.0000e+00 1.0000e+00 0.0000e+00 2.0000e+00 1.0000e+00 0.0000e+00 0.0000e+00 0.0000e+00 1.0000e+00 0.0000e+00 8.0000e+00 1.0000e+00 0.0000e+00 0.0000e+00 2.0000e+00 1.4000e+01 0.0000e+00 0.0000e+00 0.0000e+00 2.0000e+00 0.0000e+00 0.0000e+00 0.0000e+00 0.0000e+00 1.0000e+00 2.0000e+00 0.0000e+00 1.0000e+00 1.0000e+00 6.0000e+00 0.0000e+00 0.0000e+00 0.0000e+00 0.0000e+00 0.0000e+00 1.0000e+00 0.0000e+00 0.0000e+00 0.0000e+00 3.0000e+00 0.0000e+00 0.0000e+00 3.0000e+00 0.0000e+00 0.0000e+00 5.0000e+00 3.0000e+00 1.0000e+00 1.0000e+00 1.0000e+00
1.0000e+00 0.0000e+00 0.0000e+00 2.0000e+00 1.0000e+00 0.0000e+00 0.0000e+00 0.0000e+00 1.0000e+00 0.0000e+00 7.0000e+00 1.0000e+01 0.0000e+00 0.0000e+00 8.0000e+00 3.0000e+00 0.0000e+00 0.0000e+00 0.0000e+00 0.0000e+00 1.0000e+00 1.0000e+00 0.0000e+00 0.0000e+00 1.0000e+00 0.0000e+00 0.0000e+00 1.0000e+00 2.0000e+00 0.0000e+00 0.0000e+00 0.0000e+00 0.0000e+00 1.0000e+00 0.0000e+00 0.0000e+00 0.0000e+00 0.0000e+00 0.0000e+00 1.0000e+00 0.0000e+00 0.0000e+00 2.0000e+00 0.0000e+00 0.0000e+00 0.0000e+00 1.0000e+00 2.0000e+00 0.0000e+00 0.0000e+00
1.0000e+01 0.0000e+00 0.0000e+00 1.0000e+00 0.0000e+00 3.6000e+01 0.0000e+00 3.0000e+00 0.0000e+00 0.0000e+00 1.4000e+01 0.0000e+00 0.0000e+00 1.0000e+00 0.0000e+00 1.4700e+02 0.0000e+00 2.0000e+00 2.0000e+00 2.0000e+00 3.0000e+00 1.0000e+00 1.0000e+00 0.0000e+00 3.0000e+00 5.0000e+00 0.0000e+00 1.0000e+00 2.0000e+00 1.0000e+00 2.0000e+00 3.0000e+00 0.0000e+00 0.0000e+00 0.0000e+00 1.0000e+01 1.0000e+00 6.0000e+00 0.0000e+00 1.0000e+00 4.0000e+00 0.0000e+00 3.0000e+00 1.4000e+01 0.0000e+00 1.0000e+00 7.0000e+00 0.0000e+00 0.0000e+00 1.1000e+02
8.0000e+00 0.0000e+00 1.0000e+00 6.0000e+00 2.9000e+01 1.0000e+00 0.0000e+00 0.0000e+00 2.0000e+00 0.0000e+00 0.0000e+00 1.0000e+00 0.0000e+00 0.0000e+00 1.0000e+00 5.0000e+00 2.0000e+00 4.0000e+00 1.0000e+00 1.0000e+00 0.0000e+00 4.0000e+00 0.0000e+00 6.0000e+00 0.0000e+00 0.0000e+00 8.0000e+00 0.0000e+00 0.0000e+00 2.0000e+00 0.0000e+00 3.0000e+00 2.0000e+00 5.6970e+03 0.0000e+00 6.0000e+00 1.0000e+00 4.6000e+01 0.0000e+00 3.0000e+00 5.0000e+00 0.0000e+00 1.9000e+01 1.0000e+00 0.0000e+00 0.0000e+00 4.0000e+00 6.0000e+00 2.0000e+00 0.0000e+00
4.0000e+00 0.0000e+00 6.0000e+00 1.4000e+01 1.7000e+01 6.0000e+00 0.0000e+00 3.0000e+00 2.0000e+00 4.0000e+00 0.0000e+00 7.0000e+00 2.0000e+00 4.0000e+00 8.0000e+00 1.5000e+01 3.4000e+01 5.0000e+00 0.0000e+00 5.0000e+00 0.0000e+00 7.0000e+00 1.7000e+01 2.4000e+01 1.0000e+00 1.0000e+01 7.0000e+00 4.0000e+00 2.1000e+01 1.6000e+01 5.0000e+00 1.3600e+02 3.0000e+01 0.0000e+00 0.0000e+00 5.0000e+00 4.0000e+00 6.0000e+01 0.0000e+00 2.2000e+01 3.0000e+00 1.0000e+00 1.2000e+01 0.0000e+00 0.0000e+00 3.0000e+00 1.0000e+00 2.0000e+00 3.0000e+00 0.0000e+00
0.0000e+00 0.0000e+00 0.0000e+00 1.0000e+00 0.0000e+00 1.5000e+01 0.0000e+00 2.0000e+00 7.0000e+00 0.0000e+00 1.5000e+01 0.0000e+00 0.0000e+00 2.0000e+00 2.0000e+01 0.0000e+00 1.8000e+01 0.0000e+00 2.0000e+00 1.7000e+01 1.0000e+01 8.3000e+01 1.7000e+01 1.0000e+00 0.0000e+00 7.8000e+01 1.2000e+01 5.0000e+00 0.0000e+00 5.0000e+00 1.0000e+01 1.0000e+00 1.0000e+00 0.0000e+00 0.0000e+00 9.1000e+01 0.0000e+00 1.0000e+00 0.0000e+00 0.0000e+00 0.0000e+00 0.0000e+00 1.0000e+00 0.0000e+00 0.0000e+00 2.0000e+00 4.9000e+01 5.0000e+00 8.0000e+00 0.0000e+00
0.0000e+00 1.0000e+00 0.0000e+00 3.0000e+00 1.5000e+01 0.0000e+00 0.0000e+00 0.0000e+00 0.0000e+00 1.0000e+00 0.0000e+00 3.0000e+00 0.0000e+00 4.0000e+00 1.4000e+01 3.0000e+00 1.0000e+00 0.0000e+00 0.0000e+00 0.0000e+00 3.0000e+00 2.0000e+00 0.0000e+00 4.0000e+00 0.0000e+00 4.0000e+00 3.0000e+00 3.6000e+01 0.0000e+00 0.0000e+00 0.0000e+00 2.0000e+00 1.0000e+00 0.0000e+00 0.0000e+00 6.0000e+00 0.0000e+00 5.1530e+03 0.0000e+00 0.0000e+00 2.0000e+00 1.0000e+00 5.0000e+00 1.0000e+00 0.0000e+00 3.0000e+00 1.0000e+00 0.0000e+00 2.0000e+00 0.0000e+00
6.5000e+01 2.0000e+00 0.0000e+00 7.2000e+01 1.0600e+02 6.6000e+01 0.0000e+00 2.0000e+00 2.0000e+00 1.0500e+02 2.0000e+00 2.4000e+01 1.0000e+00 1.0000e+00 1.7000e+01 2.4000e+01 5.0000e+00 4.0000e+00 1.0000e+00 9.0000e+00 0.0000e+00 2.0000e+00 3.0000e+00 4.1000e+01 1.2000e+01 8.0000e+00 6.0000e+00 4.0000e+00 2.0000e+00 9.0000e+00 0.0000e+00 1.0000e+00 3.0000e+00 0.0000e+00 0.0000e+00 1.5000e+01 1.0000e+00 0.0000e+00 0.0000e+00 1.2400e+02 1.0000e+00 1.0000e+00 1.1100e+02 4.0000e+00 0.0000e+00 3.3000e+01 1.0000e+00 5.4000e+01 1.3000e+01 3.0000e+00
2.0000e+00 2.0000e+00 0.0000e+00 0.0000e+00 0.0000e+00 1.3000e+01 0.0000e+00 0.0000e+00 2.0000e+00 0.0000e+00 0.0000e+00 3.0000e+00 2.0000e+00 0.0000e+00 8.0000e+00 8.0000e+00 0.0000e+00 0.0000e+00 1.0000e+00 1.0000e+00 0.0000e+00 0.0000e+00 0.0000e+00 2.0000e+00 0.0000e+00 5.0000e+00 0.0000e+00 0.0000e+00 7.0000e+00 5.0000e+00 0.0000e+00 0.0000e+00 0.0000e+00 0.0000e+00 0.0000e+00 3.0000e+00 0.0000e+00 0.0000e+00 0.0000e+00 0.0000e+00 0.0000e+00 1.1000e+01 3.0000e+00 4.0000e+00 0.0000e+00 2.0000e+00 0.0000e+00 1.0000e+00 2.0000e+00 0.0000e+00
1.0000e+00 0.0000e+00 0.0000e+00 1.0000e+00 0.0000e+00 1.0000e+00 0.0000e+00 0.0000e+00 1.0000e+00 2.0000e+00 1.0000e+00 0.0000e+00 0.0000e+00 0.0000e+00 1.0000e+00 0.0000e+00 2.0000e+00 0.0000e+00 0.0000e+00 5.0000e+00 0.0000e+00 0.0000e+00 0.0000e+00 0.0000e+00 2.0000e+00 7.0000e+00 0.0000e+00 0.0000e+00 1.0000e+00 0.0000e+00 0.0000e+00 1.0000e+00 1.0000e+00 0.0000e+00 0.0000e+00 0.0000e+00 1.0000e+00 0.0000e+00 0.0000e+00 0.0000e+00 1.0000e+00 3.0000e+00 3.0000e+00 3.0000e+00 0.0000e+00 0.0000e+00 0.0000e+00 1.0000e+00 1.0000e+00 0.0000e+00
2.0000e+00 4.0000e+00 1.4000e+01 6.8000e+01 4.0000e+01 2.5000e+01 0.0000e+00 3.0000e+00 3.0000e+00 2.9000e+01 1.4000e+01 8.0000e+00 1.0000e+00 1.0000e+00 2.2000e+01 3.0000e+00 3.0000e+01 4.0000e+00 2.0000e+00 4.0000e+00 7.0000e+00 1.0000e+00 1.0000e+00 7.0000e+00 2.7000e+01 1.5000e+01 1.5000e+01 1.2000e+01 5.0000e+00 5.0000e+00 4.0000e+00 3.0000e+00 1.0000e+01 0.0000e+00 0.0000e+00 5.0000e+00 1.0000e+00 0.0000e+00 0.0000e+00 1.7000e+01 5.0000e+00 3.0000e+00 2.7000e+01 4.0000e+00 0.0000e+00 8.0000e+00 5.0000e+00 2.0000e+00 1.3000e+01 4.0000e+00
2.0000e+00 1.0000e+00 5.0000e+00 5.0000e+00 1.0000e+00 1.0000e+00 0.0000e+00 4.0000e+00 6.0000e+00 2.0000e+00 5.0000e+00 2.0000e+00 1.0000e+00 0.0000e+00 2.0000e+00 2.0000e+00 0.0000e+00 0.0000e+00 0.0000e+00 1.0000e+00 3.0000e+00 1.0000e+00 1.0000e+00 2.0000e+00 2.0000e+00 2.0000e+00 1.7000e+01 3.0000e+00 1.3000e+01 7.0000e+00 0.0000e+00 4.0000e+00 3.0000e+00 0.0000e+00 0.0000e+00 0.0000e+00 0.0000e+00 0.0000e+00 0.0000e+00 2.0000e+00 2.0000e+00 2.0000e+00 1.2000e+01 0.0000e+00 0.0000e+00 1.0000e+00 4.0000e+00 4.0000e+00 0.0000e+00 1.0000e+00
0.0000e+00 1.5000e+01 0.0000e+00 0.0000e+00 1.0000e+01 9.0000e+00 0.0000e+00 3.0000e+00 0.0000e+00 1.2600e+02 1.3120e+03 0.0000e+00 0.0000e+00 7.0000e+00 3.6000e+01 2.4600e+02 1.0000e+00 0.0000e+00 0.0000e+00 0.0000e+00 8.9000e+01 0.0000e+00 3.0000e+00 0.0000e+00 6.9000e+01 4.0000e+00 1.0000e+00 1.0000e+00 1.0000e+00 2.6000e+01 2.0000e+00 1.0000e+00 3.0000e+00 0.0000e+00 0.0000e+00 4.3000e+01 0.0000e+00 0.0000e+00 0.0000e+00 1.0000e+01 5.0000e+00 2.0000e+00 4.6000e+01 1.0000e+00 0.0000e+00 0.0000e+00 9.9000e+01 1.7200e+02 3.0000e+00 1.0000e+01
3.0000e+00 2.0000e+00 4.0000e+00 2.0000e+00 1.0000e+01 5.0000e+00 0.0000e+00 1.0000e+00 5.0000e+00 0.0000e+00 1.0000e+00 1.7000e+01 5.0000e+00 1.0000e+00 7.2000e+01 1.5300e+02 1.0000e+00 1.0000e+00 1.0000e+00 6.0000e+00 2.0000e+00 8.0000e+00 2.0000e+00 2.0000e+00 1.0000e+00 3.6000e+01 0.0000e+00 2.0000e+00 4.0000e+00 1.2700e+02 2.0000e+00 1.0000e+00 2.0000e+00 0.0000e+00 0.0000e+00 1.8000e+01 0.0000e+00 0.0000e+00 0.0000e+00 7.0000e+00 1.0000e+00 4.0000e+00 4.0000e+01 3.0000e+00 0.0000e+00 1.0000e+00 2.0000e+00 8.0000e+00 1.0000e+00 5.0000e+00
4.0000e+00 2.0000e+00 2.0000e+00 2.0000e+01 3.0000e+00 1.9000e+01 0.0000e+00 3.0000e+00 1.0000e+00 2.0000e+00 0.0000e+00 1.0000e+00 0.0000e+00 0.0000e+00 0.0000e+00 3.9000e+01 0.0000e+00 0.0000e+00 1.0000e+00 2.0000e+00 0.0000e+00 1.0000e+00 1.0000e+00 1.0000e+00 0.0000e+00 5.0000e+00 7.0000e+00 0.0000e+00 4.0000e+00 2.3000e+01 3.0000e+00 1.0000e+00 1.0000e+00 0.0000e+00 0.0000e+00 1.0000e+00 0.0000e+00 0.0000e+00 0.0000e+00 3.0000e+00 0.0000e+00 2.0000e+01 6.0000e+00 0.0000e+00 0.0000e+00 8.0000e+00 0.0000e+00 2.0000e+00 1.0000e+00 2.0000e+00
4.7000e+01 3.0000e+01 6.5000e+01 1.7000e+01 1.2000e+02 1.7000e+01 0.0000e+00 4.8800e+02 6.3000e+01 8.4000e+01 2.7000e+01 4.6000e+01 2.8000e+02 4.5000e+01 5.4000e+01 2.6600e+02 1.3000e+01 3.0000e+01 2.3000e+01 2.7000e+01 1.7000e+01 9.0000e+00 6.4000e+01 7.4000e+01 1.1000e+01 2.4000e+01 2.0000e+00 8.0000e+00 1.1000e+02 1.0000e+01 3.5000e+01 1.0000e+00 1.7000e+01 0.0000e+00 0.0000e+00 2.1000e+01 2.1000e+01 0.0000e+00 0.0000e+00 6.7000e+01 5.1000e+01 1.0000e+00 3.2000e+01 1.0000e+02 0.0000e+00 1.1500e+02 5.1000e+01 2.2000e+01 1.6000e+01 3.2000e+01
0.0000e+00 0.0000e+00 0.0000e+00 0.0000e+00 0.0000e+00 4.0000e+00 0.0000e+00 1.0000e+00 2.0000e+00 0.0000e+00 3.0000e+00 0.0000e+00 0.0000e+00 0.0000e+00 1.0000e+00 3.0000e+00 0.0000e+00 0.0000e+00 0.0000e+00 0.0000e+00 2.0000e+00 2.0000e+00 0.0000e+00 1.0000e+00 0.0000e+00 0.0000e+00 0.0000e+00 0.0000e+00 0.0000e+00 0.0000e+00 0.0000e+00 0.0000e+00 0.0000e+00 0.0000e+00 0.0000e+00 1.0000e+00 0.0000e+00 0.0000e+00 0.0000e+00 0.0000e+00 0.0000e+00 0.0000e+00 1.0000e+00 8.0000e+00 0.0000e+00 1.0000e+00 0.0000e+00 6.0000e+00 0.0000e+00 0.0000e+00
6.0000e+01 1.2800e+02 1.3300e+02 4.0400e+02 2.4720e+03 5.2210e+03 0.0000e+00 1.4300e+02 8.2000e+01 5.8800e+02 4.4900e+02 1.5690e+03 3.6100e+02 1.0700e+02 4.6010e+03 1.3500e+02 1.8690e+03 2.0500e+02 5.6370e+03 8.3100e+02 5.3590e+03 1.5200e+02 1.5690e+03 3.2800e+02 1.3900e+02 5.0920e+03 1.4500e+02 2.3300e+02 2.3200e+03 4.8890e+03 2.3700e+02 4.3200e+03 8.8000e+01 0.0000e+00 0.0000e+00 2.0200e+02 2.9310e+03 0.0000e+00 0.0000e+00 8.6000e+01 1.4800e+02 4.0150e+03 1.0600e+02 1.3100e+02 0.0000e+00 3.6800e+02 2.0000e+01 1.4400e+02 1.7200e+02 5.3410e+03
1.0000e+00 0.0000e+00 0.0000e+00 2.0000e+00 0.0000e+00 0.0000e+00 0.0000e+00 1.0000e+00 0.0000e+00 2.2000e+01 1.0000e+00 0.0000e+00 0.0000e+00 0.0000e+00 0.0000e+00 1.0000e+00 1.0000e+00 2.0000e+00 0.0000e+00 1.0000e+00 0.0000e+00 1.0000e+00 0.0000e+00 1.1000e+01 0.0000e+00 0.0000e+00 2.0000e+00 0.0000e+00 0.0000e+00 0.0000e+00 0.0000e+00 0.0000e+00 7.0000e+00 0.0000e+00 0.0000e+00 0.0000e+00 0.0000e+00 0.0000e+00 0.0000e+00 2.0000e+00 0.0000e+00 6.0000e+00 8.0000e+00 1.0000e+00 0.0000e+00 0.0000e+00 8.0000e+00 4.0000e+00 0.0000e+00 0.0000e+00
2.0000e+00 0.0000e+00 1.0000e+00 2.4000e+01 2.0000e+00 0.0000e+00 0.0000e+00 3.0000e+00 0.0000e+00 1.0000e+00 1.0000e+01 2.0000e+00 0.0000e+00 5.0000e+00 0.0000e+00 1.3000e+01 0.0000e+00 1.0000e+00 0.0000e+00 1.0000e+00 0.0000e+00 7.0000e+00 1.0000e+00 3.8000e+01 1.0000e+00 0.0000e+00 1.3000e+01 0.0000e+00 1.3000e+01 0.0000e+00 0.0000e+00 0.0000e+00 1.0000e+00 0.0000e+00 0.0000e+00 8.0000e+00 1.5000e+01 0.0000e+00 0.0000e+00 2.8000e+01 3.0000e+00 2.0000e+00 1.5100e+02 2.0000e+00 0.0000e+00 0.0000e+00 1.2000e+01 6.0000e+00 1.0000e+00 0.0000e+00
4.8000e+01 4.9800e+02 3.1900e+02 6.9000e+01 4.0000e+00 0.0000e+00 0.0000e+00 1.0000e+00 3.3000e+01 4.4700e+02 0.0000e+00 1.2800e+02 3.9600e+02 1.0680e+03 0.0000e+00 4.6700e+02 3.0000e+00 4.0000e+02 0.0000e+00 3.0100e+02 0.0000e+00 1.0000e+00 8.0000e+00 3.0800e+02 3.6900e+02 0.0000e+00 5.1000e+01 3.0000e+01 4.5000e+01 0.0000e+00 1.0000e+00 0.0000e+00 4.0000e+00 0.0000e+00 0.0000e+00 4.8420e+03 1.0000e+00 0.0000e+00 0.0000e+00 2.0000e+00 2.6000e+01 3.9000e+01 1.1400e+02 0.0000e+00 0.0000e+00 1.0000e+00 1.2600e+02 1.5400e+02 1.0000e+00 0.0000e+00
1.0000e+02 6.5000e+01 4.0480e+03 7.2600e+02 6.6000e+01 0.0000e+00 0.0000e+00 6.5000e+01 3.6000e+01 1.9800e+02 7.6000e+01 4.5000e+01 1.1400e+02 2.9900e+02 0.0000e+00 3.8900e+02 3.7000e+02 2.0800e+02 0.0000e+00 9.0000e+00 0.0000e+00 7.5000e+01 3.2000e+01 2.1400e+02 1.0500e+02 0.0000e+00 1.3300e+02 3.3000e+01 3.3900e+02 0.0000e+00 4.9820e+03 0.0000e+00 2.9000e+02 0.0000e+00 0.0000e+00 0.0000e+00 1.5900e+02 0.0000e+00 0.0000e+00 1.2000e+02 3.1000e+01 1.2400e+02 5.1000e+01 2.4100e+02 0.0000e+00 1.4540e+03 4.1000e+01 1.2000e+02 1.9100e+02 0.0000e+00
5.7000e+01 1.0000e+00 2.2000e+01 1.0000e+00 2.0000e+00 0.0000e+00 0.0000e+00 0.0000e+00 0.0000e+00 8.0000e+00 5.0000e+00 0.0000e+00 0.0000e+00 2.0000e+00 0.0000e+00 0.0000e+00 2.0000e+00 1.0000e+00 0.0000e+00 1.0000e+00 0.0000e+00 5.0000e+00 1.1000e+01 3.0000e+00 1.2000e+01 0.0000e+00 2.0000e+00 0.0000e+00 2.0000e+00 0.0000e+00 0.0000e+00 0.0000e+00 0.0000e+00 0.0000e+00 0.0000e+00 0.0000e+00 0.0000e+00 0.0000e+00 0.0000e+00 1.0000e+00 0.0000e+00 6.0000e+00 1.0000e+00 1.0000e+00 0.0000e+00 7.0000e+00 7.0000e+00 1.5000e+01 6.0000e+00 0.0000e+00
3.9300e+03 4.4540e+03 4.9600e+02 2.8560e+03 1.5100e+03 0.0000e+00 0.0000e+00 4.1650e+03 5.0910e+03 1.0760e+03 3.0820e+03 3.1720e+03 3.7320e+03 3.1660e+03 0.0000e+00 2.7570e+03 2.0240e+03 4.3790e+03 0.0000e+00 4.0430e+03 0.0000e+00 4.2950e+03 3.1250e+03 3.1210e+03 3.7810e+03 0.0000e+00 5.0480e+03 4.9660e+03 1.1430e+03 0.0000e+00 0.0000e+00 0.0000e+00 4.3440e+03 0.0000e+00 0.0000e+00 0.0000e+00 1.8120e+03 0.0000e+00 0.0000e+00 3.3470e+03 5.1100e+03 4.1100e+02 3.6740e+03 4.2660e+03 0.0000e+00 2.8220e+03 5.0240e+03 4.2950e+03 5.0120e+03 0.0000e+00
0.0000e+00 0.0000e+00 1.0000e+00 0.0000e+00 3.0000e+00 0.0000e+00 0.0000e+00 0.0000e+00 2.0000e+00 1.0000e+00 0.0000e+00 0.0000e+00 2.0000e+00 0.0000e+00 0.0000e+00 1.0000e+00 2.0000e+00 0.0000e+00 0.0000e+00 0.0000e+00 0.0000e+00 4.0000e+00 0.0000e+00 0.0000e+00 0.0000e+00 0.0000e+00 0.0000e+00 0.0000e+00 1.0000e+00 0.0000e+00 0.0000e+00 0.0000e+00 0.0000e+00 0.0000e+00 0.0000e+00 0.0000e+00 0.0000e+00 0.0000e+00 0.0000e+00 0.0000e+00 0.0000e+00 0.0000e+00 1.0000e+01 0.0000e+00 0.0000e+00 1.0000e+00 0.0000e+00 0.0000e+00 0.0000e+00 0.0000e+00
0.0000e+00 0.0000e+00 1.0000e+00 3.0000e+00 3.0000e+00 0.0000e+00 0.0000e+00 0.0000e+00 0.0000e+00 0.0000e+00 6.0000e+00 0.0000e+00 0.0000e+00 2.0000e+00 0.0000e+00 0.0000e+00 2.0000e+00 1.0000e+00 0.0000e+00 0.0000e+00 0.0000e+00 1.0000e+00 4.0000e+00 1.0000e+00 0.0000e+00 0.0000e+00 0.0000e+00 0.0000e+00 1.0000e+00 0.0000e+00 0.0000e+00 0.0000e+00 0.0000e+00 0.0000e+00 0.0000e+00 0.0000e+00 0.0000e+00 0.0000e+00 0.0000e+00 6.7000e+01 0.0000e+00 0.0000e+00 0.0000e+00 3.0000e+00 0.0000e+00 1.0000e+00 0.0000e+00 0.0000e+00 0.0000e+00 0.0000e+00
1.0000e+01 0.0000e+00 1.0000e+00 7.0000e+00 1.0000e+00 0.0000e+00 0.0000e+00 2.0000e+00 2.0000e+00 9.0000e+00 4.0000e+00 1.1000e+01 0.0000e+00 2.0000e+00 0.0000e+00 5.0000e+00 0.0000e+00 2.0000e+00 0.0000e+00 0.0000e+00 0.0000e+00 1.0000e+00 0.0000e+00 2.0000e+00 5.0000e+00 0.0000e+00 0.0000e+00 0.0000e+00 2.0000e+00 0.0000e+00 0.0000e+00 0.0000e+00 1.0000e+00 0.0000e+00 0.0000e+00 0.0000e+00 1.0000e+00 0.0000e+00 0.0000e+00 3.0000e+00 0.0000e+00 6.0000e+00 5.0000e+00 6.0000e+00 0.0000e+00 9.0000e+00 0.0000e+00 0.0000e+00 0.0000e+00 0.0000e+00
1.0000e+00 0.0000e+00 7.0000e+00 5.0000e+00 5.0000e+00 0.0000e+00 0.0000e+00 1.0000e+00 2.0000e+00 1.0000e+00 7.0000e+00 2.0000e+00 0.0000e+00 6.0000e+00 0.0000e+00 1.0000e+01 2.0000e+00 4.0000e+00 0.0000e+00 0.0000e+00 0.0000e+00 0.0000e+00 0.0000e+00 9.0000e+00 3.0000e+00 0.0000e+00 0.0000e+00 0.0000e+00 3.0000e+00 0.0000e+00 0.0000e+00 0.0000e+00 4.0000e+00 0.0000e+00 0.0000e+00 0.0000e+00 7.0000e+00 0.0000e+00 0.0000e+00 8.0000e+00 0.0000e+00 2.0000e+00 3.0000e+00 5.0000e+00 0.0000e+00 1.0000e+00 0.0000e+00 0.0000e+00 0.0000e+00 0.0000e+00
1.0000e+00 0.0000e+00 2.0000e+00 0.0000e+00 4.0000e+00 0.0000e+00 0.0000e+00 0.0000e+00 2.0000e+00 0.0000e+00 0.0000e+00 0.0000e+00 0.0000e+00 1.0000e+00 0.0000e+00 2.0000e+00 1.0000e+00 0.0000e+00 0.0000e+00 0.0000e+00 0.0000e+00 0.0000e+00 0.0000e+00 1.0000e+00 4.0000e+00 0.0000e+00 0.0000e+00 0.0000e+00 1.0000e+00 0.0000e+00 0.0000e+00 0.0000e+00 0.0000e+00 0.0000e+00 0.0000e+00 0.0000e+00 0.0000e+00 0.0000e+00 0.0000e+00 0.0000e+00 0.0000e+00 0.0000e+00 6.0000e+00 0.0000e+00 0.0000e+00 4.0000e+00 0.0000e+00 0.0000e+00 0.0000e+00 0.0000e+00
7.0000e+00 0.0000e+00 6.0000e+00 1.0900e+02 1.2000e+01 0.0000e+00 0.0000e+00 4.0000e+00 1.6000e+01 5.0000e+00 1.2000e+01 7.0000e+00 3.0000e+00 1.1000e+01 0.0000e+00 1.2000e+01 5.0000e+00 0.0000e+00 0.0000e+00 0.0000e+00 0.0000e+00 2.3000e+01 3.0000e+00 4.0000e+00 3.0000e+00 0.0000e+00 0.0000e+00 0.0000e+00 1.0000e+00 0.0000e+00 0.0000e+00 0.0000e+00 1.0000e+00 0.0000e+00 0.0000e+00 0.0000e+00 0.0000e+00 0.0000e+00 0.0000e+00 1.0000e+01 0.0000e+00 1.0000e+00 6.0000e+01 8.0000e+00 0.0000e+00 4.0000e+00 0.0000e+00 0.0000e+00 0.0000e+00 0.0000e+00
2.0000e+00 0.0000e+00 0.0000e+00 1.0000e+01 5.0000e+00 0.0000e+00 0.0000e+00 1.0000e+00 2.0000e+00 0.0000e+00 2.0000e+00 1.0000e+00 0.0000e+00 3.0000e+00 0.0000e+00 2.0000e+00 1.0000e+00 2.0000e+00 0.0000e+00 0.0000e+00 0.0000e+00 3.0000e+00 2.0000e+00 3.0000e+00 7.0000e+00 0.0000e+00 0.0000e+00 0.0000e+00 0.0000e+00 0.0000e+00 0.0000e+00 0.0000e+00 0.0000e+00 0.0000e+00 0.0000e+00 0.0000e+00 0.0000e+00 0.0000e+00 0.0000e+00 1.0000e+00 0.0000e+00 0.0000e+00 2.1000e+01 4.0000e+00 0.0000e+00 4.0000e+00 0.0000e+00 0.0000e+00 0.0000e+00 0.0000e+00
0.0000e+00 0.0000e+00 0.0000e+00 8.0000e+00 4.4000e+01 0.0000e+00 0.0000e+00 5.0000e+00 2.0000e+00 1.6560e+03 0.0000e+00 1.0000e+00 7.0000e+00 2.0000e+00 0.0000e+00 9.0000e+00 1.0000e+00 0.0000e+00 0.0000e+00 0.0000e+00 0.0000e+00 7.0000e+00 3.0000e+00 9.0000e+00 8.0000e+00 0.0000e+00 0.0000e+00 0.0000e+00 7.4000e+01 0.0000e+00 0.0000e+00 0.0000e+00 6.5000e+01 0.0000e+00 0.0000e+00 0.0000e+00 0.0000e+00 0.0000e+00 0.0000e+00 2.0000e+00 0.0000e+00 6.0000e+00 5.0000e+01 2.2000e+01 0.0000e+00 4.0000e+00 0.0000e+00 0.0000e+00 0.0000e+00 0.0000e+00
