3.8000e+01 8.0000e+00 7.0000e+00 1.1700e+02 4.5000e+01 3.1000e+01 4.0000e+00 8.0000e+00 4.1550e+03 5.6120e+03
9.0000e+00 3.3000e+01 5.0000e+00 5.4130e+03 1.5300e+02 7.0000e+00 4.9000e+01 1.2000e+01 7.0000e+00 3.9610e+03
2.4620e+03 8.0000e+00 5.0000e+00 3.2000e+01 6.8990e+03 2.8000e+01 6.6700e+02 7.8800e+02 5.2000e+01 2.5000e+01
1.7000e+01 1.4000e+01 2.6000e+01 4.0000e+00 2.8200e+02 9.7110e+03 3.0000e+00 3.1000e+01 3.1000e+01 6.0000e+00
8.0000e+00 1.2000e+01 9.1340e+03 6.2000e+01 3.0000e+01 2.1000e+01 8.0000e+00 1.5600e+02 1.1000e+01 8.0000e+00
6.3000e+01 7.0000e+00 5.0000e+00 9.0000e+00 5.4000e+01 1.1000e+01 9.0930e+03 2.5700e+02 9.0000e+00 5.5000e+01
7.2720e+03 3.5000e+01 1.2000e+01 1.9000e+01 2.3390e+03 1.3800e+02 4.3000e+01 1.6000e+01 9.4000e+01 1.2100e+02
2.2000e+01 9.3900e+02 8.3000e+02 2.4000e+01 1.0000e+01 2.0000e+01 4.2000e+01 8.6420e+03 4.9000e+01 7.0000e+00
1.3000e+01 4.7000e+01 1.3000e+01 4.2360e+03 2.6100e+02 1.0000e+01 1.7000e+01 1.5300e+02 5.6070e+03 4.4000e+01
6.0000e+00 8.9880e+03 8.0000e+00 1.6000e+01 1.2000e+01 1.5000e+01 1.3000e+01 2.2000e+01 4.6000e+01 2.1000e+01
