3.4000e+01 2.0000e+00 1.0000e+00 9.0000e+01 2.1000e+01 1.6000e+01 0.0000e+00 0.0000e+00 3.7900e+03 5.4370e+03
2.0000e+00 2.0000e+01 0.0000e+00 5.3960e+03 9.7000e+01 0.0000e+00 4.2000e+01 2.0000e+00 0.0000e+00 3.8330e+03
2.4170e+03 2.0000e+00 0.0000e+00 1.7000e+01 5.3710e+03 1.3000e+01 6.4900e+02 6.1500e+02 3.0000e+01 1.2000e+01
1.5000e+01 9.0000e+00 2.2000e+01 3.0000e+00 2.0400e+02 9.5340e+03 0.0000e+00 1.5000e+01 1.7000e+01 3.0000e+00
0.0000e+00 2.0000e+00 8.0300e+03 3.4000e+01 8.0000e+00 6.0000e+00 0.0000e+00 9.0000e+01 1.0000e+00 0.0000e+00
4.3000e+01 1.0000e+00 0.0000e+00 1.0000e+00 2.5000e+01 2.0000e+00 8.7710e+03 1.8100e+02 1.0000e+00 3.5000e+01
6.0240e+03 1.6000e+01 2.0000e+00 5.0000e+00 1.5000e+03 8.1000e+01 2.1000e+01 2.0000e+00 5.1000e+01 7.4000e+01
1.0000e+01 9.0400e+02 7.9800e+02 1.1000e+01 0.0000e+00 7.0000e+00 2.5000e+01 7.1500e+03 2.7000e+01 0.0000e+00
2.0000e+00 2.3000e+01 2.0000e+00 3.2570e+03 1.3500e+02 0.0000e+00 4.0000e+00 8.0000e+01 4.1100e+03 1.9000e+01
0.0000e+00 8.9340e+03 1.0000e+00 5.0000e+00 1.0000e+00 4.0000e+00 4.0000e+00 7.0000e+00 2.5000e+01 9.0000e+00
