2.8100e+02 8.0000e+00 8.0000e+00 3.7000e+01 1.4500e+02 3.4000e+01 2.9000e+01 1.5000e+01 9.6310e+03 8.0990e+03
1.3000e+01 2.9000e+01 1.0000e+01 1.0074e+04 1.0800e+02 1.0000e+01 1.1600e+02 8.0000e+00 1.1000e+01 1.7400e+03
9.3540e+03 1.1000e+01 8.0000e+00 0.0000e+00 8.6900e+03 2.7000e+01 5.5730e+03 1.3950e+03 5.1000e+01 0.0000e+00
7.9000e+01 1.7100e+02 2.2500e+02 0.0000e+00 8.1200e+02 9.8940e+03 8.0000e+00 2.3000e+01 2.1000e+01 0.0000e+00
6.0000e+00 6.0000e+00 7.0100e+02 0.0000e+00 2.1000e+01 0.0000e+00 1.0000e+01 6.4000e+01 9.0000e+00 0.0000e+00
4.8000e+01 1.0000e+01 6.0000e+00 0.0000e+00 7.0000e+01 0.0000e+00 4.4080e+03 4.3200e+02 1.4000e+01 0.0000e+00
1.2200e+02 1.0000e+01 1.5000e+01 0.0000e+00 1.3200e+02 0.0000e+00 3.4000e+01 1.6000e+01 2.4000e+01 0.0000e+00
4.1000e+01 7.3510e+03 9.0290e+03 0.0000e+00 9.0000e+00 0.0000e+00 4.9000e+01 7.8220e+03 5.0000e+01 0.0000e+00
8.0000e+00 1.9000e+01 1.0000e+01 0.0000e+00 7.9000e+01 0.0000e+00 8.0000e+00 3.6000e+01 1.8000e+02 0.0000e+00
6.0000e+00 2.2790e+03 1.0000e+01 0.0000e+00 9.0000e+00 0.0000e+00 1.6000e+01 6.4000e+01 1.9000e+01 0.0000e+00
