7.0000e+00 1.0000e+00 1.0000e+00 3.0000e+00 1.2000e+01 1.0000e+00 2.0000e+00 1.0000e+00 5.0000e+00 9.8880e+03
1.0000e+00 1.0000e+00 2.0000e+00 9.9580e+03 3.0000e+00 2.0000e+00 1.0000e+00 1.0000e+00 2.0000e+00 3.7000e+01
7.5500e+02 1.0000e+00 1.0000e+00 1.4000e+01 9.9400e+03 4.0000e+00 5.6500e+02 1.0100e+02 1.1000e+01 4.0000e+00
5.0000e+00 1.0000e+00 3.0000e+00 1.0000e+00 1.0000e+00 9.9410e+03 2.0000e+00 1.0000e+00 2.0000e+00 1.6000e+01
1.0000e+00 1.0000e+00 9.2760e+03 1.0000e+00 1.0000e+00 1.0000e+00 1.0000e+00 1.0000e+00 1.0000e+00 1.0000e+00
4.0000e+00 1.0000e+00 1.0000e+00 1.0000e+00 4.0000e+01 1.0000e+00 9.3210e+03 1.0000e+00 1.0000e+00 1.0000e+00
9.1790e+03 1.0000e+00 1.0000e+00 1.0000e+00 1.0000e+00 2.0000e+00 1.0000e+00 1.0000e+00 3.0000e+00 9.0000e+00
1.0000e+00 1.0000e+00 6.6000e+02 1.0000e+00 1.0000e+00 2.0000e+00 1.0000e+00 9.9300e+03 1.0000e+00 1.0000e+00
1.0000e+00 1.0000e+00 1.0000e+00 7.4000e+01 9.0000e+00 1.0000e+00 2.0000e+00 3.0000e+00 1.0073e+04 1.0000e+00
0.0000e+00 1.0065e+04 1.0000e+00 1.0000e+00 1.0000e+00 2.0000e+00 1.0000e+00 1.0000e+00 3.0000e+00 6.0000e+00
