8.4000e-01 1.5000e-01 2.7778e-01 7.5000e-01 6.3636e-01 5.6000e-01 4.2857e-01 3.1579e-01 8.3333e-01 9.6939e-01
1.6667e-01 7.9167e-01 4.3478e-01 9.9725e-01 4.5455e-01 1.6667e-01 8.7500e-01 9.0909e-02 1.8750e-01 9.6774e-01
9.6690e-01 3.2000e-01 4.7619e-02 5.0000e-01 7.8525e-01 6.9231e-01 9.8626e-01 7.6923e-01 6.0000e-01 3.2000e-01
6.6667e-01 7.5000e-01 7.3913e-01 6.2500e-01 7.5000e-01 9.8029e-01 1.7647e-01 3.6842e-01 4.1176e-01 8.1250e-01
1.1765e-01 1.9048e-01 8.8009e-01 7.3333e-01 2.8571e-01 3.1250e-01 4.5455e-02 6.2500e-01 1.4286e-01 1.7647e-01
6.9444e-01 3.3333e-01 5.5556e-02 5.8824e-02 4.4000e-01 2.5000e-01 9.6680e-01 7.3077e-01 2.3077e-01 4.3750e-01
8.3048e-01 3.6000e-01 3.9130e-01 3.0435e-01 4.7619e-01 5.0000e-01 6.0000e-01 3.0769e-01 4.2857e-01 5.8824e-01
5.2174e-01 9.7522e-01 9.4708e-01 2.2727e-01 0.0000e+00 4.6154e-01 6.9231e-01 8.3100e-01 6.1905e-01 4.3478e-02
1.6667e-01 5.0000e-01 1.5789e-01 5.6250e-01 4.4444e-01 1.3043e-01 4.1176e-01 5.2174e-01 7.3735e-01 5.0000e-01
4.5455e-02 9.9448e-01 1.7391e-01 1.6667e-01 1.2000e-01 1.7391e-01 2.8571e-01 4.1176e-01 6.0000e-01 6.4000e-01
