2.0000e+01 1.9000e+01 2.1000e+01 2.0000e+01 2.2000e+01 2.0000e+01 2.3000e+01 1.9000e+01 9.5260e+03 7.6400e+02
2.3000e+01 2.4000e+01 2.2000e+01 4.9800e+02 3.9000e+01 2.3000e+01 2.2000e+01 2.7000e+01 2.6000e+01 9.0870e+03
8.0810e+03 1.4000e+01 2.0000e+01 2.4000e+01 2.0000e+01 2.1000e+01 9.2800e+02 2.2000e+01 2.4000e+01 2.4000e+01
3.3000e+01 3.0000e+01 2.5000e+01 2.0000e+01 1.5000e+01 9.8180e+03 3.1000e+01 2.6000e+01 1.6000e+01 2.0000e+01
2.2000e+01 1.6000e+01 9.4380e+03 4.3000e+01 1.9000e+01 2.4000e+01 1.9000e+01 1.9000e+01 1.9000e+01 1.9000e+01
1.8000e+01 2.2000e+01 1.5000e+01 1.8000e+01 1.8000e+01 2.2000e+01 9.0600e+03 4.9000e+01 1.9000e+01 1.9000e+01
1.6640e+03 2.4000e+01 2.1000e+01 2.1000e+01 9.8060e+03 3.6000e+01 1.7000e+01 1.8000e+01 2.4000e+01 1.7000e+01
2.5000e+01 4.8800e+02 5.6100e+02 3.4000e+01 2.9000e+01 2.3000e+01 2.8000e+01 9.8290e+03 2.4000e+01 1.8000e+01
2.3000e+01 2.2000e+01 2.2000e+01 9.2060e+03 2.7000e+01 2.3000e+01 1.8000e+01 2.7000e+01 8.1000e+01 2.2000e+01
1.5000e+01 9.2780e+03 1.9000e+01 2.3000e+01 2.2000e+01 2.4000e+01 2.3000e+01 1.6000e+01 2.9000e+01 1.8000e+01
