9.0000e+01 1.0000e+00 0.0000e+00 3.8000e+01 2.0000e+01 1.8000e+01 0.0000e+00 2.0000e+00 3.3170e+03 6.0370e+03
3.0000e+00 6.0000e+00 1.0000e+00 5.9930e+03 2.3000e+01 1.0000e+01 3.7000e+01 0.0000e+00 5.0000e+00 3.4640e+03
1.8450e+03 5.0000e+00 0.0000e+00 2.8000e+01 5.8100e+03 3.1000e+01 9.2300e+02 4.5600e+02 9.0000e+00 1.1000e+01
9.0000e+00 1.0000e+01 7.0000e+00 2.1000e+01 2.3800e+02 9.3700e+03 0.0000e+00 1.1000e+01 6.0000e+00 1.0000e+01
1.0000e+00 2.0000e+00 7.8980e+03 9.9000e+01 8.0000e+00 9.0000e+00 1.0000e+00 4.8000e+01 3.0000e+00 2.0000e+00
2.9000e+01 6.0000e+00 1.0000e+00 1.0000e+00 3.6000e+01 9.0000e+00 8.5680e+03 3.4500e+02 0.0000e+00 2.4000e+01
6.5200e+03 1.4000e+01 0.0000e+00 4.0000e+00 1.1020e+03 5.7000e+01 2.2000e+01 1.0000e+00 7.0000e+00 2.3000e+01
4.0000e+00 9.4600e+02 7.7600e+02 6.0000e+00 0.0000e+00 1.0000e+01 1.5000e+01 7.1960e+03 3.4000e+01 0.0000e+00
5.0000e+00 2.2000e+01 0.0000e+00 2.9520e+03 1.6600e+02 0.0000e+00 2.1000e+01 7.5000e+01 4.4890e+03 1.2000e+01
1.0000e+00 8.8520e+03 4.0000e+00 0.0000e+00 3.0000e+00 7.0000e+00 1.0000e+00 2.6000e+01 1.4000e+01 3.6000e+01
