2.8571e-01 0.0000e+00 2.5000e-01 3.5000e-01 0.0000e+00 6.9565e-01 9.0415e-01 2.3077e-01 2.5000e-01 1.6667e-01 3.5294e-01 2.8571e-01 1.0000e-01 3.5294e-01 0.0000e+00 2.8571e-01 3.8462e-01 1.1111e-01 0.0000e+00 1.1111e-01 1.1111e-01 0.0000e+00 0.0000e+00 3.6842e-01 0.0000e+00 1.1111e-01 3.3333e-01 1.1111e-01 2.7778e-01 2.0000e-01 2.0000e-01 1.1111e-01 2.3077e-01 2.5000e-01 4.2105e-01 5.4545e-01 1.1111e-01 4.2857e-01 9.0826e-01 6.2500e-01 2.0000e-01 1.1111e-01 6.6154e-01 2.3077e-01 4.2105e-01 4.1667e-01 5.4839e-01 4.5833e-01 3.5294e-01 2.5000e-01
2.5000e-01 0.0000e+00 0.0000e+00 4.6875e-01 2.3077e-01 6.8182e-01 2.0000e-01 1.1111e-01 3.3333e-01 2.1429e-01 1.8182e-01 5.6757e-01 0.0000e+00 2.3077e-01 3.3333e-01 5.3333e-01 4.7619e-01 1.1111e-01 0.0000e+00 1.1111e-01 7.2289e-01 4.3478e-01 2.3077e-01 1.1111e-01 4.3478e-01 1.1111e-01 0.0000e+00 2.5000e-01 3.3333e-01 8.2000e-01 2.0000e-01 9.0885e-01 4.6667e-01 1.1111e-01 1.0000e+00 1.1111e-01 0.0000e+00 5.7143e-01 1.0000e+00 0.0000e+00 1.1111e-01 0.0000e+00 7.9897e-01 5.0000e-01 8.2629e-01 1.1111e-01 1.1111e-01 1.1111e-01 1.1111e-01 1.1111e-01
1.8182e-01 0.0000e+00 0.0000e+00 0.0000e+00 0.0000e+00 4.8000e-01 5.0000e-01 0.0000e+00 0.0000e+00 1.0000e-01 1.1111e-01 1.1111e-01 1.8182e-01 1.1111e-01 0.0000e+00 4.0000e-01 1.5385e-01 1.8182e-01 0.0000e+00 0.0000e+00 3.8889e-01 4.0000e-01 1.0000e-01 3.1250e-01 1.1111e-01 3.3333e-01 1.1111e-01 0.0000e+00 3.3333e-01 7.1605e-01 2.5000e-01 2.0000e-01 0.0000e+00 0.0000e+00 1.0000e+00 3.3333e-01 0.0000e+00 5.5882e-01 1.0000e+00 1.8182e-01 2.0000e-01 0.0000e+00 6.4407e-01 5.2941e-01 2.0000e-01 1.1111e-01 2.8571e-01 2.8571e-01 0.0000e+00 0.0000e+00
1.8182e-01 0.0000e+00 0.0000e+00 0.0000e+00 0.0000e+00 2.0000e-01 6.2222e-01 0.0000e+00 2.8571e-01 1.0000e-01 1.8182e-01 1.1111e-01 1.0000e-01 3.1250e-01 0.0000e+00 4.5833e-01 0.0000e+00 1.8182e-01 0.0000e+00 1.1111e-01 0.0000e+00 1.8182e-01 4.4444e-01 0.0000e+00 1.1111e-01 0.0000e+00 2.8571e-01 0.0000e+00 0.0000e+00 5.1724e-01 1.1111e-01 0.0000e+00 0.0000e+00 0.0000e+00 1.0000e+00 1.1111e-01 0.0000e+00 0.0000e+00 1.0000e+00 2.3077e-01 0.0000e+00 0.0000e+00 3.5294e-01 0.0000e+00 0.0000e+00 2.3077e-01 2.0000e-01 3.5294e-01 0.0000e+00 0.0000e+00
1.1111e-01 2.0000e-01 0.0000e+00 1.6667e-01 3.9130e-01 2.0000e-01 1.0000e+00 1.8182e-01 3.3333e-01 0.0000e+00 4.0000e-01 0.0000e+00 1.0000e-01 1.1111e-01 4.5455e-01 0.0000e+00 1.5385e-01 0.0000e+00 3.3333e-01 1.1111e-01 2.0000e-01 2.3077e-01 1.0000e-01 2.6667e-01 1.8182e-01 2.5000e-01 3.3333e-01 1.1111e-01 7.5477e-01 5.4545e-01 0.0000e+00 1.1111e-01 1.8182e-01 1.1111e-01 1.0000e+00 1.1111e-01 0.0000e+00 2.0000e-01 1.0000e+00 0.0000e+00 1.1111e-01 1.1111e-01 5.5556e-01 2.3077e-01 0.0000e+00 0.0000e+00 1.1111e-01 1.1111e-01 2.0000e-01 1.1111e-01
2.5000e-01 0.0000e+00 0.0000e+00 1.0000e-01 1.6667e-01 2.0000e-01 1.0000e+00 1.1111e-01 4.0000e-01 1.6667e-01 1.1111e-01 1.1111e-01 0.0000e+00 0.0000e+00 2.0000e-01 2.5000e-01 9.0909e-02 0.0000e+00 2.0000e-01 1.1111e-01 0.0000e+00 1.1111e-01 0.0000e+00 1.1111e-01 0.0000e+00 1.1111e-01 0.0000e+00 0.0000e+00 0.0000e+00 2.0000e-01 1.1111e-01 0.0000e+00 0.0000e+00 0.0000e+00 1.0000e+00 4.2105e-01 0.0000e+00 2.0000e-01 1.0000e+00 8.3866e-01 0.0000e+00 0.0000e+00 0.0000e+00 0.0000e+00 3.3333e-01 3.6842e-01 2.8571e-01 2.0000e-01 0.0000e+00 0.0000e+00
5.5556e-01 0.0000e+00 0.0000e+00 0.0000e+00 0.0000e+00 4.5833e-01 1.0000e+00 0.0000e+00 0.0000e+00 0.0000e+00 3.5294e-01 0.0000e+00 0.0000e+00 0.0000e+00 0.0000e+00 0.0000e+00 0.0000e+00 0.0000e+00 0.0000e+00 2.5000e-01 1.1111e-01 0.0000e+00 3.5000e-01 1.1111e-01 0.0000e+00 1.1111e-01 0.0000e+00 0.0000e+00 1.5385e-01 4.2105e-01 0.0000e+00 0.0000e+00 0.0000e+00 0.0000e+00 1.0000e+00 2.0000e-01 0.0000e+00 2.5000e-01 1.0000e+00 1.8182e-01 0.0000e+00 0.0000e+00 0.0000e+00 0.0000e+00 0.0000e+00 6.0000e-01 2.5000e-01 2.5000e-01 1.1111e-01 2.5000e-01
1.8182e-01 0.0000e+00 1.1111e-01 3.1579e-01 1.0000e-01 0.0000e+00 1.0000e+00 1.8182e-01 0.0000e+00 0.0000e+00 1.8182e-01 1.1111e-01 1.0000e-01 0.0000e+00 0.0000e+00 2.8571e-01 2.5000e-01 1.8182e-01 0.0000e+00 0.0000e+00 1.1111e-01 1.1111e-01 1.0000e-01 1.1111e-01 0.0000e+00 1.1111e-01 0.0000e+00 0.0000e+00 1.5385e-01 1.1111e-01 2.8571e-01 2.0000e-01 0.0000e+00 0.0000e+00 1.0000e+00 1.1111e-01 0.0000e+00 2.8571e-01 1.0000e+00 0.0000e+00 0.0000e+00 1.1111e-01 1.1111e-01 1.1111e-01 2.0000e-01 0.0000e+00 1.1111e-01 2.5000e-01 0.0000e+00 1.1111e-01
1.8182e-01 2.8571e-01 1.1111e-01 0.0000e+00 0.0000e+00 0.0000e+00 1.0000e+00 1.1111e-01 0.0000e+00 0.0000e+00 1.8182e-01 1.1111e-01 0.0000e+00 2.8571e-01 0.0000e+00 3.3333e-01 1.5385e-01 1.1111e-01 1.1111e-01 0.0000e+00 2.0000e-01 2.3077e-01 1.0000e-01 3.6842e-01 0.0000e+00 2.0000e-01 0.0000e+00 2.0000e-01 1.5385e-01 0.0000e+00 0.0000e+00 0.0000e+00 2.3077e-01 2.0000e-01 1.0000e+00 2.0000e-01 0.0000e+00 2.5000e-01 1.0000e+00 0.0000e+00 0.0000e+00 2.8571e-01 0.0000e+00 0.0000e+00 5.4839e-01 1.1111e-01 1.1111e-01 2.0000e-01 0.0000e+00 1.1111e-01
1.8182e-01 2.0000e-01 1.1111e-01 1.0000e-01 3.3333e-01 4.2857e-01 1.0000e+00 2.8571e-01 1.1111e-01 0.0000e+00 2.5000e-01 1.1111e-01 1.0000e-01 1.1111e-01 2.0000e-01 4.2857e-01 9.0909e-02 0.0000e+00 0.0000e+00 2.0000e-01 2.0000e-01 3.5294e-01 1.8182e-01 3.1250e-01 0.0000e+00 1.1111e-01 1.1111e-01 2.0000e-01 4.1379e-01 3.3333e-01 2.5000e-01 0.0000e+00 0.0000e+00 3.8889e-01 1.0000e+00 2.0000e-01 1.1111e-01 2.8571e-01 1.0000e+00 3.1250e-01 1.1111e-01 0.0000e+00 4.0000e-01 1.8182e-01 0.0000e+00 1.1111e-01 2.8571e-01 2.0000e-01 0.0000e+00 4.2105e-01
8.9811e-01 3.5294e-01 4.2857e-01 8.0140e-01 2.3077e-01 2.5000e-01 1.0000e+00 1.1111e-01 4.2857e-01 3.5000e-01 3.3333e-01 4.8000e-01 0.0000e+00 1.8182e-01 9.2183e-01 5.3333e-01 3.8462e-01 2.5000e-01 6.0000e-01 2.0000e-01 6.6667e-01 8.1227e-01 5.8000e-01 8.7273e-01 4.0000e-01 3.3333e-01 7.1765e-01 0.0000e+00 0.0000e+00 2.8571e-01 7.3626e-01 6.6667e-01 1.8182e-01 5.4839e-01 1.0000e+00 6.9565e-01 1.1111e-01 4.2105e-01 1.0000e+00 7.9061e-01 0.0000e+00 8.1884e-01 6.4286e-01 6.5625e-01 5.3333e-01 4.8387e-01 4.5833e-01 7.5472e-01 4.2105e-01 2.0000e-01
0.0000e+00 1.1111e-01 1.1111e-01 0.0000e+00 2.3077e-01 4.8000e-01 1.0000e+00 1.1111e-01 0.0000e+00 0.0000e+00 3.3333e-01 2.5000e-01 1.8182e-01 0.0000e+00 3.8889e-01 6.1364e-01 9.0909e-02 1.1111e-01 5.0000e-01 0.0000e+00 3.5294e-01 1.1111e-01 1.0000e-01 1.1111e-01 1.1111e-01 1.1111e-01 5.0000e-01 0.0000e+00 4.3750e-01 2.0000e-01 2.8571e-01 2.0000e-01 0.0000e+00 1.1111e-01 1.0000e+00 0.0000e+00 0.0000e+00 6.1364e-01 1.0000e+00 0.0000e+00 0.0000e+00 3.5294e-01 0.0000e+00 0.0000e+00 0.0000e+00 3.1250e-01 2.0000e-01 0.0000e+00 2.8571e-01 2.0000e-01
8.1429e-01 5.7895e-01 7.5591e-01 4.8485e-01 6.6292e-01 6.7742e-01 1.0000e+00 5.7778e-01 4.2857e-01 7.5849e-01 4.5833e-01 6.4815e-01 6.5432e-01 8.1544e-01 6.2222e-01 2.0000e-01 6.3303e-01 5.0000e-01 7.1250e-01 7.1951e-01 7.1605e-01 5.0000e-01 5.4545e-01 5.5000e-01 8.2253e-01 7.8723e-01 3.3333e-01 6.4706e-01 5.5172e-01 6.0000e-01 8.2090e-01 8.4000e-01 7.3050e-01 4.8000e-01 1.0000e+00 4.8000e-01 8.0753e-01 6.7213e-01 1.0000e+00 7.5661e-01 5.3333e-01 6.3158e-01 2.5000e-01 7.7714e-01 4.5455e-01 6.0377e-01 6.8657e-01 3.5294e-01 6.4000e-01 7.2414e-01
2.5000e-01 0.0000e+00 0.0000e+00 1.6667e-01 4.8485e-01 2.5000e-01 1.0000e+00 1.1111e-01 2.5000e-01 1.0000e-01 1.1111e-01 5.5882e-01 1.0000e-01 2.8571e-01 3.3333e-01 2.0000e-01 9.0909e-02 1.1111e-01 1.1111e-01 0.0000e+00 0.0000e+00 6.4615e-01 1.0000e-01 3.3333e-01 1.1111e-01 4.8000e-01 0.0000e+00 2.8571e-01 2.1429e-01 5.5882e-01 0.0000e+00 2.5000e-01 2.6667e-01 0.0000e+00 1.0000e+00 1.1111e-01 0.0000e+00 5.7143e-01 1.0000e+00 6.2121e-01 0.0000e+00 0.0000e+00 1.8182e-01 0.0000e+00 2.0000e-01 6.5217e-01 0.0000e+00 2.5000e-01 2.0000e-01 0.0000e+00
0.0000e+00 2.0000e-01 3.6842e-01 3.9130e-01 2.6667e-01 3.8889e-01 1.0000e+00 1.8182e-01 4.2857e-01 1.0000e-01 5.0000e-01 1.1111e-01 4.4444e-01 5.7143e-01 2.5000e-01 2.0000e-01 0.0000e+00 1.8182e-01 4.8000e-01 5.8974e-01 0.0000e+00 3.6842e-01 2.3077e-01 4.0909e-01 0.0000e+00 4.2105e-01 2.0000e-01 4.2105e-01 2.7778e-01 2.5000e-01 0.0000e+00 3.8889e-01 3.8095e-01 1.1111e-01 1.0000e+00 2.5000e-01 1.1111e-01 6.0000e-01 1.0000e+00 3.3333e-01 1.1111e-01 2.8571e-01 5.0000e-01 5.0000e-01 0.0000e+00 1.8182e-01 3.3333e-01 2.0000e-01 5.3333e-01 0.0000e+00
0.0000e+00 0.0000e+00 0.0000e+00 1.6667e-01 0.0000e+00 0.0000e+00 1.0000e+00 3.1250e-01 2.5000e-01 1.6667e-01 2.5000e-01 0.0000e+00 0.0000e+00 0.0000e+00 4.5455e-01 2.0000e-01 9.0909e-02 0.0000e+00 1.1111e-01 2.0000e-01 2.8571e-01 1.8182e-01 0.0000e+00 1.8182e-01 1.8182e-01 0.0000e+00 2.5000e-01 1.1111e-01 1.5385e-01 2.0000e-01 0.0000e+00 0.0000e+00 2.6667e-01 6.8657e-01 1.0000e+00 2.0000e-01 0.0000e+00 7.7419e-01 1.0000e+00 1.0000e-01 0.0000e+00 0.0000e+00 6.5625e-01 1.1111e-01 7.1765e-01 0.0000e+00 0.0000e+00 2.0000e-01 0.0000e+00 1.1111e-01
0.0000e+00 1.1111e-01 0.0000e+00 0.0000e+00 0.0000e+00 0.0000e+00 1.0000e+00 0.0000e+00 1.1111e-01 1.0000e-01 5.7895e-01 1.8182e-01 2.3077e-01 1.8182e-01 5.3333e-01 0.0000e+00 0.0000e+00 2.5000e-01 0.0000e+00 0.0000e+00 2.8571e-01 0.0000e+00 0.0000e+00 0.0000e+00 0.0000e+00 2.5000e-01 0.0000e+00 3.5294e-01 0.0000e+00 0.0000e+00 0.0000e+00 0.0000e+00 0.0000e+00 0.0000e+00 1.0000e+00 2.0000e-01 1.1111e-01 0.0000e+00 1.0000e+00 0.0000e+00 0.0000e+00 0.0000e+00 0.0000e+00 0.0000e+00 0.0000e+00 1.8182e-01 1.1111e-01 1.1111e-01 2.5000e-01 1.1111e-01
5.3125e-01 8.6176e-01 0.0000e+00 6.3291e-01 7.6419e-01 4.5833e-01 1.0000e+00 7.7059e-01 2.5000e-01 0.0000e+00 6.7647e-01 3.8889e-01 3.1250e-01 7.1296e-01 2.5000e-01 8.1053e-01 4.4118e-01 0.0000e+00 2.0000e-01 0.0000e+00 1.1111e-01 0.0000e+00 0.0000e+00 0.0000e+00 7.3684e-01 5.8974e-01 3.8889e-01 4.2105e-01 1.5385e-01 3.5294e-01 0.0000e+00 6.2500e-01 0.0000e+00 2.0000e-01 1.0000e+00 6.2222e-01 7.9812e-01 0.0000e+00 1.0000e+00 0.0000e+00 0.0000e+00 2.3077e-01 7.5385e-01 0.0000e+00 9.9096e-01 5.6818e-01 2.0000e-01 7.7236e-01 4.2105e-01 5.3333e-01
1.1111e-01 0.0000e+00 1.1111e-01 2.9412e-01 1.0000e-01 1.1111e-01 1.0000e+00 0.0000e+00 0.0000e+00 0.0000e+00 6.0870e-01 0.0000e+00 0.0000e+00 0.0000e+00 0.0000e+00 5.8974e-01 9.0909e-02 0.0000e+00 0.0000e+00 0.0000e+00 0.0000e+00 2.8571e-01 0.0000e+00 0.0000e+00 0.0000e+00 0.0000e+00 2.0000e-01 1.1111e-01 1.5385e-01 2.0000e-01 0.0000e+00 0.0000e+00 1.0000e-01 0.0000e+00 1.0000e+00 0.0000e+00 0.0000e+00 2.0000e-01 1.0000e+00 1.0000e-01 0.0000e+00 1.1111e-01 6.2162e-01 0.0000e+00 1.0000e+00 0.0000e+00 2.0000e-01 1.1111e-01 2.0000e-01 0.0000e+00
1.8182e-01 0.0000e+00 1.1111e-01 0.0000e+00 2.6667e-01 0.0000e+00 1.0000e+00 0.0000e+00 0.0000e+00 0.0000e+00 4.8000e-01 2.5000e-01 0.0000e+00 2.3077e-01 2.8571e-01 3.8889e-01 0.0000e+00 0.0000e+00 0.0000e+00 0.0000e+00 1.1111e-01 0.0000e+00 1.8182e-01 3.6842e-01 0.0000e+00 1.1111e-01 1.1111e-01 0.0000e+00 2.1429e-01 1.1111e-01 0.0000e+00 0.0000e+00 0.0000e+00 0.0000e+00 1.0000e+00 0.0000e+00 1.1111e-01 0.0000e+00 1.0000e+00 3.3333e-01 1.1111e-01 1.1111e-01 0.0000e+00 0.0000e+00 1.0000e+00 0.0000e+00 0.0000e+00 0.0000e+00 0.0000e+00 0.0000e+00
3.5294e-01 0.0000e+00 1.1111e-01 1.0000e-01 1.0000e-01 5.5882e-01 1.0000e+00 0.0000e+00 0.0000e+00 0.0000e+00 5.6757e-01 0.0000e+00 0.0000e+00 2.8571e-01 0.0000e+00 7.8621e-01 2.0000e-01 0.0000e+00 2.8571e-01 1.1111e-01 4.5455e-01 1.1111e-01 2.3077e-01 1.1111e-01 0.0000e+00 0.0000e+00 0.0000e+00 0.0000e+00 0.0000e+00 2.0000e-01 0.0000e+00 3.8889e-01 1.0000e-01 0.0000e+00 1.0000e+00 4.2857e-01 4.0000e-01 2.0000e-01 1.0000e+00 0.0000e+00 2.5000e-01 0.0000e+00 3.8889e-01 4.3478e-01 1.0000e+00 1.1111e-01 3.8889e-01 2.0000e-01 0.0000e+00 7.4227e-01
2.8571e-01 1.1111e-01 3.5294e-01 5.2381e-01 4.8485e-01 2.5000e-01 1.0000e+00 2.8571e-01 0.0000e+00 1.6667e-01 1.8182e-01 1.8182e-01 1.0000e-01 2.3077e-01 3.5294e-01 6.1364e-01 0.0000e+00 3.5294e-01 1.1111e-01 0.0000e+00 1.1111e-01 1.8182e-01 1.8182e-01 3.1250e-01 1.8182e-01 0.0000e+00 4.2105e-01 1.1111e-01 2.5000e-01 1.1111e-01 0.0000e+00 0.0000e+00 1.8182e-01 1.0000e+00 1.0000e+00 2.0000e-01 1.8182e-01 7.3034e-01 1.0000e+00 2.3077e-01 4.2105e-01 0.0000e+00 4.8148e-01 0.0000e+00 1.0000e+00 2.3077e-01 0.0000e+00 2.5000e-01 0.0000e+00 2.0000e-01
1.1111e-01 2.0000e-01 2.5000e-01 5.3333e-01 5.1351e-01 3.5294e-01 1.0000e+00 1.8182e-01 5.5556e-01 1.0000e-01 0.0000e+00 0.0000e+00 1.0000e-01 0.0000e+00 3.3333e-01 4.5833e-01 5.2000e-01 2.5000e-01 1.1111e-01 3.5294e-01 1.1111e-01 2.8571e-01 3.8095e-01 3.8095e-01 0.0000e+00 2.5000e-01 1.1111e-01 3.5294e-01 4.3750e-01 7.5676e-01 3.3333e-01 7.3333e-01 5.2632e-01 1.0000e+00 1.0000e+00 2.0000e-01 2.8571e-01 7.3684e-01 1.0000e+00 5.3846e-01 3.3333e-01 2.3077e-01 4.2857e-01 0.0000e+00 1.0000e+00 3.3333e-01 0.0000e+00 3.5294e-01 0.0000e+00 0.0000e+00
1.1111e-01 2.0000e-01 0.0000e+00 1.0000e-01 0.0000e+00 4.2857e-01 1.0000e+00 0.0000e+00 2.5000e-01 2.1429e-01 5.5556e-01 0.0000e+00 0.0000e+00 1.1111e-01 6.0000e-01 2.0000e-01 4.5946e-01 0.0000e+00 0.0000e+00 4.8000e-01 4.5833e-01 4.4000e-01 5.9259e-01 1.1111e-01 0.0000e+00 7.0270e-01 4.8000e-01 4.8000e-01 0.0000e+00 1.1111e-01 2.8571e-01 0.0000e+00 1.0000e-01 1.0000e+00 1.0000e+00 6.6667e-01 1.1111e-01 0.0000e+00 1.0000e+00 3.1250e-01 0.0000e+00 0.0000e+00 1.1111e-01 0.0000e+00 1.0000e+00 0.0000e+00 6.0000e-01 2.8571e-01 2.0000e-01 2.0000e-01
1.8182e-01 0.0000e+00 2.8571e-01 0.0000e+00 2.9412e-01 2.0000e-01 1.0000e+00 0.0000e+00 0.0000e+00 4.3333e-01 1.8182e-01 4.2857e-01 1.0000e-01 1.8182e-01 3.5294e-01 3.5294e-01 0.0000e+00 0.0000e+00 1.1111e-01 0.0000e+00 1.1111e-01 2.8571e-01 2.3077e-01 0.0000e+00 1.8182e-01 2.0000e-01 2.0000e-01 7.1765e-01 0.0000e+00 0.0000e+00 2.0000e-01 4.5455e-01 0.0000e+00 1.0000e+00 1.0000e+00 2.5000e-01 0.0000e+00 9.8972e-01 1.0000e+00 1.0000e-01 0.0000e+00 2.3077e-01 5.6757e-01 0.0000e+00 1.0000e+00 1.1111e-01 1.1111e-01 0.0000e+00 0.0000e+00 0.0000e+00
7.7037e-01 1.1111e-01 0.0000e+00 6.2667e-01 7.4468e-01 7.4257e-01 1.0000e+00 3.5294e-01 0.0000e+00 7.0000e-01 0.0000e+00 5.5556e-01 3.5000e-01 1.1111e-01 3.8889e-01 5.7895e-01 2.5000e-01 1.1111e-01 0.0000e+00 0.0000e+00 3.5294e-01 2.8571e-01 4.6667e-01 6.3636e-01 4.6154e-01 2.0000e-01 3.5294e-01 2.0000e-01 3.4783e-01 4.5833e-01 0.0000e+00 4.2105e-01 2.3077e-01 1.0000e+00 1.0000e+00 4.5833e-01 0.0000e+00 1.0000e+00 1.0000e+00 7.1311e-01 2.8571e-01 1.1111e-01 6.4286e-01 4.8276e-01 1.0000e+00 6.6216e-01 2.8571e-01 5.5882e-01 2.0000e-01 0.0000e+00
1.1111e-01 0.0000e+00 0.0000e+00 0.0000e+00 2.9412e-01 3.3333e-01 1.0000e+00 1.8182e-01 0.0000e+00 0.0000e+00 2.8571e-01 1.1111e-01 0.0000e+00 0.0000e+00 5.0000e-01 3.5294e-01 0.0000e+00 1.1111e-01 1.1111e-01 0.0000e+00 1.1111e-01 0.0000e+00 0.0000e+00 0.0000e+00 0.0000e+00 3.3333e-01 0.0000e+00 1.1111e-01 3.3333e-01 3.5294e-01 0.0000e+00 0.0000e+00 0.0000e+00 1.0000e+00 1.0000e+00 0.0000e+00 0.0000e+00 1.0000e+00 1.0000e+00 0.0000e+00 0.0000e+00 1.8182e-01 0.0000e+00 1.8182e-01 1.0000e+00 1.8182e-01 2.8571e-01 2.5000e-01 0.0000e+00 0.0000e+00
0.0000e+00 1.1111e-01 1.1111e-01 1.0000e-01 0.0000e+00 2.0000e-01 1.0000e+00 0.0000e+00 0.0000e+00 0.0000e+00 0.0000e+00 0.0000e+00 0.0000e+00 0.0000e+00 0.0000e+00 3.3333e-01 0.0000e+00 0.0000e+00 0.0000e+00 1.1111e-01 0.0000e+00 1.8182e-01 0.0000e+00 0.0000e+00 1.1111e-01 0.0000e+00 0.0000e+00 0.0000e+00 0.0000e+00 2.5000e-01 1.1111e-01 1.1111e-01 0.0000e+00 1.0000e+00 1.0000e+00 0.0000e+00 0.0000e+00 1.0000e+00 1.0000e+00 0.0000e+00 0.0000e+00 1.1111e-01 1.8182e-01 0.0000e+00 1.0000e+00 4.1667e-01 1.1111e-01 3.5294e-01 2.0000e-01 0.0000e+00
2.5000e-01 1.1111e-01 1.8182e-01 5.3333e-01 4.1667e-01 6.1364e-01 1.0000e+00 3.5294e-01 3.8889e-01 6.1644e-01 4.8000e-01 4.5455e-01 1.8182e-01 4.0000e-01 5.5882e-01 2.0000e-01 3.6000e-01 2.8571e-01 1.1111e-01 0.0000e+00 3.3333e-01 4.0909e-01 3.5000e-01 3.1250e-01 6.2264e-01 2.5000e-01 2.5000e-01 1.1111e-01 4.1935e-01 3.5294e-01 2.5000e-01 3.5294e-01 2.3077e-01 1.0000e+00 1.0000e+00 2.5000e-01 0.0000e+00 1.0000e+00 1.0000e+00 5.9649e-01 3.3333e-01 4.0000e-01 4.2857e-01 3.5294e-01 1.0000e+00 3.3333e-01 1.1111e-01 4.8000e-01 1.1111e-01 3.3333e-01
0.0000e+00 2.0000e-01 1.1111e-01 3.5000e-01 3.3333e-01 2.5000e-01 1.0000e+00 1.1111e-01 2.5000e-01 3.5000e-01 4.8000e-01 3.3333e-01 1.0000e-01 0.0000e+00 2.8571e-01 3.5294e-01 2.5000e-01 1.8182e-01 1.1111e-01 1.1111e-01 0.0000e+00 3.5294e-01 0.0000e+00 1.8182e-01 1.1111e-01 2.8571e-01 4.5455e-01 2.0000e-01 5.5172e-01 5.7143e-01 0.0000e+00 2.5000e-01 0.0000e+00 1.0000e+00 1.0000e+00 1.1111e-01 1.1111e-01 1.0000e+00 1.0000e+00 2.3077e-01 1.1111e-01 2.8571e-01 5.7500e-01 1.1111e-01 1.0000e+00 1.1111e-01 4.8000e-01 4.2857e-01 1.1111e-01 0.0000e+00
1.8182e-01 2.5000e-01 0.0000e+00 0.0000e+00 1.0000e-01 4.2857e-01 1.0000e+00 1.8182e-01 0.0000e+00 6.9231e-01 9.2021e-01 2.8571e-01 1.0000e-01 3.5294e-01 7.4747e-01 8.8727e-01 9.0909e-02 0.0000e+00 0.0000e+00 2.0000e-01 6.4000e-01 1.1111e-01 1.8182e-01 3.3333e-01 6.0784e-01 3.3333e-01 2.0000e-01 2.5000e-01 3.3333e-01 7.3333e-01 4.2105e-01 0.0000e+00 3.9130e-01 1.0000e+00 1.0000e+00 6.8657e-01 1.8182e-01 1.0000e+00 1.0000e+00 3.8095e-01 1.1111e-01 1.8182e-01 7.7083e-01 2.8571e-01 1.0000e+00 3.6842e-01 7.6667e-01 7.9747e-01 2.0000e-01 4.5455e-01
1.8182e-01 2.0000e-01 3.6842e-01 5.2381e-01 3.3333e-01 2.8571e-01 1.0000e+00 1.8182e-01 2.8571e-01 2.5000e-01 1.1111e-01 5.0000e-01 2.3077e-01 3.6842e-01 7.3333e-01 8.3658e-01 0.0000e+00 0.0000e+00 0.0000e+00 2.0000e-01 1.1111e-01 0.0000e+00 2.3077e-01 0.0000e+00 2.8571e-01 5.3333e-01 0.0000e+00 2.8571e-01 0.0000e+00 7.7049e-01 3.3333e-01 2.0000e-01 0.0000e+00 1.0000e+00 1.0000e+00 6.1364e-01 1.8182e-01 1.0000e+00 1.0000e+00 5.1429e-01 0.0000e+00 0.0000e+00 7.3636e-01 1.8182e-01 1.0000e+00 2.3077e-01 5.1724e-01 6.1702e-01 0.0000e+00 3.5294e-01
2.5000e-01 0.0000e+00 0.0000e+00 4.2308e-01 1.6667e-01 6.3265e-01 1.0000e+00 0.0000e+00 1.1111e-01 1.0000e-01 1.1111e-01 3.3333e-01 1.0000e-01 2.8571e-01 1.1111e-01 6.7213e-01 0.0000e+00 0.0000e+00 0.0000e+00 0.0000e+00 2.5000e-01 0.0000e+00 0.0000e+00 0.0000e+00 0.0000e+00 4.5455e-01 0.0000e+00 0.0000e+00 3.3333e-01 5.7895e-01 0.0000e+00 0.0000e+00 0.0000e+00 1.0000e+00 1.0000e+00 1.1111e-01 0.0000e+00 1.0000e+00 1.0000e+00 0.0000e+00 0.0000e+00 3.5294e-01 1.1111e-01 0.0000e+00 1.0000e+00 3.8095e-01 1.1111e-01 2.0000e-01 1.1111e-01 1.1111e-01
6.7647e-01 6.2222e-01 6.8493e-01 6.1972e-01 6.4198e-01 6.8254e-01 1.0000e+00 8.5081e-01 7.3118e-01 6.6972e-01 6.7188e-01 7.1429e-01 7.9605e-01 5.9574e-01 6.4815e-01 8.5016e-01 2.7778e-01 6.9444e-01 5.0000e-01 6.2222e-01 6.2500e-01 0.0000e+00 6.5882e-01 7.5472e-01 3.5294e-01 6.8657e-01 2.0000e-01 4.8000e-01 5.4545e-01 5.9524e-01 7.5472e-01 3.5294e-01 5.6522e-01 1.0000e+00 1.0000e+00 6.8657e-01 7.2973e-01 1.0000e+00 1.0000e+00 7.5773e-01 6.0000e-01 2.3077e-01 6.8493e-01 7.6923e-01 1.0000e+00 7.2727e-01 6.5455e-01 5.7143e-01 7.1053e-01 6.6071e-01
2.5000e-01 0.0000e+00 0.0000e+00 1.0000e-01 0.0000e+00 3.3333e-01 1.0000e+00 2.8571e-01 2.0000e-01 1.0000e-01 0.0000e+00 3.3333e-01 0.0000e+00 0.0000e+00 0.0000e+00 3.5294e-01 0.0000e+00 0.0000e+00 0.0000e+00 0.0000e+00 1.1111e-01 0.0000e+00 0.0000e+00 0.0000e+00 0.0000e+00 2.0000e-01 0.0000e+00 0.0000e+00 9.0909e-02 0.0000e+00 4.5455e-01 1.1111e-01 1.0000e-01 1.0000e+00 1.0000e+00 0.0000e+00 0.0000e+00 1.0000e+00 1.0000e+00 0.0000e+00 0.0000e+00 0.0000e+00 4.2857e-01 5.0000e-01 1.0000e+00 1.8182e-01 0.0000e+00 1.1111e-01 0.0000e+00 0.0000e+00
7.6866e-01 6.8254e-01 6.7606e-01 7.8025e-01 8.7864e-01 1.0000e+00 1.0000e+00 7.7596e-01 7.4257e-01 8.3956e-01 8.4228e-01 9.3436e-01 8.4258e-01 7.9918e-01 9.8004e-01 7.5652e-01 8.2459e-01 8.2028e-01 1.0000e+00 9.0294e-01 1.0000e+00 8.0408e-01 8.8385e-01 8.6774e-01 8.2230e-01 9.7952e-01 8.2381e-01 7.5701e-01 8.3657e-01 9.9044e-01 8.2960e-01 9.9255e-01 7.8889e-01 1.0000e+00 1.0000e+00 8.5185e-01 9.2234e-01 1.0000e+00 1.0000e+00 6.6667e-01 8.2805e-01 9.3439e-01 7.7987e-01 8.1648e-01 1.0000e+00 8.3005e-01 6.7742e-01 8.0791e-01 6.9863e-01 1.0000e+00
2.5000e-01 0.0000e+00 0.0000e+00 2.9412e-01 0.0000e+00 1.0000e+00 1.0000e+00 1.1111e-01 2.0000e-01 2.1429e-01 0.0000e+00 0.0000e+00 3.1250e-01 0.0000e+00 1.0000e+00 1.1111e-01 0.0000e+00 2.8571e-01 1.0000e+00 1.1111e-01 1.0000e+00 0.0000e+00 0.0000e+00 3.3333e-01 0.0000e+00 1.0000e+00 2.0000e-01 0.0000e+00 0.0000e+00 1.0000e+00 0.0000e+00 1.0000e+00 0.0000e+00 1.0000e+00 1.0000e+00 3.8889e-01 1.1111e-01 1.0000e+00 1.0000e+00 2.6667e-01 0.0000e+00 2.3077e-01 5.4286e-01 1.1111e-01 1.0000e+00 0.0000e+00 1.1111e-01 3.3333e-01 0.0000e+00 1.0000e+00
3.3333e-01 1.1111e-01 3.1250e-01 3.1579e-01 1.0000e-01 1.0000e+00 1.0000e+00 4.0000e-01 2.0000e-01 3.5000e-01 4.5833e-01 3.3333e-01 0.0000e+00 3.6842e-01 1.0000e+00 6.5455e-01 0.0000e+00 2.8571e-01 1.0000e+00 0.0000e+00 1.0000e+00 4.3478e-01 2.3077e-01 5.7447e-01 4.8148e-01 1.0000e+00 2.0000e-01 1.1111e-01 3.8462e-01 1.0000e+00 1.1111e-01 1.0000e+00 3.9130e-01 1.0000e+00 1.0000e+00 3.8889e-01 4.0909e-01 1.0000e+00 1.0000e+00 6.0000e-01 0.0000e+00 1.8182e-01 7.8363e-01 2.3077e-01 1.0000e+00 2.6667e-01 3.8889e-01 2.0000e-01 2.0000e-01 1.0000e+00
6.8056e-01 8.4892e-01 8.4807e-01 6.1765e-01 1.0000e-01 1.0000e+00 1.0000e+00 2.8571e-01 6.8182e-01 6.9231e-01 0.0000e+00 7.7698e-01 8.3802e-01 8.7097e-01 1.0000e+00 9.1393e-01 1.5385e-01 8.8732e-01 1.0000e+00 8.7591e-01 1.0000e+00 1.1111e-01 3.3333e-01 8.2957e-01 8.2373e-01 1.0000e+00 6.9444e-01 7.1053e-01 5.3846e-01 1.0000e+00 2.8571e-01 1.0000e+00 0.0000e+00 1.0000e+00 1.0000e+00 9.7948e-01 1.1111e-01 1.0000e+00 1.0000e+00 0.0000e+00 6.9118e-01 6.8750e-01 8.1466e-01 1.1111e-01 1.0000e+00 0.0000e+00 8.2464e-01 8.2883e-01 2.5000e-01 1.0000e+00
7.8146e-01 6.7213e-01 9.4083e-01 8.1818e-01 6.9492e-01 1.0000e+00 1.0000e+00 7.5974e-01 6.4912e-01 7.6449e-01 6.8116e-01 7.1591e-01 7.4074e-01 7.8873e-01 1.0000e+00 8.4967e-01 7.7743e-01 8.3333e-01 1.0000e+00 7.0270e-01 1.0000e+00 8.0400e-01 6.9444e-01 8.2254e-01 6.8354e-01 1.0000e+00 8.2710e-01 7.6316e-01 7.7432e-01 1.0000e+00 9.8207e-01 1.0000e+00 6.0000e-01 1.0000e+00 1.0000e+00 1.0000e+00 7.6471e-01 1.0000e+00 1.0000e+00 6.9444e-01 6.0000e-01 7.5714e-01 7.7181e-01 8.0753e-01 1.0000e+00 8.9758e-01 7.9470e-01 7.9874e-01 8.8347e-01 1.0000e+00
6.9333e-01 0.0000e+00 0.0000e+00 0.0000e+00 5.1351e-01 1.0000e+00 1.0000e+00 1.1111e-01 1.1111e-01 3.5000e-01 3.8889e-01 0.0000e+00 0.0000e+00 2.8571e-01 1.0000e+00 0.0000e+00 2.0000e-01 1.1111e-01 1.0000e+00 0.0000e+00 1.0000e+00 1.1111e-01 1.8182e-01 1.1111e-01 4.5833e-01 1.0000e+00 0.0000e+00 1.1111e-01 2.1429e-01 1.0000e+00 1.0000e+00 1.0000e+00 1.8182e-01 1.0000e+00 1.0000e+00 1.0000e+00 0.0000e+00 1.0000e+00 1.0000e+00 0.0000e+00 1.1111e-01 3.5294e-01 2.5000e-01 2.8571e-01 1.0000e+00 6.4789e-01 1.1111e-01 5.4545e-01 2.8571e-01 1.0000e+00
9.4759e-01 9.9155e-01 8.9811e-01 8.8170e-01 8.7805e-01 1.0000e+00 1.0000e+00 9.2618e-01 9.5979e-01 8.3300e-01 9.4578e-01 9.4725e-01 8.9844e-01 9.2170e-01 1.0000e+00 9.4249e-01 8.2721e-01 9.5580e-01 1.0000e+00 1.0000e+00 1.0000e+00 9.2724e-01 8.9521e-01 9.0820e-01 9.3505e-01 1.0000e+00 1.0000e+00 9.8254e-01 8.2857e-01 1.0000e+00 1.0000e+00 1.0000e+00 9.0666e-01 1.0000e+00 1.0000e+00 1.0000e+00 9.1694e-01 1.0000e+00 1.0000e+00 9.0081e-01 9.6813e-01 8.4746e-01 9.3991e-01 9.3389e-01 1.0000e+00 9.0886e-01 1.0000e+00 1.0000e+00 1.0000e+00 1.0000e+00
0.0000e+00 1.0000e+00 1.1111e-01 0.0000e+00 0.0000e+00 1.0000e+00 1.0000e+00 0.0000e+00 0.0000e+00 1.0000e-01 0.0000e+00 0.0000e+00 1.0000e-01 0.0000e+00 1.0000e+00 3.8889e-01 0.0000e+00 0.0000e+00 1.0000e+00 1.0000e+00 1.0000e+00 3.5294e-01 0.0000e+00 0.0000e+00 0.0000e+00 1.0000e+00 1.0000e+00 1.0000e+00 2.1429e-01 1.0000e+00 1.0000e+00 1.0000e+00 0.0000e+00 1.0000e+00 1.0000e+00 1.0000e+00 1.1111e-01 1.0000e+00 1.0000e+00 0.0000e+00 1.0000e+00 0.0000e+00 2.5000e-01 0.0000e+00 1.0000e+00 1.1111e-01 1.0000e+00 1.0000e+00 1.0000e+00 1.0000e+00
0.0000e+00 1.0000e+00 0.0000e+00 1.0000e-01 1.0000e-01 1.0000e+00 1.0000e+00 1.8182e-01 0.0000e+00 3.1579e-01 2.5000e-01 2.8571e-01 0.0000e+00 2.8571e-01 1.0000e+00 3.8889e-01 0.0000e+00 2.5000e-01 1.0000e+00 1.0000e+00 1.0000e+00 0.0000e+00 3.5000e-01 1.1111e-01 1.1111e-01 1.0000e+00 1.0000e+00 1.0000e+00 9.0909e-02 1.0000e+00 1.0000e+00 1.0000e+00 0.0000e+00 1.0000e+00 1.0000e+00 1.0000e+00 0.0000e+00 1.0000e+00 1.0000e+00 6.7391e-01 1.0000e+00 0.0000e+00 2.8571e-01 0.0000e+00 1.0000e+00 0.0000e+00 1.0000e+00 1.0000e+00 1.0000e+00 1.0000e+00
3.3333e-01 1.0000e+00 1.8182e-01 3.1579e-01 1.6667e-01 1.0000e+00 1.0000e+00 0.0000e+00 2.5000e-01 3.1579e-01 0.0000e+00 4.5833e-01 2.3077e-01 1.1111e-01 1.0000e+00 5.1724e-01 1.5385e-01 1.8182e-01 1.0000e+00 1.0000e+00 1.0000e+00 0.0000e+00 1.0000e-01 2.3077e-01 2.8571e-01 1.0000e+00 1.0000e+00 1.0000e+00 0.0000e+00 1.0000e+00 1.0000e+00 1.0000e+00 1.0000e-01 1.0000e+00 1.0000e+00 1.0000e+00 1.8182e-01 1.0000e+00 1.0000e+00 2.3077e-01 1.0000e+00 1.1111e-01 5.0000e-01 1.8182e-01 1.0000e+00 4.6429e-01 1.0000e+00 1.0000e+00 1.0000e+00 1.0000e+00
0.0000e+00 1.0000e+00 2.8571e-01 4.6875e-01 5.5556e-01 1.0000e+00 1.0000e+00 0.0000e+00 1.1111e-01 2.5000e-01 2.5000e-01 0.0000e+00 1.0000e-01 1.8182e-01 1.0000e+00 2.0000e-01 9.0909e-02 2.5000e-01 1.0000e+00 1.0000e+00 1.0000e+00 1.1111e-01 1.8182e-01 3.6842e-01 1.1111e-01 1.0000e+00 1.0000e+00 1.0000e+00 9.0909e-02 1.0000e+00 1.0000e+00 1.0000e+00 3.1250e-01 1.0000e+00 1.0000e+00 1.0000e+00 2.8571e-01 1.0000e+00 1.0000e+00 4.6667e-01 1.0000e+00 0.0000e+00 1.8182e-01 5.4286e-01 1.0000e+00 1.1111e-01 1.0000e+00 1.0000e+00 1.0000e+00 1.0000e+00
0.0000e+00 1.0000e+00 0.0000e+00 0.0000e+00 2.3077e-01 1.0000e+00 1.0000e+00 2.8571e-01 1.1111e-01 0.0000e+00 0.0000e+00 1.8182e-01 0.0000e+00 1.1111e-01 1.0000e+00 0.0000e+00 0.0000e+00 0.0000e+00 1.0000e+00 1.0000e+00 1.0000e+00 0.0000e+00 0.0000e+00 0.0000e+00 0.0000e+00 1.0000e+00 1.0000e+00 1.0000e+00 1.5385e-01 1.0000e+00 1.0000e+00 1.0000e+00 0.0000e+00 1.0000e+00 1.0000e+00 1.0000e+00 0.0000e+00 1.0000e+00 1.0000e+00 0.0000e+00 1.0000e+00 1.1111e-01 2.5000e-01 2.3077e-01 1.0000e+00 0.0000e+00 1.0000e+00 1.0000e+00 1.0000e+00 1.0000e+00
5.4545e-01 1.0000e+00 1.1111e-01 6.4286e-01 3.9130e-01 1.0000e+00 1.0000e+00 0.0000e+00 4.5455e-01 3.6364e-01 4.8148e-01 1.8182e-01 3.1250e-01 4.8276e-01 1.0000e+00 6.5455e-01 3.0000e-01 1.1111e-01 1.0000e+00 1.0000e+00 1.0000e+00 0.0000e+00 0.0000e+00 0.0000e+00 3.1250e-01 1.0000e+00 1.0000e+00 1.0000e+00 2.7778e-01 1.0000e+00 1.0000e+00 1.0000e+00 0.0000e+00 1.0000e+00 1.0000e+00 1.0000e+00 2.8571e-01 1.0000e+00 1.0000e+00 1.8182e-01 1.0000e+00 2.8571e-01 6.3636e-01 4.0909e-01 1.0000e+00 2.3077e-01 1.0000e+00 1.0000e+00 1.0000e+00 1.0000e+00
1.1111e-01 1.0000e+00 1.8182e-01 3.9130e-01 1.6667e-01 1.0000e+00 1.0000e+00 0.0000e+00 2.0000e-01 2.9412e-01 1.1111e-01 2.5000e-01 1.0000e-01 1.1111e-01 1.0000e+00 2.5000e-01 0.0000e+00 1.8182e-01 1.0000e+00 1.0000e+00 1.0000e+00 1.8182e-01 0.0000e+00 3.6842e-01 1.8182e-01 1.0000e+00 1.0000e+00 1.0000e+00 3.3333e-01 1.0000e+00 1.0000e+00 1.0000e+00 0.0000e+00 1.0000e+00 1.0000e+00 1.0000e+00 0.0000e+00 1.0000e+00 1.0000e+00 1.0000e-01 1.0000e+00 0.0000e+00 5.6757e-01 2.8571e-01 1.0000e+00 2.3077e-01 1.0000e+00 1.0000e+00 1.0000e+00 1.0000e+00
2.8571e-01 1.0000e+00 1.1111e-01 3.9130e-01 6.4198e-01 1.0000e+00 1.0000e+00 1.1111e-01 3.8889e-01 8.5873e-01 3.5294e-01 1.1111e-01 4.2308e-01 1.1111e-01 1.0000e+00 3.8889e-01 9.0909e-02 1.1111e-01 1.0000e+00 1.0000e+00 1.0000e+00 4.3478e-01 1.8182e-01 3.1250e-01 1.1111e-01 1.0000e+00 1.0000e+00 1.0000e+00 4.3750e-01 1.0000e+00 1.0000e+00 1.0000e+00 6.6265e-01 1.0000e+00 1.0000e+00 1.0000e+00 0.0000e+00 1.0000e+00 1.0000e+00 1.8182e-01 1.0000e+00 2.3077e-01 6.1224e-01 5.8140e-01 1.0000e+00 3.3333e-01 1.0000e+00 1.0000e+00 1.0000e+00 1.0000e+00
