0.0000e+00 3.0000e+00 0.0000e+00 2.0000e+00 1.0000e+00 0.0000e+00 0.0000e+00 1.0000e+00 5.8090e+03 1.0000e+00 2.0000e+00 6.0000e+00 1.0000e+00 5.3480e+03 0.0000e+00 1.0000e+00 1.0000e+00 0.0000e+00 2.3020e+03 0.0000e+00 0.0000e+00 3.0000e+00 2.9000e+01 6.0210e+03 1.0000e+00 2.1000e+01 1.0000e+00 0.0000e+00 1.0000e+00 5.2290e+03 0.0000e+00 2.0000e+00 2.0000e+00 6.0000e+00 0.0000e+00 1.0000e+00 5.3010e+03 0.0000e+00 0.0000e+00 5.0000e+00 5.1890e+03 2.0000e+00 2.0000e+00 6.0000e+00 0.0000e+00 0.0000e+00 0.0000e+00 0.0000e+00 0.0000e+00 0.0000e+00
1.0000e+00 1.6000e+01 1.7000e+01 3.0000e+00 0.0000e+00 1.0000e+00 0.0000e+00 0.0000e+00 0.0000e+00 3.0000e+00 0.0000e+00 0.0000e+00 0.0000e+00 0.0000e+00 3.2600e+03 0.0000e+00 0.0000e+00 2.3840e+03 1.0000e+00 0.0000e+00 0.0000e+00 0.0000e+00 2.0000e+00 0.0000e+00 1.0000e+00 0.0000e+00 0.0000e+00 0.0000e+00 0.0000e+00 0.0000e+00 0.0000e+00 0.0000e+00 0.0000e+00 0.0000e+00 0.0000e+00 2.0000e+00 0.0000e+00 0.0000e+00 0.0000e+00 1.0000e+00 0.0000e+00 0.0000e+00 3.4510e+03 0.0000e+00 0.0000e+00 1.0000e+00 0.0000e+00 0.0000e+00 0.0000e+00 3.3000e+01
1.0000e+00 3.4000e+01 5.8610e+03 0.0000e+00 0.0000e+00 0.0000e+00 4.3520e+03 2.0000e+00 0.0000e+00 0.0000e+00 5.6060e+03 0.0000e+00 1.0000e+00 1.0000e+00 0.0000e+00 0.0000e+00 0.0000e+00 0.0000e+00 1.5580e+03 1.1000e+01 1.0000e+00 0.0000e+00 1.1000e+01 0.0000e+00 1.0000e+00 0.0000e+00 5.0000e+00 3.0000e+00 7.0000e+00 0.0000e+00 0.0000e+00 5.8700e+03 4.4030e+03 1.0000e+00 0.0000e+00 2.0000e+00 0.0000e+00 2.0000e+00 0.0000e+00 1.0000e+00 0.0000e+00 0.0000e+00 0.0000e+00 1.0000e+00 1.0000e+00 0.0000e+00 0.0000e+00 2.4700e+02 0.0000e+00 6.0000e+00
1.0000e+00 0.0000e+00 0.0000e+00 0.0000e+00 0.0000e+00 0.0000e+00 1.0000e+00 0.0000e+00 0.0000e+00 1.0000e+00 2.0000e+00 0.0000e+00 0.0000e+00 5.0000e+00 0.0000e+00 1.0000e+00 0.0000e+00 0.0000e+00 0.0000e+00 4.0000e+00 0.0000e+00 0.0000e+00 0.0000e+00 3.0000e+00 0.0000e+00 0.0000e+00 4.1000e+01 3.8170e+03 3.0000e+00 1.0000e+00 5.0650e+03 1.0000e+00 0.0000e+00 0.0000e+00 0.0000e+00 0.0000e+00 0.0000e+00 5.0000e+00 4.4370e+03 1.0000e+00 0.0000e+00 1.0000e+00 0.0000e+00 0.0000e+00 1.0000e+00 4.7420e+03 0.0000e+00 2.0000e+00 0.0000e+00 0.0000e+00
1.2000e+01 0.0000e+00 4.0000e+00 0.0000e+00 3.0000e+00 1.0000e+00 1.0000e+00 0.0000e+00 1.0000e+00 1.0000e+00 0.0000e+00 1.0000e+00 1.0000e+00 0.0000e+00 1.0000e+00 0.0000e+00 0.0000e+00 0.0000e+00 0.0000e+00 3.4460e+03 0.0000e+00 0.0000e+00 0.0000e+00 0.0000e+00 0.0000e+00 0.0000e+00 0.0000e+00 1.0000e+01 0.0000e+00 0.0000e+00 1.0000e+00 6.0000e+00 3.0000e+00 4.0000e+00 5.3600e+03 4.1960e+03 0.0000e+00 1.2000e+01 1.0000e+00 0.0000e+00 9.3000e+01 3.7730e+03 3.0000e+00 0.0000e+00 1.0000e+00 0.0000e+00 4.0000e+00 2.0000e+00 1.1000e+01 5.1430e+03
5.9450e+03 5.8540e+03 0.0000e+00 1.2300e+02 2.0000e+00 0.0000e+00 2.0000e+00 1.9000e+01 2.0000e+00 0.0000e+00 2.0000e+00 2.0000e+00 2.1000e+01 9.0000e+00 0.0000e+00 0.0000e+00 9.0000e+00 0.0000e+00 1.0000e+00 0.0000e+00 0.0000e+00 6.0340e+03 4.0000e+00 4.0000e+00 2.0000e+00 6.0000e+00 0.0000e+00 3.0000e+00 1.0000e+00 0.0000e+00 0.0000e+00 2.0000e+00 0.0000e+00 3.0000e+00 0.0000e+00 3.0000e+00 1.0000e+00 5.7440e+03 1.0000e+00 5.9380e+03 1.3600e+02 2.3000e+01 0.0000e+00 3.0000e+00 5.9230e+03 1.0000e+00 0.0000e+00 1.0000e+00 0.0000e+00 1.0000e+00
1.0000e+00 0.0000e+00 3.0000e+00 4.1070e+03 0.0000e+00 1.0000e+00 1.5000e+03 5.7850e+03 0.0000e+00 5.5500e+03 0.0000e+00 0.0000e+00 0.0000e+00 0.0000e+00 0.0000e+00 3.0000e+00 3.0000e+00 0.0000e+00 1.0000e+00 1.0000e+00 1.0000e+00 0.0000e+00 0.0000e+00 0.0000e+00 4.5930e+03 5.0000e+00 0.0000e+00 1.0000e+00 2.0000e+00 1.0000e+00 1.0000e+00 0.0000e+00 2.0000e+00 0.0000e+00 0.0000e+00 0.0000e+00 0.0000e+00 0.0000e+00 0.0000e+00 4.0000e+00 0.0000e+00 0.0000e+00 2.6000e+01 0.0000e+00 0.0000e+00 2.0000e+00 0.0000e+00 5.5490e+03 0.0000e+00 0.0000e+00
0.0000e+00 0.0000e+00 1.0000e+00 2.0000e+00 4.4050e+03 0.0000e+00 0.0000e+00 0.0000e+00 0.0000e+00 2.0000e+00 1.0000e+00 7.8000e+01 2.0000e+00 1.0000e+00 0.0000e+00 2.8730e+03 1.0000e+01 1.0000e+00 0.0000e+00 0.0000e+00 1.7000e+01 1.0000e+00 0.0000e+00 0.0000e+00 1.0000e+00 0.0000e+00 3.6000e+01 1.0000e+00 5.0210e+03 0.0000e+00 2.0000e+00 0.0000e+00 3.0000e+00 5.2280e+03 1.0000e+00 4.6400e+02 0.0000e+00 0.0000e+00 2.0000e+00 1.0000e+00 0.0000e+00 3.0000e+00 1.0000e+00 0.0000e+00 0.0000e+00 5.0000e+00 2.0000e+00 0.0000e+00 4.3140e+03 0.0000e+00
1.0000e+00 0.0000e+00 2.0000e+00 1.0000e+00 0.0000e+00 1.0000e+00 2.0000e+00 2.0000e+00 0.0000e+00 0.0000e+00 0.0000e+00 8.0000e+00 4.7150e+03 3.0000e+00 0.0000e+00 1.0000e+00 3.3890e+03 0.0000e+00 0.0000e+00 0.0000e+00 0.0000e+00 1.0000e+00 4.8290e+03 0.0000e+00 9.0000e+00 1.0000e+00 5.0510e+03 0.0000e+00 1.0000e+01 0.0000e+00 2.0000e+00 5.0000e+00 4.3800e+02 5.1000e+01 0.0000e+00 1.0000e+00 2.0000e+00 1.0000e+00 0.0000e+00 2.0000e+00 2.0000e+00 1.0000e+00 6.0000e+00 5.5440e+03 0.0000e+00 1.0000e+00 0.0000e+00 1.0000e+00 7.0000e+00 2.0000e+00
1.0000e+00 0.0000e+00 2.0000e+00 0.0000e+00 0.0000e+00 4.9190e+03 1.0000e+00 0.0000e+00 0.0000e+00 1.0000e+00 2.0000e+00 4.8110e+03 0.0000e+00 0.0000e+00 0.0000e+00 1.0000e+00 0.0000e+00 1.0000e+00 0.0000e+00 0.0000e+00 5.0400e+03 0.0000e+00 1.0000e+00 0.0000e+00 0.0000e+00 5.0380e+03 2.4000e+01 0.0000e+00 5.0000e+00 2.0000e+00 1.0000e+00 0.0000e+00 0.0000e+00 1.0000e+00 0.0000e+00 2.0000e+00 0.0000e+00 0.0000e+00 2.0000e+00 0.0000e+00 1.0000e+00 0.0000e+00 1.0000e+00 0.0000e+00 0.0000e+00 0.0000e+00 3.2530e+03 1.5000e+01 0.0000e+00 0.0000e+00
