1.8182e-01 1.1111e-01 1.1111e-01 3.1579e-01 3.3333e-01 6.1364e-01 8.9343e-01 0.0000e+00 1.1111e-01 1.0000e-01 5.0000e-01 0.0000e+00 0.0000e+00 0.0000e+00 2.0000e-01 3.5294e-01 4.1935e-01 0.0000e+00 1.1111e-01 0.0000e+00 2.5000e-01 2.8571e-01 0.0000e+00 3.6842e-01 0.0000e+00 0.0000e+00 0.0000e+00 0.0000e+00 3.7500e-01 5.0000e-01 2.5000e-01 3.8889e-01 1.6667e-01 3.5294e-01 3.5294e-01 5.4839e-01 0.0000e+00 5.4839e-01 9.1035e-01 6.0000e-01 0.0000e+00 1.1111e-01 6.6667e-01 2.8571e-01 0.0000e+00 3.5294e-01 6.3265e-01 1.1111e-01 0.0000e+00 1.1111e-01
2.5000e-01 0.0000e+00 1.1111e-01 4.2308e-01 3.3333e-01 3.8889e-01 2.0000e-01 1.1111e-01 2.5000e-01 4.2857e-01 0.0000e+00 4.3478e-01 2.6667e-01 3.5294e-01 2.0000e-01 5.7895e-01 5.7895e-01 2.0000e-01 0.0000e+00 2.0000e-01 6.2222e-01 3.6842e-01 2.3077e-01 1.1111e-01 1.1111e-01 2.0000e-01 2.5000e-01 2.0000e-01 4.0741e-01 8.0124e-01 2.5000e-01 8.9114e-01 5.2500e-01 0.0000e+00 1.0000e+00 0.0000e+00 2.8571e-01 2.0000e-01 1.0000e+00 2.3077e-01 0.0000e+00 0.0000e+00 8.3056e-01 5.7778e-01 7.9470e-01 0.0000e+00 0.0000e+00 3.8889e-01 1.1111e-01 1.1111e-01
3.8889e-01 0.0000e+00 1.1111e-01 2.9412e-01 3.6364e-01 5.0000e-01 4.2105e-01 2.3077e-01 0.0000e+00 2.1429e-01 1.8182e-01 0.0000e+00 0.0000e+00 0.0000e+00 0.0000e+00 4.8000e-01 9.0909e-02 2.0000e-01 0.0000e+00 0.0000e+00 3.5294e-01 4.0909e-01 1.0000e-01 2.3077e-01 2.3077e-01 2.5000e-01 0.0000e+00 2.0000e-01 2.7778e-01 7.1951e-01 1.1111e-01 0.0000e+00 1.0000e-01 1.1111e-01 1.0000e+00 1.1111e-01 0.0000e+00 5.7143e-01 1.0000e+00 4.4444e-01 2.0000e-01 0.0000e+00 5.3125e-01 4.3478e-01 1.1111e-01 1.1111e-01 1.1111e-01 1.1111e-01 2.0000e-01 0.0000e+00
2.8571e-01 1.1111e-01 1.1111e-01 0.0000e+00 1.0000e-01 0.0000e+00 2.8571e-01 1.8182e-01 1.1111e-01 0.0000e+00 1.1111e-01 1.8182e-01 0.0000e+00 2.3077e-01 0.0000e+00 4.2857e-01 0.0000e+00 2.0000e-01 0.0000e+00 0.0000e+00 0.0000e+00 0.0000e+00 2.9412e-01 1.1111e-01 0.0000e+00 1.1111e-01 1.1111e-01 0.0000e+00 0.0000e+00 6.6667e-01 0.0000e+00 0.0000e+00 0.0000e+00 0.0000e+00 1.0000e+00 0.0000e+00 1.8182e-01 0.0000e+00 1.0000e+00 4.0909e-01 0.0000e+00 0.0000e+00 2.5000e-01 1.1111e-01 0.0000e+00 2.3077e-01 1.1111e-01 1.1111e-01 0.0000e+00 1.1111e-01
3.3333e-01 0.0000e+00 1.8182e-01 1.0000e-01 4.0000e-01 0.0000e+00 1.0000e+00 1.1111e-01 2.0000e-01 2.9412e-01 0.0000e+00 2.8571e-01 1.0000e-01 1.1111e-01 5.3333e-01 1.1111e-01 9.0909e-02 1.1111e-01 3.3333e-01 0.0000e+00 2.8571e-01 0.0000e+00 1.0000e-01 3.8095e-01 1.8182e-01 2.0000e-01 4.5833e-01 4.2105e-01 7.9062e-01 6.0000e-01 0.0000e+00 0.0000e+00 1.6667e-01 2.0000e-01 1.0000e+00 3.3333e-01 0.0000e+00 2.0000e-01 1.0000e+00 2.3077e-01 0.0000e+00 3.5294e-01 6.3636e-01 1.1111e-01 2.5000e-01 1.8182e-01 2.5000e-01 1.1111e-01 0.0000e+00 2.0000e-01
3.3333e-01 1.1111e-01 1.1111e-01 0.0000e+00 2.6667e-01 0.0000e+00 1.0000e+00 0.0000e+00 0.0000e+00 2.1429e-01 3.5294e-01 1.1111e-01 1.0000e-01 0.0000e+00 1.1111e-01 1.8182e-01 0.0000e+00 1.1111e-01 2.0000e-01 0.0000e+00 0.0000e+00 1.8182e-01 0.0000e+00 2.6667e-01 1.1111e-01 0.0000e+00 1.1111e-01 2.0000e-01 1.6667e-01 2.0000e-01 0.0000e+00 1.1111e-01 1.6667e-01 0.0000e+00 1.0000e+00 2.0000e-01 1.1111e-01 2.0000e-01 1.0000e+00 8.3333e-01 2.0000e-01 0.0000e+00 4.2857e-01 0.0000e+00 2.5000e-01 1.8182e-01 2.8571e-01 2.5000e-01 0.0000e+00 0.0000e+00
5.5556e-01 0.0000e+00 2.5000e-01 0.0000e+00 0.0000e+00 4.2105e-01 1.0000e+00 0.0000e+00 2.0000e-01 0.0000e+00 2.8571e-01 0.0000e+00 0.0000e+00 2.3077e-01 0.0000e+00 1.1111e-01 0.0000e+00 0.0000e+00 0.0000e+00 2.5000e-01 1.1111e-01 0.0000e+00 1.0000e-01 1.1111e-01 0.0000e+00 1.1111e-01 0.0000e+00 1.1111e-01 0.0000e+00 4.5455e-01 0.0000e+00 0.0000e+00 0.0000e+00 2.0000e-01 1.0000e+00 0.0000e+00 0.0000e+00 2.0000e-01 1.0000e+00 2.6667e-01 0.0000e+00 0.0000e+00 2.5000e-01 0.0000e+00 0.0000e+00 3.6842e-01 2.5000e-01 2.0000e-01 0.0000e+00 1.1111e-01
1.8182e-01 0.0000e+00 1.1111e-01 2.6667e-01 1.6667e-01 0.0000e+00 1.0000e+00 0.0000e+00 0.0000e+00 1.0000e-01 2.8571e-01 0.0000e+00 0.0000e+00 1.1111e-01 0.0000e+00 4.2857e-01 2.0000e-01 2.0000e-01 1.1111e-01 0.0000e+00 2.0000e-01 1.8182e-01 0.0000e+00 0.0000e+00 0.0000e+00 0.0000e+00 0.0000e+00 0.0000e+00 0.0000e+00 1.1111e-01 2.0000e-01 2.5000e-01 0.0000e+00 1.1111e-01 1.0000e+00 0.0000e+00 0.0000e+00 1.1111e-01 1.0000e+00 0.0000e+00 0.0000e+00 0.0000e+00 0.0000e+00 0.0000e+00 0.0000e+00 0.0000e+00 0.0000e+00 0.0000e+00 0.0000e+00 0.0000e+00
0.0000e+00 2.0000e-01 1.1111e-01 0.0000e+00 3.9130e-01 0.0000e+00 1.0000e+00 1.8182e-01 0.0000e+00 0.0000e+00 1.1111e-01 1.8182e-01 0.0000e+00 0.0000e+00 1.1111e-01 4.5833e-01 2.0000e-01 2.0000e-01 0.0000e+00 1.1111e-01 1.1111e-01 2.3077e-01 1.6667e-01 1.8182e-01 2.3077e-01 0.0000e+00 0.0000e+00 1.1111e-01 0.0000e+00 2.8571e-01 1.1111e-01 3.5294e-01 2.3077e-01 4.2105e-01 1.0000e+00 2.0000e-01 0.0000e+00 2.0000e-01 1.0000e+00 0.0000e+00 1.1111e-01 2.5000e-01 0.0000e+00 0.0000e+00 3.5294e-01 0.0000e+00 1.1111e-01 0.0000e+00 1.1111e-01 0.0000e+00
1.1111e-01 1.1111e-01 1.8182e-01 2.9412e-01 5.6863e-01 3.5294e-01 1.0000e+00 1.8182e-01 0.0000e+00 0.0000e+00 0.0000e+00 1.1111e-01 2.6667e-01 0.0000e+00 0.0000e+00 5.1724e-01 9.0909e-02 0.0000e+00 0.0000e+00 3.5294e-01 2.0000e-01 4.8276e-01 2.3077e-01 1.1111e-01 0.0000e+00 2.8571e-01 3.3333e-01 2.0000e-01 3.1579e-01 1.1111e-01 1.1111e-01 0.0000e+00 2.6667e-01 2.0000e-01 1.0000e+00 1.1111e-01 1.1111e-01 3.3333e-01 1.0000e+00 1.0000e-01 0.0000e+00 1.1111e-01 3.1250e-01 1.1111e-01 2.5000e-01 1.1111e-01 3.5294e-01 2.5000e-01 2.8571e-01 3.3333e-01
8.9765e-01 2.0000e-01 3.1250e-01 7.9648e-01 2.3077e-01 4.2857e-01 1.0000e+00 1.8182e-01 2.0000e-01 1.0000e-01 2.5000e-01 2.5000e-01 0.0000e+00 1.1111e-01 9.1892e-01 5.7500e-01 2.0000e-01 4.2105e-01 4.8000e-01 2.0000e-01 6.5455e-01 8.0156e-01 5.0000e-01 8.7726e-01 4.8148e-01 3.8889e-01 6.9565e-01 2.5000e-01 0.0000e+00 3.3333e-01 7.0270e-01 7.1053e-01 4.4828e-01 6.1364e-01 1.0000e+00 4.2857e-01 3.5294e-01 3.5294e-01 1.0000e+00 8.3299e-01 0.0000e+00 8.4091e-01 6.8421e-01 6.0377e-01 6.1364e-01 6.7089e-01 4.2857e-01 7.6316e-01 5.3333e-01 2.0000e-01
2.5000e-01 1.1111e-01 0.0000e+00 1.0000e-01 2.3077e-01 5.5882e-01 1.0000e+00 1.8182e-01 0.0000e+00 0.0000e+00 3.3333e-01 3.5294e-01 1.0000e-01 0.0000e+00 1.1111e-01 5.3125e-01 1.5385e-01 0.0000e+00 2.0000e-01 0.0000e+00 2.8571e-01 1.8182e-01 2.3077e-01 1.8182e-01 0.0000e+00 0.0000e+00 1.1111e-01 1.1111e-01 4.3750e-01 5.0000e-01 1.1111e-01 1.1111e-01 0.0000e+00 0.0000e+00 1.0000e+00 0.0000e+00 0.0000e+00 4.2105e-01 1.0000e+00 1.8182e-01 0.0000e+00 1.1111e-01 2.5000e-01 0.0000e+00 0.0000e+00 2.8571e-01 2.8571e-01 0.0000e+00 2.5000e-01 2.0000e-01
7.8125e-01 7.1053e-01 7.1429e-01 5.3488e-01 7.3889e-01 7.8723e-01 1.0000e+00 6.4407e-01 2.0000e-01 7.5294e-01 4.2857e-01 5.9091e-01 6.9828e-01 5.9574e-01 6.0000e-01 1.8182e-01 6.2500e-01 2.5000e-01 7.8723e-01 7.7344e-01 6.6667e-01 4.4000e-01 5.7143e-01 6.6667e-01 8.0876e-01 8.3111e-01 4.2857e-01 5.4545e-01 6.6929e-01 6.3265e-01 7.9605e-01 8.7621e-01 6.5000e-01 4.5455e-01 1.0000e+00 3.5294e-01 6.8750e-01 7.8873e-01 1.0000e+00 7.6216e-01 5.5882e-01 7.8689e-01 1.8182e-01 7.8218e-01 2.5000e-01 6.2500e-01 6.3265e-01 2.5000e-01 6.9118e-01 6.4815e-01
0.0000e+00 1.1111e-01 0.0000e+00 3.9130e-01 4.4828e-01 1.1111e-01 1.0000e+00 0.0000e+00 2.0000e-01 1.6667e-01 1.1111e-01 4.6154e-01 1.6667e-01 1.8182e-01 4.5455e-01 2.8571e-01 9.0909e-02 1.1111e-01 2.0000e-01 0.0000e+00 2.8571e-01 7.3438e-01 2.9412e-01 4.4444e-01 2.8571e-01 2.5000e-01 2.8571e-01 2.5000e-01 0.0000e+00 6.1364e-01 2.0000e-01 5.0000e-01 3.3333e-01 0.0000e+00 1.0000e+00 0.0000e+00 0.0000e+00 7.3684e-01 1.0000e+00 6.9524e-01 0.0000e+00 1.1111e-01 5.0000e-01 2.8571e-01 4.5455e-01 6.7532e-01 2.0000e-01 3.5294e-01 0.0000e+00 2.0000e-01
3.3333e-01 0.0000e+00 3.6842e-01 4.2308e-01 2.3077e-01 3.8889e-01 1.0000e+00 1.8182e-01 3.8889e-01 2.5000e-01 5.5882e-01 1.1111e-01 4.6875e-01 3.1250e-01 2.8571e-01 1.1111e-01 2.0000e-01 2.0000e-01 3.3333e-01 3.5294e-01 2.5000e-01 1.1111e-01 3.3333e-01 3.3333e-01 0.0000e+00 2.8571e-01 1.1111e-01 5.0000e-01 0.0000e+00 0.0000e+00 2.5000e-01 3.3333e-01 2.3077e-01 2.0000e-01 1.0000e+00 2.0000e-01 0.0000e+00 6.6071e-01 1.0000e+00 1.0000e-01 2.8571e-01 1.8182e-01 4.2857e-01 4.6154e-01 5.7143e-01 1.1111e-01 3.5294e-01 2.8571e-01 6.1364e-01 1.1111e-01
0.0000e+00 0.0000e+00 0.0000e+00 0.0000e+00 2.6667e-01 0.0000e+00 1.0000e+00 2.3077e-01 0.0000e+00 0.0000e+00 0.0000e+00 1.8182e-01 0.0000e+00 1.1111e-01 4.8000e-01 4.2857e-01 0.0000e+00 0.0000e+00 0.0000e+00 1.1111e-01 3.5294e-01 3.1250e-01 0.0000e+00 0.0000e+00 1.8182e-01 0.0000e+00 1.1111e-01 0.0000e+00 1.6667e-01 2.0000e-01 0.0000e+00 2.8571e-01 0.0000e+00 7.4227e-01 1.0000e+00 2.0000e-01 0.0000e+00 8.1215e-01 1.0000e+00 1.0000e-01 0.0000e+00 0.0000e+00 3.6842e-01 3.1250e-01 6.4815e-01 0.0000e+00 2.0000e-01 5.3333e-01 1.1111e-01 2.8571e-01
0.0000e+00 0.0000e+00 0.0000e+00 0.0000e+00 0.0000e+00 0.0000e+00 1.0000e+00 2.3077e-01 0.0000e+00 0.0000e+00 5.1724e-01 1.1111e-01 0.0000e+00 1.8182e-01 2.8571e-01 0.0000e+00 1.5385e-01 2.0000e-01 0.0000e+00 0.0000e+00 2.5000e-01 0.0000e+00 0.0000e+00 0.0000e+00 1.1111e-01 0.0000e+00 0.0000e+00 0.0000e+00 9.0909e-02 2.0000e-01 0.0000e+00 0.0000e+00 1.6667e-01 0.0000e+00 1.0000e+00 0.0000e+00 0.0000e+00 0.0000e+00 1.0000e+00 0.0000e+00 0.0000e+00 0.0000e+00 0.0000e+00 2.3077e-01 0.0000e+00 0.0000e+00 0.0000e+00 0.0000e+00 1.1111e-01 2.0000e-01
5.6757e-01 8.5668e-01 1.1111e-01 6.4773e-01 7.5463e-01 6.4706e-01 1.0000e+00 8.0090e-01 0.0000e+00 1.0000e-01 6.9444e-01 6.2000e-01 0.0000e+00 6.8675e-01 2.5000e-01 7.9085e-01 4.5946e-01 2.5000e-01 2.5000e-01 0.0000e+00 2.5000e-01 1.8182e-01 0.0000e+00 0.0000e+00 6.7568e-01 4.5833e-01 1.1111e-01 6.7692e-01 2.5000e-01 5.4545e-01 0.0000e+00 5.0000e-01 0.0000e+00 2.5000e-01 1.0000e+00 6.0465e-01 7.9535e-01 0.0000e+00 1.0000e+00 3.1250e-01 0.0000e+00 0.0000e+00 6.2000e-01 0.0000e+00 9.8963e-01 5.7778e-01 0.0000e+00 6.4706e-01 5.0000e-01 4.8000e-01
2.5000e-01 0.0000e+00 0.0000e+00 2.1429e-01 1.0000e-01 0.0000e+00 1.0000e+00 0.0000e+00 0.0000e+00 0.0000e+00 5.5556e-01 1.8182e-01 0.0000e+00 0.0000e+00 2.0000e-01 6.4151e-01 9.0909e-02 0.0000e+00 0.0000e+00 0.0000e+00 1.1111e-01 2.8571e-01 0.0000e+00 1.8182e-01 0.0000e+00 1.1111e-01 0.0000e+00 2.0000e-01 0.0000e+00 4.2105e-01 0.0000e+00 0.0000e+00 1.0000e-01 0.0000e+00 1.0000e+00 0.0000e+00 0.0000e+00 1.1111e-01 1.0000e+00 0.0000e+00 1.1111e-01 0.0000e+00 0.0000e+00 0.0000e+00 1.0000e+00 1.1111e-01 1.1111e-01 0.0000e+00 0.0000e+00 1.1111e-01
1.8182e-01 0.0000e+00 0.0000e+00 0.0000e+00 2.3077e-01 1.1111e-01 1.0000e+00 0.0000e+00 1.1111e-01 1.0000e-01 2.5000e-01 2.5000e-01 0.0000e+00 0.0000e+00 1.1111e-01 3.8889e-01 9.0909e-02 1.1111e-01 0.0000e+00 0.0000e+00 0.0000e+00 0.0000e+00 0.0000e+00 1.1111e-01 0.0000e+00 2.0000e-01 0.0000e+00 0.0000e+00 0.0000e+00 0.0000e+00 0.0000e+00 2.0000e-01 0.0000e+00 0.0000e+00 1.0000e+00 0.0000e+00 0.0000e+00 0.0000e+00 1.0000e+00 1.8182e-01 2.0000e-01 2.5000e-01 1.1111e-01 1.8182e-01 1.0000e+00 0.0000e+00 2.0000e-01 0.0000e+00 0.0000e+00 0.0000e+00
4.5833e-01 1.1111e-01 0.0000e+00 1.6667e-01 1.6667e-01 6.7742e-01 1.0000e+00 0.0000e+00 0.0000e+00 0.0000e+00 6.0465e-01 0.0000e+00 0.0000e+00 1.8182e-01 0.0000e+00 6.9333e-01 2.0000e-01 1.1111e-01 1.1111e-01 0.0000e+00 2.0000e-01 0.0000e+00 1.0000e-01 0.0000e+00 2.8571e-01 0.0000e+00 0.0000e+00 0.0000e+00 0.0000e+00 2.0000e-01 0.0000e+00 0.0000e+00 1.6667e-01 0.0000e+00 1.0000e+00 1.1111e-01 1.1111e-01 2.5000e-01 1.0000e+00 1.0000e-01 3.8889e-01 2.5000e-01 2.8571e-01 5.2778e-01 1.0000e+00 1.8182e-01 2.5000e-01 1.1111e-01 0.0000e+00 7.8571e-01
4.2857e-01 1.1111e-01 0.0000e+00 3.9130e-01 5.2381e-01 1.1111e-01 1.0000e+00 1.8182e-01 1.1111e-01 2.1429e-01 0.0000e+00 2.8571e-01 0.0000e+00 0.0000e+00 3.8889e-01 0.0000e+00 0.0000e+00 2.0000e-01 0.0000e+00 1.1111e-01 1.1111e-01 2.8571e-01 2.3077e-01 3.1250e-01 2.8571e-01 1.1111e-01 4.5833e-01 2.0000e-01 2.1429e-01 2.0000e-01 2.0000e-01 1.1111e-01 0.0000e+00 1.0000e+00 1.0000e+00 2.5000e-01 0.0000e+00 7.2093e-01 1.0000e+00 1.0000e-01 3.5294e-01 1.8182e-01 3.1250e-01 0.0000e+00 1.0000e+00 0.0000e+00 2.0000e-01 4.8000e-01 1.1111e-01 1.1111e-01
2.8571e-01 0.0000e+00 1.8182e-01 3.5000e-01 5.6250e-01 1.1111e-01 1.0000e+00 2.3077e-01 0.0000e+00 3.7500e-01 3.5294e-01 0.0000e+00 0.0000e+00 1.1111e-01 0.0000e+00 5.4545e-01 5.1923e-01 0.0000e+00 0.0000e+00 3.3333e-01 2.0000e-01 0.0000e+00 5.5319e-01 5.7778e-01 1.8182e-01 2.0000e-01 4.2857e-01 2.8571e-01 2.7778e-01 6.8254e-01 0.0000e+00 5.9524e-01 5.1351e-01 1.0000e+00 1.0000e+00 5.0000e-01 1.1111e-01 6.8657e-01 1.0000e+00 4.0909e-01 1.1111e-01 1.1111e-01 4.0000e-01 3.6842e-01 1.0000e+00 0.0000e+00 2.0000e-01 4.5833e-01 2.0000e-01 0.0000e+00
0.0000e+00 0.0000e+00 0.0000e+00 0.0000e+00 1.0000e-01 6.8254e-01 1.0000e+00 1.8182e-01 3.3333e-01 0.0000e+00 2.8571e-01 1.1111e-01 0.0000e+00 1.1111e-01 5.3333e-01 1.1111e-01 4.1935e-01 0.0000e+00 2.5000e-01 4.8000e-01 2.8571e-01 6.6667e-01 4.6667e-01 0.0000e+00 1.1111e-01 6.8254e-01 4.5833e-01 2.0000e-01 0.0000e+00 0.0000e+00 3.3333e-01 1.1111e-01 1.0000e-01 1.0000e+00 1.0000e+00 7.0886e-01 1.8182e-01 0.0000e+00 1.0000e+00 2.3077e-01 0.0000e+00 0.0000e+00 0.0000e+00 0.0000e+00 1.0000e+00 0.0000e+00 6.6071e-01 2.0000e-01 3.3333e-01 2.8571e-01
1.8182e-01 0.0000e+00 0.0000e+00 0.0000e+00 2.9412e-01 2.0000e-01 1.0000e+00 1.1111e-01 1.1111e-01 2.9412e-01 3.5294e-01 5.3125e-01 1.6667e-01 2.8571e-01 2.8571e-01 1.1111e-01 2.0000e-01 0.0000e+00 0.0000e+00 1.1111e-01 0.0000e+00 0.0000e+00 1.0000e-01 0.0000e+00 0.0000e+00 2.5000e-01 4.5455e-01 6.2222e-01 0.0000e+00 0.0000e+00 0.0000e+00 2.0000e-01 2.6667e-01 1.0000e+00 1.0000e+00 3.3333e-01 0.0000e+00 9.8941e-01 1.0000e+00 0.0000e+00 0.0000e+00 1.1111e-01 5.3125e-01 1.8182e-01 1.0000e+00 1.1111e-01 0.0000e+00 1.1111e-01 2.0000e-01 0.0000e+00
5.6757e-01 2.8571e-01 1.1111e-01 6.2667e-01 8.0100e-01 6.3265e-01 1.0000e+00 2.8571e-01 1.1111e-01 6.2651e-01 2.5000e-01 7.3077e-01 4.1667e-01 2.3077e-01 3.8889e-01 4.5455e-01 3.1818e-01 1.1111e-01 0.0000e+00 0.0000e+00 2.8571e-01 0.0000e+00 1.0000e-01 6.2069e-01 3.5294e-01 2.8571e-01 1.1111e-01 3.3333e-01 1.6667e-01 2.0000e-01 0.0000e+00 3.8889e-01 0.0000e+00 1.0000e+00 1.0000e+00 5.3333e-01 1.1111e-01 1.0000e+00 1.0000e+00 6.8132e-01 1.1111e-01 0.0000e+00 7.5194e-01 5.0000e-01 1.0000e+00 6.1111e-01 1.1111e-01 3.5294e-01 5.7143e-01 3.3333e-01
1.1111e-01 1.1111e-01 0.0000e+00 0.0000e+00 2.6667e-01 5.6757e-01 1.0000e+00 0.0000e+00 0.0000e+00 0.0000e+00 3.3333e-01 2.8571e-01 0.0000e+00 0.0000e+00 3.5294e-01 3.5294e-01 0.0000e+00 1.1111e-01 2.0000e-01 0.0000e+00 1.1111e-01 1.8182e-01 0.0000e+00 0.0000e+00 0.0000e+00 1.1111e-01 0.0000e+00 1.1111e-01 3.1579e-01 3.8889e-01 2.0000e-01 0.0000e+00 0.0000e+00 1.0000e+00 1.0000e+00 2.5000e-01 0.0000e+00 1.0000e+00 1.0000e+00 0.0000e+00 0.0000e+00 2.5000e-01 1.1111e-01 3.1250e-01 1.0000e+00 0.0000e+00 3.3333e-01 1.1111e-01 0.0000e+00 0.0000e+00
1.1111e-01 0.0000e+00 1.8182e-01 2.1429e-01 1.6667e-01 1.1111e-01 1.0000e+00 0.0000e+00 0.0000e+00 0.0000e+00 1.1111e-01 1.1111e-01 0.0000e+00 1.1111e-01 1.1111e-01 0.0000e+00 0.0000e+00 0.0000e+00 1.1111e-01 2.5000e-01 0.0000e+00 1.1111e-01 0.0000e+00 0.0000e+00 1.1111e-01 2.0000e-01 0.0000e+00 1.1111e-01 0.0000e+00 1.1111e-01 1.1111e-01 1.1111e-01 1.0000e-01 1.0000e+00 1.0000e+00 0.0000e+00 0.0000e+00 1.0000e+00 1.0000e+00 0.0000e+00 1.1111e-01 1.1111e-01 3.1250e-01 0.0000e+00 1.0000e+00 4.6154e-01 2.0000e-01 2.0000e-01 2.0000e-01 0.0000e+00
4.2857e-01 1.1111e-01 5.2941e-01 7.1622e-01 6.0938e-01 6.2500e-01 1.0000e+00 2.3077e-01 3.8889e-01 3.3333e-01 5.7895e-01 5.3125e-01 1.6667e-01 3.6842e-01 5.5882e-01 4.8000e-01 4.8889e-01 3.3333e-01 3.5294e-01 4.2105e-01 3.8889e-01 4.3478e-01 1.6667e-01 3.8095e-01 5.4286e-01 3.3333e-01 5.0000e-01 5.0000e-01 3.1579e-01 4.2105e-01 2.8571e-01 4.2857e-01 3.5000e-01 1.0000e+00 1.0000e+00 3.3333e-01 3.6842e-01 1.0000e+00 1.0000e+00 6.2295e-01 4.5455e-01 4.0000e-01 1.8182e-01 5.1515e-01 1.0000e+00 4.3478e-01 4.5833e-01 2.0000e-01 3.8889e-01 4.2105e-01
1.8182e-01 2.0000e-01 1.1111e-01 1.0000e-01 1.0000e-01 2.0000e-01 1.0000e+00 2.8571e-01 2.8571e-01 1.0000e-01 3.3333e-01 3.6842e-01 0.0000e+00 1.1111e-01 2.5000e-01 3.8889e-01 0.0000e+00 3.3333e-01 0.0000e+00 0.0000e+00 2.5000e-01 1.1111e-01 2.3077e-01 1.8182e-01 1.1111e-01 2.5000e-01 4.5455e-01 2.0000e-01 2.7778e-01 4.2105e-01 0.0000e+00 1.1111e-01 2.3077e-01 1.0000e+00 1.0000e+00 1.1111e-01 1.1111e-01 1.0000e+00 1.0000e+00 1.8182e-01 1.1111e-01 0.0000e+00 4.3478e-01 1.8182e-01 1.0000e+00 4.3478e-01 5.1724e-01 3.5294e-01 0.0000e+00 2.0000e-01
0.0000e+00 2.0000e-01 0.0000e+00 1.0000e-01 2.6667e-01 4.2105e-01 1.0000e+00 0.0000e+00 1.1111e-01 7.2000e-01 9.1088e-01 1.1111e-01 0.0000e+00 2.3077e-01 7.4490e-01 7.9412e-01 2.7778e-01 0.0000e+00 1.1111e-01 2.8571e-01 6.0000e-01 0.0000e+00 1.6667e-01 0.0000e+00 7.2222e-01 3.8889e-01 2.0000e-01 2.5000e-01 2.1429e-01 6.4000e-01 3.5294e-01 3.5294e-01 4.1667e-01 1.0000e+00 1.0000e+00 4.5455e-01 0.0000e+00 1.0000e+00 1.0000e+00 3.1250e-01 1.1111e-01 1.8182e-01 7.7273e-01 1.1111e-01 1.0000e+00 1.1111e-01 7.0270e-01 7.9618e-01 2.0000e-01 2.5000e-01
1.8182e-01 0.0000e+00 0.0000e+00 3.1579e-01 5.2381e-01 1.1111e-01 1.0000e+00 0.0000e+00 0.0000e+00 3.6364e-01 3.5294e-01 4.2857e-01 1.0000e-01 1.8182e-01 7.6522e-01 7.6230e-01 9.0909e-02 1.1111e-01 2.0000e-01 0.0000e+00 2.0000e-01 1.1111e-01 3.3333e-01 1.1111e-01 1.1111e-01 5.5882e-01 1.1111e-01 2.0000e-01 1.6667e-01 8.3682e-01 2.0000e-01 2.0000e-01 1.0000e-01 1.0000e+00 1.0000e+00 5.0000e-01 1.1111e-01 1.0000e+00 1.0000e+00 1.8182e-01 2.0000e-01 1.8182e-01 6.8831e-01 4.0909e-01 1.0000e+00 1.1111e-01 3.5294e-01 4.8000e-01 0.0000e+00 3.8889e-01
4.3478e-01 0.0000e+00 3.1250e-01 3.6364e-01 1.0000e-01 5.7143e-01 1.0000e+00 0.0000e+00 1.1111e-01 0.0000e+00 1.1111e-01 1.1111e-01 0.0000e+00 0.0000e+00 0.0000e+00 6.9444e-01 0.0000e+00 0.0000e+00 2.0000e-01 0.0000e+00 1.1111e-01 0.0000e+00 1.0000e-01 2.3077e-01 0.0000e+00 0.0000e+00 1.1111e-01 0.0000e+00 2.5000e-01 4.8000e-01 0.0000e+00 0.0000e+00 1.0000e-01 1.0000e+00 1.0000e+00 0.0000e+00 0.0000e+00 1.0000e+00 1.0000e+00 0.0000e+00 2.0000e-01 1.8182e-01 0.0000e+00 0.0000e+00 1.0000e+00 3.6842e-01 3.3333e-01 2.0000e-01 0.0000e+00 0.0000e+00
6.4407e-01 6.8254e-01 6.9880e-01 7.0229e-01 5.8182e-01 5.3333e-01 1.0000e+00 8.6833e-01 6.9014e-01 6.7257e-01 5.7895e-01 6.2745e-01 7.5369e-01 6.7901e-01 6.8254e-01 8.2379e-01 3.0000e-01 6.9863e-01 7.2414e-01 5.3333e-01 5.7895e-01 6.0784e-01 6.1290e-01 4.6429e-01 2.8571e-01 6.3265e-01 3.3333e-01 5.0000e-01 6.0526e-01 6.4151e-01 6.7213e-01 4.2105e-01 6.4474e-01 1.0000e+00 1.0000e+00 5.1724e-01 5.8140e-01 1.0000e+00 1.0000e+00 7.3649e-01 6.2222e-01 2.8571e-01 7.1111e-01 7.3228e-01 1.0000e+00 7.6250e-01 6.7213e-01 6.6071e-01 6.3265e-01 5.4839e-01
0.0000e+00 0.0000e+00 0.0000e+00 1.0000e-01 0.0000e+00 2.0000e-01 1.0000e+00 1.8182e-01 0.0000e+00 2.5000e-01 0.0000e+00 0.0000e+00 0.0000e+00 0.0000e+00 0.0000e+00 1.1111e-01 0.0000e+00 0.0000e+00 0.0000e+00 0.0000e+00 0.0000e+00 0.0000e+00 0.0000e+00 1.1111e-01 0.0000e+00 1.1111e-01 0.0000e+00 2.0000e-01 9.0909e-02 0.0000e+00 2.5000e-01 0.0000e+00 1.6667e-01 1.0000e+00 1.0000e+00 0.0000e+00 0.0000e+00 1.0000e+00 1.0000e+00 0.0000e+00 0.0000e+00 0.0000e+00 0.0000e+00 2.3077e-01 1.0000e+00 0.0000e+00 0.0000e+00 0.0000e+00 0.0000e+00 1.1111e-01
7.7778e-01 7.6667e-01 7.8313e-01 7.9904e-01 8.8302e-01 1.0000e+00 1.0000e+00 7.7301e-01 7.2093e-01 8.3916e-01 8.6445e-01 9.2696e-01 8.0362e-01 8.0328e-01 9.7900e-01 7.4286e-01 8.2323e-01 8.4859e-01 1.0000e+00 9.0323e-01 1.0000e+00 6.8889e-01 8.7918e-01 8.6860e-01 7.9911e-01 9.8146e-01 7.8102e-01 8.1675e-01 8.2493e-01 9.8997e-01 8.7793e-01 9.9145e-01 7.7200e-01 1.0000e+00 1.0000e+00 8.5017e-01 9.2618e-01 1.0000e+00 1.0000e+00 5.6818e-01 8.4892e-01 9.3596e-01 7.9798e-01 8.1646e-01 1.0000e+00 8.2558e-01 7.6106e-01 8.1959e-01 7.5455e-01 1.0000e+00
1.8182e-01 0.0000e+00 0.0000e+00 0.0000e+00 0.0000e+00 1.0000e+00 1.0000e+00 2.3077e-01 1.1111e-01 1.6667e-01 2.5000e-01 0.0000e+00 0.0000e+00 0.0000e+00 1.0000e+00 0.0000e+00 9.0909e-02 4.2105e-01 1.0000e+00 1.1111e-01 1.0000e+00 0.0000e+00 0.0000e+00 4.4000e-01 1.1111e-01 1.0000e+00 1.1111e-01 1.1111e-01 0.0000e+00 1.0000e+00 0.0000e+00 1.0000e+00 1.0000e-01 1.0000e+00 1.0000e+00 2.5000e-01 1.1111e-01 1.0000e+00 1.0000e+00 2.6667e-01 0.0000e+00 3.1250e-01 5.0000e-01 0.0000e+00 1.0000e+00 1.1111e-01 3.5294e-01 3.5294e-01 0.0000e+00 1.0000e+00
2.8571e-01 1.1111e-01 1.1111e-01 4.4828e-01 1.0000e-01 1.0000e+00 1.0000e+00 1.8182e-01 2.0000e-01 1.0000e-01 5.3333e-01 3.1250e-01 1.6667e-01 0.0000e+00 1.0000e+00 5.5882e-01 0.0000e+00 0.0000e+00 1.0000e+00 2.8571e-01 1.0000e+00 1.8182e-01 1.6667e-01 5.6098e-01 5.1613e-01 1.0000e+00 2.8571e-01 0.0000e+00 3.8462e-01 1.0000e+00 2.0000e-01 1.0000e+00 1.0000e-01 1.0000e+00 1.0000e+00 3.3333e-01 3.5294e-01 1.0000e+00 1.0000e+00 4.0909e-01 2.5000e-01 3.5294e-01 7.6871e-01 1.8182e-01 1.0000e+00 1.1111e-01 4.5833e-01 4.2105e-01 2.0000e-01 1.0000e+00
6.0870e-01 8.3117e-01 8.4084e-01 5.5319e-01 2.3077e-01 1.0000e+00 1.0000e+00 4.0000e-01 5.5882e-01 7.9443e-01 1.1111e-01 7.4797e-01 8.2823e-01 8.7677e-01 1.0000e+00 8.9193e-01 3.0000e-01 8.5976e-01 1.0000e+00 8.8090e-01 1.0000e+00 1.8182e-01 1.0000e-01 7.7157e-01 8.3938e-01 1.0000e+00 6.5455e-01 7.3684e-01 7.0652e-01 1.0000e+00 1.1111e-01 1.0000e+00 2.3077e-01 1.0000e+00 1.0000e+00 9.7996e-01 3.5294e-01 1.0000e+00 1.0000e+00 1.8182e-01 6.4706e-01 6.2963e-01 8.3792e-01 0.0000e+00 1.0000e+00 0.0000e+00 8.3817e-01 8.6186e-01 0.0000e+00 1.0000e+00
7.7241e-01 7.6068e-01 9.4073e-01 8.4076e-01 7.3373e-01 1.0000e+00 1.0000e+00 6.4407e-01 6.9118e-01 7.4107e-01 7.9114e-01 7.0238e-01 6.3514e-01 8.1818e-01 1.0000e+00 8.4083e-01 7.5339e-01 8.3936e-01 1.0000e+00 7.3626e-01 1.0000e+00 7.8829e-01 7.1429e-01 8.2974e-01 7.0652e-01 1.0000e+00 8.3682e-01 7.3626e-01 8.1000e-01 1.0000e+00 9.7997e-01 1.0000e+00 7.5500e-01 1.0000e+00 1.0000e+00 1.0000e+00 7.6623e-01 1.0000e+00 1.0000e+00 7.8017e-01 6.8657e-01 7.4359e-01 6.3793e-01 7.2414e-01 1.0000e+00 9.0581e-01 6.7213e-01 8.1421e-01 8.5933e-01 1.0000e+00
3.8889e-01 1.1111e-01 2.5000e-01 0.0000e+00 2.9412e-01 1.0000e+00 1.0000e+00 1.8182e-01 0.0000e+00 2.5000e-01 3.5294e-01 0.0000e+00 1.0000e-01 1.1111e-01 1.0000e+00 0.0000e+00 0.0000e+00 0.0000e+00 1.0000e+00 0.0000e+00 1.0000e+00 1.8182e-01 2.6667e-01 0.0000e+00 4.3478e-01 1.0000e+00 1.1111e-01 1.1111e-01 2.1429e-01 1.0000e+00 1.0000e+00 1.0000e+00 0.0000e+00 1.0000e+00 1.0000e+00 1.0000e+00 0.0000e+00 1.0000e+00 1.0000e+00 1.0000e-01 0.0000e+00 0.0000e+00 1.8182e-01 2.3077e-01 1.0000e+00 5.9574e-01 3.3333e-01 6.1364e-01 5.3333e-01 1.0000e+00
9.4465e-01 9.8995e-01 8.8773e-01 8.7797e-01 8.3655e-01 1.0000e+00 1.0000e+00 9.3394e-01 9.6350e-01 8.4750e-01 9.5110e-01 9.3059e-01 8.9494e-01 9.2679e-01 1.0000e+00 9.4732e-01 8.1916e-01 9.6230e-01 1.0000e+00 1.0000e+00 1.0000e+00 9.2333e-01 8.8764e-01 9.0618e-01 9.3089e-01 1.0000e+00 1.0000e+00 9.7793e-01 8.4085e-01 1.0000e+00 1.0000e+00 1.0000e+00 8.9803e-01 1.0000e+00 1.0000e+00 1.0000e+00 9.1264e-01 1.0000e+00 1.0000e+00 9.0560e-01 9.7131e-01 8.8593e-01 9.3573e-01 9.2169e-01 1.0000e+00 9.1375e-01 1.0000e+00 1.0000e+00 1.0000e+00 1.0000e+00
0.0000e+00 1.0000e+00 0.0000e+00 0.0000e+00 1.6667e-01 1.0000e+00 1.0000e+00 0.0000e+00 0.0000e+00 2.1429e-01 0.0000e+00 0.0000e+00 1.0000e-01 0.0000e+00 1.0000e+00 2.5000e-01 0.0000e+00 0.0000e+00 1.0000e+00 1.0000e+00 1.0000e+00 0.0000e+00 1.0000e-01 0.0000e+00 2.3077e-01 1.0000e+00 1.0000e+00 1.0000e+00 9.0909e-02 1.0000e+00 1.0000e+00 1.0000e+00 0.0000e+00 1.0000e+00 1.0000e+00 1.0000e+00 2.3077e-01 1.0000e+00 1.0000e+00 0.0000e+00 1.0000e+00 0.0000e+00 0.0000e+00 0.0000e+00 1.0000e+00 1.1111e-01 1.0000e+00 1.0000e+00 1.0000e+00 1.0000e+00
0.0000e+00 1.0000e+00 1.8182e-01 0.0000e+00 0.0000e+00 1.0000e+00 1.0000e+00 1.1111e-01 0.0000e+00 2.9412e-01 3.3333e-01 2.8571e-01 0.0000e+00 1.1111e-01 1.0000e+00 1.8182e-01 0.0000e+00 4.2857e-01 1.0000e+00 1.0000e+00 1.0000e+00 1.1111e-01 2.9412e-01 1.1111e-01 0.0000e+00 1.0000e+00 1.0000e+00 1.0000e+00 0.0000e+00 1.0000e+00 1.0000e+00 1.0000e+00 0.0000e+00 1.0000e+00 1.0000e+00 1.0000e+00 0.0000e+00 1.0000e+00 1.0000e+00 6.6667e-01 1.0000e+00 0.0000e+00 1.1111e-01 0.0000e+00 1.0000e+00 3.1250e-01 1.0000e+00 1.0000e+00 1.0000e+00 1.0000e+00
3.5294e-01 1.0000e+00 1.1111e-01 2.6667e-01 4.0000e-01 1.0000e+00 1.0000e+00 0.0000e+00 0.0000e+00 0.0000e+00 0.0000e+00 5.0000e-01 1.0000e-01 2.3077e-01 1.0000e+00 5.8537e-01 9.0909e-02 2.8571e-01 1.0000e+00 1.0000e+00 1.0000e+00 0.0000e+00 1.0000e-01 1.1111e-01 3.5294e-01 1.0000e+00 1.0000e+00 1.0000e+00 0.0000e+00 1.0000e+00 1.0000e+00 1.0000e+00 1.0000e-01 1.0000e+00 1.0000e+00 1.0000e+00 1.8182e-01 1.0000e+00 1.0000e+00 3.1250e-01 1.0000e+00 0.0000e+00 2.5000e-01 3.1250e-01 1.0000e+00 4.0000e-01 1.0000e+00 1.0000e+00 1.0000e+00 1.0000e+00
1.1111e-01 1.0000e+00 1.1111e-01 2.9412e-01 5.0000e-01 1.0000e+00 1.0000e+00 1.1111e-01 0.0000e+00 1.6667e-01 3.5294e-01 2.5000e-01 1.0000e-01 1.8182e-01 1.0000e+00 3.3333e-01 1.5385e-01 0.0000e+00 1.0000e+00 1.0000e+00 1.0000e+00 1.8182e-01 0.0000e+00 1.8182e-01 1.1111e-01 1.0000e+00 1.0000e+00 1.0000e+00 0.0000e+00 1.0000e+00 1.0000e+00 1.0000e+00 1.6667e-01 1.0000e+00 1.0000e+00 1.0000e+00 2.3077e-01 1.0000e+00 1.0000e+00 5.8333e-01 1.0000e+00 2.5000e-01 2.8571e-01 5.6098e-01 1.0000e+00 1.1111e-01 1.0000e+00 1.0000e+00 1.0000e+00 1.0000e+00
0.0000e+00 1.0000e+00 0.0000e+00 0.0000e+00 1.6667e-01 1.0000e+00 1.0000e+00 0.0000e+00 3.5294e-01 0.0000e+00 0.0000e+00 0.0000e+00 1.0000e-01 1.1111e-01 1.0000e+00 1.1111e-01 0.0000e+00 0.0000e+00 1.0000e+00 1.0000e+00 1.0000e+00 0.0000e+00 0.0000e+00 0.0000e+00 0.0000e+00 1.0000e+00 1.0000e+00 1.0000e+00 3.3333e-01 1.0000e+00 1.0000e+00 1.0000e+00 1.6667e-01 1.0000e+00 1.0000e+00 1.0000e+00 0.0000e+00 1.0000e+00 1.0000e+00 0.0000e+00 1.0000e+00 0.0000e+00 0.0000e+00 1.8182e-01 1.0000e+00 1.1111e-01 1.0000e+00 1.0000e+00 1.0000e+00 1.0000e+00
4.8000e-01 1.0000e+00 2.8571e-01 7.1622e-01 2.6667e-01 1.0000e+00 1.0000e+00 1.1111e-01 3.8889e-01 2.5000e-01 4.8000e-01 2.5000e-01 2.6667e-01 2.8571e-01 1.0000e+00 4.5455e-01 3.0000e-01 0.0000e+00 1.0000e+00 1.0000e+00 1.0000e+00 5.8696e-01 3.3333e-01 1.8182e-01 3.6842e-01 1.0000e+00 1.0000e+00 1.0000e+00 4.0741e-01 1.0000e+00 1.0000e+00 1.0000e+00 1.0000e-01 1.0000e+00 1.0000e+00 1.0000e+00 0.0000e+00 1.0000e+00 1.0000e+00 3.3333e-01 1.0000e+00 0.0000e+00 6.6154e-01 2.8571e-01 1.0000e+00 2.8571e-01 1.0000e+00 1.0000e+00 1.0000e+00 1.0000e+00
1.8182e-01 1.0000e+00 1.8182e-01 4.0000e-01 3.3333e-01 1.0000e+00 1.0000e+00 1.1111e-01 2.8571e-01 1.0000e-01 0.0000e+00 2.8571e-01 1.0000e-01 2.8571e-01 1.0000e+00 0.0000e+00 3.0000e-01 1.1111e-01 1.0000e+00 1.0000e+00 1.0000e+00 3.3333e-01 1.0000e-01 3.1250e-01 3.5294e-01 1.0000e+00 1.0000e+00 1.0000e+00 3.4783e-01 1.0000e+00 1.0000e+00 1.0000e+00 0.0000e+00 1.0000e+00 1.0000e+00 1.0000e+00 0.0000e+00 1.0000e+00 1.0000e+00 1.0000e-01 1.0000e+00 0.0000e+00 1.8182e-01 1.1111e-01 1.0000e+00 1.8182e-01 1.0000e+00 1.0000e+00 1.0000e+00 1.0000e+00
3.3333e-01 1.0000e+00 0.0000e+00 3.6364e-01 6.3158e-01 1.0000e+00 1.0000e+00 1.1111e-01 2.8571e-01 8.4714e-01 1.8182e-01 3.5294e-01 4.6875e-01 0.0000e+00 1.0000e+00 0.0000e+00 9.0909e-02 0.0000e+00 1.0000e+00 1.0000e+00 1.0000e+00 4.6429e-01 1.0000e-01 4.1667e-01 1.1111e-01 1.0000e+00 1.0000e+00 1.0000e+00 5.9722e-01 1.0000e+00 1.0000e+00 1.0000e+00 6.2319e-01 1.0000e+00 1.0000e+00 1.0000e+00 1.1111e-01 1.0000e+00 1.0000e+00 1.0000e-01 1.0000e+00 6.0000e-01 7.0787e-01 5.8696e-01 1.0000e+00 2.8571e-01 1.0000e+00 1.0000e+00 1.0000e+00 1.0000e+00
