3.5246e-01 1.0185e-01 3.0000e-01 4.1071e-01 2.2835e-01 7.4757e-01 9.2958e-01 3.3929e-01 2.3529e-01 1.5574e-01 5.1938e-01 2.9457e-01 8.2645e-02 2.1324e-01 3.7069e-01 5.3600e-01 2.8070e-01 1.2857e-01 1.0000e-01 1.3600e-01 2.3077e-01 2.2680e-01 1.0619e-01 2.5781e-01 6.7227e-02 1.6667e-01 3.6508e-01 4.9020e-02 4.1600e-01 4.6729e-01 1.7323e-01 3.1304e-01 2.5185e-01 4.0000e-01 4.1600e-01 4.5038e-01 4.6875e-02 5.3125e-01 9.4118e-01 5.7983e-01 1.3669e-01 1.5972e-01 6.0656e-01 1.3386e-01 4.3396e-01 4.4762e-01 4.3590e-01 4.5763e-01 2.3577e-01 2.5424e-01
2.4390e-01 1.2295e-01 4.3478e-02 5.6589e-01 4.1259e-01 5.8824e-01 1.9672e-01 2.7586e-01 2.6316e-01 4.3902e-01 2.2321e-01 6.0360e-01 9.3023e-02 6.9565e-02 3.3981e-01 6.1417e-01 5.5556e-01 2.1429e-01 3.4783e-02 2.1818e-01 7.2000e-01 3.8281e-01 3.0469e-01 1.6071e-01 3.7762e-01 3.0189e-01 2.9213e-01 2.3134e-01 2.5455e-01 7.8030e-01 2.0301e-01 9.0909e-01 4.4628e-01 4.3478e-02 1.0000e+00 1.8487e-01 1.6364e-01 5.2239e-01 1.0000e+00 1.4151e-01 1.1207e-01 3.0534e-02 8.2353e-01 5.1938e-01 8.8596e-01 3.0769e-01 8.2707e-02 2.2400e-01 1.3600e-01 1.5000e-01
3.4921e-01 8.1081e-02 1.0569e-01 1.1207e-01 1.9841e-01 4.9593e-01 3.7795e-01 2.0513e-01 9.6154e-03 1.7778e-01 2.8125e-01 6.5041e-02 6.6667e-02 1.1765e-01 5.0000e-02 3.9516e-01 9.0090e-02 2.0000e-01 1.1290e-01 4.1667e-02 2.8788e-01 4.5600e-01 1.1607e-01 2.8037e-01 2.1739e-01 3.2824e-01 5.3435e-02 7.2165e-02 1.7241e-01 7.2441e-01 1.9847e-01 2.0482e-01 7.3171e-02 1.4706e-01 2.0611e-01 2.3770e-01 6.9231e-02 6.0360e-01 6.8085e-01 3.9831e-01 2.4194e-02 1.6260e-02 6.1062e-01 4.1135e-01 2.9688e-01 1.5038e-01 1.9266e-01 1.4407e-01 7.2581e-02 1.4783e-01
2.1239e-01 3.7313e-02 3.6364e-02 6.9231e-02 1.7557e-01 7.6923e-02 5.9055e-01 5.8394e-02 7.2581e-02 5.5556e-02 1.5534e-01 2.1970e-01 8.1967e-03 2.3622e-01 2.0968e-01 4.1071e-01 5.3097e-02 7.4074e-02 1.0909e-01 9.7744e-02 7.1429e-02 2.4219e-01 4.4262e-01 1.0156e-01 4.3165e-02 5.6000e-02 1.4634e-01 0.0000e+00 1.7241e-02 6.1207e-01 4.6296e-02 1.6923e-01 0.0000e+00 5.9829e-02 3.8053e-01 1.4599e-01 4.2105e-02 0.0000e+00 3.6522e-01 3.7692e-01 0.0000e+00 0.0000e+00 3.6842e-01 1.6529e-02 3.0075e-02 3.6154e-01 1.3710e-01 1.4783e-01 2.4390e-02 5.0420e-02
2.7184e-01 1.0687e-01 2.1260e-01 2.0000e-01 3.4109e-01 3.0357e-01 1.0000e+00 1.6514e-01 2.2727e-01 2.1667e-01 2.1739e-01 1.9672e-01 7.3529e-02 1.5789e-01 3.5000e-01 4.6032e-01 9.0909e-02 6.6667e-02 1.6667e-01 2.3438e-02 2.2936e-01 2.1154e-01 1.8182e-01 2.6957e-01 1.0714e-01 2.2901e-01 2.7731e-01 1.8421e-01 6.5306e-01 5.9690e-01 3.2787e-02 7.9365e-02 1.3514e-01 1.3600e-01 6.0204e-01 2.5000e-01 9.0909e-03 2.9231e-01 1.0000e+00 2.5203e-01 1.1304e-01 2.0896e-01 6.2136e-01 1.3821e-01 2.7200e-01 3.1452e-01 2.7731e-01 2.3200e-01 1.4050e-01 1.5323e-01
3.0081e-01 5.0725e-02 5.0505e-02 1.6814e-01 2.0690e-01 1.5873e-01 4.5763e-01 1.0317e-01 2.3129e-01 1.2500e-01 3.5433e-01 2.6016e-01 8.6957e-02 0.0000e+00 2.3577e-01 3.5294e-01 1.7857e-02 1.3333e-01 9.1603e-02 7.0796e-02 9.4340e-02 1.3223e-01 2.1705e-01 1.1679e-01 8.4746e-02 1.4286e-01 9.0909e-03 1.8750e-01 1.1194e-01 3.2039e-01 1.8182e-01 1.6814e-01 1.0714e-01 7.4074e-03 2.7132e-01 3.2000e-01 6.9565e-02 1.9286e-01 6.6923e-01 8.0508e-01 9.4488e-02 1.5748e-02 4.6400e-01 1.4655e-01 4.0299e-01 2.5225e-01 2.8462e-01 2.9655e-01 5.5556e-02 1.5504e-02
4.4954e-01 7.7586e-02 2.0536e-01 3.9683e-02 4.2735e-02 2.4812e-01 2.5000e-01 0.0000e+00 5.7692e-02 0.0000e+00 3.0702e-01 0.0000e+00 4.1322e-02 1.6964e-01 0.0000e+00 1.0169e-01 0.0000e+00 0.0000e+00 8.3333e-03 3.7736e-02 7.9646e-02 0.0000e+00 1.1404e-01 7.1429e-02 2.0833e-02 6.0606e-02 0.0000e+00 5.7971e-02 8.6957e-02 3.7600e-01 5.2632e-02 0.0000e+00 0.0000e+00 1.6923e-01 0.0000e+00 6.1224e-02 0.0000e+00 2.2222e-01 0.0000e+00 1.7213e-01 2.4000e-02 0.0000e+00 1.0870e-01 0.0000e+00 0.0000e+00 5.6154e-01 1.1864e-01 1.7593e-01 3.9370e-02 1.4407e-01
4.8780e-02 6.7961e-02 8.6614e-02 1.3462e-01 1.1966e-01 1.3559e-01 1.8269e-01 1.1111e-01 4.7244e-02 7.6336e-02 2.4194e-01 1.5517e-01 9.0909e-02 6.1538e-02 2.8571e-02 3.0508e-01 1.0870e-01 1.3913e-01 4.6296e-02 7.6923e-02 9.0164e-02 8.8496e-02 2.0000e-01 6.9565e-02 5.2632e-02 6.4220e-02 7.7519e-03 1.2097e-01 2.0513e-01 3.2979e-01 1.2097e-01 1.9444e-01 6.4516e-02 4.2105e-02 9.0909e-02 9.0164e-02 9.1743e-03 2.1970e-01 4.8276e-01 6.0606e-02 2.8037e-02 3.4188e-02 7.6923e-02 5.3435e-02 6.7164e-02 1.4388e-02 7.1429e-02 1.3008e-01 2.4390e-02 3.7037e-02
4.0323e-02 1.8919e-01 9.5238e-02 1.1111e-01 2.9204e-01 4.1667e-02 6.2602e-01 9.8485e-02 1.6190e-01 7.6923e-02 3.4188e-02 1.1024e-01 2.7273e-02 1.0526e-01 1.6162e-01 4.5161e-01 1.4151e-01 1.2121e-01 1.4286e-01 3.8462e-02 1.3386e-01 2.2018e-01 2.8037e-02 2.3214e-01 1.3913e-01 1.6935e-01 2.8986e-02 2.5197e-01 7.9646e-02 2.1622e-01 4.5045e-02 1.7241e-01 1.7073e-01 1.4844e-01 1.9008e-01 2.1905e-01 6.1538e-02 2.8333e-01 8.5271e-02 3.1746e-02 2.5862e-02 9.5652e-02 9.1667e-02 1.5079e-01 5.5906e-01 7.8014e-02 1.4679e-01 1.6296e-01 1.6000e-02 1.1538e-01
1.7424e-01 1.2500e-01 1.2903e-01 2.6190e-01 5.2632e-01 4.0496e-01 4.5263e-01 3.8636e-01 1.8966e-01 1.7323e-01 3.0081e-01 1.0185e-01 2.2556e-01 9.7744e-02 2.0149e-01 3.8793e-01 8.1481e-02 9.3220e-02 1.5672e-01 2.8148e-01 1.6406e-01 3.9252e-01 2.6852e-01 2.0168e-01 4.0816e-02 2.2642e-01 2.3664e-01 4.7619e-02 3.5238e-01 2.0000e-01 1.1009e-01 1.6667e-01 2.4370e-01 1.0909e-01 2.6446e-01 1.8750e-01 9.1667e-02 3.2773e-01 4.6957e-01 1.3115e-01 1.1207e-01 7.2993e-02 2.8070e-01 1.0309e-01 1.9048e-01 2.2314e-01 2.7200e-01 1.9531e-01 1.3208e-01 2.5000e-01
8.7692e-01 2.2523e-01 3.0000e-01 8.2090e-01 2.6230e-01 2.8000e-01 7.9688e-01 5.9829e-02 2.7200e-01 2.6050e-01 2.9703e-01 2.9565e-01 9.0090e-03 2.3529e-01 9.0476e-01 5.9836e-01 4.1259e-01 4.9138e-01 5.0000e-01 4.3103e-02 6.6667e-01 8.5593e-01 5.0450e-01 8.9565e-01 5.3077e-01 2.8346e-01 7.5912e-01 3.7864e-01 1.3158e-01 4.5324e-01 6.3710e-01 7.8448e-01 3.5246e-01 6.5812e-01 3.5385e-01 6.7188e-01 2.5234e-01 5.2830e-01 7.8899e-01 7.6106e-01 1.6393e-02 7.8049e-01 6.8182e-01 6.4348e-01 6.2385e-01 6.2500e-01 3.6607e-01 7.3913e-01 5.4918e-01 2.2222e-01
2.6984e-01 1.5574e-01 6.2500e-02 9.0909e-02 1.5079e-01 6.6355e-01 4.6457e-01 1.6071e-01 0.0000e+00 6.7961e-02 2.7184e-01 2.5410e-01 6.9231e-02 0.0000e+00 3.1092e-01 6.6102e-01 1.0791e-01 4.4248e-02 2.3140e-01 4.5872e-02 3.4677e-01 1.9167e-01 2.1739e-01 8.3333e-02 1.3600e-01 2.4038e-01 4.4915e-01 1.1712e-01 3.0275e-01 3.6691e-01 2.3704e-01 9.3220e-02 0.0000e+00 5.0420e-02 5.8475e-01 1.7094e-01 0.0000e+00 4.9587e-01 7.0755e-01 9.1743e-02 0.0000e+00 3.1061e-01 8.5938e-02 4.0404e-02 0.0000e+00 1.7895e-01 1.2195e-01 1.5172e-01 3.2824e-01 1.7699e-01
7.6724e-01 7.0161e-01 6.9828e-01 4.5528e-01 7.0769e-01 7.4803e-01 5.8261e-01 7.3504e-01 4.6622e-01 7.4380e-01 4.7619e-01 6.5468e-01 6.2069e-01 7.5610e-01 5.0467e-01 4.7183e-01 6.7480e-01 4.5794e-01 7.9279e-01 7.9365e-01 6.3303e-01 5.0794e-01 5.6303e-01 6.5455e-01 8.5593e-01 8.1897e-01 3.5354e-01 5.6098e-01 6.2121e-01 6.1864e-01 7.2414e-01 8.5981e-01 7.0769e-01 4.7619e-01 6.8908e-01 5.5000e-01 7.4615e-01 7.7679e-01 7.0000e-01 7.3148e-01 7.2000e-01 8.2759e-01 3.7838e-01 7.4074e-01 3.5088e-01 6.6038e-01 7.6271e-01 4.4444e-01 7.2381e-01 6.2832e-01
1.9469e-01 1.0417e-01 9.5238e-02 3.9496e-01 4.0000e-01 2.6190e-01 1.8421e-01 1.8966e-01 1.5254e-01 3.7391e-01 2.1260e-01 3.9669e-01 5.3846e-02 1.8557e-01 3.4615e-01 3.9344e-01 1.3386e-01 1.7886e-01 9.0909e-02 1.0236e-01 1.2174e-01 6.0630e-01 1.9084e-01 3.6000e-01 3.5772e-01 1.9780e-01 1.9259e-01 2.5620e-01 1.6800e-01 5.0000e-01 1.9492e-01 2.9565e-01 3.0303e-01 7.3394e-02 3.4188e-01 2.0721e-01 5.3435e-02 6.5833e-01 6.5138e-01 6.0902e-01 6.8376e-02 7.0796e-02 4.9138e-01 1.2174e-01 4.3363e-01 6.1983e-01 1.7829e-01 3.1304e-01 1.0811e-01 1.3274e-01
1.9149e-01 7.6923e-02 2.5410e-01 3.6634e-01 3.7607e-01 2.8689e-01 6.1864e-01 1.4516e-01 3.9552e-01 1.9512e-01 4.2105e-01 1.8182e-01 3.7391e-01 4.4030e-01 2.2047e-01 2.3158e-01 1.7647e-01 1.8110e-01 3.6000e-01 3.2824e-01 1.6981e-01 2.5439e-01 2.5210e-01 3.1405e-01 1.5504e-01 2.9710e-01 2.0455e-01 3.6508e-01 1.8254e-01 2.7407e-01 2.9545e-01 2.2131e-01 3.8182e-01 1.5596e-01 3.1452e-01 2.0144e-01 1.2605e-01 6.1538e-01 5.5172e-01 1.7021e-01 2.4370e-01 2.9204e-01 4.7518e-01 4.5390e-01 6.0432e-01 2.3529e-01 5.2041e-01 3.7069e-01 5.4310e-01 1.9847e-01
5.5556e-02 1.6667e-02 7.8571e-02 1.3559e-01 1.6176e-01 1.3725e-01 6.6429e-01 2.3485e-01 8.6207e-02 1.2500e-01 1.9388e-01 9.8214e-02 4.0650e-02 1.0924e-01 5.3435e-01 2.7826e-01 9.6154e-02 2.4000e-02 9.8485e-02 2.2047e-01 3.5897e-01 2.3016e-01 6.5217e-02 2.2222e-01 6.2500e-02 4.6875e-02 1.7647e-01 1.0924e-01 1.1111e-01 9.0909e-02 6.1069e-02 1.5200e-01 1.2727e-01 7.1429e-01 8.7692e-01 2.8226e-01 1.6949e-02 7.6271e-01 7.7311e-01 8.3333e-02 1.5267e-02 1.6949e-02 6.4000e-01 6.2992e-02 6.9343e-01 3.2787e-02 1.3386e-01 7.6230e-01 7.1429e-02 7.3770e-02
4.0000e-02 9.5652e-02 1.0317e-01 3.5398e-02 6.7227e-02 1.0680e-01 3.5088e-02 7.0175e-02 1.7699e-02 5.8394e-02 5.0000e-01 7.0175e-02 1.5254e-01 2.8571e-01 3.0882e-01 0.0000e+00 1.2308e-01 6.0870e-02 1.1570e-01 1.1429e-01 2.1818e-01 1.7699e-02 7.2581e-02 5.1282e-02 1.2687e-01 1.3223e-01 0.0000e+00 2.4265e-01 1.1304e-01 1.0476e-01 1.2195e-01 1.4050e-01 5.5556e-02 7.8571e-02 8.5470e-02 7.0175e-02 9.5652e-02 0.0000e+00 1.5833e-01 0.0000e+00 0.0000e+00 0.0000e+00 0.0000e+00 1.4844e-01 0.0000e+00 2.1368e-01 6.6116e-02 1.3600e-01 1.0084e-01 1.2308e-01
5.7391e-01 8.0435e-01 1.0185e-01 6.0163e-01 6.7521e-01 5.1408e-01 4.8305e-01 7.8704e-01 3.6441e-01 4.1379e-02 7.0476e-01 5.5200e-01 3.9423e-01 6.7176e-01 2.2430e-01 7.8261e-01 5.5556e-01 7.0423e-02 2.7559e-01 2.8169e-02 1.2871e-01 1.5833e-01 2.5862e-02 1.2500e-01 7.7982e-01 5.2830e-01 2.4324e-01 4.0476e-01 1.6129e-01 3.6508e-01 0.0000e+00 5.3279e-01 8.0357e-02 3.9456e-01 2.7500e-01 6.8519e-01 7.3043e-01 0.0000e+00 5.2672e-01 1.8841e-01 0.0000e+00 1.2037e-01 7.4194e-01 0.0000e+00 9.7600e-01 4.6296e-01 3.8095e-02 7.6866e-01 4.3103e-01 4.7525e-01
2.1374e-01 8.5470e-02 7.3770e-02 2.5455e-01 2.3423e-01 9.3023e-02 1.2844e-01 0.0000e+00 1.3514e-01 0.0000e+00 5.0000e-01 6.8376e-02 0.0000e+00 8.0645e-02 1.9811e-01 4.6774e-01 7.4627e-02 0.0000e+00 0.0000e+00 7.8947e-02 9.1503e-02 6.9307e-02 0.0000e+00 1.2800e-01 8.0357e-02 6.7164e-02 2.0000e-02 1.9608e-02 1.3669e-01 4.1221e-01 3.3898e-02 2.6316e-02 1.3115e-01 6.2992e-02 2.7344e-01 6.9565e-02 0.0000e+00 4.9180e-02 5.5285e-01 2.0619e-01 7.6923e-02 8.6207e-02 4.3537e-01 0.0000e+00 3.7879e-02 2.2124e-01 1.5315e-01 5.7143e-02 2.2901e-02 5.1282e-02
3.0833e-01 8.0645e-03 1.5748e-02 1.2319e-01 2.7481e-01 1.2698e-01 2.0175e-01 1.2150e-01 3.0303e-02 5.7143e-02 3.1148e-01 1.3008e-01 5.3191e-02 3.3898e-02 2.2131e-01 1.8182e-01 2.7027e-02 8.4112e-02 6.8182e-02 5.3435e-02 3.9216e-02 1.0092e-01 2.6786e-02 2.0354e-01 1.5267e-02 5.8824e-02 3.5461e-02 4.7244e-02 1.3187e-01 2.1008e-01 3.1746e-02 8.2645e-02 0.0000e+00 7.6271e-02 7.2727e-02 8.6538e-02 5.2174e-02 1.9231e-01 1.4912e-01 1.8033e-01 3.6036e-02 4.3478e-02 1.6667e-01 1.6800e-01 1.3889e-01 1.0185e-01 9.9174e-02 7.4074e-02 1.3605e-02 1.6393e-02
4.9600e-01 9.8361e-02 1.0853e-01 7.8125e-02 1.1111e-01 6.8382e-01 5.2542e-01 3.9062e-02 5.9322e-02 4.1322e-02 4.4954e-01 3.1746e-02 0.0000e+00 2.0183e-01 0.0000e+00 7.2549e-01 1.2264e-01 1.7073e-01 7.5000e-02 7.3171e-02 4.0179e-01 7.5862e-02 2.5000e-02 4.6512e-02 2.8333e-01 1.4407e-01 6.6116e-02 9.7561e-02 6.4286e-02 2.1488e-01 1.9643e-01 2.1622e-01 1.2844e-01 6.1538e-02 3.3628e-01 2.0652e-01 2.6316e-01 2.3200e-01 1.7778e-01 2.4000e-02 2.2727e-01 1.7391e-01 4.0769e-01 3.9062e-01 8.4615e-02 4.2478e-01 3.6449e-01 1.7431e-01 7.0796e-02 7.1200e-01
3.8760e-01 4.6512e-02 2.5688e-01 4.3103e-01 4.4248e-01 1.9531e-01 5.0847e-01 2.3009e-01 1.0370e-01 2.2047e-01 2.1053e-01 8.8496e-02 1.6000e-02 1.7647e-01 2.8800e-01 5.5172e-01 1.3223e-01 1.4961e-01 4.2735e-02 1.0317e-01 3.4783e-02 1.7778e-01 2.8099e-01 3.3333e-01 1.1811e-01 2.0000e-01 3.4711e-01 1.5888e-01 1.7647e-01 2.6241e-01 8.7591e-02 2.1739e-01 1.5556e-01 1.0000e+00 6.1856e-01 3.1776e-01 7.9365e-02 6.7327e-01 6.9697e-01 3.0435e-01 2.9915e-01 1.5966e-01 3.8346e-01 7.2000e-02 5.7851e-01 2.1186e-01 1.2214e-01 4.5378e-01 6.8376e-02 9.4203e-02
3.0252e-01 1.0000e-01 2.9630e-01 4.5045e-01 5.0758e-01 3.1538e-01 2.5954e-01 2.1831e-01 2.9630e-01 2.7027e-01 2.5833e-01 1.7213e-01 9.5238e-02 1.8699e-01 2.6087e-01 5.5172e-01 5.2830e-01 1.6529e-01 1.2500e-01 3.6697e-01 2.1014e-01 2.9730e-01 4.6512e-01 5.1724e-01 2.4603e-01 3.3898e-01 2.9464e-01 3.7500e-01 3.6842e-01 6.4800e-01 2.0000e-01 6.4602e-01 4.9541e-01 1.4530e-01 7.0940e-01 3.7903e-01 7.6923e-02 7.3874e-01 2.4806e-01 5.2941e-01 1.8254e-01 1.3178e-01 4.4231e-01 1.7213e-01 5.0000e-01 1.3861e-01 9.0000e-02 4.3810e-01 1.5254e-01 1.0784e-01
7.6923e-02 2.5862e-02 0.0000e+00 2.4390e-02 3.2258e-02 6.4228e-01 4.9573e-01 2.4603e-01 3.7168e-01 8.6957e-03 4.8062e-01 7.7519e-03 9.0909e-03 1.7857e-01 5.5932e-01 5.2632e-02 3.4746e-01 0.0000e+00 1.0236e-01 4.4565e-01 3.7879e-01 6.8224e-01 6.3551e-01 3.3898e-02 2.0863e-01 6.7227e-01 4.6512e-01 4.4355e-01 2.6316e-02 1.9718e-01 4.5736e-01 1.7544e-02 1.0680e-01 0.0000e+00 3.9860e-01 8.1203e-01 2.3364e-01 1.7544e-02 8.1890e-01 2.3894e-01 0.0000e+00 0.0000e+00 7.7465e-02 0.0000e+00 2.8455e-01 1.1504e-01 6.3636e-01 2.9565e-01 3.1532e-01 1.9847e-01
2.4272e-01 6.0870e-02 2.2689e-01 9.4340e-03 4.0650e-01 1.4815e-01 2.9252e-01 4.3478e-02 6.2500e-02 3.7121e-01 3.0172e-01 4.4248e-01 3.3058e-02 1.5789e-01 3.6441e-01 2.9545e-01 9.4017e-02 6.3636e-02 1.3953e-01 1.4184e-02 7.6923e-02 1.9231e-01 2.9412e-02 2.1260e-01 9.0000e-02 1.7742e-01 3.2110e-01 5.4701e-01 7.8740e-02 1.0345e-01 3.2520e-02 2.8462e-01 1.8487e-01 6.0345e-02 6.8696e-01 3.7634e-01 2.8037e-02 9.7436e-01 1.0000e+00 4.6154e-02 4.4643e-02 2.1705e-01 6.2712e-01 1.0256e-01 1.0000e+00 1.4159e-01 2.7049e-01 1.9658e-01 3.1008e-02 3.3333e-02
7.2800e-01 4.8387e-02 2.3894e-01 6.4567e-01 7.9339e-01 6.6102e-01 8.9076e-01 2.1154e-01 1.8548e-01 6.9298e-01 2.8099e-01 6.1739e-01 3.0000e-01 1.7949e-01 4.1353e-01 6.1290e-01 2.1970e-01 1.7757e-01 1.0435e-01 2.7966e-01 3.3628e-01 2.1600e-01 3.1633e-01 6.4865e-01 4.6429e-01 3.4746e-01 2.5620e-01 1.7647e-01 2.3967e-01 4.5113e-01 6.6038e-02 4.1985e-01 2.6190e-01 4.1844e-01 6.8750e-01 5.0000e-01 1.1450e-01 9.8319e-01 9.9065e-01 7.1681e-01 1.9200e-01 8.3333e-02 7.5455e-01 5.2586e-01 5.8156e-01 6.0526e-01 2.6087e-01 6.6935e-01 4.4000e-01 2.3333e-01
3.2479e-01 8.0357e-02 0.0000e+00 0.0000e+00 1.8966e-01 4.0952e-01 7.3485e-01 9.0909e-02 7.8261e-02 0.0000e+00 2.2481e-01 1.6807e-01 1.5038e-01 0.0000e+00 4.3200e-01 3.7037e-01 0.0000e+00 6.4000e-02 7.5758e-02 1.0484e-01 9.3220e-02 1.6379e-01 0.0000e+00 1.2821e-01 7.2000e-02 1.6814e-01 0.0000e+00 6.1224e-02 3.7838e-01 4.4231e-01 7.4380e-02 3.1250e-02 0.0000e+00 1.4394e-01 6.1475e-01 4.2400e-01 0.0000e+00 5.0962e-01 1.9091e-01 0.0000e+00 0.0000e+00 2.5410e-01 1.9118e-01 2.1805e-01 0.0000e+00 1.4407e-01 1.2698e-01 2.0800e-01 5.9322e-02 0.0000e+00
1.0656e-01 1.7241e-02 1.1017e-01 6.2016e-02 1.2613e-01 1.6964e-01 2.1101e-01 5.4054e-02 2.4793e-02 6.1538e-02 1.3740e-01 1.4062e-01 0.0000e+00 9.5652e-02 8.4211e-02 1.0606e-01 7.8125e-02 0.0000e+00 3.7383e-02 2.0312e-01 1.3592e-01 3.6036e-02 0.0000e+00 7.0866e-02 7.9646e-02 1.2295e-01 0.0000e+00 7.5000e-02 3.4783e-02 1.4407e-01 9.3458e-02 8.3333e-02 8.2645e-02 0.0000e+00 1.6239e-01 0.0000e+00 3.7736e-02 1.4706e-01 3.9552e-01 0.0000e+00 7.2072e-02 1.4815e-01 2.9204e-01 1.5966e-01 2.2609e-01 5.2212e-01 1.0345e-01 1.4074e-01 1.2712e-01 0.0000e+00
4.5161e-01 1.2195e-01 4.3966e-01 6.3303e-01 5.9843e-01 6.4103e-01 8.5345e-01 2.1667e-01 2.2481e-01 6.2810e-01 4.4037e-01 4.9242e-01 2.5203e-01 3.5200e-01 5.5000e-01 3.8710e-01 4.6226e-01 2.6667e-01 3.3036e-01 4.4531e-01 3.6290e-01 3.4711e-01 2.1622e-01 3.9623e-01 5.9259e-01 3.6752e-01 4.2373e-01 3.3588e-01 3.7008e-01 4.1525e-01 3.1707e-01 4.1176e-01 3.5652e-01 3.6283e-01 6.1345e-01 3.2812e-01 1.4530e-01 5.8015e-01 6.3793e-01 5.7377e-01 3.7719e-01 2.4265e-01 4.0650e-01 4.4628e-01 6.5873e-01 4.5455e-01 4.9580e-01 3.1746e-01 3.8182e-01 3.3333e-01
1.8400e-01 1.0484e-01 7.8740e-02 2.3529e-01 2.3022e-01 2.7941e-01 6.5079e-01 1.7857e-01 3.6893e-01 2.0192e-01 5.7042e-01 3.5088e-01 1.3223e-01 1.4815e-01 3.0709e-01 4.1600e-01 1.9469e-01 1.6832e-01 9.0090e-02 7.5630e-02 3.8136e-01 3.1746e-01 8.1633e-02 2.5758e-01 1.7241e-01 1.6547e-01 5.5856e-01 1.7518e-01 3.3884e-01 5.0000e-01 4.6875e-02 2.6718e-01 2.0536e-01 7.0866e-02 7.4038e-01 3.0579e-01 7.9365e-02 3.1655e-01 7.7953e-01 2.4242e-01 7.9365e-02 2.0588e-01 4.3689e-01 1.8750e-01 5.5085e-01 1.4530e-01 4.2748e-01 4.2149e-01 8.2569e-02 2.5600e-01
1.6364e-01 2.4627e-01 2.3256e-02 2.0155e-01 2.4000e-01 3.9640e-01 7.7679e-01 1.4634e-01 1.6279e-01 7.0588e-01 9.2969e-01 2.0769e-01 8.1301e-02 2.9126e-01 7.5397e-01 7.9167e-01 1.7073e-01 9.6491e-02 1.0185e-01 1.5200e-01 7.0992e-01 1.4634e-01 1.0078e-01 1.6667e-01 7.2794e-01 2.2137e-01 2.4812e-01 1.4286e-01 2.6772e-01 7.1429e-01 2.3684e-01 3.1624e-01 3.8931e-01 1.2030e-01 7.0455e-01 6.3717e-01 3.7879e-02 8.8889e-01 8.2946e-01 3.3981e-01 2.0879e-01 1.9512e-01 7.8632e-01 4.1071e-01 8.5047e-01 2.6549e-01 6.9492e-01 8.5470e-01 1.6529e-01 2.5000e-01
3.3333e-01 1.6667e-01 3.1200e-01 3.3654e-01 3.8889e-01 3.7391e-01 7.7778e-01 2.5000e-01 3.3019e-01 2.7826e-01 3.0973e-01 5.1515e-01 3.3071e-01 1.7757e-01 7.9720e-01 8.4956e-01 1.2613e-01 8.3333e-02 1.0435e-01 3.1967e-01 2.0168e-01 1.9531e-01 2.3529e-01 1.6102e-01 3.3077e-01 4.8000e-01 1.5447e-01 2.0833e-01 2.9464e-01 9.0566e-01 1.5464e-01 3.4586e-01 1.8750e-01 5.7258e-01 6.2698e-01 5.8095e-01 1.0484e-01 7.9339e-01 9.1111e-01 4.4037e-01 9.1743e-02 2.2689e-01 7.5806e-01 3.4921e-01 5.8394e-01 1.9658e-01 4.1791e-01 6.1538e-01 1.1017e-01 3.0952e-01
2.9412e-01 7.6336e-02 1.0000e-01 4.0541e-01 2.5243e-01 5.6604e-01 4.0336e-01 1.5079e-01 7.9646e-02 2.1296e-01 1.9658e-01 2.6772e-01 2.1186e-01 1.8333e-01 4.0000e-01 5.5660e-01 5.8333e-02 5.9701e-02 8.8710e-02 3.8760e-02 1.2143e-01 1.0345e-01 1.2030e-01 2.2414e-01 4.2553e-02 4.0164e-01 2.1094e-01 1.0000e-01 3.0928e-01 5.6098e-01 7.9646e-02 1.2593e-01 2.6316e-02 1.6239e-01 6.3710e-01 7.3529e-02 6.8966e-02 1.7647e-01 8.6508e-01 1.1278e-01 6.2500e-02 3.3898e-01 1.7500e-01 3.0303e-02 4.1985e-01 3.5772e-01 2.6154e-01 1.8644e-01 9.0226e-02 1.2977e-01
5.9804e-01 5.4762e-01 7.1429e-01 7.6238e-01 6.3636e-01 6.1739e-01 7.0588e-01 8.3206e-01 6.8852e-01 6.4035e-01 6.1475e-01 6.0185e-01 7.9825e-01 6.7593e-01 7.0940e-01 8.2500e-01 3.9831e-01 6.7521e-01 5.6140e-01 6.3810e-01 6.9492e-01 6.3158e-01 5.9292e-01 6.2791e-01 4.1322e-01 6.8750e-01 3.6000e-01 4.8387e-01 6.1468e-01 6.2712e-01 6.3077e-01 4.0816e-01 6.9167e-01 5.7500e-01 7.0968e-01 7.1429e-01 6.5385e-01 6.1468e-01 7.0370e-01 7.0093e-01 6.1832e-01 3.2456e-01 7.0492e-01 7.5200e-01 3.7168e-01 7.8992e-01 6.6667e-01 6.9912e-01 6.2992e-01 6.3559e-01
2.1905e-01 0.0000e+00 0.0000e+00 2.1538e-01 0.0000e+00 1.2069e-01 1.6892e-01 4.9645e-02 2.1101e-01 1.0484e-01 7.0922e-03 2.1239e-01 0.0000e+00 0.0000e+00 9.6774e-02 2.1212e-01 0.0000e+00 0.0000e+00 0.0000e+00 0.0000e+00 9.3750e-02 1.4167e-01 0.0000e+00 6.3830e-02 0.0000e+00 3.6364e-02 0.0000e+00 1.0145e-01 3.8168e-02 0.0000e+00 2.1538e-01 6.4000e-02 3.1008e-01 0.0000e+00 3.3884e-01 1.2000e-01 0.0000e+00 0.0000e+00 0.0000e+00 1.6393e-01 0.0000e+00 0.0000e+00 3.1387e-01 3.7500e-01 1.9595e-01 1.8018e-01 1.0924e-01 1.0638e-01 6.0345e-02 2.6549e-02
7.5000e-01 7.7391e-01 7.9231e-01 8.0488e-01 8.7407e-01 1.0000e+00 1.0000e+00 8.1159e-01 6.9718e-01 8.5714e-01 9.0441e-01 9.3913e-01 8.2857e-01 7.4419e-01 9.8485e-01 8.1159e-01 8.3459e-01 8.3333e-01 1.0000e+00 9.1892e-01 1.0000e+00 7.7273e-01 8.1538e-01 8.7395e-01 8.2114e-01 9.8462e-01 8.1818e-01 7.7143e-01 8.3688e-01 9.9174e-01 8.7786e-01 9.8969e-01 8.2787e-01 8.4545e-01 9.0476e-01 8.8430e-01 9.0833e-01 8.8136e-01 1.0000e+00 6.5385e-01 8.3607e-01 9.6094e-01 7.6812e-01 7.5591e-01 8.7619e-01 8.2759e-01 7.7119e-01 8.2353e-01 8.3333e-01 1.0000e+00
1.8333e-01 0.0000e+00 0.0000e+00 2.7419e-01 0.0000e+00 2.0769e-01 3.1356e-01 1.4062e-01 6.9307e-02 3.7600e-01 1.4394e-01 0.0000e+00 5.6452e-02 0.0000e+00 4.6465e-01 1.3559e-01 1.3445e-01 3.8053e-01 1.6129e-01 2.0168e-01 2.5833e-01 6.5041e-02 0.0000e+00 3.1343e-01 6.7227e-02 1.5385e-01 2.4806e-01 1.5873e-02 0.0000e+00 9.7015e-02 0.0000e+00 2.8226e-01 3.0631e-01 9.6154e-03 2.5758e-01 3.3333e-01 5.6452e-02 1.0569e-01 5.1261e-01 3.1356e-01 0.0000e+00 2.7350e-01 3.7097e-01 9.4595e-02 5.2101e-01 1.3008e-01 3.1579e-01 2.3016e-01 8.0000e-03 3.2061e-01
1.8045e-01 6.4748e-02 2.1538e-01 4.2063e-01 2.2609e-01 8.0672e-01 7.7869e-01 4.4882e-01 9.1603e-02 1.8852e-01 4.2276e-01 4.0650e-01 1.1628e-01 2.4167e-01 4.4660e-01 5.9848e-01 5.9322e-02 1.4179e-01 2.2222e-01 1.4912e-01 3.0081e-01 4.2593e-01 1.5504e-01 5.4074e-01 5.1938e-01 2.8926e-01 3.1538e-01 1.1628e-01 4.5455e-01 2.2835e-01 1.3492e-01 4.3590e-01 3.0952e-01 7.6923e-02 6.4844e-01 4.0000e-01 4.4762e-01 4.8039e-01 7.5735e-01 5.8621e-01 7.6923e-02 2.0968e-01 7.6860e-01 2.5688e-01 5.0000e-01 2.5197e-01 2.8947e-01 4.2149e-01 2.4793e-01 3.7984e-01
6.6929e-01 9.2366e-01 8.7273e-01 6.7619e-01 1.4407e-01 7.4783e-01 8.6486e-01 4.2735e-01 6.1765e-01 7.7778e-01 1.9008e-01 7.4194e-01 8.6719e-01 8.5577e-01 1.6667e-01 8.9474e-01 2.4265e-01 8.9474e-01 2.3308e-01 8.1897e-01 2.4545e-01 2.2449e-01 3.1452e-01 8.2143e-01 8.6986e-01 5.1304e-01 7.1942e-01 6.8333e-01 6.7797e-01 8.9744e-01 1.7949e-01 6.1538e-01 1.1966e-01 8.7023e-01 6.6964e-01 9.9225e-01 1.4504e-01 7.0992e-01 7.5410e-01 1.1679e-01 6.8421e-01 7.6271e-01 8.3942e-01 3.2203e-01 6.6400e-01 5.6000e-02 7.7778e-01 8.3740e-01 2.5000e-01 7.0732e-01
7.6423e-01 6.8142e-01 9.6212e-01 8.2727e-01 7.8125e-01 9.4574e-01 8.4167e-01 7.1795e-01 6.9048e-01 7.2650e-01 7.3438e-01 7.0000e-01 7.2093e-01 8.5714e-01 8.4545e-01 8.2609e-01 7.7119e-01 8.3186e-01 6.7213e-01 7.1717e-01 6.6981e-01 7.9365e-01 6.7290e-01 8.6607e-01 7.4016e-01 8.0000e-01 8.5714e-01 7.8761e-01 7.7305e-01 7.9259e-01 9.8039e-01 8.1967e-01 7.7143e-01 7.8626e-01 7.0504e-01 8.1890e-01 7.9167e-01 9.1870e-01 7.6744e-01 7.4242e-01 7.5000e-01 8.0833e-01 7.8378e-01 7.9508e-01 7.6147e-01 8.7200e-01 7.9200e-01 8.2143e-01 8.5263e-01 9.0000e-01
6.6949e-01 1.1404e-01 2.6496e-01 5.5556e-02 3.8095e-01 1.1765e-01 1.2037e-01 1.0924e-01 1.1404e-01 2.6446e-01 3.4921e-01 2.9630e-02 7.0312e-02 1.7308e-01 2.7723e-01 6.6176e-02 8.1081e-02 1.1712e-01 3.0508e-01 6.5041e-02 5.5172e-01 1.9266e-01 4.1176e-01 0.0000e+00 4.1221e-01 3.3628e-01 7.4380e-02 9.0909e-02 3.0252e-01 4.7748e-01 2.6613e-01 9.9010e-02 2.6786e-02 5.0000e-02 3.4951e-01 2.6316e-01 8.0357e-02 4.7244e-02 4.5872e-02 1.8692e-02 9.2593e-03 3.2075e-01 2.6168e-01 1.6832e-01 6.2500e-01 6.0526e-01 4.1441e-01 6.3158e-01 3.2231e-01 3.4677e-01
9.3043e-01 9.8551e-01 8.9320e-01 9.1304e-01 8.4733e-01 1.0000e+00 9.3600e-01 9.6721e-01 9.3694e-01 8.2407e-01 9.5082e-01 9.4355e-01 8.6667e-01 8.9815e-01 1.0000e+00 9.7656e-01 8.1522e-01 9.7321e-01 8.6667e-01 1.0000e+00 9.4776e-01 9.1818e-01 8.6441e-01 9.0071e-01 8.9922e-01 9.3636e-01 1.0000e+00 9.6947e-01 7.6033e-01 9.5575e-01 8.7200e-01 9.1667e-01 8.8550e-01 8.9130e-01 8.8189e-01 9.7619e-01 9.3431e-01 8.4921e-01 8.4298e-01 8.8679e-01 9.5192e-01 8.3193e-01 9.8425e-01 9.3496e-01 8.5950e-01 9.2857e-01 1.0000e+00 1.0000e+00 1.0000e+00 8.5124e-01
0.0000e+00 0.0000e+00 5.8824e-02 0.0000e+00 2.9126e-01 7.9208e-02 2.1429e-01 3.7879e-02 5.8252e-02 1.9469e-01 0.0000e+00 7.6923e-02 5.9322e-02 3.9683e-02 1.7886e-01 3.0252e-01 1.9328e-01 0.0000e+00 6.1404e-02 2.9703e-02 2.4793e-01 1.1765e-01 4.0650e-02 3.4783e-02 5.5046e-02 9.8901e-02 2.9197e-01 9.7561e-02 1.6964e-01 2.7731e-01 4.5872e-02 2.1212e-01 0.0000e+00 2.6786e-02 1.5702e-01 1.7143e-01 2.3256e-02 0.0000e+00 3.2456e-01 0.0000e+00 0.0000e+00 0.0000e+00 2.2581e-01 0.0000e+00 3.6290e-01 1.1321e-01 0.0000e+00 1.2727e-01 0.0000e+00 8.5470e-02
7.6923e-02 7.3770e-02 8.2707e-02 1.4062e-01 5.0000e-02 2.3140e-01 5.7851e-01 1.2281e-01 7.4766e-02 1.9091e-01 3.2593e-01 1.0833e-01 0.0000e+00 1.6514e-01 1.0317e-01 3.2117e-01 7.3394e-02 2.9008e-01 6.7227e-02 3.6697e-02 9.8039e-02 5.3571e-02 2.6515e-01 1.2097e-01 9.4017e-02 1.1966e-01 1.7391e-01 6.6038e-02 1.1207e-01 2.0168e-01 1.9708e-01 1.1594e-01 0.0000e+00 3.1250e-02 2.1186e-01 2.2642e-01 2.4000e-02 2.7103e-01 1.3953e-01 6.8595e-01 0.0000e+00 4.3478e-02 1.3158e-01 1.1450e-01 1.6667e-01 2.2124e-01 8.4034e-02 2.2059e-01 1.4286e-01 7.2581e-02
3.1193e-01 5.6604e-02 1.0256e-01 3.7705e-01 2.1875e-01 3.1624e-01 3.4815e-01 1.4035e-01 1.1207e-01 2.5641e-01 2.0800e-01 3.5577e-01 9.0090e-02 1.3445e-01 4.0310e-01 5.6604e-01 1.1712e-01 1.7692e-01 1.4423e-01 4.7619e-02 2.8571e-01 1.3953e-01 1.0784e-01 2.1053e-01 3.0556e-01 1.4159e-01 1.9643e-01 2.0833e-01 2.8000e-01 5.8974e-01 1.1504e-01 3.1776e-01 1.9231e-01 1.4563e-01 4.4643e-01 4.8062e-01 1.3223e-01 4.6032e-01 6.2903e-01 2.6812e-01 1.2687e-01 1.2000e-01 3.7500e-01 1.8548e-01 3.3333e-01 2.8571e-01 2.3387e-01 2.6316e-01 1.1504e-01 1.7117e-01
5.1724e-02 9.0090e-02 3.0769e-01 4.2623e-01 4.8780e-01 5.3279e-01 6.0741e-01 8.1301e-02 1.6949e-01 2.3622e-01 4.2735e-01 2.1600e-01 1.1607e-01 3.4848e-01 5.2419e-01 3.6923e-01 5.5556e-02 2.5806e-01 6.1538e-02 1.4706e-01 2.2835e-01 1.3846e-01 1.8280e-01 3.3333e-01 1.1304e-01 1.6529e-01 4.8760e-01 1.7969e-01 3.0000e-01 5.9649e-01 1.6964e-01 1.4394e-01 3.9316e-01 1.5789e-01 2.9008e-01 1.5504e-01 1.5179e-01 1.7886e-01 1.1504e-01 3.6975e-01 2.0000e-01 1.8939e-01 2.5197e-01 5.1327e-01 3.0097e-01 7.2727e-02 3.4351e-01 4.4094e-01 1.0476e-01 1.2037e-01
1.8095e-01 1.6807e-02 8.7302e-02 0.0000e+00 1.7460e-01 7.0796e-02 0.0000e+00 2.4265e-01 2.4490e-01 0.0000e+00 2.4390e-02 1.3913e-01 4.5802e-02 5.3571e-02 2.5984e-01 1.1111e-01 3.1496e-02 9.0909e-03 6.0150e-02 7.3394e-02 1.7476e-01 1.4286e-01 9.1743e-03 3.2258e-02 8.4746e-02 7.0707e-02 2.3256e-02 3.2680e-02 1.6667e-01 3.2836e-01 1.1972e-01 9.1743e-02 1.9231e-02 0.0000e+00 8.3333e-02 1.6514e-01 0.0000e+00 1.2605e-01 1.5574e-01 0.0000e+00 0.0000e+00 8.0357e-02 2.3009e-01 9.0909e-02 7.5188e-02 1.5315e-01 5.9701e-02 4.3103e-02 8.5106e-02 1.1628e-01
6.0284e-01 9.9174e-02 3.3058e-01 7.0085e-01 3.1496e-01 1.5574e-01 5.5200e-01 2.4800e-01 4.6000e-01 3.4483e-01 3.8053e-01 3.1356e-01 3.0328e-01 3.3824e-01 5.9292e-01 5.2941e-01 3.4906e-01 4.0000e-02 3.1183e-01 9.8214e-02 5.5769e-01 6.2500e-01 2.4324e-01 3.8971e-01 2.0455e-01 3.1579e-01 2.8037e-01 1.5054e-01 3.0579e-01 6.1475e-01 1.7857e-01 6.0204e-01 9.9174e-02 4.1379e-01 4.9565e-01 2.7068e-01 1.0256e-01 2.1739e-01 8.6777e-01 3.2759e-01 5.6667e-01 1.6393e-01 5.8824e-01 4.6154e-01 2.0202e-01 2.4074e-01 2.8244e-01 2.8571e-01 4.1593e-01 1.2281e-01
2.6549e-01 7.8740e-02 1.7347e-01 2.4107e-01 1.5267e-01 2.7200e-01 3.1783e-01 1.2821e-01 1.9355e-01 2.7193e-01 1.4876e-01 2.0370e-01 2.2481e-01 1.4407e-01 4.8182e-01 2.0690e-01 1.7857e-01 1.3077e-01 2.3684e-01 1.7073e-01 1.1864e-01 2.9204e-01 5.5046e-02 2.6866e-01 2.7103e-01 1.4679e-01 1.8605e-01 1.5200e-01 3.7168e-01 5.4545e-01 1.3223e-01 2.3636e-01 9.6154e-02 6.9767e-02 4.1085e-01 2.1667e-01 1.0072e-01 6.4444e-01 6.0448e-01 5.5556e-02 1.7925e-01 1.1811e-01 4.3697e-01 2.4603e-01 0.0000e+00 2.0800e-01 1.9298e-01 2.6891e-01 1.1811e-01 1.8966e-01
3.4259e-01 3.4211e-01 1.3636e-01 4.4882e-01 5.7143e-01 5.5833e-01 1.0000e+00 2.3077e-01 2.6891e-01 8.5217e-01 1.9697e-01 3.3333e-01 4.5614e-01 8.5271e-02 3.1061e-01 3.0189e-01 1.3158e-01 2.1324e-01 1.3534e-01 4.7899e-01 2.4000e-01 3.7209e-01 2.1260e-01 3.1897e-01 1.9231e-01 3.9837e-01 3.4711e-01 5.2294e-01 5.2846e-01 6.8182e-01 4.0945e-01 4.0152e-01 6.9298e-01 4.8361e-01 5.9843e-01 6.7500e-01 6.6038e-02 5.0420e-01 5.3968e-01 3.5714e-01 1.2500e-01 3.2479e-01 7.2222e-01 5.5039e-01 4.8571e-01 2.6316e-01 5.3636e-01 2.0325e-01 2.2951e-01 3.1818e-01
