4.3000e+01 4.6000e+01 1.2200e+02 2.6000e+01 3.5100e+02 5.1000e+01 3.5000e+01 3.5000e+02 3.9600e+02 7.3000e+01 3.6000e+01 3.7000e+01 1.5000e+01 5.4000e+01 5.4000e+01 9.6000e+01 1.7000e+01 1.0000e+01 2.1000e+01 3.9000e+01 2.4000e+01 1.7000e+01 1.5200e+02 7.0000e+00 1.7000e+01 2.6000e+01 9.8000e+01 3.8000e+01 7.5600e+02 8.2000e+01 5.6770e+03 6.8500e+02 6.9000e+01 1.0900e+02 1.2600e+02 1.3000e+01 2.0000e+01 3.3000e+01 4.5000e+01 4.5000e+01 6.7000e+01 1.2000e+01 9.0000e+00 3.5000e+01 1.2100e+02 7.0000e+00 2.9000e+01 2.0200e+02 1.1000e+01 9.5000e+01
1.2000e+01 4.0000e+01 7.0000e+00 1.0000e+01 4.5860e+03 8.0000e+00 1.0000e+01 3.9000e+01 1.7000e+01 1.7000e+01 1.2000e+01 8.0000e+00 1.2000e+01 1.2000e+01 1.5000e+01 1.9300e+02 1.9000e+01 8.0000e+00 2.3000e+01 2.2000e+01 9.0000e+00 3.1000e+01 1.7700e+02 9.0000e+00 1.4000e+01 1.9000e+01 1.4000e+01 1.7000e+01 2.0700e+02 3.6200e+02 3.1000e+01 9.0000e+00 9.0000e+00 1.9000e+01 2.3000e+01 1.9000e+01 1.0000e+01 9.0000e+00 1.4000e+01 1.5000e+01 8.0000e+00 1.6000e+01 1.0000e+01 1.9000e+01 5.9620e+03 4.0000e+01 7.0000e+00 1.6000e+01 2.0000e+01 1.1000e+01
1.2000e+01 1.5000e+01 1.1000e+01 1.3700e+02 8.3000e+01 8.2000e+01 3.8000e+01 4.5000e+01 2.8600e+02 7.7000e+01 5.7870e+03 1.1000e+01 1.5500e+02 5.1600e+02 2.2000e+01 5.6600e+02 7.0000e+01 8.0000e+00 9.1000e+01 5.6000e+01 1.1600e+02 3.0000e+01 8.2000e+01 4.0000e+01 5.3990e+03 8.5000e+01 4.7000e+01 6.9000e+01 3.6500e+02 9.2000e+01 6.1000e+01 3.3000e+01 6.2000e+01 6.6000e+01 1.3390e+03 3.2000e+01 9.9000e+01 1.0000e+01 2.8000e+01 5.1000e+01 8.8000e+01 3.3000e+01 2.4000e+02 4.5000e+01 0.0000e+00 1.8000e+01 2.8000e+01 1.5000e+01 2.6000e+01 3.7000e+01
5.8840e+03 3.2000e+01 5.8400e+03 5.6640e+03 1.6000e+01 5.5390e+03 5.9430e+03 1.7200e+02 4.7160e+03 5.6330e+03 1.5000e+01 4.9110e+03 5.2290e+03 4.5370e+03 1.5000e+01 3.5670e+03 3.7000e+01 2.4400e+02 1.1630e+03 9.0000e+00 5.6530e+03 5.8010e+03 2.3000e+01 5.8290e+03 1.4000e+01 3.8150e+03 3.8510e+03 5.6000e+01 3.4000e+01 1.5780e+03 2.4000e+01 1.4300e+02 1.7100e+02 9.0000e+00 8.5000e+01 7.0000e+00 3.3050e+03 3.6130e+03 4.3000e+01 1.5000e+01 5.7520e+03 5.7090e+03 9.0000e+00 7.8200e+02 0.0000e+00 5.9820e+03 5.5700e+03 5.0350e+03 5.8390e+03 2.3000e+01
0.0000e+00 1.2000e+01 7.0000e+00 1.0000e+01 2.5000e+01 8.0000e+00 0.0000e+00 9.0000e+00 1.2000e+01 8.0000e+00 1.7000e+01 1.5000e+01 1.0000e+01 1.6000e+01 1.2000e+01 6.1000e+01 1.4000e+01 8.0000e+00 1.7000e+01 2.2000e+01 3.2000e+01 1.2000e+01 8.0000e+01 0.0000e+00 2.2000e+01 1.4000e+01 1.1000e+01 1.7000e+01 1.0000e+01 1.5000e+01 3.5000e+01 3.6000e+01 1.1000e+01 9.0000e+00 4.7000e+01 7.0000e+00 8.0000e+00 7.0000e+00 7.7400e+02 1.5000e+01 1.2000e+01 1.2000e+01 1.2000e+01 1.0000e+01 0.0000e+00 0.0000e+00 7.0000e+00 3.6200e+02 7.0000e+00 9.0000e+00
0.0000e+00 1.8000e+01 9.0000e+00 1.0000e+01 1.1000e+01 4.7000e+01 0.0000e+00 9.0000e+00 1.2000e+01 8.0000e+00 6.4000e+01 1.1000e+01 1.2000e+01 2.1000e+01 4.7000e+01 1.1700e+02 1.7000e+01 8.0000e+00 1.2000e+01 1.1000e+01 1.2000e+01 8.0000e+00 2.0000e+01 0.0000e+00 4.1000e+01 1.4000e+01 1.1000e+01 1.7000e+01 4.6000e+01 3.4590e+03 1.9000e+01 2.5000e+01 2.6000e+01 9.0000e+00 6.6000e+01 7.0000e+00 1.0000e+01 2.3130e+03 5.0630e+03 1.5000e+01 1.2000e+01 2.5000e+01 5.7220e+03 1.0000e+01 0.0000e+00 0.0000e+00 1.1000e+01 1.1000e+01 7.0000e+00 9.0000e+00
0.0000e+00 1.2000e+01 1.1000e+01 1.7000e+01 1.8000e+01 1.6000e+01 0.0000e+00 9.0000e+00 1.2000e+01 1.0000e+01 1.7000e+01 1.0000e+01 1.0000e+01 2.1000e+01 1.5000e+01 3.8500e+02 1.2000e+01 1.0000e+01 1.2000e+01 9.0000e+00 1.7000e+01 8.0000e+00 7.5000e+01 0.0000e+00 1.9000e+01 2.4000e+01 1.1000e+01 1.7000e+01 1.2000e+01 1.1600e+02 1.4000e+01 9.0000e+00 1.1000e+01 1.1000e+01 1.6000e+01 9.0000e+00 8.0000e+00 0.0000e+00 0.0000e+00 1.8000e+01 1.0000e+01 2.5000e+01 0.0000e+00 1.0000e+01 0.0000e+00 0.0000e+00 7.0000e+00 9.0000e+00 9.0000e+00 9.0000e+00
0.0000e+00 1.6300e+02 1.8000e+01 4.0000e+01 3.2000e+01 3.3000e+01 0.0000e+00 4.0000e+01 4.7700e+02 4.9000e+01 1.5000e+01 1.3000e+01 2.6000e+01 3.3000e+01 1.2400e+02 7.3800e+02 1.3200e+02 1.7700e+02 2.5000e+01 1.0700e+02 2.8000e+01 1.0000e+01 5.3490e+03 0.0000e+00 5.3000e+01 1.7390e+03 3.7000e+01 5.6410e+03 4.4900e+02 1.2300e+02 5.9000e+01 2.9000e+01 1.1000e+01 2.4000e+01 4.9200e+02 4.3000e+01 3.1000e+01 0.0000e+00 0.0000e+00 2.8790e+03 8.0000e+00 1.1700e+02 0.0000e+00 3.6000e+01 0.0000e+00 0.0000e+00 2.6000e+01 1.5600e+02 1.7000e+01 2.7000e+01
0.0000e+00 2.0000e+01 9.0000e+00 1.2200e+02 7.0000e+01 1.0000e+01 0.0000e+00 3.7000e+01 1.4000e+01 1.0000e+01 1.2000e+01 2.5000e+01 1.5000e+01 2.9000e+01 1.2000e+01 2.3900e+02 2.7000e+01 1.6000e+01 1.2000e+01 1.7000e+01 1.1000e+01 2.7000e+01 4.8000e+01 0.0000e+00 3.7000e+01 8.7000e+01 1.1000e+01 2.5000e+01 2.0000e+01 4.4000e+01 4.6000e+01 1.7000e+01 9.0000e+00 1.7000e+01 2.4900e+02 3.6000e+01 8.0000e+00 0.0000e+00 0.0000e+00 2.3000e+01 1.7000e+01 1.9000e+01 0.0000e+00 2.3000e+01 0.0000e+00 0.0000e+00 9.1000e+01 1.3000e+01 9.0000e+00 1.8000e+01
0.0000e+00 5.5160e+03 1.1000e+01 2.5000e+01 8.0300e+02 3.5800e+02 0.0000e+00 5.3900e+03 1.5700e+02 6.1000e+01 4.5000e+01 9.3600e+02 5.6100e+02 7.5700e+02 5.7460e+03 2.3000e+01 5.6690e+03 5.5140e+03 4.7190e+03 5.5900e+03 1.2300e+02 8.0000e+00 2.3000e+01 0.0000e+00 2.2000e+02 1.3800e+02 1.9380e+03 3.1000e+01 4.0940e+03 3.9000e+01 3.1000e+01 5.0240e+03 5.6700e+03 5.7080e+03 3.6040e+03 5.8010e+03 2.5530e+03 0.0000e+00 0.0000e+00 3.0990e+03 1.2000e+01 4.0000e+01 0.0000e+00 4.9900e+03 0.0000e+00 0.0000e+00 2.6800e+02 1.5000e+01 1.6000e+01 5.7240e+03
