6.0465e-01 3.4783e-01 7.2951e-01 3.0769e-01 6.2678e-01 5.8824e-01 5.7143e-01 7.1714e-01 6.1616e-01 6.4384e-01 3.0556e-01 5.1351e-01 1.3333e-01 4.0741e-01 3.8889e-01 4.5833e-01 1.1765e-01 1.0000e-01 1.9048e-01 4.3590e-01 4.5833e-01 2.9412e-01 3.6842e-01 0.0000e+00 5.8824e-02 1.9231e-01 5.3061e-01 2.1053e-01 7.2222e-01 5.1220e-01 6.5316e-01 7.6642e-01 5.5072e-01 6.1468e-01 4.8413e-01 2.3077e-01 3.5000e-01 5.4545e-01 6.2222e-01 2.8889e-01 5.9701e-01 0.0000e+00 1.1111e-01 3.7143e-01 7.6860e-01 0.0000e+00 4.8276e-01 7.1287e-01 1.8182e-01 6.1053e-01
2.5000e-01 3.2500e-01 0.0000e+00 0.0000e+00 7.2481e-01 0.0000e+00 2.0000e-01 4.3590e-01 1.1765e-01 2.9412e-01 0.0000e+00 0.0000e+00 8.3333e-02 0.0000e+00 6.6667e-02 5.3368e-01 1.5789e-01 0.0000e+00 2.1739e-01 3.1818e-01 1.1111e-01 4.8387e-01 3.8418e-01 1.1111e-01 0.0000e+00 1.0526e-01 7.1429e-02 0.0000e+00 6.3768e-01 6.5746e-01 2.2581e-01 0.0000e+00 0.0000e+00 2.6316e-01 1.7391e-01 3.6842e-01 1.0000e-01 1.1111e-01 2.8571e-01 0.0000e+00 0.0000e+00 1.2500e-01 2.0000e-01 2.1053e-01 1.0000e+00 6.0000e-01 0.0000e+00 2.5000e-01 4.0000e-01 9.0909e-02
2.5000e-01 6.6667e-02 1.8182e-01 5.8394e-01 4.8193e-01 6.5854e-01 5.7895e-01 4.6667e-01 5.9441e-01 6.4935e-01 7.0641e-01 1.8182e-01 6.0645e-01 6.4147e-01 1.8182e-01 6.1661e-01 4.4286e-01 0.0000e+00 4.8352e-01 5.1786e-01 7.4138e-01 4.6667e-01 2.9268e-01 6.0000e-01 6.5253e-01 4.1176e-01 4.0426e-01 3.1884e-01 6.8219e-01 5.2174e-01 3.6066e-01 4.2424e-01 5.3226e-01 5.4545e-01 6.4227e-01 5.0000e-01 6.8687e-01 2.0000e-01 5.0000e-01 3.1373e-01 6.3636e-01 3.0303e-01 8.3750e-01 4.2222e-01 1.0000e+00 3.8889e-01 4.6429e-01 2.0000e-01 4.6154e-01 4.5946e-01
1.0000e+00 2.8125e-01 9.2894e-01 7.6942e-01 1.2500e-01 9.1009e-01 1.0000e+00 6.5698e-01 7.0653e-01 9.0591e-01 6.6667e-02 9.0918e-01 7.7548e-01 7.1832e-01 6.6667e-02 6.7311e-01 3.2432e-01 7.3361e-01 6.7584e-01 0.0000e+00 9.4251e-01 9.0381e-01 4.3478e-02 9.8130e-01 0.0000e+00 6.4456e-01 7.3020e-01 2.8571e-01 3.8235e-01 7.2624e-01 1.6667e-01 6.5035e-01 6.6082e-01 0.0000e+00 4.3529e-01 0.0000e+00 8.9622e-01 9.5821e-01 6.0465e-01 0.0000e+00 8.7361e-01 7.2202e-01 1.1111e-01 7.1739e-01 1.0000e+00 9.9365e-01 9.2747e-01 8.4588e-01 9.3817e-01 3.4783e-01
1.0000e+00 0.0000e+00 0.0000e+00 0.0000e+00 2.4000e-01 0.0000e+00 1.0000e+00 0.0000e+00 0.0000e+00 0.0000e+00 1.1765e-01 2.6667e-01 0.0000e+00 1.2500e-01 0.0000e+00 3.9344e-01 7.1429e-02 0.0000e+00 1.1765e-01 3.1818e-01 5.3125e-01 1.6667e-01 2.8750e-01 1.0000e+00 1.3636e-01 0.0000e+00 0.0000e+00 0.0000e+00 0.0000e+00 1.3333e-01 2.5714e-01 4.4444e-01 9.0909e-02 0.0000e+00 3.4043e-01 0.0000e+00 0.0000e+00 0.0000e+00 9.0956e-01 0.0000e+00 1.6667e-01 0.0000e+00 2.5000e-01 0.0000e+00 1.0000e+00 1.0000e+00 0.0000e+00 7.4862e-01 0.0000e+00 0.0000e+00
1.0000e+00 1.1111e-01 1.1111e-01 0.0000e+00 0.0000e+00 5.7447e-01 1.0000e+00 0.0000e+00 0.0000e+00 0.0000e+00 4.2188e-01 1.8182e-01 8.3333e-02 1.9048e-01 3.6170e-01 4.7863e-01 1.1765e-01 0.0000e+00 0.0000e+00 9.0909e-02 2.5000e-01 0.0000e+00 0.0000e+00 1.0000e+00 2.9268e-01 0.0000e+00 0.0000e+00 0.0000e+00 4.3478e-01 7.4790e-01 1.0526e-01 3.6000e-01 3.4615e-01 0.0000e+00 3.9394e-01 0.0000e+00 1.0000e-01 1.0000e+00 1.0000e+00 0.0000e+00 1.6667e-01 2.4000e-01 1.0000e+00 0.0000e+00 1.0000e+00 1.0000e+00 1.8182e-01 9.0909e-02 0.0000e+00 0.0000e+00
1.0000e+00 0.0000e+00 1.8182e-01 1.7647e-01 1.6667e-01 3.1250e-01 1.0000e+00 0.0000e+00 0.0000e+00 1.0000e-01 1.1765e-01 1.0000e-01 0.0000e+00 1.9048e-01 6.6667e-02 5.8701e-01 0.0000e+00 1.0000e-01 0.0000e+00 0.0000e+00 3.5294e-01 0.0000e+00 2.8000e-01 1.0000e+00 1.0526e-01 1.6667e-01 0.0000e+00 0.0000e+00 8.3333e-02 5.5172e-01 0.0000e+00 0.0000e+00 9.0909e-02 9.0909e-02 6.2500e-02 1.1111e-01 0.0000e+00 1.0000e+00 1.0000e+00 5.5556e-02 1.0000e-01 2.4000e-01 1.0000e+00 0.0000e+00 1.0000e+00 1.0000e+00 0.0000e+00 0.0000e+00 1.1111e-01 0.0000e+00
1.0000e+00 5.2761e-01 3.3333e-01 4.0000e-01 3.1250e-01 4.8485e-01 1.0000e+00 4.5000e-01 6.2683e-01 5.7143e-01 6.6667e-02 2.3077e-01 3.0769e-01 3.0303e-01 5.0806e-01 6.2195e-01 5.3030e-01 7.0621e-01 2.4000e-01 6.0748e-01 5.0000e-01 1.0000e-01 5.4104e-01 1.0000e+00 3.3962e-01 6.2680e-01 3.5135e-01 5.8943e-01 6.9488e-01 5.6098e-01 3.5593e-01 3.7931e-01 9.0909e-02 3.3333e-01 5.9756e-01 5.5814e-01 4.8387e-01 1.0000e+00 1.0000e+00 6.2035e-01 0.0000e+00 5.2137e-01 1.0000e+00 3.8889e-01 1.0000e+00 1.0000e+00 4.6154e-01 6.7949e-01 3.5294e-01 3.7037e-01
1.0000e+00 1.5000e-01 1.1111e-01 5.7377e-01 4.5714e-01 1.0000e-01 1.0000e+00 4.3243e-01 7.1429e-02 1.0000e-01 0.0000e+00 4.4000e-01 1.3333e-01 2.7586e-01 0.0000e+00 5.5230e-01 2.5926e-01 2.5000e-01 0.0000e+00 2.3529e-01 1.8182e-01 4.4444e-01 2.0833e-01 1.0000e+00 2.7027e-01 4.1379e-01 0.0000e+00 1.2000e-01 2.5000e-01 4.0909e-01 3.0435e-01 2.3529e-01 0.0000e+00 2.3529e-01 5.5020e-01 5.2778e-01 0.0000e+00 1.0000e+00 1.0000e+00 1.3043e-01 2.9412e-01 1.5789e-01 1.0000e+00 2.6087e-01 1.0000e+00 1.0000e+00 6.9231e-01 1.5385e-01 1.1111e-01 2.7778e-01
1.0000e+00 6.9217e-01 1.8182e-01 2.8000e-01 6.7248e-01 8.1006e-01 1.0000e+00 8.1911e-01 5.4140e-01 6.0656e-01 3.5556e-01 8.6218e-01 7.0410e-01 6.6050e-01 7.0223e-01 1.7391e-01 7.1618e-01 8.6162e-01 7.1710e-01 8.2075e-01 7.4797e-01 0.0000e+00 4.3478e-02 1.0000e+00 5.1364e-01 4.7101e-01 7.1362e-01 1.6129e-01 7.7504e-01 3.8462e-01 2.2581e-01 8.2822e-01 8.2257e-01 8.2341e-01 6.6953e-01 9.1760e-01 8.8954e-01 1.0000e+00 1.0000e+00 6.2085e-01 1.6667e-01 3.5000e-01 1.0000e+00 7.7255e-01 1.0000e+00 1.0000e+00 8.0597e-01 2.0000e-01 3.1250e-01 8.4259e-01
