1.3800e+02 6.4000e+01 5.4950e+03 2.8000e+01 5.4000e+01 8.9400e+02 6.8300e+02 4.8610e+03 2.0860e+03 9.5100e+02 3.9000e+01 7.4000e+01 3.1000e+01 4.8000e+01 6.3000e+01 2.4000e+01 5.9000e+01 1.2000e+01 3.9000e+01 3.7000e+01 9.8000e+01 2.6000e+01 1.1400e+02 4.9000e+01 2.4000e+01 2.4000e+01 3.7880e+03 3.6000e+01 4.5600e+02 1.0000e+00 5.2800e+03 5.3870e+03 9.7600e+02 2.0000e+03 3.4000e+01 5.5000e+01 7.2000e+01 4.0000e+00 7.0000e+00 7.0000e+01 3.9700e+02 2.0000e+01 3.0000e+00 1.1500e+02 6.0000e+00 1.3000e+01 7.0000e+00 4.0000e+00 1.5000e+01 6.5400e+02
1.1700e+02 2.3260e+03 1.7000e+01 1.9000e+01 5.5120e+03 1.8000e+01 4.7000e+01 6.0300e+02 4.8000e+01 4.6000e+01 1.8000e+01 1.7000e+01 3.6000e+01 2.1000e+01 3.6000e+01 8.9000e+01 3.7000e+01 1.9000e+01 5.4000e+01 2.0500e+02 3.0000e+01 1.9100e+02 2.1150e+03 2.6000e+01 2.8000e+01 3.4000e+01 7.5000e+01 2.9000e+01 4.4550e+03 1.6300e+02 6.7000e+01 1.6000e+01 2.1000e+01 4.8000e+01 5.3000e+01 4.5000e+01 5.6000e+01 9.0000e+00 6.0000e+00 2.5000e+01 2.0000e+01 9.3000e+01 9.0000e+00 7.5000e+01 5.5870e+03 5.5460e+03 9.0000e+00 8.0000e+00 2.8000e+02 3.0000e+01
2.6000e+01 1.4800e+02 2.9000e+01 2.6600e+02 3.3000e+01 4.6200e+02 3.3600e+02 3.4000e+01 1.1260e+03 1.2800e+03 5.7130e+03 2.8000e+01 3.2530e+03 5.2320e+03 5.0000e+01 5.5000e+01 8.5800e+02 4.8000e+01 5.2900e+02 8.5000e+01 4.1900e+02 1.2000e+02 1.0900e+02 6.6100e+02 5.3380e+03 1.0500e+02 1.3600e+02 1.5400e+02 6.0800e+02 3.0000e+00 3.6000e+01 5.8000e+01 1.2580e+03 1.4800e+03 7.8100e+02 3.6000e+01 8.6100e+02 3.0000e+00 2.0000e+00 7.7000e+01 4.1980e+03 3.0700e+02 2.0000e+00 1.1000e+02 2.0000e+00 2.0000e+01 1.0000e+01 4.0000e+00 3.1400e+02 5.8000e+01
5.0440e+03 4.1000e+01 5.4000e+01 1.8600e+02 7.0000e+00 1.6500e+03 3.9250e+03 2.9000e+01 3.2700e+02 3.1060e+03 1.8000e+01 1.0800e+02 1.9880e+03 1.6400e+02 1.1000e+01 0.0000e+00 2.3000e+01 4.9000e+01 5.3700e+02 1.0000e+01 1.4000e+01 5.1270e+03 1.1000e+01 7.0000e+00 1.0000e+01 9.0000e+01 9.1800e+02 2.9000e+01 9.0000e+00 4.0000e+00 8.0000e+00 7.0000e+00 6.1000e+01 8.0000e+00 1.2000e+01 6.0000e+00 5.7600e+02 3.0000e+00 2.0000e+00 9.0000e+00 1.1060e+03 4.8170e+03 1.0000e+00 4.2400e+02 2.0000e+00 4.0000e+00 4.0000e+00 3.0000e+00 5.2150e+03 1.1000e+01
4.5000e+01 1.1800e+02 2.6000e+01 2.8000e+01 2.3000e+01 2.7000e+01 3.3700e+02 2.7000e+01 3.4000e+01 3.0000e+01 3.4000e+01 1.1300e+02 3.8000e+01 3.2000e+01 4.3000e+01 1.0500e+02 2.2700e+02 3.2000e+01 5.3000e+01 2.2490e+03 5.2650e+03 4.7000e+01 7.0100e+02 7.5000e+01 4.4000e+01 3.9000e+01 3.8000e+01 4.3000e+01 2.7000e+01 4.5000e+01 1.4400e+02 1.6700e+02 3.2000e+01 3.6000e+01 2.1100e+02 2.5000e+01 2.8000e+01 9.0000e+00 6.0590e+03 3.7000e+01 5.3000e+01 4.7000e+01 1.5000e+01 3.8000e+01 2.2000e+01 4.3000e+01 1.6000e+01 5.9980e+03 5.0000e+01 3.0000e+01
3.3000e+01 8.8000e+01 4.6000e+01 2.8000e+01 1.3000e+01 2.3780e+03 2.1000e+01 2.1000e+01 2.6000e+01 2.6000e+01 1.7900e+02 3.2000e+01 5.2000e+01 4.2000e+01 1.3930e+03 2.6200e+02 4.1000e+01 2.8000e+01 5.3000e+01 3.5000e+01 3.6000e+01 2.4000e+01 3.4000e+01 1.9000e+01 1.5100e+02 4.4000e+01 2.9000e+01 3.3000e+01 5.9000e+01 4.7780e+03 2.8000e+01 1.3100e+02 6.8000e+01 2.4000e+01 6.8000e+01 1.9000e+01 2.1000e+01 5.9390e+03 4.0000e+00 5.4000e+01 4.9000e+01 1.7600e+02 5.5950e+03 2.9000e+01 3.1400e+02 1.5000e+01 2.3000e+01 9.0000e+00 2.5000e+01 2.3000e+01
8.2000e+01 5.3000e+01 1.4400e+02 5.3000e+01 3.1000e+01 8.0000e+01 6.7000e+01 2.7000e+01 3.4000e+01 7.2000e+01 3.8000e+01 3.3000e+01 6.4000e+01 6.3000e+01 6.6000e+01 5.2980e+03 5.3000e+01 4.0000e+01 9.1000e+01 6.6000e+01 3.3000e+01 3.9000e+01 5.3700e+02 1.4600e+02 6.9000e+01 7.8000e+01 4.7000e+01 8.3000e+01 3.0000e+01 8.0200e+02 3.7000e+01 8.8000e+01 3.6000e+01 5.9000e+01 8.4000e+01 2.9000e+01 3.2000e+01 1.3000e+01 2.8000e+01 5.5000e+01 4.2000e+01 1.4800e+02 2.0000e+01 4.2000e+01 1.7000e+01 4.3000e+01 1.3000e+01 3.1000e+01 4.7000e+01 3.0000e+01
3.4300e+02 2.2310e+03 2.9000e+01 6.5000e+01 2.6000e+01 9.2000e+01 2.8000e+01 7.0000e+01 2.1760e+03 3.1600e+02 2.4000e+01 1.9000e+01 1.1400e+02 3.2000e+01 1.9260e+03 4.4000e+01 3.3340e+03 3.8870e+03 5.1000e+01 9.5000e+02 4.1000e+01 5.1000e+01 1.6440e+03 4.9140e+03 1.8200e+02 3.8200e+03 4.0000e+01 5.5360e+03 2.6600e+02 0.0000e+00 1.4500e+02 4.5000e+01 3.9000e+01 2.9000e+01 6.2000e+01 1.4300e+02 4.1000e+01 4.0000e+00 1.0000e+00 5.3570e+03 1.7000e+01 4.0600e+02 3.0000e+00 6.7000e+01 3.0000e+00 1.5300e+02 6.0000e+00 1.0000e+00 8.0000e+01 5.1000e+01
5.4000e+01 4.1000e+01 6.3000e+01 5.3790e+03 3.3800e+02 6.8000e+01 4.3500e+02 1.2100e+02 8.6000e+01 4.6000e+01 5.3000e+01 4.9630e+03 3.7000e+01 8.0000e+01 8.7000e+01 1.5100e+02 8.8000e+01 5.6000e+01 1.9400e+02 7.0000e+01 3.4000e+01 3.4500e+02 7.0700e+02 1.1300e+02 9.0000e+01 1.7330e+03 6.6000e+01 6.2000e+01 5.1000e+01 1.1300e+02 1.8900e+02 7.2000e+01 3.9000e+01 2.1500e+02 4.7950e+03 4.1010e+03 3.7000e+01 3.9000e+01 3.0000e+00 1.1900e+02 5.9000e+01 6.6000e+01 2.8300e+02 2.4200e+02 1.5000e+01 2.3000e+01 5.9570e+03 1.7000e+01 3.1000e+01 2.4200e+02
1.6000e+01 8.6600e+02 9.0000e+00 1.2000e+01 6.0000e+00 3.9800e+02 3.5000e+01 1.9900e+02 1.4000e+01 6.9000e+01 1.3000e+01 4.7000e+02 4.0300e+02 2.9100e+02 2.3170e+03 4.0000e+00 1.1060e+03 1.7100e+03 4.4510e+03 2.2730e+03 1.6000e+01 9.0000e+00 1.5000e+01 1.2000e+01 6.4000e+01 3.5000e+01 8.2600e+02 4.3000e+01 1.1000e+01 2.0000e+00 1.5000e+01 1.6000e+01 3.5510e+03 2.2950e+03 6.0000e+01 1.5420e+03 4.2120e+03 7.0000e+00 3.0000e+00 2.4900e+02 1.6000e+01 4.5000e+01 3.0000e+00 4.8830e+03 0.0000e+00 5.0000e+00 5.0000e+00 3.0000e+00 2.0000e+01 4.8820e+03
