5.2899e-01 2.6562e-01 7.2247e-01 2.5000e-01 5.9259e-01 6.5101e-01 6.4714e-01 7.0603e-01 6.0403e-01 6.2566e-01 3.3333e-01 4.7297e-01 1.6129e-01 3.1250e-01 2.6984e-01 4.1667e-01 2.8814e-01 0.0000e+00 1.7949e-01 2.7027e-01 5.5102e-01 1.9231e-01 3.4211e-01 4.0816e-01 1.6667e-01 1.2500e-01 5.8712e-01 1.6667e-01 6.8202e-01 1.0000e+00 6.4583e-01 7.5552e-01 6.0246e-01 6.2950e-01 3.2353e-01 4.3636e-01 4.3056e-01 5.0000e-01 5.7143e-01 3.2857e-01 5.7431e-01 0.0000e+00 0.0000e+00 3.9130e-01 5.0000e-01 1.5385e-01 4.2857e-01 7.5000e-01 6.6667e-02 6.0398e-01
3.6752e-01 4.1960e-01 0.0000e+00 0.0000e+00 7.2297e-01 0.0000e+00 2.3404e-01 4.9585e-01 1.6667e-01 1.9565e-01 0.0000e+00 0.0000e+00 8.3333e-02 0.0000e+00 5.5556e-02 5.0562e-01 8.1081e-02 0.0000e+00 1.2963e-01 3.8049e-01 2.0000e-01 3.7696e-01 4.1182e-01 1.1538e-01 7.1429e-02 8.8235e-02 2.1333e-01 0.0000e+00 6.0988e-01 6.4417e-01 2.3881e-01 0.0000e+00 0.0000e+00 1.8750e-01 2.6415e-01 2.4444e-01 2.5000e-01 2.2222e-01 6.6667e-01 0.0000e+00 0.0000e+00 1.9355e-01 2.2222e-01 2.1333e-01 1.0000e+00 6.7202e-01 0.0000e+00 0.0000e+00 4.3571e-01 1.0000e-01
2.3077e-01 3.7162e-01 2.7586e-01 6.0526e-01 4.8485e-01 6.1255e-01 5.9821e-01 2.9412e-01 5.7904e-01 6.3047e-01 7.0961e-01 2.8571e-01 5.7301e-01 6.3857e-01 2.2000e-01 6.0000e-01 5.2681e-01 3.5417e-01 4.7259e-01 4.0000e-01 6.8496e-01 4.5833e-01 3.3028e-01 6.6415e-01 6.4725e-01 4.0000e-01 4.0441e-01 3.7662e-01 6.9079e-01 3.3333e-01 2.5000e-01 4.4828e-01 6.0493e-01 6.1351e-01 6.6453e-01 3.3333e-01 6.3879e-01 0.0000e+00 1.0000e+00 3.3766e-01 6.5650e-01 4.1368e-01 1.0000e+00 3.8182e-01 5.0000e-01 3.0000e-01 3.0000e-01 2.5000e-01 5.7643e-01 3.6207e-01
1.0000e+00 3.9024e-01 9.4444e-01 7.9032e-01 2.8571e-01 9.2364e-01 1.0000e+00 5.1724e-01 7.4618e-01 9.0631e-01 3.8889e-01 9.0741e-01 7.7968e-01 7.0122e-01 0.0000e+00 1.0000e+00 3.0435e-01 6.1224e-01 6.7784e-01 1.0000e-01 9.2857e-01 8.9877e-01 0.0000e+00 1.0000e+00 1.0000e-01 6.1111e-01 7.5708e-01 3.1034e-01 3.3333e-01 7.5000e-01 0.0000e+00 8.5714e-01 5.9016e-01 0.0000e+00 3.3333e-01 0.0000e+00 8.7674e-01 1.0000e+00 5.0000e-01 0.0000e+00 8.6347e-01 7.2161e-01 0.0000e+00 7.1934e-01 1.0000e+00 1.0000e+00 7.5000e-01 1.0000e+00 9.4132e-01 1.8182e-01
1.1111e-01 1.5254e-01 0.0000e+00 0.0000e+00 8.6957e-02 0.0000e+00 3.5015e-01 0.0000e+00 0.0000e+00 0.0000e+00 5.8824e-02 2.6549e-01 0.0000e+00 0.0000e+00 0.0000e+00 3.8095e-01 2.3789e-01 3.1250e-02 3.7736e-02 3.9573e-01 5.0180e-01 8.5106e-02 2.8388e-01 2.1333e-01 6.8182e-02 2.5641e-02 0.0000e+00 0.0000e+00 3.7037e-02 3.1111e-01 2.3611e-01 3.2335e-01 0.0000e+00 2.7778e-02 3.2701e-01 0.0000e+00 0.0000e+00 0.0000e+00 9.1583e-01 0.0000e+00 1.1321e-01 0.0000e+00 2.0000e-01 0.0000e+00 2.7273e-01 1.8605e-01 6.2500e-02 7.1190e-01 1.2000e-01 0.0000e+00
1.2121e-01 1.7045e-01 1.9565e-01 7.1429e-02 0.0000e+00 5.0505e-01 0.0000e+00 0.0000e+00 0.0000e+00 3.8462e-02 3.6872e-01 1.2500e-01 1.1538e-01 1.1905e-01 3.7545e-01 5.6489e-01 7.3171e-02 7.1429e-02 9.4340e-02 8.5714e-02 1.9444e-01 0.0000e+00 0.0000e+00 0.0000e+00 3.1126e-01 1.1364e-01 0.0000e+00 0.0000e+00 2.7119e-01 7.5220e-01 3.5714e-02 3.7405e-01 2.0588e-01 0.0000e+00 2.6471e-01 0.0000e+00 0.0000e+00 1.0000e+00 1.0000e+00 1.2963e-01 1.6327e-01 2.3295e-01 1.0000e+00 0.0000e+00 7.8344e-01 0.0000e+00 2.6087e-01 0.0000e+00 4.0000e-02 0.0000e+00
2.0732e-01 3.7736e-02 2.8472e-01 1.3208e-01 1.6129e-01 2.0000e-01 1.7910e-01 0.0000e+00 0.0000e+00 1.6667e-01 7.8947e-02 6.0606e-02 9.3750e-02 1.2698e-01 7.5758e-02 5.9683e-01 5.6604e-02 7.5000e-02 1.2088e-01 1.3636e-01 9.0909e-02 5.1282e-02 2.7002e-01 2.9452e-01 1.4493e-01 1.4103e-01 4.2553e-02 1.0843e-01 6.6667e-02 5.9726e-01 2.7027e-02 2.5000e-01 2.7778e-02 1.1864e-01 2.2619e-01 3.4483e-02 3.1250e-02 1.5385e-01 4.6429e-01 7.2727e-02 7.1429e-02 1.6216e-01 3.0000e-01 2.3810e-02 1.7647e-01 1.8605e-01 0.0000e+00 2.9032e-01 1.0638e-01 0.0000e+00
6.4140e-01 5.6163e-01 3.1034e-01 4.4615e-01 4.6154e-01 5.0000e-01 2.8571e-01 4.7143e-01 6.3833e-01 5.9810e-01 2.5000e-01 2.1053e-01 4.1228e-01 2.5000e-01 5.5711e-01 6.1364e-01 6.0408e-01 7.2344e-01 2.5490e-01 6.3263e-01 4.3902e-01 3.7255e-01 5.4075e-01 7.7004e-01 5.2747e-01 6.4398e-01 2.5000e-01 5.8038e-01 6.8045e-01 1.0000e+00 4.9655e-01 4.4444e-01 3.0769e-01 2.4138e-01 4.6774e-01 5.9441e-01 3.6585e-01 5.0000e-01 0.0000e+00 6.2908e-01 1.1765e-01 4.6305e-01 1.0000e+00 3.4328e-01 6.6667e-01 7.0588e-01 3.3333e-01 1.0000e+00 4.7500e-01 3.7255e-01
1.8519e-01 2.4390e-02 2.2222e-01 4.8838e-01 5.2959e-01 2.2059e-01 4.0920e-01 2.9752e-01 1.9767e-01 1.3043e-01 1.8868e-01 5.1259e-01 2.7027e-02 2.0000e-01 1.4943e-01 4.7682e-01 1.7045e-01 1.7857e-01 2.3711e-01 1.8571e-01 1.4706e-01 3.5942e-01 3.2532e-01 3.0973e-01 2.2222e-01 4.0508e-01 1.3636e-01 9.6774e-02 2.1569e-01 5.0442e-01 3.0159e-01 2.6389e-01 7.6923e-02 3.1628e-01 5.0845e-01 5.1451e-01 1.0811e-01 5.3846e-01 6.6667e-01 2.1849e-01 1.6949e-01 9.0909e-02 7.9505e-01 2.8512e-01 2.0000e-01 8.6957e-02 7.2738e-01 1.7647e-01 6.4516e-02 3.3884e-01
3.1250e-01 6.5473e-01 1.1111e-01 1.6667e-01 6.6667e-01 8.0402e-01 5.1429e-01 7.5879e-01 1.4286e-01 5.9420e-01 2.3077e-01 8.5745e-01 6.6253e-01 7.0790e-01 6.9486e-01 2.5000e-01 7.0796e-01 8.6433e-01 7.0816e-01 8.1478e-01 6.8750e-01 0.0000e+00 6.6667e-02 2.5000e-01 5.4688e-01 4.0000e-01 7.0823e-01 3.4884e-01 8.1818e-01 0.0000e+00 2.0000e-01 8.7500e-01 8.2315e-01 8.1743e-01 6.3333e-01 9.1699e-01 8.8936e-01 7.1429e-01 0.0000e+00 6.4257e-01 2.5000e-01 3.3333e-01 1.0000e+00 7.6183e-01 1.0000e+00 4.0000e-01 8.0000e-01 0.0000e+00 3.5000e-01 8.5580e-01
