7.3000e+01 1.7000e+01 3.9700e+03 7.0000e+00 3.2000e+01 5.8200e+02 4.4200e+02 3.4320e+03 1.2600e+03 5.9500e+02 1.3000e+01 3.5000e+01 5.0000e+00 1.5000e+01 1.7000e+01 1.0000e+01 1.7000e+01 0.0000e+00 7.0000e+00 1.0000e+01 5.4000e+01 5.0000e+00 3.9000e+01 2.0000e+01 4.0000e+00 3.0000e+00 2.2240e+03 6.0000e+00 3.1100e+02 1.0000e+00 3.4100e+03 4.0700e+03 5.8800e+02 1.2590e+03 1.1000e+01 2.4000e+01 3.1000e+01 2.0000e+00 4.0000e+00 2.3000e+01 2.2800e+02 0.0000e+00 0.0000e+00 4.5000e+01 3.0000e+00 2.0000e+00 3.0000e+00 3.0000e+00 1.0000e+00 3.9500e+02
4.3000e+01 9.7600e+02 0.0000e+00 0.0000e+00 3.9850e+03 0.0000e+00 1.1000e+01 2.9900e+02 8.0000e+00 9.0000e+00 0.0000e+00 0.0000e+00 3.0000e+00 0.0000e+00 2.0000e+00 4.5000e+01 3.0000e+00 0.0000e+00 7.0000e+00 7.8000e+01 6.0000e+00 7.2000e+01 8.7100e+02 3.0000e+00 2.0000e+00 3.0000e+00 1.6000e+01 0.0000e+00 2.7170e+03 1.0500e+02 1.6000e+01 0.0000e+00 0.0000e+00 9.0000e+00 1.4000e+01 1.1000e+01 1.4000e+01 2.0000e+00 4.0000e+00 0.0000e+00 0.0000e+00 1.8000e+01 2.0000e+00 1.6000e+01 5.5870e+03 3.7270e+03 0.0000e+00 0.0000e+00 1.2200e+02 3.0000e+00
6.0000e+00 5.5000e+01 8.0000e+00 1.6100e+02 1.6000e+01 2.8300e+02 2.0100e+02 1.0000e+01 6.5200e+02 8.0700e+02 4.0540e+03 8.0000e+00 1.8640e+03 3.3410e+03 1.1000e+01 3.3000e+01 4.5200e+02 1.7000e+01 2.5000e+02 3.4000e+01 2.8700e+02 5.5000e+01 3.6000e+01 4.3900e+02 3.4550e+03 4.2000e+01 5.5000e+01 5.8000e+01 4.2000e+02 1.0000e+00 9.0000e+00 2.6000e+01 7.6100e+02 9.0800e+02 5.1900e+02 1.2000e+01 5.5000e+02 0.0000e+00 2.0000e+00 2.6000e+01 2.7560e+03 1.2700e+02 2.0000e+00 4.2000e+01 1.0000e+00 6.0000e+00 3.0000e+00 1.0000e+00 1.8100e+02 2.1000e+01
5.0440e+03 1.6000e+01 5.1000e+01 1.4700e+02 2.0000e+00 1.5240e+03 3.9250e+03 1.5000e+01 2.4400e+02 2.8150e+03 7.0000e+00 9.8000e+01 1.5500e+03 1.1500e+02 0.0000e+00 0.0000e+00 7.0000e+00 3.0000e+01 3.6400e+02 1.0000e+00 1.3000e+01 4.6080e+03 0.0000e+00 7.0000e+00 1.0000e+00 5.5000e+01 6.9500e+02 9.0000e+00 3.0000e+00 3.0000e+00 0.0000e+00 6.0000e+00 3.6000e+01 0.0000e+00 4.0000e+00 0.0000e+00 5.0500e+02 3.0000e+00 1.0000e+00 0.0000e+00 9.5500e+02 3.4760e+03 0.0000e+00 3.0500e+02 2.0000e+00 4.0000e+00 3.0000e+00 3.0000e+00 4.9090e+03 2.0000e+00
5.0000e+00 1.8000e+01 0.0000e+00 0.0000e+00 2.0000e+00 0.0000e+00 1.1800e+02 0.0000e+00 0.0000e+00 0.0000e+00 2.0000e+00 3.0000e+01 0.0000e+00 0.0000e+00 0.0000e+00 4.0000e+01 5.4000e+01 1.0000e+00 2.0000e+00 8.9000e+02 2.6420e+03 4.0000e+00 1.9900e+02 1.6000e+01 3.0000e+00 1.0000e+00 0.0000e+00 0.0000e+00 1.0000e+00 1.4000e+01 3.4000e+01 5.4000e+01 0.0000e+00 1.0000e+00 6.9000e+01 0.0000e+00 0.0000e+00 0.0000e+00 5.5490e+03 0.0000e+00 6.0000e+00 0.0000e+00 3.0000e+00 0.0000e+00 6.0000e+00 8.0000e+00 1.0000e+00 4.2700e+03 6.0000e+00 0.0000e+00
4.0000e+00 1.5000e+01 9.0000e+00 2.0000e+00 0.0000e+00 1.2010e+03 0.0000e+00 0.0000e+00 0.0000e+00 1.0000e+00 6.6000e+01 4.0000e+00 6.0000e+00 5.0000e+00 5.2300e+02 1.4800e+02 3.0000e+00 2.0000e+00 5.0000e+00 3.0000e+00 7.0000e+00 0.0000e+00 0.0000e+00 0.0000e+00 4.7000e+01 5.0000e+00 0.0000e+00 0.0000e+00 1.6000e+01 3.5940e+03 1.0000e+00 4.9000e+01 1.4000e+01 0.0000e+00 1.8000e+01 0.0000e+00 0.0000e+00 5.9390e+03 4.0000e+00 7.0000e+00 8.0000e+00 4.1000e+01 5.5950e+03 0.0000e+00 2.4600e+02 0.0000e+00 6.0000e+00 0.0000e+00 1.0000e+00 0.0000e+00
1.7000e+01 2.0000e+00 4.1000e+01 7.0000e+00 5.0000e+00 1.6000e+01 1.2000e+01 0.0000e+00 0.0000e+00 1.2000e+01 3.0000e+00 2.0000e+00 6.0000e+00 8.0000e+00 5.0000e+00 3.1620e+03 3.0000e+00 3.0000e+00 1.1000e+01 9.0000e+00 3.0000e+00 2.0000e+00 1.4500e+02 4.3000e+01 1.0000e+01 1.1000e+01 2.0000e+00 9.0000e+00 2.0000e+00 4.7900e+02 1.0000e+00 2.2000e+01 1.0000e+00 7.0000e+00 1.9000e+01 1.0000e+00 1.0000e+00 2.0000e+00 1.3000e+01 4.0000e+00 3.0000e+00 2.4000e+01 6.0000e+00 1.0000e+00 3.0000e+00 8.0000e+00 0.0000e+00 9.0000e+00 5.0000e+00 0.0000e+00
2.2000e+02 1.2530e+03 9.0000e+00 2.9000e+01 1.2000e+01 4.6000e+01 8.0000e+00 3.3000e+01 1.3890e+03 1.8900e+02 6.0000e+00 4.0000e+00 4.7000e+01 8.0000e+00 1.0730e+03 2.7000e+01 2.0140e+03 2.8120e+03 1.3000e+01 6.0100e+02 1.8000e+01 1.9000e+01 8.8900e+02 3.7840e+03 9.6000e+01 2.4600e+03 1.0000e+01 3.2130e+03 1.8100e+02 0.0000e+00 7.2000e+01 2.0000e+01 1.2000e+01 7.0000e+00 2.9000e+01 8.5000e+01 1.5000e+01 2.0000e+00 0.0000e+00 3.3700e+03 2.0000e+00 1.8800e+02 3.0000e+00 2.3000e+01 2.0000e+00 1.0800e+02 2.0000e+00 1.0000e+00 3.8000e+01 1.9000e+01
1.0000e+01 1.0000e+00 1.4000e+01 2.6270e+03 1.7900e+02 1.5000e+01 1.7800e+02 3.6000e+01 1.7000e+01 6.0000e+00 1.0000e+01 2.5440e+03 1.0000e+00 1.6000e+01 1.3000e+01 7.2000e+01 1.5000e+01 1.0000e+01 4.6000e+01 1.3000e+01 5.0000e+00 1.2400e+02 2.3000e+02 3.5000e+01 2.0000e+01 7.0200e+02 9.0000e+00 6.0000e+00 1.1000e+01 5.7000e+01 5.7000e+01 1.9000e+01 3.0000e+00 6.8000e+01 2.4380e+03 2.1100e+03 4.0000e+00 2.1000e+01 2.0000e+00 2.6000e+01 1.0000e+01 6.0000e+00 2.2500e+02 6.9000e+01 3.0000e+00 2.0000e+00 4.3330e+03 3.0000e+00 2.0000e+00 8.2000e+01
5.0000e+00 5.6700e+02 1.0000e+00 2.0000e+00 4.0000e+00 3.2000e+02 1.8000e+01 1.5100e+02 2.0000e+00 4.1000e+01 3.0000e+00 4.0300e+02 2.6700e+02 2.0600e+02 1.6100e+03 1.0000e+00 7.8300e+02 1.4780e+03 3.1520e+03 1.8520e+03 1.1000e+01 0.0000e+00 1.0000e+00 3.0000e+00 3.5000e+01 1.4000e+01 5.8500e+02 1.5000e+01 9.0000e+00 0.0000e+00 3.0000e+00 1.4000e+01 2.9230e+03 1.8760e+03 3.8000e+01 1.4140e+03 3.7460e+03 5.0000e+00 0.0000e+00 1.6000e+02 4.0000e+00 1.5000e+01 3.0000e+00 3.7200e+03 0.0000e+00 2.0000e+00 4.0000e+00 0.0000e+00 7.0000e+00 4.1780e+03
