9.0000e+00 1.0000e+00 1.0000e+00 4.0000e+00 2.0000e+00 1.0000e+00 1.0000e+00 2.0000e+00 4.6000e+01 9.9280e+03
1.0000e+00 2.0000e+00 1.0000e+00 9.9360e+03 1.0000e+00 1.0000e+00 1.0000e+00 1.0000e+00 1.0000e+00 4.0000e+01
1.0210e+03 2.0000e+00 1.0000e+00 3.0000e+00 9.9000e+03 2.0000e+00 7.0000e+00 3.1000e+01 1.0000e+00 1.0000e+00
5.0000e+00 0.0000e+00 1.0000e+00 1.0000e+00 1.1000e+01 1.0153e+04 1.0000e+00 1.0000e+00 2.0000e+00 7.0000e+00
1.0000e+00 1.0000e+00 9.5160e+03 1.0000e+00 4.0000e+00 1.0000e+00 1.0000e+00 2.0000e+00 1.0000e+00 2.0000e+00
1.0000e+00 1.0000e+00 1.0000e+00 1.0000e+00 1.0000e+00 2.0000e+00 1.0052e+04 1.0000e+00 2.0000e+00 2.2000e+01
8.8680e+03 1.0000e+00 1.0000e+00 1.0000e+00 4.2000e+01 1.0000e+00 3.0000e+00 1.0000e+00 1.0000e+00 2.0000e+00
2.0000e+00 5.3400e+02 3.0100e+02 1.0000e+00 1.0000e+00 1.0000e+00 1.2000e+01 9.9240e+03 2.0000e+00 1.0000e+00
1.0000e+00 1.0000e+00 4.0000e+00 1.4000e+01 9.0000e+00 1.0000e+00 2.0000e+00 3.0000e+00 1.0056e+04 1.0000e+00
1.0000e+00 9.4460e+03 1.0000e+00 2.0000e+00 1.0000e+00 1.0000e+00 1.0000e+00 2.0000e+00 1.0000e+00 7.0000e+00
