8.8889e-01 0.0000e+00 0.0000e+00 7.5000e-01 5.0000e-01 0.0000e+00 0.0000e+00 5.0000e-01 9.1304e-01 9.7029e-01
0.0000e+00 1.0000e+00 0.0000e+00 9.9708e-01 0.0000e+00 0.0000e+00 0.0000e+00 0.0000e+00 0.0000e+00 9.7500e-01
9.8237e-01 5.0000e-01 0.0000e+00 6.6667e-01 7.8131e-01 5.0000e-01 8.5714e-01 7.4194e-01 0.0000e+00 0.0000e+00
1.0000e+00 1.0000e+00 0.0000e+00 0.0000e+00 8.1818e-01 9.7735e-01 0.0000e+00 0.0000e+00 5.0000e-01 8.5714e-01
0.0000e+00 0.0000e+00 8.8262e-01 0.0000e+00 5.0000e-01 0.0000e+00 0.0000e+00 5.0000e-01 0.0000e+00 5.0000e-01
0.0000e+00 0.0000e+00 0.0000e+00 0.0000e+00 0.0000e+00 5.0000e-01 9.6727e-01 0.0000e+00 5.0000e-01 7.7273e-01
8.2882e-01 0.0000e+00 0.0000e+00 0.0000e+00 5.9524e-01 0.0000e+00 6.6667e-01 0.0000e+00 0.0000e+00 5.0000e-01
5.0000e-01 9.6067e-01 9.5349e-01 0.0000e+00 0.0000e+00 0.0000e+00 8.3333e-01 8.2940e-01 5.0000e-01 0.0000e+00
0.0000e+00 0.0000e+00 5.0000e-01 6.4286e-01 4.4444e-01 0.0000e+00 5.0000e-01 3.3333e-01 7.3876e-01 0.0000e+00
0.0000e+00 9.9439e-01 0.0000e+00 5.0000e-01 0.0000e+00 0.0000e+00 0.0000e+00 5.0000e-01 0.0000e+00 7.1429e-01
