8.0000e+00 0.0000e+00 0.0000e+00 3.0000e+00 1.0000e+00 0.0000e+00 0.0000e+00 1.0000e+00 4.2000e+01 9.6330e+03
0.0000e+00 2.0000e+00 0.0000e+00 9.9070e+03 0.0000e+00 0.0000e+00 0.0000e+00 0.0000e+00 0.0000e+00 3.9000e+01
1.0030e+03 1.0000e+00 0.0000e+00 2.0000e+00 7.7350e+03 1.0000e+00 6.0000e+00 2.3000e+01 0.0000e+00 0.0000e+00
5.0000e+00 0.0000e+00 0.0000e+00 0.0000e+00 9.0000e+00 9.9230e+03 0.0000e+00 0.0000e+00 1.0000e+00 6.0000e+00
0.0000e+00 0.0000e+00 8.3990e+03 0.0000e+00 2.0000e+00 0.0000e+00 0.0000e+00 1.0000e+00 0.0000e+00 1.0000e+00
0.0000e+00 0.0000e+00 0.0000e+00 0.0000e+00 0.0000e+00 1.0000e+00 9.7230e+03 0.0000e+00 1.0000e+00 1.7000e+01
7.3500e+03 0.0000e+00 0.0000e+00 0.0000e+00 2.5000e+01 0.0000e+00 2.0000e+00 0.0000e+00 0.0000e+00 1.0000e+00
1.0000e+00 5.1300e+02 2.8700e+02 0.0000e+00 0.0000e+00 0.0000e+00 1.0000e+01 8.2310e+03 1.0000e+00 0.0000e+00
0.0000e+00 0.0000e+00 2.0000e+00 9.0000e+00 4.0000e+00 0.0000e+00 1.0000e+00 1.0000e+00 7.4290e+03 0.0000e+00
0.0000e+00 9.3930e+03 0.0000e+00 1.0000e+00 0.0000e+00 0.0000e+00 0.0000e+00 1.0000e+00 0.0000e+00 5.0000e+00
