8.4700e+02 1.5000e+02 2.1800e+02 7.7500e+02 5.1000e+02 5.3700e+02 3.5700e+02 2.1000e+02 9.0300e+02 9.5100e+02
1.7300e+02 5.5100e+02 2.5800e+02 9.9600e+02 5.3400e+02 3.0800e+02 7.9500e+02 5.5000e+01 9.0000e+01 9.3400e+02
9.3800e+02 4.3300e+02 7.1000e+01 6.4000e+02 8.0500e+02 5.4100e+02 9.9200e+02 7.7300e+02 5.3400e+02 5.1200e+02
7.1900e+02 7.4300e+02 7.7000e+02 5.4400e+02 7.2000e+02 9.9500e+02 1.4700e+02 4.5100e+02 3.6600e+02 8.1700e+02
9.0000e+00 1.1400e+02 8.5800e+02 6.7000e+02 2.5600e+02 3.0400e+02 6.3000e+01 5.7300e+02 1.5400e+02 3.4700e+02
7.2700e+02 4.4400e+02 9.7000e+01 1.4900e+02 5.0400e+02 4.5400e+02 9.7400e+02 7.4100e+02 2.1900e+02 6.0300e+02
8.7500e+02 4.4300e+02 2.9500e+02 3.0900e+02 6.1500e+02 5.6400e+02 4.9700e+02 2.2300e+02 4.9100e+02 5.6600e+02
5.0800e+02 9.2100e+02 8.9400e+02 3.0500e+02 1.6000e+01 3.9100e+02 6.1800e+02 8.1200e+02 4.7500e+02 1.6000e+01
2.3900e+02 4.1400e+02 1.3000e+02 7.7500e+02 4.9800e+02 4.0000e+01 4.0900e+02 5.2200e+02 7.4900e+02 4.6100e+02
4.7000e+01 1.0140e+03 2.4400e+02 1.7900e+02 1.2600e+02 2.6500e+02 1.8000e+02 5.2300e+02 4.2500e+02 5.8900e+02
