4.8000e+01 4.8000e+01 1.3000e+02 1.4300e+02 2.9000e+01 7.0000e+00 1.9000e+01 7.0000e+00 5.9750e+03 5.8350e+03 7.9100e+02 5.3280e+03 9.5000e+01 5.2930e+03 4.8710e+03 5.6000e+01 9.0300e+02 1.6410e+03 8.9000e+02 1.9300e+02 3.4000e+01 5.9960e+03 3.1500e+03 6.0240e+03 2.2000e+01 4.9730e+03 1.1900e+02 3.6900e+02 2.7000e+01 5.1080e+03 3.1300e+02 3.3000e+01 5.4900e+03 5.9030e+03 1.9000e+01 3.5000e+01 1.4880e+03 1.0200e+02 2.4000e+01 1.2270e+03 2.0870e+03 9.0000e+00 5.9150e+03 5.8580e+03 1.0000e+01 2.9000e+01 2.1000e+01 2.5000e+01 4.5000e+01 1.1100e+02
1.2000e+01 2.2000e+01 6.2000e+01 7.0000e+00 7.0000e+00 1.6000e+01 7.0000e+00 1.9000e+01 0.0000e+00 0.0000e+00 1.2000e+01 7.0000e+00 1.7000e+01 1.0000e+01 1.4000e+02 1.1000e+01 2.3000e+01 3.9800e+02 6.5000e+01 4.7000e+01 9.0000e+00 0.0000e+00 1.7000e+01 0.0000e+00 1.4000e+01 4.6000e+01 1.0000e+01 4.0000e+01 4.3000e+01 1.0000e+01 1.4000e+01 3.5000e+01 8.0000e+00 0.0000e+00 2.5000e+01 4.5000e+01 8.0000e+00 7.0000e+00 9.0000e+00 7.0000e+00 7.0000e+00 1.0000e+01 0.0000e+00 0.0000e+00 1.2000e+01 2.9000e+01 1.2000e+01 7.0000e+00 1.2000e+01 1.3000e+01
4.4500e+02 4.2000e+01 5.8500e+03 1.0000e+01 7.0000e+00 2.2000e+01 6.1910e+03 4.0000e+01 0.0000e+00 0.0000e+00 5.0120e+03 1.0000e+01 1.0000e+01 1.0000e+01 1.1800e+02 1.1000e+01 1.7000e+01 3.2000e+01 1.6000e+02 4.5900e+02 1.2000e+01 0.0000e+00 3.0000e+01 0.0000e+00 8.9000e+01 3.5000e+01 1.1300e+02 6.5000e+01 1.8630e+03 2.0000e+01 2.1000e+01 5.9840e+03 2.1300e+02 0.0000e+00 1.4000e+01 2.9000e+01 1.0000e+01 5.2000e+01 7.0000e+00 1.1200e+02 9.0000e+00 1.0000e+01 0.0000e+00 0.0000e+00 1.8000e+01 3.4000e+01 1.0000e+01 5.8130e+03 3.6000e+01 4.5520e+03
1.8000e+01 1.8000e+01 0.0000e+00 9.0000e+00 7.0000e+00 3.7000e+01 0.0000e+00 7.0000e+00 0.0000e+00 0.0000e+00 7.0000e+00 2.9000e+01 1.7000e+01 4.7000e+01 1.5000e+01 1.1000e+01 9.0000e+00 1.3000e+02 5.6000e+01 3.8200e+02 7.3000e+01 0.0000e+00 2.1000e+01 0.0000e+00 5.7000e+01 4.7000e+01 1.2900e+02 2.2430e+03 5.9000e+01 5.1000e+01 2.1100e+02 0.0000e+00 1.0000e+01 0.0000e+00 4.4000e+01 2.8000e+01 1.3000e+01 3.0000e+01 4.8000e+01 1.2000e+01 1.2000e+01 3.9000e+01 0.0000e+00 0.0000e+00 4.3000e+01 4.7710e+03 7.4000e+01 0.0000e+00 1.5600e+02 1.6000e+01
2.4000e+01 3.7000e+01 0.0000e+00 2.8000e+01 4.3000e+01 1.5000e+01 0.0000e+00 1.1500e+02 0.0000e+00 0.0000e+00 1.7700e+02 4.5000e+01 1.9400e+02 1.8000e+01 3.4000e+01 2.0000e+01 3.1990e+03 2.1730e+03 1.1000e+02 2.7730e+03 3.8000e+01 0.0000e+00 1.7000e+01 0.0000e+00 1.5000e+01 2.2000e+01 6.0200e+02 1.6800e+02 4.0400e+02 1.4000e+01 1.0000e+01 0.0000e+00 4.7000e+01 0.0000e+00 8.6400e+02 1.9400e+02 5.6000e+01 2.8000e+01 6.6000e+01 2.5000e+01 1.4000e+01 5.4000e+01 0.0000e+00 0.0000e+00 3.8000e+01 6.3000e+01 1.5500e+02 0.0000e+00 2.0000e+02 7.4800e+02
5.4250e+03 5.7970e+03 0.0000e+00 2.2230e+03 2.1720e+03 3.3000e+01 0.0000e+00 1.7150e+03 0.0000e+00 0.0000e+00 4.6000e+01 1.3000e+02 5.6870e+03 3.7700e+02 1.0200e+02 1.1000e+01 5.0000e+02 4.3000e+01 4.0940e+03 1.9000e+01 5.3510e+03 0.0000e+00 2.6200e+03 0.0000e+00 5.8280e+03 2.2900e+02 5.0840e+03 1.6580e+03 2.4140e+03 1.2000e+01 5.4280e+03 0.0000e+00 3.1000e+01 0.0000e+00 4.9120e+03 5.5560e+03 2.6500e+03 5.7610e+03 5.7600e+03 4.7030e+03 3.6330e+03 5.8130e+03 0.0000e+00 0.0000e+00 5.9210e+03 3.2900e+02 2.7000e+01 0.0000e+00 1.3700e+02 1.0000e+01
0.0000e+00 0.0000e+00 0.0000e+00 1.0000e+02 3.4180e+03 1.1000e+01 0.0000e+00 4.0870e+03 0.0000e+00 0.0000e+00 1.1000e+01 7.0000e+00 0.0000e+00 1.2000e+01 1.5000e+01 5.5700e+03 1.1550e+03 2.2000e+01 1.4000e+01 7.2800e+02 6.0000e+01 0.0000e+00 0.0000e+00 0.0000e+00 0.0000e+00 1.5000e+01 0.0000e+00 5.3200e+02 1.7800e+02 1.0000e+01 0.0000e+00 0.0000e+00 1.7000e+01 0.0000e+00 0.0000e+00 0.0000e+00 1.5000e+01 7.0000e+00 8.0000e+01 0.0000e+00 4.1000e+01 9.0000e+00 0.0000e+00 0.0000e+00 0.0000e+00 2.2000e+01 1.6000e+01 0.0000e+00 4.5630e+03 1.0000e+01
0.0000e+00 0.0000e+00 0.0000e+00 1.4000e+01 8.4000e+01 3.1000e+01 0.0000e+00 0.0000e+00 0.0000e+00 0.0000e+00 1.4000e+01 1.4400e+02 0.0000e+00 1.1100e+02 2.9400e+02 5.3000e+01 4.4000e+01 2.5900e+02 1.9000e+01 1.3600e+02 2.7100e+02 0.0000e+00 0.0000e+00 0.0000e+00 0.0000e+00 1.6000e+01 0.0000e+00 2.5600e+02 5.4100e+02 1.6000e+01 0.0000e+00 0.0000e+00 5.1000e+01 0.0000e+00 0.0000e+00 0.0000e+00 1.1000e+01 3.8000e+01 5.6000e+01 0.0000e+00 6.1000e+01 1.0000e+01 0.0000e+00 0.0000e+00 0.0000e+00 1.9600e+02 1.1400e+02 0.0000e+00 8.6400e+02 2.7200e+02
0.0000e+00 0.0000e+00 0.0000e+00 3.2830e+03 1.8200e+02 5.6220e+03 0.0000e+00 0.0000e+00 0.0000e+00 0.0000e+00 3.7000e+01 7.1000e+01 0.0000e+00 9.6000e+01 3.6900e+02 1.3000e+02 6.6000e+01 3.3100e+02 5.8100e+02 7.3500e+02 5.3000e+01 0.0000e+00 0.0000e+00 0.0000e+00 0.0000e+00 2.0200e+02 0.0000e+00 5.3700e+02 5.9000e+02 6.9600e+02 0.0000e+00 0.0000e+00 6.4000e+01 0.0000e+00 0.0000e+00 0.0000e+00 1.7950e+03 1.5000e+01 1.8000e+01 0.0000e+00 6.5000e+01 3.7000e+01 0.0000e+00 0.0000e+00 0.0000e+00 4.6700e+02 5.6290e+03 0.0000e+00 1.3300e+02 2.3300e+02
0.0000e+00 0.0000e+00 0.0000e+00 7.0000e+00 9.0000e+00 2.7000e+02 0.0000e+00 0.0000e+00 0.0000e+00 0.0000e+00 2.1000e+01 1.7900e+02 0.0000e+00 3.4000e+01 2.7000e+01 3.6000e+01 9.2000e+01 1.0370e+03 2.7000e+01 4.7300e+02 2.0900e+02 0.0000e+00 0.0000e+00 0.0000e+00 0.0000e+00 4.4300e+02 0.0000e+00 9.3000e+01 2.4000e+01 5.6000e+01 0.0000e+00 0.0000e+00 8.0000e+00 0.0000e+00 0.0000e+00 0.0000e+00 8.0000e+00 2.1000e+01 3.1000e+01 0.0000e+00 5.6000e+01 1.9000e+01 0.0000e+00 0.0000e+00 0.0000e+00 5.1000e+01 6.6000e+01 0.0000e+00 4.8000e+01 4.7000e+01
