2.4000e+01 2.7000e+01 1.9000e+01 2.1000e+01 2.1000e+01 1.5000e+01 5.9000e+01 2.8000e+01 1.5000e+01 2.4000e+01 2.9000e+01 3.2000e+01 2.6000e+01 2.9000e+01 2.3000e+01 3.5000e+01 2.7000e+01 2.6000e+01 2.3000e+01 1.8000e+01 2.6000e+01 2.7000e+01 3.0000e+01 3.2000e+01 2.3000e+01 2.6000e+01 3.1000e+01 2.0000e+01 3.1000e+01 1.9000e+01 2.0000e+01 2.2000e+01 1.7000e+01 1.6000e+01 2.1000e+01 2.6000e+01 3.1000e+01 2.1000e+01 3.8600e+03 3.5000e+01 2.8000e+01 1.9000e+01 2.4000e+01 2.6000e+01 2.7000e+01 1.8000e+01 3.2000e+01 1.7000e+01 2.6000e+01 2.2000e+01
2.3000e+01 1.2000e+01 1.4000e+01 2.6000e+01 2.5000e+01 2.2000e+01 2.8000e+01 2.1000e+01 2.8000e+01 2.7000e+01 3.4000e+01 3.0310e+03 1.4000e+01 2.0000e+01 2.2000e+01 2.4000e+01 2.4000e+01 2.7000e+01 2.9000e+01 2.2000e+01 4.2000e+01 4.1000e+01 1.8000e+01 2.6000e+01 3.0000e+01 3.0000e+01 2.3000e+01 2.8000e+01 2.9000e+01 2.5000e+01 2.2000e+01 2.8680e+03 2.1000e+01 2.2000e+01 2.9000e+01 2.9000e+01 2.5000e+01 2.7000e+01 2.3000e+01 2.6000e+01 1.7000e+01 2.3000e+01 4.0000e+01 3.2000e+01 2.1000e+01 2.1000e+01 1.8000e+01 2.3000e+01 2.3000e+01 2.5000e+01
2.3000e+01 2.2000e+01 2.5000e+01 2.3000e+01 2.7000e+01 2.3000e+01 2.0000e+01 1.8000e+01 2.3000e+01 1.8000e+01 3.1000e+01 2.0000e+01 2.9000e+01 1.7000e+01 2.3000e+01 2.4000e+01 1.8000e+01 2.4000e+01 1.7000e+01 2.5000e+01 1.9000e+01 2.7040e+03 2.3000e+01 3.3000e+01 2.8000e+01 2.4000e+01 1.9000e+01 2.7000e+01 2.3000e+01 2.8000e+01 2.8000e+01 3.1000e+01 3.0000e+01 2.8000e+01 2.2000e+01 2.4000e+01 2.8000e+01 1.7000e+01 2.4000e+01 2.0000e+01 2.6000e+01 3.5000e+01 2.4000e+01 4.2060e+03 2.9000e+01 2.2000e+01 2.0000e+01 1.4000e+01 2.3000e+01 3.1000e+01
2.9000e+01 2.3000e+01 3.4000e+01 3.0000e+01 2.7000e+01 3.1000e+01 1.4000e+01 2.6000e+01 2.4000e+01 2.2000e+01 2.6000e+01 2.7000e+01 3.7000e+01 2.1000e+01 2.4000e+01 2.9000e+01 3.7000e+01 1.6000e+01 2.0000e+01 2.0000e+01 2.4000e+01 2.8000e+01 1.3000e+01 2.2000e+01 2.0000e+01 2.8000e+01 2.0000e+01 1.6000e+01 2.7000e+01 4.5140e+03 2.7000e+01 2.0000e+01 1.7000e+01 2.1000e+01 1.9000e+01 2.7000e+01 2.0000e+01 2.6000e+01 2.4000e+01 2.2000e+01 2.6000e+01 3.1000e+01 3.0000e+01 2.2000e+01 2.5000e+01 2.4000e+01 2.4000e+01 2.3000e+01 2.4000e+01 1.6000e+01
2.3000e+01 2.3000e+01 1.9000e+01 2.2000e+01 2.5000e+01 2.7000e+01 2.2000e+01 2.5000e+01 1.9000e+01 3.0000e+01 2.0000e+01 3.0000e+01 2.5000e+01 2.6000e+01 2.9000e+01 2.3000e+01 2.0000e+01 2.3000e+01 2.4000e+01 1.7000e+01 2.4000e+01 1.9000e+01 1.8000e+01 3.3000e+01 2.0000e+01 2.2000e+01 2.7000e+01 2.0000e+01 4.8600e+03 2.9000e+01 2.1000e+01 2.0000e+01 2.4000e+01 2.6000e+01 2.6000e+01 2.8000e+01 2.5000e+01 2.3000e+01 2.2000e+01 1.9000e+01 2.0000e+01 3.3000e+01 2.2000e+01 2.6000e+01 2.9000e+01 2.1000e+01 2.4000e+01 2.2000e+01 3.0000e+01 3.1000e+01
2.5000e+01 3.1000e+01 2.6000e+01 2.4000e+01 3.0000e+01 3.1000e+01 2.1000e+01 2.6000e+01 3.5000e+01 3.2000e+01 2.7000e+01 2.1000e+01 2.9000e+01 1.6000e+01 1.8000e+01 3.4000e+01 3.2000e+01 2.7000e+01 2.5000e+01 2.1000e+01 2.5000e+01 3.0000e+01 2.8000e+01 2.2000e+01 2.4000e+01 2.6000e+01 2.8000e+01 2.1000e+01 1.9000e+01 2.4000e+01 3.1000e+01 1.8000e+01 2.6000e+01 2.1000e+01 2.2000e+01 2.1000e+01 2.3000e+01 2.2000e+01 2.5000e+01 3.9020e+03 2.1000e+01 2.1000e+01 2.2000e+01 3.1000e+01 2.5000e+01 2.3000e+01 2.7000e+01 2.7000e+01 2.3000e+01 3.0000e+01
4.8940e+03 2.5000e+01 2.5000e+01 3.3000e+01 2.5000e+01 3.0000e+01 1.9000e+01 2.5000e+01 2.6000e+01 1.8000e+01 2.3000e+01 1.8000e+01 1.5000e+01 2.2000e+01 2.3000e+01 3.4000e+01 2.0000e+01 2.0000e+01 2.3000e+01 2.2000e+01 3.1000e+01 2.8000e+01 3.3000e+01 3.0000e+01 1.8000e+01 2.1000e+01 2.3000e+01 2.2000e+01 3.4000e+01 2.3000e+01 2.4000e+01 2.7000e+01 1.6000e+01 2.1000e+01 2.2000e+01 2.5000e+01 1.9000e+01 1.3000e+01 2.3000e+01 2.9000e+01 1.8000e+01 1.8000e+01 3.5000e+01 2.3000e+01 2.4000e+01 1.0990e+03 1.8000e+01 2.7000e+01 2.5000e+01 1.7000e+01
2.8000e+01 1.5000e+01 2.4000e+01 2.9000e+01 3.9000e+01 2.8000e+01 2.6000e+01 1.8000e+01 3.3000e+01 3.0000e+01 2.7000e+01 2.5000e+01 3.0000e+01 2.8000e+01 2.0000e+01 1.9000e+01 3.6000e+01 1.2980e+03 3.0000e+01 2.5000e+01 1.9000e+01 2.7000e+01 2.5000e+01 2.8000e+01 2.0000e+01 2.3000e+01 2.0000e+01 1.8000e+01 2.0000e+01 2.1000e+01 2.8000e+01 2.3000e+01 2.7000e+01 1.8000e+01 1.9000e+01 2.2000e+01 2.4000e+01 2.0000e+01 2.6000e+01 3.0000e+01 2.0000e+01 3.3000e+01 2.9000e+01 1.9000e+01 2.4000e+01 2.8000e+01 3.1000e+01 1.8000e+01 2.8000e+01 3.3000e+01
2.5000e+01 2.6000e+01 3.0000e+01 2.8000e+01 2.2000e+01 2.8000e+01 4.2990e+03 2.5000e+01 2.2000e+01 2.2000e+01 2.7000e+01 3.0000e+01 1.9000e+01 2.1000e+01 3.1000e+01 2.1000e+01 2.5000e+01 2.8000e+01 2.2000e+01 1.7000e+01 3.0000e+01 3.7000e+01 2.2000e+01 2.1000e+01 2.4300e+02 2.3000e+01 3.5000e+01 2.8000e+01 2.3000e+01 2.5000e+01 2.8000e+01 1.8000e+01 2.0000e+01 2.6000e+01 2.5000e+01 2.2000e+01 2.3000e+01 2.5000e+01 2.4000e+01 2.3000e+01 2.8000e+01 3.0000e+01 2.3000e+01 2.2000e+01 1.2700e+02 1.8000e+01 2.0000e+01 1.9000e+01 2.2000e+01 1.8000e+01
1.6000e+01 2.4000e+01 2.7000e+01 2.9000e+01 4.6770e+03 3.1000e+01 1.8000e+01 2.6000e+01 1.8000e+01 1.9000e+01 2.8000e+01 2.3000e+01 2.8000e+01 2.2000e+01 2.7000e+01 1.6000e+01 2.1000e+01 3.0000e+01 1.4000e+01 3.5000e+01 1.9000e+01 2.1000e+01 2.7000e+01 2.4000e+01 1.7000e+01 3.2000e+01 2.1000e+01 2.9000e+01 3.6000e+01 2.3000e+01 2.2000e+01 3.0000e+01 2.9000e+01 2.2000e+01 2.2000e+01 3.5000e+01 2.6000e+01 2.3000e+01 2.1000e+01 2.6000e+01 2.3000e+01 2.3000e+01 2.7000e+01 2.2000e+01 1.9000e+01 2.8000e+01 2.3000e+01 2.8000e+01 3.1000e+01 2.3000e+01
2.3000e+01 2.5000e+01 2.4000e+01 2.4000e+01 2.4000e+01 2.6000e+01 2.0000e+01 2.5000e+01 2.4000e+01 1.9000e+01 2.1000e+01 2.1000e+01 2.3000e+01 3.1000e+01 2.1000e+01 2.6000e+01 3.4000e+01 2.5000e+01 2.5000e+01 2.8000e+01 3.4000e+01 2.5000e+01 3.0000e+01 5.1000e+01 3.7550e+03 2.8000e+01 2.1000e+01 2.6000e+01 1.8000e+01 1.7000e+01 4.7730e+03 2.1000e+01 2.0000e+01 2.3000e+01 2.6000e+01 2.3000e+01 1.5000e+01 2.1000e+01 2.5000e+01 2.1000e+01 2.5000e+01 2.4000e+01 2.9000e+01 2.0000e+01 2.7000e+01 1.6000e+01 2.1000e+01 2.0000e+01 1.8000e+01 1.6000e+01
2.7000e+01 2.1000e+01 2.8000e+01 2.6000e+01 2.1000e+01 2.1000e+01 2.2000e+01 2.2000e+01 2.8000e+01 3.0000e+01 3.3000e+01 2.6000e+01 2.6000e+01 1.7000e+01 2.2000e+01 3.6000e+01 2.6000e+01 2.1000e+01 2.0000e+01 2.1000e+01 3.1000e+01 2.4000e+01 3.2000e+01 2.2000e+01 2.0000e+01 2.8000e+01 1.5320e+03 2.7000e+01 2.4000e+01 2.1000e+01 3.1000e+01 2.7000e+01 2.3000e+01 1.9000e+01 1.7000e+01 2.3000e+01 2.2000e+01 4.4580e+03 3.3000e+01 2.3000e+01 3.2000e+01 2.2000e+01 2.3000e+01 2.8000e+01 2.0000e+01 3.5000e+01 3.0000e+01 2.4000e+01 2.8000e+01 3.6000e+01
3.0000e+01 2.9000e+01 2.4000e+01 2.4000e+01 2.2000e+01 2.2000e+01 2.2000e+01 2.1000e+01 2.7000e+01 2.8000e+01 3.2000e+01 2.3000e+01 2.4000e+01 4.6520e+03 1.7000e+01 2.4000e+01 2.0000e+01 2.6000e+01 2.7000e+01 4.0000e+01 2.2000e+01 2.3000e+01 2.8000e+01 2.1000e+01 9.1600e+02 6.5000e+01 2.2000e+01 2.6000e+01 2.5000e+01 2.5000e+01 1.8000e+01 3.5000e+01 2.0000e+01 2.8000e+01 3.1000e+01 2.5000e+01 1.4590e+03 1.7000e+01 2.8000e+01 2.1000e+01 2.1000e+01 2.5000e+01 2.5000e+01 2.5000e+01 3.0000e+01 2.9000e+01 2.8000e+01 1.9000e+01 2.0000e+01 2.6000e+01
2.2000e+01 3.1000e+01 1.7000e+01 2.7000e+01 2.2000e+01 2.8000e+01 2.9000e+01 2.7000e+01 2.0000e+01 2.1000e+01 2.7000e+01 2.6000e+01 2.6000e+01 1.9000e+01 2.4000e+01 2.4000e+01 2.1000e+01 2.5000e+01 2.2000e+01 3.0000e+01 2.3000e+01 1.4620e+03 3.2000e+01 5.9000e+01 2.5000e+01 2.4000e+01 2.6000e+01 2.2000e+01 2.3000e+01 3.1000e+01 2.8000e+01 2.5000e+01 2.5000e+01 2.6000e+01 2.6000e+01 2.7000e+01 1.8000e+01 2.4100e+02 3.0000e+01 2.9000e+01 2.5000e+01 2.2000e+01 1.9000e+01 2.9000e+01 2.3000e+01 3.7680e+03 3.1000e+01 2.0000e+01 2.5000e+01 1.8000e+01
2.5000e+01 2.4000e+01 3.1000e+01 2.4000e+01 2.6000e+01 3.2000e+01 1.8000e+01 3.6000e+01 2.9000e+01 2.2000e+01 2.4000e+01 3.5000e+01 1.5460e+03 2.6000e+01 2.8000e+01 2.4000e+01 1.9000e+01 2.6000e+01 2.8000e+01 2.0000e+01 3.3000e+01 3.7000e+01 2.3000e+01 2.3000e+01 2.5000e+01 2.0000e+01 2.1000e+01 1.9000e+01 3.5000e+01 1.8000e+01 3.2000e+01 2.6000e+01 1.7000e+01 2.8000e+01 2.9000e+01 3.0000e+01 3.0000e+01 3.1000e+01 2.0000e+01 3.0000e+01 3.2000e+01 2.0000e+01 2.6000e+01 2.5000e+01 3.1000e+01 2.4000e+01 2.6000e+01 2.1000e+01 4.7970e+03 1.8000e+01
2.6000e+01 2.3000e+01 2.6000e+01 2.8000e+01 2.4000e+01 1.8000e+01 2.5000e+01 2.5000e+01 3.4000e+01 2.3000e+01 2.9000e+01 2.4000e+01 2.1000e+01 1.7000e+01 1.9000e+01 3.1000e+01 2.2000e+01 2.8000e+01 2.9000e+01 2.9000e+01 2.5000e+01 2.1000e+01 2.8000e+01 2.3000e+01 2.6000e+01 2.4000e+01 2.8000e+01 2.2000e+01 1.9000e+01 1.9000e+01 1.7000e+01 1.6000e+01 2.7000e+01 6.0000e+01 4.8160e+03 2.5000e+01 2.4000e+01 2.2000e+01 2.7000e+01 2.2000e+01 2.2000e+01 2.4000e+01 2.1000e+01 3.2000e+01 2.2000e+01 2.6000e+01 1.8000e+01 4.5000e+01 2.1000e+01 2.2000e+01
1.8000e+01 2.8000e+01 3.8000e+01 2.1000e+01 1.7000e+01 2.1000e+01 2.7000e+01 3.4000e+01 2.3000e+01 3.2000e+01 2.5000e+01 2.2000e+01 3.8000e+01 2.0000e+01 3.0000e+01 2.7000e+01 2.3000e+01 2.8000e+01 3.3000e+01 2.3000e+01 1.5000e+01 2.3000e+01 1.7000e+01 2.7000e+01 2.2000e+01 2.1000e+01 3.0000e+01 3.4000e+01 2.2000e+01 2.4000e+01 2.4000e+01 1.9000e+01 2.4000e+01 2.5000e+01 2.2000e+01 2.8000e+01 1.2000e+01 1.8000e+01 2.2000e+01 1.9000e+01 2.4000e+01 2.7000e+01 3.2000e+01 1.7000e+01 2.9000e+01 2.7000e+01 2.2000e+01 2.2000e+01 3.1000e+01 2.1000e+01
1.6000e+01 2.4850e+03 2.6000e+01 2.4000e+01 2.1000e+01 2.4000e+01 2.0000e+01 2.3790e+03 2.9000e+01 2.4000e+01 2.0000e+01 3.0000e+01 2.4000e+01 2.7000e+01 2.1000e+01 1.7000e+01 3.3000e+01 2.9000e+01 2.4000e+01 1.4000e+01 2.5000e+01 1.9000e+01 2.8000e+01 2.0000e+01 1.8000e+01 1.6000e+01 3.5000e+01 1.9000e+01 2.4000e+01 2.0000e+01 3.2000e+01 2.4000e+01 2.5000e+01 2.4000e+01 2.0000e+01 2.0000e+01 1.2820e+03 2.4000e+01 1.9000e+01 1.8000e+01 2.5000e+01 2.1000e+01 2.4000e+01 2.3000e+01 2.1000e+01 2.2000e+01 2.1000e+01 3.3000e+01 3.2000e+01 1.8000e+01
2.1000e+01 2.7000e+01 1.8000e+01 2.0000e+01 2.9000e+01 3.1000e+01 2.8000e+01 2.3000e+01 2.1000e+01 2.7000e+01 1.7000e+01 3.3000e+01 2.0000e+01 2.8000e+01 3.0000e+01 1.8000e+01 2.5000e+01 1.7000e+01 2.3000e+01 2.5000e+01 2.1000e+01 2.9000e+01 2.0000e+01 2.3000e+01 2.5000e+01 2.0000e+01 2.4000e+01 2.2000e+01 1.8000e+01 2.7000e+01 1.5000e+01 2.0000e+01 2.0000e+01 2.1000e+01 2.0000e+01 3.1000e+01 2.8000e+01 1.9000e+01 1.9000e+01 2.4000e+01 3.1000e+01 2.8000e+01 2.5000e+01 2.1000e+01 2.8000e+01 2.1000e+01 3.7000e+01 3.7000e+01 2.1000e+01 8.0000e+00
2.2000e+01 2.1000e+01 3.0000e+01 2.6000e+01 2.4000e+01 1.9000e+01 2.7000e+01 1.9000e+01 2.6000e+01 2.2000e+01 2.0000e+01 2.4000e+01 1.6000e+01 2.4000e+01 2.5000e+01 1.9000e+01 2.5000e+01 3.0000e+01 1.9000e+01 3.2000e+01 2.3000e+01 1.7000e+01 1.9000e+01 2.9000e+01 3.1000e+01 2.6000e+01 2.7000e+01 2.5000e+01 2.7000e+01 3.0000e+01 1.5000e+01 2.9000e+01 2.9000e+01 2.5000e+01 2.1000e+01 2.3000e+01 2.2000e+01 2.4000e+01 1.7000e+01 1.8000e+01 3.7000e+01 2.5000e+01 3.2000e+01 3.2000e+01 2.4000e+01 2.6000e+01 2.5000e+01 2.4000e+01 2.7000e+01 1.7000e+01
3.0000e+01 3.1000e+01 2.2000e+01 3.9000e+01 2.4000e+01 3.1000e+01 3.1000e+01 2.6000e+01 2.5000e+01 2.1000e+01 2.8000e+01 2.1000e+01 3.0000e+01 3.4000e+01 2.8000e+01 3.8100e+02 2.7000e+01 1.9000e+01 3.6000e+01 2.2000e+01 2.4000e+01 1.8000e+01 2.0000e+01 2.5000e+01 2.9000e+01 2.1000e+01 2.5000e+01 2.4000e+01 3.3000e+01 2.0000e+01 2.6000e+01 2.6000e+01 1.6000e+01 2.4000e+01 1.9000e+01 2.5000e+01 1.6000e+01 3.8000e+01 1.9000e+01 1.7000e+01 2.6000e+01 2.6000e+01 3.2000e+01 3.0000e+01 1.8000e+01 3.5000e+01 2.2000e+01 2.4000e+01 2.0000e+01 4.7750e+03
1.8000e+01 2.4000e+01 2.3000e+01 2.2000e+01 3.4000e+01 2.3000e+01 2.8000e+01 2.4000e+01 4.4000e+01 2.6000e+01 1.9000e+01 2.5000e+01 2.0000e+01 2.4000e+01 2.5000e+01 2.3000e+01 3.1000e+01 2.6000e+01 3.0000e+01 1.8000e+01 2.5000e+01 3.1000e+01 2.4000e+01 2.0000e+01 2.4000e+01 2.1000e+01 2.5000e+01 1.7000e+01 2.8000e+01 2.2000e+01 2.1000e+01 1.5000e+01 2.8000e+01 4.8060e+03 2.9000e+01 2.6000e+01 2.0000e+01 2.2000e+01 2.9000e+01 2.9000e+01 3.2000e+01 2.0000e+01 2.7000e+01 2.5000e+01 2.4000e+01 2.1000e+01 2.4000e+01 1.5000e+01 3.0000e+01 2.2000e+01
3.3000e+01 2.1000e+01 2.1000e+01 3.1000e+01 1.6000e+01 3.0000e+01 2.0000e+01 2.3000e+01 2.3000e+01 2.1000e+01 2.1000e+01 2.3000e+01 2.5000e+01 2.6000e+01 2.9000e+01 1.7000e+01 1.4000e+01 2.5000e+01 2.4000e+01 2.9000e+01 1.6000e+01 2.7000e+01 4.2730e+03 1.7000e+01 1.9000e+01 2.7000e+01 1.9000e+01 3.3000e+01 2.6000e+01 2.7000e+01 2.4000e+01 1.9910e+03 1.8000e+01 2.5000e+01 3.4000e+01 3.0000e+01 3.3000e+01 2.1000e+01 2.2000e+01 1.7000e+01 1.9000e+01 2.4000e+01 1.3000e+01 2.9000e+01 3.1000e+01 3.3000e+01 2.4000e+01 1.8000e+01 1.9000e+01 2.5000e+01
2.9000e+01 2.3000e+01 2.3000e+01 1.4000e+01 2.6000e+01 1.6000e+01 2.8000e+01 2.3000e+01 2.7000e+01 2.7000e+01 1.9000e+01 1.8000e+01 2.7000e+01 2.0000e+01 2.2000e+01 2.8000e+01 2.7000e+01 2.4000e+01 2.7000e+01 4.1000e+01 3.3000e+01 6.3500e+02 5.5200e+02 2.3000e+01 1.9000e+01 4.7880e+03 2.4000e+01 1.9000e+01 2.5000e+01 3.9000e+01 2.4000e+01 2.8000e+01 2.3000e+01 3.3000e+01 2.7000e+01 3.1000e+01 2.8000e+01 2.3000e+01 2.5000e+01 2.7000e+01 2.2000e+01 2.7000e+01 2.3000e+01 2.6000e+01 2.2000e+01 2.8000e+01 2.9000e+01 2.3000e+01 1.9000e+01 1.6000e+01
1.7000e+01 2.3000e+01 2.0000e+01 2.3000e+01 2.6000e+01 2.7000e+01 2.4000e+01 2.2000e+01 2.9000e+01 2.3000e+01 2.0000e+01 3.1000e+01 2.5000e+01 3.3000e+01 2.3000e+01 2.8000e+01 1.9000e+01 1.9000e+01 1.9000e+01 1.8000e+01 3.2000e+01 2.7000e+01 3.0000e+01 2.6000e+01 2.7000e+01 1.8000e+01 3.3000e+01 3.7290e+03 3.2000e+01 2.0000e+01 2.3000e+01 2.0000e+01 1.5000e+01 2.6000e+01 2.6000e+01 1.8000e+01 2.5000e+01 2.8000e+01 1.9000e+01 2.2000e+01 3.0000e+01 2.7000e+01 1.8000e+01 1.4000e+01 2.5010e+03 2.9000e+01 3.3000e+01 2.6000e+01 3.0000e+01 2.1000e+01
1.9000e+01 2.9000e+01 2.4000e+01 3.0000e+01 3.7000e+01 2.7000e+01 2.0000e+01 2.3000e+01 3.5000e+01 2.6000e+01 2.6000e+01 1.8140e+03 2.8000e+01 2.7000e+01 2.7000e+01 2.6000e+01 3.0000e+01 2.3000e+01 2.3000e+01 2.2000e+01 1.9000e+01 2.6000e+01 2.6000e+01 4.7980e+03 2.5000e+01 1.8000e+01 2.4000e+01 2.2000e+01 2.1000e+01 1.3000e+01 2.3000e+01 2.1000e+01 3.1000e+01 1.8000e+01 1.8000e+01 1.5000e+01 3.2000e+01 1.5500e+02 2.2000e+01 2.4000e+01 2.2000e+01 2.2000e+01 2.6000e+01 1.6000e+01 2.4000e+01 2.3000e+01 2.7000e+01 3.2000e+01 2.2000e+01 2.3000e+01
2.5000e+01 2.2000e+01 3.1000e+01 2.4000e+01 2.6000e+01 1.9800e+02 3.7700e+02 1.8000e+01 2.3000e+01 2.9000e+01 2.4000e+01 1.6000e+01 2.8000e+01 2.6000e+01 2.3000e+01 2.9000e+01 2.9000e+01 1.8000e+01 2.5000e+01 2.4000e+01 2.3000e+01 1.7000e+01 2.6000e+01 3.5000e+01 2.7000e+01 1.9000e+01 2.5000e+01 2.5000e+01 3.5000e+01 2.9000e+01 2.6000e+01 2.2000e+01 2.8000e+01 2.6000e+01 2.1000e+01 2.4000e+01 2.2000e+01 1.9000e+01 2.6000e+01 2.5000e+01 2.5000e+01 4.7690e+03 2.3000e+01 1.6000e+01 3.2000e+01 2.0000e+01 2.7000e+01 3.1000e+01 3.2000e+01 2.2000e+01
2.1000e+01 2.2000e+01 3.1000e+01 2.5000e+01 2.3000e+01 3.3000e+01 1.7000e+01 3.4000e+01 3.1000e+01 2.0000e+01 2.1000e+01 2.5000e+01 2.4000e+01 2.0000e+01 2.0000e+01 2.5000e+01 1.7000e+01 2.1000e+01 1.5000e+01 2.7000e+01 1.9000e+01 1.7000e+01 2.8000e+01 1.7000e+01 2.8000e+01 2.9000e+01 2.5000e+01 3.6000e+01 2.6000e+01 2.5000e+01 2.5000e+01 2.1000e+01 1.6000e+01 2.1000e+01 1.9000e+01 2.2000e+01 3.5000e+01 1.9000e+01 1.7000e+01 3.2000e+01 2.5000e+01 1.1000e+01 2.0000e+01 1.8000e+01 2.2000e+01 2.0000e+01 2.5000e+01 2.3000e+01 2.4000e+01 2.4000e+01
1.9000e+01 3.0000e+01 2.2000e+01 4.2000e+01 2.1000e+01 3.0000e+01 3.1000e+01 2.8000e+01 3.1000e+01 3.6000e+01 2.8000e+01 2.1000e+01 2.9000e+01 2.2000e+01 3.0000e+01 2.4000e+01 4.7670e+03 1.9000e+01 2.2000e+01 2.1000e+01 2.1000e+01 3.3000e+01 2.7000e+01 1.5000e+01 2.6000e+01 1.9000e+01 1.7000e+01 2.1000e+01 2.6000e+01 2.0000e+01 2.7000e+01 2.4000e+01 2.5000e+01 2.3000e+01 2.9000e+01 2.7000e+01 1.9000e+01 3.0000e+01 2.1000e+01 2.3000e+01 1.8500e+02 1.9000e+01 3.0000e+01 2.1000e+01 2.1600e+03 2.0000e+01 3.0000e+01 2.4000e+01 3.0000e+01 2.7000e+01
2.7000e+01 2.2000e+01 3.2000e+01 3.0000e+01 2.8000e+01 2.1000e+01 2.7000e+01 2.8000e+01 9.0500e+02 3.3000e+01 5.9200e+02 3.1000e+01 2.2000e+01 2.8000e+01 2.1000e+01 1.9000e+01 2.5000e+01 2.4000e+01 2.7000e+01 1.7000e+01 3.0000e+01 2.2000e+01 3.3000e+01 2.7000e+01 2.5000e+01 2.3000e+01 1.6420e+03 3.0000e+01 3.0000e+01 2.0000e+01 3.0000e+01 2.3000e+01 2.3000e+01 2.1000e+01 5.1000e+01 2.4000e+01 2.8000e+01 1.8000e+01 3.4000e+01 1.6000e+01 2.7000e+01 2.4000e+01 2.2000e+01 1.9000e+01 1.9000e+01 2.4000e+01 4.7400e+03 2.0000e+01 2.6000e+01 1.7000e+01
2.7000e+01 2.5000e+01 2.5000e+01 2.0000e+01 1.9000e+01 2.8000e+01 4.0000e+01 2.9000e+01 2.5000e+01 2.9000e+01 2.5360e+03 2.5000e+01 2.0000e+01 2.9000e+01 2.1000e+01 3.2000e+01 2.1000e+01 2.1000e+01 2.3000e+01 2.0000e+01 4.3000e+01 2.8000e+01 2.2000e+01 2.5000e+01 2.7000e+01 2.8000e+01 3.0000e+01 2.2000e+01 1.9000e+01 2.6000e+01 2.4000e+01 1.8000e+01 2.9000e+01 2.5000e+01 1.9000e+01 2.4000e+01 1.8000e+01 3.1000e+01 2.0000e+01 2.1000e+01 3.9000e+01 1.7000e+01 2.1000e+01 2.1000e+01 1.6000e+01 2.5000e+01 2.2000e+01 3.5020e+03 1.1000e+01 2.4000e+01
2.4000e+01 2.8000e+01 2.9000e+01 1.9000e+01 2.7000e+01 2.8000e+01 2.2000e+01 1.9000e+01 2.4000e+01 2.4000e+01 2.3000e+01 1.9000e+01 3.5000e+01 1.8000e+01 1.5000e+02 4.3100e+03 1.6000e+01 2.4000e+01 2.3000e+01 3.0000e+01 3.6000e+01 1.5000e+01 3.0000e+01 2.0000e+01 2.4000e+01 2.4000e+01 2.6000e+01 1.7000e+01 2.8000e+01 3.8000e+01 3.0000e+01 1.7000e+01 2.8000e+01 3.0000e+01 3.1000e+01 2.2000e+01 2.3000e+01 2.4000e+01 1.8000e+01 2.4000e+01 2.0000e+01 3.5000e+01 1.7000e+01 1.9000e+01 1.8000e+01 2.3000e+01 2.8000e+01 7.6000e+01 3.1000e+01 2.1000e+01
1.7000e+01 2.8000e+01 2.8000e+01 2.3000e+01 2.2000e+01 3.9280e+03 3.2000e+01 2.8000e+01 2.0000e+01 2.4000e+01 2.6000e+01 3.0000e+01 1.8000e+01 2.8000e+01 2.1000e+01 1.0800e+02 2.5000e+01 2.7000e+01 2.8000e+01 3.5000e+01 1.6000e+01 2.6000e+01 2.9000e+01 3.7000e+01 2.4000e+01 2.0000e+01 2.8000e+01 3.0000e+01 3.1000e+01 2.1000e+01 2.1000e+01 2.9000e+01 2.7000e+01 2.3000e+01 4.4000e+01 3.2000e+01 2.4000e+01 2.2000e+01 9.2000e+02 2.5000e+01 2.1000e+01 1.8000e+01 2.8000e+01 2.7000e+01 2.5000e+01 3.2000e+01 2.5000e+01 1.6000e+01 2.3000e+01 2.9000e+01
2.6000e+01 2.2000e+01 5.3000e+01 2.4000e+01 2.2000e+01 2.7000e+01 2.6000e+01 2.3550e+03 4.8000e+01 2.5000e+01 1.9000e+01 2.0000e+01 3.5000e+01 2.1000e+01 2.7000e+01 2.9000e+01 1.9000e+01 2.5000e+01 3.0000e+01 2.0000e+01 2.7000e+01 2.9000e+01 2.0000e+01 2.8000e+01 2.8000e+01 2.6000e+01 3.0000e+01 1.4000e+01 2.7000e+01 2.3000e+01 1.8000e+01 2.5000e+01 2.9000e+01 1.7000e+01 2.4000e+01 3.2000e+01 3.2000e+01 3.3000e+01 2.3000e+01 2.9000e+01 4.6360e+03 2.1000e+01 3.1000e+01 2.5000e+01 2.7000e+01 1.9000e+01 2.5000e+01 3.3000e+01 2.9000e+01 2.7000e+01
2.6000e+01 1.9000e+01 2.3000e+01 2.8000e+01 2.1000e+01 1.4000e+01 2.4000e+01 2.6000e+01 2.7000e+01 1.7000e+01 2.1000e+01 3.0000e+01 2.4000e+01 3.0000e+01 2.8000e+01 2.9000e+01 1.5000e+01 2.4000e+01 2.8000e+01 3.0000e+01 3.2000e+01 2.9000e+01 2.6000e+01 2.6000e+01 2.4000e+01 2.3000e+01 3.0000e+01 2.2000e+01 1.6000e+01 2.2000e+01 2.2000e+01 3.4000e+01 2.2000e+01 3.0000e+01 2.2000e+01 1.2000e+01 2.2000e+01 1.6000e+01 3.3000e+01 2.6000e+01 2.6000e+01 2.2000e+01 3.0000e+01 6.3700e+02 3.2000e+01 2.5000e+01 2.4000e+01 2.7000e+01 2.8000e+01 3.1000e+01
2.7000e+01 2.1000e+01 2.4000e+01 2.4000e+01 1.9000e+01 2.2000e+01 2.3000e+01 2.3000e+01 1.9800e+03 2.3000e+01 1.4000e+01 2.1000e+01 2.5000e+01 1.3000e+01 2.3000e+01 1.6000e+01 2.8000e+01 3.0000e+01 4.8600e+03 3.3000e+01 2.4000e+01 2.1000e+01 2.1000e+01 2.2000e+01 2.7000e+01 3.0000e+01 2.6000e+01 3.2000e+01 2.5000e+01 2.3000e+01 2.7000e+01 1.9000e+01 2.8000e+01 2.3000e+01 2.5000e+01 2.7000e+01 4.2000e+01 2.7000e+01 3.8000e+01 1.4000e+01 3.0000e+01 2.5000e+01 2.1000e+01 2.2000e+01 2.3000e+01 1.9000e+01 1.8000e+01 2.8000e+01 1.8000e+01 3.1000e+01
2.6000e+01 2.5000e+01 3.3000e+01 2.1000e+01 1.5000e+01 2.8000e+01 2.5000e+01 1.7000e+01 2.2000e+01 2.4000e+01 2.8000e+01 2.6000e+01 2.0000e+01 1.9000e+01 4.7220e+03 2.3000e+01 2.0000e+01 2.0080e+03 3.0000e+01 1.8000e+01 1.9000e+01 2.6000e+01 2.6000e+01 1.9000e+01 2.5000e+01 2.0000e+01 2.7000e+01 1.6000e+01 2.7000e+01 2.8000e+01 2.7000e+01 2.6000e+01 1.9000e+01 2.7000e+01 2.4000e+01 2.5000e+01 2.0000e+01 2.4000e+01 1.8000e+01 2.5000e+01 2.0000e+01 2.9000e+01 2.6000e+01 3.2000e+01 3.0000e+01 2.7000e+01 2.3000e+01 2.0000e+01 2.8000e+01 2.1000e+01
2.3000e+01 3.0000e+01 3.2000e+01 2.8000e+01 2.7000e+01 6.9800e+02 2.8000e+01 1.8000e+01 2.6000e+01 2.6000e+01 2.6000e+01 2.8000e+01 2.2000e+01 1.5000e+01 2.5000e+01 2.1000e+01 2.7000e+01 1.6000e+01 2.7000e+01 2.6000e+01 2.9000e+01 1.9000e+01 1.9000e+01 2.5000e+01 2.4000e+01 2.3000e+01 2.9000e+01 2.3000e+01 2.2000e+01 1.8000e+01 1.7000e+01 3.5000e+01 2.7000e+01 2.4000e+01 2.2000e+01 2.7000e+01 1.9000e+01 2.6000e+01 2.7000e+01 3.2000e+01 3.1000e+01 2.8000e+01 4.0820e+03 1.9000e+01 1.8000e+01 2.7000e+01 2.3000e+01 3.0000e+01 3.4000e+01 2.4000e+01
2.5000e+01 2.4060e+03 1.9000e+01 2.0000e+01 2.3000e+01 1.8000e+01 2.3000e+01 3.4000e+01 2.9000e+01 2.5000e+01 3.0000e+01 2.0000e+01 3.3410e+03 2.0000e+01 2.3000e+01 2.3000e+01 2.4000e+01 1.5220e+03 2.3000e+01 2.9000e+01 2.6000e+01 1.9000e+01 2.1000e+01 2.5000e+01 5.0000e+01 2.2000e+01 3.0000e+01 3.2000e+01 2.0000e+01 2.7000e+01 2.3000e+01 1.7000e+01 2.1000e+01 2.9000e+01 2.3000e+01 2.5000e+01 1.5000e+01 2.6000e+01 3.2000e+01 2.2000e+01 1.3000e+01 3.0000e+01 3.0000e+01 2.7000e+01 1.9000e+01 1.7000e+01 1.9000e+01 2.1000e+01 3.7000e+01 2.7000e+01
2.6000e+01 1.7000e+01 4.8160e+03 2.1000e+01 2.7000e+01 2.2000e+01 2.2000e+01 3.0000e+01 2.7000e+01 2.8000e+01 1.2000e+01 2.1000e+01 3.0000e+01 2.6000e+01 2.3000e+01 2.3000e+01 3.2000e+01 1.9000e+01 2.8000e+01 2.3000e+01 1.7000e+01 2.1000e+01 2.6000e+01 1.4000e+01 1.7000e+01 1.7000e+01 1.6000e+01 2.3000e+01 2.7000e+01 2.5000e+01 3.1000e+01 3.0000e+01 2.4000e+01 1.5000e+01 3.0000e+01 2.3000e+01 2.1220e+03 2.4000e+01 2.6000e+01 1.5000e+01 2.0000e+01 1.9000e+01 2.8000e+01 2.1000e+01 2.5000e+01 1.8000e+01 2.1000e+01 2.6000e+01 2.7000e+01 3.0000e+01
4.3000e+01 2.3000e+01 2.5000e+01 2.4000e+01 2.2000e+01 1.9000e+01 2.6000e+01 2.0000e+01 2.7000e+01 1.9000e+01 2.4000e+01 3.0000e+01 2.2000e+01 2.2000e+01 2.7000e+01 2.6000e+01 2.8000e+01 2.6000e+01 2.4000e+01 2.3000e+01 4.8480e+03 2.6000e+01 2.5000e+01 2.1000e+01 2.6000e+01 2.5000e+01 1.9000e+01 2.9000e+01 2.7000e+01 2.6000e+01 2.9000e+01 2.3000e+01 2.2000e+01 2.1000e+01 2.3000e+01 1.3000e+01 3.0000e+01 1.3000e+01 2.8000e+01 2.1000e+01 3.3000e+01 1.9000e+01 3.5000e+01 1.5000e+01 2.0000e+01 2.5000e+01 3.1000e+01 1.2810e+03 2.1000e+01 2.8000e+01
3.2000e+01 2.9000e+01 3.0000e+01 2.6000e+01 3.1000e+01 2.8000e+01 2.2000e+01 2.7000e+01 1.8910e+03 2.4000e+01 2.5000e+01 1.8000e+01 2.3000e+01 1.8000e+01 2.1000e+01 2.5000e+01 3.0000e+01 1.9000e+01 3.5000e+01 4.8150e+03 1.8000e+01 3.4000e+01 2.9000e+01 2.9000e+01 2.7000e+01 2.3000e+01 2.7000e+01 3.1000e+01 3.4000e+01 2.3000e+01 2.1000e+01 2.3000e+01 2.4000e+01 2.5000e+01 2.4000e+01 2.4000e+01 2.7000e+01 2.7000e+01 2.7000e+01 2.0000e+01 1.1000e+02 2.6000e+01 1.8000e+01 2.5000e+01 2.7000e+01 2.2000e+01 1.8000e+01 2.0000e+01 2.2000e+01 2.1000e+01
2.8000e+01 2.7000e+01 2.0000e+01 2.7000e+01 2.1000e+01 2.4000e+01 2.5000e+01 2.2000e+01 2.1000e+01 1.9000e+01 2.4000e+01 3.3000e+01 2.3000e+01 3.0000e+01 1.6000e+01 2.0000e+01 3.1000e+01 2.4000e+01 2.6000e+01 2.9000e+01 2.7000e+01 2.7000e+01 1.8000e+01 1.8000e+01 3.0000e+01 3.1000e+01 2.6000e+01 2.5000e+01 1.4000e+01 3.1000e+01 2.4000e+01 2.1000e+01 2.2000e+01 2.3000e+01 2.2000e+01 2.1000e+01 2.7000e+01 2.4000e+01 1.8000e+01 2.2000e+01 2.4000e+01 2.6000e+01 2.2000e+01 2.3000e+01 2.4000e+01 2.1000e+01 2.8000e+01 3.2000e+01 1.7000e+01 3.0000e+01
1.9000e+01 2.6000e+01 1.8000e+01 3.0000e+01 3.0000e+01 1.6000e+01 2.2000e+01 3.2000e+01 3.3000e+01 2.1000e+01 2.5000e+01 3.2000e+01 2.7000e+01 2.2000e+01 2.2000e+01 2.1000e+01 2.7000e+01 3.0000e+01 2.6000e+01 2.1000e+01 1.8000e+01 3.0000e+01 2.4000e+01 2.2000e+01 2.8000e+01 2.6000e+01 2.3000e+01 3.3000e+01 2.3000e+01 2.9000e+01 2.8000e+01 3.1000e+01 3.1000e+01 3.4000e+01 2.1000e+01 3.6000e+01 2.0000e+01 2.7000e+01 2.8000e+01 9.7800e+02 2.7000e+01 1.8000e+01 2.2000e+01 2.4000e+01 1.6000e+01 2.0000e+01 2.5000e+01 2.2000e+01 2.0000e+01 2.6000e+01
1.6000e+01 2.3000e+01 3.0000e+01 2.0000e+01 3.0000e+01 2.9000e+01 2.6000e+01 2.7000e+01 2.8000e+01 2.4000e+01 1.6760e+03 2.2000e+01 2.3000e+01 2.7000e+01 2.0000e+01 2.1000e+01 1.6000e+01 3.3000e+01 2.7000e+01 2.6000e+01 2.9000e+01 3.2000e+01 2.8000e+01 2.1000e+01 2.2000e+01 2.7000e+01 3.2000e+01 2.3000e+01 2.7000e+01 2.7000e+01 3.5000e+01 2.5000e+01 2.2000e+01 2.7000e+01 1.3000e+01 4.7550e+03 1.7000e+01 2.0000e+01 2.1000e+01 2.7000e+01 3.1000e+01 2.0000e+01 6.9700e+02 2.7000e+01 2.6000e+01 2.0000e+01 2.2000e+01 2.0000e+01 1.9000e+01 2.7000e+01
1.6000e+01 2.8000e+01 2.5000e+01 3.2000e+01 1.7000e+01 2.6000e+01 3.0000e+01 2.8000e+01 2.6000e+01 2.8000e+01 2.0000e+01 2.7000e+01 2.5000e+01 2.3000e+01 1.9000e+01 2.3000e+01 2.4000e+01 3.6000e+01 1.7000e+01 3.4000e+01 2.3000e+01 2.3000e+01 2.4000e+01 3.1000e+01 2.4000e+01 2.5000e+01 1.5880e+03 2.2000e+01 2.4000e+01 4.0000e+02 2.5000e+01 2.0000e+01 4.7770e+03 3.5000e+01 2.5000e+01 1.6000e+01 2.0000e+01 2.3000e+01 1.9000e+01 2.2000e+01 2.7000e+01 3.2000e+01 2.3000e+01 1.8000e+01 2.5000e+01 2.6000e+01 2.8000e+01 3.4000e+01 2.6000e+01 3.1000e+01
2.2000e+01 2.8000e+01 3.1000e+01 3.2000e+01 2.4000e+01 3.6000e+01 2.8000e+01 2.1000e+01 2.6000e+01 2.6000e+01 2.3000e+01 2.4000e+01 2.1000e+01 2.3000e+01 2.1000e+01 3.0000e+01 2.5000e+01 2.0000e+01 2.0000e+01 2.0000e+01 2.4000e+01 2.3000e+01 2.9000e+01 2.3000e+01 2.3000e+01 2.3000e+01 2.5000e+01 2.1000e+01 2.4000e+01 2.1000e+01 2.2000e+01 2.5000e+01 2.2000e+01 2.2000e+01 1.7000e+01 1.8000e+01 2.1000e+01 2.8000e+01 1.6000e+01 2.7000e+01 2.0000e+01 2.7000e+01 2.2000e+01 2.6000e+01 2.6000e+01 2.5000e+01 2.9000e+01 2.2000e+01 3.6000e+01 1.6000e+01
2.4000e+01 2.4000e+01 2.2000e+01 4.8030e+03 1.8000e+01 3.1000e+01 2.1000e+01 2.0000e+01 3.0000e+01 2.3000e+01 2.4000e+01 2.7000e+01 2.3000e+01 2.7000e+01 2.7000e+01 2.0000e+01 3.1000e+01 2.2000e+01 3.3000e+01 2.0000e+01 1.3000e+01 1.9000e+01 2.1000e+01 2.6000e+01 1.8000e+01 2.5000e+01 2.0000e+01 2.4000e+01 3.4000e+01 2.8000e+01 2.7000e+01 2.4000e+01 3.4000e+01 2.5000e+01 2.5000e+01 2.4000e+01 2.0000e+01 2.9000e+01 3.6000e+01 2.2000e+01 2.5000e+01 3.2000e+01 2.0000e+01 1.9000e+01 1.9000e+01 1.7000e+01 2.1000e+01 2.1000e+01 2.5000e+01 1.7000e+01
3.1000e+01 3.3000e+01 2.2000e+01 2.6000e+01 1.9000e+01 1.8000e+01 2.4000e+01 2.4000e+01 2.3000e+01 2.4000e+01 2.9000e+01 2.1000e+01 2.6000e+01 1.4000e+01 2.4000e+01 2.1000e+01 2.0000e+01 3.0000e+01 3.2000e+01 2.2000e+01 2.8000e+01 2.2000e+01 2.6000e+01 2.6000e+01 2.5000e+01 2.3000e+01 2.9000e+01 3.1000e+01 1.4000e+01 1.8000e+01 2.1000e+01 2.6000e+01 1.9000e+01 2.2000e+01 2.7000e+01 2.2000e+01 2.5000e+01 2.0000e+01 2.3000e+01 2.1000e+01 1.6000e+01 2.6000e+01 3.0000e+01 2.0000e+01 2.3000e+01 2.2000e+01 3.8000e+01 1.7000e+01 2.6000e+01 1.5000e+01
3.1000e+01 2.5000e+01 3.0000e+01 1.9000e+01 2.4000e+01 2.3000e+01 2.8000e+01 2.5000e+01 1.9000e+01 4.8840e+03 2.3000e+01 2.7000e+01 2.9000e+01 2.9000e+01 2.4000e+01 2.2000e+01 2.8000e+01 2.9000e+01 1.7000e+01 2.2000e+01 2.3000e+01 2.6000e+01 2.5000e+01 2.4000e+01 2.4000e+01 1.9000e+01 1.7000e+01 1.0850e+03 2.2000e+01 2.9000e+01 1.8000e+01 1.9000e+01 4.3000e+01 1.6000e+01 2.9000e+01 2.4000e+01 2.6000e+01 2.7000e+01 2.8000e+01 3.1000e+01 1.9000e+01 1.9000e+01 3.6000e+01 2.4000e+01 2.1000e+01 2.3000e+01 3.1000e+01 2.0000e+01 2.8000e+01 2.6000e+01
