9.0000e+00 0.0000e+00 6.0000e+00 6.0000e+00 8.0000e+00 9.0000e+00 5.7000e+01 4.0000e+00 4.0000e+00 2.0000e+00 1.7000e+01 9.0000e+00 1.0000e+00 7.0000e+00 8.0000e+00 1.7000e+01 1.0000e+01 0.0000e+00 4.0000e+00 3.0000e+00 7.0000e+00 5.0000e+00 0.0000e+00 1.0000e+01 5.0000e+00 5.0000e+00 1.1000e+01 3.0000e+00 1.2000e+01 8.0000e+00 7.0000e+00 1.1000e+01 1.0000e+00 2.0000e+00 8.0000e+00 8.0000e+00 4.0000e+00 1.3000e+01 3.5000e+03 2.2000e+01 2.0000e+00 2.0000e+00 1.2000e+01 2.0000e+00 1.0000e+01 7.0000e+00 1.4000e+01 7.0000e+00 1.0000e+00 2.0000e+00
1.0000e+01 3.0000e+00 1.0000e+00 1.4000e+01 1.1000e+01 1.8000e+01 6.0000e+00 6.0000e+00 7.0000e+00 1.4000e+01 3.0000e+00 1.8110e+03 1.0000e+00 2.0000e+00 8.0000e+00 9.0000e+00 1.3000e+01 5.0000e+00 7.0000e+00 6.0000e+00 3.2000e+01 1.4000e+01 6.0000e+00 2.0000e+00 1.3000e+01 1.2000e+01 7.0000e+00 9.0000e+00 8.0000e+00 1.9000e+01 4.0000e+00 2.6090e+03 1.1000e+01 0.0000e+00 2.9000e+01 4.0000e+00 6.0000e+00 1.2000e+01 2.3000e+01 2.0000e+00 1.0000e+00 2.0000e+00 3.4000e+01 1.4000e+01 1.5000e+01 6.0000e+00 1.0000e+00 2.0000e+00 4.0000e+00 8.0000e+00
9.0000e+00 3.0000e+00 4.0000e+00 2.0000e+00 7.0000e+00 9.0000e+00 1.3000e+01 5.0000e+00 0.0000e+00 4.0000e+00 1.2000e+01 1.0000e+00 1.0000e+00 1.0000e+00 0.0000e+00 9.0000e+00 1.0000e+00 2.0000e+00 3.0000e+00 1.0000e+00 2.0000e+00 1.2290e+03 3.0000e+00 9.0000e+00 2.0000e+00 6.0000e+00 4.0000e+00 2.0000e+00 4.0000e+00 1.5000e+01 7.0000e+00 3.0000e+00 2.0000e+00 3.0000e+00 3.0000e+00 8.0000e+00 1.0000e+00 9.0000e+00 1.7000e+01 5.0000e+00 1.0000e+00 0.0000e+00 1.4000e+01 1.6740e+03 6.0000e+00 1.0000e+00 6.0000e+00 1.0000e+00 1.0000e+00 4.0000e+00
6.0000e+00 1.0000e+00 3.0000e+00 1.0000e+00 3.0000e+00 0.0000e+00 7.0000e+00 1.0000e+00 4.0000e+00 0.0000e+00 5.0000e+00 8.0000e+00 3.0000e+00 2.0000e+00 2.0000e+00 8.0000e+00 1.0000e+00 2.0000e+00 2.0000e+00 0.0000e+00 1.0000e+00 1.0000e+01 4.0000e+00 2.0000e+00 0.0000e+00 0.0000e+00 4.0000e+00 0.0000e+00 0.0000e+00 2.7170e+03 1.0000e+00 2.0000e+00 0.0000e+00 0.0000e+00 9.0000e+00 3.0000e+00 2.0000e+00 0.0000e+00 1.1000e+01 1.3000e+01 0.0000e+00 0.0000e+00 1.1000e+01 0.0000e+00 0.0000e+00 1.0000e+00 2.0000e+00 4.0000e+00 2.0000e+00 0.0000e+00
8.0000e+00 1.0000e+00 5.0000e+00 4.0000e+00 4.0000e+00 1.2000e+01 2.2000e+01 6.0000e+00 2.0000e+00 6.0000e+00 2.0000e+00 5.0000e+00 1.0000e+00 7.0000e+00 8.0000e+00 2.0000e+00 1.0000e+00 6.0000e+00 3.0000e+00 0.0000e+00 2.0000e+00 2.0000e+00 8.0000e+00 8.0000e+00 3.0000e+00 4.0000e+00 7.0000e+00 4.0000e+00 3.7760e+03 1.4000e+01 2.0000e+00 0.0000e+00 5.0000e+00 1.0000e+00 1.7000e+01 5.0000e+00 2.0000e+00 1.0000e+01 2.2000e+01 3.0000e+00 0.0000e+00 9.0000e+00 1.6000e+01 5.0000e+00 7.0000e+00 4.0000e+00 6.0000e+00 2.0000e+00 5.0000e+00 4.0000e+00
8.0000e+00 3.0000e+00 3.0000e+00 6.0000e+00 7.0000e+00 6.0000e+00 5.0000e+00 2.0000e+00 5.0000e+00 2.0000e+00 1.3000e+01 0.0000e+00 5.0000e+00 0.0000e+00 5.0000e+00 1.4000e+01 0.0000e+00 0.0000e+00 2.0000e+00 0.0000e+00 2.0000e+00 3.0000e+00 3.0000e+00 7.0000e+00 1.0000e+00 1.0000e+00 0.0000e+00 6.0000e+00 1.0000e+00 7.0000e+00 4.0000e+00 5.0000e+00 5.0000e+00 0.0000e+00 7.0000e+00 5.0000e+00 0.0000e+00 3.0000e+00 1.7000e+01 3.1970e+03 1.0000e+00 0.0000e+00 7.0000e+00 8.0000e+00 1.1000e+01 5.0000e+00 1.1000e+01 5.0000e+00 2.0000e+00 0.0000e+00
2.4720e+03 0.0000e+00 4.0000e+00 1.0000e+00 0.0000e+00 1.3000e+01 1.0000e+00 0.0000e+00 0.0000e+00 0.0000e+00 1.0000e+01 0.0000e+00 0.0000e+00 7.0000e+00 0.0000e+00 2.0000e+00 0.0000e+00 0.0000e+00 0.0000e+00 2.0000e+00 1.0000e+00 0.0000e+00 5.0000e+00 1.0000e+00 1.0000e+00 0.0000e+00 0.0000e+00 0.0000e+00 3.0000e+00 1.1000e+01 1.0000e+00 0.0000e+00 0.0000e+00 1.0000e+00 0.0000e+00 3.0000e+00 0.0000e+00 2.0000e+00 0.0000e+00 1.0000e+01 0.0000e+00 0.0000e+00 3.0000e+00 0.0000e+00 0.0000e+00 6.2000e+02 3.0000e+00 6.0000e+00 2.0000e+00 2.0000e+00
3.0000e+00 2.0000e+00 2.0000e+00 4.0000e+00 4.0000e+00 5.0000e+00 4.0000e+00 1.0000e+00 1.0000e+00 5.0000e+00 6.0000e+00 5.0000e+00 1.0000e+00 0.0000e+00 0.0000e+00 6.0000e+00 4.0000e+00 2.1100e+02 3.0000e+00 0.0000e+00 3.0000e+00 3.0000e+00 4.0000e+00 5.0000e+00 1.0000e+00 0.0000e+00 1.0000e+00 2.0000e+00 1.0000e+00 4.0000e+00 5.0000e+00 5.0000e+00 2.0000e+00 1.0000e+00 1.0000e+00 0.0000e+00 2.0000e+00 7.0000e+00 1.1000e+01 0.0000e+00 1.0000e+00 0.0000e+00 3.0000e+00 0.0000e+00 0.0000e+00 1.0000e+00 2.0000e+00 0.0000e+00 1.0000e+00 1.0000e+00
1.0000e+00 1.0000e+01 1.0000e+00 1.0000e+00 6.0000e+00 2.0000e+00 2.6440e+03 2.0000e+00 6.0000e+00 1.0000e+00 1.0000e+00 4.0000e+00 0.0000e+00 3.0000e+00 7.0000e+00 1.0000e+01 5.0000e+00 1.0000e+00 5.0000e+00 1.0000e+00 2.0000e+00 7.0000e+00 0.0000e+00 5.0000e+00 4.5000e+01 4.0000e+00 0.0000e+00 4.0000e+00 2.0000e+00 4.0000e+00 0.0000e+00 1.0000e+00 3.0000e+00 4.0000e+00 6.0000e+00 4.0000e+00 1.0000e+00 5.0000e+00 2.0000e+00 1.0000e+00 0.0000e+00 5.0000e+00 1.0000e+00 3.0000e+00 6.7000e+01 1.0000e+00 4.0000e+00 4.0000e+00 1.0000e+00 3.0000e+00
2.0000e+00 3.0000e+00 2.0000e+00 1.2000e+01 2.5050e+03 1.3000e+01 5.0000e+00 7.0000e+00 1.0000e+00 4.0000e+00 5.0000e+00 1.0000e+00 5.0000e+00 4.0000e+00 4.0000e+00 6.0000e+00 1.0000e+00 3.0000e+00 4.0000e+00 1.3000e+01 4.0000e+00 7.0000e+00 8.0000e+00 6.0000e+00 3.0000e+00 7.0000e+00 7.0000e+00 3.0000e+00 1.0000e+01 3.0000e+00 5.0000e+00 4.0000e+00 1.0000e+01 3.0000e+00 7.0000e+00 5.0000e+00 4.0000e+00 6.0000e+00 1.3000e+01 4.0000e+00 3.0000e+00 3.0000e+00 4.0000e+00 2.0000e+00 3.0000e+00 6.0000e+00 9.0000e+00 6.0000e+00 1.0000e+00 5.0000e+00
1.9000e+01 3.0000e+00 5.0000e+00 1.9000e+01 5.0000e+00 8.0000e+00 1.8000e+01 1.0000e+00 3.0000e+00 9.0000e+00 6.0000e+00 5.0000e+00 0.0000e+00 4.0000e+00 1.8000e+01 1.6000e+01 1.3000e+01 1.6000e+01 1.2000e+01 2.0000e+00 1.9000e+01 1.9000e+01 1.4000e+01 4.4000e+01 1.9310e+03 8.0000e+00 1.3000e+01 3.0000e+00 4.0000e+00 8.0000e+00 3.4250e+03 1.3000e+01 9.0000e+00 1.6000e+01 1.3000e+01 1.6000e+01 6.0000e+00 1.1000e+01 2.1000e+01 2.0000e+01 0.0000e+00 2.2000e+01 1.3000e+01 1.4000e+01 1.4000e+01 1.2000e+01 6.0000e+00 1.5000e+01 8.0000e+00 2.0000e+00
1.0000e+01 0.0000e+00 4.0000e+00 1.0000e+00 2.0000e+00 1.0000e+01 8.0000e+00 0.0000e+00 0.0000e+00 0.0000e+00 1.4000e+01 7.0000e+00 4.0000e+00 0.0000e+00 1.0000e+00 1.7000e+01 2.0000e+00 2.0000e+00 4.0000e+00 1.0000e+00 1.0000e+01 5.0000e+00 6.0000e+00 6.0000e+00 2.0000e+00 1.0000e+01 6.4000e+02 5.0000e+00 1.0000e+01 5.0000e+00 6.0000e+00 2.0000e+00 0.0000e+00 3.0000e+00 8.0000e+00 3.0000e+00 0.0000e+00 2.3330e+03 2.2000e+01 1.0000e+00 0.0000e+00 1.0000e+01 2.0000e+00 1.0000e+00 0.0000e+00 1.1000e+01 3.0000e+00 5.0000e+00 4.0000e+00 6.0000e+00
2.5000e+01 2.0000e+01 1.7000e+01 9.0000e+00 1.2000e+01 2.0000e+01 1.2000e+01 1.3000e+01 9.0000e+00 2.5000e+01 1.3000e+01 1.5000e+01 1.3000e+01 3.6300e+03 6.0000e+00 1.3000e+01 1.5000e+01 7.0000e+00 2.0000e+01 3.1000e+01 1.6000e+01 1.1000e+01 1.6000e+01 1.4000e+01 7.5300e+02 5.6000e+01 9.0000e+00 1.6000e+01 1.7000e+01 1.8000e+01 1.1000e+01 3.1000e+01 1.4000e+01 1.7000e+01 2.3000e+01 1.5000e+01 1.1040e+03 1.4000e+01 2.1000e+01 1.8000e+01 1.5000e+01 1.8000e+01 8.0000e+00 2.0000e+01 1.4000e+01 1.9000e+01 2.4000e+01 7.0000e+00 1.2000e+01 1.9000e+01
2.0000e+00 3.0000e+00 2.0000e+00 1.0000e+01 9.0000e+00 1.2000e+01 4.0000e+00 5.0000e+00 1.0000e+00 7.0000e+00 3.0000e+00 9.0000e+00 5.0000e+00 3.0000e+00 1.0000e+01 8.0000e+00 3.0000e+00 5.0000e+00 1.0000e+00 2.0000e+00 1.0000e+00 9.8800e+02 1.0000e+00 2.8000e+01 7.0000e+00 1.0000e+01 7.0000e+00 1.0000e+01 6.0000e+00 1.1000e+01 7.0000e+00 7.0000e+00 7.0000e+00 5.0000e+00 9.0000e+00 1.0000e+01 4.0000e+00 1.5800e+02 1.9000e+01 2.0000e+01 3.0000e+00 1.0000e+00 1.0000e+01 9.0000e+00 1.2000e+01 2.3670e+03 3.0000e+00 4.0000e+00 6.0000e+00 2.0000e+00
5.0000e+00 2.0000e+00 1.4000e+01 1.4000e+01 8.0000e+00 1.0000e+01 1.3000e+01 4.0000e+00 9.0000e+00 4.0000e+00 1.3000e+01 5.0000e+00 6.1600e+02 1.2000e+01 6.0000e+00 6.0000e+00 4.0000e+00 4.0000e+00 1.0000e+01 1.0000e+01 5.0000e+00 1.2000e+01 4.0000e+00 8.0000e+00 5.0000e+00 5.0000e+00 4.0000e+00 5.0000e+00 4.0000e+00 4.0000e+00 7.0000e+00 7.0000e+00 5.0000e+00 0.0000e+00 8.0000e+00 7.0000e+00 6.0000e+00 1.6000e+01 1.2000e+01 8.0000e+00 5.0000e+00 3.0000e+00 1.7000e+01 1.0000e+01 1.8000e+01 6.0000e+00 1.4000e+01 3.0000e+00 2.8760e+03 4.0000e+00
0.0000e+00 1.0000e+00 3.0000e+00 2.0000e+00 3.0000e+00 3.0000e+00 1.3000e+01 6.0000e+00 0.0000e+00 2.0000e+00 6.0000e+00 1.0000e+00 2.0000e+00 0.0000e+00 1.1000e+01 9.0000e+00 2.0000e+00 2.0000e+00 4.0000e+00 7.0000e+00 1.1000e+01 6.0000e+00 0.0000e+00 3.0000e+00 3.0000e+00 2.0000e+00 8.0000e+00 2.0000e+00 1.0000e+00 4.0000e+00 1.0000e+00 5.0000e+00 4.0000e+00 3.8000e+01 4.1080e+03 3.0000e+00 1.0000e+00 1.8000e+01 2.4000e+01 2.0000e+00 0.0000e+00 1.0000e+00 1.3000e+01 1.0000e+00 1.6000e+01 0.0000e+00 2.0000e+00 2.9000e+01 0.0000e+00 2.0000e+00
1.0000e+00 2.0000e+00 3.0000e+00 0.0000e+00 2.0000e+00 2.0000e+00 3.0000e+00 3.0000e+00 0.0000e+00 1.0000e+00 9.0000e+00 1.0000e+00 5.0000e+00 3.0000e+00 1.0000e+01 0.0000e+00 2.0000e+00 0.0000e+00 5.0000e+00 2.0000e+00 4.0000e+00 0.0000e+00 1.0000e+00 1.0000e+00 6.0000e+00 0.0000e+00 0.0000e+00 1.0000e+01 3.0000e+00 1.0000e+00 1.0000e+00 3.0000e+00 4.0000e+00 5.0000e+00 2.0000e+00 4.0000e+00 0.0000e+00 0.0000e+00 3.0000e+00 0.0000e+00 0.0000e+00 0.0000e+00 0.0000e+00 1.0000e+00 0.0000e+00 3.0000e+00 1.0000e+00 2.0000e+00 5.0000e+00 2.0000e+00
7.0000e+00 2.1130e+03 2.0000e+00 1.4000e+01 1.9000e+01 1.3000e+01 1.1000e+01 1.9120e+03 1.0000e+01 1.0000e+00 7.0000e+00 1.8000e+01 6.0000e+00 1.8000e+01 8.0000e+00 8.0000e+00 1.5000e+01 3.0000e+00 8.0000e+00 0.0000e+00 4.0000e+00 1.0000e+00 1.0000e+00 4.0000e+00 1.1000e+01 8.0000e+00 4.0000e+00 1.2000e+01 3.0000e+00 9.0000e+00 0.0000e+00 1.2000e+01 2.0000e+00 7.0000e+00 4.0000e+00 1.5000e+01 1.0060e+03 0.0000e+00 1.0000e+01 1.0000e+00 2.0000e+00 3.0000e+00 1.9000e+01 0.0000e+00 1.9000e+01 1.6000e+01 1.0000e+00 2.5000e+01 1.7000e+01 1.1000e+01
8.0000e+00 1.0000e+00 0.0000e+00 2.0000e+00 4.0000e+00 1.0000e+00 4.0000e+00 0.0000e+00 1.0000e+00 0.0000e+00 6.0000e+00 0.0000e+00 0.0000e+00 2.0000e+00 4.0000e+00 8.0000e+00 0.0000e+00 0.0000e+00 0.0000e+00 1.0000e+00 1.0000e+00 2.0000e+00 0.0000e+00 4.0000e+00 1.0000e+00 0.0000e+00 3.0000e+00 1.0000e+00 2.0000e+00 9.0000e+00 2.0000e+00 0.0000e+00 3.0000e+00 1.0000e+00 1.0000e+00 0.0000e+00 0.0000e+00 0.0000e+00 9.0000e+00 5.0000e+00 4.0000e+00 4.0000e+00 1.0000e+01 0.0000e+00 4.0000e+00 3.0000e+00 9.0000e+00 3.0000e+00 0.0000e+00 0.0000e+00
6.0000e+00 2.0000e+00 1.0000e+00 4.0000e+00 3.0000e+00 2.0000e+00 5.0000e+00 3.0000e+00 2.0000e+00 1.0000e+00 5.0000e+00 2.0000e+00 1.0000e+00 0.0000e+00 1.1000e+01 4.0000e+00 2.0000e+00 1.0000e+00 1.0000e+00 0.0000e+00 1.0000e+00 1.0000e+00 1.0000e+00 4.0000e+00 1.0000e+00 3.0000e+00 1.0000e+00 1.0000e+00 3.0000e+00 4.0000e+00 1.0000e+00 5.0000e+00 0.0000e+00 1.0000e+00 1.0000e+00 2.0000e+00 2.0000e+00 4.0000e+00 2.0000e+00 3.0000e+00 1.0000e+00 2.0000e+00 6.0000e+00 7.0000e+00 2.0000e+00 1.0000e+00 4.0000e+00 1.0000e+00 2.0000e+00 0.0000e+00
1.4000e+01 3.0000e+00 2.0000e+00 2.0000e+00 2.0000e+00 2.2000e+01 1.4000e+01 1.0000e+00 2.0000e+00 1.0000e+00 1.4000e+01 1.0000e+00 0.0000e+00 6.0000e+00 0.0000e+00 3.0100e+02 6.0000e+00 1.0000e+00 5.0000e+00 2.0000e+00 1.0000e+01 2.0000e+00 4.0000e+00 1.0000e+00 8.0000e+00 3.0000e+00 1.0000e+00 4.0000e+00 1.0000e+00 4.0000e+00 6.0000e+00 4.0000e+00 1.0000e+00 1.0000e+00 4.0000e+00 6.0000e+00 4.0000e+00 8.0000e+00 2.0000e+00 0.0000e+00 1.1000e+01 2.0000e+00 9.0000e+00 1.0000e+01 4.0000e+00 1.2000e+01 8.0000e+00 0.0000e+00 2.0000e+00 3.6180e+03
8.0000e+00 1.0000e+00 6.0000e+00 1.0000e+01 1.4000e+01 2.0000e+00 1.1000e+01 6.0000e+00 2.0000e+00 6.0000e+00 5.0000e+00 5.0000e+00 0.0000e+00 4.0000e+00 1.2000e+01 1.1000e+01 3.0000e+00 9.0000e+00 0.0000e+00 4.0000e+00 3.0000e+00 7.0000e+00 5.0000e+00 4.0000e+00 0.0000e+00 2.0000e+00 1.0000e+01 3.0000e+00 4.0000e+00 6.0000e+00 2.0000e+00 2.0000e+00 7.0000e+00 4.8060e+03 2.0000e+01 8.0000e+00 2.0000e+00 1.3000e+01 2.0000e+01 8.0000e+00 8.0000e+00 5.0000e+00 1.1000e+01 2.0000e+00 1.0000e+01 5.0000e+00 1.0000e+00 5.0000e+00 3.0000e+00 3.0000e+00
1.4000e+01 1.0000e+00 5.0000e+00 1.3000e+01 9.0000e+00 7.0000e+00 5.0000e+00 3.0000e+00 8.0000e+00 8.0000e+00 3.0000e+00 4.0000e+00 2.0000e+00 5.0000e+00 9.0000e+00 1.0000e+01 7.0000e+00 2.0000e+00 1.0000e+00 1.0000e+01 7.0000e+00 9.0000e+00 2.1330e+03 7.0000e+00 3.0000e+00 1.3000e+01 2.0000e+00 1.7000e+01 1.0000e+01 2.2000e+01 8.0000e+00 1.4390e+03 9.0000e+00 5.0000e+00 2.6000e+01 1.4000e+01 4.0000e+00 1.4000e+01 5.0000e+00 7.0000e+00 2.0000e+00 5.0000e+00 8.0000e+00 7.0000e+00 1.7000e+01 3.0000e+00 7.0000e+00 5.0000e+00 6.0000e+00 2.0000e+00
1.0000e+00 1.0000e+00 0.0000e+00 0.0000e+00 1.0000e+00 9.0000e+00 1.2000e+01 4.0000e+00 1.0000e+00 1.0000e+00 9.0000e+00 0.0000e+00 0.0000e+00 6.0000e+00 1.9000e+01 0.0000e+00 1.1000e+01 2.0000e+00 5.0000e+00 2.0000e+01 1.7000e+01 4.0500e+02 3.5800e+02 1.0000e+00 1.0000e+00 3.3660e+03 9.0000e+00 8.0000e+00 2.0000e+00 1.1000e+01 3.0000e+00 0.0000e+00 7.0000e+00 0.0000e+00 1.5000e+01 2.3000e+01 7.0000e+00 0.0000e+00 1.8000e+01 7.0000e+00 0.0000e+00 0.0000e+00 3.0000e+00 0.0000e+00 6.0000e+00 2.0000e+00 1.3000e+01 8.0000e+00 7.0000e+00 3.0000e+00
2.0000e+00 1.0000e+00 1.0000e+00 1.0000e+00 1.2000e+01 8.0000e+00 8.0000e+00 0.0000e+00 4.0000e+00 8.0000e+00 6.0000e+00 1.6000e+01 2.0000e+00 7.0000e+00 9.0000e+00 9.0000e+00 2.0000e+00 3.0000e+00 0.0000e+00 1.0000e+00 4.0000e+00 4.0000e+00 0.0000e+00 5.0000e+00 4.0000e+00 4.0000e+00 1.6000e+01 2.2520e+03 4.0000e+00 2.0000e+00 1.0000e+00 8.0000e+00 2.0000e+00 1.0000e+00 2.0000e+01 7.0000e+00 0.0000e+00 2.8000e+01 1.9000e+01 2.0000e+00 3.0000e+00 8.0000e+00 1.1000e+01 1.0000e+00 2.5010e+03 6.0000e+00 9.0000e+00 6.0000e+00 2.0000e+00 1.0000e+00
1.6000e+01 1.0000e+00 5.0000e+00 1.8000e+01 3.1000e+01 2.2000e+01 1.7000e+01 6.0000e+00 7.0000e+00 1.7000e+01 5.0000e+00 1.1850e+03 1.2000e+01 1.0000e+00 1.3000e+01 1.1000e+01 6.0000e+00 5.0000e+00 3.0000e+00 5.0000e+00 5.0000e+00 5.0000e+00 1.1000e+01 3.0030e+03 9.0000e+00 7.0000e+00 5.0000e+00 5.0000e+00 6.0000e+00 4.0000e+00 0.0000e+00 8.0000e+00 1.1000e+01 9.0000e+00 1.3000e+01 6.0000e+00 3.0000e+00 1.4800e+02 2.2000e+01 1.8000e+01 2.0000e+00 2.0000e+00 2.2000e+01 7.0000e+00 1.9000e+01 1.7000e+01 2.0000e+00 1.9000e+01 1.0000e+01 5.0000e+00
5.0000e+00 5.0000e+00 0.0000e+00 0.0000e+00 2.0000e+00 9.2000e+01 2.7900e+02 0.0000e+00 1.0000e+00 0.0000e+00 6.0000e+00 1.0000e+00 4.0000e+00 0.0000e+00 7.0000e+00 1.1000e+01 0.0000e+00 2.0000e+00 4.0000e+00 4.0000e+00 2.0000e+00 2.0000e+00 0.0000e+00 2.0000e+00 2.0000e+00 2.0000e+00 0.0000e+00 1.0000e+00 1.1000e+01 1.3000e+01 2.0000e+00 1.0000e+00 0.0000e+00 1.0000e+00 1.0000e+01 7.0000e+00 0.0000e+00 8.0000e+00 2.0000e+00 0.0000e+00 0.0000e+00 1.4640e+03 1.0000e+00 1.0000e+00 0.0000e+00 3.0000e+00 6.0000e+00 5.0000e+00 2.0000e+00 1.0000e+00
3.0000e+00 1.0000e+00 6.0000e+00 2.0000e+00 4.0000e+00 4.0000e+00 4.0000e+00 3.0000e+00 1.0000e+00 3.0000e+00 9.0000e+00 3.0000e+00 0.0000e+00 2.0000e+00 0.0000e+00 6.0000e+00 1.0000e+00 0.0000e+00 0.0000e+00 2.0000e+00 2.0000e+00 1.0000e+00 0.0000e+00 0.0000e+00 3.0000e+00 3.0000e+00 0.0000e+00 5.0000e+00 2.0000e+00 4.0000e+00 2.0000e+00 2.0000e+00 1.0000e+00 0.0000e+00 7.0000e+00 0.0000e+00 1.0000e+00 3.0000e+00 6.0000e+00 0.0000e+00 2.0000e+00 2.0000e+00 5.0000e+00 2.0000e+00 3.0000e+00 1.0000e+01 4.0000e+00 7.0000e+00 2.0000e+00 0.0000e+00
5.0000e+00 4.0000e+00 9.0000e+00 3.2000e+01 1.4000e+01 1.4000e+01 2.6000e+01 7.0000e+00 1.0000e+01 2.5000e+01 8.0000e+00 9.0000e+00 1.0000e+01 8.0000e+00 2.0000e+01 1.4000e+01 2.2170e+03 4.0000e+00 7.0000e+00 9.0000e+00 3.0000e+00 4.0000e+00 9.0000e+00 5.0000e+00 1.1000e+01 9.0000e+00 6.0000e+00 5.0000e+00 1.3000e+01 8.0000e+00 9.0000e+00 1.3000e+01 6.0000e+00 7.0000e+00 1.4000e+01 1.3000e+01 3.0000e+00 1.9000e+01 1.0000e+01 1.2000e+01 7.4000e+01 6.0000e+00 1.1000e+01 9.0000e+00 1.3320e+03 1.2000e+01 8.0000e+00 1.1000e+01 9.0000e+00 1.1000e+01
5.0000e+00 2.0000e+00 2.0000e+00 7.0000e+00 5.0000e+00 7.0000e+00 1.7000e+01 7.0000e+00 3.7800e+02 7.0000e+00 3.2400e+02 1.0000e+01 3.0000e+00 3.0000e+00 6.0000e+00 6.0000e+00 4.0000e+00 5.0000e+00 3.0000e+00 4.0000e+00 8.0000e+00 4.0000e+00 2.0000e+00 6.0000e+00 6.0000e+00 4.0000e+00 8.2900e+02 1.0000e+01 7.0000e+00 1.2000e+01 3.0000e+00 3.0000e+00 3.0000e+00 3.0000e+00 4.1000e+01 9.0000e+00 4.0000e+00 1.0000e+00 2.7000e+01 6.0000e+00 4.0000e+00 6.0000e+00 1.2000e+01 4.0000e+00 7.0000e+00 3.0000e+00 1.9120e+03 7.0000e+00 1.0000e+00 3.0000e+00
4.0000e+00 2.0000e+00 0.0000e+00 7.0000e+00 3.0000e+00 1.2000e+01 2.9000e+01 4.0000e+00 2.0000e+00 2.2000e+01 2.3280e+03 5.0000e+00 3.0000e+00 1.6000e+01 1.7000e+01 2.9000e+01 0.0000e+00 3.0000e+00 1.0000e+00 5.0000e+00 3.1000e+01 5.0000e+00 1.0000e+00 3.0000e+00 1.8000e+01 6.0000e+00 7.0000e+00 4.0000e+00 3.0000e+00 1.6000e+01 5.0000e+00 7.0000e+00 1.7000e+01 4.0000e+00 1.6000e+01 1.5000e+01 1.0000e+00 2.5000e+01 1.7000e+01 1.1000e+01 6.0000e+00 4.0000e+00 1.5000e+01 7.0000e+00 1.4000e+01 4.0000e+00 1.6000e+01 2.8100e+03 2.0000e+00 3.0000e+00
1.3000e+01 6.0000e+00 8.0000e+00 1.1000e+01 1.0000e+01 1.4000e+01 1.7000e+01 2.0000e+00 7.0000e+00 6.0000e+00 1.1000e+01 9.0000e+00 1.3000e+01 5.0000e+00 1.0900e+02 3.4400e+03 0.0000e+00 1.0000e+00 2.0000e+00 8.0000e+00 6.0000e+00 1.0000e+00 8.0000e+00 2.0000e+00 4.0000e+00 1.2000e+01 6.0000e+00 7.0000e+00 7.0000e+00 2.8000e+01 8.0000e+00 4.0000e+00 3.0000e+00 1.8000e+01 2.3000e+01 1.3000e+01 1.0000e+00 1.7000e+01 1.6000e+01 1.4000e+01 2.0000e+00 7.0000e+00 1.2000e+01 6.0000e+00 1.0000e+01 2.0000e+00 1.6000e+01 5.3000e+01 2.0000e+00 5.0000e+00
3.0000e+00 2.0000e+00 3.0000e+00 1.1000e+01 6.0000e+00 2.1760e+03 1.6000e+01 6.0000e+00 2.0000e+00 5.0000e+00 9.0000e+00 1.0000e+01 3.0000e+00 6.0000e+00 7.0000e+00 6.5000e+01 0.0000e+00 2.0000e+00 5.0000e+00 1.0000e+00 1.0000e+00 2.0000e+00 2.0000e+00 6.0000e+00 1.0000e+00 8.0000e+00 9.0000e+00 3.0000e+00 1.3000e+01 1.2000e+01 3.0000e+00 6.0000e+00 1.0000e+00 4.0000e+00 2.9000e+01 2.0000e+00 2.0000e+00 2.0000e+00 7.3600e+02 1.0000e+00 3.0000e+00 8.0000e+00 5.0000e+00 0.0000e+00 1.1000e+01 8.0000e+00 6.0000e+00 1.0000e+00 3.0000e+00 1.0000e+00
1.9000e+01 1.3000e+01 4.0000e+01 1.7000e+01 1.9000e+01 1.7000e+01 1.6000e+01 2.0190e+03 3.1000e+01 1.6000e+01 9.0000e+00 1.2000e+01 2.4000e+01 9.0000e+00 2.3000e+01 2.4000e+01 1.0000e+01 1.5000e+01 1.6000e+01 1.2000e+01 1.7000e+01 1.7000e+01 1.3000e+01 1.7000e+01 1.1000e+01 2.0000e+01 1.5000e+01 5.0000e+00 1.9000e+01 1.4000e+01 1.2000e+01 1.4000e+01 2.3000e+01 1.3000e+01 1.3000e+01 2.3000e+01 2.0000e+01 1.8000e+01 1.5000e+01 2.1000e+01 3.1580e+03 7.0000e+00 1.9000e+01 1.7000e+01 6.0000e+00 1.5000e+01 1.4000e+01 1.7000e+01 1.6000e+01 2.0000e+01
5.0000e+00 0.0000e+00 0.0000e+00 3.0000e+00 0.0000e+00 6.0000e+00 5.0000e+00 1.0000e+00 7.0000e+00 1.0000e+00 1.0000e+00 2.0000e+00 0.0000e+00 0.0000e+00 1.0000e+00 6.0000e+00 0.0000e+00 0.0000e+00 0.0000e+00 0.0000e+00 3.0000e+00 7.0000e+00 0.0000e+00 2.0000e+00 0.0000e+00 2.0000e+00 0.0000e+00 4.0000e+00 1.0000e+00 0.0000e+00 4.0000e+00 4.0000e+00 4.0000e+00 0.0000e+00 7.0000e+00 1.0000e+00 0.0000e+00 0.0000e+00 0.0000e+00 4.0000e+00 0.0000e+00 0.0000e+00 1.1000e+01 2.4400e+02 1.1000e+01 2.0000e+00 2.0000e+00 3.0000e+00 0.0000e+00 1.0000e+00
2.1000e+01 1.9000e+01 1.9000e+01 1.9000e+01 1.7000e+01 2.2000e+01 2.3000e+01 1.7000e+01 1.4520e+03 2.0000e+01 1.1000e+01 2.1000e+01 2.1000e+01 9.0000e+00 2.3000e+01 1.1000e+01 2.8000e+01 2.4000e+01 4.8600e+03 2.9000e+01 2.4000e+01 1.4000e+01 1.7000e+01 2.1000e+01 2.0000e+01 2.9000e+01 1.9000e+01 2.4000e+01 1.9000e+01 2.3000e+01 2.2000e+01 1.8000e+01 2.2000e+01 1.9000e+01 1.9000e+01 2.1000e+01 3.7000e+01 2.5000e+01 3.8000e+01 1.1000e+01 2.6000e+01 2.4000e+01 1.6000e+01 1.4000e+01 1.9000e+01 1.6000e+01 1.6000e+01 2.5000e+01 1.5000e+01 3.1000e+01
3.0000e+00 0.0000e+00 0.0000e+00 1.2000e+01 0.0000e+00 4.0000e+00 8.0000e+00 1.0000e+00 1.0000e+00 9.0000e+00 5.0000e+00 0.0000e+00 0.0000e+00 0.0000e+00 2.3840e+03 2.0000e+00 1.0000e+00 6.8500e+02 2.0000e+00 2.0000e+00 5.0000e+00 5.0000e+00 0.0000e+00 3.0000e+00 0.0000e+00 3.0000e+00 4.0000e+00 0.0000e+00 0.0000e+00 1.0000e+00 0.0000e+00 8.0000e+00 5.0000e+00 0.0000e+00 4.0000e+00 8.0000e+00 0.0000e+00 3.0000e+00 8.0000e+00 1.1000e+01 0.0000e+00 1.0000e+01 1.1000e+01 3.0000e+00 1.8000e+01 1.0000e+00 6.0000e+00 2.0000e+00 0.0000e+00 3.0000e+00
1.0000e+01 3.0000e+00 5.0000e+00 1.3000e+01 6.0000e+00 5.6200e+02 2.2000e+01 7.0000e+00 3.0000e+00 5.0000e+00 1.4000e+01 1.3000e+01 3.0000e+00 3.0000e+00 1.4000e+01 1.0000e+01 3.0000e+00 2.0000e+00 2.0000e+00 5.0000e+00 9.0000e+00 9.0000e+00 3.0000e+00 6.0000e+00 1.2000e+01 6.0000e+00 1.5000e+01 2.0000e+00 5.0000e+00 4.0000e+00 0.0000e+00 1.9000e+01 8.0000e+00 2.0000e+00 1.1000e+01 9.0000e+00 5.0000e+00 1.1000e+01 1.9000e+01 1.7000e+01 3.0000e+00 5.0000e+00 3.2710e+03 5.0000e+00 7.0000e+00 9.0000e+00 1.0000e+01 1.5000e+01 8.0000e+00 1.0000e+01
1.5000e+01 2.1080e+03 1.7000e+01 1.6000e+01 3.0000e+00 1.6000e+01 2.1000e+01 8.0000e+00 1.9000e+01 1.7000e+01 4.0000e+00 1.5000e+01 2.7990e+03 1.6000e+01 6.0000e+00 1.9000e+01 6.0000e+00 1.3320e+03 4.0000e+00 2.6000e+01 6.0000e+00 4.0000e+00 5.0000e+00 2.0000e+01 4.2000e+01 1.1000e+01 1.9000e+01 2.5000e+01 1.5000e+01 2.2000e+01 2.0000e+00 8.0000e+00 3.0000e+00 2.5000e+01 1.6000e+01 2.4000e+01 3.0000e+00 2.1000e+01 2.5000e+01 3.0000e+00 9.0000e+00 2.2000e+01 2.7000e+01 1.0000e+01 1.6000e+01 2.0000e+00 1.5000e+01 1.8000e+01 5.0000e+00 1.9000e+01
1.4000e+01 6.0000e+00 4.5320e+03 1.9000e+01 1.7000e+01 1.9000e+01 1.7000e+01 2.6000e+01 2.0000e+01 2.3000e+01 1.0000e+01 1.5000e+01 2.0000e+01 2.2000e+01 1.9000e+01 2.0000e+01 2.5000e+01 1.5000e+01 2.0000e+01 1.2000e+01 1.1000e+01 1.6000e+01 1.8000e+01 1.4000e+01 1.4000e+01 1.2000e+01 1.3000e+01 1.6000e+01 2.0000e+01 1.6000e+01 2.9000e+01 2.3000e+01 1.8000e+01 1.1000e+01 2.2000e+01 1.7000e+01 1.6940e+03 2.2000e+01 1.9000e+01 1.4000e+01 1.6000e+01 1.6000e+01 2.1000e+01 1.8000e+01 1.5000e+01 1.6000e+01 1.6000e+01 2.1000e+01 2.3000e+01 2.5000e+01
3.0000e+01 1.0000e+00 1.1000e+01 1.0000e+00 1.0000e+01 1.0000e+00 1.0000e+00 2.0000e+00 2.0000e+00 5.0000e+00 6.0000e+00 0.0000e+00 1.0000e+00 9.0000e+00 1.1000e+01 4.0000e+00 4.0000e+00 3.0000e+00 8.0000e+00 2.0000e+00 2.7430e+03 5.0000e+00 1.2000e+01 1.0000e+00 1.1000e+01 7.0000e+00 2.0000e+00 3.0000e+00 6.0000e+00 1.0000e+01 5.0000e+00 0.0000e+00 0.0000e+00 3.0000e+00 4.0000e+00 4.0000e+00 3.0000e+00 1.0000e+00 1.0000e+00 1.0000e+00 0.0000e+00 1.0000e+01 6.0000e+00 1.0000e+00 1.3000e+01 1.5000e+01 1.3000e+01 7.8700e+02 6.0000e+00 1.1000e+01
3.0000e+01 2.9000e+01 2.8000e+01 2.2000e+01 2.6000e+01 2.8000e+01 2.2000e+01 2.5000e+01 1.8190e+03 1.9000e+01 2.3000e+01 1.8000e+01 1.9000e+01 1.7000e+01 2.1000e+01 2.3000e+01 2.5000e+01 1.9000e+01 3.1000e+01 4.8150e+03 1.8000e+01 3.1000e+01 2.7000e+01 2.7000e+01 2.4000e+01 2.1000e+01 2.7000e+01 3.0000e+01 2.8000e+01 2.1000e+01 2.1000e+01 1.6000e+01 2.1000e+01 2.4000e+01 2.2000e+01 2.3000e+01 2.4000e+01 2.3000e+01 2.5000e+01 1.4000e+01 1.0800e+02 2.2000e+01 1.6000e+01 2.4000e+01 2.2000e+01 1.8000e+01 1.8000e+01 2.0000e+01 2.2000e+01 2.0000e+01
0.0000e+00 0.0000e+00 3.0000e+00 0.0000e+00 4.0000e+00 3.0000e+00 8.0000e+00 0.0000e+00 3.0000e+00 2.0000e+00 0.0000e+00 0.0000e+00 2.0000e+00 0.0000e+00 2.0000e+00 6.0000e+00 5.0000e+00 0.0000e+00 2.0000e+00 2.0000e+00 1.0000e+01 5.0000e+00 0.0000e+00 0.0000e+00 3.0000e+00 4.0000e+00 9.0000e+00 6.0000e+00 2.0000e+00 1.0000e+01 0.0000e+00 3.0000e+00 0.0000e+00 3.0000e+00 5.0000e+00 3.0000e+00 1.0000e+00 0.0000e+00 7.0000e+00 0.0000e+00 0.0000e+00 0.0000e+00 9.0000e+00 0.0000e+00 5.0000e+00 1.0000e+00 0.0000e+00 1.0000e+00 0.0000e+00 3.0000e+00
1.0000e+00 1.0000e+00 0.0000e+00 1.0000e+00 1.0000e+00 6.0000e+00 1.3000e+01 5.0000e+00 0.0000e+00 1.0000e+00 9.0000e+00 3.0000e+00 0.0000e+00 4.0000e+00 0.0000e+00 6.0000e+00 3.0000e+00 1.1000e+01 1.0000e+00 3.0000e+00 1.0000e+00 6.0000e+00 8.0000e+00 4.0000e+00 4.0000e+00 4.0000e+00 4.0000e+00 1.0000e+00 0.0000e+00 7.0000e+00 3.0000e+00 4.0000e+00 0.0000e+00 1.0000e+00 5.0000e+00 4.0000e+00 0.0000e+00 6.0000e+00 8.0000e+00 6.9100e+02 0.0000e+00 1.0000e+00 3.0000e+00 0.0000e+00 0.0000e+00 6.0000e+00 2.0000e+00 7.0000e+00 2.0000e+00 2.0000e+00
3.0000e+00 2.0000e+00 4.0000e+00 7.0000e+00 7.0000e+00 8.0000e+00 1.1000e+01 2.0000e+00 2.0000e+00 4.0000e+00 4.3100e+02 7.0000e+00 2.0000e+00 5.0000e+00 4.0000e+00 9.0000e+00 1.0000e+00 5.0000e+00 4.0000e+00 1.0000e+00 1.1000e+01 6.0000e+00 5.0000e+00 6.0000e+00 5.0000e+00 1.0000e+01 1.0000e+01 3.0000e+00 8.0000e+00 1.2000e+01 7.0000e+00 4.0000e+00 5.0000e+00 5.0000e+00 5.0000e+00 1.8630e+03 2.0000e+00 7.0000e+00 9.0000e+00 7.0000e+00 2.0000e+00 4.0000e+00 2.9800e+02 5.0000e+00 8.0000e+00 7.0000e+00 5.0000e+00 3.0000e+00 5.0000e+00 1.0000e+01
0.0000e+00 5.0000e+00 7.0000e+00 8.0000e+00 9.0000e+00 1.5000e+01 1.7000e+01 1.0000e+00 4.0000e+00 8.0000e+00 7.0000e+00 4.0000e+00 5.0000e+00 8.0000e+00 1.1000e+01 7.0000e+00 3.0000e+00 1.2000e+01 0.0000e+00 5.0000e+00 3.0000e+00 1.0000e+00 6.0000e+00 1.0000e+01 1.0000e+00 6.0000e+00 7.9900e+02 2.0000e+00 6.0000e+00 2.1600e+02 4.0000e+00 2.0000e+00 1.9580e+03 7.0000e+00 6.0000e+00 0.0000e+00 1.0000e+00 3.0000e+00 4.0000e+00 6.0000e+00 8.0000e+00 9.0000e+00 4.0000e+00 8.0000e+00 7.0000e+00 1.0000e+00 1.1000e+01 9.0000e+00 2.0000e+00 1.0000e+01
1.0000e+00 0.0000e+00 2.0000e+00 0.0000e+00 3.0000e+00 3.0000e+00 0.0000e+00 3.0000e+00 6.0000e+00 1.0000e+00 0.0000e+00 3.0000e+00 2.0000e+00 0.0000e+00 7.0000e+00 1.0000e+00 2.0000e+00 0.0000e+00 1.0000e+00 1.0000e+00 6.0000e+00 4.0000e+00 0.0000e+00 0.0000e+00 2.0000e+00 0.0000e+00 0.0000e+00 1.0000e+00 2.0000e+00 9.0000e+00 2.0000e+00 4.0000e+00 0.0000e+00 0.0000e+00 2.0000e+00 3.0000e+00 0.0000e+00 3.0000e+00 3.0000e+00 0.0000e+00 0.0000e+00 1.0000e+00 4.0000e+00 2.0000e+00 1.0000e+00 5.0000e+00 5.0000e+00 1.0000e+00 2.0000e+00 2.0000e+00
1.1000e+01 1.0000e+00 7.0000e+00 3.3860e+03 5.0000e+00 8.0000e+00 9.0000e+00 8.0000e+00 1.5000e+01 8.0000e+00 1.4000e+01 5.0000e+00 9.0000e+00 4.0000e+00 1.8000e+01 1.2000e+01 1.1000e+01 1.0000e+00 1.2000e+01 0.0000e+00 7.0000e+00 9.0000e+00 8.0000e+00 9.0000e+00 7.0000e+00 5.0000e+00 5.0000e+00 2.0000e+00 1.4000e+01 2.0000e+01 3.0000e+00 1.7000e+01 6.0000e+00 1.0000e+01 1.2000e+01 4.0000e+00 2.0000e+00 2.0000e+00 3.1000e+01 6.0000e+00 7.0000e+00 3.0000e+00 1.2000e+01 8.0000e+00 3.0000e+00 1.0000e+00 9.0000e+00 9.0000e+00 1.2000e+01 3.0000e+00
1.2000e+01 3.0000e+00 3.0000e+00 9.0000e+00 4.0000e+00 7.0000e+00 7.0000e+00 4.0000e+00 0.0000e+00 4.0000e+00 3.0000e+00 6.0000e+00 3.0000e+00 1.0000e+00 9.0000e+00 2.0000e+00 0.0000e+00 5.0000e+00 1.1000e+01 5.0000e+00 5.0000e+00 7.0000e+00 3.0000e+00 1.0000e+00 6.0000e+00 1.0000e+00 4.0000e+00 3.0000e+00 5.0000e+00 6.0000e+00 3.0000e+00 8.0000e+00 2.0000e+00 2.0000e+00 1.1000e+01 4.0000e+00 0.0000e+00 1.0000e+01 1.0000e+01 1.0000e+00 2.0000e+00 3.0000e+00 9.0000e+00 5.0000e+00 0.0000e+00 4.0000e+00 7.0000e+00 6.0000e+00 3.0000e+00 3.0000e+00
1.0000e+01 1.1000e+01 8.0000e+00 9.0000e+00 1.3000e+01 7.0000e+00 2.8000e+01 6.0000e+00 7.0000e+00 4.1540e+03 3.0000e+00 9.0000e+00 1.6000e+01 0.0000e+00 1.1000e+01 8.0000e+00 4.0000e+00 1.0000e+00 1.0000e+00 1.2000e+01 1.0000e+01 1.0000e+01 8.0000e+00 7.0000e+00 4.0000e+00 1.0000e+01 4.0000e+00 5.8400e+02 1.5000e+01 1.7000e+01 3.0000e+00 8.0000e+00 3.5000e+01 8.0000e+00 1.5000e+01 2.1000e+01 3.0000e+00 5.0000e+00 1.5000e+01 1.4000e+01 1.0000e+00 8.0000e+00 2.1000e+01 9.0000e+00 1.1000e+01 7.0000e+00 1.7000e+01 6.0000e+00 6.0000e+00 6.0000e+00
