8.4000e+01 1.1000e+01 2.3000e+01 7.5000e+01 5.1000e+01 4.2000e+01 3.8000e+01 1.3000e+01 8.8000e+01 8.8260e+03
1.0000e+01 6.9000e+01 2.3000e+01 9.0300e+03 5.9000e+01 2.0000e+01 6.8000e+01 4.0000e+00 8.0000e+00 1.3800e+02
1.1170e+03 5.0000e+01 6.0000e+00 5.1000e+01 7.1000e+03 5.7000e+01 3.4500e+02 1.0000e+02 6.3000e+01 4.7000e+01
7.4000e+01 7.0000e+01 7.8000e+01 5.0000e+01 6.4000e+01 8.9890e+03 2.0000e+01 5.0000e+01 4.1000e+01 7.7000e+01
0.0000e+00 1.7000e+01 7.8880e+03 7.1000e+01 2.6000e+01 2.9000e+01 7.0000e+00 4.3000e+01 1.1000e+01 2.6000e+01
7.5000e+01 3.6000e+01 1.7000e+01 1.2000e+01 4.3000e+01 5.0000e+01 8.5800e+03 7.2000e+01 2.2000e+01 6.0000e+01
6.5950e+03 5.1000e+01 2.4000e+01 3.4000e+01 5.4000e+01 5.8000e+01 5.1000e+01 2.3000e+01 5.3000e+01 7.0000e+01
6.0000e+01 9.1100e+02 1.0900e+02 2.7000e+01 1.0000e+00 3.9000e+01 5.5000e+01 7.4120e+03 5.2000e+01 2.0000e+00
1.4000e+01 3.7000e+01 1.4000e+01 2.4300e+02 5.8000e+01 4.0000e+00 4.8000e+01 5.0000e+01 6.7350e+03 5.3000e+01
4.0000e+00 8.3590e+03 1.1000e+01 2.2000e+01 5.0000e+00 2.7000e+01 1.9000e+01 4.7000e+01 3.8000e+01 5.2000e+01
