7.8000e+01 1.4000e+01 2.7000e+01 7.8000e+01 6.1000e+01 5.9000e+01 4.5000e+01 2.4000e+01 1.2300e+02 8.7940e+03
1.5000e+01 5.5000e+01 1.8000e+01 8.7240e+03 5.7000e+01 2.9000e+01 6.5000e+01 2.0000e+00 9.0000e+00 1.4000e+02
3.7400e+02 4.7000e+01 4.0000e+00 6.2000e+01 7.0840e+03 5.0000e+01 8.1200e+02 8.4000e+01 5.6000e+01 6.0000e+01
9.0000e+01 8.3000e+01 9.9000e+01 4.2000e+01 6.2000e+01 8.9660e+03 1.4000e+01 3.6000e+01 3.7000e+01 8.4000e+01
0.0000e+00 6.0000e+00 7.5070e+03 7.0000e+01 2.9000e+01 1.9000e+01 4.0000e+00 4.7000e+01 2.0000e+01 3.2000e+01
5.8000e+01 3.7000e+01 7.0000e+00 9.0000e+00 4.8000e+01 4.1000e+01 8.1190e+03 1.1300e+02 2.3000e+01 6.8000e+01
7.2100e+03 4.3000e+01 2.7000e+01 2.7000e+01 8.7000e+01 5.1000e+01 5.7000e+01 2.1000e+01 4.0000e+01 7.0000e+01
4.9000e+01 5.0700e+02 6.7200e+02 3.2000e+01 1.0000e+00 3.7000e+01 6.2000e+01 7.4610e+03 5.0000e+01 1.0000e+00
2.4000e+01 5.2000e+01 1.5000e+01 4.1100e+02 4.3000e+01 2.0000e+00 5.2000e+01 4.7000e+01 6.6500e+03 4.3000e+01
3.0000e+00 8.7070e+03 1.2000e+01 2.3000e+01 1.0000e+01 1.7000e+01 1.1000e+01 4.8000e+01 4.7000e+01 5.5000e+01
