1.6000e+01 2.6000e+01 1.0000e+01 9.2000e+01 1.1000e+01 6.0000e+00 1.6000e+01 5.0000e+00 5.4450e+03 9.0000e+00 2.1000e+01 2.0000e+01 3.1000e+01 6.5300e+02 1.8000e+01 8.8000e+01 1.8000e+01 7.1000e+01 4.0600e+02 2.8000e+01 6.0000e+00 3.4280e+03 4.0570e+03 5.0710e+03 2.2000e+01 8.0000e+00 1.0000e+01 1.0400e+02 8.0000e+00 3.8460e+03 1.5000e+01 7.0000e+00 2.3410e+03 8.0000e+00 1.0000e+01 4.0000e+00 6.0400e+02 4.6000e+01 7.0000e+00 1.4070e+03 2.2690e+03 1.1000e+01 1.7000e+01 1.0800e+02 1.4000e+01 1.0000e+01 1.6000e+01 1.0000e+01 2.7000e+01 9.0000e+00
5.3000e+01 1.0400e+02 1.7730e+03 2.0000e+01 4.3000e+01 7.5000e+01 2.6000e+01 6.8100e+02 3.2000e+01 3.4500e+02 2.0000e+01 6.7000e+01 7.5000e+01 3.3000e+01 5.6610e+03 3.1000e+01 1.6300e+02 5.2650e+03 3.8160e+03 1.3500e+02 1.6600e+02 1.8030e+03 5.1700e+02 2.9000e+01 1.8200e+02 9.8000e+01 4.6000e+01 1.2000e+02 8.6000e+02 5.6000e+01 5.4000e+01 9.7300e+02 5.5000e+01 3.7000e+01 2.1800e+02 1.0270e+03 5.4000e+01 3.0000e+01 5.5000e+01 4.2000e+01 2.7000e+01 4.2000e+01 5.7440e+03 4.7600e+02 6.4000e+01 7.6000e+01 3.5000e+01 1.9000e+01 3.2000e+01 6.1500e+02
4.5200e+02 1.1700e+02 3.3370e+03 9.0000e+00 1.1000e+01 2.8000e+01 5.4460e+03 2.4000e+01 2.1000e+01 1.8000e+01 5.7130e+03 7.0000e+00 8.0000e+00 8.0000e+00 6.4000e+01 1.1000e+01 8.0000e+00 2.7000e+01 1.3000e+02 1.5700e+02 6.0000e+00 1.0000e+01 1.2400e+02 1.0000e+01 1.4600e+02 2.0000e+01 2.6000e+01 2.6000e+01 1.3000e+01 2.7000e+01 2.3000e+01 4.5360e+03 2.0010e+03 1.5000e+01 1.2000e+01 2.4000e+01 1.5000e+01 8.7000e+01 1.1000e+01 3.8200e+02 1.4000e+01 8.0000e+00 5.0000e+00 1.6000e+01 2.5000e+01 1.1000e+01 1.2000e+01 4.7630e+03 4.3000e+01 1.7000e+01
3.4000e+01 1.8000e+01 1.0000e+01 1.7000e+01 1.1000e+01 7.2000e+01 2.0000e+01 1.2000e+01 1.1000e+01 1.8000e+01 4.3000e+01 9.6000e+01 3.0000e+01 1.6000e+02 1.0000e+01 2.1000e+01 1.1000e+01 1.0200e+02 9.6000e+01 5.5100e+02 3.9900e+02 7.4000e+01 1.0400e+02 1.5900e+02 2.5200e+03 1.9300e+02 8.4600e+02 4.8340e+03 3.7000e+01 1.7700e+02 5.7670e+03 3.4000e+01 6.5000e+01 7.4400e+02 2.3000e+02 4.9000e+01 8.6000e+01 7.2000e+01 5.5320e+03 3.2000e+01 5.8000e+01 1.3200e+02 1.3000e+01 1.3000e+01 1.0100e+02 5.4490e+03 7.5100e+02 5.9000e+01 2.7000e+02 6.0000e+01
6.9000e+01 9.1000e+01 3.0000e+01 2.2000e+01 1.0100e+02 1.6000e+01 4.3000e+01 4.6800e+02 1.2000e+01 2.9000e+01 1.9700e+02 9.4000e+01 5.5980e+03 3.7000e+01 1.5000e+01 1.0500e+02 5.1690e+03 2.1400e+02 2.1700e+02 2.5460e+03 7.6000e+01 1.3000e+02 2.3000e+01 2.3000e+01 3.5000e+01 4.5000e+01 2.3810e+03 4.3000e+01 4.3000e+02 4.9000e+01 1.4000e+01 1.8900e+02 1.8000e+01 2.0000e+01 4.8700e+03 6.7600e+02 1.7800e+02 8.5000e+01 1.2800e+02 2.3000e+01 7.1000e+01 1.9300e+02 1.8000e+01 2.3000e+01 4.6000e+01 5.7000e+01 3.9000e+02 1.9000e+01 2.7600e+02 4.3120e+03
1.2000e+01 9.6000e+01 7.0000e+00 6.4000e+01 1.9000e+01 1.5000e+01 2.0000e+01 5.0000e+00 2.8700e+02 1.4000e+01 1.0000e+01 8.0000e+00 2.9000e+01 2.4800e+02 1.4000e+01 1.4000e+01 1.2000e+01 1.2000e+01 6.4800e+02 1.6000e+01 6.0000e+00 4.6000e+02 4.7600e+02 6.0500e+02 2.6490e+03 7.0000e+00 1.0000e+01 1.0600e+02 8.0000e+00 1.3000e+01 6.0000e+00 5.0000e+00 3.8000e+01 9.0000e+00 7.0000e+00 8.0000e+00 4.4200e+02 5.5010e+03 1.1000e+01 3.9440e+03 2.9090e+03 5.3960e+03 2.1000e+01 6.9000e+01 5.5160e+03 7.0000e+00 2.2000e+01 1.2000e+01 4.8000e+01 3.0000e+00
5.1090e+03 1.1000e+01 7.9000e+01 1.4000e+02 5.0600e+03 7.0000e+00 5.7700e+02 4.6890e+03 1.0000e+01 5.1340e+03 9.0000e+00 5.0000e+00 1.0000e+01 2.0000e+01 1.8000e+01 5.4330e+03 3.3600e+02 1.6000e+01 1.2000e+01 3.4300e+02 1.2000e+01 8.0000e+00 4.7000e+01 1.0000e+01 3.4800e+02 8.0000e+00 5.0000e+00 1.9400e+02 2.3000e+01 2.6000e+01 9.0000e+00 1.3600e+02 1.7000e+01 9.0000e+00 5.0000e+00 3.7000e+02 2.6000e+01 8.0000e+00 6.6000e+01 1.2800e+02 2.5000e+02 2.2000e+01 4.4000e+01 1.1000e+01 1.0000e+01 9.0000e+00 2.3000e+01 5.2200e+02 6.2000e+02 7.0000e+00
2.2000e+01 1.2600e+02 1.6700e+02 1.5000e+01 5.3200e+02 3.6000e+01 2.6000e+01 8.5000e+01 1.1500e+02 8.0000e+01 3.3000e+01 5.3700e+02 2.4000e+01 4.4770e+03 8.8000e+01 1.3100e+02 4.1000e+01 9.1000e+01 3.0000e+01 6.4900e+02 5.9900e+02 2.4000e+01 3.5000e+01 2.2000e+01 1.5000e+01 8.0000e+00 5.1200e+02 1.7100e+02 4.7140e+03 1.6000e+01 2.4000e+01 3.3000e+01 1.2610e+03 4.9940e+03 4.7500e+02 3.6510e+03 1.0000e+01 8.8000e+01 8.1000e+01 6.6000e+01 9.7000e+01 2.2000e+01 1.0000e+01 3.0000e+01 1.9000e+01 2.3600e+02 7.8000e+01 1.6000e+01 4.6070e+03 6.5500e+02
1.2000e+01 5.3620e+03 8.0000e+00 5.4350e+03 1.4900e+02 8.5800e+02 2.3000e+01 7.0000e+00 3.1000e+01 4.2000e+01 4.0000e+01 6.0000e+00 2.0000e+02 3.0100e+02 8.7000e+01 4.4000e+01 5.4000e+01 9.9000e+01 4.7300e+02 4.0500e+02 8.0000e+00 2.8000e+01 3.9700e+02 5.0000e+01 3.7000e+01 1.3000e+01 9.0000e+00 1.5300e+02 5.0000e+00 1.4100e+03 9.0000e+00 8.0000e+00 1.2500e+02 1.2000e+01 6.0000e+00 5.6000e+01 4.6250e+03 6.4000e+01 2.3000e+01 4.0000e+01 1.1800e+02 5.3000e+01 1.3000e+01 5.0780e+03 7.0000e+01 1.0900e+02 4.3930e+03 9.0000e+00 1.2000e+02 8.0000e+00
1.9300e+02 1.3000e+01 6.2100e+02 1.0000e+01 2.1000e+01 4.9510e+03 2.0000e+01 1.4000e+01 1.1000e+01 1.4600e+02 4.2000e+01 5.1100e+03 1.5000e+01 7.1000e+01 1.0000e+01 3.1000e+01 1.9600e+02 1.6900e+02 1.8800e+02 1.1150e+03 4.8320e+03 3.1000e+01 7.5000e+01 4.5000e+01 7.1000e+01 5.6280e+03 2.2120e+03 2.1000e+02 4.5000e+01 3.7300e+02 7.6000e+01 1.3100e+02 1.8000e+01 5.5000e+01 4.5000e+01 2.2000e+01 1.4000e+01 8.0000e+01 1.8500e+02 2.2000e+01 1.7200e+02 1.3100e+02 3.0000e+01 3.4000e+01 1.7700e+02 2.7000e+01 4.0400e+02 4.1600e+02 1.5100e+02 3.2600e+02
