9.0000e+00 1.4000e+01 8.0000e+00 7.0000e+01 3.0000e+00 0.0000e+00 7.0000e+00 1.0000e+00 5.3410e+03 9.0000e+00 1.6000e+01 2.0000e+01 2.3000e+01 5.7900e+02 1.2000e+01 5.0000e+01 1.6000e+01 3.6000e+01 2.7800e+02 8.0000e+00 3.0000e+00 3.3330e+03 3.8610e+03 5.0410e+03 1.0000e+01 8.0000e+00 6.0000e+00 6.3000e+01 2.0000e+00 3.3990e+03 9.0000e+00 2.0000e+00 2.0590e+03 8.0000e+00 5.0000e+00 3.0000e+00 5.3200e+02 2.8000e+01 4.0000e+00 1.2970e+03 2.1030e+03 2.0000e+00 1.7000e+01 1.0600e+02 4.0000e+00 7.0000e+00 4.0000e+00 3.0000e+00 1.2000e+01 7.0000e+00
1.2000e+01 3.1000e+01 9.2100e+02 0.0000e+00 7.0000e+00 2.1000e+01 2.0000e+00 3.2800e+02 3.0000e+00 1.4400e+02 0.0000e+00 1.9000e+01 1.9000e+01 3.0000e+00 3.0390e+03 0.0000e+00 5.6000e+01 2.1340e+03 1.5200e+03 2.7000e+01 6.7000e+01 8.6600e+02 2.1900e+02 2.0000e+00 6.3000e+01 3.3000e+01 1.1000e+01 2.8000e+01 4.2900e+02 9.0000e+00 1.5000e+01 4.8500e+02 9.0000e+00 7.0000e+00 9.5000e+01 5.0700e+02 1.0000e+01 2.0000e+00 1.2000e+01 6.0000e+00 1.0000e+00 6.0000e+00 3.2840e+03 2.0600e+02 1.4000e+01 2.1000e+01 2.0000e+00 0.0000e+00 2.0000e+00 2.9600e+02
3.9700e+02 8.3000e+01 3.3110e+03 1.0000e+00 2.0000e+00 1.4000e+01 5.4460e+03 1.1000e+01 8.0000e+00 6.0000e+00 5.4120e+03 1.0000e+00 0.0000e+00 0.0000e+00 4.2000e+01 0.0000e+00 0.0000e+00 7.0000e+00 6.9000e+01 8.1000e+01 2.0000e+00 1.0000e+00 8.6000e+01 1.0000e+00 1.0400e+02 1.5000e+01 2.2000e+01 8.0000e+00 1.1000e+01 1.0000e+01 1.2000e+01 4.5360e+03 1.6230e+03 6.0000e+00 4.0000e+00 1.1000e+01 4.0000e+00 5.6000e+01 2.0000e+00 3.0200e+02 3.0000e+00 0.0000e+00 0.0000e+00 5.0000e+00 1.0000e+01 2.0000e+00 1.0000e+00 4.6910e+03 2.1000e+01 1.5000e+01
1.3000e+01 3.0000e+00 0.0000e+00 3.0000e+00 0.0000e+00 3.7000e+01 5.0000e+00 1.0000e+00 0.0000e+00 3.0000e+00 1.8000e+01 5.6000e+01 9.0000e+00 8.9000e+01 0.0000e+00 2.0000e+00 0.0000e+00 3.8000e+01 3.5000e+01 2.6700e+02 2.8900e+02 3.5000e+01 5.3000e+01 9.0000e+01 1.7880e+03 1.2700e+02 6.6600e+02 3.0210e+03 1.5000e+01 9.2000e+01 4.8980e+03 1.3000e+01 2.6000e+01 5.6900e+02 1.6000e+02 2.2000e+01 4.1000e+01 3.3000e+01 4.1940e+03 1.0000e+01 2.4000e+01 7.1000e+01 2.0000e+00 1.0000e+00 5.1000e+01 4.2100e+03 4.4800e+02 2.9000e+01 1.5400e+02 3.0000e+01
4.1000e+01 5.3000e+01 1.3000e+01 7.0000e+00 6.1000e+01 4.0000e+00 2.2000e+01 3.6500e+02 1.0000e+00 1.1000e+01 1.3800e+02 6.2000e+01 4.5420e+03 1.5000e+01 3.0000e+00 4.8000e+01 4.1670e+03 1.0800e+02 1.1000e+02 1.5200e+03 4.8000e+01 8.0000e+01 7.0000e+00 7.0000e+00 1.4000e+01 2.4000e+01 2.1470e+03 1.4000e+01 3.3700e+02 2.0000e+01 4.0000e+00 1.3500e+02 3.0000e+00 7.0000e+00 4.4140e+03 5.3400e+02 1.1300e+02 4.7000e+01 8.1000e+01 7.0000e+00 3.7000e+01 1.2500e+02 6.0000e+00 7.0000e+00 2.1000e+01 3.1000e+01 2.4200e+02 6.0000e+00 1.7600e+02 3.7330e+03
1.2000e+01 9.6000e+01 7.0000e+00 6.1000e+01 1.9000e+01 6.0000e+00 1.6000e+01 3.0000e+00 2.4600e+02 1.4000e+01 9.0000e+00 8.0000e+00 2.8000e+01 2.0700e+02 1.0000e+01 2.0000e+00 1.1000e+01 1.0000e+00 4.6600e+02 2.0000e+00 6.0000e+00 4.5800e+02 4.7500e+02 6.0000e+02 2.6490e+03 5.0000e+00 1.0000e+01 6.5000e+01 7.0000e+00 3.0000e+00 6.0000e+00 5.0000e+00 2.0000e+01 7.0000e+00 6.0000e+00 8.0000e+00 3.8600e+02 5.2950e+03 1.1000e+01 3.9250e+03 2.7410e+03 5.2190e+03 2.1000e+01 6.9000e+01 5.4700e+03 5.0000e+00 8.0000e+00 1.0000e+01 2.8000e+01 1.0000e+00
4.9840e+03 2.0000e+00 5.6000e+01 1.0600e+02 4.6410e+03 0.0000e+00 5.6100e+02 4.5120e+03 1.0000e+00 4.7050e+03 1.0000e+00 0.0000e+00 1.0000e+00 7.0000e+00 7.0000e+00 4.0740e+03 2.6700e+02 2.0000e+00 0.0000e+00 2.0000e+02 7.0000e+00 0.0000e+00 2.6000e+01 1.0000e+00 2.7300e+02 2.0000e+00 0.0000e+00 1.2000e+02 1.7000e+01 9.0000e+00 2.0000e+00 1.0600e+02 4.0000e+00 2.0000e+00 0.0000e+00 3.1700e+02 1.1000e+01 0.0000e+00 4.2000e+01 8.9000e+01 1.8800e+02 8.0000e+00 4.4000e+01 2.0000e+00 1.0000e+00 1.0000e+00 7.0000e+00 5.0800e+02 4.8100e+02 1.0000e+00
7.0000e+00 7.6000e+01 1.1400e+02 3.0000e+00 3.8700e+02 1.6000e+01 1.0000e+01 5.1000e+01 6.7000e+01 4.4000e+01 1.4000e+01 4.2500e+02 7.0000e+00 3.4500e+03 5.2000e+01 6.1000e+01 1.7000e+01 3.6000e+01 6.0000e+00 3.4600e+02 4.8200e+02 7.0000e+00 1.3000e+01 6.0000e+00 2.0000e+00 0.0000e+00 4.2000e+02 8.7000e+01 4.0120e+03 2.0000e+00 1.0000e+01 1.4000e+01 8.7200e+02 4.3970e+03 3.8300e+02 3.0190e+03 0.0000e+00 4.7000e+01 4.5000e+01 3.3000e+01 5.3000e+01 6.0000e+00 1.0000e+00 1.1000e+01 4.0000e+00 1.6400e+02 3.5000e+01 4.0000e+00 3.3960e+03 5.1500e+02
9.0000e+00 4.9210e+03 4.0000e+00 5.1520e+03 1.1200e+02 7.8400e+02 2.0000e+01 4.0000e+00 1.5000e+01 2.4000e+01 2.3000e+01 5.0000e+00 1.5400e+02 2.3500e+02 6.2000e+01 1.8000e+01 3.2000e+01 5.0000e+01 3.0500e+02 2.4300e+02 4.0000e+00 1.3000e+01 3.1900e+02 2.9000e+01 1.9000e+01 7.0000e+00 7.0000e+00 9.2000e+01 4.0000e+00 1.1330e+03 5.0000e+00 7.0000e+00 8.1000e+01 7.0000e+00 4.0000e+00 3.7000e+01 4.1100e+03 3.9000e+01 1.0000e+01 2.1000e+01 8.1000e+01 3.1000e+01 9.0000e+00 4.6740e+03 4.4000e+01 8.1000e+01 3.5320e+03 6.0000e+00 7.8000e+01 7.0000e+00
1.2600e+02 1.0000e+00 4.5600e+02 0.0000e+00 5.0000e+00 3.9490e+03 5.0000e+00 2.0000e+00 0.0000e+00 8.5000e+01 1.8000e+01 4.1980e+03 2.0000e+00 3.3000e+01 0.0000e+00 6.0000e+00 1.1800e+02 7.4000e+01 8.4000e+01 5.8600e+02 3.9960e+03 1.0000e+01 3.6000e+01 1.8000e+01 3.3000e+01 4.6120e+03 1.8440e+03 1.0400e+02 2.1000e+01 2.2000e+02 4.6000e+01 8.0000e+01 2.0000e+00 2.9000e+01 2.2000e+01 6.0000e+00 1.0000e+00 3.9000e+01 1.1400e+02 5.0000e+00 9.8000e+01 7.2000e+01 1.2000e+01 1.2000e+01 1.0300e+02 9.0000e+00 2.3100e+02 2.9600e+02 8.0000e+01 2.2800e+02
