1.2000e+01 6.0000e+00 8.0000e+00 6.8000e+01 7.0000e+00 0.0000e+00 4.0000e+00 2.0000e+00 5.1490e+03 2.7000e+01 9.0000e+00 1.5000e+01 5.7000e+01 6.2000e+02 9.1000e+01 1.3000e+01 6.9000e+01 3.4000e+01 2.1700e+02 1.6000e+01 5.0000e+00 3.6570e+03 4.1020e+03 4.8910e+03 1.1000e+01 1.0000e+00 8.0000e+00 4.3000e+01 2.0000e+00 3.1490e+03 9.0000e+00 2.0000e+00 2.0940e+03 1.3000e+01 6.0000e+00 5.0000e+00 6.9200e+02 3.9000e+01 1.3000e+01 1.3450e+03 1.5030e+03 5.0000e+00 1.8000e+01 1.3100e+02 3.0000e+00 1.0000e+00 6.0000e+00 7.0000e+00 1.2000e+01 4.0000e+00
1.4000e+01 3.5000e+01 1.6720e+03 2.0000e+00 8.0000e+00 1.5000e+01 0.0000e+00 1.9700e+02 1.5000e+01 1.5700e+02 7.0000e+00 1.1000e+01 4.7000e+01 0.0000e+00 3.0860e+03 3.0000e+00 3.4000e+01 2.0290e+03 1.6720e+03 2.5000e+01 1.9000e+01 7.1800e+02 1.3700e+02 4.0000e+00 1.5100e+02 4.5000e+01 1.1000e+01 1.3000e+01 1.5900e+02 6.0000e+00 7.0000e+00 5.1600e+02 1.3000e+01 3.0000e+00 1.1100e+02 4.0800e+02 9.0000e+00 1.0000e+00 2.2000e+01 8.0000e+00 2.0000e+00 1.1000e+01 3.3650e+03 1.8900e+02 3.0000e+00 3.0000e+01 0.0000e+00 0.0000e+00 5.0000e+00 3.3300e+02
3.3700e+02 5.4000e+01 1.8000e+03 2.0000e+00 1.0000e+00 9.0000e+00 5.6840e+03 8.0000e+00 2.0000e+00 0.0000e+00 5.1440e+03 0.0000e+00 1.0000e+00 0.0000e+00 3.1000e+01 0.0000e+00 0.0000e+00 5.0000e+00 5.2000e+01 1.3800e+02 4.0000e+00 3.0000e+00 1.5000e+01 0.0000e+00 7.6000e+01 1.3000e+01 1.7000e+01 2.0000e+00 7.6700e+02 4.0000e+00 4.0000e+00 4.4350e+03 1.5080e+03 5.0000e+00 1.0000e+00 3.6000e+01 0.0000e+00 6.3000e+01 1.0000e+00 4.0100e+02 2.0000e+00 1.0000e+01 0.0000e+00 3.2000e+01 8.0000e+00 5.0000e+00 0.0000e+00 5.2530e+03 1.6000e+01 3.7200e+02
5.0000e+00 7.0000e+00 0.0000e+00 6.0000e+00 0.0000e+00 1.7000e+01 3.0000e+00 1.0000e+00 0.0000e+00 5.0000e+00 2.3000e+01 1.3000e+01 9.0000e+00 1.3000e+01 0.0000e+00 1.1000e+01 0.0000e+00 5.8000e+01 8.0000e+00 7.8500e+02 1.7500e+02 3.1000e+01 6.7000e+01 1.5600e+02 1.7880e+03 1.1400e+02 5.8700e+02 3.0890e+03 7.9000e+01 1.1700e+02 4.8840e+03 3.0000e+01 2.7000e+01 1.4200e+02 2.1000e+02 3.6000e+01 1.0000e+01 2.3000e+01 3.9170e+03 1.2000e+01 2.6000e+01 2.1000e+02 3.0000e+00 5.0000e+00 1.4900e+02 4.4250e+03 4.7100e+02 5.0000e+01 8.0000e+01 1.5000e+01
3.0000e+01 4.2000e+01 2.8000e+01 2.6000e+01 7.5000e+01 1.0000e+01 3.0000e+01 1.6200e+02 0.0000e+00 1.9000e+01 7.2000e+01 1.0000e+01 4.4410e+03 5.0000e+00 4.0000e+00 5.1000e+01 4.0880e+03 4.8000e+01 7.0000e+01 1.4080e+03 5.6000e+01 5.9000e+01 3.0000e+00 1.0000e+00 1.1000e+01 1.5000e+01 2.5500e+03 1.1900e+02 1.0720e+03 8.0000e+00 3.6000e+01 1.7500e+02 3.7000e+01 6.0000e+00 4.4390e+03 5.4800e+02 7.2000e+01 1.9000e+01 3.8000e+01 1.0000e+01 5.2000e+01 7.7000e+01 1.2000e+01 3.0000e+00 9.0000e+00 1.8000e+01 3.7100e+02 6.0000e+00 1.7700e+02 3.1870e+03
7.0000e+00 6.2000e+01 9.0000e+00 6.8000e+01 2.5000e+01 1.0000e+01 7.0000e+00 9.0000e+00 2.1100e+02 1.5000e+01 9.0000e+00 1.4000e+01 1.2300e+02 1.6100e+02 2.0000e+00 0.0000e+00 5.7000e+01 1.0000e+00 3.1000e+02 1.0000e+00 7.0000e+00 4.9600e+02 4.4300e+02 6.6300e+02 2.5090e+03 3.0000e+00 6.0000e+00 2.0000e+01 5.0000e+00 2.0000e+00 1.0000e+01 5.0000e+00 1.2000e+01 8.0000e+00 2.0000e+00 2.0000e+00 8.2900e+02 5.2320e+03 1.1800e+02 3.7670e+03 3.0300e+03 5.0160e+03 1.2000e+01 4.5000e+01 5.1670e+03 2.0000e+00 1.5000e+01 1.2000e+01 1.1000e+01 2.0000e+00
5.1450e+03 3.0000e+00 4.9000e+01 6.7000e+01 4.6300e+03 0.0000e+00 2.2700e+02 5.1910e+03 3.0000e+00 4.5840e+03 1.0000e+00 0.0000e+00 0.0000e+00 7.0000e+00 7.0000e+00 4.1200e+03 2.4800e+02 2.0000e+00 0.0000e+00 8.6000e+01 1.4000e+01 0.0000e+00 1.6000e+01 2.0000e+00 1.2900e+02 0.0000e+00 0.0000e+00 9.3000e+01 1.0500e+02 2.0000e+00 3.0000e+00 8.8000e+01 5.0000e+00 0.0000e+00 0.0000e+00 1.3000e+02 3.0000e+00 3.0000e+00 4.4000e+01 1.0100e+02 3.2200e+02 5.0000e+00 5.4000e+01 3.0000e+00 1.0000e+00 6.0000e+00 4.0000e+00 2.0300e+02 6.2500e+02 1.0000e+00
1.0000e+01 3.5000e+01 2.9000e+01 4.0000e+00 5.1600e+02 7.0000e+00 4.0000e+00 4.0000e+00 1.6700e+02 6.7000e+01 1.0000e+01 4.1200e+02 6.0000e+00 3.7730e+03 1.0600e+02 4.6000e+01 3.3000e+01 2.3000e+01 0.0000e+00 2.0500e+02 5.8900e+02 1.2000e+01 4.0000e+00 1.0000e+00 1.2000e+01 1.2000e+01 3.7800e+02 1.9000e+01 2.5560e+03 1.5000e+01 2.3000e+01 3.4000e+01 9.2300e+02 5.0060e+03 5.0800e+02 3.4280e+03 0.0000e+00 1.8000e+01 3.2000e+01 2.6000e+01 4.2000e+01 1.0000e+00 2.0000e+00 1.1000e+01 5.0000e+00 5.0000e+01 1.0900e+02 5.0000e+00 3.4450e+03 6.3800e+02
1.3000e+01 4.9690e+03 3.0000e+00 5.2190e+03 1.1800e+02 6.6500e+02 1.4000e+01 2.1000e+01 1.2000e+01 1.9000e+01 7.4000e+01 1.3000e+01 1.3600e+02 1.0000e+02 3.6000e+01 4.6000e+01 3.5000e+01 1.3000e+01 3.8400e+02 2.4800e+02 2.0000e+00 1.0000e+01 3.8200e+02 2.5000e+01 3.2000e+01 6.0000e+00 7.0000e+00 1.0700e+02 2.0000e+00 1.5410e+03 1.0000e+00 8.0000e+00 1.4600e+02 1.2000e+01 7.0000e+00 6.9000e+01 3.6380e+03 2.8000e+01 1.1000e+01 3.0000e+01 4.9000e+01 4.0000e+00 8.0000e+00 4.8250e+03 6.4000e+01 4.8000e+01 3.2400e+03 9.0000e+00 2.4000e+01 4.0000e+00
8.3000e+01 6.0000e+00 6.5000e+02 0.0000e+00 2.0000e+00 4.0170e+03 4.0000e+00 1.0000e+00 0.0000e+00 2.0400e+02 9.9000e+01 4.2870e+03 7.0000e+00 4.2000e+01 1.0000e+00 7.0000e+00 1.4200e+02 1.9700e+02 6.1000e+01 2.6400e+02 4.0160e+03 5.0000e+00 6.6000e+01 3.0000e+00 2.5000e+01 4.7170e+03 1.5530e+03 1.2900e+02 2.1000e+01 7.2000e+01 4.4000e+01 8.2000e+01 0.0000e+00 3.0000e+00 4.0000e+01 7.0000e+00 1.0000e+00 4.0000e+01 2.0500e+02 1.0000e+00 2.2800e+02 6.4000e+01 4.0000e+00 4.0000e+00 1.8800e+02 2.6000e+01 1.1600e+02 1.0700e+02 3.3000e+01 1.4100e+02
