8.4000e+01 1.0100e+02 1.0300e+02 1.0000e+02 9.5000e+01 8.8000e+01 9.7000e+01 1.0700e+02 1.7400e+02 8.9150e+03
8.1000e+01 9.2000e+01 9.4000e+01 9.0040e+03 1.0000e+02 1.0200e+02 8.7000e+01 7.9000e+01 9.9000e+01 1.6700e+02
5.1700e+02 9.7000e+01 9.9000e+01 9.7000e+01 9.0770e+03 9.4000e+01 8.6100e+02 1.8300e+02 9.4000e+01 1.0500e+02
9.9000e+01 1.1100e+02 1.0900e+02 1.1200e+02 1.0200e+02 9.0370e+03 9.7000e+01 8.2000e+01 1.0600e+02 1.1000e+02
9.6000e+01 8.6000e+01 8.7710e+03 1.0700e+02 9.7000e+01 1.2200e+02 1.1000e+02 9.5000e+01 8.6000e+01 1.0900e+02
9.5000e+01 1.0100e+02 1.1300e+02 9.3000e+01 1.0400e+02 9.9000e+01 8.4720e+03 1.0500e+02 9.4000e+01 8.4000e+01
8.7190e+03 9.4000e+01 1.1500e+02 1.1000e+02 1.0400e+02 1.0000e+02 1.1100e+02 1.1400e+02 9.6000e+01 9.9000e+01
9.1000e+01 7.2300e+02 4.3900e+02 1.0000e+02 8.5000e+01 8.2000e+01 9.8000e+01 8.9920e+03 9.1000e+01 1.1200e+02
1.1000e+02 9.6000e+01 9.0000e+01 1.7900e+02 9.7000e+01 8.5000e+01 1.1800e+02 1.0200e+02 9.0920e+03 1.0200e+02
1.1200e+02 8.5630e+03 1.1000e+02 8.4000e+01 8.1000e+01 9.5000e+01 1.1200e+02 8.4000e+01 8.2000e+01 1.3400e+02
