8.3333e-01 1.2871e-01 1.7476e-01 8.1000e-01 5.1579e-01 5.3409e-01 3.0928e-01 1.8692e-01 8.8462e-01 9.6581e-01
1.3580e-01 5.5435e-01 1.3830e-01 1.0000e+00 5.4000e-01 2.5490e-01 8.0460e-01 6.3291e-02 7.0707e-02 9.7000e-01
9.7391e-01 4.4330e-01 4.0404e-02 6.2887e-01 7.6667e-01 6.7742e-01 9.8148e-01 8.1148e-01 4.4681e-01 4.2857e-01
8.0612e-01 7.6577e-01 8.2569e-01 5.1786e-01 6.3636e-01 9.9074e-01 1.1340e-01 5.3659e-01 4.2453e-01 8.1651e-01
0.0000e+00 1.3953e-01 8.8372e-01 6.8041e-01 2.4742e-01 2.9508e-01 6.3636e-02 4.9474e-01 1.8605e-01 3.0275e-01
7.4194e-01 3.9604e-01 1.0619e-01 1.0753e-01 5.4455e-01 4.1414e-01 9.7222e-01 7.4490e-01 1.5957e-01 5.4762e-01
8.4466e-01 4.4681e-01 3.1304e-01 2.8182e-01 5.8333e-01 5.1000e-01 4.5946e-01 1.5789e-01 5.3684e-01 6.0204e-01
5.2747e-01 9.7059e-01 9.5000e-01 2.9000e-01 0.0000e+00 3.6585e-01 5.1020e-01 8.2906e-01 4.1758e-01 2.6786e-02
2.1818e-01 4.6875e-01 1.4444e-01 7.2449e-01 4.8454e-01 1.1765e-02 3.3898e-01 5.6863e-01 6.9106e-01 4.9020e-01
3.5714e-02 9.9029e-01 1.8182e-01 1.6667e-01 1.7284e-01 2.5263e-01 1.7857e-01 4.6429e-01 5.0000e-01 5.1493e-01
