1.5000e+01 5.0000e+00 8.0000e+00 1.0000e+01 1.1000e+01 1.0000e+01 6.0000e+00 1.0000e+01 5.1000e+01 9.3970e+03
3.0000e+00 1.1000e+01 7.0000e+00 9.7920e+03 7.0000e+00 3.0000e+00 1.8000e+01 2.0000e+00 6.0000e+00 6.5000e+01
9.4900e+02 9.0000e+00 0.0000e+00 1.9000e+01 7.3490e+03 8.0000e+00 6.6900e+02 1.3000e+01 1.6000e+01 7.0000e+00
1.5000e+01 2.1000e+01 1.6000e+01 1.3000e+01 2.3000e+01 9.5950e+03 1.0000e+00 1.1000e+01 1.4000e+01 1.4000e+01
0.0000e+00 4.0000e+00 8.1920e+03 3.2000e+01 5.0000e+00 8.0000e+00 2.0000e+00 1.2000e+01 6.0000e+00 8.0000e+00
3.8000e+01 9.0000e+00 5.0000e+00 5.0000e+00 1.0000e+01 8.0000e+00 8.8210e+03 1.4000e+01 6.0000e+00 1.8000e+01
7.3440e+03 5.0000e+00 9.0000e+00 9.0000e+00 2.4500e+02 1.4000e+01 1.2000e+01 2.0000e+00 1.7000e+01 1.1000e+01
1.0000e+01 3.2600e+02 6.3800e+02 4.0000e+00 1.0000e+00 1.1000e+01 1.5000e+01 8.1090e+03 7.0000e+00 0.0000e+00
7.0000e+00 1.2000e+01 2.0000e+00 9.8000e+01 7.0000e+00 0.0000e+00 9.0000e+00 2.4000e+01 6.9290e+03 1.1000e+01
2.0000e+00 9.3300e+03 9.0000e+00 3.0000e+00 3.0000e+00 8.0000e+00 2.0000e+00 1.1000e+01 1.3000e+01 1.4000e+01
