1.2000e+01 0.0000e+00 1.0000e+00 0.0000e+00 3.0000e+00 1.6000e+01 0.0000e+00 0.0000e+00 4.5000e+01 9.6150e+03
0.0000e+00 1.0000e+00 0.0000e+00 1.0061e+04 2.0000e+00 0.0000e+00 0.0000e+00 0.0000e+00 0.0000e+00 1.0000e+01
5.7900e+02 0.0000e+00 0.0000e+00 0.0000e+00 7.7740e+03 2.8000e+01 6.6700e+02 1.6000e+01 0.0000e+00 0.0000e+00
2.0000e+00 1.0000e+00 7.7210e+03 1.0000e+00 1.0000e+00 5.9820e+03 0.0000e+00 0.0000e+00 1.0000e+00 5.0000e+00
0.0000e+00 0.0000e+00 0.0000e+00 0.0000e+00 0.0000e+00 0.0000e+00 0.0000e+00 5.6090e+03 0.0000e+00 0.0000e+00
1.1000e+01 0.0000e+00 0.0000e+00 0.0000e+00 1.0000e+00 1.0000e+00 9.0040e+03 4.0000e+00 0.0000e+00 0.0000e+00
7.6680e+03 0.0000e+00 0.0000e+00 0.0000e+00 4.0000e+00 1.3000e+01 0.0000e+00 0.0000e+00 0.0000e+00 2.0000e+00
1.0000e+00 4.1180e+03 0.0000e+00 0.0000e+00 0.0000e+00 1.6120e+03 0.0000e+00 1.0000e+00 2.0000e+00 0.0000e+00
1.0000e+00 0.0000e+00 0.0000e+00 5.0000e+00 1.0000e+00 0.0000e+00 1.0000e+00 0.0000e+00 7.3560e+03 0.0000e+00
0.0000e+00 5.8350e+03 0.0000e+00 0.0000e+00 0.0000e+00 1.0000e+00 1.0000e+00 0.0000e+00 3.0000e+00 5.9000e+01
