6.3265e-01 4.5833e-01 8.5382e-01 7.1605e-01 2.3077e-01 0.0000e+00 5.5882e-01 2.8571e-01 9.8094e-01 9.9817e-01 8.6822e-01 9.6604e-01 8.0000e-01 9.0062e-01 7.5724e-01 4.8649e-01 7.6979e-01 4.7977e-01 6.8741e-01 4.1791e-01 6.1702e-01 9.6451e-01 9.5171e-01 9.9552e-01 4.2857e-01 9.0907e-01 7.5701e-01 5.2190e-01 4.6154e-01 8.7821e-01 8.3333e-01 3.5294e-01 8.8627e-01 9.8897e-01 4.5455e-01 4.5455e-01 8.6848e-01 6.8182e-01 4.8000e-01 9.3262e-01 9.2461e-01 3.8889e-01 9.6862e-01 9.8640e-01 1.1111e-01 3.2000e-01 1.4286e-01 3.8889e-01 4.2857e-01 7.3203e-01
2.8571e-01 3.5294e-01 5.0000e-01 0.0000e+00 1.1111e-01 3.8095e-01 0.0000e+00 5.3333e-01 1.0000e+00 1.0000e+00 0.0000e+00 0.0000e+00 2.5000e-01 0.0000e+00 4.9296e-01 0.0000e+00 2.3529e-01 4.0127e-01 3.5714e-01 1.6667e-01 1.1111e-01 5.5882e-01 1.1111e-01 1.0000e+00 2.8571e-01 1.8182e-01 2.5000e-01 1.8519e-01 5.0000e-01 1.0000e-01 1.1111e-01 3.5294e-01 1.0000e-01 1.0000e+00 5.5882e-01 4.2105e-01 1.1111e-01 0.0000e+00 2.8571e-01 0.0000e+00 1.1111e-01 0.0000e+00 1.0000e+00 1.0000e+00 2.0000e-01 1.4286e-01 8.3333e-02 0.0000e+00 1.4286e-01 5.1351e-01
8.4528e-01 6.9565e-01 9.9476e-01 3.8889e-01 0.0000e+00 2.3077e-01 1.0000e+00 6.1364e-01 1.0000e+00 1.0000e+00 9.4425e-01 0.0000e+00 1.1111e-01 1.0000e-01 6.0227e-01 0.0000e+00 8.3333e-02 4.0000e-02 5.2800e-01 4.6847e-01 1.8182e-01 1.1111e-01 6.0000e-01 1.0000e+00 6.7742e-01 1.0000e-01 6.0465e-01 1.8519e-01 9.1541e-01 1.6667e-01 5.7143e-01 1.0000e+00 8.3229e-01 1.0000e+00 2.8571e-01 5.0000e-01 0.0000e+00 6.9014e-01 1.1111e-01 6.6667e-01 1.8182e-01 1.1111e-01 1.0000e+00 1.0000e+00 4.2857e-01 1.8750e-01 8.3333e-02 9.8645e-01 4.3182e-01 9.0097e-01
2.0000e-01 4.5455e-01 1.0000e+00 0.0000e+00 0.0000e+00 4.1667e-01 1.0000e+00 0.0000e+00 1.0000e+00 1.0000e+00 5.0000e-01 2.8571e-01 2.8571e-01 5.3659e-01 0.0000e+00 2.2727e-01 8.3333e-02 3.4177e-01 3.7778e-01 5.3682e-01 7.9885e-01 5.1724e-01 3.8889e-01 1.0000e+00 5.7143e-01 6.9000e-01 7.2093e-01 6.2988e-01 5.8696e-01 5.6604e-01 8.6667e-01 1.0000e+00 4.4828e-01 1.0000e+00 6.8182e-01 6.6667e-01 4.8276e-01 2.5000e-01 7.2527e-01 3.8889e-01 4.3478e-01 5.8974e-01 1.0000e+00 1.0000e+00 1.1111e-01 7.8283e-01 4.7059e-01 1.0000e+00 5.2055e-01 3.8095e-01
6.7213e-01 4.5455e-01 1.0000e+00 2.0000e-01 3.6842e-01 6.4384e-01 1.0000e+00 7.2289e-01 1.0000e+00 1.0000e+00 5.0000e-01 6.1364e-01 8.0899e-01 2.3077e-01 3.4375e-01 4.4828e-01 8.0095e-01 4.8681e-01 3.4211e-01 5.9056e-01 5.9524e-01 3.5294e-01 2.5000e-01 1.0000e+00 3.5294e-01 4.1667e-01 9.1375e-01 4.9756e-01 8.2201e-01 2.5000e-01 3.3333e-01 1.0000e+00 1.6667e-01 1.0000e+00 9.1176e-01 7.7863e-01 5.4762e-01 6.1364e-01 5.1724e-01 1.1111e-01 4.8000e-01 6.0465e-01 1.0000e+00 1.0000e+00 3.8889e-01 5.7143e-01 6.2745e-01 1.0000e+00 5.9350e-01 8.5998e-01
9.9754e-01 1.0000e+00 1.0000e+00 9.5154e-01 9.1209e-01 3.6842e-01 1.0000e+00 9.2141e-01 1.0000e+00 1.0000e+00 6.5574e-01 7.4490e-01 9.6993e-01 8.3002e-01 5.8824e-01 7.6923e-02 7.4101e-01 4.0000e-02 7.1429e-01 2.1622e-01 9.5445e-01 9.9373e-01 9.9713e-01 1.0000e+00 1.0000e+00 7.9197e-01 9.7006e-01 5.4684e-01 9.1226e-01 0.0000e+00 9.8329e-01 1.0000e+00 3.6364e-01 1.0000e+00 9.7605e-01 9.7087e-01 9.1140e-01 9.6113e-01 9.5933e-01 9.9487e-01 9.4671e-01 9.6225e-01 1.0000e+00 1.0000e+00 9.8964e-01 6.9430e-01 3.6667e-01 1.0000e+00 6.0294e-01 5.0000e-01
1.0000e+00 1.0000e+00 1.0000e+00 7.2727e-01 9.1205e-01 0.0000e+00 1.0000e+00 9.6284e-01 1.0000e+00 1.0000e+00 3.5294e-01 0.0000e+00 1.0000e+00 4.4828e-01 2.1053e-01 7.4827e-01 7.6341e-01 6.8966e-02 0.0000e+00 4.9147e-01 7.8882e-01 1.0000e+00 1.0000e+00 1.0000e+00 1.0000e+00 0.0000e+00 1.0000e+00 5.8916e-01 6.4062e-01 2.1429e-01 1.0000e+00 1.0000e+00 3.5000e-01 1.0000e+00 1.0000e+00 1.0000e+00 1.1111e-01 1.1111e-01 5.3125e-01 1.0000e+00 7.5781e-01 3.5294e-01 1.0000e+00 1.0000e+00 1.0000e+00 3.2000e-01 0.0000e+00 1.0000e+00 7.8458e-01 0.0000e+00
1.0000e+00 1.0000e+00 1.0000e+00 2.0000e-01 7.2650e-01 4.4000e-01 1.0000e+00 6.0000e-01 1.0000e+00 1.0000e+00 4.2857e-01 8.0124e-01 1.0000e+00 7.3418e-01 6.3498e-01 4.3860e-01 4.3243e-01 3.8783e-01 2.7586e-01 4.5055e-01 8.2328e-01 1.0000e+00 1.0000e+00 1.0000e+00 1.0000e+00 0.0000e+00 1.0000e+00 4.9215e-01 8.2085e-01 4.2857e-01 1.0000e+00 1.0000e+00 7.2781e-01 1.0000e+00 1.0000e+00 1.0000e+00 1.1111e-01 1.1111e-01 6.9014e-01 1.0000e+00 5.6757e-01 2.8571e-01 1.0000e+00 1.0000e+00 1.0000e+00 6.8125e-01 5.7447e-01 1.0000e+00 7.3540e-01 8.0800e-01
1.0000e+00 1.0000e+00 1.0000e+00 9.4729e-01 7.5796e-01 9.1439e-01 1.0000e+00 4.5833e-01 1.0000e+00 1.0000e+00 7.0588e-01 6.6667e-01 1.0000e+00 7.9938e-01 6.3052e-01 3.1034e-01 4.3243e-01 4.6453e-01 6.3017e-01 5.7641e-01 6.0870e-01 1.0000e+00 1.0000e+00 1.0000e+00 1.0000e+00 7.8889e-01 1.0000e+00 5.6262e-01 8.5989e-01 8.1498e-01 1.0000e+00 1.0000e+00 6.0870e-01 1.0000e+00 1.0000e+00 1.0000e+00 8.7429e-01 7.1765e-01 4.5455e-01 1.0000e+00 6.7188e-01 5.7895e-01 1.0000e+00 1.0000e+00 1.0000e+00 7.4220e-01 8.0194e-01 1.0000e+00 6.3333e-01 6.8932e-01
1.0000e+00 1.0000e+00 1.0000e+00 1.1111e-01 2.3077e-01 7.9245e-01 1.0000e+00 5.0000e-01 1.0000e+00 1.0000e+00 5.0000e-01 8.6525e-01 1.0000e+00 4.8387e-01 2.3810e-01 7.6923e-02 5.6627e-01 4.4672e-01 4.3750e-01 4.5455e-01 7.7622e-01 1.0000e+00 1.0000e+00 1.0000e+00 1.0000e+00 8.2258e-01 1.0000e+00 4.1667e-01 4.0000e-01 4.2857e-01 1.0000e+00 1.0000e+00 1.0000e-01 1.0000e+00 1.0000e+00 1.0000e+00 0.0000e+00 2.8571e-01 6.1364e-01 1.0000e+00 4.0000e-01 5.8974e-01 1.0000e+00 1.0000e+00 1.0000e+00 5.7282e-01 3.2000e-01 1.0000e+00 5.8036e-01 5.8000e-01
