2.6000e+01 2.9000e+01 2.7000e+01 3.3000e+01 3.3000e+01 1.5820e+03 9.5000e+01 2.9000e+01 2.9000e+01 3.2000e+01 2.1000e+01 2.9000e+01 1.8000e+01 2.6000e+01 2.9000e+01 3.0000e+01 2.2000e+01 3.2000e+01 2.5000e+01 2.2000e+01 2.3000e+01 3.2000e+01 1.6000e+01 2.6000e+01 1.7000e+01 2.4000e+01 3.0000e+01 1.6000e+01 2.7000e+01 2.4000e+01 1.8000e+01 2.4000e+01 1.9000e+01 2.6000e+01 2.6000e+01 4.2990e+03 2.8000e+01 3.3000e+01 2.8000e+01 2.7000e+01 2.6000e+01 2.4000e+01 2.2000e+01 2.5000e+01 2.4000e+01 2.3000e+01 6.9000e+01 1.8000e+01 2.4000e+01 2.0000e+01
2.4000e+01 2.3000e+01 2.2000e+01 1.7000e+01 1.9000e+01 1.7000e+01 2.5000e+01 1.9000e+01 2.9000e+01 3.1000e+01 2.3000e+01 4.8340e+03 2.3000e+01 2.4000e+01 2.1000e+01 3.0000e+01 2.6000e+01 2.0000e+01 2.4000e+01 2.4000e+01 2.6000e+01 2.0000e+01 2.8000e+01 2.3000e+01 2.5000e+01 2.3000e+01 3.1000e+01 1.7000e+01 1.7000e+01 2.4000e+01 2.8000e+01 1.9510e+03 2.6000e+01 2.9000e+01 4.3000e+01 2.3000e+01 2.4000e+01 3.5000e+01 2.2000e+01 2.1000e+01 2.6000e+01 3.5000e+01 2.5000e+01 3.4000e+01 2.7000e+01 2.1000e+01 3.2000e+01 2.7000e+01 1.7000e+01 2.7000e+01
3.2000e+01 2.0000e+01 3.7000e+01 2.4000e+01 1.7000e+01 3.3000e+01 2.0000e+01 2.0000e+01 2.6000e+01 2.8000e+01 2.2000e+01 2.3000e+01 1.9000e+01 3.0000e+01 2.2000e+01 2.8000e+01 2.3000e+01 2.9000e+01 2.8000e+01 2.6000e+01 2.0000e+01 3.3000e+01 2.0000e+01 2.4000e+01 2.0000e+01 2.3000e+01 3.0000e+01 2.0000e+01 2.2000e+01 3.9380e+03 1.5000e+01 1.9000e+01 2.4000e+01 2.8000e+01 3.1000e+01 2.5000e+01 2.4000e+01 1.5000e+01 2.8000e+01 2.5000e+01 3.3000e+01 2.2000e+01 2.7000e+01 3.0000e+01 2.8000e+01 2.2000e+01 3.7000e+01 2.5000e+01 2.4000e+01 2.9000e+01
3.4000e+01 2.2000e+01 2.1000e+01 3.2000e+01 1.7000e+01 2.4000e+01 2.9000e+01 2.4000e+01 2.2000e+01 2.9000e+01 2.3000e+01 1.8000e+01 2.8000e+01 1.8000e+01 2.9000e+01 2.2000e+01 2.5000e+01 1.9000e+01 2.7000e+01 1.9000e+01 2.5000e+01 2.7000e+01 4.8060e+03 2.6000e+01 1.8000e+01 1.9000e+01 2.0000e+01 2.5000e+01 2.1000e+01 9.3600e+02 2.4000e+01 2.7000e+01 2.3000e+01 2.5000e+01 2.6000e+01 1.8000e+01 3.1000e+01 2.8000e+01 1.7000e+01 2.0000e+01 2.4000e+01 2.6000e+01 2.2000e+01 3.1000e+01 3.8000e+01 3.2000e+01 2.8000e+01 3.4000e+01 2.7000e+01 2.2000e+01
2.5000e+01 3.0000e+01 2.0000e+01 1.8000e+01 2.7000e+01 1.9000e+01 8.8100e+02 2.4000e+01 2.7000e+01 3.0000e+01 2.3000e+01 2.7000e+01 2.2000e+01 2.2000e+01 2.6000e+01 2.2000e+01 2.4000e+01 2.2000e+01 2.3000e+01 2.9000e+01 3.0000e+01 2.3000e+01 2.6000e+01 1.5000e+01 3.2000e+01 2.5000e+01 2.4000e+01 3.3000e+01 2.5720e+03 2.4000e+01 2.8000e+01 1.9000e+01 2.5000e+01 2.2000e+01 2.1000e+01 1.7000e+01 3.4000e+01 1.8000e+01 7.0300e+02 2.8000e+01 2.6000e+01 1.9000e+01 2.8000e+01 2.0000e+01 3.3000e+01 2.0000e+01 2.3000e+01 1.8000e+01 2.3000e+01 2.3000e+01
2.3000e+01 2.2000e+01 2.9000e+01 2.6000e+01 1.9000e+01 2.0000e+01 3.5000e+01 1.7000e+01 4.7240e+03 1.8000e+01 2.7000e+01 2.0000e+01 2.4000e+01 2.4000e+01 2.1000e+01 2.5000e+01 2.9000e+01 3.0000e+01 2.6000e+01 2.8000e+01 3.4000e+01 2.3000e+01 2.8000e+01 2.6000e+01 2.1000e+01 2.5000e+01 3.2000e+01 2.0070e+03 2.8000e+01 2.1000e+01 2.1000e+01 3.1000e+01 1.3000e+01 1.7000e+01 2.2000e+01 2.8000e+01 1.8000e+01 1.9000e+01 2.1000e+01 1.0170e+03 2.6000e+01 2.6000e+01 2.0000e+01 2.7000e+01 9.7400e+02 1.9000e+01 2.0000e+01 2.0000e+01 1.6000e+01 2.4000e+01
9.8000e+01 2.6000e+01 2.2000e+01 2.4000e+01 1.6000e+01 2.6000e+01 1.6000e+01 2.4000e+01 2.1000e+01 2.3000e+01 2.7000e+01 2.6000e+01 2.5000e+01 1.8000e+01 3.7000e+01 2.9000e+01 3.1000e+01 2.8000e+01 2.1000e+01 2.7000e+01 2.3000e+01 2.4000e+01 2.9000e+01 3.8000e+01 2.5000e+01 2.4000e+01 2.1000e+01 3.0000e+01 2.9000e+01 2.2000e+01 2.7000e+01 2.3000e+01 2.3000e+01 2.7000e+01 3.0000e+01 2.6000e+01 3.2000e+01 3.0000e+01 2.4000e+01 2.7000e+01 3.2000e+01 2.9000e+01 2.5000e+01 2.2000e+01 2.1000e+01 7.0000e+00 2.4000e+01 1.3000e+01 2.2000e+01 3.1000e+01
2.5000e+01 1.9000e+01 2.6000e+01 2.1000e+01 2.9000e+01 1.8000e+01 2.0000e+01 2.2000e+01 1.7000e+01 2.8000e+01 1.7000e+01 2.7000e+01 3.2000e+01 2.4000e+01 2.5000e+01 2.4000e+01 2.0000e+01 2.5000e+01 2.7000e+01 1.8000e+01 2.4000e+01 2.7000e+01 1.6000e+01 2.5000e+01 2.5000e+01 2.4000e+01 2.2000e+01 2.3000e+01 2.7000e+01 1.7000e+01 2.2000e+01 2.6000e+01 2.7000e+01 1.9000e+01 2.5000e+01 1.8000e+01 2.3000e+01 3.1000e+01 2.3000e+01 1.9000e+01 2.2000e+01 1.3000e+01 3.0000e+01 3.0000e+01 3.0000e+01 1.6000e+01 2.8000e+01 2.0000e+01 3.2000e+01 1.9000e+01
2.7000e+01 2.7000e+01 2.6000e+01 2.0000e+01 2.3000e+01 3.0000e+01 2.9000e+01 2.1000e+01 3.1000e+01 2.5000e+01 2.3000e+01 3.0000e+01 2.5000e+01 3.4000e+01 2.0000e+01 2.3000e+01 2.2000e+01 2.6000e+01 2.5000e+01 2.2000e+01 2.5000e+01 2.0000e+01 2.6000e+01 2.0000e+01 2.2000e+01 3.5000e+01 3.1000e+01 2.5000e+01 1.9000e+01 2.9000e+01 2.5000e+01 2.0000e+01 2.6000e+01 2.6000e+01 2.1000e+01 2.9000e+01 2.9000e+01 2.8000e+01 2.0000e+01 2.0000e+01 2.0000e+01 2.1000e+01 2.3000e+01 2.8000e+01 2.4000e+01 2.2000e+01 2.8000e+01 2.8000e+01 2.6000e+01 2.3000e+01
3.2000e+01 1.5000e+01 3.0000e+01 3.2000e+01 4.9090e+03 1.5000e+01 2.1000e+01 2.8000e+01 1.6000e+01 4.6000e+01 2.2000e+01 3.0000e+01 2.6000e+01 2.2000e+01 2.0000e+01 2.2000e+01 2.9000e+01 2.6000e+01 2.4000e+01 1.8000e+01 1.9000e+01 2.5000e+01 2.3000e+01 2.7000e+01 2.3000e+01 3.0000e+01 2.6000e+01 2.6000e+01 2.6000e+01 2.3000e+01 2.8000e+01 2.2000e+01 2.4000e+01 2.8000e+01 2.6000e+01 2.4000e+01 2.6000e+01 1.8000e+01 2.4000e+01 2.7000e+01 2.6000e+01 2.5000e+01 1.9000e+01 2.4000e+01 2.2000e+01 3.1000e+01 2.8000e+01 2.9000e+01 2.6000e+01 2.7000e+01
1.9000e+01 1.4000e+01 2.3000e+01 2.7000e+01 2.2000e+01 2.4000e+01 2.4000e+01 2.4000e+01 2.1000e+01 3.0000e+01 2.1000e+01 3.1000e+01 2.3000e+01 2.7000e+01 2.4000e+01 2.4000e+01 2.5000e+01 1.8000e+01 1.6990e+03 2.4000e+01 3.6000e+01 3.3000e+01 2.2000e+01 4.7230e+03 3.8000e+01 4.2000e+01 2.8000e+01 2.4000e+01 2.1000e+01 2.5000e+01 5.5000e+01 1.9000e+01 2.5000e+01 1.8000e+01 2.3000e+01 2.9000e+01 2.4000e+01 2.0000e+01 2.6000e+01 2.4000e+01 2.5000e+01 2.9000e+01 2.5000e+01 2.6000e+01 2.1000e+01 2.1000e+01 2.6000e+01 1.8000e+01 2.5000e+01 2.3000e+01
2.1000e+01 2.0000e+01 2.3000e+01 2.8000e+01 2.3000e+01 2.3260e+03 2.6000e+01 2.0000e+01 2.2000e+01 2.4000e+01 3.7000e+01 2.9000e+01 3.2000e+01 2.3000e+01 2.2000e+01 2.4000e+01 3.1000e+01 2.1000e+01 3.0000e+01 2.7000e+01 2.2000e+01 2.3000e+01 2.3000e+01 2.7000e+01 2.5000e+01 1.9000e+01 4.1890e+03 1.8000e+01 3.3000e+01 1.9000e+01 2.1000e+01 2.1000e+01 2.1000e+01 2.7000e+01 3.4000e+01 2.3000e+01 2.0000e+01 1.9000e+01 2.1000e+01 2.5000e+01 2.2000e+01 2.8000e+01 1.7000e+01 3.5000e+01 2.2000e+01 3.1000e+01 2.7000e+01 3.2000e+01 1.8000e+01 2.6000e+01
2.2000e+01 2.8000e+01 4.0580e+03 2.4000e+01 2.7000e+01 3.2000e+01 2.5000e+01 3.1000e+01 2.8000e+01 2.5000e+01 2.6000e+01 3.0000e+01 2.0000e+01 3.6000e+01 1.9000e+01 2.6000e+01 2.2000e+01 2.2000e+01 3.1130e+03 4.0000e+01 2.5000e+01 2.2000e+01 2.0000e+01 2.4000e+01 3.0000e+01 2.3000e+01 2.8000e+01 2.1000e+01 2.0000e+01 2.4000e+01 2.8000e+01 2.2000e+01 2.2000e+01 2.9000e+01 1.2000e+01 3.7000e+01 6.8000e+01 2.1000e+01 2.0000e+01 1.3000e+01 2.6000e+01 2.4000e+01 2.7000e+01 3.0000e+01 2.8000e+01 1.4000e+01 2.2000e+01 1.8000e+01 2.9000e+01 3.0000e+01
2.2000e+01 3.1000e+01 2.3000e+01 2.1000e+01 2.4000e+01 1.7000e+01 2.9000e+01 2.6000e+01 2.2000e+01 2.5000e+01 2.6000e+01 1.8000e+01 2.4000e+01 3.0000e+01 2.5000e+01 2.6000e+01 2.8000e+01 2.3000e+01 2.6000e+01 2.3000e+01 1.9000e+01 4.8860e+03 1.7000e+01 4.0000e+01 2.8000e+01 1.8000e+01 2.2000e+01 2.2000e+01 3.5000e+01 2.0000e+01 2.8000e+01 2.4000e+01 2.4000e+01 2.2000e+01 3.0000e+01 2.7000e+01 2.7000e+01 3.3000e+01 3.0000e+01 3.0000e+01 3.0000e+01 1.9000e+01 2.7000e+01 2.2000e+01 2.4000e+01 2.2000e+01 2.8000e+01 2.8000e+01 2.5000e+01 2.5000e+01
3.7000e+01 2.7000e+01 2.1000e+01 1.8000e+01 2.9000e+01 2.6000e+01 2.0000e+01 2.0000e+01 2.5000e+01 2.1000e+01 2.1000e+01 1.6000e+01 2.5000e+01 4.8030e+03 2.8000e+01 2.4000e+01 2.3000e+01 2.3000e+01 2.1000e+01 2.2000e+01 1.8000e+01 3.0000e+01 1.9000e+01 2.3000e+01 2.0000e+01 3.5000e+01 2.7000e+01 2.7150e+03 2.5000e+01 2.5000e+01 2.9000e+01 1.9000e+01 2.6000e+01 1.5000e+01 2.8000e+01 2.5000e+01 1.9000e+01 2.4000e+01 2.3000e+01 2.6000e+01 3.4000e+01 2.7000e+01 2.6000e+01 2.2000e+01 2.9000e+01 2.6000e+01 2.6000e+01 2.9000e+01 4.8000e+01 2.5000e+01
2.2000e+01 2.4000e+01 2.1000e+01 1.8000e+01 3.0000e+01 4.1000e+01 2.4000e+01 1.7000e+01 3.1000e+01 2.6000e+01 2.2000e+01 2.1000e+01 2.8000e+01 2.5000e+01 2.9000e+01 2.5000e+01 1.9000e+01 2.7000e+01 2.3000e+01 2.9000e+01 2.9000e+01 2.1000e+01 2.2000e+01 2.9000e+01 2.4000e+01 2.4000e+01 2.5000e+01 3.5000e+01 2.7000e+01 2.5000e+01 2.6000e+01 2.8000e+01 2.6000e+01 1.3800e+02 4.6670e+03 2.4000e+01 2.3000e+01 4.0000e+01 2.6000e+01 1.6000e+01 1.9000e+01 1.9000e+01 2.7000e+01 2.6000e+01 2.4000e+01 1.8000e+01 2.2000e+01 3.7000e+01 2.5000e+01 2.2000e+01
2.5000e+01 2.7000e+01 2.3000e+01 2.2000e+01 2.9000e+01 2.6000e+01 3.1000e+01 1.9000e+01 2.9000e+01 2.7000e+01 4.7270e+03 1.9000e+01 2.1000e+01 3.0000e+01 2.6000e+01 2.6000e+01 2.8000e+01 2.7000e+01 2.5000e+01 1.7000e+01 2.0000e+01 2.1000e+01 3.1000e+01 2.6000e+01 2.8000e+01 2.9000e+01 2.5000e+01 2.1000e+01 2.3000e+01 3.1000e+01 2.6000e+01 2.2000e+01 2.8000e+01 2.4000e+01 2.7000e+01 1.5000e+01 3.1000e+01 2.4000e+01 2.4000e+01 3.0000e+01 2.1000e+01 1.9000e+01 2.4000e+01 3.1000e+01 2.3000e+01 2.2000e+01 2.0000e+01 2.9000e+01 3.3000e+01 2.2000e+01
3.9000e+01 4.4980e+03 1.5000e+01 2.7000e+01 2.8000e+01 3.0000e+01 2.5000e+01 2.2050e+03 1.4000e+01 1.6000e+01 2.8000e+01 3.7000e+01 3.6000e+01 1.4000e+01 2.7000e+01 2.5000e+01 2.8000e+01 2.6000e+01 1.9000e+01 2.3000e+01 2.1000e+01 3.0000e+01 2.4000e+01 2.1000e+01 2.6000e+01 1.8000e+01 2.3000e+01 2.7000e+01 2.5000e+01 2.4000e+01 2.6000e+01 2.4000e+01 2.4000e+01 2.8000e+01 1.5000e+01 2.4000e+01 1.0900e+02 2.2000e+01 2.1000e+01 2.4000e+01 2.8000e+01 2.0000e+01 3.0000e+01 2.4000e+01 1.7000e+01 2.1000e+01 2.3000e+01 2.7000e+01 2.2000e+01 3.3000e+01
2.7000e+01 2.4000e+01 2.2000e+01 2.6000e+01 2.5000e+01 2.9000e+01 2.4000e+01 1.7000e+01 2.6000e+01 1.6000e+01 4.5000e+01 1.7000e+01 2.7000e+01 2.3000e+01 2.0000e+01 2.2180e+03 2.2000e+01 2.7000e+01 2.2000e+01 2.7000e+01 2.4000e+01 2.5000e+01 2.0000e+01 2.2000e+01 1.6000e+01 1.5000e+01 2.1000e+01 1.7000e+01 2.8000e+01 2.2000e+01 3.0000e+01 2.4000e+01 2.9000e+01 2.1000e+01 1.9000e+01 1.7000e+01 1.9000e+01 2.0000e+01 2.0000e+01 2.6000e+01 2.5000e+01 2.4000e+01 2.1000e+01 1.5000e+01 1.9000e+01 2.2000e+01 1.9000e+01 3.0000e+01 3.4000e+01 1.9000e+01
2.5000e+01 2.8000e+01 3.2000e+01 2.1000e+01 1.9000e+01 2.2000e+01 1.9000e+01 1.8000e+01 2.5000e+01 2.4000e+01 3.2000e+01 2.2000e+01 2.4000e+01 2.2000e+01 2.8000e+01 2.5000e+01 2.2000e+01 2.3000e+01 2.2000e+01 3.0000e+01 3.0000e+01 2.2000e+01 2.2000e+01 2.5000e+01 2.5000e+01 2.4000e+01 2.6000e+01 1.6000e+01 2.3000e+01 2.5000e+01 1.4000e+01 1.9000e+01 2.0000e+01 2.0000e+01 2.9000e+01 2.6000e+01 2.1000e+01 3.3000e+01 1.9000e+01 2.1000e+01 2.1000e+01 3.4000e+01 1.9000e+01 2.4000e+01 1.4000e+01 2.5000e+01 2.3000e+01 2.6000e+01 2.3000e+01 3.6000e+01
2.1000e+01 2.7000e+01 2.0000e+01 3.1000e+01 2.4000e+01 2.1000e+01 3.4000e+01 2.2000e+01 2.3000e+01 3.2000e+01 2.0000e+01 2.2000e+01 2.6000e+01 1.7000e+01 2.1000e+01 1.1700e+02 2.3000e+01 2.6000e+01 2.5000e+01 2.0000e+01 3.0000e+01 2.3000e+01 2.5000e+01 2.4000e+01 2.3000e+01 2.5000e+01 1.6000e+01 2.3000e+01 3.4000e+01 2.5000e+01 2.1000e+01 2.0000e+01 2.9000e+01 2.4000e+01 2.7000e+01 2.3000e+01 2.4000e+01 2.1000e+01 3.2000e+01 2.3000e+01 1.7000e+01 2.9000e+01 2.5000e+01 2.3000e+01 3.1000e+01 2.8000e+01 2.2000e+01 2.0000e+01 2.6000e+01 4.7910e+03
1.9000e+01 2.0000e+01 2.5000e+01 2.4000e+01 2.6000e+01 2.5000e+01 2.1000e+01 2.7000e+01 1.9000e+01 2.0000e+01 2.3000e+01 2.2000e+01 1.3000e+01 1.9000e+01 1.9000e+01 2.8000e+01 2.8000e+01 1.9000e+01 2.9000e+01 2.0000e+01 2.2000e+01 2.9000e+01 2.4000e+01 1.8000e+01 2.3000e+01 3.0000e+01 2.8000e+01 2.5000e+01 2.4000e+01 2.2000e+01 2.3000e+01 2.8000e+01 2.2000e+01 4.6920e+03 2.9000e+01 1.9000e+01 2.3000e+01 1.9000e+01 2.8000e+01 2.3000e+01 1.9000e+01 2.2000e+01 3.0000e+01 2.1000e+01 2.9000e+01 2.4000e+01 2.2000e+01 3.2000e+01 3.5000e+01 3.3000e+01
3.8000e+01 1.9000e+01 2.8000e+01 1.9000e+01 1.3000e+01 2.0000e+01 2.6000e+01 1.9000e+01 3.3000e+01 2.5000e+01 2.8000e+01 2.3000e+01 2.4000e+01 1.6000e+01 2.3000e+01 3.0000e+01 3.1000e+01 2.6000e+01 2.8000e+01 2.8000e+01 1.9000e+01 2.0000e+01 2.2000e+01 1.7000e+01 2.4000e+01 2.6000e+01 2.2000e+01 2.5000e+01 2.9000e+01 3.2000e+01 1.5000e+01 2.8510e+03 3.6390e+03 1.7000e+01 2.4000e+01 2.2000e+01 2.4000e+01 1.7000e+01 2.3000e+01 3.0000e+01 2.2000e+01 2.3000e+01 2.8000e+01 3.3000e+01 3.0000e+01 2.6000e+01 2.0000e+01 2.2000e+01 2.9000e+01 2.3000e+01
1.9000e+01 2.1000e+01 2.5000e+01 2.6000e+01 2.2000e+01 2.9000e+01 2.2000e+01 2.7000e+01 2.4000e+01 1.9000e+01 2.4000e+01 2.9000e+01 2.6000e+01 2.7000e+01 2.6000e+01 3.3000e+01 2.1000e+01 2.9000e+01 2.4000e+01 2.9000e+01 3.0000e+01 2.2000e+01 1.3000e+01 2.9000e+01 1.8000e+01 4.8110e+03 1.8000e+01 2.1000e+01 1.9000e+01 2.3000e+01 2.0000e+01 2.8000e+01 2.6000e+01 2.1000e+01 2.2000e+01 6.1500e+02 2.5000e+01 2.0000e+01 3.4000e+01 2.4000e+01 2.5000e+01 2.3000e+01 2.6000e+01 1.9000e+01 3.2000e+01 2.2000e+01 2.3000e+01 2.6000e+01 2.2000e+01 2.9000e+01
2.9000e+01 1.9000e+01 1.9000e+01 2.0000e+01 2.3000e+01 1.7000e+01 2.4000e+01 2.9000e+01 3.6000e+01 2.1000e+01 2.5000e+01 2.6000e+01 2.9000e+01 2.8000e+01 2.5000e+01 2.8000e+01 1.7000e+01 2.7000e+01 2.8000e+01 1.8000e+01 2.6000e+01 2.5000e+01 2.2000e+01 2.9000e+01 2.6000e+01 3.0000e+01 1.8000e+01 4.7000e+01 2.6000e+01 2.6000e+01 2.8000e+01 2.3000e+01 2.5000e+01 2.4000e+01 2.5000e+01 2.3000e+01 2.7000e+01 3.1400e+02 3.2000e+01 2.9000e+01 2.1000e+01 2.4000e+01 2.6000e+01 2.1000e+01 3.8520e+03 2.2000e+01 2.6000e+01 1.9000e+01 2.9000e+01 1.7000e+01
2.1000e+01 2.9000e+01 1.3000e+01 3.3000e+01 2.7000e+01 1.6000e+01 2.6000e+01 1.8000e+01 2.3000e+01 2.7000e+01 2.6000e+01 2.0000e+01 2.5000e+01 3.2000e+01 2.7000e+01 1.5000e+01 2.4000e+01 2.1000e+01 2.8000e+01 2.7000e+01 2.7000e+01 3.0000e+01 2.6000e+01 6.0000e+01 2.7000e+01 1.5000e+01 3.3000e+01 1.6000e+01 2.6000e+01 3.4000e+01 3.4000e+01 3.1000e+01 2.5000e+01 2.1000e+01 2.8000e+01 2.4000e+01 3.1000e+01 4.3350e+03 3.1000e+01 2.3000e+01 2.9000e+01 2.2000e+01 3.2000e+01 2.0000e+01 2.6000e+01 2.5000e+01 2.3000e+01 3.1000e+01 3.0000e+01 2.1000e+01
2.4000e+01 2.5000e+01 2.2000e+01 2.3000e+01 3.0000e+01 1.8000e+01 3.7590e+03 2.4000e+01 2.1000e+01 2.3000e+01 2.2000e+01 3.2000e+01 2.8000e+01 2.7000e+01 3.0000e+01 2.7000e+01 2.7000e+01 2.3000e+01 1.2000e+01 2.6000e+01 2.8000e+01 3.1000e+01 1.5000e+01 2.7000e+01 3.5000e+01 2.2000e+01 2.0000e+01 2.9000e+01 1.7000e+01 2.1000e+01 1.8000e+01 2.3000e+01 2.0000e+01 2.0000e+01 1.6000e+02 2.5000e+01 2.0000e+01 3.5000e+01 1.9000e+01 2.2000e+01 2.3000e+01 2.0000e+01 2.4000e+01 2.8000e+01 2.1000e+01 1.6000e+01 2.9000e+01 3.1000e+01 2.6000e+01 1.8000e+01
3.5000e+01 2.1000e+01 3.2000e+01 3.0000e+01 2.2000e+01 3.4000e+01 2.2000e+01 2.7000e+01 2.1000e+01 2.5000e+01 2.1000e+01 3.1000e+01 2.3000e+01 2.2000e+01 2.8000e+01 2.8000e+01 2.2000e+01 3.5000e+01 2.9000e+01 2.2000e+01 1.9000e+01 2.8000e+01 1.4000e+01 3.6000e+01 1.8000e+01 3.6000e+01 2.2000e+01 3.6000e+01 2.3000e+01 1.9000e+01 2.3000e+01 2.2000e+01 2.2000e+01 3.3000e+01 2.3000e+01 2.1000e+01 2.3000e+01 2.5000e+01 2.8000e+01 2.3000e+01 3.0000e+01 3.1000e+01 2.6000e+01 2.4000e+01 2.9000e+01 4.8150e+03 4.0000e+01 2.4000e+01 2.3000e+01 2.7000e+01
2.0000e+01 2.7000e+01 6.1200e+02 4.7750e+03 1.3000e+01 2.9000e+01 1.3000e+01 1.6000e+01 3.1000e+01 3.0000e+01 2.1000e+01 3.0000e+01 2.1000e+01 2.9000e+01 2.6000e+01 2.0000e+01 3.5000e+01 2.1000e+01 2.6000e+01 3.1000e+01 1.9000e+01 1.6000e+01 2.5000e+01 2.1000e+01 2.4000e+01 2.2000e+01 2.3000e+01 2.2000e+01 2.6000e+01 2.2000e+01 2.8000e+01 1.7000e+01 1.3000e+01 3.8000e+01 2.1000e+01 2.6000e+01 2.1000e+01 2.7000e+01 3.0000e+01 2.8000e+01 4.7000e+01 2.2000e+01 2.3000e+01 2.1000e+01 1.7000e+01 2.7000e+01 2.0000e+01 2.5000e+01 3.3000e+01 1.6000e+01
2.9000e+01 2.1000e+01 2.9000e+01 2.8000e+01 1.7000e+01 2.4000e+01 2.1000e+01 2.8000e+01 2.5000e+01 2.6000e+01 2.5000e+01 2.4000e+01 3.8000e+01 2.3000e+01 2.3000e+01 2.3000e+01 3.1000e+01 1.9000e+01 1.7000e+01 2.6000e+01 2.6000e+01 2.1000e+01 2.0000e+01 2.9000e+01 2.2000e+01 3.1000e+01 3.0000e+01 2.4000e+01 2.3520e+03 3.0000e+01 2.1000e+01 2.0000e+01 2.2000e+01 3.1000e+01 2.7000e+01 2.7000e+01 2.5000e+01 2.7000e+01 1.7000e+01 2.7000e+01 2.1000e+01 2.8000e+01 2.5500e+02 3.2000e+01 5.7000e+01 2.7000e+01 4.7970e+03 2.8000e+01 3.4000e+01 1.8000e+01
1.6000e+01 2.6000e+01 3.2000e+01 3.0000e+01 1.3000e+01 2.4000e+01 2.3000e+01 2.9000e+01 2.9000e+01 1.2000e+01 3.2000e+01 2.5000e+01 2.3000e+01 1.9000e+01 2.5000e+01 3.1000e+01 2.3000e+01 2.5000e+01 2.4000e+01 2.8000e+01 1.1410e+03 2.8000e+01 1.9000e+01 2.1000e+01 4.7660e+03 1.8000e+01 1.3000e+01 2.1000e+01 2.6000e+01 2.9000e+01 2.5000e+01 2.7000e+01 1.7000e+01 2.4000e+01 2.4000e+01 2.7000e+01 1.6000e+01 2.9000e+01 2.5000e+01 1.9000e+01 2.9000e+01 3.0000e+01 2.3000e+01 2.8000e+01 2.3000e+01 2.0000e+01 3.0000e+01 4.1000e+01 2.3000e+01 2.6000e+01
2.9000e+01 2.5000e+01 1.6000e+01 2.6000e+01 2.0000e+01 2.1000e+01 2.3000e+01 3.5000e+01 2.8000e+01 1.0000e+01 2.2000e+01 5.2000e+01 3.0000e+01 1.9000e+01 4.7830e+03 2.5000e+01 2.9000e+01 2.6000e+01 2.7000e+01 2.7000e+01 3.2000e+01 1.7000e+01 2.2000e+01 2.6000e+01 2.9000e+01 2.8000e+01 2.3000e+01 2.4000e+01 2.6000e+01 2.0000e+01 3.1000e+01 2.3000e+01 1.9000e+01 2.3000e+01 2.8000e+01 2.3000e+01 2.8000e+01 1.9000e+01 3.5000e+01 2.5000e+01 2.4000e+01 4.1000e+01 2.9000e+01 3.0000e+01 2.6000e+01 3.0000e+01 1.3000e+01 2.7000e+01 2.0000e+01 3.1000e+01
2.7000e+01 2.6000e+01 2.1000e+01 2.2000e+01 2.4000e+01 3.8000e+01 1.7000e+01 2.9000e+01 2.8000e+01 2.3000e+01 2.4000e+01 3.2000e+01 1.5000e+01 2.4000e+01 6.5000e+01 1.6690e+03 2.5000e+01 2.5000e+01 1.7000e+01 4.2000e+01 2.1000e+01 2.8000e+01 3.3000e+01 2.0000e+01 2.2000e+01 2.9000e+01 2.6000e+01 2.7000e+01 2.9000e+01 2.8000e+01 2.1000e+01 3.0000e+01 2.4000e+01 2.5000e+01 3.6000e+01 2.5000e+01 2.6000e+01 3.6000e+01 4.1000e+01 3.3000e+01 2.3000e+01 4.6950e+03 2.2000e+01 2.5000e+01 1.9000e+01 1.8000e+01 3.0000e+01 2.1000e+01 3.0000e+01 1.9000e+01
2.8000e+01 2.5000e+01 2.3000e+01 2.4000e+01 2.3000e+01 2.6000e+01 2.4000e+01 2.5240e+03 2.5000e+01 1.8000e+01 2.9000e+01 2.4000e+01 4.8220e+03 2.4000e+01 2.1000e+01 2.5000e+01 2.5000e+01 2.9000e+01 1.1000e+01 2.0000e+01 2.5000e+01 2.8000e+01 3.4000e+01 2.5000e+01 3.2000e+01 2.4000e+01 2.6000e+01 1.9000e+01 1.3000e+01 2.0000e+01 2.1000e+01 2.1000e+01 2.0000e+01 2.7000e+01 2.7000e+01 3.0000e+01 2.7000e+01 1.4000e+01 2.6000e+01 1.5000e+01 2.9000e+01 2.8000e+01 2.7000e+01 2.2000e+01 2.2000e+01 1.7000e+01 2.6000e+01 2.5000e+01 2.4000e+01 2.5000e+01
2.5000e+01 2.3000e+01 3.2000e+01 1.4000e+01 3.0000e+01 2.2000e+01 1.5000e+01 2.9000e+01 2.4000e+01 2.2000e+01 2.5000e+01 1.7000e+01 2.6000e+01 3.2000e+01 2.6000e+01 2.5000e+01 3.0000e+01 2.2000e+01 3.0000e+01 2.0000e+01 2.8000e+01 2.5000e+01 2.9000e+01 3.9000e+01 1.5000e+01 2.8000e+01 2.5000e+01 2.3000e+01 2.9000e+01 3.4000e+01 2.3000e+01 2.4000e+01 2.4000e+01 2.5000e+01 1.6000e+01 3.9000e+01 2.0000e+01 2.9000e+01 3.0000e+01 2.5000e+01 2.0000e+01 2.5000e+01 2.1000e+01 3.4000e+01 3.1000e+01 3.1000e+01 2.7000e+01 2.6000e+01 1.9000e+01 2.9000e+01
2.3000e+01 1.9000e+01 2.7000e+01 2.4000e+01 3.3000e+01 3.0000e+01 2.5000e+01 2.9000e+01 2.6000e+01 2.7000e+01 2.8000e+01 2.5000e+01 2.2000e+01 2.4000e+01 3.2000e+01 2.9000e+01 2.2000e+01 2.2000e+01 3.6000e+01 2.6000e+01 2.9000e+01 2.2000e+01 2.2000e+01 2.2000e+01 2.1000e+01 2.6000e+01 2.0000e+01 2.2000e+01 3.1000e+01 3.0000e+01 3.4000e+01 2.1000e+01 3.0000e+01 2.1000e+01 2.0000e+01 2.2000e+01 4.2600e+03 1.8000e+01 2.9000e+01 2.5000e+01 2.5000e+01 2.9000e+01 2.2000e+01 1.9000e+01 2.4000e+01 2.3000e+01 2.2000e+01 2.5000e+01 4.2530e+03 2.5000e+01
2.6000e+01 2.6000e+01 2.8000e+01 2.3000e+01 2.0000e+01 2.4000e+01 2.2000e+01 2.0000e+01 2.2000e+01 2.8000e+01 2.3000e+01 1.7000e+01 1.9000e+01 2.2000e+01 1.9000e+01 2.3000e+01 2.9000e+01 2.8000e+01 1.6000e+01 2.4000e+01 2.5000e+01 2.5000e+01 2.3000e+01 2.4000e+01 2.9000e+01 2.8000e+01 2.1000e+01 2.9000e+01 2.5000e+01 2.5000e+01 2.2000e+01 2.1000e+01 1.4000e+01 3.0000e+01 3.2000e+01 3.1000e+01 2.5000e+01 2.7000e+01 2.6000e+01 2.0000e+01 2.1000e+01 2.9000e+01 2.8000e+01 1.6000e+01 2.4000e+01 2.6000e+01 2.3000e+01 2.3000e+01 2.4000e+01 2.7000e+01
1.8000e+01 2.0000e+01 2.2000e+01 2.1000e+01 2.3000e+01 1.0900e+03 3.4000e+01 4.6000e+01 1.7000e+01 1.8000e+01 3.4000e+01 3.0000e+01 1.7000e+01 3.0000e+01 2.6000e+01 2.7000e+01 2.5000e+01 2.7000e+01 2.7000e+01 2.6000e+01 3.1000e+01 2.0000e+01 2.1000e+01 2.6000e+01 3.1000e+01 2.7000e+01 2.9000e+01 1.9000e+01 2.5000e+01 2.8000e+01 2.0000e+01 2.3000e+01 2.7000e+01 2.6000e+01 2.1000e+01 1.5000e+01 2.5000e+01 3.5000e+01 2.5000e+01 3.2000e+01 1.6000e+01 2.3000e+01 3.7030e+03 2.0000e+01 2.6000e+01 2.2000e+01 2.1000e+01 2.0000e+01 2.5000e+01 1.9000e+01
2.5000e+01 3.0000e+01 2.5000e+01 2.1000e+01 2.2000e+01 2.3000e+01 2.5000e+01 2.1000e+01 2.2000e+01 3.1000e+01 3.2000e+01 2.1000e+01 3.1000e+01 1.9000e+01 2.4000e+01 2.8000e+01 2.4000e+01 4.7770e+03 2.6000e+01 2.3230e+03 2.1000e+01 2.4000e+01 2.6000e+01 2.9000e+01 2.6000e+01 3.5000e+01 2.5000e+01 2.0000e+01 2.5000e+01 2.9000e+01 2.3000e+01 2.5000e+01 2.0000e+01 2.6000e+01 2.6000e+01 2.7000e+01 3.1000e+01 2.0000e+01 2.7000e+01 3.0000e+01 2.4000e+01 2.0000e+01 2.6000e+01 3.1000e+01 2.7000e+01 1.9000e+01 2.3000e+01 3.3000e+01 2.1000e+01 2.0000e+01
2.0000e+01 3.4000e+01 2.4700e+02 2.9000e+01 2.0000e+01 1.8000e+01 2.1000e+01 2.1000e+01 2.2000e+01 3.0000e+01 2.8000e+01 2.1000e+01 2.0000e+01 2.4000e+01 2.5000e+01 3.6000e+01 2.3000e+01 5.8000e+01 2.5000e+01 2.7000e+01 1.5000e+01 2.9000e+01 2.7000e+01 2.2000e+01 1.7000e+01 2.3000e+01 2.3000e+01 2.4000e+01 2.1000e+01 2.4000e+01 4.6940e+03 2.5000e+01 2.5000e+01 2.3000e+01 1.8000e+01 2.6000e+01 4.1800e+02 2.3000e+01 2.7000e+01 2.4000e+01 1.5900e+03 2.3000e+01 2.4000e+01 1.4000e+01 1.9000e+01 1.9000e+01 3.1000e+01 2.4000e+01 2.1000e+01 3.2000e+01
2.7100e+02 2.7000e+01 2.4000e+01 2.0000e+01 2.4000e+01 2.2000e+01 1.9000e+01 2.7000e+01 2.3000e+01 3.2000e+01 2.3000e+01 2.4000e+01 3.3000e+01 2.1000e+01 1.4000e+01 1.8000e+01 3.1000e+01 3.0000e+01 2.5000e+01 3.1000e+01 3.3000e+01 2.3000e+01 2.7000e+01 3.1000e+01 2.8000e+01 2.8000e+01 1.9000e+01 2.0000e+01 2.2000e+01 2.5000e+01 2.6000e+01 1.8000e+01 2.2000e+01 2.1000e+01 1.9000e+01 2.4000e+01 1.8000e+01 2.5000e+01 2.5000e+01 2.1000e+01 1.9000e+01 2.5000e+01 3.0000e+01 2.4000e+01 3.1000e+01 2.8000e+01 2.7000e+01 4.7600e+03 1.9000e+01 3.7000e+01
2.6000e+01 3.4100e+02 2.6000e+01 2.3000e+01 2.1000e+01 2.7000e+01 2.7000e+01 2.4000e+01 2.2000e+01 2.3000e+01 2.2000e+01 2.2000e+01 2.6000e+01 2.4000e+01 3.2000e+01 2.8000e+01 4.7330e+03 2.3000e+01 1.7000e+01 2.5420e+03 2.9000e+01 2.4000e+01 2.2000e+01 2.9000e+01 3.0000e+01 2.3000e+01 1.4000e+01 2.7000e+01 3.0000e+01 2.0000e+01 2.0000e+01 1.5000e+01 3.4000e+01 1.9000e+01 1.9000e+01 2.4000e+01 2.0000e+01 2.4000e+01 2.2000e+01 2.2000e+01 2.5000e+01 2.9000e+01 2.3000e+01 2.8000e+01 2.9000e+01 2.2000e+01 2.8000e+01 2.4000e+01 5.8500e+02 2.4000e+01
2.9000e+01 2.4000e+01 2.7000e+01 2.0000e+01 1.4000e+01 2.2000e+01 1.7000e+01 2.3000e+01 2.4000e+01 3.0000e+01 4.1000e+01 2.5000e+01 2.3000e+01 2.3000e+01 2.3000e+01 1.9000e+01 2.2000e+01 2.3000e+01 3.2000e+01 2.3000e+01 2.2000e+01 2.5000e+01 2.1000e+01 3.6000e+01 3.2000e+01 2.7000e+01 2.2000e+01 2.3000e+01 1.9000e+01 1.5000e+01 3.1000e+01 3.2000e+01 2.2000e+01 2.8000e+01 2.3000e+01 1.9000e+01 2.7000e+01 2.7000e+01 2.5000e+01 1.8000e+01 2.2000e+01 1.9000e+01 2.1000e+01 2.4000e+01 2.1000e+01 2.8000e+01 3.0000e+01 1.8000e+01 2.6000e+01 1.6000e+01
2.2000e+01 2.7000e+01 2.2000e+01 1.9000e+01 2.7000e+01 2.0000e+01 3.0000e+01 2.0000e+01 3.1000e+01 2.1000e+01 2.1000e+01 1.9000e+01 2.3000e+01 2.0000e+01 1.8000e+01 2.8000e+01 2.2000e+01 2.3000e+01 2.1000e+01 1.7000e+01 2.8000e+01 2.2000e+01 2.7000e+01 2.4000e+01 2.3000e+01 2.3000e+01 2.9000e+01 3.0000e+01 3.5000e+01 2.6000e+01 2.0000e+01 2.6000e+01 1.5000e+01 2.2000e+01 1.8000e+01 2.0000e+01 2.4000e+01 2.6000e+01 2.1000e+01 3.7930e+03 1.9000e+01 3.0000e+01 2.9000e+01 2.4000e+01 1.5000e+01 3.0000e+01 2.3000e+01 2.9000e+01 1.9000e+01 2.0000e+01
4.5150e+03 2.8000e+01 1.9000e+01 2.0000e+01 2.8000e+01 3.1000e+01 2.4000e+01 1.7000e+01 2.8000e+01 2.2000e+01 2.2000e+01 1.8000e+01 1.4000e+01 2.0000e+01 2.6000e+01 8.6900e+02 2.2000e+01 1.1000e+01 3.7000e+01 2.4000e+01 2.5000e+01 2.4000e+01 1.7000e+01 2.6000e+01 2.3000e+01 1.8000e+01 2.9000e+01 2.1000e+01 2.6000e+01 5.8000e+01 2.5000e+01 2.9000e+01 2.4000e+01 2.1000e+01 2.4000e+01 2.4000e+01 2.3000e+01 2.1000e+01 1.9000e+01 2.8000e+01 1.9000e+01 2.2000e+01 9.0000e+02 2.6000e+01 3.3000e+01 2.6000e+01 2.1000e+01 1.6000e+01 3.0000e+01 2.7000e+01
2.6000e+01 2.8000e+01 2.7000e+01 2.5000e+01 2.7000e+01 2.6000e+01 2.3000e+01 3.3000e+01 2.4000e+01 2.0000e+01 2.7000e+01 1.4000e+01 2.3000e+01 3.5000e+01 2.0000e+01 1.6000e+01 2.9000e+01 1.9000e+01 2.6000e+01 2.2000e+01 2.6000e+01 3.2000e+01 2.3000e+01 2.5000e+01 2.2000e+01 3.3000e+01 6.6200e+02 2.0000e+01 2.1000e+01 2.3000e+01 2.5000e+01 2.7000e+01 2.4000e+01 2.1000e+01 2.9000e+01 2.7000e+01 2.3000e+01 2.4000e+01 2.5000e+01 2.7000e+01 2.2000e+01 1.4000e+01 2.0000e+01 4.8220e+03 2.2000e+01 1.9000e+01 2.0000e+01 2.0000e+01 1.4000e+01 1.3000e+01
2.0000e+01 2.5000e+01 2.3000e+01 1.6000e+01 2.5000e+01 3.1000e+01 3.4000e+01 2.1000e+01 2.5000e+01 2.9000e+01 2.5000e+01 2.4000e+01 3.0000e+01 2.7000e+01 2.9000e+01 2.9000e+01 1.8000e+01 2.7000e+01 2.5000e+01 2.9000e+01 1.5000e+01 2.1000e+01 3.0000e+01 3.2000e+01 2.6000e+01 2.5000e+01 1.8000e+01 3.1000e+01 2.4000e+01 1.9000e+01 2.6000e+01 2.2000e+01 2.2000e+01 2.8000e+01 1.9000e+01 2.5000e+01 2.2000e+01 2.3000e+01 3.0000e+01 2.6000e+01 1.9000e+01 3.1000e+01 3.0000e+01 9.0000e+00 2.6000e+01 2.7000e+01 2.7000e+01 2.9000e+01 2.6000e+01 2.2000e+01
2.3000e+01 1.7000e+01 2.5000e+01 2.0000e+01 1.9000e+01 2.2000e+01 2.5000e+01 2.2000e+01 2.3000e+01 2.1000e+01 1.9000e+01 2.0000e+01 2.7000e+01 2.4000e+01 2.0000e+01 3.0000e+01 2.7000e+01 3.0000e+01 3.1000e+01 2.1000e+01 3.6660e+03 2.5000e+01 2.0000e+01 2.2000e+01 1.6000e+01 1.8000e+01 3.1000e+01 2.5000e+01 1.7000e+01 1.8000e+01 2.6000e+01 2.3000e+01 2.4000e+01 2.6000e+01 2.0000e+01 2.0000e+01 1.8000e+01 1.7000e+01 3.3000e+01 2.7000e+01 3.2150e+03 2.0000e+01 3.1000e+01 2.5000e+01 2.3000e+01 3.0000e+01 3.6000e+01 3.0000e+01 3.0000e+01 2.4000e+01
2.9000e+01 2.4000e+01 2.5000e+01 1.4000e+01 2.7000e+01 3.2000e+01 3.3000e+01 2.6000e+01 2.2000e+01 2.6000e+01 2.8000e+01 2.2000e+01 2.9000e+01 2.3000e+01 3.0000e+01 2.2000e+01 2.2000e+01 2.3000e+01 2.3000e+01 2.6000e+01 3.0000e+01 1.5000e+01 2.8000e+01 2.3000e+01 2.0000e+01 2.9000e+01 3.1000e+01 1.7000e+01 1.8000e+01 2.8000e+01 2.7000e+01 1.6000e+01 1.8000e+01 1.7000e+01 1.6000e+01 2.6000e+01 3.3000e+01 2.9000e+01 4.1610e+03 2.3000e+01 2.4000e+01 3.1000e+01 1.7000e+01 2.3000e+01 3.0000e+01 2.4000e+01 1.6000e+01 2.6000e+01 3.3000e+01 2.5000e+01
2.3000e+01 2.7000e+01 2.0000e+01 2.4000e+01 2.9000e+01 2.9000e+01 2.9000e+01 1.6000e+01 2.4000e+01 4.7810e+03 2.2000e+01 2.8000e+01 1.9000e+01 1.8000e+01 2.9000e+01 3.2000e+01 2.5000e+01 1.8000e+01 2.1000e+01 2.5000e+01 2.1000e+01 2.0000e+01 1.7000e+01 2.3000e+01 2.0000e+01 1.8000e+01 1.9000e+01 2.5000e+01 1.8000e+01 2.1000e+01 2.3000e+01 2.1000e+01 1.1540e+03 2.1000e+01 2.9000e+01 9.0000e+00 2.7000e+01 3.1000e+01 2.4000e+01 1.9000e+01 2.1000e+01 2.9000e+01 1.8000e+01 1.8000e+01 1.7000e+01 2.1000e+01 2.7000e+01 2.3000e+01 2.4000e+01 3.9000e+01
