6.9000e+01 1.2000e+01 2.5000e+01 1.2000e+01 1.7000e+01 1.7000e+01 1.9000e+01 3.5000e+01 2.3000e+01 9.5630e+03
3.4000e+01 2.7000e+01 3.0000e+01 9.4960e+03 2.3000e+01 1.7000e+01 1.4000e+01 2.6000e+01 2.2000e+01 1.3600e+02
6.6400e+02 2.7000e+01 2.6000e+01 1.9000e+01 9.7820e+03 2.5000e+01 6.1100e+02 2.2000e+01 2.7000e+01 1.7000e+01
2.5000e+01 3.8000e+01 2.0000e+01 1.9000e+01 2.1000e+01 9.8000e+03 1.1000e+01 3.0000e+01 2.5000e+01 2.1000e+01
1.6000e+01 2.1000e+01 9.4660e+03 3.0000e+01 2.5000e+01 2.2000e+01 2.3000e+01 2.6000e+01 1.7000e+01 1.8000e+01
1.6000e+01 2.2000e+01 3.2000e+01 2.0000e+01 2.0000e+01 2.1000e+01 9.1810e+03 3.7000e+01 1.9000e+01 2.5000e+01
9.0120e+03 2.1000e+01 2.4000e+01 2.2000e+01 1.2800e+02 2.2000e+01 2.5000e+01 2.3000e+01 1.8000e+01 2.0000e+01
2.2000e+01 4.8000e+02 3.8400e+02 1.6000e+01 2.5000e+01 3.5000e+01 1.8000e+01 9.8540e+03 1.9000e+01 1.7000e+01
2.7000e+01 2.5000e+01 2.4000e+01 2.7900e+02 2.4000e+01 1.5000e+01 1.5000e+01 1.9000e+01 9.8680e+03 2.6000e+01
2.5000e+01 9.4180e+03 1.4000e+01 1.9000e+01 2.0000e+01 1.8000e+01 2.2000e+01 1.3000e+01 2.3000e+01 1.7000e+01
