9.4203e-01 8.3333e-02 2.4000e-01 6.6667e-01 4.1176e-01 5.8824e-01 3.6842e-01 5.7143e-02 8.2609e-01 9.6999e-01
1.1765e-01 3.3333e-01 1.6667e-01 9.9747e-01 5.2174e-01 2.9412e-01 7.8571e-01 0.0000e+00 9.0909e-02 9.7059e-01
9.8193e-01 2.2222e-01 1.5385e-01 7.3684e-01 7.8593e-01 6.0000e-01 9.7545e-01 6.3636e-01 3.7037e-01 6.4706e-01
7.2000e-01 6.8421e-01 7.5000e-01 7.3684e-01 6.6667e-01 9.8173e-01 0.0000e+00 3.3333e-01 3.6000e-01 9.0476e-01
0.0000e+00 4.7619e-02 8.8020e-01 7.0000e-01 2.4000e-01 2.2727e-01 8.6957e-02 5.3846e-01 2.3529e-01 3.3333e-01
6.2500e-01 4.5455e-02 1.2500e-01 1.0000e-01 6.0000e-01 3.8095e-01 9.6449e-01 7.5676e-01 3.1579e-01 5.2000e-01
8.2878e-01 4.2857e-01 3.3333e-01 2.2727e-01 6.4844e-01 5.9091e-01 5.6000e-01 2.1739e-01 4.4444e-01 4.5000e-01
4.5455e-01 9.5833e-01 9.5573e-01 4.3750e-01 0.0000e+00 4.0000e-01 6.1111e-01 8.2708e-01 4.7368e-01 0.0000e+00
1.1111e-01 2.8000e-01 1.2500e-01 7.7778e-01 4.5833e-01 0.0000e+00 5.3333e-01 5.2632e-01 7.3429e-01 3.8462e-01
1.2000e-01 9.9395e-01 2.1429e-01 1.0526e-01 1.5000e-01 3.3333e-01 2.2727e-01 3.0769e-01 3.4783e-01 4.7059e-01
