7.5000e-01 6.3158e-01 8.9610e-01 7.2727e-01 3.6765e-01 1.4085e-02 5.4167e-01 2.5000e-01 9.8750e-01 1.0000e+00 8.7654e-01 9.3939e-01 7.2464e-01 9.1667e-01 7.8947e-01 4.9180e-01 7.7273e-01 5.3704e-01 7.0270e-01 3.3824e-01 5.6250e-01 9.6875e-01 9.7101e-01 9.8611e-01 5.3846e-01 9.2308e-01 7.3529e-01 5.1316e-01 5.0685e-01 8.5965e-01 8.3750e-01 4.1071e-01 8.6154e-01 9.8551e-01 4.0580e-01 4.9206e-01 8.9610e-01 8.0645e-01 4.6000e-01 9.3902e-01 8.8889e-01 1.8824e-01 9.7468e-01 9.7590e-01 2.6562e-01 2.7273e-01 3.1646e-01 5.2459e-01 4.7887e-01 6.6197e-01
1.7073e-01 3.1944e-01 5.5405e-01 5.8824e-02 1.3333e-01 2.8205e-01 6.4935e-02 4.6667e-01 2.1429e-01 3.3333e-01 2.6786e-01 2.7397e-01 2.3188e-01 4.1667e-02 5.2239e-01 1.2500e-01 3.3929e-01 3.5294e-01 4.0000e-01 1.9178e-01 4.0299e-01 5.5882e-01 4.8529e-01 1.5493e-01 2.8125e-01 3.8824e-01 1.8841e-01 2.2857e-01 4.6575e-01 1.0714e-01 2.9851e-01 5.3165e-01 1.2000e-01 2.0968e-01 3.8028e-01 4.7761e-01 1.9444e-01 1.2088e-01 2.8049e-01 1.7949e-01 4.8193e-02 1.0976e-01 6.1429e-01 4.0580e-01 2.1918e-01 4.3939e-01 1.4286e-02 1.4286e-02 1.0811e-01 4.7458e-01
9.2537e-01 8.2353e-01 1.0000e+00 9.2593e-02 8.4507e-02 3.9655e-01 1.0000e+00 5.8824e-01 2.8986e-01 3.2895e-01 9.1045e-01 5.6338e-02 8.8235e-02 1.8966e-01 5.4286e-01 0.0000e+00 1.3514e-01 9.5890e-02 5.9494e-01 4.3636e-01 2.4390e-01 6.3291e-02 4.6032e-01 1.3514e-01 6.7797e-01 6.3514e-01 6.4789e-01 3.6765e-01 8.6842e-01 2.8571e-01 5.2500e-01 1.0000e+00 7.8824e-01 3.3333e-01 2.0548e-01 5.6923e-01 1.9444e-01 6.5672e-01 1.9048e-01 7.1875e-01 1.7333e-01 2.9851e-01 7.1429e-02 6.5152e-01 4.5000e-01 3.7097e-01 3.7975e-02 9.6667e-01 5.0000e-01 9.2063e-01
3.7838e-01 3.9759e-01 1.4286e-02 1.5517e-01 4.1096e-02 5.6923e-01 3.6842e-01 1.3699e-02 9.5890e-02 4.0000e-01 3.6364e-01 5.0746e-01 2.9412e-01 4.3478e-01 6.8493e-02 1.6883e-01 4.1667e-02 2.5000e-01 3.7879e-01 4.0323e-01 7.6056e-01 3.5616e-01 5.7333e-01 4.6575e-01 6.6154e-01 6.6667e-01 8.1333e-01 6.2821e-01 5.5556e-01 4.7368e-01 8.4615e-01 5.3846e-01 5.0000e-01 7.7333e-01 6.7797e-01 6.1667e-01 4.5763e-01 3.6923e-01 7.5610e-01 2.7941e-01 4.5455e-01 6.3291e-01 2.4390e-01 1.4286e-01 6.1972e-01 7.1622e-01 5.6944e-01 5.2703e-01 5.8621e-01 5.0000e-01
4.5455e-01 5.7143e-01 6.8235e-01 4.3750e-01 5.9259e-01 6.8919e-01 4.4578e-01 7.8873e-01 1.3846e-01 5.0000e-01 7.6923e-01 6.2338e-01 7.8947e-01 4.1429e-01 4.7692e-01 2.7586e-01 7.6056e-01 3.8028e-01 4.9254e-01 6.1429e-01 6.2712e-01 4.8571e-01 3.9241e-01 3.4211e-01 5.0746e-01 4.0541e-01 9.2000e-01 5.1282e-01 8.7302e-01 2.9231e-01 5.7812e-01 8.3333e-01 4.3750e-01 3.3333e-01 8.8571e-01 8.5882e-01 7.0130e-01 5.0000e-01 7.0270e-01 4.0984e-01 5.6000e-01 6.5476e-01 3.2941e-01 2.2857e-01 5.7692e-01 5.2703e-01 6.3158e-01 4.4776e-01 6.8056e-01 7.8082e-01
1.0000e+00 1.0000e+00 1.0000e+00 9.3506e-01 9.5946e-01 5.4545e-01 6.1111e-01 9.2958e-01 8.7692e-01 9.6923e-01 6.4286e-01 7.9412e-01 1.0000e+00 8.2716e-01 5.8442e-01 1.3514e-02 8.0282e-01 1.4035e-01 6.6667e-01 1.2000e-01 9.1176e-01 1.0000e+00 9.8592e-01 9.8750e-01 1.0000e+00 8.0645e-01 9.8462e-01 6.1728e-01 9.0000e-01 2.2785e-01 9.5588e-01 8.8889e-01 5.0000e-01 9.0164e-01 9.6970e-01 1.0000e+00 9.5161e-01 9.7436e-01 9.6053e-01 1.0000e+00 9.2727e-01 9.6154e-01 9.4737e-01 9.8507e-01 9.8718e-01 6.3768e-01 3.1429e-01 9.3827e-01 5.4286e-01 5.3704e-01
9.8718e-01 2.4675e-01 8.6667e-01 7.9221e-01 9.1781e-01 1.4667e-01 9.6774e-01 9.7436e-01 2.5714e-01 9.1892e-01 1.9178e-01 1.4286e-01 1.2500e-01 3.0000e-01 3.2759e-01 7.3333e-01 7.4026e-01 7.3171e-02 1.4925e-01 6.2025e-01 7.8667e-01 1.4925e-02 4.5000e-01 1.9643e-01 7.5000e-01 3.4286e-01 1.8519e-02 5.6522e-01 6.5823e-01 2.4658e-01 4.4444e-01 8.2353e-01 4.3478e-01 3.1746e-02 0.0000e+00 7.2727e-01 4.1429e-01 6.6667e-02 5.5696e-01 6.8919e-01 7.8333e-01 2.6154e-01 9.3590e-01 2.4286e-01 9.7222e-02 3.6765e-01 2.7027e-01 9.7500e-01 8.1159e-01 1.7333e-01
2.8947e-01 5.2778e-01 6.1644e-01 3.2394e-01 8.0282e-01 4.1333e-01 5.0667e-01 4.6377e-01 7.2368e-01 5.6716e-01 3.9062e-01 7.2941e-01 2.7632e-01 7.3750e-01 7.3077e-01 5.2778e-01 5.0704e-01 3.9683e-01 1.7391e-01 4.1818e-01 8.1579e-01 4.2188e-01 3.1818e-01 2.1795e-01 3.0380e-01 2.2059e-01 7.8481e-01 5.3030e-01 7.7143e-01 3.1081e-01 5.5738e-01 5.3968e-01 7.4667e-01 9.5082e-01 8.0000e-01 7.9032e-01 1.0667e-01 4.4444e-01 5.2778e-01 4.4578e-01 5.7831e-01 2.4561e-01 2.3188e-01 3.3871e-01 2.9762e-01 6.7647e-01 6.6197e-01 3.8889e-01 7.7193e-01 7.7419e-01
7.1622e-01 8.4615e-01 7.4648e-01 9.5946e-01 7.9268e-01 9.4937e-01 6.0227e-01 5.6338e-01 5.3165e-01 5.0769e-01 7.9570e-01 7.7778e-01 7.5714e-01 8.1609e-01 6.0526e-01 5.0000e-01 5.3226e-01 5.0000e-01 5.1316e-01 6.0274e-01 5.2874e-01 5.4167e-01 8.5714e-01 4.7826e-01 5.6923e-01 7.3333e-01 8.7097e-01 5.2000e-01 7.9710e-01 7.9032e-01 5.2055e-01 6.8852e-01 6.9863e-01 6.8421e-01 8.0952e-01 6.0976e-01 8.8608e-01 6.4407e-01 3.3784e-01 5.0000e-01 6.6129e-01 5.1351e-01 6.2500e-01 8.7273e-01 7.0513e-01 6.7143e-01 8.2857e-01 6.0759e-01 6.4634e-01 7.5949e-01
6.2069e-01 7.8125e-02 7.4324e-01 1.0959e-01 1.6471e-01 8.1818e-01 2.3457e-01 3.0159e-01 4.0541e-02 7.2464e-01 5.4545e-01 8.2278e-01 2.0779e-01 2.8571e-01 2.0833e-01 2.4051e-01 5.7377e-01 5.2055e-01 3.6364e-01 5.2459e-01 8.6567e-01 4.2623e-01 5.3425e-01 2.8571e-01 5.3165e-01 8.1944e-01 8.1013e-01 5.3571e-01 4.1096e-01 4.9351e-01 5.0000e-01 6.3636e-01 6.1538e-02 5.1351e-01 5.6667e-01 2.5316e-01 9.3023e-02 4.4444e-01 7.0149e-01 3.7975e-02 6.1842e-01 5.2174e-01 4.6914e-01 3.9024e-01 7.3611e-01 5.2000e-01 5.3165e-01 6.9014e-01 5.2222e-01 6.5000e-01
