5.4730e-01 2.7119e-01 7.4540e-01 2.4000e-01 6.0000e-01 6.6333e-01 6.4327e-01 7.1400e-01 6.0818e-01 5.5642e-01 3.5714e-01 3.9024e-01 3.7895e-01 3.5938e-01 3.2927e-01 4.2857e-01 1.2000e-01 1.1765e-01 8.3333e-02 2.4138e-01 5.0000e-01 1.7391e-01 3.0263e-01 4.0816e-01 2.7778e-01 2.8571e-01 5.9312e-01 1.0714e-01 7.1148e-01 3.3333e-01 6.4717e-01 7.6456e-01 6.0674e-01 6.5257e-01 4.8000e-01 1.6667e-01 2.4000e-01 8.0000e-01 5.0000e-01 2.8000e-01 5.9396e-01 0.0000e+00 3.3333e-01 4.1818e-01 0.0000e+00 1.5385e-01 3.7500e-01 7.5000e-01 1.8182e-01 6.0989e-01
3.6975e-01 4.1265e-01 0.0000e+00 0.0000e+00 7.1442e-01 0.0000e+00 2.2222e-01 4.6753e-01 1.0811e-01 1.2121e-01 0.0000e+00 0.0000e+00 3.4483e-02 0.0000e+00 5.7143e-02 4.5161e-01 3.3333e-02 0.0000e+00 1.5000e-01 3.9834e-01 5.0000e-02 3.4351e-01 4.2611e-01 8.3333e-02 1.6279e-01 9.0909e-02 1.5094e-01 0.0000e+00 5.9949e-01 7.0809e-01 1.1429e-01 0.0000e+00 0.0000e+00 3.3058e-01 1.3793e-01 2.0513e-01 8.0000e-02 1.4286e-01 1.0000e+00 0.0000e+00 0.0000e+00 1.7647e-01 2.2222e-01 2.2973e-01 1.0000e+00 6.7533e-01 0.0000e+00 2.1429e-01 3.9548e-01 7.4074e-02
1.5789e-01 2.6316e-01 1.2500e-01 6.2356e-01 4.6667e-01 5.7812e-01 6.2439e-01 4.5455e-01 6.0816e-01 6.4286e-01 7.0709e-01 3.4286e-01 5.9231e-01 6.3498e-01 4.7619e-02 6.0417e-01 5.3661e-01 4.4000e-01 4.6092e-01 4.2169e-01 7.1175e-01 3.0952e-01 2.6230e-01 6.6713e-01 6.5759e-01 2.9787e-01 3.9669e-01 3.6154e-01 6.6580e-01 0.0000e+00 2.1875e-01 3.7838e-01 6.2064e-01 6.1320e-01 5.8621e-01 2.8571e-01 6.5565e-01 5.0000e-01 1.0000e+00 3.3803e-01 6.6442e-01 2.8571e-01 8.3333e-01 4.0566e-01 2.5000e-01 4.1379e-01 2.7273e-01 1.0000e+00 5.9659e-01 1.9231e-01
1.0000e+00 4.2222e-01 8.8889e-01 7.7099e-01 3.3333e-01 8.9902e-01 1.0000e+00 6.1364e-01 5.8667e-01 9.0388e-01 1.8182e-01 9.4737e-01 7.8877e-01 5.6667e-01 1.3333e-01 0.0000e+00 1.8750e-01 7.6552e-01 6.4672e-01 0.0000e+00 6.0000e-01 9.0548e-01 7.6923e-02 1.0000e+00 0.0000e+00 4.1379e-01 7.4416e-01 3.8095e-01 0.0000e+00 1.0000e+00 2.1429e-01 6.4286e-01 7.1348e-01 1.6667e-01 4.5455e-01 0.0000e+00 8.9659e-01 5.0000e-01 1.0000e+00 9.0909e-02 8.6632e-01 7.1658e-01 0.0000e+00 7.1841e-01 0.0000e+00 1.0000e+00 9.0000e-01 5.0000e-01 9.4165e-01 1.6667e-01
5.8824e-02 1.8493e-01 0.0000e+00 0.0000e+00 1.1538e-01 0.0000e+00 3.6650e-01 0.0000e+00 0.0000e+00 0.0000e+00 0.0000e+00 1.4583e-01 0.0000e+00 0.0000e+00 0.0000e+00 4.4444e-01 2.0988e-01 3.1250e-02 2.1277e-02 4.2329e-01 4.7444e-01 8.6957e-02 3.0462e-01 2.0548e-01 5.0000e-02 2.6316e-02 0.0000e+00 0.0000e+00 3.7037e-02 1.3636e-01 2.2857e-01 4.0530e-01 4.8780e-02 1.1111e-01 3.1492e-01 0.0000e+00 0.0000e+00 9.0909e-02 9.2251e-01 0.0000e+00 1.3333e-01 0.0000e+00 0.0000e+00 0.0000e+00 1.4286e-01 1.0345e-01 0.0000e+00 7.0849e-01 7.6923e-02 0.0000e+00
2.3333e-01 2.3571e-01 1.4706e-01 4.1667e-02 0.0000e+00 5.0654e-01 0.0000e+00 0.0000e+00 0.0000e+00 1.2821e-01 4.2090e-01 2.0000e-01 3.1250e-02 2.3333e-01 3.7854e-01 4.8182e-01 1.0417e-01 1.3514e-01 6.6667e-02 0.0000e+00 1.2903e-01 0.0000e+00 0.0000e+00 0.0000e+00 2.4419e-01 3.4483e-02 0.0000e+00 0.0000e+00 3.0667e-01 7.5420e-01 0.0000e+00 3.2184e-01 2.5962e-01 0.0000e+00 3.5766e-01 7.6923e-02 0.0000e+00 1.0000e+00 1.0000e+00 1.0638e-01 3.7037e-02 2.0588e-01 1.0000e+00 0.0000e+00 7.9825e-01 0.0000e+00 2.8000e-01 9.0909e-02 9.6774e-02 0.0000e+00
2.6772e-01 3.9216e-02 3.0000e-01 1.8571e-01 1.1538e-01 9.3023e-02 2.9885e-01 7.8947e-02 0.0000e+00 2.2222e-01 5.7143e-02 6.2500e-02 9.6774e-02 1.2308e-01 1.4953e-01 5.9948e-01 2.3256e-02 7.5000e-02 6.5574e-02 1.1321e-01 1.1905e-01 5.2632e-02 2.5532e-01 2.9677e-01 9.8039e-02 1.3235e-01 4.2553e-02 6.3492e-02 2.2667e-01 5.8717e-01 8.1633e-02 2.0312e-01 0.0000e+00 1.0000e-01 1.6071e-01 1.1628e-01 0.0000e+00 9.0909e-02 3.1250e-01 6.0000e-02 7.1429e-02 1.3274e-01 1.5385e-01 1.0000e-01 1.4286e-01 1.0345e-01 1.0526e-01 3.0303e-01 0.0000e+00 6.9767e-02
6.3914e-01 5.7186e-01 3.6364e-01 4.0000e-01 4.3478e-01 3.5897e-01 3.1034e-01 4.6377e-01 6.1745e-01 6.2760e-01 2.8571e-01 8.3333e-02 3.2143e-01 3.1111e-01 5.4941e-01 6.1364e-01 6.1018e-01 7.2237e-01 2.6000e-01 5.6972e-01 6.2360e-01 3.2500e-01 5.3144e-01 7.5694e-01 4.8305e-01 6.6112e-01 3.2787e-01 5.7462e-01 6.8092e-01 0.0000e+00 4.8148e-01 4.4444e-01 6.2500e-02 4.3243e-01 5.0000e-01 5.9494e-01 4.8780e-01 5.0000e-01 5.0000e-01 6.2871e-01 3.7736e-01 4.9620e-01 6.6667e-01 4.6377e-01 6.6667e-01 6.7593e-01 5.7143e-01 1.0000e+00 4.4928e-01 3.8182e-01
1.4286e-01 2.5000e-02 2.7381e-01 4.9828e-01 5.3808e-01 2.7000e-01 4.2218e-01 3.9104e-01 2.0652e-01 2.8000e-01 2.0000e-01 5.2142e-01 1.2069e-01 1.8421e-01 1.1111e-01 5.0521e-01 2.9730e-01 2.1739e-01 2.3810e-01 2.1519e-01 0.0000e+00 3.8395e-01 2.8800e-01 2.9524e-01 1.3725e-01 3.9341e-01 6.6667e-02 1.1429e-01 3.5211e-01 5.3237e-01 2.5781e-01 1.9149e-01 1.4286e-01 2.9054e-01 5.0975e-01 5.0422e-01 3.7037e-02 3.6842e-01 2.5000e-01 1.6667e-01 1.9718e-01 5.5556e-02 8.4802e-01 3.3509e-01 1.5385e-01 1.6667e-01 7.1172e-01 2.1053e-01 1.3636e-01 3.5350e-01
0.0000e+00 7.0036e-01 0.0000e+00 1.0000e-01 1.0000e+00 8.2949e-01 4.6667e-01 8.2574e-01 4.2105e-01 5.6452e-01 4.1667e-01 8.7403e-01 6.7277e-01 6.7532e-01 7.1494e-01 0.0000e+00 6.8539e-01 8.4694e-01 7.1268e-01 8.1270e-01 7.5000e-01 2.1429e-01 1.5789e-01 2.8571e-01 5.1852e-01 5.8065e-01 6.8740e-01 2.6667e-01 1.0000e+00 0.0000e+00 2.3529e-01 7.9618e-01 8.0646e-01 8.3004e-01 5.4054e-01 9.1456e-01 8.9221e-01 3.3333e-01 0.0000e+00 6.2176e-01 3.4783e-01 2.5806e-01 7.5000e-01 7.8748e-01 3.3333e-01 0.0000e+00 9.2857e-01 0.0000e+00 2.6667e-01 8.4353e-01
