8.1000e+01 1.6000e+01 4.2130e+03 6.0000e+00 3.3000e+01 6.6200e+02 3.3000e+02 3.2280e+03 1.1750e+03 1.4300e+02 1.5000e+01 1.6000e+01 3.6000e+01 2.3000e+01 2.7000e+01 9.0000e+00 3.0000e+00 2.0000e+00 2.0000e+00 7.0000e+00 3.9000e+01 4.0000e+00 2.3000e+01 2.0000e+01 1.0000e+01 1.2000e+01 2.5190e+03 3.0000e+00 5.0800e+02 1.0000e+00 3.5070e+03 3.9390e+03 6.4800e+02 1.3730e+03 3.6000e+01 3.0000e+00 6.0000e+00 4.0000e+00 2.0000e+00 1.4000e+01 3.5400e+02 0.0000e+00 1.0000e+00 4.6000e+01 0.0000e+00 2.0000e+00 6.0000e+00 3.0000e+00 4.0000e+00 4.4400e+02
4.4000e+01 5.7400e+02 0.0000e+00 0.0000e+00 3.9150e+03 0.0000e+00 1.0000e+01 1.8000e+02 4.0000e+00 4.0000e+00 0.0000e+00 0.0000e+00 1.0000e+00 0.0000e+00 2.0000e+00 2.8000e+01 1.0000e+00 0.0000e+00 9.0000e+00 9.6000e+01 1.0000e+00 4.5000e+01 1.3090e+03 2.0000e+00 7.0000e+00 3.0000e+00 8.0000e+00 0.0000e+00 2.5760e+03 2.4500e+02 4.0000e+00 0.0000e+00 0.0000e+00 4.0000e+01 4.0000e+00 8.0000e+00 2.0000e+00 1.0000e+00 3.0000e+00 0.0000e+00 0.0000e+00 1.5000e+01 2.0000e+00 1.7000e+01 5.6140e+03 3.8460e+03 0.0000e+00 3.0000e+00 7.0000e+01 2.0000e+00
3.0000e+00 1.5000e+01 2.0000e+00 2.7000e+02 1.4000e+01 1.4800e+02 2.5600e+02 3.5000e+01 1.4450e+03 9.3600e+02 3.8770e+03 1.2000e+01 2.0020e+03 3.3730e+03 1.0000e+00 2.9000e+01 4.4700e+02 3.3000e+01 1.7100e+02 3.5000e+01 9.2100e+02 1.3000e+01 1.6000e+01 4.7700e+02 3.5510e+03 1.4000e+01 4.8000e+01 4.7000e+01 2.5500e+02 0.0000e+00 7.0000e+00 1.4000e+01 1.2270e+03 5.3900e+02 1.1900e+02 8.0000e+00 6.1500e+02 1.0000e+00 1.0000e+00 2.4000e+01 2.1720e+03 2.4000e+01 5.0000e+00 4.3000e+01 1.0000e+00 1.2000e+01 3.0000e+00 0.0000e+00 2.1000e+02 5.0000e+00
5.1180e+03 1.9000e+01 8.0000e+00 1.0100e+02 2.0000e+00 8.2800e+02 3.8840e+03 2.7000e+01 4.4000e+01 3.0280e+03 2.0000e+00 3.6000e+01 1.4190e+03 3.4000e+01 2.0000e+00 0.0000e+00 3.0000e+00 1.1100e+02 2.2700e+02 0.0000e+00 3.0000e+00 4.7230e+03 1.0000e+00 3.0000e+00 0.0000e+00 1.2000e+01 5.7300e+02 1.6000e+01 0.0000e+00 2.0000e+00 3.0000e+00 9.0000e+00 1.2700e+02 2.0000e+00 1.0000e+01 0.0000e+00 7.3700e+02 1.0000e+00 1.0000e+00 1.0000e+00 1.6850e+03 3.3070e+03 0.0000e+00 1.9900e+02 0.0000e+00 4.0000e+00 9.0000e+00 1.0000e+00 4.9540e+03 2.0000e+00
2.0000e+00 2.7000e+01 0.0000e+00 0.0000e+00 3.0000e+00 0.0000e+00 1.5100e+02 0.0000e+00 0.0000e+00 0.0000e+00 0.0000e+00 7.0000e+00 0.0000e+00 0.0000e+00 0.0000e+00 8.0000e+01 3.4000e+01 1.0000e+00 1.0000e+00 1.7050e+03 1.9860e+03 4.0000e+00 2.9700e+02 1.5000e+01 2.0000e+00 1.0000e+00 0.0000e+00 0.0000e+00 1.0000e+00 3.0000e+00 3.2000e+01 1.9900e+02 2.0000e+00 6.0000e+00 5.7000e+01 0.0000e+00 0.0000e+00 1.0000e+00 5.6310e+03 0.0000e+00 8.0000e+00 0.0000e+00 0.0000e+00 0.0000e+00 2.0000e+00 3.0000e+00 0.0000e+00 4.3310e+03 3.0000e+00 0.0000e+00
1.4000e+01 3.3000e+01 5.0000e+00 1.0000e+00 0.0000e+00 1.4710e+03 0.0000e+00 0.0000e+00 0.0000e+00 5.0000e+00 1.4900e+02 9.0000e+00 1.0000e+00 2.1000e+01 4.5500e+02 5.3000e+01 5.0000e+00 5.0000e+00 3.0000e+00 0.0000e+00 4.0000e+00 0.0000e+00 0.0000e+00 0.0000e+00 2.1000e+01 1.0000e+00 0.0000e+00 0.0000e+00 2.3000e+01 3.7250e+03 0.0000e+00 2.8000e+01 2.7000e+01 0.0000e+00 4.9000e+01 2.0000e+00 0.0000e+00 5.8860e+03 4.0000e+00 5.0000e+00 1.0000e+00 2.8000e+01 5.1640e+03 0.0000e+00 2.7300e+02 0.0000e+00 7.0000e+00 1.0000e+00 3.0000e+00 0.0000e+00
3.4000e+01 2.0000e+00 4.5000e+01 1.3000e+01 3.0000e+00 4.0000e+00 5.2000e+01 3.0000e+00 0.0000e+00 2.4000e+01 2.0000e+00 2.0000e+00 6.0000e+00 8.0000e+00 1.6000e+01 3.2090e+03 1.0000e+00 3.0000e+00 4.0000e+00 6.0000e+00 5.0000e+00 2.0000e+00 9.6000e+01 4.6000e+01 5.0000e+00 9.0000e+00 2.0000e+00 4.0000e+00 1.7000e+01 3.5700e+02 4.0000e+00 1.3000e+01 0.0000e+00 5.0000e+00 9.0000e+00 5.0000e+00 0.0000e+00 1.0000e+00 5.0000e+00 3.0000e+00 3.0000e+00 1.5000e+01 2.0000e+00 6.0000e+00 2.0000e+00 3.0000e+00 2.0000e+00 1.0000e+01 0.0000e+00 3.0000e+00
2.0900e+02 1.3250e+03 1.2000e+01 1.8000e+01 1.0000e+01 1.4000e+01 9.0000e+00 3.2000e+01 8.4900e+02 3.3200e+02 8.0000e+00 1.0000e+00 1.8000e+01 1.4000e+01 6.0600e+02 2.7000e+01 2.4090e+03 3.2290e+03 1.3000e+01 1.4300e+02 1.1100e+02 1.3000e+01 5.2400e+02 3.6280e+03 5.7000e+01 3.0570e+03 2.0000e+01 3.1420e+03 2.0700e+02 0.0000e+00 6.5000e+01 2.0000e+01 1.0000e+00 3.2000e+01 3.6000e+01 9.4000e+01 4.0000e+01 1.0000e+00 2.0000e+00 3.3070e+03 2.0000e+01 3.9200e+02 2.0000e+00 6.4000e+01 2.0000e+00 7.3000e+01 2.0000e+01 2.0000e+00 3.1000e+01 2.1000e+01
6.0000e+00 1.0000e+00 2.3000e+01 2.6130e+03 2.1900e+02 2.7000e+01 2.1700e+02 1.3100e+02 1.9000e+01 3.5000e+01 1.2000e+01 2.6530e+03 7.0000e+00 1.4000e+01 7.0000e+00 9.7000e+01 8.8000e+01 1.5000e+01 4.5000e+01 1.7000e+01 0.0000e+00 1.7700e+02 1.0800e+02 3.1000e+01 7.0000e+00 3.5800e+02 3.0000e+00 8.0000e+00 5.0000e+01 7.4000e+01 3.3000e+01 9.0000e+00 8.0000e+00 4.3000e+01 2.5610e+03 1.7940e+03 1.0000e+00 7.0000e+00 1.0000e+00 1.3000e+01 1.4000e+01 3.0000e+00 5.5800e+02 1.2700e+02 2.0000e+00 5.0000e+00 4.2340e+03 4.0000e+00 6.0000e+00 1.1100e+02
0.0000e+00 1.1640e+03 0.0000e+00 1.0000e+00 4.0000e+00 5.4000e+02 1.4000e+01 4.1700e+02 1.6000e+01 3.5000e+01 1.0000e+01 5.6200e+02 2.5700e+02 1.5600e+02 2.3300e+03 0.0000e+00 4.2700e+02 9.9600e+02 3.4180e+03 1.0110e+03 8.7000e+01 3.0000e+00 3.0000e+00 4.0000e+00 2.8000e+01 5.4000e+01 4.2000e+02 8.0000e+00 2.0000e+00 0.0000e+00 4.0000e+00 1.2500e+02 2.1210e+03 2.0170e+03 2.0000e+01 1.9160e+03 3.6170e+03 2.0000e+00 0.0000e+00 1.2000e+02 8.0000e+00 8.0000e+00 3.0000e+00 3.7500e+03 1.0000e+00 0.0000e+00 1.3000e+01 0.0000e+00 4.0000e+00 3.9300e+03
