2.1000e+01 1.0000e+00 1.0000e+00 3.0000e+00 1.0000e+00 1.0000e+00 1.0000e+00 1.0000e+00 9.9380e+03 6.4300e+02
1.0000e+00 2.0000e+00 1.0000e+00 4.3400e+02 1.0000e+00 1.0000e+00 4.0000e+00 1.0000e+00 1.0000e+00 9.4540e+03
9.8730e+03 3.0000e+00 1.0000e+00 1.0000e+00 2.0000e+00 4.0000e+00 1.8000e+02 7.0000e+00 1.0000e+00 1.0000e+00
1.0000e+00 3.0000e+00 1.0000e+00 1.0000e+00 3.6000e+01 9.9690e+03 1.0000e+00 2.0000e+00 1.0000e+00 4.0000e+00
1.0000e+00 1.0000e+00 9.9200e+03 3.0000e+00 1.0000e+00 1.0000e+00 1.0000e+00 2.0000e+00 2.0000e+00 1.0000e+00
3.0000e+00 4.0000e+00 1.0000e+00 1.0000e+00 3.0000e+00 1.0000e+00 9.9660e+03 1.0000e+00 1.0000e+00 5.0000e+00
1.0000e+00 1.4000e+01 2.0000e+00 1.0000e+00 9.9590e+03 3.8000e+01 2.0000e+00 1.0000e+00 1.0000e+00 1.0000e+00
2.0000e+00 6.6600e+02 1.0000e+00 1.0000e+00 1.0000e+00 1.0000e+00 1.0000e+00 9.9670e+03 4.0000e+00 1.0000e+00
2.0000e+00 1.0000e+00 1.0000e+00 9.5030e+03 3.0000e+00 1.0000e+00 1.0000e+00 2.0000e+00 1.0000e+00 1.0000e+00
1.0000e+00 9.2700e+03 1.0000e+00 2.0000e+00 1.0000e+00 1.0000e+00 1.0000e+00 2.0000e+00 1.7000e+01 1.0000e+00
