1.0140e+03 1.0040e+03 1.0670e+03 1.0370e+03 1.0270e+03 9.8700e+02 9.9500e+02 1.0100e+03 1.0430e+03 1.0210e+03
9.8300e+02 1.0260e+03 1.0120e+03 9.9600e+02 9.9400e+02 1.0840e+03 9.8000e+02 1.0160e+03 9.4200e+02 9.7400e+02
9.4700e+02 1.0380e+03 9.8100e+02 1.0360e+03 9.9600e+02 9.6600e+02 9.4000e+02 1.0340e+03 9.6600e+02 9.5600e+02
9.7300e+02 1.0420e+03 9.7000e+02 9.4600e+02 9.9800e+02 1.0200e+03 1.0410e+03 1.0570e+03 1.0120e+03 1.0100e+03
1.0020e+03 9.1000e+02 1.0220e+03 1.0070e+03 1.0100e+03 9.9500e+02 1.0350e+03 9.5600e+02 9.8500e+02 1.0290e+03
1.0600e+03 1.0000e+03 9.9900e+02 9.4000e+02 9.8300e+02 9.8800e+02 9.9500e+02 9.9600e+02 1.0040e+03 1.0140e+03
1.0020e+03 9.7100e+02 9.7400e+02 1.0340e+03 9.9700e+02 9.5500e+02 1.0170e+03 1.0010e+03 9.6900e+02 9.8400e+02
9.7700e+02 1.0050e+03 1.0310e+03 9.8600e+02 9.9000e+02 9.9300e+02 1.0330e+03 9.9300e+02 9.7100e+02 1.0060e+03
9.4000e+02 1.0040e+03 9.7400e+02 1.0330e+03 9.7600e+02 1.0060e+03 1.0220e+03 1.0040e+03 9.9700e+02 9.9700e+02
9.8700e+02 1.0180e+03 9.8200e+02 1.0340e+03 9.9000e+02 9.9400e+02 1.0210e+03 9.2800e+02 1.0800e+03 1.0530e+03
