8.6095e-01 1.4542e-01 2.5117e-01 7.2324e-01 4.9464e-01 5.5826e-01 3.6784e-01 2.0495e-01 9.0316e-01 9.6768e-01
1.6277e-01 5.8869e-01 2.4407e-01 9.9900e-01 5.4930e-01 2.6753e-01 7.2551e-01 5.4134e-02 1.0510e-01 9.6817e-01
9.8416e-01 4.5665e-01 5.6065e-02 6.4672e-01 8.1124e-01 5.8178e-01 9.6277e-01 7.7660e-01 5.5383e-01 5.2197e-01
7.5951e-01 7.6679e-01 8.0000e-01 5.6554e-01 7.2445e-01 9.7745e-01 1.6042e-01 3.9640e-01 3.5375e-01 8.5446e-01
9.9800e-03 1.4835e-01 8.8063e-01 7.0109e-01 2.6337e-01 2.7538e-01 6.8599e-02 5.9414e-01 1.8579e-01 3.2070e-01
6.7264e-01 4.5000e-01 1.0110e-01 1.4574e-01 5.1780e-01 4.2105e-01 9.5980e-01 7.5000e-01 2.2709e-01 5.7396e-01
8.2635e-01 4.8198e-01 2.8953e-01 3.0271e-01 6.0682e-01 5.8325e-01 5.1131e-01 2.1678e-01 4.6027e-01 6.2703e-01
5.3224e-01 9.6915e-01 9.5829e-01 3.0223e-01 1.5152e-02 3.8771e-01 5.8955e-01 8.1974e-01 5.0360e-01 1.6899e-02
2.3298e-01 4.7709e-01 1.4682e-01 7.6283e-01 4.6721e-01 4.2744e-02 4.3933e-01 5.3088e-01 7.3119e-01 4.5637e-01
3.8501e-02 9.9705e-01 2.1487e-01 1.7698e-01 1.2525e-01 2.5654e-01 1.9197e-01 4.7845e-01 4.3611e-01 5.9924e-01
