5.0000e-01 5.0000e-01 7.3362e-01 0.0000e+00 6.6667e-01 0.0000e+00 0.0000e+00 0.0000e+00 0.0000e+00 5.6250e-01 4.0134e-01 5.0000e-01 3.3333e-01 0.0000e+00 0.0000e+00 6.6667e-01 5.0000e-01 0.0000e+00 0.0000e+00 5.0000e-01 0.0000e+00 0.0000e+00 3.3333e-01 0.0000e+00 0.0000e+00 5.0000e-01 5.8289e-01 0.0000e+00 6.9422e-01 7.5000e-01 6.5331e-01 0.0000e+00 6.0853e-01 0.0000e+00 3.3333e-01 0.0000e+00 0.0000e+00 0.0000e+00 0.0000e+00 0.0000e+00 0.0000e+00 0.0000e+00 1.0000e+00 4.0000e-01 1.0000e+00 0.0000e+00 6.6667e-01 5.0000e-01 0.0000e+00 6.1382e-01
4.3577e-01 4.0851e-01 0.0000e+00 0.0000e+00 7.1902e-01 0.0000e+00 0.0000e+00 3.3333e-01 0.0000e+00 0.0000e+00 0.0000e+00 0.0000e+00 0.0000e+00 0.0000e+00 0.0000e+00 5.0000e-01 0.0000e+00 0.0000e+00 0.0000e+00 3.3333e-01 0.0000e+00 3.9430e-01 0.0000e+00 0.0000e+00 0.0000e+00 0.0000e+00 0.0000e+00 0.0000e+00 3.3333e-01 5.0000e-01 0.0000e+00 0.0000e+00 0.0000e+00 2.5000e-01 0.0000e+00 0.0000e+00 0.0000e+00 0.0000e+00 0.0000e+00 0.0000e+00 0.0000e+00 0.0000e+00 0.0000e+00 0.0000e+00 1.0000e+00 0.0000e+00 0.0000e+00 0.0000e+00 3.3333e-01 0.0000e+00
0.0000e+00 0.0000e+00 0.0000e+00 6.6667e-01 6.6667e-01 6.0899e-01 0.0000e+00 0.0000e+00 6.0449e-01 6.2289e-01 0.0000e+00 5.0000e-01 4.4444e-01 0.0000e+00 4.0000e-01 0.0000e+00 5.6094e-01 0.0000e+00 0.0000e+00 5.3125e-01 0.0000e+00 0.0000e+00 0.0000e+00 0.0000e+00 6.4753e-01 0.0000e+00 0.0000e+00 0.0000e+00 5.7143e-01 7.5000e-01 5.0000e-01 5.0000e-01 0.0000e+00 0.0000e+00 6.4319e-01 0.0000e+00 5.0000e-01 1.0000e+00 0.0000e+00 2.1429e-01 6.5347e-01 3.3333e-01 1.0000e+00 4.6970e-01 1.0000e+00 0.0000e+00 0.0000e+00 1.0000e+00 0.0000e+00 0.0000e+00
1.0000e+00 0.0000e+00 8.8889e-01 7.5000e-01 1.0000e+00 9.3103e-01 1.0000e+00 5.0000e-01 0.0000e+00 9.1500e-01 5.0000e-01 9.1525e-01 7.8888e-01 7.3138e-01 0.0000e+00 0.0000e+00 0.0000e+00 7.5000e-01 0.0000e+00 0.0000e+00 9.4037e-01 0.0000e+00 0.0000e+00 9.8361e-01 0.0000e+00 6.6667e-01 8.1818e-01 5.0000e-01 0.0000e+00 1.0000e+00 0.0000e+00 0.0000e+00 5.0000e-01 0.0000e+00 5.0000e-01 0.0000e+00 8.0000e-01 1.0000e+00 1.0000e+00 0.0000e+00 5.0000e-01 0.0000e+00 0.0000e+00 0.0000e+00 5.0000e-01 9.9073e-01 5.0000e-01 1.0000e+00 9.3796e-01 0.0000e+00
0.0000e+00 0.0000e+00 0.0000e+00 0.0000e+00 3.3333e-01 0.0000e+00 0.0000e+00 0.0000e+00 0.0000e+00 0.0000e+00 0.0000e+00 3.3333e-01 0.0000e+00 0.0000e+00 0.0000e+00 0.0000e+00 0.0000e+00 0.0000e+00 0.0000e+00 0.0000e+00 0.0000e+00 0.0000e+00 0.0000e+00 0.0000e+00 0.0000e+00 0.0000e+00 0.0000e+00 0.0000e+00 0.0000e+00 0.0000e+00 3.3333e-01 3.9562e-01 0.0000e+00 0.0000e+00 3.3333e-01 0.0000e+00 0.0000e+00 0.0000e+00 9.1635e-01 0.0000e+00 0.0000e+00 0.0000e+00 0.0000e+00 0.0000e+00 0.0000e+00 0.0000e+00 0.0000e+00 7.1726e-01 0.0000e+00 0.0000e+00
3.3333e-01 3.3333e-01 0.0000e+00 0.0000e+00 0.0000e+00 5.0556e-01 0.0000e+00 0.0000e+00 0.0000e+00 3.3333e-01 0.0000e+00 0.0000e+00 0.0000e+00 0.0000e+00 0.0000e+00 6.6667e-01 0.0000e+00 0.0000e+00 0.0000e+00 0.0000e+00 3.3333e-01 0.0000e+00 0.0000e+00 0.0000e+00 0.0000e+00 0.0000e+00 0.0000e+00 0.0000e+00 4.0000e-01 7.4975e-01 0.0000e+00 0.0000e+00 0.0000e+00 0.0000e+00 0.0000e+00 0.0000e+00 0.0000e+00 1.0000e+00 1.0000e+00 0.0000e+00 0.0000e+00 2.8571e-01 1.0000e+00 0.0000e+00 5.0000e-01 0.0000e+00 0.0000e+00 0.0000e+00 0.0000e+00 0.0000e+00
0.0000e+00 0.0000e+00 3.1250e-01 0.0000e+00 0.0000e+00 0.0000e+00 0.0000e+00 0.0000e+00 0.0000e+00 3.5000e-01 2.0000e-01 0.0000e+00 0.0000e+00 0.0000e+00 0.0000e+00 6.0649e-01 0.0000e+00 0.0000e+00 0.0000e+00 0.0000e+00 0.0000e+00 0.0000e+00 2.4390e-01 3.6364e-01 0.0000e+00 0.0000e+00 0.0000e+00 0.0000e+00 0.0000e+00 5.0000e-01 0.0000e+00 0.0000e+00 0.0000e+00 0.0000e+00 2.5000e-01 0.0000e+00 0.0000e+00 0.0000e+00 0.0000e+00 0.0000e+00 0.0000e+00 2.5000e-01 0.0000e+00 0.0000e+00 0.0000e+00 0.0000e+00 0.0000e+00 0.0000e+00 0.0000e+00 0.0000e+00
6.6667e-01 0.0000e+00 0.0000e+00 0.0000e+00 0.0000e+00 6.6667e-01 0.0000e+00 0.0000e+00 0.0000e+00 5.0000e-01 0.0000e+00 0.0000e+00 0.0000e+00 0.0000e+00 5.6100e-01 0.0000e+00 5.0000e-01 7.1844e-01 0.0000e+00 6.2338e-01 5.7143e-01 4.1667e-01 4.0000e-01 7.6404e-01 4.2857e-01 6.6358e-01 0.0000e+00 5.7148e-01 0.0000e+00 0.0000e+00 6.0000e-01 0.0000e+00 0.0000e+00 0.0000e+00 0.0000e+00 5.0000e-01 0.0000e+00 1.0000e+00 0.0000e+00 0.0000e+00 0.0000e+00 5.0153e-01 1.0000e+00 5.0000e-01 5.0000e-01 0.0000e+00 7.1429e-01 1.0000e+00 0.0000e+00 0.0000e+00
3.3333e-01 0.0000e+00 3.3333e-01 5.0703e-01 3.3333e-01 0.0000e+00 0.0000e+00 4.0367e-01 0.0000e+00 0.0000e+00 2.0000e-01 0.0000e+00 0.0000e+00 0.0000e+00 0.0000e+00 0.0000e+00 0.0000e+00 0.0000e+00 0.0000e+00 3.3333e-01 0.0000e+00 0.0000e+00 2.1429e-01 0.0000e+00 0.0000e+00 0.0000e+00 0.0000e+00 0.0000e+00 0.0000e+00 0.0000e+00 0.0000e+00 0.0000e+00 0.0000e+00 0.0000e+00 3.0000e-01 0.0000e+00 0.0000e+00 6.6667e-01 5.0000e-01 0.0000e+00 0.0000e+00 0.0000e+00 6.6667e-01 0.0000e+00 0.0000e+00 3.3333e-01 7.1804e-01 0.0000e+00 0.0000e+00 0.0000e+00
0.0000e+00 5.0000e-01 0.0000e+00 0.0000e+00 1.0000e+00 8.0000e-01 0.0000e+00 8.2759e-01 6.6667e-01 6.6667e-01 0.0000e+00 8.6126e-01 6.6667e-01 5.0000e-01 6.0000e-01 1.0000e+00 7.3333e-01 8.5714e-01 7.0538e-01 7.5000e-01 8.1250e-01 0.0000e+00 0.0000e+00 0.0000e+00 0.0000e+00 5.0000e-01 5.0000e-01 5.0000e-01 8.1818e-01 1.0000e+00 5.0000e-01 8.0000e-01 6.0000e-01 8.1966e-01 5.0000e-01 9.1540e-01 8.8878e-01 1.0000e+00 0.0000e+00 6.4072e-01 0.0000e+00 0.0000e+00 0.0000e+00 7.6467e-01 1.0000e+00 0.0000e+00 8.0000e-01 0.0000e+00 0.0000e+00 8.0357e-01
