6.1628e-01 4.6377e-01 7.5294e-01 2.2667e-01 5.9494e-01 6.9444e-01 6.2319e-01 7.1154e-01 6.0274e-01 5.5072e-01 3.6620e-01 4.1791e-01 2.6582e-01 5.0000e-01 5.0000e-01 3.3333e-01 2.5000e-01 1.4286e-01 1.3115e-01 2.5000e-01 5.7831e-01 1.8033e-01 4.4118e-01 4.0678e-01 1.9403e-01 3.3846e-01 6.1538e-01 2.0312e-01 7.3973e-01 5.6250e-01 7.2464e-01 7.2727e-01 5.8333e-01 5.7576e-01 4.3678e-01 4.0678e-01 3.1746e-01 5.7746e-01 5.4098e-01 3.4848e-01 4.8000e-01 0.0000e+00 2.3611e-01 4.1176e-01 7.9221e-01 2.1429e-01 5.7812e-01 7.2152e-01 2.8750e-01 6.7442e-01
4.0845e-01 3.3766e-01 0.0000e+00 0.0000e+00 8.1159e-01 0.0000e+00 2.3596e-01 5.9740e-01 8.4507e-02 2.0000e-01 0.0000e+00 0.0000e+00 3.9474e-02 0.0000e+00 1.2281e-01 4.3396e-01 1.2857e-01 0.0000e+00 1.6667e-01 3.9394e-01 2.2857e-01 4.1558e-01 3.6842e-01 1.1765e-01 4.4118e-02 1.0000e-01 1.5663e-01 0.0000e+00 5.8025e-01 6.6667e-01 2.4706e-01 0.0000e+00 0.0000e+00 3.1944e-01 3.2051e-01 2.8571e-01 1.4085e-01 1.8667e-01 3.9062e-01 0.0000e+00 0.0000e+00 1.9444e-01 1.7722e-01 1.8056e-01 1.0000e+00 7.3529e-01 0.0000e+00 1.6216e-01 4.0964e-01 1.5942e-01
3.3962e-01 3.5065e-01 2.8378e-01 6.6234e-01 4.0506e-01 5.6098e-01 6.6176e-01 2.8947e-01 6.0563e-01 7.5439e-01 7.3077e-01 2.6667e-01 5.7746e-01 7.3333e-01 2.5287e-01 5.8974e-01 4.9275e-01 4.4776e-01 4.7500e-01 5.7627e-01 7.4684e-01 4.6032e-01 3.0380e-01 6.1538e-01 6.4634e-01 4.2500e-01 2.9870e-01 4.8684e-01 7.0588e-01 5.8824e-01 2.9167e-01 3.4375e-01 5.2542e-01 6.8571e-01 7.1698e-01 3.9437e-01 6.4198e-01 4.0845e-01 8.1429e-01 3.3333e-01 6.4000e-01 3.1646e-01 8.6567e-01 4.1667e-01 4.5000e-01 3.3846e-01 2.8571e-01 2.7500e-01 6.1017e-01 4.3421e-01
1.0000e+00 2.7273e-01 8.7912e-01 7.2222e-01 3.4375e-01 9.4340e-01 1.0000e+00 7.0149e-01 6.9737e-01 8.9655e-01 2.7778e-01 9.2537e-01 8.0000e-01 7.0968e-01 4.9180e-02 6.7213e-01 3.6585e-01 7.2222e-01 7.1014e-01 8.3333e-02 8.9855e-01 9.2308e-01 1.6176e-01 1.0000e+00 3.2258e-02 6.5278e-01 7.1951e-01 3.4247e-01 4.5714e-01 6.4865e-01 2.0968e-01 6.2121e-01 8.0597e-01 8.9744e-02 2.7586e-01 2.6667e-02 9.2000e-01 9.5294e-01 8.2759e-01 1.2644e-01 8.9610e-01 6.8333e-01 3.5065e-01 7.2500e-01 8.0899e-01 1.0000e+00 9.2647e-01 8.7912e-01 8.9286e-01 2.9885e-01
1.5625e-01 8.3333e-02 0.0000e+00 0.0000e+00 2.1429e-01 0.0000e+00 3.8356e-01 1.6129e-02 0.0000e+00 0.0000e+00 1.3699e-02 2.5316e-01 0.0000e+00 2.6667e-02 0.0000e+00 3.5526e-01 1.9481e-01 1.3699e-02 1.1594e-01 3.7179e-01 5.4930e-01 1.6667e-01 2.6471e-01 2.9688e-01 4.2254e-02 4.0000e-02 0.0000e+00 0.0000e+00 5.7471e-02 1.5068e-01 2.0253e-01 4.2857e-01 6.6667e-02 4.4776e-02 3.0769e-01 0.0000e+00 0.0000e+00 8.6957e-02 9.2405e-01 0.0000e+00 1.2195e-01 0.0000e+00 1.6364e-01 0.0000e+00 1.8519e-01 1.0714e-01 5.7971e-02 7.1154e-01 9.5238e-02 0.0000e+00
2.1250e-01 2.1538e-01 1.0448e-01 1.1250e-01 0.0000e+00 4.3750e-01 0.0000e+00 0.0000e+00 0.0000e+00 2.5641e-02 5.3333e-01 2.2951e-01 1.8333e-01 2.6471e-01 2.9688e-01 5.6452e-01 5.7971e-02 8.3333e-02 1.2644e-01 7.0423e-02 2.7397e-01 0.0000e+00 0.0000e+00 0.0000e+00 3.8356e-01 1.3699e-01 0.0000e+00 0.0000e+00 2.8000e-01 7.1795e-01 8.8608e-02 4.4000e-01 2.1538e-01 0.0000e+00 3.4921e-01 1.2821e-01 6.4935e-02 1.0000e+00 1.0000e+00 6.8493e-02 1.5942e-01 1.3699e-01 1.0000e+00 0.0000e+00 8.4286e-01 0.0000e+00 2.4000e-01 1.8182e-01 8.8608e-02 0.0000e+00
3.9683e-01 1.6129e-02 3.0667e-01 2.8788e-01 8.3333e-02 8.2192e-02 3.0882e-01 1.0294e-01 0.0000e+00 1.9355e-01 4.4776e-02 7.6923e-02 3.0303e-02 7.4627e-02 1.4286e-01 6.7532e-01 6.7568e-02 8.3333e-02 7.0423e-02 1.3158e-01 1.5294e-01 4.7619e-02 2.3457e-01 2.2222e-01 1.1940e-01 1.5517e-01 6.1538e-02 1.5152e-01 1.1475e-01 6.0526e-01 3.2787e-02 2.0290e-01 4.8780e-02 8.6957e-02 2.3596e-01 9.8361e-02 4.2857e-02 9.8592e-02 3.5526e-01 1.0976e-01 8.3333e-02 1.4286e-01 1.7073e-01 5.2632e-02 1.9355e-01 2.0000e-01 1.2676e-01 2.5000e-01 9.5238e-02 5.4945e-02
6.4615e-01 5.3608e-01 2.8000e-01 3.6000e-01 3.3333e-01 5.0704e-01 2.6562e-01 3.8667e-01 5.6627e-01 6.0938e-01 1.3235e-01 2.1739e-01 3.0303e-01 3.3846e-01 5.6944e-01 6.6292e-01 5.5882e-01 6.5455e-01 3.3721e-01 6.4179e-01 6.4384e-01 3.1579e-01 6.5278e-01 7.6271e-01 5.5405e-01 6.5672e-01 3.8333e-01 5.6250e-01 6.7692e-01 4.5070e-01 4.3836e-01 3.4783e-01 1.7568e-01 3.3766e-01 6.2963e-01 6.8056e-01 4.4595e-01 4.6914e-01 3.6842e-01 6.0256e-01 3.3846e-01 3.8158e-01 6.0256e-01 3.7705e-01 7.5472e-01 7.0175e-01 6.8333e-01 7.2222e-01 4.3056e-01 2.8000e-01
1.2000e-01 5.6338e-02 2.9167e-01 4.1026e-01 4.4615e-01 1.6216e-01 4.2105e-01 3.3696e-01 1.8310e-01 2.2222e-01 1.7284e-01 4.1538e-01 3.2787e-02 1.9403e-01 1.2500e-01 4.9425e-01 2.2059e-01 2.2535e-01 2.1687e-01 1.6949e-01 1.0390e-01 4.2857e-01 2.7692e-01 3.0000e-01 2.2222e-01 3.8889e-01 7.6923e-02 1.1842e-01 2.8814e-01 4.5882e-01 3.2394e-01 2.4658e-01 1.2121e-01 3.1944e-01 5.4412e-01 5.0000e-01 1.2500e-01 5.2778e-01 3.2500e-01 1.4062e-01 2.7273e-01 7.5472e-02 8.8333e-01 2.7632e-01 1.5854e-01 7.4627e-02 7.9365e-01 1.5714e-01 1.0294e-01 3.1818e-01
2.2727e-01 8.0000e-01 1.1842e-01 2.4286e-01 6.7470e-01 8.2432e-01 4.6032e-01 9.1071e-01 5.9494e-01 5.3030e-01 3.9683e-01 8.8889e-01 7.0968e-01 7.2152e-01 6.8254e-01 2.5000e-01 6.4179e-01 8.3721e-01 7.0149e-01 8.4416e-01 7.9104e-01 2.5000e-01 1.3953e-01 3.9506e-01 5.6842e-01 5.0000e-01 7.5862e-01 4.0260e-01 6.5957e-01 2.8571e-01 3.0864e-01 8.3077e-01 8.0000e-01 7.5342e-01 5.9740e-01 8.9610e-01 8.9855e-01 7.4242e-01 1.8182e-01 5.1899e-01 2.6316e-01 3.2468e-01 5.4255e-01 7.2222e-01 5.8182e-01 3.8372e-01 8.3582e-01 2.9870e-01 2.8358e-01 8.6154e-01
