4.1000e+02 1.1000e+01 1.3000e+01 1.1600e+02 9.2000e+01 2.5000e+01 1.7000e+01 1.3000e+01 9.8350e+03 6.6900e+03
1.6000e+01 3.7000e+01 8.0000e+00 9.9740e+03 6.5000e+01 1.3000e+01 1.5100e+02 8.0000e+00 9.0000e+00 3.2520e+03
9.2440e+03 1.3000e+01 6.0000e+00 0.0000e+00 8.9420e+03 3.9000e+01 6.1050e+03 1.6300e+03 4.3000e+01 0.0000e+00
1.1100e+02 5.9000e+01 1.3500e+02 0.0000e+00 5.3700e+02 9.9410e+03 1.1000e+01 2.3000e+01 7.0000e+00 0.0000e+00
6.0000e+00 1.0000e+01 7.4700e+02 0.0000e+00 1.9000e+01 0.0000e+00 6.0000e+00 3.3000e+01 1.3000e+01 0.0000e+00
3.9000e+01 2.8000e+01 6.0000e+00 0.0000e+00 4.3000e+01 0.0000e+00 3.6780e+03 5.6600e+02 1.4000e+01 0.0000e+00
1.3200e+02 6.0000e+00 8.0000e+00 0.0000e+00 1.3500e+02 0.0000e+00 0.0000e+00 1.3000e+01 2.2000e+01 0.0000e+00
1.6000e+01 6.3030e+03 8.9750e+03 0.0000e+00 9.0000e+00 0.0000e+00 0.0000e+00 7.8100e+03 2.9000e+01 0.0000e+00
6.0000e+00 2.9000e+01 6.0000e+00 0.0000e+00 6.0000e+01 0.0000e+00 0.0000e+00 1.6000e+01 1.0400e+02 0.0000e+00
6.0000e+00 3.4140e+03 6.0000e+00 0.0000e+00 9.0000e+00 0.0000e+00 0.0000e+00 5.3000e+01 2.4000e+01 0.0000e+00
