2.5000e+01 3.2000e+01 1.8000e+01 2.5000e+01 1.4000e+01 2.2000e+01 2.4000e+01 1.6000e+01 1.3500e+02 9.5620e+03
2.4000e+01 1.9000e+01 1.1000e+01 9.3030e+03 2.4000e+01 2.5000e+01 1.7000e+01 2.9000e+01 2.3000e+01 1.7200e+02
5.4100e+02 2.9000e+01 2.4000e+01 1.9000e+01 9.8650e+03 3.0000e+01 6.7900e+02 1.6000e+01 2.5000e+01 2.3000e+01
2.5000e+01 2.4000e+01 2.7000e+01 2.9000e+01 1.8000e+01 9.8870e+03 1.5000e+01 1.5000e+01 2.9000e+01 2.4000e+01
2.6000e+01 2.8000e+01 9.4190e+03 2.2000e+01 2.0000e+01 3.2000e+01 2.6000e+01 3.4000e+01 2.1000e+01 1.0000e+01
1.3000e+01 2.9000e+01 3.5000e+01 1.3000e+01 2.4000e+01 1.8000e+01 9.1130e+03 2.5000e+01 1.7000e+01 1.6000e+01
9.2490e+03 2.4000e+01 2.3000e+01 1.8000e+01 2.2000e+01 1.6000e+01 2.2000e+01 2.2000e+01 2.8000e+01 2.0000e+01
2.6000e+01 3.7800e+02 5.3800e+02 1.9000e+01 2.4000e+01 1.6000e+01 1.7000e+01 9.9190e+03 2.9000e+01 2.2000e+01
1.4000e+01 2.0000e+01 2.3000e+01 2.9800e+02 2.4000e+01 2.7000e+01 2.0000e+01 1.8000e+01 9.6740e+03 2.0000e+01
1.7000e+01 9.4490e+03 1.8000e+01 2.3000e+01 2.0000e+01 1.9000e+01 1.9000e+01 2.2000e+01 1.8000e+01 2.0000e+01
