2.0000e+01 7.0000e+00 4.0000e+00 1.9000e+01 1.0000e+01 1.3000e+01 5.0000e+00 2.0000e+00 1.2400e+02 9.2970e+03
3.0000e+00 1.1000e+01 4.0000e+00 9.2880e+03 1.6000e+01 5.0000e+00 1.1000e+01 1.0000e+00 1.0000e+00 1.6400e+02
5.2100e+02 1.6000e+01 2.0000e+00 1.1000e+01 7.7250e+03 1.3000e+01 6.6400e+02 1.2000e+01 1.5000e+01 1.3000e+01
2.0000e+01 1.6000e+01 2.2000e+01 1.9000e+01 1.2000e+01 9.6700e+03 2.0000e+00 1.2000e+01 8.0000e+00 2.0000e+01
0.0000e+00 6.0000e+00 8.2800e+03 1.3000e+01 2.0000e+00 1.0000e+01 3.0000e+00 2.1000e+01 2.0000e+00 3.0000e+00
1.0000e+01 1.2000e+01 4.0000e+00 4.0000e+00 1.0000e+01 8.0000e+00 8.8100e+03 1.8000e+01 4.0000e+00 8.0000e+00
7.6470e+03 1.0000e+01 8.0000e+00 7.0000e+00 1.2000e+01 8.0000e+00 1.3000e+01 7.0000e+00 1.3000e+01 1.2000e+01
1.6000e+01 3.6800e+02 5.1500e+02 5.0000e+00 0.0000e+00 5.0000e+00 1.3000e+01 8.2680e+03 1.5000e+01 0.0000e+00
4.0000e+00 1.0000e+01 5.0000e+00 2.2700e+02 1.3000e+01 0.0000e+00 8.0000e+00 1.1000e+01 7.0070e+03 1.0000e+01
0.0000e+00 9.4050e+03 4.0000e+00 4.0000e+00 3.0000e+00 4.0000e+00 1.0000e+00 9.0000e+00 8.0000e+00 1.1000e+01
