0.0000e+00 0.0000e+00 0.0000e+00 3.3333e-01 0.0000e+00 5.0000e-01 8.9635e-01 3.3333e-01 3.0000e-01 0.0000e+00 5.7143e-01 0.0000e+00 0.0000e+00 0.0000e+00 0.0000e+00 0.0000e+00 0.0000e+00 0.0000e+00 0.0000e+00 0.0000e+00 0.0000e+00 3.3333e-01 0.0000e+00 3.3333e-01 0.0000e+00 0.0000e+00 0.0000e+00 0.0000e+00 0.0000e+00 5.0000e-01 0.0000e+00 0.0000e+00 0.0000e+00 5.0000e-01 0.0000e+00 0.0000e+00 0.0000e+00 5.0000e-01 7.5000e-01 5.0000e-01 0.0000e+00 0.0000e+00 6.6667e-01 3.3333e-01 5.0000e-01 5.0000e-01 0.0000e+00 0.0000e+00 3.3333e-01 0.0000e+00
5.0000e-01 0.0000e+00 0.0000e+00 5.5556e-01 5.0000e-01 5.0000e-01 0.0000e+00 5.0000e-01 5.0000e-01 5.0000e-01 0.0000e+00 0.0000e+00 0.0000e+00 0.0000e+00 0.0000e+00 0.0000e+00 0.0000e+00 0.0000e+00 0.0000e+00 0.0000e+00 6.6667e-01 0.0000e+00 5.0000e-01 5.0000e-01 0.0000e+00 0.0000e+00 0.0000e+00 0.0000e+00 0.0000e+00 1.0000e+00 0.0000e+00 9.1425e-01 5.0000e-01 5.0000e-01 1.0000e+00 5.0000e-01 0.0000e+00 1.0000e+00 1.0000e+00 0.0000e+00 0.0000e+00 0.0000e+00 1.0000e+00 5.0000e-01 1.0000e+00 0.0000e+00 0.0000e+00 0.0000e+00 0.0000e+00 5.0000e-01
0.0000e+00 0.0000e+00 3.3333e-01 0.0000e+00 3.3333e-01 0.0000e+00 0.0000e+00 0.0000e+00 0.0000e+00 0.0000e+00 4.2857e-01 0.0000e+00 0.0000e+00 0.0000e+00 0.0000e+00 5.0000e-01 0.0000e+00 0.0000e+00 0.0000e+00 0.0000e+00 0.0000e+00 0.0000e+00 0.0000e+00 0.0000e+00 0.0000e+00 0.0000e+00 0.0000e+00 0.0000e+00 0.0000e+00 7.1096e-01 0.0000e+00 0.0000e+00 0.0000e+00 0.0000e+00 0.0000e+00 0.0000e+00 0.0000e+00 0.0000e+00 0.0000e+00 0.0000e+00 0.0000e+00 0.0000e+00 5.0000e-01 3.2143e-01 0.0000e+00 0.0000e+00 3.3333e-01 0.0000e+00 3.3333e-01 0.0000e+00
0.0000e+00 0.0000e+00 0.0000e+00 0.0000e+00 0.0000e+00 3.3333e-01 0.0000e+00 0.0000e+00 0.0000e+00 0.0000e+00 3.3333e-01 0.0000e+00 0.0000e+00 0.0000e+00 0.0000e+00 0.0000e+00 0.0000e+00 2.0000e-01 0.0000e+00 0.0000e+00 0.0000e+00 0.0000e+00 0.0000e+00 0.0000e+00 0.0000e+00 0.0000e+00 0.0000e+00 0.0000e+00 0.0000e+00 0.0000e+00 0.0000e+00 0.0000e+00 0.0000e+00 0.0000e+00 0.0000e+00 0.0000e+00 0.0000e+00 0.0000e+00 0.0000e+00 0.0000e+00 0.0000e+00 0.0000e+00 4.7887e-01 0.0000e+00 0.0000e+00 0.0000e+00 0.0000e+00 0.0000e+00 0.0000e+00 0.0000e+00
0.0000e+00 3.3333e-01 0.0000e+00 0.0000e+00 0.0000e+00 0.0000e+00 1.0000e+00 3.3333e-01 0.0000e+00 0.0000e+00 0.0000e+00 0.0000e+00 0.0000e+00 0.0000e+00 6.0000e-01 5.0000e-01 0.0000e+00 0.0000e+00 0.0000e+00 0.0000e+00 0.0000e+00 0.0000e+00 0.0000e+00 0.0000e+00 0.0000e+00 3.3333e-01 0.0000e+00 0.0000e+00 7.7399e-01 0.0000e+00 0.0000e+00 0.0000e+00 0.0000e+00 0.0000e+00 6.0000e-01 0.0000e+00 0.0000e+00 0.0000e+00 1.0000e+00 0.0000e+00 0.0000e+00 0.0000e+00 8.0000e-01 0.0000e+00 0.0000e+00 0.0000e+00 0.0000e+00 0.0000e+00 0.0000e+00 0.0000e+00
0.0000e+00 0.0000e+00 3.3333e-01 0.0000e+00 0.0000e+00 0.0000e+00 0.0000e+00 0.0000e+00 0.0000e+00 0.0000e+00 5.0000e-01 3.3333e-01 0.0000e+00 0.0000e+00 3.3333e-01 0.0000e+00 0.0000e+00 0.0000e+00 2.5000e-01 0.0000e+00 0.0000e+00 0.0000e+00 0.0000e+00 2.8571e-01 0.0000e+00 0.0000e+00 0.0000e+00 2.5000e-01 0.0000e+00 0.0000e+00 0.0000e+00 0.0000e+00 0.0000e+00 0.0000e+00 0.0000e+00 4.2857e-01 0.0000e+00 0.0000e+00 5.0000e-01 8.1799e-01 0.0000e+00 0.0000e+00 0.0000e+00 0.0000e+00 5.0000e-01 0.0000e+00 0.0000e+00 0.0000e+00 0.0000e+00 0.0000e+00
5.1813e-01 0.0000e+00 0.0000e+00 0.0000e+00 0.0000e+00 0.0000e+00 5.0000e-01 0.0000e+00 0.0000e+00 0.0000e+00 0.0000e+00 0.0000e+00 0.0000e+00 0.0000e+00 0.0000e+00 0.0000e+00 0.0000e+00 0.0000e+00 0.0000e+00 0.0000e+00 0.0000e+00 0.0000e+00 3.3333e-01 0.0000e+00 0.0000e+00 0.0000e+00 0.0000e+00 0.0000e+00 0.0000e+00 0.0000e+00 0.0000e+00 0.0000e+00 0.0000e+00 0.0000e+00 0.0000e+00 0.0000e+00 0.0000e+00 0.0000e+00 0.0000e+00 0.0000e+00 0.0000e+00 0.0000e+00 0.0000e+00 0.0000e+00 0.0000e+00 0.0000e+00 0.0000e+00 0.0000e+00 0.0000e+00 0.0000e+00
0.0000e+00 0.0000e+00 0.0000e+00 0.0000e+00 0.0000e+00 0.0000e+00 0.0000e+00 0.0000e+00 0.0000e+00 0.0000e+00 3.3333e-01 2.5000e-01 0.0000e+00 0.0000e+00 0.0000e+00 0.0000e+00 0.0000e+00 0.0000e+00 0.0000e+00 0.0000e+00 0.0000e+00 2.5000e-01 0.0000e+00 0.0000e+00 0.0000e+00 0.0000e+00 0.0000e+00 0.0000e+00 0.0000e+00 0.0000e+00 0.0000e+00 0.0000e+00 0.0000e+00 0.0000e+00 0.0000e+00 0.0000e+00 0.0000e+00 4.0000e-01 0.0000e+00 0.0000e+00 0.0000e+00 0.0000e+00 0.0000e+00 0.0000e+00 0.0000e+00 0.0000e+00 0.0000e+00 0.0000e+00 0.0000e+00 0.0000e+00
0.0000e+00 0.0000e+00 0.0000e+00 0.0000e+00 0.0000e+00 0.0000e+00 0.0000e+00 0.0000e+00 0.0000e+00 0.0000e+00 0.0000e+00 0.0000e+00 0.0000e+00 0.0000e+00 3.7500e-01 3.3333e-01 0.0000e+00 0.0000e+00 0.0000e+00 0.0000e+00 0.0000e+00 2.8571e-01 0.0000e+00 2.5000e-01 0.0000e+00 0.0000e+00 0.0000e+00 0.0000e+00 3.3333e-01 0.0000e+00 0.0000e+00 3.3333e-01 0.0000e+00 0.0000e+00 0.0000e+00 3.3333e-01 0.0000e+00 0.0000e+00 0.0000e+00 0.0000e+00 0.0000e+00 0.0000e+00 0.0000e+00 0.0000e+00 5.3719e-01 0.0000e+00 2.8571e-01 0.0000e+00 0.0000e+00 4.2857e-01
0.0000e+00 0.0000e+00 0.0000e+00 0.0000e+00 0.0000e+00 0.0000e+00 5.0000e-01 0.0000e+00 0.0000e+00 0.0000e+00 0.0000e+00 2.5000e-01 0.0000e+00 0.0000e+00 3.3333e-01 0.0000e+00 0.0000e+00 0.0000e+00 0.0000e+00 2.0000e-01 2.5000e-01 3.8978e-01 0.0000e+00 2.5000e-01 0.0000e+00 0.0000e+00 2.5000e-01 0.0000e+00 3.6364e-01 0.0000e+00 0.0000e+00 3.3333e-01 0.0000e+00 0.0000e+00 0.0000e+00 0.0000e+00 0.0000e+00 0.0000e+00 5.1515e-01 0.0000e+00 0.0000e+00 0.0000e+00 0.0000e+00 0.0000e+00 0.0000e+00 0.0000e+00 0.0000e+00 0.0000e+00 0.0000e+00 0.0000e+00
1.0000e+00 0.0000e+00 5.0000e-01 7.2826e-01 0.0000e+00 0.0000e+00 1.0000e+00 0.0000e+00 0.0000e+00 0.0000e+00 0.0000e+00 0.0000e+00 0.0000e+00 0.0000e+00 1.0000e+00 1.0000e+00 0.0000e+00 0.0000e+00 0.0000e+00 0.0000e+00 0.0000e+00 8.3929e-01 0.0000e+00 8.6505e-01 0.0000e+00 0.0000e+00 0.0000e+00 0.0000e+00 0.0000e+00 5.0000e-01 0.0000e+00 0.0000e+00 5.0000e-01 0.0000e+00 0.0000e+00 7.5000e-01 0.0000e+00 5.0000e-01 1.0000e+00 1.0000e+00 0.0000e+00 8.0973e-01 0.0000e+00 5.0000e-01 0.0000e+00 0.0000e+00 6.6667e-01 0.0000e+00 7.5000e-01 6.6667e-01
0.0000e+00 0.0000e+00 0.0000e+00 0.0000e+00 0.0000e+00 6.0960e-01 0.0000e+00 0.0000e+00 0.0000e+00 0.0000e+00 0.0000e+00 3.3333e-01 0.0000e+00 0.0000e+00 0.0000e+00 5.0000e-01 0.0000e+00 0.0000e+00 0.0000e+00 0.0000e+00 0.0000e+00 0.0000e+00 0.0000e+00 0.0000e+00 0.0000e+00 0.0000e+00 4.0000e-01 0.0000e+00 0.0000e+00 0.0000e+00 0.0000e+00 0.0000e+00 0.0000e+00 0.0000e+00 5.0000e-01 0.0000e+00 0.0000e+00 0.0000e+00 0.0000e+00 0.0000e+00 0.0000e+00 3.3333e-01 0.0000e+00 0.0000e+00 0.0000e+00 0.0000e+00 0.0000e+00 0.0000e+00 0.0000e+00 5.0000e-01
0.0000e+00 6.8354e-01 7.2727e-01 6.6667e-01 5.0000e-01 1.0000e+00 7.5000e-01 7.1536e-01 0.0000e+00 0.0000e+00 0.0000e+00 0.0000e+00 0.0000e+00 6.6667e-01 0.0000e+00 5.0000e-01 6.6135e-01 0.0000e+00 5.0000e-01 5.0000e-01 0.0000e+00 5.0000e-01 5.0000e-01 5.0000e-01 6.6667e-01 5.0000e-01 5.0000e-01 0.0000e+00 6.6667e-01 1.0000e+00 8.1564e-01 6.6667e-01 7.1963e-01 0.0000e+00 1.0000e+00 6.6667e-01 6.4286e-01 1.0000e+00 1.0000e+00 1.0000e+00 0.0000e+00 6.6667e-01 1.0000e+00 6.6667e-01 1.0000e+00 0.0000e+00 7.5000e-01 1.0000e+00 5.0000e-01 0.0000e+00
0.0000e+00 0.0000e+00 0.0000e+00 0.0000e+00 0.0000e+00 0.0000e+00 0.0000e+00 2.8571e-01 0.0000e+00 0.0000e+00 5.0000e-01 0.0000e+00 0.0000e+00 0.0000e+00 5.0000e-01 0.0000e+00 0.0000e+00 0.0000e+00 0.0000e+00 0.0000e+00 0.0000e+00 0.0000e+00 0.0000e+00 3.3333e-01 0.0000e+00 2.8571e-01 0.0000e+00 0.0000e+00 0.0000e+00 0.0000e+00 0.0000e+00 0.0000e+00 0.0000e+00 0.0000e+00 5.0000e-01 5.0000e-01 0.0000e+00 5.0000e-01 0.0000e+00 6.6667e-01 0.0000e+00 0.0000e+00 0.0000e+00 3.0000e-01 0.0000e+00 6.1961e-01 0.0000e+00 0.0000e+00 0.0000e+00 5.0000e-01
0.0000e+00 3.3333e-01 0.0000e+00 0.0000e+00 5.0000e-01 0.0000e+00 0.0000e+00 0.0000e+00 3.3333e-01 0.0000e+00 0.0000e+00 0.0000e+00 0.0000e+00 4.4876e-01 0.0000e+00 0.0000e+00 0.0000e+00 0.0000e+00 0.0000e+00 3.3333e-01 0.0000e+00 0.0000e+00 0.0000e+00 0.0000e+00 0.0000e+00 3.3333e-01 0.0000e+00 0.0000e+00 0.0000e+00 5.0000e-01 3.3333e-01 5.0000e-01 0.0000e+00 0.0000e+00 5.0000e-01 0.0000e+00 3.6364e-01 0.0000e+00 5.0000e-01 6.6667e-01 2.8571e-01 4.0000e-01 5.0000e-01 0.0000e+00 7.7778e-01 0.0000e+00 3.3333e-01 0.0000e+00 5.8165e-01 0.0000e+00
0.0000e+00 0.0000e+00 3.3333e-01 0.0000e+00 0.0000e+00 0.0000e+00 6.6667e-01 0.0000e+00 0.0000e+00 0.0000e+00 0.0000e+00 0.0000e+00 0.0000e+00 0.0000e+00 5.0000e-01 5.0000e-01 0.0000e+00 0.0000e+00 0.0000e+00 2.8571e-01 0.0000e+00 3.3333e-01 0.0000e+00 0.0000e+00 0.0000e+00 0.0000e+00 0.0000e+00 0.0000e+00 0.0000e+00 0.0000e+00 0.0000e+00 4.0000e-01 0.0000e+00 0.0000e+00 5.0000e-01 0.0000e+00 0.0000e+00 0.0000e+00 6.9231e-01 0.0000e+00 0.0000e+00 0.0000e+00 6.1538e-01 0.0000e+00 0.0000e+00 0.0000e+00 0.0000e+00 7.0232e-01 3.3333e-01 0.0000e+00
0.0000e+00 0.0000e+00 0.0000e+00 0.0000e+00 0.0000e+00 0.0000e+00 0.0000e+00 0.0000e+00 0.0000e+00 0.0000e+00 3.3333e-01 0.0000e+00 0.0000e+00 0.0000e+00 0.0000e+00 0.0000e+00 0.0000e+00 2.0000e-01 0.0000e+00 0.0000e+00 0.0000e+00 0.0000e+00 0.0000e+00 0.0000e+00 0.0000e+00 0.0000e+00 0.0000e+00 0.0000e+00 0.0000e+00 0.0000e+00 0.0000e+00 0.0000e+00 2.5000e-01 0.0000e+00 0.0000e+00 0.0000e+00 0.0000e+00 0.0000e+00 0.0000e+00 0.0000e+00 0.0000e+00 0.0000e+00 0.0000e+00 0.0000e+00 0.0000e+00 3.3333e-01 0.0000e+00 0.0000e+00 0.0000e+00 0.0000e+00
0.0000e+00 8.1250e-01 0.0000e+00 0.0000e+00 0.0000e+00 0.0000e+00 0.0000e+00 8.0954e-01 0.0000e+00 0.0000e+00 7.0000e-01 5.0000e-01 0.0000e+00 5.0000e-01 0.0000e+00 6.6667e-01 0.0000e+00 0.0000e+00 0.0000e+00 0.0000e+00 0.0000e+00 0.0000e+00 0.0000e+00 0.0000e+00 0.0000e+00 5.0000e-01 5.0000e-01 0.0000e+00 0.0000e+00 0.0000e+00 0.0000e+00 6.2500e-01 0.0000e+00 0.0000e+00 0.0000e+00 6.2500e-01 7.6893e-01 1.0000e+00 1.0000e+00 0.0000e+00 0.0000e+00 5.0000e-01 7.5000e-01 0.0000e+00 1.0000e+00 6.6667e-01 0.0000e+00 8.3333e-01 5.0000e-01 0.0000e+00
0.0000e+00 0.0000e+00 0.0000e+00 0.0000e+00 0.0000e+00 0.0000e+00 0.0000e+00 0.0000e+00 0.0000e+00 0.0000e+00 5.1056e-01 0.0000e+00 0.0000e+00 0.0000e+00 0.0000e+00 0.0000e+00 0.0000e+00 0.0000e+00 0.0000e+00 0.0000e+00 0.0000e+00 0.0000e+00 0.0000e+00 0.0000e+00 0.0000e+00 0.0000e+00 0.0000e+00 0.0000e+00 0.0000e+00 0.0000e+00 0.0000e+00 0.0000e+00 0.0000e+00 0.0000e+00 0.0000e+00 0.0000e+00 0.0000e+00 0.0000e+00 5.0000e-01 0.0000e+00 0.0000e+00 0.0000e+00 0.0000e+00 0.0000e+00 0.0000e+00 0.0000e+00 2.5000e-01 0.0000e+00 0.0000e+00 0.0000e+00
0.0000e+00 0.0000e+00 2.5000e-01 0.0000e+00 0.0000e+00 0.0000e+00 0.0000e+00 0.0000e+00 0.0000e+00 2.5000e-01 0.0000e+00 2.8571e-01 0.0000e+00 0.0000e+00 0.0000e+00 0.0000e+00 0.0000e+00 0.0000e+00 0.0000e+00 0.0000e+00 0.0000e+00 0.0000e+00 0.0000e+00 0.0000e+00 0.0000e+00 0.0000e+00 0.0000e+00 0.0000e+00 0.0000e+00 0.0000e+00 0.0000e+00 0.0000e+00 0.0000e+00 0.0000e+00 0.0000e+00 0.0000e+00 2.0000e-01 0.0000e+00 0.0000e+00 0.0000e+00 0.0000e+00 0.0000e+00 0.0000e+00 2.3810e-01 0.0000e+00 0.0000e+00 0.0000e+00 0.0000e+00 0.0000e+00 0.0000e+00
7.1429e-01 0.0000e+00 0.0000e+00 0.0000e+00 0.0000e+00 0.0000e+00 0.0000e+00 0.0000e+00 0.0000e+00 0.0000e+00 5.0000e-01 0.0000e+00 0.0000e+00 0.0000e+00 0.0000e+00 6.0000e-01 0.0000e+00 0.0000e+00 0.0000e+00 0.0000e+00 5.0000e-01 0.0000e+00 0.0000e+00 0.0000e+00 0.0000e+00 0.0000e+00 0.0000e+00 0.0000e+00 0.0000e+00 0.0000e+00 0.0000e+00 0.0000e+00 0.0000e+00 0.0000e+00 5.0000e-01 0.0000e+00 0.0000e+00 0.0000e+00 0.0000e+00 0.0000e+00 2.9412e-01 0.0000e+00 5.0000e-01 3.3333e-01 0.0000e+00 0.0000e+00 3.3333e-01 0.0000e+00 0.0000e+00 7.3974e-01
5.0000e-01 0.0000e+00 0.0000e+00 5.4795e-01 6.6667e-01 0.0000e+00 0.0000e+00 0.0000e+00 3.3333e-01 5.0000e-01 0.0000e+00 0.0000e+00 0.0000e+00 0.0000e+00 0.0000e+00 5.0000e-01 0.0000e+00 4.0000e-01 0.0000e+00 0.0000e+00 0.0000e+00 5.0000e-01 0.0000e+00 5.0000e-01 0.0000e+00 3.3333e-01 0.0000e+00 0.0000e+00 0.0000e+00 0.0000e+00 0.0000e+00 0.0000e+00 4.6667e-01 1.0000e+00 7.5000e-01 0.0000e+00 0.0000e+00 6.6667e-01 0.0000e+00 0.0000e+00 0.0000e+00 0.0000e+00 0.0000e+00 0.0000e+00 1.0000e+00 0.0000e+00 0.0000e+00 0.0000e+00 0.0000e+00 0.0000e+00
0.0000e+00 0.0000e+00 0.0000e+00 4.8792e-01 5.0000e-01 5.0000e-01 0.0000e+00 0.0000e+00 3.4211e-01 0.0000e+00 5.0000e-01 0.0000e+00 3.3333e-01 0.0000e+00 0.0000e+00 0.0000e+00 0.0000e+00 0.0000e+00 0.0000e+00 3.3333e-01 0.0000e+00 0.0000e+00 0.0000e+00 4.5455e-01 0.0000e+00 0.0000e+00 0.0000e+00 3.4884e-01 0.0000e+00 6.6667e-01 0.0000e+00 5.0000e-01 4.0909e-01 0.0000e+00 7.1441e-01 0.0000e+00 0.0000e+00 6.6667e-01 5.0000e-01 5.0000e-01 0.0000e+00 0.0000e+00 7.5000e-01 0.0000e+00 0.0000e+00 0.0000e+00 0.0000e+00 6.2500e-01 0.0000e+00 0.0000e+00
0.0000e+00 0.0000e+00 0.0000e+00 0.0000e+00 0.0000e+00 5.0000e-01 6.6667e-01 3.3333e-01 3.9130e-01 0.0000e+00 0.0000e+00 0.0000e+00 0.0000e+00 0.0000e+00 6.6667e-01 0.0000e+00 0.0000e+00 0.0000e+00 0.0000e+00 5.1538e-01 0.0000e+00 0.0000e+00 6.4367e-01 0.0000e+00 0.0000e+00 0.0000e+00 0.0000e+00 4.0000e-01 0.0000e+00 0.0000e+00 0.0000e+00 0.0000e+00 0.0000e+00 0.0000e+00 0.0000e+00 5.0000e-01 0.0000e+00 0.0000e+00 0.0000e+00 0.0000e+00 0.0000e+00 0.0000e+00 0.0000e+00 0.0000e+00 5.0000e-01 0.0000e+00 0.0000e+00 5.0000e-01 0.0000e+00 5.0000e-01
0.0000e+00 0.0000e+00 0.0000e+00 0.0000e+00 0.0000e+00 0.0000e+00 0.0000e+00 0.0000e+00 0.0000e+00 5.0000e-01 0.0000e+00 0.0000e+00 0.0000e+00 0.0000e+00 6.6667e-01 0.0000e+00 0.0000e+00 0.0000e+00 0.0000e+00 0.0000e+00 0.0000e+00 0.0000e+00 0.0000e+00 0.0000e+00 0.0000e+00 0.0000e+00 5.0000e-01 0.0000e+00 5.0000e-01 0.0000e+00 0.0000e+00 6.0000e-01 0.0000e+00 0.0000e+00 5.0000e-01 6.0000e-01 0.0000e+00 9.9032e-01 1.0000e+00 0.0000e+00 0.0000e+00 5.0000e-01 0.0000e+00 0.0000e+00 1.0000e+00 0.0000e+00 0.0000e+00 6.6667e-01 0.0000e+00 0.0000e+00
5.0000e-01 0.0000e+00 0.0000e+00 0.0000e+00 0.0000e+00 0.0000e+00 1.0000e+00 3.3333e-01 0.0000e+00 6.6119e-01 5.0000e-01 6.5971e-01 5.0000e-01 0.0000e+00 0.0000e+00 6.6667e-01 0.0000e+00 0.0000e+00 0.0000e+00 0.0000e+00 5.0000e-01 0.0000e+00 0.0000e+00 6.2949e-01 5.0000e-01 0.0000e+00 0.0000e+00 0.0000e+00 0.0000e+00 0.0000e+00 0.0000e+00 0.0000e+00 0.0000e+00 5.0000e-01 6.6667e-01 5.0000e-01 0.0000e+00 1.0000e+00 1.0000e+00 8.5714e-01 0.0000e+00 0.0000e+00 6.6667e-01 0.0000e+00 1.0000e+00 6.6667e-01 5.0000e-01 0.0000e+00 5.0000e-01 0.0000e+00
0.0000e+00 0.0000e+00 0.0000e+00 0.0000e+00 0.0000e+00 4.0000e-01 0.0000e+00 0.0000e+00 0.0000e+00 0.0000e+00 0.0000e+00 0.0000e+00 0.0000e+00 0.0000e+00 0.0000e+00 4.0000e-01 0.0000e+00 0.0000e+00 2.3077e-01 0.0000e+00 0.0000e+00 0.0000e+00 0.0000e+00 0.0000e+00 0.0000e+00 0.0000e+00 0.0000e+00 0.0000e+00 0.0000e+00 0.0000e+00 0.0000e+00 0.0000e+00 0.0000e+00 0.0000e+00 0.0000e+00 0.0000e+00 0.0000e+00 4.5000e-01 0.0000e+00 0.0000e+00 0.0000e+00 0.0000e+00 0.0000e+00 0.0000e+00 0.0000e+00 3.3333e-01 0.0000e+00 0.0000e+00 0.0000e+00 0.0000e+00
0.0000e+00 0.0000e+00 0.0000e+00 0.0000e+00 0.0000e+00 0.0000e+00 0.0000e+00 0.0000e+00 0.0000e+00 0.0000e+00 0.0000e+00 0.0000e+00 0.0000e+00 0.0000e+00 0.0000e+00 0.0000e+00 0.0000e+00 0.0000e+00 0.0000e+00 2.0000e-01 0.0000e+00 0.0000e+00 0.0000e+00 0.0000e+00 0.0000e+00 0.0000e+00 0.0000e+00 0.0000e+00 0.0000e+00 4.0000e-01 0.0000e+00 0.0000e+00 0.0000e+00 0.0000e+00 0.0000e+00 0.0000e+00 0.0000e+00 0.0000e+00 3.3333e-01 0.0000e+00 0.0000e+00 0.0000e+00 0.0000e+00 0.0000e+00 0.0000e+00 0.0000e+00 0.0000e+00 0.0000e+00 0.0000e+00 0.0000e+00
0.0000e+00 0.0000e+00 4.5620e-01 3.3333e-01 0.0000e+00 0.0000e+00 8.3623e-01 3.3333e-01 0.0000e+00 0.0000e+00 0.0000e+00 0.0000e+00 0.0000e+00 0.0000e+00 0.0000e+00 5.0000e-01 0.0000e+00 0.0000e+00 0.0000e+00 2.5000e-01 0.0000e+00 0.0000e+00 4.1667e-01 0.0000e+00 0.0000e+00 0.0000e+00 3.3333e-01 2.8947e-01 0.0000e+00 5.0000e-01 3.8983e-01 0.0000e+00 0.0000e+00 0.0000e+00 0.0000e+00 0.0000e+00 0.0000e+00 5.0000e-01 0.0000e+00 8.1818e-01 0.0000e+00 3.3333e-01 0.0000e+00 0.0000e+00 6.6667e-01 5.7143e-01 4.2001e-01 5.0000e-01 0.0000e+00 5.0000e-01
0.0000e+00 0.0000e+00 0.0000e+00 0.0000e+00 0.0000e+00 3.3333e-01 5.0000e-01 0.0000e+00 0.0000e+00 0.0000e+00 0.0000e+00 3.1429e-01 0.0000e+00 0.0000e+00 3.3333e-01 5.0000e-01 0.0000e+00 0.0000e+00 0.0000e+00 0.0000e+00 3.3333e-01 0.0000e+00 0.0000e+00 0.0000e+00 0.0000e+00 0.0000e+00 0.0000e+00 0.0000e+00 0.0000e+00 5.0000e-01 2.5000e-01 0.0000e+00 2.6042e-01 0.0000e+00 0.0000e+00 3.3333e-01 0.0000e+00 0.0000e+00 0.0000e+00 0.0000e+00 0.0000e+00 0.0000e+00 5.0000e-01 0.0000e+00 6.1690e-01 0.0000e+00 0.0000e+00 5.0000e-01 0.0000e+00 0.0000e+00
0.0000e+00 0.0000e+00 0.0000e+00 0.0000e+00 0.0000e+00 0.0000e+00 1.0000e+00 0.0000e+00 0.0000e+00 0.0000e+00 0.0000e+00 0.0000e+00 0.0000e+00 0.0000e+00 6.6667e-01 8.7500e-01 0.0000e+00 0.0000e+00 0.0000e+00 0.0000e+00 6.8852e-01 5.0000e-01 0.0000e+00 0.0000e+00 7.1591e-01 0.0000e+00 0.0000e+00 0.0000e+00 0.0000e+00 9.0000e-01 0.0000e+00 5.0000e-01 0.0000e+00 0.0000e+00 6.6667e-01 6.0000e-01 0.0000e+00 8.7500e-01 1.0000e+00 0.0000e+00 0.0000e+00 0.0000e+00 0.0000e+00 4.4444e-01 8.3333e-01 0.0000e+00 7.1506e-01 7.5000e-01 0.0000e+00 0.0000e+00
0.0000e+00 3.3333e-01 0.0000e+00 0.0000e+00 4.6667e-01 0.0000e+00 8.1818e-01 3.3333e-01 0.0000e+00 0.0000e+00 5.0000e-01 3.7500e-01 0.0000e+00 0.0000e+00 5.0000e-01 0.0000e+00 0.0000e+00 2.5000e-01 0.0000e+00 0.0000e+00 5.0000e-01 0.0000e+00 0.0000e+00 0.0000e+00 0.0000e+00 0.0000e+00 0.0000e+00 0.0000e+00 0.0000e+00 6.6667e-01 3.7500e-01 0.0000e+00 0.0000e+00 5.0000e-01 5.0000e-01 5.9322e-01 0.0000e+00 5.0000e-01 9.0233e-01 0.0000e+00 2.5000e-01 0.0000e+00 5.0000e-01 3.5227e-01 0.0000e+00 0.0000e+00 3.7500e-01 6.6667e-01 0.0000e+00 5.0000e-01
0.0000e+00 0.0000e+00 0.0000e+00 0.0000e+00 0.0000e+00 3.3333e-01 5.0000e-01 2.5000e-01 0.0000e+00 0.0000e+00 0.0000e+00 0.0000e+00 0.0000e+00 0.0000e+00 3.3333e-01 0.0000e+00 0.0000e+00 0.0000e+00 0.0000e+00 0.0000e+00 0.0000e+00 3.0000e-01 0.0000e+00 3.0769e-01 0.0000e+00 0.0000e+00 3.1818e-01 0.0000e+00 0.0000e+00 0.0000e+00 0.0000e+00 0.0000e+00 0.0000e+00 0.0000e+00 4.5000e-01 0.0000e+00 0.0000e+00 0.0000e+00 7.9401e-01 0.0000e+00 0.0000e+00 0.0000e+00 0.0000e+00 0.0000e+00 5.4545e-01 0.0000e+00 0.0000e+00 0.0000e+00 0.0000e+00 0.0000e+00
1.0000e+00 6.0000e-01 7.5000e-01 7.4101e-01 7.5000e-01 0.0000e+00 1.0000e+00 5.0000e-01 5.0000e-01 0.0000e+00 0.0000e+00 5.0000e-01 7.9010e-01 5.0000e-01 1.0000e+00 1.0000e+00 5.0000e-01 6.0000e-01 6.6667e-01 5.0000e-01 0.0000e+00 6.6667e-01 7.5000e-01 0.0000e+00 5.0000e-01 5.0000e-01 0.0000e+00 6.0000e-01 6.1538e-01 1.0000e+00 8.4000e-01 8.0000e-01 0.0000e+00 1.0000e+00 1.0000e+00 0.0000e+00 6.6667e-01 1.0000e+00 1.0000e+00 1.0000e+00 5.0000e-01 5.0000e-01 0.0000e+00 7.3189e-01 0.0000e+00 7.5000e-01 0.0000e+00 1.0000e+00 6.6667e-01 0.0000e+00
0.0000e+00 0.0000e+00 0.0000e+00 0.0000e+00 0.0000e+00 0.0000e+00 0.0000e+00 0.0000e+00 0.0000e+00 0.0000e+00 0.0000e+00 0.0000e+00 0.0000e+00 0.0000e+00 3.3333e-01 4.0000e-01 0.0000e+00 0.0000e+00 0.0000e+00 0.0000e+00 0.0000e+00 0.0000e+00 0.0000e+00 0.0000e+00 0.0000e+00 0.0000e+00 0.0000e+00 0.0000e+00 0.0000e+00 0.0000e+00 0.0000e+00 0.0000e+00 0.0000e+00 0.0000e+00 0.0000e+00 0.0000e+00 0.0000e+00 0.0000e+00 0.0000e+00 0.0000e+00 0.0000e+00 0.0000e+00 0.0000e+00 0.0000e+00 0.0000e+00 3.3333e-01 0.0000e+00 0.0000e+00 0.0000e+00 0.0000e+00
1.0000e+00 5.0000e-01 1.0000e+00 0.0000e+00 1.0000e+00 1.0000e+00 1.0000e+00 5.0000e-01 5.0000e-01 1.0000e+00 1.0000e+00 1.0000e+00 6.6667e-01 6.6667e-01 1.0000e+00 1.0000e+00 7.8022e-01 8.2609e-01 1.0000e+00 8.3333e-01 1.0000e+00 1.0000e+00 5.0000e-01 1.0000e+00 5.0000e-01 6.6667e-01 6.6667e-01 8.5714e-01 6.6667e-01 1.0000e+00 1.0000e+00 1.0000e+00 8.8889e-01 1.0000e+00 1.0000e+00 1.0000e+00 0.0000e+00 5.0000e-01 1.0000e+00 1.0000e+00 8.1777e-01 1.0000e+00 1.0000e+00 8.0000e-01 1.0000e+00 1.0000e+00 1.0000e+00 5.0000e-01 0.0000e+00 1.0000e+00
0.0000e+00 0.0000e+00 0.0000e+00 0.0000e+00 0.0000e+00 0.0000e+00 5.0000e-01 0.0000e+00 0.0000e+00 3.5141e-01 3.3333e-01 0.0000e+00 0.0000e+00 0.0000e+00 3.3333e-01 0.0000e+00 0.0000e+00 0.0000e+00 0.0000e+00 0.0000e+00 0.0000e+00 0.0000e+00 0.0000e+00 2.5000e-01 2.5000e-01 2.2222e-01 2.8571e-01 0.0000e+00 0.0000e+00 0.0000e+00 0.0000e+00 0.0000e+00 0.0000e+00 0.0000e+00 3.3333e-01 0.0000e+00 0.0000e+00 0.0000e+00 0.0000e+00 5.0000e-01 0.0000e+00 0.0000e+00 0.0000e+00 0.0000e+00 0.0000e+00 0.0000e+00 2.8125e-01 4.0000e-01 0.0000e+00 0.0000e+00
0.0000e+00 0.0000e+00 0.0000e+00 0.0000e+00 3.3333e-01 5.0000e-01 8.0000e-01 3.5294e-01 0.0000e+00 0.0000e+00 0.0000e+00 4.1176e-01 0.0000e+00 0.0000e+00 5.6250e-01 5.0000e-01 0.0000e+00 0.0000e+00 0.0000e+00 3.3333e-01 0.0000e+00 0.0000e+00 0.0000e+00 0.0000e+00 0.0000e+00 0.0000e+00 0.0000e+00 0.0000e+00 0.0000e+00 6.6667e-01 4.0000e-01 0.0000e+00 0.0000e+00 0.0000e+00 6.1483e-01 0.0000e+00 0.0000e+00 6.6667e-01 5.0000e-01 5.0000e-01 0.0000e+00 0.0000e+00 7.9479e-01 3.3333e-01 0.0000e+00 0.0000e+00 0.0000e+00 6.0000e-01 0.0000e+00 5.0000e-01
0.0000e+00 8.8688e-01 9.0566e-01 5.0000e-01 0.0000e+00 1.0000e+00 1.0000e+00 0.0000e+00 6.6452e-01 6.6667e-01 1.0000e+00 6.6667e-01 7.8571e-01 8.8330e-01 1.0000e+00 1.0000e+00 0.0000e+00 8.6952e-01 0.0000e+00 5.0000e-01 0.0000e+00 0.0000e+00 0.0000e+00 8.7500e-01 8.3333e-01 0.0000e+00 8.0000e-01 5.0000e-01 5.0000e-01 1.0000e+00 0.0000e+00 8.3333e-01 0.0000e+00 8.3333e-01 0.0000e+00 1.0000e+00 0.0000e+00 1.0000e+00 1.0000e+00 0.0000e+00 5.0000e-01 5.0000e-01 1.0000e+00 5.0000e-01 0.0000e+00 0.0000e+00 8.1818e-01 1.0000e+00 0.0000e+00 1.0000e+00
1.0000e+00 6.6667e-01 8.6667e-01 7.9167e-01 5.0000e-01 1.0000e+00 1.0000e+00 7.8571e-01 0.0000e+00 8.0000e-01 1.0000e+00 0.0000e+00 7.7778e-01 7.5000e-01 1.0000e+00 1.0000e+00 5.0000e-01 5.0000e-01 0.0000e+00 0.0000e+00 6.6667e-01 8.3333e-01 6.6667e-01 0.0000e+00 0.0000e+00 8.0063e-01 0.0000e+00 0.0000e+00 6.6667e-01 1.0000e+00 9.8324e-01 6.6667e-01 8.1250e-01 1.0000e+00 1.0000e+00 0.0000e+00 6.6667e-01 1.0000e+00 1.0000e+00 1.0000e+00 0.0000e+00 6.6667e-01 0.0000e+00 8.1356e-01 1.0000e+00 1.0000e+00 5.0000e-01 1.0000e+00 6.6667e-01 1.0000e+00
5.3333e-01 0.0000e+00 0.0000e+00 0.0000e+00 3.3333e-01 0.0000e+00 0.0000e+00 0.0000e+00 0.0000e+00 2.5000e-01 5.0000e-01 0.0000e+00 0.0000e+00 2.7273e-01 3.3333e-01 0.0000e+00 0.0000e+00 2.0000e-01 0.0000e+00 0.0000e+00 5.4783e-01 0.0000e+00 0.0000e+00 0.0000e+00 0.0000e+00 0.0000e+00 3.3333e-01 0.0000e+00 0.0000e+00 5.0000e-01 0.0000e+00 0.0000e+00 0.0000e+00 0.0000e+00 0.0000e+00 0.0000e+00 0.0000e+00 0.0000e+00 0.0000e+00 0.0000e+00 0.0000e+00 0.0000e+00 0.0000e+00 0.0000e+00 0.0000e+00 0.0000e+00 0.0000e+00 5.0000e-01 3.3333e-01 0.0000e+00
1.0000e+00 1.0000e+00 1.0000e+00 1.0000e+00 1.0000e+00 1.0000e+00 1.0000e+00 1.0000e+00 9.6071e-01 1.0000e+00 1.0000e+00 1.0000e+00 8.0000e-01 1.0000e+00 1.0000e+00 1.0000e+00 0.0000e+00 9.6300e-01 1.0000e+00 1.0000e+00 1.0000e+00 1.0000e+00 1.0000e+00 1.0000e+00 1.0000e+00 7.5000e-01 1.0000e+00 9.7970e-01 6.6667e-01 1.0000e+00 1.0000e+00 1.0000e+00 1.0000e+00 1.0000e+00 1.0000e+00 1.0000e+00 9.5833e-01 1.0000e+00 1.0000e+00 0.0000e+00 7.5000e-01 1.0000e+00 1.0000e+00 0.0000e+00 1.0000e+00 1.0000e+00 1.0000e+00 1.0000e+00 1.0000e+00 0.0000e+00
0.0000e+00 0.0000e+00 2.5000e-01 0.0000e+00 2.8571e-01 0.0000e+00 0.0000e+00 0.0000e+00 0.0000e+00 0.0000e+00 0.0000e+00 0.0000e+00 0.0000e+00 0.0000e+00 0.0000e+00 0.0000e+00 1.8182e-01 0.0000e+00 0.0000e+00 0.0000e+00 0.0000e+00 0.0000e+00 0.0000e+00 0.0000e+00 2.5000e-01 0.0000e+00 0.0000e+00 0.0000e+00 3.3333e-01 0.0000e+00 2.5000e-01 0.0000e+00 0.0000e+00 0.0000e+00 0.0000e+00 0.0000e+00 0.0000e+00 0.0000e+00 3.3333e-01 0.0000e+00 0.0000e+00 0.0000e+00 4.4444e-01 0.0000e+00 0.0000e+00 0.0000e+00 0.0000e+00 0.0000e+00 0.0000e+00 0.0000e+00
0.0000e+00 0.0000e+00 0.0000e+00 0.0000e+00 0.0000e+00 0.0000e+00 0.0000e+00 2.5000e-01 0.0000e+00 2.5000e-01 0.0000e+00 0.0000e+00 0.0000e+00 0.0000e+00 0.0000e+00 0.0000e+00 0.0000e+00 0.0000e+00 0.0000e+00 0.0000e+00 0.0000e+00 0.0000e+00 0.0000e+00 0.0000e+00 0.0000e+00 0.0000e+00 0.0000e+00 0.0000e+00 0.0000e+00 0.0000e+00 0.0000e+00 0.0000e+00 0.0000e+00 0.0000e+00 0.0000e+00 0.0000e+00 0.0000e+00 3.3333e-01 0.0000e+00 6.9008e-01 0.0000e+00 0.0000e+00 4.0000e-01 0.0000e+00 0.0000e+00 3.3333e-01 0.0000e+00 0.0000e+00 0.0000e+00 0.0000e+00
0.0000e+00 0.0000e+00 0.0000e+00 0.0000e+00 0.0000e+00 5.0000e-01 5.7143e-01 0.0000e+00 0.0000e+00 0.0000e+00 0.0000e+00 3.3333e-01 0.0000e+00 0.0000e+00 0.0000e+00 5.9250e-01 0.0000e+00 0.0000e+00 0.0000e+00 0.0000e+00 0.0000e+00 0.0000e+00 0.0000e+00 0.0000e+00 0.0000e+00 0.0000e+00 0.0000e+00 0.0000e+00 0.0000e+00 0.0000e+00 0.0000e+00 0.0000e+00 0.0000e+00 0.0000e+00 4.0000e-01 0.0000e+00 0.0000e+00 0.0000e+00 6.6667e-01 0.0000e+00 2.0000e-01 0.0000e+00 0.0000e+00 0.0000e+00 0.0000e+00 5.0000e-01 0.0000e+00 5.0000e-01 0.0000e+00 0.0000e+00
0.0000e+00 0.0000e+00 0.0000e+00 0.0000e+00 0.0000e+00 0.0000e+00 5.7143e-01 0.0000e+00 0.0000e+00 2.5000e-01 5.0000e-01 0.0000e+00 2.5000e-01 0.0000e+00 4.8118e-01 0.0000e+00 0.0000e+00 0.0000e+00 0.0000e+00 0.0000e+00 0.0000e+00 0.0000e+00 0.0000e+00 2.5000e-01 0.0000e+00 0.0000e+00 5.0177e-01 2.0000e-01 0.0000e+00 5.0000e-01 2.5000e-01 0.0000e+00 2.5000e-01 0.0000e+00 3.3333e-01 0.0000e+00 0.0000e+00 0.0000e+00 0.0000e+00 0.0000e+00 2.0000e-01 2.7273e-01 0.0000e+00 2.5000e-01 5.0000e-01 0.0000e+00 0.0000e+00 5.0000e-01 0.0000e+00 0.0000e+00
0.0000e+00 0.0000e+00 0.0000e+00 0.0000e+00 0.0000e+00 0.0000e+00 0.0000e+00 0.0000e+00 0.0000e+00 0.0000e+00 0.0000e+00 0.0000e+00 0.0000e+00 0.0000e+00 0.0000e+00 0.0000e+00 0.0000e+00 0.0000e+00 0.0000e+00 0.0000e+00 0.0000e+00 0.0000e+00 0.0000e+00 0.0000e+00 0.0000e+00 0.0000e+00 0.0000e+00 0.0000e+00 0.0000e+00 4.3478e-01 0.0000e+00 0.0000e+00 0.0000e+00 0.0000e+00 0.0000e+00 0.0000e+00 0.0000e+00 3.3333e-01 0.0000e+00 0.0000e+00 0.0000e+00 0.0000e+00 3.3333e-01 0.0000e+00 0.0000e+00 0.0000e+00 0.0000e+00 0.0000e+00 0.0000e+00 0.0000e+00
6.0000e-01 0.0000e+00 3.3333e-01 0.0000e+00 0.0000e+00 0.0000e+00 0.0000e+00 0.0000e+00 0.0000e+00 3.3333e-01 5.7143e-01 0.0000e+00 0.0000e+00 2.5000e-01 5.6292e-01 5.0000e-01 0.0000e+00 0.0000e+00 0.0000e+00 0.0000e+00 5.0000e-01 4.0000e-01 0.0000e+00 0.0000e+00 3.3333e-01 0.0000e+00 0.0000e+00 0.0000e+00 0.0000e+00 0.0000e+00 0.0000e+00 0.0000e+00 2.5000e-01 0.0000e+00 0.0000e+00 3.3333e-01 0.0000e+00 5.0000e-01 5.0000e-01 0.0000e+00 0.0000e+00 0.0000e+00 6.4939e-01 0.0000e+00 0.0000e+00 5.0000e-01 3.3333e-01 0.0000e+00 0.0000e+00 0.0000e+00
0.0000e+00 0.0000e+00 0.0000e+00 0.0000e+00 0.0000e+00 0.0000e+00 0.0000e+00 0.0000e+00 2.0000e-01 2.5000e-01 0.0000e+00 2.8571e-01 0.0000e+00 0.0000e+00 3.3333e-01 0.0000e+00 1.6667e-01 0.0000e+00 0.0000e+00 0.0000e+00 0.0000e+00 0.0000e+00 0.0000e+00 0.0000e+00 2.5000e-01 2.2222e-01 0.0000e+00 0.0000e+00 0.0000e+00 4.2857e-01 0.0000e+00 0.0000e+00 0.0000e+00 0.0000e+00 3.3333e-01 0.0000e+00 0.0000e+00 0.0000e+00 0.0000e+00 0.0000e+00 0.0000e+00 0.0000e+00 0.0000e+00 0.0000e+00 0.0000e+00 3.3333e-01 0.0000e+00 0.0000e+00 2.5000e-01 0.0000e+00
0.0000e+00 0.0000e+00 0.0000e+00 0.0000e+00 6.3362e-01 0.0000e+00 1.0000e+00 0.0000e+00 0.0000e+00 0.0000e+00 0.0000e+00 0.0000e+00 4.5238e-01 0.0000e+00 0.0000e+00 0.0000e+00 0.0000e+00 0.0000e+00 0.0000e+00 4.9474e-01 0.0000e+00 0.0000e+00 0.0000e+00 0.0000e+00 0.0000e+00 4.1206e-01 0.0000e+00 0.0000e+00 5.0000e-01 0.0000e+00 0.0000e+00 0.0000e+00 0.0000e+00 0.0000e+00 0.0000e+00 5.3846e-01 0.0000e+00 7.5000e-01 5.0000e-01 5.0000e-01 0.0000e+00 0.0000e+00 8.0000e-01 0.0000e+00 5.0000e-01 5.0000e-01 0.0000e+00 0.0000e+00 0.0000e+00 0.0000e+00
