5.5801e-01 3.5176e-01 7.6406e-01 2.9097e-01 6.0877e-01 6.3139e-01 6.0877e-01 6.9891e-01 6.1285e-01 6.3785e-01 3.9655e-01 4.1103e-01 3.0691e-01 3.1150e-01 4.1924e-01 4.1849e-01 2.1704e-01 1.5611e-01 1.4408e-01 3.3750e-01 5.4404e-01 2.5331e-01 3.7094e-01 4.0917e-01 2.0070e-01 2.6496e-01 5.8784e-01 2.3104e-01 7.2297e-01 5.8306e-01 6.6667e-01 7.5548e-01 6.0000e-01 6.3322e-01 4.3002e-01 4.1374e-01 3.7329e-01 6.1401e-01 5.2913e-01 3.1034e-01 6.0235e-01 0.0000e+00 2.1824e-01 4.3248e-01 7.5681e-01 2.2576e-01 4.2831e-01 7.0383e-01 2.3272e-01 6.1750e-01
3.9804e-01 4.1558e-01 0.0000e+00 0.0000e+00 7.3818e-01 0.0000e+00 3.1833e-01 4.8532e-01 1.4474e-01 1.8489e-01 0.0000e+00 0.0000e+00 6.3545e-02 0.0000e+00 8.0592e-02 4.8858e-01 1.0536e-01 0.0000e+00 1.8750e-01 4.0893e-01 1.6279e-01 3.9716e-01 3.9896e-01 6.8071e-02 1.0940e-01 1.4096e-01 2.0877e-01 0.0000e+00 6.3550e-01 7.0455e-01 2.1500e-01 0.0000e+00 0.0000e+00 2.3063e-01 2.6316e-01 1.8792e-01 1.9213e-01 1.8760e-01 4.1237e-01 0.0000e+00 0.0000e+00 1.5833e-01 1.8150e-01 2.1864e-01 1.0000e+00 6.7048e-01 0.0000e+00 1.7905e-01 4.2743e-01 1.3763e-01
2.4555e-01 3.2409e-01 2.0841e-01 5.8793e-01 3.9685e-01 6.5815e-01 6.2745e-01 3.7152e-01 6.2357e-01 6.0500e-01 7.0951e-01 2.4013e-01 5.7886e-01 6.6018e-01 2.0713e-01 5.9302e-01 5.3584e-01 4.3284e-01 4.6552e-01 4.1956e-01 7.0105e-01 4.4029e-01 2.7721e-01 6.4496e-01 6.2295e-01 3.7374e-01 4.1476e-01 3.6227e-01 6.8971e-01 4.9750e-01 3.4010e-01 4.3204e-01 6.2116e-01 6.1983e-01 6.7442e-01 4.3669e-01 6.2938e-01 3.8019e-01 6.5232e-01 3.1382e-01 6.6026e-01 4.2142e-01 8.4538e-01 3.8136e-01 3.7175e-01 3.6667e-01 3.5726e-01 3.4272e-01 5.7280e-01 3.5176e-01
1.0000e+00 3.4075e-01 9.3387e-01 7.7704e-01 2.7994e-01 9.0543e-01 1.0000e+00 6.9128e-01 7.3203e-01 9.1340e-01 2.4059e-01 8.9842e-01 7.7670e-01 7.5441e-01 9.6447e-02 7.0315e-01 2.3892e-01 7.6052e-01 6.4706e-01 1.6264e-01 9.4518e-01 8.9255e-01 1.1033e-01 9.7920e-01 6.3063e-02 6.7340e-01 7.3124e-01 3.8750e-01 3.6494e-01 7.2755e-01 1.6041e-01 7.0230e-01 6.7581e-01 7.8292e-02 3.7182e-01 3.3613e-02 8.9018e-01 9.5806e-01 7.1475e-01 1.2373e-01 8.6767e-01 7.0432e-01 3.5980e-01 7.3801e-01 8.5788e-01 9.8569e-01 9.2364e-01 8.4360e-01 9.3613e-01 2.5127e-01
1.3527e-01 1.9092e-01 0.0000e+00 0.0000e+00 1.6637e-01 0.0000e+00 3.5902e-01 4.9917e-03 0.0000e+00 0.0000e+00 4.6632e-02 2.9934e-01 0.0000e+00 1.9769e-02 0.0000e+00 3.8794e-01 2.1653e-01 1.9868e-02 8.1967e-02 4.2282e-01 4.8850e-01 1.4161e-01 3.0577e-01 2.1417e-01 8.6233e-02 2.3729e-02 0.0000e+00 0.0000e+00 1.0897e-01 1.9501e-01 2.3372e-01 4.2414e-01 5.8642e-02 5.3245e-02 2.8739e-01 0.0000e+00 0.0000e+00 7.7922e-02 9.0690e-01 0.0000e+00 1.3781e-01 0.0000e+00 1.8182e-01 0.0000e+00 1.7304e-01 9.1667e-02 5.7566e-02 7.0300e-01 1.0201e-01 0.0000e+00
1.7831e-01 1.8135e-01 1.7713e-01 1.1295e-01 0.0000e+00 5.2365e-01 0.0000e+00 0.0000e+00 0.0000e+00 9.7315e-02 4.1762e-01 2.0930e-01 9.9160e-02 1.6203e-01 3.7318e-01 5.2981e-01 1.6981e-01 8.3333e-02 7.8003e-02 9.7691e-02 2.7107e-01 0.0000e+00 0.0000e+00 0.0000e+00 2.8822e-01 1.0030e-01 0.0000e+00 0.0000e+00 3.4958e-01 7.3822e-01 7.4074e-02 3.5345e-01 1.9694e-01 0.0000e+00 2.8246e-01 8.8962e-02 4.0541e-02 1.0000e+00 1.0000e+00 1.2736e-01 1.2712e-01 2.4433e-01 1.0000e+00 0.0000e+00 7.7954e-01 0.0000e+00 2.1212e-01 1.0085e-01 9.3220e-02 0.0000e+00
2.2059e-01 5.1903e-02 3.0710e-01 1.7618e-01 1.6150e-01 1.6638e-01 2.7110e-01 8.1531e-02 0.0000e+00 1.9024e-01 1.0443e-01 8.7031e-02 5.2453e-02 9.0150e-02 1.0660e-01 5.7858e-01 6.3622e-02 9.5575e-02 1.1695e-01 9.7134e-02 1.4890e-01 1.0218e-01 2.4836e-01 2.8571e-01 1.0282e-01 9.8007e-02 5.2356e-02 1.0709e-01 1.4122e-01 6.0136e-01 4.3760e-02 2.2185e-01 5.6604e-02 1.0161e-01 2.1000e-01 9.4842e-02 4.0000e-02 9.5082e-02 3.9542e-01 1.1382e-01 9.2985e-02 1.4262e-01 2.7541e-01 1.1184e-01 1.9769e-01 2.4694e-01 8.3067e-02 2.5175e-01 9.3248e-02 3.1634e-02
6.3562e-01 5.7504e-01 3.9418e-01 4.8792e-01 4.5819e-01 4.8235e-01 3.1854e-01 4.5177e-01 6.2520e-01 5.5385e-01 1.6607e-01 1.7288e-01 3.6111e-01 2.7671e-01 5.4952e-01 5.8373e-01 6.7690e-01 7.1773e-01 3.0205e-01 6.3577e-01 5.6210e-01 3.7143e-01 5.2073e-01 7.7168e-01 4.0964e-01 6.4803e-01 3.5836e-01 6.2438e-01 6.6667e-01 5.0426e-01 4.3252e-01 4.3103e-01 1.6723e-01 3.1633e-01 5.8433e-01 5.7904e-01 4.3189e-01 6.0413e-01 4.3568e-01 5.9736e-01 3.5836e-01 4.9172e-01 6.1551e-01 3.9626e-01 6.7488e-01 7.0481e-01 6.0920e-01 7.4310e-01 3.9901e-01 3.6719e-01
9.0301e-02 8.5284e-02 2.7663e-01 4.8833e-01 5.4591e-01 2.0874e-01 4.2718e-01 3.6478e-01 2.0952e-01 1.9932e-01 1.9583e-01 5.0248e-01 1.0430e-01 1.6467e-01 8.8283e-02 4.8590e-01 2.9321e-01 1.8285e-01 2.2042e-01 1.7317e-01 9.6931e-02 4.2283e-01 2.9371e-01 3.1765e-01 1.9449e-01 3.6288e-01 7.1307e-02 1.0279e-01 3.1000e-01 4.8220e-01 3.4424e-01 2.4150e-01 1.0000e-01 2.7730e-01 4.7578e-01 4.5888e-01 1.0381e-01 4.6154e-01 3.1614e-01 1.8103e-01 2.0761e-01 1.0016e-01 8.0403e-01 3.0000e-01 8.2746e-02 1.1967e-01 7.2913e-01 1.9149e-01 1.1150e-01 3.0137e-01
3.0599e-01 7.0256e-01 2.2029e-01 1.9243e-01 6.9231e-01 8.1924e-01 5.1724e-01 7.9538e-01 5.1387e-01 5.3191e-01 3.4098e-01 8.4483e-01 6.5449e-01 6.7921e-01 6.8464e-01 2.4958e-01 6.8482e-01 8.6622e-01 7.1250e-01 8.1884e-01 7.9608e-01 2.0205e-01 1.7538e-01 3.6007e-01 5.0000e-01 5.1552e-01 6.9256e-01 3.2849e-01 7.5743e-01 2.4830e-01 2.0898e-01 8.2808e-01 7.9805e-01 8.2095e-01 6.8791e-01 9.0085e-01 8.9604e-01 6.5556e-01 2.4348e-01 6.2993e-01 2.8908e-01 2.9236e-01 5.3081e-01 7.9402e-01 4.8315e-01 3.9965e-01 8.3940e-01 2.5202e-01 3.1616e-01 8.5294e-01
