1.2000e+01 1.0000e+01 1.4000e+01 1.3000e+01 1.3000e+01 9.9000e+01 4.7500e+02 9.0000e+00 9.0000e+00 1.4000e+01 4.8000e+01 2.0000e+01 1.0000e+01 1.3000e+01 1.0000e+01 4.0000e+01 1.1000e+01 9.0000e+00 7.0000e+00 1.0000e+01 1.0000e+01 9.0000e+00 8.0000e+00 7.0000e+00 1.3000e+01 1.5000e+01 1.0000e+01 9.0000e+00 3.7000e+01 3.0000e+01 1.4000e+01 1.2000e+01 8.0000e+00 1.0000e+01 2.2000e+01 3.5000e+01 7.0000e+00 6.2000e+01 7.6200e+02 1.1800e+02 1.2000e+01 1.1000e+01 7.8000e+01 1.3000e+01 3.5000e+01 2.2000e+01 2.1000e+01 1.7000e+01 1.2000e+01 1.0000e+01
2.1000e+01 1.2000e+01 7.0000e+00 3.7000e+01 2.7000e+01 2.8000e+01 1.0000e+01 9.0000e+00 1.2000e+01 3.1000e+01 7.0000e+00 4.5000e+01 1.0000e+01 7.0000e+00 9.0000e+00 3.9000e+01 1.4700e+02 1.8000e+01 7.0000e+00 9.0000e+00 9.1000e+01 1.7000e+01 1.0000e+01 7.0000e+00 1.4000e+01 1.4000e+01 1.0000e+01 9.0000e+00 2.9000e+01 1.9200e+02 7.0000e+00 7.7000e+02 3.3000e+01 9.0000e+00 6.0070e+03 9.0000e+00 1.1000e+01 5.0000e+01 5.2590e+03 1.2000e+01 7.0000e+00 9.0000e+00 3.8600e+02 4.9000e+01 3.1800e+02 1.1000e+01 9.0000e+00 1.2000e+01 1.2000e+01 1.0000e+01
1.1000e+01 9.0000e+00 7.0000e+00 1.5000e+01 1.3000e+01 3.9000e+01 1.7000e+01 9.0000e+00 7.0000e+00 1.2000e+01 9.0000e+00 9.0000e+00 1.1000e+01 9.0000e+00 9.0000e+00 1.8000e+01 1.3000e+01 1.5000e+01 9.0000e+00 7.0000e+00 1.0000e+01 1.7000e+01 1.2000e+01 1.3000e+01 1.6000e+01 1.8000e+01 9.0000e+00 7.0000e+00 1.3000e+01 1.0600e+02 1.0000e+01 7.0000e+00 8.0000e+00 7.0000e+00 0.0000e+00 1.8000e+01 7.0000e+00 2.4000e+01 0.0000e+00 2.3000e+01 7.0000e+00 7.0000e+00 3.1000e+01 9.0000e+00 2.1000e+01 9.0000e+00 1.0000e+01 1.7000e+01 7.0000e+00 1.0000e+01
1.1000e+01 7.0000e+00 7.0000e+00 8.0000e+00 1.0000e+01 9.0000e+00 2.5000e+01 9.0000e+00 7.0000e+00 1.0000e+01 9.0000e+00 1.2000e+01 8.0000e+00 7.0000e+00 9.0000e+00 1.2000e+01 9.0000e+00 7.0000e+00 9.0000e+00 9.0000e+00 9.0000e+00 9.0000e+00 2.3000e+01 9.0000e+00 9.0000e+00 7.0000e+00 1.2000e+01 7.0000e+00 9.0000e+00 2.9000e+01 9.0000e+00 7.0000e+00 8.0000e+00 7.0000e+00 0.0000e+00 1.5000e+01 9.0000e+00 7.0000e+00 0.0000e+00 2.7000e+01 7.0000e+00 7.0000e+00 2.8000e+01 7.0000e+00 7.0000e+00 1.5000e+01 7.0000e+00 1.0000e+01 7.0000e+00 1.0000e+01
1.6000e+01 7.0000e+00 7.0000e+00 1.5000e+01 8.0000e+00 9.0000e+00 5.5200e+03 7.0000e+00 1.4000e+01 1.0000e+01 7.0000e+00 1.4000e+01 1.0000e+01 7.0000e+00 2.4000e+01 2.5000e+01 1.1000e+01 7.0000e+00 7.0000e+00 1.0000e+01 1.2000e+01 1.6000e+01 1.2000e+01 1.1000e+01 1.3000e+01 1.0000e+01 9.0000e+00 1.0000e+01 4.4700e+02 5.6000e+01 7.0000e+00 7.0000e+00 8.0000e+00 9.0000e+00 0.0000e+00 7.0000e+00 7.0000e+00 9.0000e+00 0.0000e+00 1.0000e+01 1.2000e+01 1.7000e+01 3.6000e+01 1.7000e+01 2.2000e+01 7.0000e+00 9.0000e+00 9.0000e+00 1.0000e+01 9.0000e+00
1.2000e+01 7.0000e+00 9.0000e+00 1.0000e+01 1.3000e+01 1.4000e+01 0.0000e+00 1.3000e+01 9.0000e+00 1.4000e+01 1.2000e+01 7.0000e+00 8.0000e+00 7.0000e+00 1.4000e+01 1.0000e+01 9.0000e+00 9.0000e+00 9.0000e+00 1.7000e+01 9.0000e+00 1.1000e+01 1.0000e+01 7.0000e+00 9.0000e+00 1.0000e+01 7.0000e+00 1.2000e+01 1.3000e+01 1.2000e+01 7.0000e+00 9.0000e+00 1.0000e+01 7.0000e+00 0.0000e+00 1.9000e+01 7.0000e+00 1.0000e+01 0.0000e+00 4.5700e+02 1.0000e+01 7.0000e+00 1.1000e+01 1.3000e+01 1.4000e+01 9.0000e+00 1.5000e+01 1.0000e+01 7.0000e+00 7.0000e+00
4.1000e+01 7.0000e+00 9.0000e+00 8.0000e+00 8.0000e+00 2.1000e+01 0.0000e+00 7.0000e+00 7.0000e+00 8.0000e+00 2.1000e+01 7.0000e+00 8.0000e+00 7.0000e+00 7.0000e+00 7.0000e+00 9.0000e+00 7.0000e+00 7.0000e+00 7.0000e+00 9.0000e+00 7.0000e+00 1.3000e+01 7.0000e+00 7.0000e+00 1.0000e+01 7.0000e+00 9.0000e+00 9.0000e+00 1.5000e+01 7.0000e+00 7.0000e+00 8.0000e+00 9.0000e+00 0.0000e+00 7.0000e+00 7.0000e+00 1.0000e+01 0.0000e+00 2.0000e+01 7.0000e+00 7.0000e+00 1.1000e+01 7.0000e+00 7.0000e+00 3.9000e+01 1.2000e+01 9.0000e+00 7.0000e+00 1.0000e+01
1.1000e+01 7.0000e+00 1.1000e+01 1.2000e+01 8.0000e+00 9.0000e+00 0.0000e+00 9.0000e+00 7.0000e+00 1.2000e+01 7.0000e+00 9.0000e+00 1.0000e+01 7.0000e+00 7.0000e+00 2.4000e+01 1.8000e+01 1.5000e+01 7.0000e+00 7.0000e+00 7.0000e+00 9.0000e+00 1.3000e+01 7.0000e+00 7.0000e+00 9.0000e+00 7.0000e+00 1.0000e+01 9.0000e+00 1.0000e+01 9.0000e+00 1.5000e+01 8.0000e+00 7.0000e+00 0.0000e+00 9.0000e+00 9.0000e+00 1.5000e+01 0.0000e+00 8.0000e+00 7.0000e+00 7.0000e+00 1.1000e+01 7.0000e+00 7.0000e+00 7.0000e+00 7.0000e+00 1.0000e+01 7.0000e+00 1.0000e+01
7.0000e+00 1.0000e+01 7.0000e+00 1.3000e+01 1.3000e+01 9.0000e+00 0.0000e+00 9.0000e+00 1.5000e+01 8.0000e+00 7.0000e+00 7.0000e+00 1.0000e+01 7.0000e+00 1.5000e+01 2.2000e+01 1.3000e+01 7.0000e+00 7.0000e+00 9.0000e+00 7.0000e+00 1.6000e+01 8.0000e+00 1.1000e+01 7.0000e+00 9.0000e+00 7.0000e+00 7.0000e+00 9.0000e+00 1.8000e+01 7.0000e+00 7.0000e+00 1.0000e+01 9.0000e+00 0.0000e+00 9.0000e+00 9.0000e+00 1.5000e+01 0.0000e+00 8.0000e+00 7.0000e+00 1.2000e+01 9.0000e+00 9.0000e+00 1.2000e+01 7.0000e+00 9.0000e+00 9.0000e+00 9.0000e+00 7.0000e+00
7.0000e+00 7.0000e+00 9.0000e+00 1.0000e+01 5.6000e+01 1.4000e+01 0.0000e+00 1.3000e+01 1.4000e+01 1.2000e+01 1.1000e+01 9.0000e+00 8.0000e+00 7.0000e+00 7.0000e+00 1.2000e+01 1.3000e+01 1.0000e+01 9.0000e+00 1.0000e+01 9.0000e+00 2.6000e+01 1.3000e+01 9.0000e+00 7.0000e+00 1.4000e+01 1.2000e+01 9.0000e+00 1.8000e+01 1.2000e+01 7.0000e+00 1.0000e+01 1.3000e+01 1.0000e+01 0.0000e+00 2.1000e+01 7.0000e+00 1.9000e+01 0.0000e+00 1.2000e+01 9.0000e+00 9.0000e+00 7.0000e+00 7.0000e+00 9.0000e+00 7.0000e+00 1.8000e+01 9.0000e+00 1.4000e+01 1.0000e+01
4.1400e+02 1.2000e+01 1.4000e+01 1.9200e+02 8.0000e+00 1.4000e+01 0.0000e+00 7.0000e+00 3.4000e+01 2.2000e+01 1.2000e+01 9.0000e+00 1.0000e+01 9.0000e+00 6.6500e+02 4.0000e+01 1.7000e+01 3.4000e+01 3.0000e+01 7.0000e+00 4.8000e+01 2.2300e+02 3.6000e+01 8.3600e+02 4.7000e+01 9.0000e+00 1.1200e+02 2.8000e+01 1.6000e+01 3.4000e+01 5.9000e+01 2.2300e+02 1.5000e+01 5.7000e+01 0.0000e+00 6.2000e+01 1.1000e+01 2.8000e+01 0.0000e+00 3.8400e+02 7.0000e+00 1.3400e+02 4.9000e+01 2.4000e+01 4.5000e+01 3.6000e+01 2.4000e+01 6.1000e+01 2.8000e+01 1.0000e+01
1.2000e+01 9.0000e+00 9.0000e+00 8.0000e+00 1.3000e+01 4.5000e+01 0.0000e+00 7.0000e+00 7.0000e+00 8.0000e+00 1.5000e+01 1.8000e+01 1.0000e+01 7.0000e+00 7.0000e+00 6.2000e+01 1.3000e+01 7.0000e+00 1.4000e+01 7.0000e+00 1.8000e+01 1.6000e+01 1.8000e+01 7.0000e+00 7.0000e+00 1.0000e+01 1.0000e+01 7.0000e+00 2.9000e+01 1.0000e+01 2.1000e+01 7.0000e+00 8.0000e+00 7.0000e+00 0.0000e+00 7.0000e+00 7.0000e+00 2.9000e+01 0.0000e+00 1.0000e+01 7.0000e+00 2.4000e+01 7.0000e+00 1.1000e+01 7.0000e+00 1.6000e+01 9.0000e+00 1.5000e+01 9.0000e+00 7.0000e+00
2.5400e+02 7.4000e+01 1.7400e+02 2.6000e+01 5.2000e+01 1.7200e+02 0.0000e+00 1.0200e+02 1.7000e+01 3.3200e+02 1.8000e+01 7.2000e+01 4.7000e+01 1.1000e+02 5.1000e+01 1.4000e+01 9.3000e+01 3.3000e+01 1.0700e+02 1.3300e+02 9.1000e+01 3.3000e+01 3.4000e+01 8.3000e+01 2.3800e+02 8.3000e+01 1.0000e+01 5.4000e+01 1.0000e+02 6.3000e+01 6.9000e+01 2.2800e+02 1.5400e+02 1.4000e+01 0.0000e+00 1.9000e+01 1.3100e+02 2.1300e+02 0.0000e+00 1.9800e+02 3.4000e+01 2.0300e+02 9.0000e+00 2.6100e+02 2.1000e+01 3.5000e+01 7.5000e+01 3.9000e+01 2.5000e+01 9.7000e+01
1.1000e+01 1.0000e+01 9.0000e+00 2.7000e+01 4.0000e+01 1.8000e+01 0.0000e+00 1.1000e+01 9.0000e+00 2.4000e+01 7.0000e+00 1.4000e+01 1.3000e+01 9.0000e+00 2.8000e+01 1.4000e+01 1.5000e+01 1.0000e+01 1.0000e+01 7.0000e+00 7.0000e+00 8.3000e+01 1.3000e+01 2.2000e+01 1.4000e+01 1.5000e+01 1.5000e+01 1.4000e+01 1.6000e+01 2.9000e+01 9.0000e+00 1.5000e+01 2.3000e+01 1.0000e+01 0.0000e+00 7.0000e+00 7.0000e+00 3.0000e+01 0.0000e+00 1.1200e+02 7.0000e+00 7.0000e+00 3.5000e+01 9.0000e+00 3.4000e+01 4.9000e+01 1.0000e+01 1.5000e+01 1.4000e+01 7.0000e+00
1.4000e+01 7.0000e+00 9.0000e+00 4.0000e+01 1.2000e+01 1.0000e+01 0.0000e+00 9.0000e+00 1.7000e+01 1.0000e+01 2.1000e+01 1.4000e+01 1.6000e+01 2.8000e+01 7.0000e+00 1.5000e+01 1.7000e+01 1.0000e+01 1.8000e+01 1.8000e+01 9.0000e+00 1.6000e+01 2.9000e+01 1.7000e+01 1.4000e+01 9.0000e+00 9.0000e+00 1.8000e+01 1.6000e+01 1.2000e+01 1.9000e+01 9.0000e+00 1.2000e+01 1.4000e+01 0.0000e+00 1.4000e+01 9.0000e+00 2.6000e+01 0.0000e+00 1.3000e+01 1.7000e+01 1.1000e+01 3.0000e+01 1.1000e+01 1.0000e+01 7.0000e+00 2.5000e+01 9.0000e+00 2.6000e+01 9.0000e+00
7.0000e+00 9.0000e+00 9.0000e+00 1.3000e+01 1.2000e+01 1.2000e+01 0.0000e+00 1.4000e+01 1.0000e+01 8.0000e+00 1.2000e+01 9.0000e+00 8.0000e+00 1.4000e+01 3.5000e+01 2.6000e+01 9.0000e+00 7.0000e+00 7.0000e+00 1.2000e+01 9.0000e+00 1.9000e+01 8.0000e+00 1.1000e+01 1.1000e+01 1.2000e+01 1.9000e+01 1.0000e+01 1.3000e+01 7.0000e+00 7.0000e+00 7.0000e+00 1.0000e+01 6.2000e+01 0.0000e+00 1.7000e+01 7.0000e+00 1.9800e+02 0.0000e+00 1.3000e+01 7.0000e+00 7.0000e+00 3.1000e+01 7.0000e+00 9.5000e+01 7.0000e+00 9.0000e+00 6.3000e+01 7.0000e+00 1.0000e+01
7.0000e+00 7.0000e+00 9.0000e+00 1.0000e+01 8.0000e+00 1.0000e+01 0.0000e+00 7.0000e+00 7.0000e+00 1.0000e+01 1.1000e+01 7.0000e+00 8.0000e+00 7.0000e+00 1.8000e+01 7.0000e+00 9.0000e+00 9.0000e+00 7.0000e+00 9.0000e+00 7.0000e+00 7.0000e+00 1.0000e+01 9.0000e+00 1.3000e+01 1.0000e+01 7.0000e+00 1.2000e+01 1.1000e+01 7.0000e+00 7.0000e+00 7.0000e+00 8.0000e+00 7.0000e+00 0.0000e+00 7.0000e+00 9.0000e+00 7.0000e+00 0.0000e+00 8.0000e+00 7.0000e+00 7.0000e+00 7.0000e+00 7.0000e+00 7.0000e+00 1.1000e+01 9.0000e+00 9.0000e+00 7.0000e+00 7.0000e+00
3.2000e+01 3.1300e+02 1.4000e+01 7.2000e+01 1.8300e+02 2.1000e+01 0.0000e+00 3.2000e+02 1.2000e+01 8.0000e+00 1.3000e+02 1.7000e+01 1.6000e+01 1.5000e+02 1.0000e+01 7.4000e+01 6.9000e+01 1.2000e+01 9.0000e+00 9.0000e+00 9.0000e+00 7.0000e+00 8.0000e+00 1.6000e+01 9.8000e+01 3.0000e+01 1.0000e+01 4.5000e+01 1.1000e+01 2.8000e+01 7.0000e+00 2.8000e+01 1.2000e+01 1.2000e+01 0.0000e+00 6.7000e+01 2.2400e+02 7.0000e+00 0.0000e+00 1.3000e+01 7.0000e+00 9.0000e+00 1.3700e+02 7.0000e+00 5.4300e+03 5.4000e+01 7.0000e+00 6.3000e+01 3.8000e+01 2.6000e+01
7.0000e+00 7.0000e+00 7.0000e+00 1.0000e+01 1.0000e+01 7.0000e+00 0.0000e+00 7.0000e+00 7.0000e+00 8.0000e+00 4.1000e+01 7.0000e+00 8.0000e+00 1.3000e+01 7.0000e+00 3.5000e+01 9.0000e+00 7.0000e+00 7.0000e+00 7.0000e+00 7.0000e+00 1.6000e+01 8.0000e+00 7.0000e+00 7.0000e+00 9.0000e+00 1.2000e+01 7.0000e+00 9.0000e+00 1.0000e+01 7.0000e+00 7.0000e+00 1.0000e+01 7.0000e+00 0.0000e+00 7.0000e+00 7.0000e+00 7.0000e+00 0.0000e+00 1.2000e+01 7.0000e+00 7.0000e+00 1.7000e+01 7.0000e+00 0.0000e+00 9.0000e+00 9.0000e+00 7.0000e+00 7.0000e+00 7.0000e+00
1.6000e+01 7.0000e+00 9.0000e+00 1.0000e+01 1.2000e+01 7.0000e+00 0.0000e+00 9.0000e+00 9.0000e+00 1.0000e+01 9.0000e+00 1.6000e+01 1.0000e+01 9.0000e+00 1.0000e+01 1.4000e+01 9.0000e+00 7.0000e+00 7.0000e+00 7.0000e+00 7.0000e+00 7.0000e+00 8.0000e+00 9.0000e+00 9.0000e+00 9.0000e+00 7.0000e+00 7.0000e+00 1.1000e+01 1.0000e+01 7.0000e+00 7.0000e+00 8.0000e+00 9.0000e+00 0.0000e+00 7.0000e+00 7.0000e+00 1.0000e+01 0.0000e+00 1.3000e+01 7.0000e+00 7.0000e+00 1.1000e+01 1.7000e+01 0.0000e+00 7.0000e+00 1.7000e+01 9.0000e+00 7.0000e+00 7.0000e+00
1.6000e+01 7.0000e+00 9.0000e+00 1.0000e+01 1.2000e+01 3.1000e+01 0.0000e+00 7.0000e+00 7.0000e+00 8.0000e+00 2.5000e+01 7.0000e+00 8.0000e+00 1.4000e+01 7.0000e+00 1.1000e+02 1.5000e+01 1.0000e+01 7.0000e+00 7.0000e+00 9.0000e+00 7.0000e+00 8.0000e+00 9.0000e+00 1.4000e+01 1.0000e+01 7.0000e+00 9.0000e+00 1.1000e+01 1.7000e+01 1.4000e+01 1.4000e+01 1.0000e+01 1.0000e+01 0.0000e+00 1.0000e+01 9.0000e+00 7.0000e+00 0.0000e+00 8.0000e+00 1.7000e+01 1.2000e+01 3.2000e+01 1.9000e+01 0.0000e+00 1.1000e+01 2.4000e+01 7.0000e+00 1.0000e+01 8.7000e+01
1.4000e+01 7.0000e+00 7.0000e+00 5.1000e+01 2.9000e+01 1.0000e+01 0.0000e+00 7.0000e+00 7.0000e+00 1.2000e+01 9.0000e+00 1.1000e+01 8.0000e+00 1.4000e+01 1.8000e+01 2.9000e+01 1.8000e+01 1.0000e+01 7.0000e+00 9.0000e+00 9.0000e+00 9.0000e+00 1.0000e+01 9.0000e+00 1.1000e+01 1.0000e+01 1.4000e+01 7.0000e+00 1.3000e+01 7.0000e+00 1.0000e+01 1.0000e+01 1.5000e+01 5.7720e+03 0.0000e+00 1.7000e+01 9.0000e+00 8.0000e+01 0.0000e+00 1.3000e+01 1.4000e+01 9.0000e+00 2.3000e+01 1.3000e+01 0.0000e+00 1.5000e+01 7.0000e+00 2.6000e+01 7.0000e+00 9.0000e+00
2.4000e+01 1.0000e+01 1.2000e+01 3.0000e+01 6.0000e+01 1.2000e+01 0.0000e+00 1.3000e+01 9.0000e+00 1.2000e+01 7.0000e+00 9.0000e+00 8.0000e+00 1.6000e+01 1.0000e+01 2.9000e+01 8.5000e+01 9.0000e+00 1.0000e+01 1.4000e+01 1.4000e+01 1.3000e+01 3.8000e+01 2.0000e+01 1.1000e+01 1.9000e+01 1.0000e+01 1.0000e+01 1.6000e+01 9.1000e+01 1.4000e+01 4.7000e+01 3.1000e+01 0.0000e+00 0.0000e+00 2.1000e+01 1.3000e+01 6.9000e+01 0.0000e+00 2.1000e+01 9.0000e+00 1.1000e+01 2.1000e+01 7.0000e+00 0.0000e+00 1.5000e+01 7.0000e+00 1.2000e+01 9.0000e+00 7.0000e+00
7.0000e+00 9.0000e+00 7.0000e+00 8.0000e+00 8.0000e+00 6.8000e+01 0.0000e+00 7.0000e+00 1.5000e+01 8.0000e+00 2.8000e+01 9.0000e+00 8.0000e+00 7.0000e+00 2.8000e+01 7.0000e+00 1.8000e+01 7.0000e+00 1.0000e+01 1.4000e+01 1.7000e+01 3.7000e+01 7.7000e+01 9.0000e+00 7.0000e+00 1.4800e+02 2.8000e+01 1.5000e+01 1.1000e+01 1.0000e+01 1.2000e+01 7.0000e+00 1.3000e+01 0.0000e+00 0.0000e+00 1.0600e+02 9.0000e+00 7.0000e+00 0.0000e+00 1.0000e+01 7.0000e+00 7.0000e+00 1.1000e+01 7.0000e+00 0.0000e+00 9.0000e+00 6.0000e+01 1.5000e+01 1.7000e+01 9.0000e+00
1.2000e+01 7.0000e+00 1.2000e+01 1.5000e+01 2.1000e+01 1.2000e+01 0.0000e+00 7.0000e+00 9.0000e+00 2.8000e+01 1.5000e+01 9.0000e+00 8.0000e+00 7.0000e+00 1.4000e+01 1.5000e+01 9.0000e+00 7.0000e+00 7.0000e+00 7.0000e+00 9.0000e+00 9.0000e+00 1.0000e+01 7.0000e+00 7.0000e+00 7.0000e+00 1.2000e+01 1.9000e+01 1.3000e+01 1.0000e+01 9.0000e+00 1.0000e+01 1.5000e+01 0.0000e+00 0.0000e+00 1.7000e+01 7.0000e+00 5.0170e+03 0.0000e+00 1.0000e+01 7.0000e+00 9.0000e+00 6.2000e+01 7.0000e+00 0.0000e+00 1.1000e+01 9.0000e+00 9.0000e+00 9.0000e+00 7.0000e+00
7.8000e+01 7.0000e+00 1.1000e+01 1.3600e+02 3.1000e+02 5.7000e+01 0.0000e+00 1.1000e+01 1.5000e+01 3.8000e+01 1.2000e+01 8.5000e+01 1.1000e+01 1.1000e+01 2.6000e+01 3.3000e+01 1.5000e+01 1.0000e+01 7.0000e+00 1.8000e+01 9.0000e+00 1.1000e+01 8.0000e+00 6.1000e+01 2.3000e+01 2.6000e+01 2.1000e+01 1.5000e+01 9.0000e+00 1.4000e+01 7.0000e+00 1.9000e+01 1.5000e+01 0.0000e+00 0.0000e+00 2.9000e+01 9.0000e+00 0.0000e+00 0.0000e+00 8.7000e+01 7.0000e+00 9.0000e+00 1.1600e+02 2.6000e+01 0.0000e+00 8.4000e+01 1.5000e+01 7.3000e+01 1.9000e+01 1.0000e+01
7.0000e+00 1.0000e+01 7.0000e+00 8.0000e+00 1.8000e+01 1.5000e+01 0.0000e+00 7.0000e+00 9.0000e+00 8.0000e+00 1.1000e+01 7.0000e+00 1.1000e+01 7.0000e+00 3.0000e+01 9.0000e+00 9.0000e+00 7.0000e+00 7.0000e+00 9.0000e+00 1.0000e+01 7.0000e+00 8.0000e+00 7.0000e+00 1.3000e+01 1.0000e+01 7.0000e+00 7.0000e+00 2.6000e+01 2.5000e+01 9.0000e+00 7.0000e+00 8.0000e+00 0.0000e+00 0.0000e+00 7.0000e+00 7.0000e+00 0.0000e+00 0.0000e+00 8.0000e+00 7.0000e+00 2.8000e+01 9.0000e+00 9.0000e+00 0.0000e+00 1.1000e+01 9.0000e+00 7.0000e+00 1.5000e+01 7.0000e+00
1.1000e+01 7.0000e+00 9.0000e+00 1.0000e+01 1.2000e+01 7.0000e+00 0.0000e+00 1.3000e+01 9.0000e+00 1.0000e+01 1.2000e+01 7.0000e+00 8.0000e+00 9.0000e+00 7.0000e+00 7.0000e+00 1.1000e+01 7.0000e+00 7.0000e+00 9.0000e+00 9.0000e+00 7.0000e+00 8.0000e+00 9.0000e+00 7.0000e+00 1.2000e+01 7.0000e+00 9.0000e+00 9.0000e+00 1.0000e+01 9.0000e+00 7.0000e+00 8.0000e+00 0.0000e+00 0.0000e+00 7.0000e+00 7.0000e+00 0.0000e+00 0.0000e+00 8.0000e+00 1.0000e+01 9.0000e+00 1.2000e+01 7.0000e+00 0.0000e+00 2.2000e+01 1.0000e+01 7.0000e+00 7.0000e+00 7.0000e+00
2.0000e+01 1.0000e+01 2.0000e+01 6.9000e+01 2.1000e+01 5.0000e+01 0.0000e+00 2.3000e+01 7.0000e+00 6.9000e+01 1.2000e+01 1.8000e+01 1.6000e+01 1.6000e+01 7.4000e+01 1.0000e+01 1.3000e+01 9.0000e+00 1.2000e+01 2.2000e+01 1.5000e+01 2.0000e+01 1.5000e+01 1.4000e+01 7.4000e+01 1.5000e+01 1.0000e+01 1.4000e+01 2.6000e+01 1.8000e+01 1.5000e+01 1.0000e+01 2.4000e+01 0.0000e+00 0.0000e+00 1.0000e+01 7.0000e+00 0.0000e+00 0.0000e+00 1.7000e+01 1.4000e+01 1.2000e+01 3.2000e+01 2.9000e+01 0.0000e+00 2.5000e+01 1.2000e+01 1.9000e+01 1.4000e+01 1.7000e+01
1.1000e+01 7.0000e+00 9.0000e+00 1.2000e+01 1.2000e+01 9.0000e+00 0.0000e+00 1.3000e+01 2.2000e+01 1.4000e+01 4.7000e+01 9.0000e+00 1.1000e+01 1.3000e+01 1.4000e+01 1.0000e+01 9.0000e+00 9.0000e+00 9.0000e+00 7.0000e+00 1.4000e+01 1.3000e+01 1.3000e+01 1.1000e+01 9.0000e+00 1.0000e+01 1.0000e+01 1.2000e+01 4.1000e+01 3.0000e+01 7.0000e+00 1.0000e+01 1.0000e+01 0.0000e+00 0.0000e+00 1.8000e+01 7.0000e+00 0.0000e+00 0.0000e+00 1.0000e+01 9.0000e+00 9.0000e+00 2.5000e+01 1.1000e+01 0.0000e+00 7.0000e+00 1.7000e+01 1.5000e+01 1.0000e+01 1.0000e+01
1.1000e+01 9.0000e+00 9.0000e+00 8.0000e+00 1.0000e+01 1.4000e+01 0.0000e+00 1.3000e+01 1.0000e+01 1.6000e+02 1.1910e+03 1.1000e+01 1.0000e+01 2.0000e+01 7.4000e+01 2.6900e+02 1.5000e+01 7.0000e+00 1.0000e+01 9.0000e+00 7.9000e+01 1.1000e+01 1.3000e+01 7.0000e+00 6.8000e+01 1.9000e+01 7.0000e+00 7.0000e+00 2.1000e+01 6.8000e+01 1.0000e+01 7.0000e+00 2.4000e+01 0.0000e+00 0.0000e+00 9.1000e+01 9.0000e+00 0.0000e+00 0.0000e+00 1.7000e+01 1.2000e+01 9.0000e+00 6.8000e+01 9.0000e+00 0.0000e+00 7.0000e+00 8.9000e+01 2.5800e+02 1.0000e+01 1.2000e+01
9.0000e+00 7.0000e+00 2.0000e+01 2.0000e+01 1.7000e+01 2.6000e+01 0.0000e+00 7.0000e+00 1.5000e+01 2.0000e+01 1.8000e+01 4.4000e+01 2.5000e+01 7.0000e+00 1.1500e+02 3.3000e+01 1.5000e+01 7.0000e+00 7.0000e+00 1.8000e+01 7.0000e+00 9.0000e+00 1.3000e+01 1.4000e+01 1.9000e+01 4.0000e+01 1.0000e+01 9.0000e+00 1.6000e+01 1.7600e+02 1.4000e+01 1.5000e+01 8.0000e+00 0.0000e+00 0.0000e+00 9.0000e+00 9.0000e+00 0.0000e+00 0.0000e+00 2.3000e+01 7.0000e+00 7.0000e+00 1.1500e+02 2.6000e+01 0.0000e+00 1.5000e+01 1.0000e+01 5.1000e+01 7.0000e+00 1.4000e+01
1.4000e+01 7.0000e+00 7.0000e+00 1.3000e+01 1.0000e+01 1.8000e+01 0.0000e+00 7.0000e+00 7.0000e+00 1.2000e+01 7.0000e+00 1.2000e+01 8.0000e+00 7.0000e+00 1.0000e+01 4.5000e+01 9.0000e+00 7.0000e+00 7.0000e+00 7.0000e+00 7.0000e+00 1.1000e+01 1.0000e+01 1.4000e+01 7.0000e+00 1.5000e+01 1.0000e+01 7.0000e+00 3.1000e+01 2.5000e+01 1.0000e+01 1.0000e+01 8.0000e+00 0.0000e+00 0.0000e+00 9.0000e+00 1.1000e+01 0.0000e+00 0.0000e+00 1.0000e+01 7.0000e+00 9.0000e+00 7.0000e+00 7.0000e+00 0.0000e+00 1.9000e+01 1.2000e+01 9.0000e+00 9.0000e+00 1.0000e+01
2.1000e+01 1.9000e+01 3.2000e+01 1.2900e+02 1.3200e+02 3.4000e+01 0.0000e+00 6.5700e+02 4.3000e+01 1.3300e+02 3.8000e+01 5.6000e+01 1.5900e+02 1.3000e+02 5.5000e+01 1.6400e+02 2.0000e+01 6.9000e+01 1.8000e+01 4.4000e+01 4.3000e+01 5.0000e+01 4.5000e+01 6.9000e+01 7.0000e+00 3.0000e+01 1.9000e+01 2.4000e+01 1.2700e+02 3.9000e+01 2.9000e+01 2.6000e+01 9.1000e+01 0.0000e+00 0.0000e+00 3.8000e+01 6.7000e+01 0.0000e+00 0.0000e+00 6.3000e+01 2.1000e+01 1.1000e+01 6.2000e+01 1.6500e+02 0.0000e+00 2.0900e+02 6.8000e+01 7.6000e+01 5.7000e+01 4.4000e+01
7.0000e+00 7.0000e+00 7.0000e+00 1.0000e+01 8.0000e+00 1.2000e+01 0.0000e+00 7.0000e+00 1.4000e+01 8.0000e+00 7.0000e+00 7.0000e+00 8.0000e+00 7.0000e+00 7.0000e+00 9.0000e+00 9.0000e+00 7.0000e+00 7.0000e+00 7.0000e+00 9.0000e+00 1.3000e+01 8.0000e+00 9.0000e+00 7.0000e+00 9.0000e+00 7.0000e+00 9.0000e+00 1.5000e+01 7.0000e+00 1.0000e+01 9.0000e+00 1.3000e+01 0.0000e+00 0.0000e+00 9.0000e+00 7.0000e+00 0.0000e+00 0.0000e+00 1.5000e+01 7.0000e+00 7.0000e+00 1.4000e+01 1.1000e+01 0.0000e+00 7.0000e+00 9.0000e+00 7.0000e+00 7.0000e+00 7.0000e+00
2.3000e+02 1.8300e+02 1.5700e+02 2.1200e+02 3.3480e+03 5.0210e+03 0.0000e+00 1.2700e+02 5.6000e+01 5.3400e+02 2.2700e+02 2.0930e+03 2.9400e+02 3.1700e+02 4.5750e+03 2.1000e+02 2.7920e+03 3.0300e+02 5.5680e+03 7.0700e+02 5.2470e+03 1.5400e+02 2.1620e+03 5.2500e+02 2.0900e+02 5.2610e+03 2.1100e+02 1.6900e+02 1.5200e+03 4.8280e+03 4.8600e+02 4.4020e+03 3.3800e+02 0.0000e+00 0.0000e+00 2.8900e+02 2.9760e+03 0.0000e+00 0.0000e+00 1.5000e+02 1.2900e+02 4.3690e+03 9.4000e+01 1.3700e+02 0.0000e+00 2.7900e+02 1.0300e+02 1.8600e+02 2.0500e+02 5.4860e+03
7.0000e+00 7.0000e+00 7.0000e+00 1.8000e+01 8.0000e+00 0.0000e+00 0.0000e+00 1.4000e+01 9.0000e+00 2.5000e+01 1.1000e+01 7.0000e+00 1.1000e+01 7.0000e+00 0.0000e+00 9.0000e+00 9.0000e+00 1.8000e+01 0.0000e+00 1.4000e+01 0.0000e+00 1.1000e+01 8.0000e+00 1.7000e+01 7.0000e+00 0.0000e+00 7.0000e+00 7.0000e+00 9.0000e+00 0.0000e+00 7.0000e+00 0.0000e+00 8.0000e+00 0.0000e+00 0.0000e+00 9.0000e+00 7.0000e+00 0.0000e+00 0.0000e+00 1.0000e+01 7.0000e+00 1.1000e+01 1.7000e+01 7.0000e+00 0.0000e+00 1.1000e+01 1.5000e+01 1.0000e+01 9.0000e+00 0.0000e+00
9.0000e+00 9.0000e+00 1.2000e+01 3.0000e+01 1.0000e+01 0.0000e+00 0.0000e+00 9.0000e+00 7.0000e+00 1.0000e+01 1.5000e+01 9.0000e+00 1.0000e+01 1.4000e+01 0.0000e+00 4.9000e+01 9.0000e+00 9.0000e+00 0.0000e+00 1.0000e+01 0.0000e+00 1.4000e+01 1.3000e+01 5.1000e+01 3.0000e+01 0.0000e+00 7.0000e+00 7.0000e+00 2.5000e+01 0.0000e+00 7.0000e+00 0.0000e+00 1.3000e+01 0.0000e+00 0.0000e+00 9.0000e+00 3.1000e+01 0.0000e+00 0.0000e+00 2.9000e+01 9.0000e+00 7.0000e+00 2.4000e+02 1.4000e+01 0.0000e+00 1.3000e+01 1.7000e+01 1.2000e+01 7.0000e+00 0.0000e+00
6.6000e+01 3.0200e+02 3.6300e+02 6.0000e+01 1.2000e+01 0.0000e+00 0.0000e+00 1.4000e+01 8.1000e+01 3.1500e+02 1.5000e+01 1.2500e+02 6.3100e+02 5.6700e+02 0.0000e+00 5.2600e+02 2.2000e+01 3.1700e+02 0.0000e+00 3.5500e+02 0.0000e+00 1.3000e+01 1.0000e+01 4.3600e+02 5.8800e+02 0.0000e+00 7.6000e+01 7.6000e+01 1.2200e+02 0.0000e+00 9.0000e+00 0.0000e+00 1.2000e+01 0.0000e+00 0.0000e+00 4.8400e+03 9.0000e+00 0.0000e+00 0.0000e+00 1.3000e+01 5.3000e+01 9.0000e+01 2.7000e+02 2.7000e+01 0.0000e+00 9.0000e+00 2.0500e+02 2.9600e+02 1.0000e+01 0.0000e+00
1.7200e+02 1.0600e+02 3.9710e+03 1.0120e+03 4.0000e+01 0.0000e+00 0.0000e+00 1.5600e+02 1.0200e+02 2.3200e+02 1.0400e+02 4.8000e+01 1.4200e+02 3.2800e+02 0.0000e+00 2.9100e+02 4.0400e+02 3.4200e+02 0.0000e+00 5.1000e+01 0.0000e+00 4.3700e+02 7.6000e+01 3.4900e+02 1.4400e+02 0.0000e+00 2.7100e+02 1.3000e+02 5.2900e+02 0.0000e+00 5.1470e+03 0.0000e+00 2.2300e+02 0.0000e+00 0.0000e+00 0.0000e+00 1.9800e+02 0.0000e+00 0.0000e+00 2.0600e+02 4.2000e+01 1.8600e+02 1.1900e+02 2.4200e+02 0.0000e+00 2.2580e+03 9.7000e+01 1.5200e+02 3.0400e+02 0.0000e+00
5.2000e+01 7.0000e+00 9.0000e+00 8.0000e+00 2.1000e+01 0.0000e+00 0.0000e+00 7.0000e+00 7.0000e+00 1.2000e+01 1.4000e+01 7.0000e+00 1.0000e+01 2.0000e+01 0.0000e+00 7.0000e+00 1.3000e+01 7.0000e+00 0.0000e+00 7.0000e+00 0.0000e+00 9.0000e+00 2.3000e+01 9.0000e+00 4.7000e+01 0.0000e+00 7.0000e+00 9.0000e+00 1.3000e+01 0.0000e+00 0.0000e+00 0.0000e+00 1.0000e+01 0.0000e+00 0.0000e+00 0.0000e+00 7.0000e+00 0.0000e+00 0.0000e+00 8.0000e+00 7.0000e+00 1.8000e+01 1.5000e+01 7.0000e+00 0.0000e+00 7.3000e+01 1.0000e+01 5.0000e+01 9.0000e+00 0.0000e+00
4.0970e+03 4.7500e+03 9.3500e+02 3.3860e+03 1.2930e+03 0.0000e+00 0.0000e+00 4.2490e+03 5.0650e+03 1.1410e+03 3.7200e+03 3.0000e+03 4.2710e+03 3.9500e+03 0.0000e+00 3.5260e+03 1.8750e+03 4.6030e+03 0.0000e+00 4.3440e+03 0.0000e+00 4.3250e+03 2.8910e+03 3.0650e+03 4.0240e+03 0.0000e+00 4.9720e+03 5.2010e+03 2.3720e+03 0.0000e+00 0.0000e+00 0.0000e+00 4.4680e+03 0.0000e+00 0.0000e+00 0.0000e+00 2.0060e+03 0.0000e+00 0.0000e+00 3.6060e+03 5.3500e+03 5.6800e+02 3.4990e+03 4.6570e+03 0.0000e+00 2.3150e+03 4.8370e+03 4.3360e+03 4.9450e+03 0.0000e+00
7.0000e+00 0.0000e+00 7.0000e+00 8.0000e+00 1.2000e+01 0.0000e+00 0.0000e+00 7.0000e+00 7.0000e+00 1.6000e+01 7.0000e+00 9.0000e+00 1.0000e+01 1.1000e+01 0.0000e+00 1.5000e+01 1.8000e+01 0.0000e+00 0.0000e+00 0.0000e+00 0.0000e+00 7.0000e+00 8.0000e+00 7.0000e+00 1.1000e+01 0.0000e+00 0.0000e+00 0.0000e+00 2.3000e+01 0.0000e+00 0.0000e+00 0.0000e+00 8.0000e+00 0.0000e+00 0.0000e+00 0.0000e+00 7.0000e+00 0.0000e+00 0.0000e+00 8.0000e+00 0.0000e+00 7.0000e+00 1.4000e+01 7.0000e+00 0.0000e+00 7.0000e+00 0.0000e+00 0.0000e+00 0.0000e+00 0.0000e+00
7.0000e+00 0.0000e+00 9.0000e+00 8.0000e+00 8.0000e+00 0.0000e+00 0.0000e+00 1.3000e+01 7.0000e+00 1.0000e+01 9.0000e+00 9.0000e+00 8.0000e+00 1.1000e+01 0.0000e+00 1.2000e+01 9.0000e+00 0.0000e+00 0.0000e+00 0.0000e+00 0.0000e+00 9.0000e+00 1.3000e+01 7.0000e+00 9.0000e+00 0.0000e+00 0.0000e+00 0.0000e+00 1.3000e+01 0.0000e+00 0.0000e+00 0.0000e+00 8.0000e+00 0.0000e+00 0.0000e+00 0.0000e+00 9.0000e+00 0.0000e+00 0.0000e+00 5.9000e+01 0.0000e+00 9.0000e+00 1.1000e+01 7.0000e+00 0.0000e+00 1.8000e+01 0.0000e+00 0.0000e+00 0.0000e+00 0.0000e+00
1.4000e+01 0.0000e+00 9.0000e+00 1.8000e+01 1.3000e+01 0.0000e+00 0.0000e+00 7.0000e+00 1.2000e+01 1.0000e+01 9.0000e+00 1.2000e+01 1.0000e+01 1.1000e+01 0.0000e+00 2.6000e+01 9.0000e+00 0.0000e+00 0.0000e+00 0.0000e+00 0.0000e+00 9.0000e+00 1.0000e+01 1.7000e+01 1.7000e+01 0.0000e+00 0.0000e+00 0.0000e+00 9.0000e+00 0.0000e+00 0.0000e+00 0.0000e+00 1.2000e+01 0.0000e+00 0.0000e+00 0.0000e+00 7.0000e+00 0.0000e+00 0.0000e+00 2.7000e+01 0.0000e+00 1.1000e+01 2.5000e+01 9.0000e+00 0.0000e+00 1.5000e+01 0.0000e+00 0.0000e+00 0.0000e+00 0.0000e+00
7.0000e+00 0.0000e+00 9.0000e+00 2.5000e+01 3.9000e+01 0.0000e+00 0.0000e+00 1.1000e+01 1.2000e+01 8.0000e+00 2.1000e+01 1.2000e+01 1.0000e+01 2.2000e+01 0.0000e+00 1.4000e+01 1.1000e+01 0.0000e+00 0.0000e+00 0.0000e+00 0.0000e+00 1.1000e+01 1.0000e+01 2.9000e+01 1.1000e+01 0.0000e+00 0.0000e+00 0.0000e+00 2.1000e+01 0.0000e+00 0.0000e+00 0.0000e+00 4.1000e+01 0.0000e+00 0.0000e+00 0.0000e+00 1.1000e+01 0.0000e+00 0.0000e+00 2.1000e+01 0.0000e+00 7.0000e+00 7.0000e+00 2.9000e+01 0.0000e+00 7.0000e+00 0.0000e+00 0.0000e+00 0.0000e+00 0.0000e+00
1.1000e+01 0.0000e+00 7.0000e+00 8.0000e+00 1.2000e+01 0.0000e+00 0.0000e+00 1.6000e+01 1.0000e+01 8.0000e+00 9.0000e+00 9.0000e+00 8.0000e+00 7.0000e+00 0.0000e+00 7.0000e+00 9.0000e+00 0.0000e+00 0.0000e+00 0.0000e+00 0.0000e+00 1.1000e+01 8.0000e+00 7.0000e+00 7.0000e+00 0.0000e+00 0.0000e+00 0.0000e+00 1.5000e+01 0.0000e+00 0.0000e+00 0.0000e+00 8.0000e+00 0.0000e+00 0.0000e+00 0.0000e+00 7.0000e+00 0.0000e+00 0.0000e+00 8.0000e+00 0.0000e+00 9.0000e+00 1.1000e+01 7.0000e+00 0.0000e+00 9.0000e+00 0.0000e+00 0.0000e+00 0.0000e+00 0.0000e+00
1.4000e+01 0.0000e+00 1.2000e+01 5.9000e+01 2.1000e+01 0.0000e+00 0.0000e+00 1.4000e+01 2.0000e+01 1.9000e+01 1.5000e+01 2.1000e+01 8.0000e+00 2.2000e+01 0.0000e+00 1.9000e+01 2.0000e+01 0.0000e+00 0.0000e+00 0.0000e+00 0.0000e+00 7.2000e+01 3.1000e+01 2.0000e+01 2.2000e+01 0.0000e+00 0.0000e+00 0.0000e+00 2.0000e+01 0.0000e+00 0.0000e+00 0.0000e+00 1.0000e+01 0.0000e+00 0.0000e+00 0.0000e+00 9.0000e+00 0.0000e+00 0.0000e+00 2.3000e+01 0.0000e+00 9.0000e+00 7.3000e+01 2.6000e+01 0.0000e+00 1.1000e+01 0.0000e+00 0.0000e+00 0.0000e+00 0.0000e+00
1.4000e+01 0.0000e+00 7.0000e+00 1.2000e+01 1.5000e+01 0.0000e+00 0.0000e+00 7.0000e+00 1.0000e+01 1.2000e+01 7.0000e+00 7.0000e+00 1.3000e+01 1.3000e+01 0.0000e+00 9.0000e+00 1.1000e+01 0.0000e+00 0.0000e+00 0.0000e+00 0.0000e+00 1.1000e+01 1.0000e+01 1.3000e+01 1.3000e+01 0.0000e+00 0.0000e+00 0.0000e+00 2.6000e+01 0.0000e+00 0.0000e+00 0.0000e+00 8.0000e+00 0.0000e+00 0.0000e+00 0.0000e+00 9.0000e+00 0.0000e+00 0.0000e+00 8.0000e+00 0.0000e+00 1.4000e+01 1.2000e+01 7.0000e+00 0.0000e+00 1.1000e+01 0.0000e+00 0.0000e+00 0.0000e+00 0.0000e+00
2.3000e+01 0.0000e+00 1.1000e+01 2.5000e+01 7.1000e+01 0.0000e+00 0.0000e+00 1.3000e+01 1.8000e+01 2.6030e+03 9.0000e+00 1.7000e+01 2.8000e+01 1.1000e+01 0.0000e+00 1.2000e+01 9.0000e+00 0.0000e+00 0.0000e+00 0.0000e+00 0.0000e+00 1.6000e+01 1.8000e+01 3.0000e+01 1.4000e+01 0.0000e+00 0.0000e+00 0.0000e+00 7.6000e+01 0.0000e+00 0.0000e+00 0.0000e+00 1.0600e+02 0.0000e+00 0.0000e+00 0.0000e+00 1.1000e+01 0.0000e+00 0.0000e+00 2.0000e+01 0.0000e+00 2.5000e+01 1.2100e+02 1.9000e+01 0.0000e+00 1.6000e+01 0.0000e+00 0.0000e+00 0.0000e+00 0.0000e+00
