8.2400e+02 1.5000e+02 2.0100e+02 8.1100e+02 5.1000e+02 5.5300e+02 3.5800e+02 2.0700e+02 8.9500e+02 9.6000e+02
1.4300e+02 5.8000e+02 2.4700e+02 1.0040e+03 5.2300e+02 2.6800e+02 7.2200e+02 4.8000e+01 1.0300e+02 9.7400e+02
1.0050e+03 5.1000e+02 6.2000e+01 6.1000e+02 7.7000e+02 6.0200e+02 9.9900e+02 7.9100e+02 5.5300e+02 4.6700e+02
8.0600e+02 7.7400e+02 7.5200e+02 5.7000e+02 7.4500e+02 1.0150e+03 1.7500e+02 4.5200e+02 3.6100e+02 8.2400e+02
3.0000e+00 1.5300e+02 8.4600e+02 6.5200e+02 2.8300e+02 2.9100e+02 7.3000e+01 5.3500e+02 1.5300e+02 2.9700e+02
7.1400e+02 3.9800e+02 1.2500e+02 1.5300e+02 5.3500e+02 4.4200e+02 9.4600e+02 7.4700e+02 1.8700e+02 5.8000e+02
7.6900e+02 4.6900e+02 3.0000e+02 3.5300e+02 5.9800e+02 5.8000e+02 4.8400e+02 2.0700e+02 4.6400e+02 6.0200e+02
5.1400e+02 9.6700e+02 9.3600e+02 3.0600e+02 1.0000e+01 3.9800e+02 5.9900e+02 8.1700e+02 4.8900e+02 2.3000e+01
2.2600e+02 4.7800e+02 1.3900e+02 7.4600e+02 4.3800e+02 5.5000e+01 4.2300e+02 5.2800e+02 7.1300e+02 4.4600e+02
4.0000e+01 1.0450e+03 2.1100e+02 1.8100e+02 1.0500e+02 2.7000e+02 1.9100e+02 4.8900e+02 4.6300e+02 5.8600e+02
