1.0040e+03 1.0290e+03 9.7000e+02 9.9800e+02 9.4100e+02 9.8200e+02 9.5900e+02 9.5700e+02 1.0030e+03 9.8100e+02
9.5500e+02 1.0060e+03 1.0030e+03 9.9200e+02 1.0020e+03 1.0120e+03 1.0420e+03 1.0330e+03 1.0190e+03 1.0500e+03
9.8200e+02 9.9700e+02 9.8900e+02 9.8400e+02 1.0340e+03 1.0480e+03 1.0040e+03 9.5900e+02 1.0370e+03 1.0420e+03
9.4600e+02 9.4400e+02 1.0270e+03 1.0420e+03 1.0100e+03 9.8100e+02 9.7200e+02 1.0200e+03 1.0210e+03 1.0230e+03
1.0060e+03 1.0300e+03 9.0900e+02 1.0600e+03 9.9600e+02 9.7700e+02 9.4300e+02 9.6900e+02 1.0530e+03 1.0070e+03
9.5200e+02 1.0370e+03 9.6800e+02 9.9700e+02 1.0030e+03 9.9000e+02 1.0190e+03 1.0300e+03 1.0180e+03 1.0410e+03
9.8300e+02 1.0370e+03 9.8700e+02 9.3500e+02 1.0420e+03 9.7900e+02 1.0350e+03 9.9000e+02 1.0620e+03 1.0320e+03
9.1500e+02 9.8100e+02 9.7400e+02 1.0160e+03 9.8400e+02 9.7700e+02 9.9800e+02 1.0130e+03 1.0320e+03 9.7900e+02
1.0290e+03 1.0610e+03 9.7700e+02 1.0180e+03 1.0180e+03 9.8300e+02 9.7000e+02 9.8600e+02 9.8000e+02 1.0110e+03
9.9700e+02 1.0050e+03 9.9100e+02 1.0020e+03 9.7600e+02 9.9400e+02 1.0420e+03 9.9100e+02 1.0430e+03 9.7000e+02
