8.5558e-01 1.5646e-01 2.4639e-01 7.5351e-01 4.9628e-01 5.6314e-01 3.4619e-01 2.1108e-01 9.0828e-01 9.7554e-01
1.8010e-01 5.8052e-01 2.2134e-01 9.9899e-01 5.6886e-01 3.0929e-01 7.7159e-01 4.9371e-02 8.7341e-02 9.6286e-01
9.8371e-01 4.5336e-01 5.8645e-02 6.3211e-01 7.9207e-01 5.8397e-01 9.7311e-01 7.7268e-01 5.7088e-01 4.9232e-01
7.7907e-01 7.7966e-01 7.8384e-01 5.5086e-01 7.0792e-01 9.6942e-01 1.4403e-01 4.4902e-01 3.7316e-01 8.1329e-01
6.9583e-03 1.2621e-01 8.8119e-01 6.6226e-01 2.6506e-01 2.7226e-01 6.1506e-02 5.7895e-01 1.8519e-01 3.2771e-01
6.9433e-01 3.9344e-01 1.0744e-01 1.3641e-01 4.9850e-01 4.2121e-01 9.6075e-01 7.5340e-01 2.1218e-01 5.9462e-01
8.1587e-01 4.5227e-01 2.9382e-01 3.1765e-01 6.4491e-01 5.2809e-01 4.8986e-01 1.9798e-01 4.8399e-01 5.9884e-01
5.0055e-01 9.8267e-01 9.5688e-01 2.9035e-01 1.8293e-02 3.7359e-01 5.9319e-01 8.4107e-01 4.9225e-01 1.6343e-02
2.3615e-01 4.6654e-01 1.5148e-01 7.6130e-01 4.7937e-01 5.6968e-02 4.4433e-01 5.5375e-01 7.2551e-01 4.7181e-01
3.7111e-02 9.9602e-01 2.0989e-01 1.8164e-01 1.1783e-01 2.5553e-01 1.9482e-01 4.7528e-01 4.4295e-01 5.7938e-01
