8.5900e+02 1.6100e+02 2.3900e+02 7.5200e+02 4.6700e+02 5.5300e+02 3.3200e+02 2.0200e+02 9.1100e+02 9.5700e+02
1.7200e+02 5.8400e+02 2.2200e+02 9.9100e+02 5.7000e+02 3.1300e+02 8.0400e+02 5.1000e+01 8.9000e+01 1.0110e+03
9.6600e+02 4.5200e+02 5.8000e+01 6.2200e+02 8.1900e+02 6.1200e+02 9.7700e+02 7.4100e+02 5.9200e+02 5.1300e+02
7.3700e+02 7.3600e+02 8.0500e+02 5.7400e+02 7.1500e+02 9.5100e+02 1.4000e+02 4.5800e+02 3.8100e+02 8.3200e+02
7.0000e+00 1.3000e+02 8.0100e+02 7.0200e+02 2.6400e+02 2.6600e+02 5.8000e+01 5.6100e+02 1.9500e+02 3.3000e+02
6.6100e+02 4.0800e+02 1.0400e+02 1.3600e+02 5.0000e+02 4.1700e+02 9.7900e+02 7.7600e+02 2.1600e+02 6.1900e+02
8.0200e+02 4.6900e+02 2.9000e+02 2.9700e+02 6.7200e+02 5.1700e+02 5.0700e+02 1.9600e+02 5.1400e+02 6.1800e+02
4.5800e+02 9.6400e+02 9.3200e+02 2.9500e+02 1.8000e+01 3.6500e+02 5.9200e+02 8.5200e+02 5.0800e+02 1.6000e+01
2.4300e+02 4.9500e+02 1.4800e+02 7.7500e+02 4.8800e+02 5.6000e+01 4.3100e+02 5.4600e+02 7.1100e+02 4.7700e+02
3.7000e+01 1.0010e+03 2.0800e+02 1.8200e+02 1.1500e+02 2.5400e+02 2.0300e+02 4.7100e+02 4.6200e+02 5.6200e+02
