5.0000e+01 4.0000e+00 4.0000e+00 1.2200e+02 8.6000e+01 6.0000e+01 9.0000e+00 1.6000e+01 3.6230e+03 5.9840e+03
5.0000e+00 1.1000e+01 1.0000e+01 5.7680e+03 8.7000e+01 1.1000e+01 7.5000e+01 8.0000e+00 7.0000e+00 3.5720e+03
2.4190e+03 5.0000e+00 5.0000e+00 8.1000e+01 6.8620e+03 6.6000e+01 8.8700e+02 5.9000e+02 5.4000e+01 3.0000e+01
2.5000e+01 1.8000e+01 2.6000e+01 8.0000e+00 3.2800e+02 9.6160e+03 4.0000e+00 3.7000e+01 1.2000e+01 3.3000e+01
8.0000e+00 1.0000e+01 8.9740e+03 1.8400e+02 5.0000e+01 1.5000e+01 1.0000e+01 1.3500e+02 1.7000e+01 8.0000e+00
7.6000e+01 1.8000e+01 5.0000e+00 9.0000e+00 6.8000e+01 3.0000e+01 8.8230e+03 5.2500e+02 9.0000e+00 6.7000e+01
7.4050e+03 2.6000e+01 1.4000e+01 3.0000e+01 2.2320e+03 1.1200e+02 6.7000e+01 1.1000e+01 7.5000e+01 1.1800e+02
1.5000e+01 9.8000e+02 9.7000e+02 1.8000e+01 1.2000e+01 3.3000e+01 4.2000e+01 8.5760e+03 3.9000e+01 7.0000e+00
1.9000e+01 5.2000e+01 1.5000e+01 3.4330e+03 2.8800e+02 1.3000e+01 5.0000e+01 1.6000e+02 6.3370e+03 2.2000e+01
6.0000e+00 8.9960e+03 8.0000e+00 7.0000e+00 1.0000e+01 1.1000e+01 6.0000e+00 6.8000e+01 2.6000e+01 3.2000e+01
