8.0000e-01 0.0000e+00 0.0000e+00 7.7869e-01 5.5814e-01 6.3333e-01 2.2222e-01 2.5000e-01 9.0754e-01 9.7159e-01
0.0000e+00 3.6364e-01 3.0000e-01 9.9809e-01 5.6322e-01 1.8182e-01 7.4667e-01 0.0000e+00 0.0000e+00 9.6976e-01
9.7106e-01 0.0000e+00 0.0000e+00 7.0370e-01 7.7805e-01 6.3636e-01 9.7745e-01 7.6441e-01 5.9259e-01 5.3333e-01
7.2000e-01 8.3333e-01 7.3077e-01 8.7500e-01 7.2561e-01 9.7754e-01 0.0000e+00 5.1351e-01 2.5000e-01 9.0909e-01
0.0000e+00 1.0000e-01 8.8132e-01 6.9022e-01 3.8000e-01 2.0000e-01 1.0000e-01 5.6296e-01 2.3529e-01 0.0000e+00
7.1053e-01 5.0000e-01 0.0000e+00 1.1111e-01 5.0000e-01 4.6667e-01 9.6543e-01 7.5048e-01 1.1111e-01 6.7164e-01
8.2741e-01 3.8462e-01 2.1429e-01 4.0000e-01 6.3844e-01 5.7143e-01 5.5224e-01 0.0000e+00 5.0667e-01 6.1017e-01
3.3333e-01 9.6939e-01 9.6289e-01 3.8889e-01 8.3333e-02 4.8485e-01 5.9524e-01 8.2778e-01 5.1282e-01 0.0000e+00
2.6316e-01 5.0000e-01 2.0000e-01 7.6668e-01 5.2083e-01 7.6923e-02 4.8000e-01 5.1875e-01 7.3205e-01 2.7273e-01
0.0000e+00 9.9500e-01 1.2500e-01 0.0000e+00 0.0000e+00 1.8182e-01 0.0000e+00 5.5882e-01 4.2308e-01 5.3125e-01
