4.0000e+01 0.0000e+00 0.0000e+00 9.5000e+01 4.8000e+01 3.8000e+01 2.0000e+00 4.0000e+00 3.2880e+03 5.8140e+03
0.0000e+00 4.0000e+00 3.0000e+00 5.7570e+03 4.9000e+01 2.0000e+00 5.6000e+01 0.0000e+00 0.0000e+00 3.4640e+03
2.3490e+03 0.0000e+00 0.0000e+00 5.7000e+01 5.3390e+03 4.2000e+01 8.6700e+02 4.5100e+02 3.2000e+01 1.6000e+01
1.8000e+01 1.5000e+01 1.9000e+01 7.0000e+00 2.3800e+02 9.4000e+03 0.0000e+00 1.9000e+01 3.0000e+00 3.0000e+01
0.0000e+00 1.0000e+00 7.9090e+03 1.2700e+02 1.9000e+01 3.0000e+00 1.0000e+00 7.6000e+01 4.0000e+00 0.0000e+00
5.4000e+01 9.0000e+00 0.0000e+00 1.0000e+00 3.4000e+01 1.4000e+01 8.5180e+03 3.9400e+02 1.0000e+00 4.5000e+01
6.1270e+03 1.0000e+01 3.0000e+00 1.2000e+01 1.4250e+03 6.4000e+01 3.7000e+01 0.0000e+00 3.8000e+01 7.2000e+01
5.0000e+00 9.5000e+02 9.3400e+02 7.0000e+00 1.0000e+00 1.6000e+01 2.5000e+01 7.0990e+03 2.0000e+01 0.0000e+00
5.0000e+00 2.6000e+01 3.0000e+00 2.6320e+03 1.5000e+02 1.0000e+00 2.4000e+01 8.3000e+01 4.6390e+03 6.0000e+00
0.0000e+00 8.9510e+03 1.0000e+00 0.0000e+00 0.0000e+00 2.0000e+00 0.0000e+00 3.8000e+01 1.1000e+01 1.7000e+01
