6.0000e+00 1.0000e+00 1.0000e+00 4.0000e+00 0.0000e+00 3.0000e+00 1.0000e+00 0.0000e+00 4.0000e+00 9.7770e+03
0.0000e+00 2.0000e+00 0.0000e+00 9.2190e+03 0.0000e+00 0.0000e+00 1.0000e+00 0.0000e+00 0.0000e+00 1.0000e+00
8.0620e+03 0.0000e+00 0.0000e+00 0.0000e+00 0.0000e+00 1.0000e+00 8.6600e+02 0.0000e+00 0.0000e+00 0.0000e+00
1.0000e+00 1.0000e+01 6.0000e+00 1.0000e+00 1.9000e+01 9.6920e+03 0.0000e+00 1.0000e+00 0.0000e+00 0.0000e+00
0.0000e+00 0.0000e+00 0.0000e+00 5.9600e+02 0.0000e+00 9.0000e+00 0.0000e+00 5.6780e+03 0.0000e+00 0.0000e+00
0.0000e+00 0.0000e+00 0.0000e+00 0.0000e+00 0.0000e+00 0.0000e+00 8.7110e+03 1.0000e+00 0.0000e+00 4.0000e+00
1.3030e+03 1.3000e+01 0.0000e+00 0.0000e+00 6.1970e+03 2.0000e+00 0.0000e+00 0.0000e+00 3.0000e+00 1.0000e+00
1.0000e+00 7.0000e+00 9.7060e+03 1.0000e+00 0.0000e+00 0.0000e+00 2.0000e+00 6.0000e+00 1.0000e+00 0.0000e+00
0.0000e+00 2.0000e+00 0.0000e+00 1.0000e+00 2.0000e+00 0.0000e+00 0.0000e+00 1.0000e+00 7.3030e+03 0.0000e+00
0.0000e+00 9.8820e+03 0.0000e+00 0.0000e+00 0.0000e+00 0.0000e+00 0.0000e+00 0.0000e+00 0.0000e+00 8.0000e+00
