6.0000e+00 0.0000e+00 9.0000e+00 7.0000e+00 6.0000e+00 2.9000e+01 3.7820e+03 8.0000e+00 5.0000e+00 3.0000e+00 1.1000e+01 4.0000e+00 1.0000e+00 8.0000e+00 5.0000e+00 9.0000e+00 9.0000e+00 4.0000e+00 0.0000e+00 3.0000e+00 2.0000e+00 9.0000e+00 2.0000e+00 5.0000e+00 5.0000e+00 8.0000e+00 9.0000e+00 2.0000e+00 1.5000e+01 1.5000e+01 8.0000e+00 8.0000e+00 3.0000e+00 1.1000e+01 1.4000e+01 8.0000e+00 1.0000e+00 1.5000e+01 2.8000e+01 1.0000e+01 1.0000e+00 4.0000e+00 1.4000e+01 4.0000e+00 8.0000e+00 8.0000e+00 9.0000e+00 1.1000e+01 5.0000e+00 2.0000e+00
4.0000e+00 2.0000e+00 0.0000e+00 1.6000e+01 1.2000e+01 1.8000e+01 3.0000e+00 3.0000e+00 1.0000e+01 1.1000e+01 4.0000e+00 8.0000e+00 2.0000e+00 2.0000e+00 9.0000e+00 1.5000e+01 2.9610e+03 2.0000e+00 5.0000e+00 7.0000e+00 2.5000e+01 1.6000e+01 6.0000e+00 6.0000e+00 8.0000e+00 3.0000e+00 1.0000e+01 6.0000e+00 6.0000e+00 1.9000e+01 4.0000e+00 2.6000e+01 1.3000e+01 1.0000e+00 1.0960e+03 1.0000e+00 4.0000e+00 1.7000e+01 2.6000e+01 5.0000e+00 0.0000e+00 0.0000e+00 2.8000e+01 1.6000e+01 1.4000e+01 7.0000e+00 1.0000e+00 1.1000e+01 2.0000e+00 3.0000e+00
8.0000e+00 0.0000e+00 1.0000e+00 1.0000e+01 6.0000e+00 1.2000e+01 1.0000e+01 4.0000e+00 0.0000e+00 6.0000e+00 5.0000e+00 2.0000e+00 0.0000e+00 1.0000e+00 0.0000e+00 1.5000e+01 3.0000e+00 3.0000e+00 5.0000e+00 1.0000e+00 3.0000e+00 7.0000e+00 3.0000e+00 5.0000e+00 7.0000e+00 5.0000e+00 4.0000e+00 2.0000e+00 3.0000e+00 2.8640e+03 6.0000e+00 4.0000e+00 2.0000e+00 4.0000e+00 4.0000e+00 4.0000e+00 3.0000e+00 1.5000e+01 3.3000e+01 9.0000e+00 1.0000e+00 1.0000e+00 1.5000e+01 7.0000e+00 6.0000e+00 2.0000e+00 5.0000e+00 5.0000e+00 2.0000e+00 4.0000e+00
9.0000e+00 0.0000e+00 2.0000e+00 2.0000e+00 4.0000e+00 1.0000e+00 1.3000e+01 2.0000e+00 1.0000e+00 2.0000e+00 3.0000e+00 7.0000e+00 0.0000e+00 4.0000e+00 4.0000e+00 9.0000e+00 1.0000e+00 0.0000e+00 8.0000e+00 1.0000e+00 2.0000e+00 5.0000e+00 5.0000e+00 3.0000e+00 3.0000e+00 0.0000e+00 7.0000e+00 0.0000e+00 0.0000e+00 1.4000e+01 3.0000e+00 3.0000e+00 0.0000e+00 1.0000e+00 1.5260e+03 2.0000e+00 0.0000e+00 0.0000e+00 8.0000e+00 1.6000e+01 0.0000e+00 0.0000e+00 1.0000e+01 0.0000e+00 1.0000e+00 9.8200e+02 4.0000e+00 9.0000e+00 1.0000e+00 0.0000e+00
9.0000e+00 0.0000e+00 4.0000e+00 8.0000e+00 6.0000e+00 6.0000e+00 2.5400e+02 5.0000e+00 7.0000e+00 3.0000e+00 1.0000e+00 5.0000e+00 2.0000e+00 7.0000e+00 9.0000e+00 8.0000e+00 4.0000e+00 2.0000e+00 5.0000e+00 2.0000e+00 8.0000e+00 5.0000e+00 5.0000e+00 3.0000e+00 6.0000e+00 3.0000e+00 6.0000e+00 7.0000e+00 3.6860e+03 9.0000e+00 0.0000e+00 0.0000e+00 1.0000e+00 7.0000e+00 7.0000e+00 5.0000e+00 2.0000e+00 7.0000e+00 3.4000e+01 7.0000e+00 1.0000e+00 3.0000e+00 1.8000e+01 0.0000e+00 9.0000e+00 9.0000e+00 5.0000e+00 3.0000e+00 1.0000e+00 3.0000e+00
5.0000e+00 1.0000e+00 2.0000e+00 5.0000e+00 4.0000e+00 9.0000e+00 5.0000e+00 2.0000e+00 8.0000e+00 4.0000e+00 6.0000e+00 7.0000e+00 3.0000e+00 0.0000e+00 8.0000e+00 1.1000e+01 2.0000e+00 6.0000e+00 4.0000e+00 2.0000e+00 5.0000e+00 3.0000e+00 7.0000e+00 5.0000e+00 2.0000e+00 1.0000e+00 1.0000e+00 3.0000e+00 5.0000e+00 4.0000e+00 3.0000e+00 3.0000e+00 5.0000e+00 0.0000e+00 5.0000e+00 8.0000e+00 5.0000e+00 5.0000e+00 2.5000e+01 2.6090e+03 4.0000e+00 1.0000e+00 1.3000e+01 5.0000e+00 1.5000e+01 1.0000e+01 8.0000e+00 1.0000e+01 6.0000e+00 0.0000e+00
2.4120e+03 0.0000e+00 6.0000e+00 0.0000e+00 0.0000e+00 1.3000e+01 6.0000e+00 0.0000e+00 0.0000e+00 0.0000e+00 1.0000e+01 0.0000e+00 0.0000e+00 2.0000e+00 0.0000e+00 4.0000e+00 0.0000e+00 0.0000e+00 0.0000e+00 1.0000e+00 1.0000e+00 0.0000e+00 2.0000e+00 2.0000e+00 0.0000e+00 3.0000e+00 0.0000e+00 0.0000e+00 4.0000e+00 1.0000e+01 1.0000e+00 0.0000e+00 0.0000e+00 4.0000e+00 0.0000e+00 0.0000e+00 0.0000e+00 7.0000e+00 0.0000e+00 5.0000e+00 2.0000e+00 0.0000e+00 1.0000e+00 0.0000e+00 0.0000e+00 1.1000e+01 7.0000e+00 3.0000e+00 1.0000e+00 2.0000e+00
3.0000e+00 3.0000e+00 6.0000e+00 4.0000e+00 2.0000e+00 4.0000e+00 4.0000e+00 2.0000e+00 1.0000e+00 0.0000e+00 6.0000e+00 4.0000e+00 3.0000e+00 5.0000e+00 2.0000e+00 1.0000e+01 3.0000e+00 4.0000e+00 1.0000e+00 2.0000e+00 3.0000e+00 6.0000e+00 2.0000e+00 4.0000e+00 3.0000e+00 3.0000e+00 0.0000e+00 0.0000e+00 4.0000e+00 4.0000e+00 0.0000e+00 5.0000e+00 2.0000e+00 2.0000e+00 6.0000e+00 2.0000e+00 1.0000e+00 3.0000e+00 7.0000e+00 0.0000e+00 0.0000e+00 1.0000e+00 4.0000e+00 2.0000e+00 2.0000e+00 0.0000e+00 4.0000e+00 0.0000e+00 0.0000e+00 3.0000e+00
0.0000e+00 6.0000e+00 1.0000e+00 1.0000e+00 9.0000e+00 0.0000e+00 1.5000e+01 4.0000e+00 9.0000e+00 1.0000e+00 1.0000e+00 2.0000e+00 0.0000e+00 3.0000e+00 6.0000e+00 4.0000e+00 2.0000e+00 3.0000e+00 2.0000e+00 0.0000e+00 3.0000e+00 1.1000e+01 1.0000e+00 2.0000e+00 1.0000e+00 5.0000e+00 4.0000e+00 4.0000e+00 8.0000e+00 4.0000e+00 0.0000e+00 9.0000e+00 2.0000e+00 1.0000e+00 9.0000e+00 3.0000e+00 2.0000e+00 5.0000e+00 0.0000e+00 1.0000e+00 1.0000e+00 6.0000e+00 1.0000e+00 1.0000e+00 1.6000e+01 3.0000e+00 5.0000e+00 5.0000e+00 1.0000e+00 3.0000e+00
9.0000e+00 5.0000e+00 1.0000e+00 3.0000e+00 2.6090e+03 8.0000e+00 8.0000e+00 8.0000e+00 5.0000e+00 5.0000e+00 9.0000e+00 1.0000e+00 1.0000e+00 1.0000e+00 2.0000e+00 1.1000e+01 0.0000e+00 5.0000e+00 3.0000e+00 3.0000e+00 6.0000e+00 1.3000e+01 4.0000e+00 7.0000e+00 1.0000e+00 1.0000e+00 6.0000e+00 1.0000e+00 6.0000e+00 7.0000e+00 4.0000e+00 6.0000e+00 3.0000e+00 1.1000e+01 5.0000e+00 3.0000e+00 1.0000e+00 1.3000e+01 1.4000e+01 4.0000e+00 2.0000e+00 2.0000e+00 4.0000e+00 1.0000e+00 3.0000e+00 4.0000e+00 6.0000e+00 5.0000e+00 0.0000e+00 2.0000e+00
1.7000e+01 2.0000e+00 4.0000e+00 1.7000e+01 6.0000e+00 4.0000e+00 2.6000e+01 2.0000e+00 4.0000e+00 8.0000e+00 4.0000e+00 5.0000e+00 0.0000e+00 6.0000e+00 3.1000e+01 1.6000e+01 1.1000e+01 6.0000e+00 1.2000e+01 3.0000e+00 1.6000e+01 1.6000e+01 1.8000e+01 4.2120e+03 1.8000e+01 8.0000e+00 1.8000e+01 9.0000e+00 1.0000e+00 1.1000e+01 4.3300e+02 1.4000e+01 6.0000e+00 1.3000e+01 1.1000e+01 1.8000e+01 4.0000e+00 1.2000e+01 1.7000e+01 1.8000e+01 1.0000e+00 1.5100e+02 1.8000e+01 1.3000e+01 1.4000e+01 1.3000e+01 9.0000e+00 2.7000e+01 1.8000e+01 7.0000e+00
7.0000e+00 4.0000e+00 3.0000e+00 2.0000e+00 2.0000e+00 2.9550e+03 9.0000e+00 4.0000e+00 0.0000e+00 0.0000e+00 5.0000e+00 4.0000e+00 4.0000e+00 0.0000e+00 2.0000e+00 3.7000e+01 1.0000e+00 4.0000e+00 3.0000e+00 2.0000e+00 6.0000e+00 7.0000e+00 4.0000e+00 3.0000e+00 7.0000e+00 5.0000e+00 1.4000e+01 1.0000e+00 1.3000e+01 7.0000e+00 5.0000e+00 3.0000e+00 0.0000e+00 1.0000e+00 1.1000e+01 6.0000e+00 0.0000e+00 3.0000e+00 1.5000e+01 3.0000e+00 0.0000e+00 8.0000e+00 3.0000e+00 1.0000e+00 0.0000e+00 4.0000e+00 2.0000e+00 5.0000e+00 8.0000e+00 2.0000e+00
2.0000e+01 1.0000e+01 1.9000e+01 1.4000e+01 1.3000e+01 1.5000e+01 1.4000e+01 1.7000e+01 1.8000e+01 2.0000e+01 1.3000e+01 2.2000e+01 1.3000e+01 1.4000e+01 1.7000e+01 1.0000e+01 1.8000e+01 1.4000e+01 9.4400e+02 1.7000e+01 1.6000e+01 1.3000e+01 1.3000e+01 1.3000e+01 1.9000e+01 1.5000e+01 9.0000e+00 2.7780e+03 1.7000e+01 2.4000e+01 1.7880e+03 2.1000e+01 1.3000e+01 6.0000e+00 1.4000e+01 1.2000e+01 1.5000e+01 1.6000e+01 1.6000e+01 1.7000e+01 2.3000e+01 2.1000e+01 9.0000e+00 2.0000e+01 8.0000e+00 2.3000e+01 1.1000e+01 7.0000e+00 1.6000e+01 1.2000e+01
8.0000e+00 1.0000e+00 5.0000e+00 8.0000e+00 5.0000e+00 7.0000e+00 6.0000e+00 3.0000e+00 3.0000e+00 8.0000e+00 4.0000e+00 1.2000e+01 4.0000e+00 3.0000e+00 9.0000e+00 1.3000e+01 3.0000e+00 2.0000e+00 3.0000e+00 1.0000e+00 3.0000e+00 3.0400e+03 2.0000e+00 1.2000e+01 6.0000e+00 5.0000e+00 6.0000e+00 8.0000e+00 9.0000e+00 1.8000e+01 6.0000e+00 6.0000e+00 8.0000e+00 1.0000e+00 5.0000e+00 5.0000e+00 2.0000e+00 1.4000e+01 1.0000e+01 1.8000e+01 1.0000e+00 3.0000e+00 9.0000e+00 8.0000e+00 1.5000e+01 3.5600e+02 4.0000e+00 9.0000e+00 5.0000e+00 2.0000e+00
2.0000e+00 3.0000e+00 6.0000e+00 1.3000e+01 1.1000e+01 3.0000e+00 1.6000e+01 4.0000e+00 1.0000e+01 5.0000e+00 1.0000e+01 3.0000e+00 6.8000e+02 1.1000e+01 8.0000e+00 7.0000e+00 3.0000e+00 4.0000e+00 4.0000e+00 8.0000e+00 2.0000e+00 6.0000e+00 5.0000e+00 8.0000e+00 2.0000e+00 7.0000e+00 3.0000e+00 9.0000e+00 2.0000e+00 2.0000e+00 2.0000e+00 7.0000e+00 8.0000e+00 2.0000e+00 1.0000e+01 1.1000e+01 4.0000e+00 1.3000e+01 1.4000e+01 8.0000e+00 7.0000e+00 6.0000e+00 1.0000e+01 1.5000e+01 1.2100e+02 1.1000e+01 2.3520e+03 8.0000e+00 6.0000e+00 5.0000e+00
2.0000e+00 0.0000e+00 1.0000e+00 1.0000e+00 6.0000e+00 7.0000e+00 1.5000e+01 4.0000e+00 0.0000e+00 2.0000e+00 9.0000e+00 2.0000e+00 1.0000e+00 6.0000e+00 1.1000e+01 8.0000e+00 2.0000e+00 0.0000e+00 1.0000e+00 7.0000e+00 1.0000e+01 5.0000e+00 1.0000e+00 2.0000e+00 3.0000e+00 1.0000e+00 2.0000e+00 0.0000e+00 1.0000e+00 3.0000e+00 0.0000e+00 6.0000e+00 4.0000e+00 6.1000e+01 5.4000e+01 9.0000e+00 0.0000e+00 1.5000e+01 1.7000e+01 2.0000e+00 0.0000e+00 0.0000e+00 1.0000e+01 2.0000e+00 2.9640e+03 0.0000e+00 2.0000e+00 5.8400e+02 0.0000e+00 2.0000e+00
0.0000e+00 3.0000e+00 1.0000e+00 2.0000e+00 2.0000e+00 2.0000e+00 1.0000e+00 1.0000e+00 0.0000e+00 2.0000e+00 7.0000e+00 1.0000e+00 4.0000e+00 9.0000e+00 6.0000e+00 0.0000e+00 1.0000e+00 1.0000e+00 2.0000e+00 2.0000e+00 4.0000e+00 0.0000e+00 2.0000e+00 4.0000e+00 5.0000e+00 4.0000e+00 0.0000e+00 2.0000e+00 3.0000e+00 2.0000e+00 4.0000e+00 3.0000e+00 0.0000e+00 1.0000e+00 1.0000e+00 4.0000e+00 0.0000e+00 0.0000e+00 2.0000e+00 0.0000e+00 0.0000e+00 0.0000e+00 0.0000e+00 3.0000e+00 0.0000e+00 3.0000e+00 2.0000e+00 7.0000e+00 4.0000e+00 1.0000e+00
7.0000e+00 4.0980e+03 4.0000e+00 1.4000e+01 1.9000e+01 1.0000e+01 1.1000e+01 1.4280e+03 1.7000e+01 1.0000e+00 2.2000e+01 1.4000e+01 1.0000e+01 2.4000e+01 6.0000e+00 1.5000e+01 1.0000e+01 0.0000e+00 9.0000e+00 2.0000e+00 3.0000e+00 2.0000e+00 0.0000e+00 2.0000e+00 2.3000e+01 1.5000e+01 3.0000e+00 1.1000e+01 5.0000e+00 5.0000e+00 0.0000e+00 1.8000e+01 0.0000e+00 4.0000e+00 1.1000e+01 1.8000e+01 1.2000e+01 0.0000e+00 1.9000e+01 1.0000e+00 0.0000e+00 3.0000e+00 1.3000e+01 0.0000e+00 3.2000e+01 7.0000e+00 3.0000e+00 1.7000e+01 1.2000e+01 1.0000e+01
4.0000e+00 5.0000e+00 1.0000e+00 0.0000e+00 6.0000e+00 1.0000e+00 5.0000e+00 0.0000e+00 2.0000e+00 0.0000e+00 2.4540e+03 4.0000e+00 0.0000e+00 0.0000e+00 8.0000e+00 7.0000e+00 1.0000e+00 0.0000e+00 0.0000e+00 0.0000e+00 1.0000e+00 3.0000e+00 0.0000e+00 3.0000e+00 2.0000e+00 3.0000e+00 3.0000e+00 1.0000e+00 5.0000e+00 7.0000e+00 0.0000e+00 1.0000e+00 0.0000e+00 0.0000e+00 3.0000e+00 1.0000e+00 0.0000e+00 1.0000e+00 1.2000e+01 5.0000e+00 2.0000e+00 3.0000e+00 5.0000e+00 0.0000e+00 1.0000e+00 1.0000e+00 4.0000e+00 3.0000e+00 0.0000e+00 1.0000e+00
4.0000e+00 0.0000e+00 1.0000e+00 3.0000e+00 2.0000e+00 3.0000e+00 2.0000e+00 1.0000e+00 1.0000e+00 1.0000e+00 7.0000e+00 6.0000e+00 2.0000e+00 2.0000e+00 1.0000e+01 4.0000e+00 0.0000e+00 1.0000e+00 2.0000e+00 0.0000e+00 1.0000e+00 1.0000e+00 0.0000e+00 5.0000e+00 1.0000e+00 1.0000e+00 0.0000e+00 1.0000e+00 1.0000e+00 3.0000e+00 1.0000e+00 2.0000e+00 0.0000e+00 0.0000e+00 2.0000e+00 1.0000e+00 2.0000e+00 1.0000e+00 7.0000e+00 4.0000e+00 1.0000e+00 0.0000e+00 5.0000e+00 5.0000e+00 7.0000e+00 2.0000e+00 5.0000e+00 0.0000e+00 1.0000e+00 0.0000e+00
6.0000e+00 1.0000e+00 4.0000e+00 2.0000e+00 4.0000e+00 2.0000e+01 6.0000e+00 1.0000e+00 1.0000e+00 3.0000e+00 1.5000e+01 1.0000e+00 0.0000e+00 7.0000e+00 0.0000e+00 4.6900e+02 4.0000e+00 2.0000e+00 4.0000e+00 5.0000e+00 8.0000e+00 1.0000e+00 1.0000e+00 3.0000e+00 6.0000e+00 7.0000e+00 0.0000e+00 4.0000e+00 1.0000e+00 1.0000e+00 5.0000e+00 4.0000e+00 3.0000e+00 1.0000e+00 6.0000e+00 1.0000e+01 3.0000e+00 6.0000e+00 7.0000e+00 0.0000e+00 1.6000e+01 2.0000e+00 1.6000e+01 1.2000e+01 3.0000e+00 6.0000e+00 1.0000e+01 2.0000e+00 2.0000e+00 3.6050e+03
1.6000e+01 3.0000e+00 4.0000e+00 1.0000e+01 1.7000e+01 8.0000e+00 9.0000e+00 9.0000e+00 6.0000e+00 4.0000e+00 5.0000e+00 0.0000e+00 0.0000e+00 6.0000e+00 5.0000e+00 8.0000e+00 4.0000e+00 2.0000e+00 2.0000e+00 4.0000e+00 2.0000e+00 5.0000e+00 4.0000e+00 6.0000e+00 3.0000e+00 3.0000e+00 7.0000e+00 4.0000e+00 4.0000e+00 7.0000e+00 1.0000e+00 5.0000e+00 7.0000e+00 4.7890e+03 1.7000e+01 7.0000e+00 3.0000e+00 2.4000e+01 2.0000e+01 1.6000e+01 7.0000e+00 2.0000e+00 1.1000e+01 3.0000e+00 1.7000e+01 4.0000e+00 4.0000e+00 1.6000e+01 2.0000e+00 1.0000e+00
5.0000e+00 5.0000e+00 8.0000e+00 1.1000e+01 1.1000e+01 8.0000e+00 7.0000e+00 3.0000e+00 9.0000e+00 7.0000e+00 6.0000e+00 5.0000e+00 3.0000e+00 3.0000e+00 4.0000e+00 1.2000e+01 2.1000e+01 7.0000e+00 6.0000e+00 1.1000e+01 5.0000e+00 8.0000e+00 6.0000e+00 1.0000e+01 5.0000e+00 1.1000e+01 6.0000e+00 1.1000e+01 1.3000e+01 1.9000e+01 3.0000e+00 3.4240e+03 1.5000e+01 2.0000e+00 2.0000e+01 1.9000e+01 5.0000e+00 1.0000e+01 4.0000e+00 7.0000e+00 4.0000e+00 5.0000e+00 8.0000e+00 5.0000e+00 1.0000e+01 2.0000e+00 0.0000e+00 1.0000e+01 2.0000e+00 3.0000e+00
1.0000e+00 0.0000e+00 0.0000e+00 0.0000e+00 2.0000e+00 2.1000e+01 1.3000e+01 4.0000e+00 1.0000e+01 1.0000e+00 1.4000e+01 0.0000e+00 2.0000e+00 5.0000e+00 1.7000e+01 0.0000e+00 7.0000e+00 0.0000e+00 4.0000e+00 9.0000e+00 7.0000e+00 2.0000e+01 3.0870e+03 4.0000e+00 1.0000e+01 2.6000e+01 1.0000e+01 1.5000e+01 2.0000e+00 3.0000e+00 6.0000e+00 1.0000e+00 6.0000e+00 0.0000e+00 1.0000e+01 1.5000e+03 9.0000e+00 0.0000e+00 1.7000e+01 6.0000e+00 0.0000e+00 0.0000e+00 3.0000e+00 0.0000e+00 4.0000e+00 6.0000e+00 1.8000e+01 7.0000e+00 3.0000e+00 4.0000e+00
5.0000e+00 1.0000e+00 6.0000e+00 0.0000e+00 5.0000e+00 8.0000e+00 5.0000e+00 1.0000e+00 3.0000e+00 1.1000e+01 4.0000e+00 7.0000e+00 1.0000e+00 7.0000e+00 1.1000e+01 6.0000e+00 4.0000e+00 3.0000e+00 1.0000e+00 2.0000e+00 3.0000e+00 8.0000e+00 1.0000e+00 5.0000e+00 4.0000e+00 4.0000e+00 7.0000e+00 2.4000e+01 2.0000e+00 3.0000e+00 0.0000e+00 7.0000e+00 4.0000e+00 6.0000e+00 1.2000e+01 1.0000e+01 0.0000e+00 3.6810e+03 1.9000e+01 3.0000e+00 2.0000e+00 6.0000e+00 1.5000e+01 3.0000e+00 4.6200e+02 2.0000e+00 9.0000e+00 4.0000e+00 0.0000e+00 3.0000e+00
2.6000e+01 3.0000e+00 5.0000e+00 1.5000e+01 1.8000e+01 1.4000e+01 1.6000e+01 4.0000e+00 7.0000e+00 3.1120e+03 1.0000e+01 2.4000e+01 7.0000e+00 3.0000e+00 1.0000e+01 1.2000e+01 7.0000e+00 6.0000e+00 6.0000e+00 2.0000e+00 6.0000e+00 3.0000e+00 6.0000e+00 2.7000e+01 1.4000e+01 8.0000e+00 8.0000e+00 8.0000e+00 6.0000e+00 1.2000e+01 2.0000e+00 1.2000e+01 4.0000e+00 1.1000e+01 2.1000e+01 8.0000e+00 0.0000e+00 1.0090e+03 3.0000e+01 1.3000e+01 4.0000e+00 0.0000e+00 1.5000e+01 4.0000e+00 1.5000e+01 1.3000e+01 5.0000e+00 1.8000e+01 1.2000e+01 8.0000e+00
8.0000e+00 3.0000e+00 0.0000e+00 0.0000e+00 3.0000e+00 8.0000e+00 1.8000e+01 1.0000e+00 1.0000e+00 0.0000e+00 6.0000e+00 4.0000e+00 7.0000e+00 0.0000e+00 1.4000e+01 3.0000e+00 0.0000e+00 0.0000e+00 1.0000e+00 0.0000e+00 4.0000e+00 4.0000e+00 0.0000e+00 7.0000e+00 2.0000e+00 3.0000e+00 0.0000e+00 2.0000e+00 1.1000e+01 1.3000e+01 1.0000e+00 2.0000e+00 0.0000e+00 1.0000e+00 2.3300e+02 6.0000e+00 0.0000e+00 6.9000e+01 3.0000e+00 0.0000e+00 0.0000e+00 1.4120e+03 5.0000e+00 1.0000e+00 0.0000e+00 6.0000e+00 3.0000e+00 6.0000e+00 2.0000e+00 2.0000e+00
3.0000e+00 0.0000e+00 0.0000e+00 3.0000e+00 6.0000e+00 4.0000e+00 6.0000e+00 1.0000e+00 1.0000e+00 4.0000e+00 7.0000e+00 0.0000e+00 0.0000e+00 3.0000e+00 2.0000e+00 2.0000e+00 1.0000e+00 0.0000e+00 1.0000e+00 4.0000e+00 2.0000e+00 2.0000e+00 0.0000e+00 2.0000e+00 2.0000e+00 6.0000e+00 0.0000e+00 0.0000e+00 0.0000e+00 6.0000e+00 1.0000e+00 1.0000e+00 1.0000e+00 0.0000e+00 0.0000e+00 0.0000e+00 1.0000e+00 6.0000e+00 1.5000e+01 0.0000e+00 3.0000e+00 4.0000e+00 5.0000e+00 3.0000e+00 8.0000e+00 1.1000e+01 5.0000e+00 6.0000e+00 5.0000e+00 0.0000e+00
1.0000e+01 2.0000e+00 1.2000e+01 1.2000e+01 1.6000e+01 1.3000e+01 3.8200e+02 6.0000e+00 8.0000e+00 1.3000e+01 8.0000e+00 2.3540e+03 8.0000e+00 3.6800e+02 1.0000e+01 6.0000e+00 9.0000e+00 9.0000e+00 8.0000e+00 2.0000e+01 6.0000e+00 8.0000e+00 6.0000e+00 8.0000e+00 1.1000e+01 7.0000e+00 1.1000e+01 7.0000e+00 7.0000e+00 8.0000e+00 7.0000e+00 1.1000e+01 5.0000e+00 1.3000e+01 1.8000e+01 9.0000e+00 4.0000e+00 1.0000e+01 1.1000e+01 1.0000e+01 7.0000e+00 6.0000e+00 1.3000e+01 5.0000e+00 1.5000e+01 1.8000e+01 1.3000e+01 7.0000e+00 8.0000e+00 7.0000e+00
3.0000e+00 1.0000e+00 2.0000e+00 7.0000e+00 3.0000e+00 8.0000e+00 1.8000e+01 6.0000e+00 1.0000e+01 2.0000e+00 7.0000e+00 1.2000e+01 2.0000e+00 6.0000e+00 8.0000e+00 1.3000e+01 4.0000e+00 5.0000e+00 0.0000e+00 3.0000e+00 7.0000e+00 1.0000e+01 3.0000e+00 4.0000e+00 6.0000e+00 7.0000e+00 2.4080e+03 4.0000e+00 1.0000e+01 9.0000e+00 2.0000e+00 5.0000e+00 4.0000e+00 2.0000e+00 9.0000e+00 4.0000e+00 7.0000e+00 4.0000e+00 2.5100e+02 7.0000e+00 1.0000e+00 6.0000e+00 6.0000e+00 2.0000e+00 1.4000e+01 4.0000e+00 1.2000e+01 9.9000e+01 0.0000e+00 8.0000e+00
6.0000e+00 9.0000e+00 0.0000e+00 4.0000e+00 8.0000e+00 1.1000e+01 2.3000e+01 5.0000e+00 4.0000e+00 1.5000e+01 2.7000e+01 1.0000e+00 2.0000e+00 8.0000e+00 2.1000e+01 2.6000e+01 6.0000e+00 4.0000e+00 4.0000e+00 4.0000e+00 1.6000e+01 7.0000e+00 2.0000e+00 6.0000e+00 3.3670e+03 8.0000e+00 4.0000e+00 1.0000e+00 9.0000e+00 1.6000e+01 1.3000e+01 8.0000e+00 8.0000e+00 4.0000e+00 1.5000e+01 1.7000e+01 0.0000e+00 2.3000e+01 1.1000e+01 7.0000e+00 4.0000e+00 3.0000e+00 1.4000e+01 1.0000e+01 2.5000e+01 7.0000e+00 1.0000e+01 1.1750e+03 4.0000e+00 9.0000e+00
1.0000e+01 5.0000e+00 8.0000e+00 5.0000e+00 9.0000e+00 1.3000e+01 1.6000e+01 3.0000e+00 9.0000e+00 1.1000e+01 3.0000e+00 6.1000e+01 7.0000e+00 9.0000e+00 1.8000e+01 2.7000e+01 2.0000e+00 2.0000e+00 6.0000e+00 8.0000e+00 5.0000e+00 2.0000e+00 6.0000e+00 3.0000e+00 9.0000e+00 2.7330e+03 7.0000e+00 3.0000e+00 1.0000e+01 2.0000e+01 6.0000e+00 1.1000e+01 4.0000e+00 1.5000e+01 1.2000e+01 1.9000e+01 3.0000e+00 2.8000e+01 2.1000e+01 1.1000e+01 3.0000e+00 6.0000e+00 1.4000e+01 7.0000e+00 1.0000e+01 1.0000e+00 2.5000e+01 8.8300e+02 1.0000e+00 9.0000e+00
4.0000e+00 1.0000e+00 5.0000e+00 1.1000e+01 7.0000e+00 1.2000e+01 1.6000e+01 4.0000e+00 4.0000e+00 4.0000e+00 6.0000e+00 8.0000e+00 1.0000e+00 4.0000e+00 3.0000e+00 2.1000e+01 1.0000e+00 1.0000e+00 2.0000e+00 1.0000e+00 2.0000e+00 6.0000e+00 3.0000e+00 5.0000e+00 3.0000e+00 8.0000e+00 9.0000e+00 1.0000e+00 6.0000e+00 1.5000e+01 1.0000e+00 1.0000e+00 1.0000e+00 3.0000e+00 1.8000e+01 6.0000e+00 2.0000e+00 4.0000e+00 3.4500e+03 0.0000e+00 1.0000e+00 5.0000e+00 0.0000e+00 1.0000e+00 1.2000e+01 9.0000e+00 6.0000e+00 3.0000e+00 0.0000e+00 2.0000e+00
1.5000e+01 1.5000e+01 2.0000e+01 1.9000e+01 1.6000e+01 1.3000e+01 1.5000e+01 2.6770e+03 1.8000e+01 1.5000e+01 2.0000e+01 1.8000e+01 2.3660e+03 1.6000e+01 1.4000e+01 2.0000e+01 9.0000e+00 1.3000e+01 1.4000e+01 1.1000e+01 1.5000e+01 1.4000e+01 1.8000e+01 1.1000e+01 7.0000e+00 1.1000e+01 8.0000e+00 7.0000e+00 1.4000e+01 9.0000e+00 1.6700e+02 1.3000e+01 1.6000e+01 1.5000e+01 1.7000e+01 2.0000e+01 3.2000e+01 1.8000e+01 2.1000e+01 2.5000e+01 1.7000e+01 6.0000e+00 2.1000e+01 1.1000e+01 5.0000e+00 1.4000e+01 1.2000e+01 1.3000e+01 8.0000e+00 1.0000e+01
4.0000e+00 0.0000e+00 0.0000e+00 2.0000e+00 0.0000e+00 5.0000e+00 4.0000e+00 4.0000e+00 4.0000e+00 3.0000e+00 0.0000e+00 1.0000e+00 0.0000e+00 0.0000e+00 1.0000e+00 4.0000e+00 0.0000e+00 0.0000e+00 0.0000e+00 0.0000e+00 1.0000e+00 5.0000e+00 0.0000e+00 4.0000e+00 0.0000e+00 0.0000e+00 0.0000e+00 0.0000e+00 1.0000e+00 0.0000e+00 5.0000e+00 4.0000e+00 1.0000e+00 0.0000e+00 1.0000e+01 2.0000e+00 0.0000e+00 0.0000e+00 0.0000e+00 3.0000e+00 0.0000e+00 0.0000e+00 5.0000e+00 1.9250e+03 5.0000e+00 2.0000e+00 7.0000e+00 5.0000e+00 1.0000e+00 0.0000e+00
1.9000e+01 2.0000e+01 1.9000e+01 1.4000e+01 2.5000e+01 3.0000e+01 2.9000e+01 2.0000e+01 2.2000e+01 7.0000e+00 3.4000e+01 2.4000e+01 1.5000e+01 1.9000e+01 2.2000e+01 1.5000e+01 2.0000e+01 2.0000e+01 2.4520e+03 2.5000e+01 1.6000e+01 1.6000e+01 2.2000e+01 2.4000e+01 2.8000e+01 4.8000e+01 9.0000e+00 2.1000e+01 1.6000e+01 2.4000e+01 2.0000e+01 2.5000e+01 2.1000e+01 2.2000e+01 2.3000e+01 2.3000e+01 4.3230e+03 1.5000e+01 3.2000e+01 1.5000e+01 1.9000e+01 2.5000e+01 1.5000e+01 1.7000e+01 1.8000e+01 2.5000e+01 2.2000e+01 1.2000e+01 1.3000e+01 1.6000e+01
4.0000e+00 0.0000e+00 0.0000e+00 4.0000e+00 0.0000e+00 2.0000e+00 4.0000e+00 3.0000e+00 1.0000e+00 1.0000e+01 0.0000e+00 0.0000e+00 0.0000e+00 0.0000e+00 2.3430e+03 5.0000e+00 2.0000e+00 6.0000e+00 7.0000e+00 1.0000e+00 3.0000e+00 0.0000e+00 0.0000e+00 6.0000e+00 0.0000e+00 2.0000e+00 1.0000e+01 0.0000e+00 0.0000e+00 2.0000e+00 0.0000e+00 8.0000e+00 5.0000e+00 1.0000e+00 8.0000e+00 3.0000e+00 0.0000e+00 3.0000e+00 1.4000e+01 7.0000e+00 0.0000e+00 9.0000e+00 1.3000e+01 0.0000e+00 1.2000e+01 4.0000e+00 7.0000e+00 9.0000e+00 1.0000e+00 5.0000e+00
2.0000e+00 2.0000e+00 7.0000e+00 1.2000e+01 8.0000e+00 2.6000e+01 2.0000e+01 1.1000e+01 3.0000e+00 5.0000e+00 1.5000e+01 1.0000e+01 2.0000e+00 6.0000e+00 1.5000e+01 2.0000e+01 1.0000e+00 2.0000e+00 9.0000e+00 4.0000e+00 5.0000e+00 1.0000e+01 5.0000e+00 1.6000e+01 8.0000e+00 1.3000e+01 9.0000e+00 5.0000e+00 1.0000e+01 1.1000e+01 1.0000e+00 1.0000e+01 8.0000e+00 2.0000e+00 1.5000e+01 7.0000e+00 5.0000e+00 1.2000e+01 2.1000e+01 1.1000e+01 4.0000e+00 6.0000e+00 3.8520e+03 3.0000e+00 7.0000e+00 8.0000e+00 9.0000e+00 9.0000e+00 0.0000e+00 9.0000e+00
1.6000e+01 4.1000e+01 1.3000e+01 8.0000e+00 5.0000e+00 2.4000e+01 2.5000e+01 1.2000e+01 3.1000e+01 1.6000e+01 7.0000e+00 1.4000e+01 1.8000e+01 1.5300e+02 6.0000e+00 2.5000e+01 4.0000e+00 2.5000e+01 4.0000e+00 4.2100e+03 3.0000e+00 6.0000e+00 1.1000e+01 1.7000e+01 2.8000e+01 1.6000e+01 1.5000e+01 1.9000e+01 1.6000e+01 2.7000e+01 2.0000e+00 1.6000e+01 5.0000e+00 1.8000e+01 1.3000e+01 1.2150e+03 9.0000e+00 1.6000e+01 2.9000e+01 1.0000e+00 1.3000e+01 8.0000e+00 1.4000e+01 1.2000e+01 1.8000e+01 2.0000e+00 1.2000e+01 1.7000e+01 5.0000e+00 2.5000e+01
1.6000e+01 1.0000e+01 4.5280e+03 2.0000e+01 1.5000e+01 2.9000e+01 1.5000e+01 1.9000e+01 1.4000e+01 1.5000e+01 1.8000e+01 2.0000e+01 1.2000e+01 1.6000e+01 2.4000e+01 2.2000e+01 1.1000e+01 1.3000e+01 2.4000e+01 1.4000e+01 1.9000e+01 1.5000e+01 1.1000e+01 1.8000e+01 1.8000e+01 2.4000e+01 1.7000e+01 1.7000e+01 1.7000e+01 1.6000e+01 1.7550e+03 1.8000e+01 2.9000e+01 2.4000e+01 2.2000e+01 2.2000e+01 2.4000e+01 1.7000e+01 2.1000e+01 2.3000e+01 1.7000e+01 1.7000e+01 2.1000e+01 2.4000e+01 1.9000e+01 2.6000e+01 2.0000e+01 1.9000e+01 2.3000e+01 2.4000e+01
3.0000e+01 2.0000e+00 6.0000e+00 2.0000e+00 1.0000e+01 2.0000e+00 3.0000e+00 2.0000e+00 0.0000e+00 1.0000e+01 8.0000e+00 1.0000e+00 1.0000e+00 9.0000e+00 4.0000e+00 2.0000e+00 0.0000e+00 4.0000e+00 9.0000e+00 0.0000e+00 2.6390e+03 5.0000e+00 1.3000e+01 1.0000e+00 1.1000e+01 1.1000e+01 2.0000e+00 3.0000e+00 3.0000e+00 1.4000e+01 7.0000e+00 2.0000e+00 2.0000e+00 0.0000e+00 1.0000e+01 6.0000e+00 4.0000e+00 0.0000e+00 0.0000e+00 1.0000e+00 0.0000e+00 7.0000e+00 7.0000e+00 4.0000e+00 1.9000e+01 5.6400e+02 7.0000e+00 5.1100e+02 1.2000e+01 1.0000e+01
2.1000e+01 2.0000e+01 1.7000e+01 8.0000e+00 2.6000e+01 2.6000e+01 2.5000e+01 2.3000e+01 1.0160e+03 2.5000e+01 2.3000e+01 2.6000e+01 3.6000e+01 2.8000e+01 2.5000e+01 2.3000e+01 2.3000e+01 2.7000e+01 1.0260e+03 2.2000e+01 2.1000e+01 2.6000e+01 2.5000e+01 1.5000e+01 2.6000e+01 1.9000e+01 2.5000e+01 1.7000e+01 1.9000e+01 2.4000e+01 1.9000e+01 2.1000e+01 1.4000e+01 2.4000e+01 2.1000e+01 2.6000e+01 3.2000e+01 2.6000e+01 2.0000e+01 2.3000e+01 3.3000e+01 2.3000e+01 4.0000e+01 1.9000e+01 2.2000e+01 2.0000e+01 2.5000e+01 3.1000e+01 4.7590e+03 2.1000e+01
0.0000e+00 0.0000e+00 0.0000e+00 0.0000e+00 9.0000e+00 2.0000e+00 6.0000e+00 1.0000e+00 4.0000e+00 4.0000e+00 0.0000e+00 5.0000e+00 0.0000e+00 0.0000e+00 1.0000e+00 7.0000e+00 3.0000e+00 0.0000e+00 2.0000e+00 1.0000e+00 7.0000e+00 2.0000e+00 5.0000e+00 1.0000e+00 1.0000e+00 7.0000e+00 7.0000e+00 4.0000e+00 6.0000e+00 1.0000e+01 0.0000e+00 4.0000e+00 0.0000e+00 0.0000e+00 3.0000e+00 2.0000e+00 0.0000e+00 0.0000e+00 1.1000e+01 0.0000e+00 0.0000e+00 0.0000e+00 6.0000e+00 0.0000e+00 1.0000e+01 1.0000e+00 0.0000e+00 2.0000e+00 0.0000e+00 4.0000e+00
0.0000e+00 3.0000e+00 0.0000e+00 3.0000e+00 2.0000e+00 3.0000e+00 1.6000e+01 1.0000e+00 0.0000e+00 2.0000e+00 5.0000e+00 1.0000e+00 0.0000e+00 3.0000e+00 1.0000e+00 7.0000e+00 2.0000e+00 1.4970e+03 0.0000e+00 1.0000e+00 1.0000e+00 1.0000e+00 8.0000e+00 3.0000e+00 2.0000e+00 2.0000e+00 4.0000e+00 2.0000e+00 3.0000e+00 4.0000e+00 4.0000e+00 1.0000e+00 0.0000e+00 2.0000e+00 5.0000e+00 7.0000e+00 0.0000e+00 6.0000e+00 5.0000e+00 1.1610e+03 0.0000e+00 1.0000e+00 5.0000e+00 3.0000e+00 5.0000e+00 1.0000e+01 4.0000e+00 6.0000e+00 5.0000e+00 0.0000e+00
1.0000e+01 2.0000e+00 2.0000e+00 1.8500e+02 5.0000e+00 5.0000e+00 7.0000e+00 4.0000e+00 8.0000e+00 1.0000e+01 7.0000e+00 8.0000e+00 6.0000e+00 6.0000e+00 7.0000e+00 2.5650e+03 0.0000e+00 5.0000e+00 4.0000e+00 0.0000e+00 2.0000e+00 4.0000e+00 7.0000e+00 2.0000e+00 1.3000e+01 3.0000e+00 7.0000e+00 2.0000e+00 2.0000e+00 1.6000e+02 2.0000e+00 1.1000e+01 1.0000e+00 1.0000e+00 1.5000e+01 1.2000e+01 2.0000e+00 7.0000e+00 1.5000e+01 5.0000e+00 7.0000e+00 6.0000e+00 1.1000e+01 4.0000e+00 9.0000e+00 1.7000e+01 3.0000e+00 7.0000e+00 2.0000e+00 5.0000e+00
1.0000e+00 5.0000e+00 6.0000e+00 1.7820e+03 1.4000e+01 1.3000e+01 1.0000e+01 1.0000e+00 5.0000e+00 3.0000e+00 1.0000e+01 5.0000e+00 1.0000e+01 9.4700e+02 1.2000e+01 1.1000e+01 2.0000e+00 5.0000e+00 0.0000e+00 3.0000e+00 4.0000e+00 1.0000e+00 5.0000e+00 7.0000e+00 0.0000e+00 7.0000e+00 1.9000e+01 7.0000e+00 8.0000e+00 1.0000e+01 1.0000e+00 5.0000e+00 4.0000e+00 7.0000e+00 1.2000e+01 3.0000e+00 1.0000e+00 5.0000e+00 3.0000e+00 1.3000e+01 0.0000e+00 7.0000e+00 3.0000e+00 1.1000e+01 9.0000e+00 3.0000e+00 9.0000e+00 7.0000e+00 0.0000e+00 4.0000e+00
4.0000e+00 0.0000e+00 5.0000e+00 0.0000e+00 9.0000e+00 4.0000e+00 0.0000e+00 5.0000e+00 7.0000e+00 0.0000e+00 1.0000e+00 1.0000e+00 0.0000e+00 4.0000e+00 9.0000e+00 2.0000e+00 0.0000e+00 0.0000e+00 1.0000e+00 1.0000e+00 5.0000e+00 3.0000e+00 0.0000e+00 0.0000e+00 3.0000e+00 0.0000e+00 0.0000e+00 0.0000e+00 7.0000e+00 1.2000e+01 4.0000e+00 2.0000e+00 1.0000e+00 0.0000e+00 2.0000e+00 2.0000e+00 0.0000e+00 4.0000e+00 2.0000e+00 0.0000e+00 0.0000e+00 1.0000e+00 3.0000e+00 4.0000e+00 0.0000e+00 2.0000e+00 1.0000e+00 3.0000e+00 6.0000e+00 3.0000e+00
1.5000e+01 1.0000e+00 2.0000e+00 2.2000e+01 8.0000e+00 5.0000e+00 1.6000e+01 7.0000e+00 1.5120e+03 3.0000e+00 1.5000e+01 3.0000e+00 1.3000e+01 1.1000e+01 1.2000e+01 9.0000e+00 4.0000e+00 1.0000e+00 5.0000e+00 1.0000e+00 1.5000e+01 1.8000e+01 3.0000e+00 7.0000e+00 1.1000e+01 1.0000e+01 7.0000e+00 4.0000e+00 1.0000e+01 1.6000e+01 5.0000e+00 1.7000e+01 3.0000e+00 1.0000e+01 1.1000e+01 9.0000e+00 3.0000e+00 7.0000e+00 2.2000e+01 6.0000e+00 2.5630e+03 3.0000e+00 1.3000e+01 8.0000e+00 4.0000e+00 3.0000e+00 8.0000e+00 6.0000e+00 1.2000e+01 5.0000e+00
4.0000e+00 3.0000e+00 3.0000e+00 4.0000e+00 2.0000e+00 8.0000e+00 4.0000e+00 6.0000e+00 2.0000e+00 7.0000e+00 3.0000e+00 6.0000e+00 3.0000e+00 4.0000e+00 6.0000e+00 5.0000e+00 3.0000e+00 4.0000e+00 2.0000e+00 4.0000e+00 2.0000e+00 6.0000e+00 5.0000e+00 7.0000e+00 7.0000e+00 5.0000e+00 0.0000e+00 5.0000e+00 9.0000e+00 3.2500e+02 2.0000e+00 4.0000e+00 4.0000e+00 5.0000e+00 1.0000e+01 2.0000e+00 2.0000e+00 1.1000e+01 1.3000e+01 4.0000e+00 1.0000e+00 3.0000e+00 6.0000e+00 4.0000e+00 0.0000e+00 4.0000e+00 5.0000e+00 6.0000e+00 2.0000e+00 4.0000e+00
7.0000e+00 9.0000e+00 6.0000e+00 8.0000e+00 1.3000e+01 1.2000e+01 2.3000e+01 7.0000e+00 5.0000e+00 4.5000e+01 8.0000e+00 7.0000e+00 8.0000e+00 1.0000e+00 1.2000e+01 1.2000e+01 2.0000e+00 0.0000e+00 1.0000e+00 8.0000e+00 5.0000e+00 1.4000e+01 4.0000e+00 8.0000e+00 4.0000e+00 7.0000e+00 7.0000e+00 1.2000e+01 2.4000e+01 1.2000e+01 1.0000e+01 6.0000e+00 3.5080e+03 1.0000e+01 2.0000e+01 1.2320e+03 2.0000e+00 8.0000e+00 1.9000e+01 5.0000e+00 4.0000e+00 9.0000e+00 1.6000e+01 1.2000e+01 1.3000e+01 3.0000e+00 1.3000e+01 8.0000e+00 1.1000e+01 6.0000e+00
