0.0000e+00 5.0000e-01 1.0000e+00 0.0000e+00 0.0000e+00 0.0000e+00 5.0000e-01 0.0000e+00 9.7853e-01 9.9816e-01 6.6667e-01 1.0000e+00 6.6667e-01 1.0000e+00 7.5926e-01 5.0000e-01 0.0000e+00 4.8484e-01 7.1429e-01 0.0000e+00 6.6667e-01 7.5000e-01 9.5305e-01 9.9587e-01 6.6667e-01 1.0000e+00 1.0000e+00 0.0000e+00 1.0000e+00 5.0000e-01 5.0000e-01 0.0000e+00 8.8889e-01 1.0000e+00 0.0000e+00 6.6667e-01 1.0000e+00 0.0000e+00 0.0000e+00 9.2824e-01 9.2690e-01 5.0000e-01 1.0000e+00 1.0000e+00 6.6667e-01 5.0000e-01 0.0000e+00 0.0000e+00 5.0000e-01 0.0000e+00
5.0000e-01 0.0000e+00 0.0000e+00 0.0000e+00 0.0000e+00 3.3333e-01 0.0000e+00 5.0000e-01 0.0000e+00 0.0000e+00 0.0000e+00 0.0000e+00 0.0000e+00 0.0000e+00 0.0000e+00 0.0000e+00 3.3333e-01 0.0000e+00 4.0600e-01 0.0000e+00 5.0000e-01 0.0000e+00 0.0000e+00 0.0000e+00 4.0000e-01 5.2632e-01 0.0000e+00 0.0000e+00 4.0000e-01 0.0000e+00 0.0000e+00 0.0000e+00 0.0000e+00 0.0000e+00 0.0000e+00 3.8462e-01 0.0000e+00 0.0000e+00 0.0000e+00 0.0000e+00 0.0000e+00 0.0000e+00 5.8214e-01 0.0000e+00 3.3333e-01 0.0000e+00 0.0000e+00 0.0000e+00 3.3333e-01 2.8571e-01
5.0000e-01 0.0000e+00 9.9404e-01 0.0000e+00 0.0000e+00 0.0000e+00 1.0000e+00 6.6667e-01 5.0000e-01 0.0000e+00 9.3862e-01 0.0000e+00 0.0000e+00 0.0000e+00 5.0000e-01 0.0000e+00 0.0000e+00 3.3333e-01 0.0000e+00 0.0000e+00 0.0000e+00 0.0000e+00 0.0000e+00 5.0000e-01 8.0000e-01 0.0000e+00 6.6667e-01 0.0000e+00 6.6667e-01 5.0000e-01 0.0000e+00 1.0000e+00 7.5000e-01 0.0000e+00 0.0000e+00 6.6667e-01 0.0000e+00 0.0000e+00 0.0000e+00 5.0000e-01 6.6667e-01 0.0000e+00 0.0000e+00 5.0000e-01 7.0000e-01 0.0000e+00 0.0000e+00 9.8411e-01 0.0000e+00 5.0000e-01
5.0000e-01 5.0000e-01 0.0000e+00 0.0000e+00 0.0000e+00 6.6667e-01 6.6667e-01 0.0000e+00 0.0000e+00 5.0000e-01 6.6667e-01 0.0000e+00 5.0000e-01 5.0000e-01 0.0000e+00 0.0000e+00 0.0000e+00 0.0000e+00 0.0000e+00 0.0000e+00 0.0000e+00 5.4545e-01 5.6250e-01 5.8333e-01 7.1234e-01 7.5000e-01 7.7599e-01 6.3198e-01 0.0000e+00 5.0000e-01 8.4710e-01 0.0000e+00 5.5556e-01 7.0000e-01 6.6667e-01 6.3043e-01 0.0000e+00 0.0000e+00 0.0000e+00 0.0000e+00 5.0000e-01 5.0000e-01 0.0000e+00 0.0000e+00 5.0000e-01 7.8740e-01 5.5556e-01 0.0000e+00 5.0000e-01 5.0000e-01
5.0000e-01 0.0000e+00 5.0000e-01 0.0000e+00 5.0000e-01 0.0000e+00 6.6667e-01 8.2353e-01 0.0000e+00 5.0000e-01 5.0000e-01 8.0000e-01 8.0828e-01 0.0000e+00 0.0000e+00 0.0000e+00 8.0102e-01 0.0000e+00 0.0000e+00 5.8483e-01 0.0000e+00 0.0000e+00 0.0000e+00 5.0000e-01 0.0000e+00 0.0000e+00 9.0723e-01 0.0000e+00 0.0000e+00 5.0000e-01 6.6667e-01 8.0000e-01 0.0000e+00 0.0000e+00 7.7778e-01 7.7675e-01 0.0000e+00 5.0000e-01 6.0000e-01 0.0000e+00 5.7143e-01 5.0000e-01 5.0000e-01 0.0000e+00 6.0000e-01 0.0000e+00 6.6667e-01 6.6667e-01 6.6667e-01 8.5078e-01
1.0000e+00 1.0000e+00 1.0000e+00 0.0000e+00 8.9744e-01 8.5714e-01 0.0000e+00 0.0000e+00 1.0000e+00 1.0000e+00 0.0000e+00 0.0000e+00 8.8889e-01 1.0000e+00 0.0000e+00 0.0000e+00 0.0000e+00 0.0000e+00 6.6667e-01 0.0000e+00 1.0000e+00 9.9461e-01 1.0000e+00 1.0000e+00 1.0000e+00 1.0000e+00 1.0000e+00 5.0000e-01 1.0000e+00 5.0000e-01 7.5000e-01 0.0000e+00 0.0000e+00 1.0000e+00 1.0000e+00 0.0000e+00 0.0000e+00 9.6330e-01 9.5733e-01 9.9277e-01 9.0909e-01 9.6497e-01 1.0000e+00 1.0000e+00 9.9100e-01 0.0000e+00 5.0000e-01 1.0000e+00 7.5000e-01 7.5000e-01
9.7173e-01 0.0000e+00 8.3333e-01 0.0000e+00 9.2444e-01 5.0000e-01 8.3333e-01 9.6497e-01 5.0000e-01 7.5000e-01 0.0000e+00 0.0000e+00 6.6667e-01 0.0000e+00 0.0000e+00 7.5121e-01 7.1429e-01 0.0000e+00 0.0000e+00 0.0000e+00 5.0000e-01 0.0000e+00 5.0000e-01 5.0000e-01 5.0000e-01 0.0000e+00 0.0000e+00 5.0000e-01 5.0000e-01 0.0000e+00 0.0000e+00 0.0000e+00 0.0000e+00 0.0000e+00 0.0000e+00 5.0000e-01 0.0000e+00 0.0000e+00 0.0000e+00 0.0000e+00 5.0000e-01 5.0000e-01 9.4737e-01 7.5000e-01 0.0000e+00 0.0000e+00 0.0000e+00 9.8152e-01 7.8707e-01 0.0000e+00
0.0000e+00 5.0000e-01 0.0000e+00 0.0000e+00 0.0000e+00 6.2500e-01 0.0000e+00 5.0000e-01 6.2500e-01 0.0000e+00 0.0000e+00 0.0000e+00 0.0000e+00 7.7761e-01 0.0000e+00 0.0000e+00 0.0000e+00 0.0000e+00 0.0000e+00 5.0000e-01 0.0000e+00 5.0000e-01 0.0000e+00 5.0000e-01 6.6667e-01 0.0000e+00 6.6667e-01 5.0000e-01 8.2852e-01 5.0000e-01 7.1429e-01 5.0000e-01 6.7705e-01 8.7887e-01 7.9251e-01 0.0000e+00 0.0000e+00 5.0000e-01 0.0000e+00 5.0000e-01 6.0000e-01 0.0000e+00 6.6667e-01 0.0000e+00 5.0000e-01 7.3333e-01 6.4706e-01 0.0000e+00 5.0000e-01 5.0000e-01
0.0000e+00 5.0000e-01 5.0000e-01 9.4124e-01 0.0000e+00 6.6667e-01 0.0000e+00 0.0000e+00 5.0000e-01 6.6667e-01 0.0000e+00 0.0000e+00 7.5000e-01 8.3333e-01 6.4691e-01 5.0000e-01 0.0000e+00 3.3333e-01 0.0000e+00 0.0000e+00 0.0000e+00 5.0000e-01 0.0000e+00 5.0000e-01 0.0000e+00 8.7500e-01 0.0000e+00 0.0000e+00 6.6667e-01 0.0000e+00 0.0000e+00 8.5714e-01 0.0000e+00 8.8889e-01 5.0000e-01 0.0000e+00 8.9123e-01 0.0000e+00 0.0000e+00 6.6667e-01 6.7281e-01 0.0000e+00 5.0000e-01 9.1648e-01 5.0000e-01 6.6667e-01 8.0538e-01 8.0000e-01 0.0000e+00 5.0000e-01
6.6667e-01 0.0000e+00 7.0000e-01 5.0000e-01 0.0000e+00 7.9986e-01 0.0000e+00 0.0000e+00 0.0000e+00 0.0000e+00 0.0000e+00 8.2098e-01 0.0000e+00 5.0000e-01 0.0000e+00 0.0000e+00 6.2500e-01 0.0000e+00 5.0000e-01 0.0000e+00 8.2178e-01 0.0000e+00 5.0000e-01 0.0000e+00 0.0000e+00 8.3161e-01 7.6471e-01 0.0000e+00 6.6667e-01 5.6640e-01 5.0000e-01 0.0000e+00 0.0000e+00 6.0000e-01 0.0000e+00 5.0000e-01 0.0000e+00 5.0000e-01 0.0000e+00 5.0000e-01 5.0000e-01 5.0000e-01 0.0000e+00 0.0000e+00 5.0000e-01 5.0000e-01 5.0000e-01 7.5000e-01 5.0000e-01 0.0000e+00
