0.0000e+00 1.0000e+00 0.0000e+00 0.0000e+00 0.0000e+00 0.0000e+00 1.0000e+00 0.0000e+00 5.9260e+03 5.9600e+03 2.0000e+00 1.4000e+01 2.0000e+00 2.0000e+00 4.1000e+01 1.0000e+00 0.0000e+00 2.9270e+03 5.0000e+00 0.0000e+00 2.0000e+00 3.0000e+00 5.6020e+03 6.0220e+03 2.0000e+00 1.0000e+00 0.0000e+00 0.0000e+00 1.0000e+00 1.0000e+00 1.0000e+00 0.0000e+00 8.0000e+00 2.0000e+00 0.0000e+00 2.0000e+00 4.0000e+00 0.0000e+00 0.0000e+00 3.1820e+03 5.2750e+03 1.0000e+00 2.0000e+00 0.0000e+00 2.0000e+00 1.0000e+00 0.0000e+00 0.0000e+00 1.0000e+00 0.0000e+00
1.0000e+00 0.0000e+00 0.0000e+00 0.0000e+00 0.0000e+00 1.0000e+00 0.0000e+00 3.0000e+00 0.0000e+00 0.0000e+00 0.0000e+00 0.0000e+00 0.0000e+00 0.0000e+00 0.0000e+00 0.0000e+00 1.0000e+00 0.0000e+00 2.3800e+03 0.0000e+00 1.0000e+00 0.0000e+00 0.0000e+00 0.0000e+00 2.0000e+00 1.0000e+01 0.0000e+00 0.0000e+00 2.0000e+00 0.0000e+00 0.0000e+00 0.0000e+00 0.0000e+00 0.0000e+00 0.0000e+00 5.0000e+00 0.0000e+00 0.0000e+00 0.0000e+00 0.0000e+00 0.0000e+00 0.0000e+00 3.5260e+03 0.0000e+00 1.0000e+00 0.0000e+00 0.0000e+00 0.0000e+00 1.0000e+00 2.0000e+00
1.0000e+00 0.0000e+00 6.0070e+03 0.0000e+00 0.0000e+00 0.0000e+00 5.8570e+03 2.0000e+00 1.0000e+00 0.0000e+00 5.6430e+03 0.0000e+00 0.0000e+00 0.0000e+00 1.0000e+00 0.0000e+00 0.0000e+00 1.0000e+00 0.0000e+00 0.0000e+00 0.0000e+00 0.0000e+00 0.0000e+00 1.0000e+00 1.6000e+01 0.0000e+00 2.0000e+00 0.0000e+00 2.0000e+00 1.0000e+00 0.0000e+00 6.0130e+03 3.6000e+01 0.0000e+00 0.0000e+00 2.0000e+00 0.0000e+00 0.0000e+00 0.0000e+00 1.0000e+00 2.0000e+00 0.0000e+00 0.0000e+00 1.0000e+00 7.0000e+00 0.0000e+00 0.0000e+00 4.3980e+03 0.0000e+00 1.0000e+00
1.0000e+00 1.0000e+00 0.0000e+00 0.0000e+00 0.0000e+00 2.0000e+00 2.0000e+00 0.0000e+00 0.0000e+00 1.0000e+00 2.0000e+00 0.0000e+00 1.0000e+00 1.0000e+00 0.0000e+00 0.0000e+00 0.0000e+00 0.0000e+00 0.0000e+00 0.0000e+00 0.0000e+00 6.0000e+00 9.0000e+00 2.1000e+01 4.2420e+03 3.0000e+00 3.3220e+03 3.7350e+03 0.0000e+00 1.0000e+00 5.0750e+03 0.0000e+00 5.0000e+00 7.0000e+00 4.0000e+00 2.9000e+01 0.0000e+00 0.0000e+00 0.0000e+00 0.0000e+00 1.0000e+00 1.0000e+00 0.0000e+00 0.0000e+00 1.0000e+00 4.7110e+03 5.0000e+00 0.0000e+00 1.0000e+00 1.0000e+00
1.0000e+00 0.0000e+00 1.0000e+00 0.0000e+00 1.0000e+00 0.0000e+00 2.0000e+00 1.4000e+01 0.0000e+00 1.0000e+00 1.0000e+00 4.0000e+00 4.8440e+03 0.0000e+00 0.0000e+00 0.0000e+00 4.8470e+03 0.0000e+00 0.0000e+00 3.5090e+03 0.0000e+00 0.0000e+00 0.0000e+00 1.0000e+00 0.0000e+00 0.0000e+00 1.5940e+03 0.0000e+00 0.0000e+00 1.0000e+00 2.0000e+00 4.0000e+00 0.0000e+00 0.0000e+00 2.1000e+01 4.5440e+03 0.0000e+00 1.0000e+00 3.0000e+00 0.0000e+00 4.0000e+00 1.0000e+00 1.0000e+00 0.0000e+00 3.0000e+00 0.0000e+00 1.6000e+01 2.0000e+00 6.0000e+00 5.1600e+03
3.0000e+00 5.8020e+03 2.0000e+00 0.0000e+00 7.0000e+01 6.0000e+00 0.0000e+00 0.0000e+00 1.0000e+00 0.0000e+00 0.0000e+00 0.0000e+00 8.0000e+00 0.0000e+00 0.0000e+00 0.0000e+00 0.0000e+00 0.0000e+00 2.0000e+00 0.0000e+00 2.0000e+00 5.9080e+03 0.0000e+00 1.0000e+00 0.0000e+00 2.0000e+00 2.0000e+00 1.0000e+00 0.0000e+00 1.0000e+00 3.0000e+00 0.0000e+00 0.0000e+00 2.0000e+00 0.0000e+00 0.0000e+00 0.0000e+00 5.6700e+03 5.7660e+03 2.4700e+03 1.0000e+01 5.7850e+03 2.0000e+00 4.0000e+00 5.9480e+03 0.0000e+00 1.0000e+00 2.0000e+00 3.0000e+00 6.0000e+00
5.8430e+03 0.0000e+00 5.0000e+00 0.0000e+00 5.3830e+03 1.0000e+00 5.0000e+00 5.8680e+03 1.0000e+00 3.0000e+00 0.0000e+00 0.0000e+00 2.0000e+00 0.0000e+00 0.0000e+00 4.4990e+03 5.0000e+00 0.0000e+00 0.0000e+00 0.0000e+00 1.0000e+00 0.0000e+00 1.0000e+00 1.0000e+00 1.0000e+00 0.0000e+00 0.0000e+00 1.0000e+00 1.0000e+00 0.0000e+00 0.0000e+00 0.0000e+00 0.0000e+00 0.0000e+00 0.0000e+00 1.0000e+00 0.0000e+00 0.0000e+00 0.0000e+00 0.0000e+00 1.0000e+00 1.0000e+00 3.6000e+01 3.0000e+00 0.0000e+00 0.0000e+00 0.0000e+00 1.5400e+03 4.7350e+03 0.0000e+00
0.0000e+00 1.0000e+00 0.0000e+00 0.0000e+00 0.0000e+00 5.0000e+00 0.0000e+00 1.0000e+00 5.0000e+00 0.0000e+00 0.0000e+00 0.0000e+00 0.0000e+00 4.5980e+03 0.0000e+00 0.0000e+00 0.0000e+00 0.0000e+00 0.0000e+00 1.0000e+00 0.0000e+00 1.0000e+00 0.0000e+00 1.0000e+00 2.0000e+00 0.0000e+00 2.0000e+00 2.0000e+00 4.9380e+03 1.0000e+00 5.0000e+00 1.0000e+00 3.9540e+03 5.3110e+03 4.6330e+03 0.0000e+00 0.0000e+00 1.0000e+00 0.0000e+00 1.0000e+00 6.0000e+00 0.0000e+00 2.0000e+00 0.0000e+00 1.0000e+00 2.2000e+01 1.1000e+01 0.0000e+00 1.0000e+00 1.0000e+00
0.0000e+00 1.0000e+00 1.0000e+00 5.5420e+03 0.0000e+00 2.0000e+00 0.0000e+00 0.0000e+00 1.0000e+00 2.0000e+00 0.0000e+00 0.0000e+00 3.0000e+00 5.0000e+01 3.8750e+03 1.0000e+00 0.0000e+00 1.0000e+00 0.0000e+00 0.0000e+00 0.0000e+00 1.0000e+00 0.0000e+00 1.0000e+00 0.0000e+00 7.0000e+00 0.0000e+00 0.0000e+00 2.0000e+00 0.0000e+00 0.0000e+00 1.8000e+01 0.0000e+00 8.0000e+00 1.0000e+00 0.0000e+00 5.3340e+03 0.0000e+00 0.0000e+00 2.0000e+00 2.9200e+02 0.0000e+00 1.0000e+00 5.4320e+03 1.0000e+00 2.0000e+00 4.8460e+03 4.0000e+00 0.0000e+00 1.0000e+00
2.0000e+00 0.0000e+00 7.0000e+00 1.0000e+00 0.0000e+00 4.7360e+03 0.0000e+00 0.0000e+00 0.0000e+00 0.0000e+00 0.0000e+00 4.8290e+03 0.0000e+00 1.0000e+00 0.0000e+00 0.0000e+00 5.0000e+00 0.0000e+00 1.0000e+00 0.0000e+00 4.9660e+03 0.0000e+00 1.0000e+00 0.0000e+00 0.0000e+00 4.8940e+03 1.3000e+01 0.0000e+00 2.0000e+00 3.4460e+03 1.0000e+00 0.0000e+00 0.0000e+00 3.0000e+00 0.0000e+00 1.0000e+00 0.0000e+00 1.0000e+00 0.0000e+00 1.0000e+00 4.0000e+00 1.0000e+00 0.0000e+00 0.0000e+00 1.0000e+00 1.0000e+00 1.0000e+00 6.0000e+00 3.0000e+00 0.0000e+00
