5.1190e-01 3.0952e-01 7.2603e-01 3.0000e-01 6.0000e-01 6.4286e-01 5.9091e-01 7.0667e-01 6.6667e-01 6.9697e-01 3.9437e-01 4.3243e-01 2.6250e-01 3.2927e-01 4.1860e-01 4.4068e-01 2.0896e-01 2.0270e-01 1.8667e-01 4.0000e-01 5.2000e-01 1.8987e-01 3.3766e-01 4.4286e-01 1.7391e-01 2.2667e-01 6.7033e-01 2.4074e-01 7.1831e-01 6.1039e-01 6.7692e-01 7.6562e-01 6.0274e-01 6.7123e-01 5.0000e-01 5.0000e-01 4.2105e-01 6.5217e-01 5.5224e-01 4.0625e-01 5.6338e-01 0.0000e+00 2.4242e-01 4.2188e-01 7.5000e-01 1.9697e-01 4.8611e-01 6.8750e-01 2.0548e-01 6.5060e-01
5.1351e-01 3.2857e-01 0.0000e+00 0.0000e+00 7.2368e-01 0.0000e+00 2.6027e-01 6.1111e-01 1.8750e-01 1.9231e-01 0.0000e+00 0.0000e+00 5.0000e-02 0.0000e+00 1.0811e-01 5.0000e-01 9.0909e-02 0.0000e+00 1.8987e-01 4.5588e-01 2.1519e-01 3.5135e-01 3.9080e-01 9.2105e-02 9.4118e-02 1.3889e-01 1.6000e-01 0.0000e+00 5.7333e-01 7.2881e-01 2.3077e-01 0.0000e+00 0.0000e+00 2.6761e-01 2.2667e-01 2.7273e-01 1.8667e-01 2.1918e-01 3.2099e-01 0.0000e+00 0.0000e+00 1.4737e-01 1.2308e-01 2.6761e-01 1.0000e+00 6.8519e-01 0.0000e+00 2.0833e-01 4.0506e-01 1.0417e-01
2.9670e-01 3.4667e-01 2.3256e-01 5.4167e-01 3.5714e-01 5.9494e-01 6.1039e-01 4.7692e-01 5.7353e-01 5.7353e-01 7.5714e-01 2.4615e-01 6.7692e-01 5.7317e-01 1.8750e-01 5.1613e-01 6.6234e-01 3.5484e-01 4.2466e-01 4.0845e-01 6.8000e-01 4.3077e-01 2.8788e-01 6.5574e-01 6.6667e-01 3.5294e-01 4.2857e-01 3.0882e-01 7.2222e-01 5.0000e-01 3.0303e-01 3.9062e-01 5.8621e-01 5.0909e-01 6.8571e-01 3.5000e-01 4.7619e-01 3.7500e-01 6.8750e-01 3.0882e-01 6.2162e-01 3.6486e-01 8.6441e-01 4.8611e-01 4.7423e-01 3.8235e-01 3.5443e-01 4.0845e-01 5.8730e-01 2.9032e-01
1.0000e+00 4.0580e-01 9.1111e-01 7.3333e-01 3.1579e-01 9.2208e-01 1.0000e+00 6.2963e-01 7.2222e-01 8.6885e-01 2.3684e-01 9.0909e-01 8.0000e-01 7.3134e-01 1.1475e-01 7.6190e-01 2.7143e-01 8.2192e-01 6.7123e-01 1.6438e-01 9.7333e-01 8.8158e-01 1.1290e-01 9.8851e-01 3.0303e-02 6.4615e-01 6.3768e-01 3.7681e-01 4.0426e-01 7.6923e-01 1.5278e-01 7.8333e-01 7.0492e-01 1.1538e-01 4.2647e-01 5.9701e-02 9.0000e-01 9.5833e-01 7.0492e-01 1.2676e-01 9.0000e-01 6.9333e-01 3.2353e-01 7.3077e-01 7.8082e-01 9.8276e-01 8.9041e-01 8.7097e-01 9.0244e-01 1.8182e-01
2.1212e-01 1.0294e-01 0.0000e+00 0.0000e+00 1.6279e-01 0.0000e+00 3.1429e-01 2.9851e-02 0.0000e+00 0.0000e+00 2.8169e-02 2.9630e-01 0.0000e+00 1.2987e-02 0.0000e+00 3.4375e-01 2.2581e-01 3.8462e-02 6.0976e-02 3.5897e-01 5.0000e-01 1.6250e-01 2.7500e-01 1.2698e-01 1.2121e-01 4.9180e-02 0.0000e+00 0.0000e+00 1.1765e-01 1.6667e-01 2.4561e-01 4.3421e-01 5.5556e-02 8.6957e-02 3.0864e-01 0.0000e+00 0.0000e+00 8.8235e-02 9.2000e-01 0.0000e+00 4.8387e-02 0.0000e+00 1.3953e-01 0.0000e+00 1.2500e-01 9.5890e-02 4.7619e-02 6.9444e-01 6.1728e-02 0.0000e+00
1.1429e-01 1.4667e-01 2.0732e-01 5.1948e-02 0.0000e+00 4.0278e-01 0.0000e+00 0.0000e+00 0.0000e+00 5.0000e-02 4.2424e-01 2.2222e-01 1.5493e-01 2.9114e-01 3.8462e-01 5.3968e-01 1.6000e-01 1.1321e-01 1.0000e-01 4.9180e-02 3.8571e-01 0.0000e+00 0.0000e+00 0.0000e+00 4.1333e-01 6.4935e-02 0.0000e+00 0.0000e+00 2.8947e-01 8.3607e-01 1.5493e-01 3.3333e-01 2.2642e-01 0.0000e+00 3.0864e-01 9.7222e-02 1.4286e-02 1.0000e+00 1.0000e+00 2.0588e-01 9.1954e-02 2.1739e-01 1.0000e+00 0.0000e+00 7.9730e-01 0.0000e+00 2.0635e-01 1.2000e-01 8.9888e-02 0.0000e+00
2.8986e-01 4.1096e-02 2.1429e-01 1.9718e-01 2.2535e-01 1.8182e-01 3.0488e-01 7.2464e-02 0.0000e+00 1.3793e-01 1.0714e-01 6.0241e-02 7.8125e-02 1.4545e-01 8.7500e-02 5.6364e-01 3.1746e-02 1.3636e-01 7.2464e-02 8.0000e-02 1.6667e-01 1.4545e-01 2.5397e-01 2.3881e-01 9.7222e-02 1.1765e-01 3.2787e-02 1.2195e-01 1.2329e-01 6.4179e-01 4.2254e-02 2.0588e-01 2.5974e-02 1.7073e-01 2.1918e-01 4.5455e-02 4.4776e-02 1.2658e-01 4.1935e-01 9.6774e-02 9.3333e-02 1.4634e-01 2.4615e-01 4.3478e-02 1.8644e-01 2.4138e-01 1.2500e-01 1.7742e-01 5.0000e-02 1.3699e-02
6.8000e-01 5.5435e-01 3.6486e-01 6.3514e-01 4.6667e-01 5.8108e-01 3.8961e-01 4.4444e-01 6.8750e-01 5.6716e-01 1.3889e-01 1.5493e-01 2.9630e-01 1.9481e-01 5.7627e-01 7.0000e-01 5.4054e-01 7.2973e-01 3.4667e-01 7.4074e-01 6.7010e-01 2.6027e-01 5.0847e-01 8.0488e-01 4.4444e-01 7.2059e-01 3.1169e-01 6.0317e-01 7.3973e-01 5.2055e-01 4.3478e-01 3.8235e-01 2.5882e-01 2.7273e-01 6.4384e-01 5.6061e-01 5.4545e-01 6.0976e-01 4.1558e-01 6.9412e-01 3.1325e-01 5.3448e-01 6.9333e-01 3.4146e-01 6.5823e-01 7.8205e-01 6.0656e-01 7.3077e-01 3.3333e-01 3.3824e-01
8.3333e-02 9.8361e-02 3.0263e-01 6.5672e-01 4.6154e-01 2.5352e-01 2.9412e-01 2.2222e-01 1.3580e-01 2.5000e-01 1.6667e-01 6.8750e-01 9.6774e-02 1.4085e-01 1.1864e-01 6.0000e-01 1.1111e-01 2.3684e-01 2.2951e-01 2.0833e-01 9.0909e-02 3.4177e-01 3.2353e-01 3.0645e-01 1.9178e-01 4.9315e-01 9.4595e-02 1.8519e-01 3.2836e-01 5.0000e-01 3.3333e-01 2.2059e-01 9.3750e-02 3.1818e-01 5.7812e-01 3.8272e-01 1.8667e-01 4.7541e-01 2.5974e-01 1.7391e-01 2.4615e-01 8.1081e-02 8.6765e-01 4.2667e-01 7.8125e-02 5.7971e-02 7.0968e-01 1.8571e-01 4.4776e-02 3.8889e-01
2.9231e-01 5.7971e-01 1.5663e-01 1.8750e-01 8.0822e-01 8.7302e-01 5.0725e-01 8.4507e-01 4.4444e-01 5.2703e-01 2.7273e-01 8.5294e-01 6.8831e-01 7.3611e-01 7.1930e-01 2.1505e-01 6.8333e-01 8.0000e-01 7.3529e-01 8.0556e-01 7.7419e-01 1.8072e-01 2.0000e-01 3.1765e-01 6.4474e-01 5.1899e-01 7.0769e-01 3.2927e-01 7.9630e-01 2.0548e-01 2.2034e-01 8.7342e-01 8.6250e-01 7.8788e-01 6.3014e-01 9.1429e-01 8.9231e-01 6.1972e-01 1.9118e-01 6.8421e-01 3.2836e-01 4.3750e-01 5.2632e-01 8.1818e-01 5.5405e-01 4.1096e-01 8.9333e-01 3.5000e-01 3.2099e-01 8.5135e-01
