6.0000e+00 2.3000e+01 7.0000e+00 7.7000e+01 5.0000e+00 5.0000e+00 9.0000e+00 5.0000e+00 5.4130e+03 1.7000e+01 1.7000e+01 1.6000e+01 7.5000e+01 7.2000e+02 6.2000e+01 5.5000e+01 9.3000e+01 4.4000e+01 4.4400e+02 5.4000e+01 8.0000e+00 2.4500e+03 4.4490e+03 5.0560e+03 3.3000e+01 5.1000e+01 1.3000e+01 4.2000e+01 3.0000e+00 3.6120e+03 1.1000e+01 1.0000e+01 3.1940e+03 1.2000e+01 1.2000e+01 8.0000e+00 4.1600e+02 8.4000e+01 2.2000e+01 1.2600e+03 2.1820e+03 1.1000e+01 2.2000e+01 1.0200e+02 2.0000e+01 9.0000e+00 1.4000e+01 1.0000e+01 1.5000e+01 1.0000e+01
5.9000e+01 9.6000e+01 2.7830e+03 2.6000e+01 3.1000e+01 7.5000e+01 2.2000e+01 3.5700e+02 4.1000e+01 3.7600e+02 3.5000e+01 4.0000e+01 2.6000e+01 2.5000e+01 5.7380e+03 3.6000e+01 7.8000e+01 5.3440e+03 3.3910e+03 1.2600e+02 1.1400e+02 2.9060e+03 1.4300e+02 4.3000e+01 3.7800e+02 1.3700e+02 3.6000e+01 7.6000e+01 7.7200e+02 4.7000e+01 5.9000e+01 7.3500e+02 8.2000e+01 6.4000e+01 1.0400e+02 6.5500e+02 4.4000e+01 2.9000e+01 4.6000e+01 4.7000e+01 3.9000e+01 2.6000e+01 5.7050e+03 3.9900e+02 6.8000e+01 6.8000e+01 3.5000e+01 1.9000e+01 3.1000e+01 5.8700e+02
3.4500e+02 5.5000e+01 2.0030e+03 2.0000e+01 9.0000e+00 1.9000e+01 5.1740e+03 3.3000e+01 8.0000e+00 1.1000e+01 5.6790e+03 5.0000e+00 8.0000e+00 1.3000e+01 1.5000e+01 1.1000e+01 1.0000e+01 1.7000e+01 2.0400e+02 1.3400e+02 7.0000e+00 1.2000e+01 5.6000e+01 8.0000e+00 7.5000e+01 3.7000e+01 3.2000e+01 3.5000e+01 8.7400e+02 4.1000e+01 1.3000e+01 4.6020e+03 1.8830e+03 2.0000e+01 7.0000e+00 5.2000e+01 1.4000e+01 8.4000e+01 1.5000e+01 7.9800e+02 1.4000e+01 1.9000e+01 6.0000e+00 3.5000e+01 4.7000e+01 1.4000e+01 1.2000e+01 5.1420e+03 2.4000e+01 3.6000e+02
2.2000e+01 2.0000e+01 1.0000e+01 1.7000e+01 1.1000e+01 6.9000e+01 1.6000e+01 1.0000e+01 1.1000e+01 3.1000e+01 2.8000e+01 6.1000e+01 2.0000e+01 8.2000e+01 1.2000e+01 2.2000e+01 1.1000e+01 6.7000e+01 1.1800e+02 1.5730e+03 5.0400e+02 7.6000e+01 1.3300e+02 1.6400e+02 2.7590e+03 1.3400e+02 2.9500e+02 4.8390e+03 9.4000e+01 5.6000e+01 5.6610e+03 7.9000e+01 6.9000e+01 5.5400e+02 2.8000e+02 5.8000e+01 1.8000e+01 8.0000e+01 5.2460e+03 3.0000e+01 2.5000e+01 1.3400e+02 2.4000e+01 2.0000e+01 2.5900e+02 5.4480e+03 1.0850e+03 1.8000e+01 2.1500e+02 2.7000e+01
6.0000e+01 5.1000e+01 1.2500e+02 3.6000e+01 4.2000e+01 5.3000e+01 3.5000e+01 4.5700e+02 1.2000e+01 3.4000e+01 1.1900e+02 5.4000e+01 4.6580e+03 2.8000e+01 2.0000e+01 8.3000e+01 5.2020e+03 1.4600e+02 2.9200e+02 2.6030e+03 5.0000e+01 7.9000e+01 2.2000e+01 3.8000e+01 5.7000e+01 1.7000e+01 2.8010e+03 2.5800e+02 1.1350e+03 1.6000e+01 3.3000e+01 1.9300e+02 2.9000e+01 1.1000e+01 5.0650e+03 2.1100e+02 4.0800e+02 9.1000e+01 2.1000e+01 1.2000e+01 6.3000e+01 1.6000e+02 1.0000e+01 3.3000e+01 4.9000e+01 2.5000e+01 1.7700e+02 3.2000e+01 4.3100e+02 4.2740e+03
6.0000e+00 8.0000e+01 8.0000e+00 6.5000e+01 2.9000e+01 5.0000e+00 1.4000e+01 1.1000e+01 1.9200e+02 1.2000e+01 1.0000e+01 1.2000e+01 9.0300e+02 1.9000e+02 2.6000e+01 1.0000e+01 3.3000e+01 1.3000e+01 8.5600e+02 1.6000e+01 7.0000e+00 4.8900e+02 5.7600e+02 6.7500e+02 2.1650e+03 2.9000e+01 8.0000e+00 6.0000e+01 9.0000e+00 1.0000e+01 1.3000e+01 8.0000e+00 3.6000e+01 9.0000e+00 4.0000e+00 5.0000e+00 4.8300e+02 5.4000e+03 6.6000e+01 3.6350e+03 2.8990e+03 5.4420e+03 1.3000e+01 4.7000e+01 5.1410e+03 1.0000e+01 2.4000e+01 1.2000e+01 2.8000e+01 1.1000e+01
5.0580e+03 1.0000e+01 1.5600e+02 1.1100e+02 4.9750e+03 1.2000e+01 5.6300e+02 4.9120e+03 1.1000e+01 4.9810e+03 1.7000e+01 5.0000e+00 2.1000e+01 1.3000e+01 9.0000e+00 5.4950e+03 2.0200e+02 1.2000e+01 1.4000e+01 1.0500e+02 1.9000e+01 8.0000e+00 3.3000e+01 1.1000e+01 3.6200e+02 1.5000e+01 5.0000e+00 1.5400e+02 5.9000e+01 4.1000e+01 9.0000e+00 9.9000e+01 1.8000e+01 5.0000e+00 5.0000e+00 5.9300e+02 2.0000e+01 8.0000e+00 4.5000e+01 4.7000e+01 4.5100e+02 2.3000e+01 1.2300e+02 7.0000e+00 1.0000e+01 1.2000e+01 1.8000e+01 5.8000e+02 5.1200e+02 9.0000e+00
2.5000e+01 6.1000e+01 5.7000e+01 2.6000e+01 8.6800e+02 2.5000e+01 5.2000e+01 8.8000e+01 1.7900e+02 1.6900e+02 6.0000e+01 1.2090e+03 1.3000e+01 4.8420e+03 1.3000e+02 1.2800e+02 4.4000e+01 7.9000e+01 1.8000e+01 5.2200e+02 7.1100e+02 4.9000e+01 2.1000e+01 2.6000e+01 3.2000e+01 3.2000e+01 7.2900e+02 1.5700e+02 3.0470e+03 1.7000e+01 4.7000e+01 4.7000e+01 4.3600e+02 5.2790e+03 3.3400e+02 4.3830e+03 1.0000e+01 2.8000e+01 1.8400e+02 1.7000e+01 1.0200e+02 1.3000e+01 1.0000e+01 2.0000e+01 3.2000e+01 1.5100e+02 3.0600e+02 2.4000e+01 4.4780e+03 3.3400e+02
3.5000e+01 5.4750e+03 5.1000e+01 5.5940e+03 1.0400e+02 1.3900e+02 7.3000e+01 3.8000e+01 5.7000e+01 4.0000e+01 3.0000e+01 1.6000e+01 3.2600e+02 1.6600e+02 7.5000e+01 6.6000e+01 6.5000e+01 1.9000e+01 4.3800e+02 3.1400e+02 9.0000e+00 2.3000e+01 3.7800e+02 3.0000e+01 7.3000e+01 7.0000e+01 1.1000e+01 1.3700e+02 8.2000e+01 1.6310e+03 8.0000e+00 7.4000e+01 1.8900e+02 9.0000e+00 1.2000e+01 5.7000e+01 4.5230e+03 5.1000e+01 1.3000e+01 4.8000e+01 9.4000e+01 5.7000e+01 1.4000e+01 5.2850e+03 1.1100e+02 9.6000e+01 4.2670e+03 2.6000e+01 9.1000e+01 1.8000e+01
3.1800e+02 1.3000e+01 6.8300e+02 1.4000e+01 2.1000e+01 5.6580e+03 2.2000e+01 3.0000e+01 1.3000e+01 4.4700e+02 1.0300e+02 4.6790e+03 2.4000e+01 1.0800e+02 1.2000e+01 5.8000e+01 2.8500e+02 2.4100e+02 2.3400e+02 5.8600e+02 4.6440e+03 2.0000e+01 6.2000e+01 1.1000e+01 5.2000e+01 5.4140e+03 2.0570e+03 1.9300e+02 4.3000e+01 3.9500e+02 8.0000e+01 1.3500e+02 1.5000e+01 5.1000e+01 4.8000e+01 1.4000e+01 1.4000e+01 1.1200e+02 4.4700e+02 1.6000e+01 2.2500e+02 1.0100e+02 3.9000e+01 4.4000e+01 2.2600e+02 9.1000e+01 1.9000e+02 2.1300e+02 9.5000e+01 2.5300e+02
