5.0000e-01 5.2174e-01 8.5714e-01 7.4026e-01 0.0000e+00 0.0000e+00 3.3333e-01 0.0000e+00 9.8208e-01 1.0000e+00 7.0588e-01 1.0000e+00 6.9333e-01 8.9861e-01 6.9355e-01 4.7273e-01 7.3118e-01 4.0909e-01 6.8243e-01 4.0741e-01 7.5000e-01 9.6776e-01 9.5257e-01 9.9446e-01 5.4545e-01 9.0196e-01 5.3846e-01 4.7619e-01 6.6667e-01 8.7569e-01 8.1818e-01 5.0000e-01 8.9230e-01 1.0000e+00 5.8333e-01 5.0000e-01 8.6538e-01 7.0238e-01 4.5455e-01 9.1746e-01 9.2713e-01 1.8182e-01 1.0000e+00 9.8039e-01 4.0000e-01 2.2222e-01 2.1429e-01 3.0000e-01 2.6667e-01 6.0000e-01
2.5424e-01 2.9167e-01 5.3503e-01 7.6923e-02 9.6774e-02 2.9333e-01 4.5455e-02 4.4818e-01 1.4634e-01 4.2287e-01 1.4286e-01 2.0000e-01 3.8462e-02 4.0000e-02 5.4130e-01 2.7778e-02 2.5641e-01 3.9708e-01 3.9516e-01 1.9048e-01 3.5965e-01 5.0069e-01 3.2867e-01 1.6279e-01 4.1005e-01 3.7956e-01 1.9444e-01 1.8421e-01 4.9093e-01 1.2766e-01 2.8814e-01 5.0340e-01 2.3171e-01 2.9688e-01 3.6538e-01 4.7634e-01 1.5909e-01 6.8966e-02 1.7391e-01 1.7021e-01 1.2821e-01 3.8462e-02 5.7546e-01 4.2607e-01 2.3529e-01 2.6471e-01 5.7143e-02 0.0000e+00 6.4516e-02 4.7871e-01
8.6087e-01 6.0000e-01 9.9551e-01 4.0000e-01 1.1111e-01 4.2105e-01 1.0000e+00 5.4545e-01 0.0000e+00 1.8182e-01 9.4524e-01 0.0000e+00 0.0000e+00 2.3077e-01 3.3333e-01 0.0000e+00 1.0000e-01 1.1765e-01 5.7353e-01 4.9254e-01 1.4286e-01 1.6667e-01 5.8929e-01 0.0000e+00 6.2667e-01 5.6757e-01 5.9375e-01 3.7143e-01 9.1190e-01 4.6341e-01 3.8462e-01 1.0000e+00 8.1944e-01 5.0000e-01 1.4286e-01 6.3462e-01 2.1429e-01 6.4286e-01 2.6667e-01 8.3709e-01 2.1429e-01 3.1579e-01 0.0000e+00 5.1429e-01 5.5319e-01 2.8571e-01 8.3333e-02 9.8347e-01 3.7500e-01 9.0556e-01
2.7273e-01 2.0000e-01 0.0000e+00 1.7647e-01 0.0000e+00 5.2174e-01 1.8750e-01 0.0000e+00 0.0000e+00 3.2258e-01 3.2143e-01 5.2459e-01 2.0000e-01 4.8780e-01 8.3333e-02 9.0909e-02 0.0000e+00 2.9851e-01 3.8983e-01 5.2575e-01 7.3611e-01 4.8684e-01 5.4887e-01 5.7927e-01 7.2019e-01 6.2687e-01 7.3559e-01 6.3588e-01 5.6383e-01 3.7500e-01 8.4702e-01 5.4430e-01 4.2029e-01 7.6173e-01 7.2143e-01 4.8276e-01 1.6667e-01 4.7500e-01 7.3904e-01 3.0000e-01 2.4000e-01 5.4478e-01 3.3333e-01 2.0000e-01 6.1004e-01 7.7533e-01 6.1475e-01 2.2222e-01 5.6744e-01 3.3333e-01
5.6667e-01 4.9020e-01 6.7200e-01 4.4444e-01 4.5238e-01 5.4717e-01 4.5714e-01 7.7681e-01 8.3333e-02 4.1176e-01 6.4706e-01 5.7407e-01 7.9648e-01 3.5714e-01 3.0000e-01 4.0964e-01 8.0431e-01 4.5205e-01 5.2740e-01 5.8970e-01 5.6000e-01 5.5696e-01 2.7273e-01 4.2105e-01 4.9123e-01 2.9412e-01 9.0932e-01 5.6977e-01 8.2026e-01 1.2500e-01 5.1515e-01 7.1503e-01 3.1034e-01 1.8182e-01 9.0958e-01 7.1090e-01 7.0588e-01 5.6044e-01 2.8571e-01 8.3333e-02 5.0794e-01 6.2500e-01 1.0000e-01 3.9394e-01 4.6939e-01 3.6000e-01 5.5932e-01 4.3750e-01 6.7981e-01 8.5891e-01
1.0000e+00 1.0000e+00 1.0000e+00 9.2308e-01 9.3103e-01 0.0000e+00 7.1429e-01 1.0000e+00 8.2292e-01 1.0000e+00 8.0000e-01 9.1667e-01 9.7010e-01 8.5789e-01 5.3846e-01 0.0000e+00 7.5758e-01 7.6923e-02 7.2547e-01 1.2500e-01 8.5714e-01 9.8978e-01 1.0000e+00 9.8222e-01 1.0000e+00 7.5862e-01 1.0000e+00 5.5000e-01 8.8889e-01 1.0000e-01 1.0000e+00 8.7500e-01 5.2778e-01 7.7778e-01 1.0000e+00 1.0000e+00 9.1304e-01 9.5907e-01 9.6970e-01 9.9257e-01 9.4515e-01 9.5957e-01 9.2308e-01 1.0000e+00 9.8658e-01 4.0000e-01 3.7500e-01 8.3333e-01 4.6429e-01 6.3636e-01
9.7529e-01 1.0000e-01 7.9487e-01 7.3874e-01 9.2101e-01 2.5000e-01 9.7691e-01 9.6559e-01 1.8182e-01 9.1528e-01 3.5294e-01 0.0000e+00 3.8095e-01 2.3077e-01 1.1111e-01 7.3849e-01 7.5248e-01 0.0000e+00 7.1429e-02 4.6667e-01 9.4737e-01 0.0000e+00 4.8485e-01 1.8182e-01 7.9558e-01 3.3333e-01 0.0000e+00 6.1039e-01 6.6102e-01 4.6341e-01 2.2222e-01 7.4747e-01 2.7778e-01 0.0000e+00 0.0000e+00 8.8027e-01 3.5000e-01 0.0000e+00 5.5556e-01 5.5319e-01 8.0266e-01 3.9130e-01 9.4309e-01 0.0000e+00 1.0000e-01 2.5000e-01 2.2222e-01 9.7414e-01 7.8125e-01 1.1111e-01
3.6000e-01 4.9180e-01 5.2632e-01 3.4615e-01 7.4309e-01 3.6000e-01 5.1923e-01 5.9091e-01 6.2570e-01 6.2722e-01 5.1667e-01 8.1803e-01 7.6923e-02 7.7323e-01 6.3077e-01 4.4531e-01 4.3182e-01 3.5443e-01 5.5556e-02 5.0766e-01 7.9325e-01 4.4898e-01 2.3810e-01 3.0769e-01 3.4375e-01 4.3750e-01 8.3265e-01 5.0318e-01 8.2146e-01 1.1765e-01 5.5319e-01 4.8936e-01 6.4220e-01 8.7725e-01 7.7545e-01 8.1839e-01 0.0000e+00 3.2143e-01 6.2500e-01 1.7647e-01 5.4902e-01 7.6923e-02 1.0000e-01 2.5000e-01 3.4375e-01 6.4238e-01 5.8170e-01 3.3333e-01 7.3962e-01 7.3054e-01
5.7143e-01 9.0995e-01 6.4706e-01 9.5084e-01 7.0192e-01 9.0647e-01 6.9863e-01 5.7895e-01 5.9649e-01 5.5000e-01 5.0000e-01 6.8750e-01 7.8834e-01 7.3494e-01 6.9333e-01 4.5455e-01 6.1538e-01 1.5789e-01 6.3242e-01 5.7006e-01 6.6667e-01 3.9130e-01 7.9894e-01 4.6667e-01 6.3014e-01 7.0000e-01 8.1818e-01 5.9854e-01 8.7805e-01 7.9767e-01 7.5000e-01 7.0270e-01 6.9312e-01 8.8889e-01 8.3333e-01 6.4912e-01 8.9144e-01 5.6863e-01 2.3077e-01 5.6250e-01 6.5957e-01 5.7895e-01 4.2857e-01 9.1485e-01 6.8468e-01 7.1875e-01 8.0080e-01 5.0000e-01 6.2637e-01 7.2222e-01
6.8868e-01 7.6923e-02 7.3499e-01 1.4286e-01 2.3810e-01 8.0505e-01 2.7273e-01 3.6667e-01 7.6923e-02 6.6890e-01 5.6311e-01 8.1812e-01 2.5000e-01 5.2778e-01 8.3333e-02 3.1034e-01 6.2807e-01 4.5228e-01 4.7009e-01 4.8805e-01 8.1761e-01 2.0000e-01 4.5161e-01 0.0000e+00 4.2308e-01 8.1696e-01 8.3277e-01 4.9223e-01 4.4186e-01 5.8734e-01 6.0000e-01 6.1481e-01 6.6667e-02 5.0980e-01 5.0000e-01 1.4286e-01 7.1429e-02 5.2679e-01 6.5772e-01 1.2500e-01 5.9556e-01 5.1485e-01 4.6154e-01 4.0909e-01 6.0177e-01 5.4945e-01 5.1053e-01 6.5728e-01 4.8421e-01 6.7194e-01
