3.0000e+00 1.2000e+01 6.0000e+00 5.7000e+01 0.0000e+00 0.0000e+00 3.0000e+00 0.0000e+00 5.3160e+03 1.7000e+01 1.2000e+01 1.6000e+01 5.2000e+01 6.4700e+02 4.3000e+01 2.6000e+01 6.8000e+01 1.8000e+01 3.0300e+02 2.2000e+01 6.0000e+00 2.3710e+03 4.2380e+03 5.0280e+03 1.8000e+01 4.6000e+01 7.0000e+00 2.0000e+01 2.0000e+00 3.1630e+03 9.0000e+00 5.0000e+00 2.8500e+03 1.2000e+01 7.0000e+00 4.0000e+00 3.6000e+02 5.9000e+01 1.0000e+01 1.1560e+03 2.0230e+03 2.0000e+00 2.2000e+01 1.0000e+02 8.0000e+00 2.0000e+00 3.0000e+00 3.0000e+00 4.0000e+00 6.0000e+00
1.5000e+01 2.8000e+01 1.4890e+03 2.0000e+00 3.0000e+00 2.2000e+01 1.0000e+00 1.6000e+02 6.0000e+00 1.5900e+02 5.0000e+00 8.0000e+00 1.0000e+00 1.0000e+00 3.1060e+03 1.0000e+00 2.0000e+01 2.1220e+03 1.3400e+03 2.4000e+01 4.1000e+01 1.4550e+03 4.7000e+01 7.0000e+00 1.5500e+02 5.2000e+01 7.0000e+00 1.4000e+01 3.7900e+02 6.0000e+00 1.7000e+01 3.7000e+02 1.9000e+01 1.9000e+01 3.8000e+01 3.1200e+02 7.0000e+00 2.0000e+00 8.0000e+00 8.0000e+00 5.0000e+00 1.0000e+00 3.2830e+03 1.7000e+02 1.6000e+01 1.8000e+01 2.0000e+00 0.0000e+00 2.0000e+00 2.8100e+02
2.9700e+02 3.3000e+01 1.9940e+03 8.0000e+00 1.0000e+00 8.0000e+00 5.1740e+03 1.8000e+01 0.0000e+00 2.0000e+00 5.3680e+03 0.0000e+00 0.0000e+00 3.0000e+00 5.0000e+00 0.0000e+00 1.0000e+00 2.0000e+00 1.1700e+02 6.6000e+01 1.0000e+00 2.0000e+00 3.3000e+01 0.0000e+00 4.7000e+01 2.1000e+01 1.9000e+01 1.3000e+01 7.9700e+02 1.9000e+01 5.0000e+00 4.6020e+03 1.5430e+03 1.0000e+01 1.0000e+00 3.3000e+01 3.0000e+00 5.4000e+01 4.0000e+00 6.6800e+02 3.0000e+00 6.0000e+00 0.0000e+00 1.8000e+01 2.6000e+01 4.0000e+00 1.0000e+00 5.0570e+03 9.0000e+00 3.2600e+02
6.0000e+00 4.0000e+00 0.0000e+00 3.0000e+00 0.0000e+00 3.6000e+01 3.0000e+00 0.0000e+00 0.0000e+00 1.0000e+01 9.0000e+00 3.2000e+01 4.0000e+00 4.0000e+01 1.0000e+00 2.0000e+00 0.0000e+00 2.0000e+01 4.6000e+01 8.2700e+02 3.7100e+02 3.7000e+01 7.3000e+01 9.5000e+01 1.9870e+03 8.4000e+01 2.1700e+02 3.0770e+03 5.3000e+01 2.1000e+01 4.7950e+03 4.3000e+01 2.9000e+01 4.2200e+02 2.0200e+02 2.8000e+01 3.0000e+00 3.8000e+01 3.8770e+03 9.0000e+00 6.0000e+00 7.3000e+01 8.0000e+00 4.0000e+00 1.5800e+02 4.2240e+03 6.6700e+02 4.0000e+00 1.2200e+02 9.0000e+00
3.4000e+01 2.5000e+01 8.4000e+01 1.6000e+01 1.9000e+01 2.9000e+01 1.6000e+01 3.5500e+02 1.0000e+00 1.4000e+01 7.7000e+01 3.1000e+01 3.7100e+03 1.0000e+01 6.0000e+00 3.4000e+01 4.1840e+03 6.6000e+01 1.5400e+02 1.5350e+03 2.8000e+01 4.4000e+01 6.0000e+00 1.6000e+01 2.8000e+01 5.0000e+00 2.5470e+03 1.4700e+02 9.3100e+02 2.0000e+00 1.7000e+01 1.3800e+02 9.0000e+00 2.0000e+00 4.6070e+03 1.5000e+02 2.8800e+02 5.1000e+01 6.0000e+00 1.0000e+00 3.2000e+01 1.0000e+02 1.0000e+00 1.3000e+01 2.3000e+01 9.0000e+00 9.9000e+01 1.4000e+01 2.9300e+02 3.6710e+03
6.0000e+00 8.0000e+01 8.0000e+00 6.0000e+01 2.7000e+01 0.0000e+00 1.0000e+01 1.1000e+01 1.5800e+02 1.2000e+01 8.0000e+00 1.1000e+01 8.7600e+02 1.6300e+02 1.4000e+01 0.0000e+00 2.5000e+01 1.0000e+00 6.2100e+02 2.0000e+00 6.0000e+00 4.8400e+02 5.7600e+02 6.6300e+02 2.1650e+03 2.2000e+01 8.0000e+00 3.3000e+01 8.0000e+00 1.0000e+00 1.3000e+01 7.0000e+00 1.9000e+01 7.0000e+00 4.0000e+00 5.0000e+00 4.4100e+02 5.1790e+03 6.4000e+01 3.6080e+03 2.7400e+03 5.2220e+03 1.2000e+01 4.7000e+01 5.0720e+03 4.0000e+00 9.0000e+00 1.0000e+01 1.3000e+01 7.0000e+00
4.9330e+03 1.0000e+00 1.2400e+02 8.2000e+01 4.5820e+03 3.0000e+00 5.5000e+02 4.7430e+03 2.0000e+00 4.5590e+03 6.0000e+00 0.0000e+00 8.0000e+00 3.0000e+00 1.0000e+00 4.0580e+03 1.5200e+02 0.0000e+00 1.0000e+00 4.9000e+01 1.8000e+01 0.0000e+00 1.6000e+01 2.0000e+00 2.8800e+02 5.0000e+00 0.0000e+00 9.4000e+01 3.9000e+01 1.9000e+01 2.0000e+00 7.4000e+01 5.0000e+00 0.0000e+00 0.0000e+00 5.2200e+02 7.0000e+00 0.0000e+00 2.5000e+01 2.6000e+01 3.6200e+02 9.0000e+00 1.1600e+02 0.0000e+00 1.0000e+00 3.0000e+00 4.0000e+00 5.6500e+02 4.0000e+02 1.0000e+00
9.0000e+00 3.0000e+01 3.0000e+01 9.0000e+00 6.4500e+02 9.0000e+00 2.7000e+01 5.2000e+01 1.1200e+02 1.0600e+02 3.1000e+01 9.8900e+02 1.0000e+00 3.7440e+03 8.2000e+01 5.7000e+01 1.9000e+01 2.8000e+01 1.0000e+00 2.6500e+02 5.6400e+02 2.2000e+01 5.0000e+00 8.0000e+00 1.1000e+01 1.4000e+01 6.0700e+02 7.9000e+01 2.5030e+03 2.0000e+00 2.6000e+01 2.3000e+01 2.8000e+02 4.6310e+03 2.5900e+02 3.5870e+03 0.0000e+00 9.0000e+00 1.1500e+02 3.0000e+00 5.6000e+01 1.0000e+00 1.0000e+00 5.0000e+00 1.1000e+01 9.7000e+01 1.7800e+02 8.0000e+00 3.3120e+03 2.4400e+02
2.0000e+01 4.9820e+03 3.3000e+01 5.3190e+03 7.3000e+01 1.2600e+02 5.1000e+01 2.2000e+01 3.4000e+01 2.2000e+01 1.5000e+01 1.1000e+01 2.5700e+02 1.2200e+02 5.2000e+01 3.0000e+01 4.0000e+01 3.0000e+00 2.7700e+02 1.7900e+02 6.0000e+00 9.0000e+00 3.0200e+02 1.4000e+01 4.6000e+01 4.9000e+01 9.0000e+00 8.2000e+01 7.2000e+01 1.3010e+03 6.0000e+00 5.2000e+01 1.3100e+02 8.0000e+00 1.0000e+01 3.7000e+01 4.0320e+03 2.9000e+01 3.0000e+00 2.7000e+01 6.2000e+01 3.3000e+01 6.0000e+00 4.8350e+03 7.6000e+01 6.9000e+01 3.4170e+03 1.3000e+01 5.7000e+01 1.3000e+01
2.1900e+02 1.0000e+00 5.0200e+02 2.0000e+00 5.0000e+00 4.5550e+03 6.0000e+00 1.1000e+01 1.0000e+00 2.9900e+02 5.8000e+01 3.8280e+03 6.0000e+00 5.7000e+01 1.0000e+00 1.8000e+01 1.7900e+02 1.0900e+02 1.1000e+02 2.8600e+02 3.7970e+03 4.0000e+00 2.8000e+01 0.0000e+00 2.2000e+01 4.4230e+03 1.7130e+03 9.5000e+01 1.9000e+01 2.3200e+02 4.8000e+01 8.3000e+01 1.0000e+00 2.6000e+01 2.4000e+01 2.0000e+00 1.0000e+00 5.9000e+01 2.9400e+02 2.0000e+00 1.3400e+02 5.2000e+01 1.8000e+01 1.8000e+01 1.3600e+02 5.0000e+01 9.7000e+01 1.4000e+02 4.6000e+01 1.7000e+02
