8.7013e-01 0.0000e+00 1.4286e-01 7.4444e-01 4.3590e-01 4.5455e-01 4.4444e-01 2.3077e-01 9.0652e-01 9.7173e-01
2.7273e-01 5.0000e-01 0.0000e+00 9.9700e-01 5.2459e-01 3.8889e-01 6.5217e-01 1.0000e-01 2.5000e-01 9.6888e-01
9.7830e-01 4.2857e-01 0.0000e+00 6.5455e-01 7.9386e-01 5.3125e-01 9.7544e-01 7.8253e-01 4.6429e-01 4.7826e-01
4.2857e-01 8.5714e-01 8.2759e-01 6.6667e-01 6.0606e-01 9.7795e-01 0.0000e+00 5.1429e-01 4.8000e-01 6.6667e-01
0.0000e+00 2.3077e-01 8.8112e-01 6.6467e-01 3.3333e-01 1.5385e-01 0.0000e+00 5.5814e-01 2.2222e-01 4.4444e-01
4.5000e-01 3.6364e-01 0.0000e+00 2.8571e-01 2.7273e-01 1.8182e-01 9.6317e-01 7.4931e-01 3.1250e-01 5.9524e-01
8.2754e-01 2.9412e-01 2.1429e-01 4.0625e-01 5.9125e-01 5.0000e-01 4.1935e-01 7.6923e-02 3.6364e-01 5.8511e-01
5.5556e-01 9.7463e-01 9.5393e-01 4.0909e-01 0.0000e+00 3.6842e-01 5.4286e-01 8.2572e-01 2.9412e-01 0.0000e+00
9.0909e-02 3.9286e-01 0.0000e+00 7.6434e-01 3.9759e-01 0.0000e+00 4.2105e-01 5.5502e-01 7.2576e-01 3.5484e-01
0.0000e+00 9.9551e-01 1.2500e-01 0.0000e+00 0.0000e+00 4.8387e-01 1.8182e-01 4.7727e-01 3.6364e-01 5.9184e-01
