2.0100e+02 0.0000e+00 1.0000e+00 6.7000e+01 1.7000e+01 1.0000e+01 8.0000e+00 3.0000e+00 3.9080e+03 5.2250e+03
3.0000e+00 1.0000e+01 0.0000e+00 5.3240e+03 3.2000e+01 7.0000e+00 3.0000e+01 1.0000e+00 3.0000e+00 4.0470e+03
5.8600e+02 6.0000e+00 0.0000e+00 3.6000e+01 7.2900e+03 1.7000e+01 8.3400e+02 4.2100e+02 1.3000e+01 1.1000e+01
3.0000e+00 1.2000e+01 2.4000e+01 6.0000e+00 6.0000e+01 9.5360e+03 0.0000e+00 1.8000e+01 1.2000e+01 2.0000e+00
0.0000e+00 3.0000e+00 7.8420e+03 1.1100e+02 1.4000e+01 2.0000e+00 0.0000e+00 7.2000e+01 4.0000e+00 1.6000e+01
9.0000e+00 4.0000e+00 0.0000e+00 4.0000e+00 6.0000e+00 2.0000e+00 8.8660e+03 2.7200e+02 5.0000e+00 2.5000e+01
7.4710e+03 5.0000e+00 3.0000e+00 1.3000e+01 3.1100e+02 2.9000e+01 1.3000e+01 1.0000e+00 1.2000e+01 5.5000e+01
2.0000e+01 8.4500e+02 9.9400e+02 9.0000e+00 0.0000e+00 7.0000e+00 1.9000e+01 7.0360e+03 5.0000e+00 0.0000e+00
1.0000e+00 1.1000e+01 0.0000e+00 3.3440e+03 3.3000e+01 0.0000e+00 1.6000e+01 1.1600e+02 4.0120e+03 1.1000e+01
0.0000e+00 8.8650e+03 1.0000e+00 0.0000e+00 0.0000e+00 1.5000e+01 2.0000e+00 2.1000e+01 8.0000e+00 2.9000e+01
