3.8000e-01 8.3333e-02 3.2710e-01 2.2222e-01 1.9048e-01 6.4286e-01 8.9754e-01 2.7941e-01 1.8750e-01 2.1212e-01 4.6341e-01 1.2903e-01 1.5000e-01 2.1818e-01 2.7273e-01 5.5000e-01 3.1034e-01 1.8750e-01 4.3478e-02 1.7073e-01 1.4286e-01 2.7273e-01 4.5455e-02 2.5581e-01 1.1111e-01 2.7273e-01 3.9535e-01 0.0000e+00 4.2000e-01 5.5932e-01 2.0000e-01 2.8571e-01 2.5806e-01 2.6087e-01 3.9286e-01 5.1003e-01 1.2121e-01 5.5844e-01 9.1812e-01 4.0909e-01 1.9048e-01 1.2903e-01 6.3235e-01 1.6667e-01 3.6667e-01 2.5926e-01 5.0842e-01 3.6667e-01 0.0000e+00 2.0000e-01
2.9412e-01 0.0000e+00 0.0000e+00 4.7222e-01 4.8485e-01 7.1739e-01 0.0000e+00 2.0833e-01 3.3962e-01 4.5833e-01 3.5000e-01 5.5941e-01 1.0526e-01 1.0526e-01 2.7778e-01 5.4545e-01 6.0717e-01 2.4242e-01 6.2500e-02 1.7391e-01 7.1520e-01 4.3333e-01 1.5000e-01 2.8000e-01 2.5926e-01 3.2353e-01 2.8571e-01 2.1429e-01 3.5294e-01 7.5000e-01 1.1111e-01 9.0366e-01 3.8182e-01 0.0000e+00 1.0000e+00 1.7647e-01 1.9231e-01 6.6667e-01 1.0000e+00 0.0000e+00 1.1111e-01 0.0000e+00 1.0000e+00 5.5285e-01 8.7500e-01 0.0000e+00 7.1429e-02 2.0000e-01 0.0000e+00 0.0000e+00
2.5000e-01 0.0000e+00 0.0000e+00 1.1538e-01 2.0588e-01 5.0000e-01 4.0000e-01 0.0000e+00 3.1250e-02 1.2500e-01 2.1622e-01 0.0000e+00 3.1250e-02 9.3023e-02 5.0000e-02 4.2029e-01 5.4054e-02 2.3077e-01 1.7460e-01 1.1111e-01 2.9412e-01 4.6429e-01 3.4483e-02 3.1193e-01 1.7857e-01 2.7368e-01 0.0000e+00 1.0638e-01 2.0000e-01 7.2040e-01 2.1519e-01 2.5000e-01 6.0606e-02 1.0526e-01 1.1765e-01 2.2414e-01 0.0000e+00 5.4726e-01 5.8763e-01 2.2222e-01 6.0606e-02 3.4483e-02 6.2037e-01 3.3974e-01 1.5000e-01 2.3684e-01 1.5217e-01 1.1111e-01 1.4634e-01 8.6957e-02
3.1183e-01 2.9412e-02 8.1633e-02 0.0000e+00 1.6216e-01 5.0000e-02 6.3121e-01 0.0000e+00 1.2121e-01 0.0000e+00 1.2500e-01 2.8837e-01 2.5641e-02 2.2143e-01 1.3889e-01 1.9355e-01 4.5455e-02 2.5641e-02 9.4340e-02 1.7582e-01 5.8824e-02 1.0000e-01 4.0098e-01 1.1628e-01 7.1429e-02 7.6923e-02 1.9737e-01 0.0000e+00 0.0000e+00 5.9944e-01 6.8182e-02 4.5455e-02 0.0000e+00 5.0000e-02 4.5985e-01 1.6364e-01 4.7619e-02 0.0000e+00 2.2727e-01 4.1071e-01 0.0000e+00 0.0000e+00 4.3373e-01 0.0000e+00 0.0000e+00 3.3333e-01 7.5000e-02 2.0000e-01 0.0000e+00 1.2121e-01
2.0000e-01 1.6129e-01 1.0714e-01 7.1429e-02 3.5135e-01 8.3333e-02 1.0000e+00 2.0513e-01 2.7778e-01 1.6667e-01 2.2727e-01 1.7647e-01 1.2500e-01 1.4706e-01 3.1429e-01 5.1852e-01 4.1667e-02 4.3478e-02 1.2903e-01 4.5455e-02 9.5238e-02 1.1765e-01 2.1429e-01 0.0000e+00 8.6957e-02 1.4815e-01 9.0909e-02 2.5397e-01 7.6966e-01 5.3333e-01 4.7619e-02 1.3333e-01 2.0000e-01 8.3333e-02 1.6667e-01 1.0000e-01 4.3478e-02 2.3529e-01 1.0000e+00 0.0000e+00 1.3333e-01 2.5490e-01 5.8163e-01 1.5385e-01 2.3529e-01 7.6923e-02 2.3810e-01 2.9412e-01 1.9355e-01 2.5926e-01
5.5556e-02 6.6667e-02 8.3333e-02 9.0909e-02 3.2075e-01 6.6667e-02 1.5385e-01 1.6327e-01 2.2093e-01 1.2903e-01 2.5641e-01 1.2500e-01 1.1364e-01 0.0000e+00 1.2500e-01 3.6364e-01 0.0000e+00 5.8824e-02 1.0256e-01 1.0000e-01 7.4074e-02 1.2500e-01 1.5217e-01 1.7500e-01 9.0909e-02 1.1765e-01 0.0000e+00 9.7561e-02 0.0000e+00 0.0000e+00 2.0000e-01 1.6667e-01 1.0526e-01 0.0000e+00 1.6667e-01 2.8378e-01 8.1081e-02 1.2500e-01 7.4366e-01 8.2544e-01 6.4516e-02 6.6667e-02 4.2667e-01 2.1154e-01 5.1181e-01 2.1875e-01 3.3766e-01 0.0000e+00 0.0000e+00 0.0000e+00
5.0965e-01 5.2632e-02 1.1667e-01 1.2121e-01 4.5455e-02 3.5870e-01 1.9048e-01 0.0000e+00 4.6512e-02 0.0000e+00 3.1915e-01 0.0000e+00 4.6512e-02 1.3043e-01 0.0000e+00 0.0000e+00 0.0000e+00 0.0000e+00 2.7027e-02 6.5217e-02 3.2258e-02 0.0000e+00 1.3115e-01 3.3333e-02 0.0000e+00 3.1250e-02 0.0000e+00 6.3830e-02 4.7619e-02 3.2653e-01 5.0000e-02 0.0000e+00 0.0000e+00 1.4286e-01 0.0000e+00 6.0606e-02 0.0000e+00 2.2857e-01 0.0000e+00 1.5789e-01 2.7778e-02 0.0000e+00 9.0909e-02 0.0000e+00 0.0000e+00 5.4784e-01 1.4754e-01 9.3750e-02 3.2258e-02 1.2121e-01
4.3478e-02 2.9412e-02 4.8780e-02 4.1667e-02 1.2903e-01 3.0000e-01 1.9048e-01 6.9767e-02 2.5641e-02 8.5714e-02 2.2000e-01 8.6957e-02 1.1940e-01 4.7619e-02 4.1667e-02 2.7660e-01 4.5455e-02 1.9091e-01 6.6667e-02 6.5217e-02 5.8824e-02 1.9149e-01 1.3115e-01 6.0606e-02 2.9412e-02 0.0000e+00 0.0000e+00 6.3830e-02 8.3333e-02 2.5714e-01 8.3333e-02 1.6667e-01 6.8182e-02 8.6957e-02 0.0000e+00 6.0606e-02 0.0000e+00 2.5641e-01 4.5455e-01 7.1429e-02 0.0000e+00 0.0000e+00 9.0909e-02 1.6393e-01 5.2632e-02 0.0000e+00 1.0417e-01 9.3750e-02 3.2258e-02 0.0000e+00
1.0345e-01 2.4427e-01 4.8780e-02 4.1667e-02 1.2903e-01 8.6957e-02 5.8772e-01 1.3333e-01 1.2857e-01 1.0526e-01 4.3478e-02 0.0000e+00 2.5641e-02 1.1290e-01 1.0000e-01 4.3885e-01 1.7925e-01 7.8431e-02 1.4865e-01 4.7619e-02 7.8947e-02 2.1154e-01 0.0000e+00 2.0548e-01 1.8519e-01 1.9231e-01 3.2258e-02 2.2222e-01 1.7143e-01 1.0526e-01 1.8947e-01 2.8125e-01 1.2903e-01 1.8182e-01 2.5000e-01 2.8358e-01 0.0000e+00 2.5641e-01 7.1429e-02 7.1429e-02 2.7778e-02 1.5714e-01 5.2632e-02 1.4815e-01 5.1942e-01 4.5455e-02 1.7143e-01 2.1053e-01 7.8947e-02 1.8182e-01
1.2500e-01 1.4516e-01 6.6667e-02 7.4074e-02 5.3580e-01 2.3810e-01 3.6364e-01 2.7419e-01 1.3699e-01 6.4516e-02 2.7778e-01 1.3333e-01 2.1831e-01 8.0000e-02 1.0000e-01 4.0000e-01 1.0000e-01 7.8431e-02 1.1667e-01 3.2250e-01 1.7460e-01 2.9070e-01 1.3115e-01 2.2353e-01 5.2632e-02 2.5781e-01 2.5806e-01 6.3830e-02 2.9851e-01 1.4286e-01 2.7778e-02 2.2917e-01 1.9149e-01 1.9444e-01 2.9545e-01 3.1492e-01 2.6316e-02 4.0777e-01 5.6790e-01 0.0000e+00 8.5106e-02 1.5714e-01 9.0909e-02 9.7561e-02 1.7241e-01 1.5152e-01 2.1277e-01 2.1667e-01 5.8824e-02 3.2773e-01
1.0000e+00 1.5385e-01 1.4286e-01 1.0000e+00 2.8571e-01 7.5000e-01 8.0000e-01 9.0909e-02 3.9474e-01 3.1250e-01 2.5000e-01 3.3333e-01 0.0000e+00 2.9167e-01 1.0000e+00 1.0000e+00 1.3333e-01 4.2222e-01 5.8772e-01 1.8750e-01 6.5657e-01 8.1731e-01 5.5128e-01 8.8307e-01 5.6338e-01 2.5000e-01 7.1296e-01 4.0476e-01 0.0000e+00 2.8571e-01 7.3443e-01 8.0000e-01 2.6316e-01 6.6667e-01 5.0000e-01 7.1942e-01 2.1053e-01 2.8571e-01 1.0000e+00 1.0000e+00 8.3333e-02 8.0643e-01 7.5000e-01 6.3529e-01 8.0000e-01 6.6667e-01 4.2424e-01 7.5000e-01 4.8649e-01 0.0000e+00
1.3793e-01 3.3333e-02 1.2000e-01 1.1111e-01 2.0000e-01 6.1760e-01 5.0000e-01 5.8824e-02 0.0000e+00 4.1667e-02 2.1053e-01 2.4762e-01 1.1321e-01 0.0000e+00 2.4490e-01 6.4061e-01 6.9767e-02 1.2500e-01 2.0238e-01 0.0000e+00 2.1538e-01 1.5625e-01 2.1429e-01 6.8966e-02 2.2989e-01 2.4419e-01 3.8624e-01 7.1429e-02 4.2149e-01 2.5926e-01 2.3810e-01 9.0909e-02 0.0000e+00 0.0000e+00 5.3529e-01 1.3158e-01 0.0000e+00 4.6491e-01 6.1486e-01 8.3333e-02 0.0000e+00 3.0601e-01 0.0000e+00 0.0000e+00 0.0000e+00 1.8750e-01 2.2500e-01 4.5455e-02 3.3898e-01 2.1429e-01
1.0000e+00 7.1053e-01 7.3851e-01 0.0000e+00 1.0000e+00 1.0000e+00 6.6667e-01 7.0857e-01 4.8980e-01 7.1429e-01 4.2857e-01 6.5686e-01 6.1207e-01 6.6854e-01 5.0000e-01 3.3333e-01 6.5464e-01 2.6316e-01 7.7978e-01 7.9872e-01 6.3158e-01 0.0000e+00 5.7576e-01 7.2165e-01 8.3436e-01 8.0000e-01 4.8387e-01 4.5000e-01 5.0000e-01 5.0000e-01 7.7344e-01 1.0000e+00 6.7606e-01 5.0000e-01 1.0000e+00 6.0465e-01 7.6790e-01 1.0000e+00 1.0000e+00 6.6667e-01 6.7241e-01 8.0514e-01 0.0000e+00 8.1272e-01 6.6667e-01 6.6667e-01 6.7347e-01 4.0000e-01 6.5152e-01 6.3636e-01
6.2500e-02 1.2500e-01 7.1429e-02 4.9007e-01 3.8596e-01 3.6842e-01 2.3077e-01 1.2500e-01 2.3188e-01 2.8846e-01 2.5806e-01 3.3913e-01 1.1111e-01 1.8000e-01 4.3023e-01 3.7143e-01 1.5217e-01 1.1111e-01 0.0000e+00 7.1429e-02 1.3793e-01 6.6263e-01 1.9565e-01 3.3750e-01 3.1522e-01 2.7419e-01 2.0000e-01 3.1200e-01 1.9048e-01 4.6341e-01 1.6667e-01 3.2432e-01 3.6420e-01 7.6923e-02 3.2000e-01 3.1343e-01 0.0000e+00 6.3043e-01 7.4324e-01 7.1318e-01 0.0000e+00 0.0000e+00 4.5902e-01 8.3333e-02 2.1053e-01 5.9889e-01 1.2903e-01 4.0000e-01 8.6957e-02 1.0526e-01
0.0000e+00 0.0000e+00 2.5397e-01 4.1667e-01 3.0303e-01 7.6923e-02 7.1429e-01 1.2903e-01 3.9844e-01 2.0000e-01 4.4286e-01 1.6667e-01 3.0841e-01 4.3780e-01 2.3077e-01 2.2222e-01 1.1429e-01 2.0755e-01 2.7143e-01 3.6364e-01 0.0000e+00 2.6667e-01 2.5424e-01 2.3077e-01 1.1111e-01 2.6923e-01 2.5000e-01 4.2222e-01 0.0000e+00 2.1429e-01 2.7778e-01 0.0000e+00 3.3645e-01 1.7647e-01 2.3529e-01 1.2500e-01 1.0000e-01 3.2000e-01 3.5294e-01 0.0000e+00 1.2500e-01 2.1739e-01 3.9474e-01 4.5755e-01 6.7528e-01 1.5789e-01 4.9425e-01 3.9706e-01 5.9370e-01 1.1111e-01
0.0000e+00 0.0000e+00 1.1111e-01 1.2500e-01 2.0000e-01 1.8750e-01 5.5000e-01 2.1951e-01 0.0000e+00 6.2500e-02 2.2727e-01 8.6957e-02 7.6923e-02 4.5455e-02 3.2353e-01 3.6000e-01 4.3478e-02 0.0000e+00 8.3333e-02 1.5152e-01 2.8889e-01 2.8571e-01 8.6957e-02 1.0000e-01 1.4286e-01 5.5556e-02 1.7241e-01 2.1277e-01 1.4286e-01 1.6667e-01 0.0000e+00 7.6923e-02 8.3333e-02 7.1569e-01 8.4381e-01 1.8519e-01 8.0000e-02 8.0308e-01 6.6667e-01 0.0000e+00 0.0000e+00 0.0000e+00 5.8427e-01 1.5385e-01 7.2555e-01 7.6923e-02 1.2500e-01 6.8670e-01 5.5556e-02 1.9048e-01
7.6923e-02 5.2632e-02 4.8780e-02 7.4074e-02 0.0000e+00 1.4286e-01 7.1429e-02 6.9767e-02 2.5641e-02 3.5714e-02 4.9447e-01 7.1429e-02 1.5476e-01 2.4571e-01 3.3871e-01 0.0000e+00 4.5455e-02 1.0169e-01 6.6667e-02 2.7027e-02 2.1429e-01 0.0000e+00 8.5106e-02 0.0000e+00 1.3559e-01 9.3023e-02 0.0000e+00 1.8692e-01 1.3793e-01 0.0000e+00 8.3333e-02 1.6667e-01 6.8182e-02 1.9444e-01 1.6000e-01 3.4483e-02 4.7619e-02 0.0000e+00 0.0000e+00 7.1429e-02 0.0000e+00 0.0000e+00 0.0000e+00 7.8947e-02 0.0000e+00 1.5152e-01 1.3793e-01 1.4634e-01 1.3725e-01 1.0000e-01
6.0000e-01 8.4872e-01 0.0000e+00 7.1429e-01 6.2500e-01 4.1667e-01 0.0000e+00 7.8742e-01 2.9167e-01 0.0000e+00 6.0000e-01 5.1064e-01 4.3182e-01 7.4724e-01 0.0000e+00 8.3333e-01 4.9206e-01 0.0000e+00 2.6316e-01 0.0000e+00 3.1250e-01 0.0000e+00 0.0000e+00 1.1111e-01 5.5738e-01 4.8649e-01 2.9412e-01 4.4186e-01 1.4286e-01 3.3333e-01 0.0000e+00 2.8571e-01 0.0000e+00 2.8571e-01 2.5000e-01 6.8889e-01 7.6968e-01 0.0000e+00 2.0000e-01 0.0000e+00 0.0000e+00 2.5000e-01 5.0000e-01 0.0000e+00 1.0000e+00 2.8571e-01 0.0000e+00 0.0000e+00 5.6522e-01 4.5455e-01
7.6923e-02 1.2500e-01 2.7027e-02 1.5385e-01 1.7949e-01 1.2000e-01 1.5789e-01 0.0000e+00 7.8431e-02 0.0000e+00 5.0353e-01 7.1429e-02 0.0000e+00 4.7619e-02 2.6087e-01 4.7980e-01 6.1224e-02 0.0000e+00 0.0000e+00 0.0000e+00 0.0000e+00 2.1154e-01 0.0000e+00 3.3333e-02 0.0000e+00 0.0000e+00 5.7143e-02 4.6512e-02 0.0000e+00 2.1429e-01 2.7778e-02 4.5455e-02 9.8039e-02 0.0000e+00 1.0000e-01 3.4483e-02 0.0000e+00 0.0000e+00 5.3043e-01 0.0000e+00 1.3846e-01 5.1282e-02 2.6531e-01 0.0000e+00 0.0000e+00 2.0455e-01 1.4754e-01 1.1429e-01 0.0000e+00 7.4074e-02
2.4590e-01 0.0000e+00 2.7027e-02 4.1667e-02 2.3077e-01 1.4286e-01 7.1429e-02 1.2281e-01 1.0169e-01 3.5714e-02 3.3010e-01 2.0000e-01 1.0169e-01 2.6316e-02 1.8182e-01 9.5238e-02 6.1224e-02 2.5641e-02 0.0000e+00 0.0000e+00 7.8947e-02 1.0000e-01 2.8571e-02 1.7742e-01 5.2632e-02 1.0870e-01 0.0000e+00 9.0909e-02 1.5625e-01 1.4286e-01 0.0000e+00 8.0000e-02 5.0000e-02 5.0000e-02 0.0000e+00 0.0000e+00 4.7619e-02 1.3043e-01 7.1429e-02 1.2500e-01 0.0000e+00 2.8571e-02 5.2632e-02 3.2258e-02 1.2500e-01 1.5152e-01 1.2963e-01 1.4634e-01 3.2258e-02 1.5385e-01
3.4375e-01 0.0000e+00 8.6957e-02 1.6667e-01 0.0000e+00 5.5882e-01 5.8333e-01 5.2632e-02 4.7619e-02 6.2500e-02 4.6667e-01 9.0909e-02 0.0000e+00 2.4000e-01 0.0000e+00 7.8937e-01 1.7949e-01 1.7143e-01 1.6129e-01 0.0000e+00 4.3137e-01 7.6923e-02 9.0909e-02 0.0000e+00 1.4815e-01 1.7857e-01 5.5556e-02 0.0000e+00 1.4286e-01 1.1111e-01 1.2000e-01 2.9167e-01 2.0000e-01 0.0000e+00 2.9412e-01 2.6471e-01 2.6786e-01 2.1429e-01 3.3333e-01 0.0000e+00 2.1951e-01 1.4815e-01 3.4783e-01 3.8356e-01 2.7778e-01 3.0769e-01 3.3846e-01 2.4000e-01 5.8824e-02 7.4154e-01
3.9130e-01 1.1765e-01 2.4138e-01 5.2083e-01 5.1351e-01 2.7273e-01 5.2941e-01 2.0833e-01 6.2500e-02 2.5000e-01 0.0000e+00 1.5789e-01 0.0000e+00 1.0526e-01 3.1579e-01 4.4444e-01 0.0000e+00 1.0526e-01 6.2500e-02 1.4286e-01 1.3333e-01 1.6667e-01 1.5000e-01 7.6923e-02 7.1429e-02 2.2727e-01 3.5897e-01 1.0526e-01 1.8182e-01 2.2222e-01 6.6667e-02 0.0000e+00 0.0000e+00 1.0000e+00 5.8333e-01 1.3333e-01 1.4286e-01 7.3684e-01 6.6667e-01 1.4286e-01 2.7273e-01 0.0000e+00 4.4444e-01 2.0000e-01 5.0000e-01 2.6667e-01 7.1429e-02 4.6154e-01 7.6923e-02 0.0000e+00
3.3333e-01 4.7619e-02 2.3636e-01 4.4156e-01 5.2500e-01 4.3478e-01 3.3333e-01 2.6316e-01 3.4351e-01 2.6316e-01 2.9032e-01 1.1111e-01 7.4074e-02 2.5000e-01 2.3077e-01 5.0909e-01 4.9128e-01 1.3889e-01 0.0000e+00 3.8547e-01 1.7241e-01 2.9412e-01 4.6281e-01 4.9194e-01 1.8919e-01 2.1053e-01 2.5532e-01 4.1860e-01 3.1034e-01 6.9231e-01 2.2449e-01 7.1216e-01 5.0642e-01 1.3333e-01 7.3162e-01 4.4966e-01 1.9565e-01 6.5190e-01 2.0000e-01 5.4545e-01 2.2000e-01 0.0000e+00 4.7273e-01 1.2500e-01 4.1667e-01 7.1429e-02 1.3793e-01 4.2308e-01 1.7241e-01 0.0000e+00
1.0000e-01 0.0000e+00 0.0000e+00 0.0000e+00 1.0000e-01 6.7213e-01 5.0000e-01 2.3077e-01 3.1111e-01 0.0000e+00 4.2308e-01 0.0000e+00 6.2500e-02 2.3333e-01 6.5000e-01 0.0000e+00 3.0435e-01 0.0000e+00 0.0000e+00 5.6187e-01 2.6087e-01 7.1770e-01 6.3563e-01 0.0000e+00 1.1765e-01 7.2627e-01 4.8101e-01 5.1282e-01 0.0000e+00 5.0000e-01 2.4138e-01 0.0000e+00 1.8182e-01 0.0000e+00 5.0000e-01 7.5336e-01 1.4286e-01 0.0000e+00 6.6667e-01 1.4286e-01 0.0000e+00 0.0000e+00 3.0000e-01 0.0000e+00 1.4286e-01 1.0000e-01 6.0870e-01 9.0909e-02 3.8462e-01 9.0909e-02
0.0000e+00 0.0000e+00 1.6667e-01 1.5385e-01 4.0741e-01 1.8182e-01 1.4286e-01 0.0000e+00 1.6000e-01 4.2222e-01 1.6667e-01 4.0845e-01 5.5556e-02 1.3636e-01 4.6154e-01 2.5000e-01 1.3043e-01 1.0000e-01 0.0000e+00 5.8824e-02 7.1429e-02 2.0000e-01 0.0000e+00 1.2500e-01 1.5000e-01 1.9048e-01 3.0303e-01 6.0714e-01 0.0000e+00 0.0000e+00 0.0000e+00 2.1429e-01 3.0000e-01 0.0000e+00 6.8519e-01 1.6667e-01 0.0000e+00 9.9677e-01 1.0000e+00 0.0000e+00 0.0000e+00 2.0000e-01 6.4407e-01 1.5789e-01 1.0000e+00 0.0000e+00 2.5000e-01 2.3529e-01 0.0000e+00 0.0000e+00
7.5116e-01 0.0000e+00 1.3636e-01 6.0194e-01 8.1297e-01 6.6250e-01 8.0000e-01 2.6471e-01 2.4324e-01 6.1364e-01 3.0000e-01 6.4091e-01 2.3684e-01 1.0000e-01 4.6341e-01 4.8000e-01 2.4390e-01 3.0000e-01 0.0000e+00 2.5641e-01 2.1739e-01 3.4615e-01 2.5714e-01 6.3158e-01 4.3529e-01 3.1579e-01 0.0000e+00 2.1212e-01 0.0000e+00 2.8571e-01 0.0000e+00 4.5161e-01 2.5714e-01 2.3077e-01 6.6667e-01 5.2991e-01 5.5556e-02 9.5862e-01 1.0000e+00 6.0000e-01 2.1875e-01 1.4286e-01 7.8261e-01 3.8776e-01 6.5079e-01 6.4545e-01 2.9730e-01 7.1709e-01 4.1667e-01 1.4286e-01
2.6984e-01 1.4035e-01 0.0000e+00 0.0000e+00 2.4000e-01 3.8043e-01 7.2526e-01 5.4054e-02 1.1667e-01 0.0000e+00 1.9512e-01 7.5000e-02 1.3433e-01 0.0000e+00 3.8650e-01 2.8889e-01 0.0000e+00 1.2698e-01 6.9767e-02 2.7778e-02 1.0000e-01 7.6923e-02 0.0000e+00 2.0588e-01 1.0638e-01 2.0513e-01 0.0000e+00 4.8780e-02 3.3750e-01 4.7368e-01 8.6957e-02 4.7619e-02 0.0000e+00 0.0000e+00 6.1407e-01 3.2143e-01 0.0000e+00 5.1092e-01 0.0000e+00 0.0000e+00 0.0000e+00 3.2673e-01 1.7241e-01 1.5385e-01 0.0000e+00 1.5625e-01 1.0870e-01 2.1154e-01 0.0000e+00 0.0000e+00
4.3478e-02 0.0000e+00 9.4340e-02 4.1667e-02 2.0000e-01 2.6531e-01 7.1429e-02 5.1282e-02 9.0909e-02 1.6000e-01 1.0345e-01 1.2500e-01 0.0000e+00 4.7619e-02 0.0000e+00 9.5238e-02 0.0000e+00 0.0000e+00 4.8780e-02 1.8812e-01 3.2258e-02 1.0000e-01 0.0000e+00 0.0000e+00 7.1429e-02 1.2000e-01 0.0000e+00 9.0909e-02 4.7619e-02 1.4286e-01 1.0909e-01 8.0000e-02 2.7778e-02 0.0000e+00 1.6000e-01 0.0000e+00 4.7619e-02 1.7857e-01 4.7297e-01 0.0000e+00 2.7778e-02 2.4060e-01 3.8938e-01 1.1111e-01 2.2222e-01 5.0356e-01 1.4754e-01 2.6506e-01 7.8947e-02 0.0000e+00
4.5833e-01 0.0000e+00 4.4257e-01 6.8194e-01 5.9624e-01 6.5217e-01 9.1667e-01 2.9231e-01 2.7143e-01 5.4545e-01 5.4815e-01 4.7059e-01 1.2500e-01 3.1959e-01 5.5294e-01 3.3333e-01 4.2693e-01 2.7143e-01 3.8255e-01 4.0000e-01 3.4328e-01 3.0303e-01 1.8919e-01 3.4375e-01 5.4294e-01 3.3333e-01 4.1606e-01 2.9762e-01 1.3333e-01 3.9130e-01 2.6316e-01 2.8000e-01 3.3684e-01 3.4483e-01 6.1039e-01 3.3898e-01 2.6154e-01 4.6154e-01 7.5000e-01 6.1364e-01 2.6230e-01 2.3404e-01 4.0000e-01 3.6585e-01 5.3846e-01 4.6154e-01 4.0458e-01 3.5417e-01 2.8571e-01 3.4884e-01
9.5238e-02 3.8462e-02 1.0256e-01 3.2308e-01 2.1875e-01 1.5000e-01 6.2609e-01 1.7308e-01 3.7500e-01 3.2609e-01 5.2973e-01 3.0081e-01 9.7561e-02 1.9718e-01 2.4390e-01 3.9216e-01 1.5517e-01 2.3404e-01 1.1905e-01 0.0000e+00 3.0612e-01 3.2836e-01 8.8235e-02 2.0833e-01 2.5000e-01 1.6279e-01 4.8744e-01 2.0779e-01 3.7500e-01 5.5932e-01 0.0000e+00 3.4483e-01 2.5275e-01 0.0000e+00 7.0379e-01 2.7778e-01 0.0000e+00 2.7586e-01 7.1483e-01 0.0000e+00 1.0526e-01 1.7308e-01 5.3646e-01 1.2121e-01 6.2937e-01 3.1373e-01 4.4874e-01 3.7255e-01 4.1667e-02 2.1622e-01
0.0000e+00 1.7647e-01 7.1429e-02 0.0000e+00 1.8182e-01 5.7143e-01 1.0000e+00 1.6667e-01 1.8182e-01 6.8047e-01 9.2529e-01 2.2727e-01 6.6667e-02 3.1429e-01 6.9565e-01 9.0000e-01 6.6667e-02 0.0000e+00 1.9048e-01 2.5926e-01 7.4236e-01 1.1111e-01 7.6923e-02 0.0000e+00 7.2307e-01 1.4286e-01 1.7647e-01 0.0000e+00 4.1667e-01 7.3333e-01 1.6667e-01 2.2222e-01 4.5312e-01 2.0000e-01 1.0000e+00 7.0820e-01 0.0000e+00 6.6667e-01 1.0000e+00 0.0000e+00 2.5926e-01 1.6667e-01 1.0000e+00 3.3333e-01 1.0000e+00 2.0000e-01 7.2929e-01 8.1489e-01 1.4286e-01 3.1250e-01
1.8750e-01 1.7857e-01 3.8144e-01 3.0769e-01 4.4186e-01 3.4783e-01 6.6667e-01 2.1212e-01 2.9508e-01 4.0000e-01 3.0435e-01 5.2464e-01 2.1951e-01 2.7778e-01 7.6089e-01 7.9630e-01 4.7619e-02 5.0000e-02 9.0909e-02 2.6531e-01 0.0000e+00 1.3333e-01 2.2857e-01 6.6667e-02 1.6000e-01 5.8127e-01 1.3636e-01 8.6957e-02 3.7037e-01 8.1218e-01 2.8846e-01 3.0435e-01 5.5556e-02 6.5179e-01 5.9574e-01 5.8501e-01 2.1053e-01 8.0119e-01 7.5000e-01 5.8333e-01 1.2500e-01 1.7857e-01 7.3451e-01 2.7778e-01 6.3158e-01 0.0000e+00 4.0000e-01 6.6524e-01 6.2500e-02 3.0769e-01
1.6667e-01 0.0000e+00 1.3725e-01 4.3548e-01 1.7241e-01 5.5718e-01 5.7609e-01 1.3333e-01 1.7391e-01 7.6923e-02 2.8846e-01 2.2785e-01 1.5873e-01 2.1978e-01 2.8571e-01 6.1100e-01 1.1765e-01 7.6923e-02 5.8824e-02 1.1111e-01 1.3158e-01 5.0000e-02 0.0000e+00 2.1429e-01 3.5714e-02 3.6564e-01 2.7174e-01 5.5556e-02 2.1875e-01 5.8101e-01 8.1081e-02 1.5385e-01 6.0606e-02 0.0000e+00 6.5426e-01 1.3889e-01 7.6923e-02 6.6667e-02 7.9847e-01 0.0000e+00 5.8824e-02 3.3937e-01 6.2500e-02 0.0000e+00 3.1707e-01 3.6000e-01 2.0000e-01 1.8919e-01 7.1429e-02 8.6957e-02
8.0000e-01 6.5657e-01 7.4278e-01 7.5000e-01 5.0000e-01 1.0000e+00 1.0000e+00 8.5509e-01 7.2167e-01 6.0000e-01 0.0000e+00 5.6140e-01 7.8348e-01 6.4286e-01 1.0000e+00 7.5000e-01 5.5294e-01 6.5730e-01 5.0000e-01 5.2542e-01 5.5000e-01 3.7500e-01 6.2105e-01 5.1613e-01 2.5000e-01 6.9912e-01 2.3077e-01 4.5455e-01 1.0000e+00 0.0000e+00 6.0714e-01 6.0000e-01 7.4267e-01 6.0000e-01 5.0000e-01 6.5574e-01 6.0000e-01 0.0000e+00 0.0000e+00 1.0000e+00 6.6286e-01 3.1579e-01 5.0000e-01 7.6506e-01 1.0000e+00 1.0000e+00 6.5556e-01 6.6667e-01 6.7105e-01 4.5455e-01
2.6471e-01 0.0000e+00 0.0000e+00 1.6667e-01 0.0000e+00 2.0000e-01 0.0000e+00 5.1282e-02 1.5000e-01 1.0526e-01 0.0000e+00 1.3333e-01 0.0000e+00 0.0000e+00 1.2121e-01 9.5238e-02 0.0000e+00 0.0000e+00 0.0000e+00 0.0000e+00 5.8824e-02 2.0408e-01 0.0000e+00 6.0606e-02 0.0000e+00 5.5556e-02 0.0000e+00 9.0909e-02 1.1111e-01 0.0000e+00 1.9388e-01 8.0000e-02 1.4493e-01 0.0000e+00 3.8667e-01 1.0000e-01 0.0000e+00 0.0000e+00 0.0000e+00 1.9048e-01 0.0000e+00 0.0000e+00 3.4940e-01 3.9974e-01 1.7241e-01 2.1739e-01 9.0909e-02 1.1429e-01 1.1111e-01 0.0000e+00
8.3333e-01 7.3333e-01 8.1034e-01 1.0000e+00 1.0000e+00 1.0000e+00 1.0000e+00 8.5000e-01 7.0526e-01 1.0000e+00 1.0000e+00 1.0000e+00 7.9104e-01 7.4107e-01 1.0000e+00 1.0000e+00 7.6301e-01 8.3129e-01 1.0000e+00 8.7550e-01 1.0000e+00 5.7143e-01 9.0094e-01 1.0000e+00 8.5714e-01 1.0000e+00 8.0000e-01 7.6471e-01 1.0000e+00 1.0000e+00 8.3051e-01 1.0000e+00 7.5000e-01 8.3333e-01 1.0000e+00 1.0000e+00 9.1865e-01 1.0000e+00 1.0000e+00 1.0000e+00 8.2667e-01 8.8889e-01 1.0000e+00 1.0000e+00 5.0000e-01 5.0000e-01 5.0000e-01 5.0000e-01 8.5185e-01 1.0000e+00
0.0000e+00 0.0000e+00 0.0000e+00 3.2787e-01 0.0000e+00 1.8182e-01 2.1739e-01 8.6957e-02 9.0909e-02 3.3158e-01 7.6923e-02 0.0000e+00 7.6923e-02 0.0000e+00 4.6915e-01 1.2500e-01 1.0000e-01 2.8475e-01 2.0536e-01 1.7582e-01 2.0000e-01 1.2121e-01 0.0000e+00 3.2877e-01 2.9412e-02 5.5556e-02 1.9737e-01 0.0000e+00 0.0000e+00 1.9231e-01 0.0000e+00 2.9730e-01 1.6000e-01 0.0000e+00 1.3636e-01 2.8244e-01 4.7619e-02 0.0000e+00 4.8101e-01 2.7586e-01 0.0000e+00 2.9018e-01 4.0000e-01 9.7561e-02 4.9664e-01 0.0000e+00 2.9016e-01 1.8367e-01 0.0000e+00 2.5714e-01
2.8000e-01 5.2632e-02 1.3793e-01 3.1250e-01 2.3810e-01 7.9703e-01 1.0000e+00 3.5632e-01 1.9512e-01 0.0000e+00 5.3261e-01 2.7083e-01 1.0714e-01 3.0137e-01 5.0575e-01 5.4717e-01 0.0000e+00 1.0714e-01 1.3793e-01 8.3333e-02 1.8519e-01 3.3333e-01 1.8182e-01 5.8520e-01 4.8047e-01 2.2857e-01 3.3333e-01 1.3333e-01 3.4483e-01 3.6842e-01 5.0000e-02 4.6296e-01 2.5000e-01 9.0909e-02 6.2121e-01 3.7500e-01 4.2157e-01 4.5455e-01 5.0000e-01 3.0769e-01 2.0513e-01 2.1622e-01 8.1189e-01 2.0000e-01 4.7368e-01 1.3333e-01 4.0741e-01 4.4118e-01 1.3636e-01 3.5135e-01
6.6667e-01 8.9280e-01 8.1897e-01 6.6667e-01 1.4286e-01 1.0000e+00 7.5000e-01 3.3333e-01 6.7925e-01 8.3333e-01 1.0000e+00 7.9775e-01 8.5035e-01 8.7793e-01 0.0000e+00 1.0000e+00 1.0000e-01 8.7264e-01 0.0000e+00 8.6794e-01 2.5000e-01 2.2222e-01 4.3478e-01 1.0000e+00 8.1373e-01 5.0000e-01 7.2152e-01 6.9748e-01 3.3333e-01 1.0000e+00 1.1111e-01 0.0000e+00 2.8571e-01 1.0000e+00 7.5000e-01 1.0000e+00 0.0000e+00 1.0000e+00 0.0000e+00 0.0000e+00 5.1429e-01 5.1724e-01 1.0000e+00 1.0000e+00 0.0000e+00 0.0000e+00 1.0000e+00 5.0000e-01 2.0000e-01 5.7143e-01
1.0000e+00 7.0588e-01 9.3977e-01 5.0000e-01 6.6667e-01 1.0000e+00 6.6667e-01 7.5000e-01 7.2414e-01 5.7143e-01 5.0000e-01 4.7619e-01 7.1930e-01 8.0784e-01 1.0000e+00 1.0000e+00 7.8138e-01 8.2370e-01 5.7500e-01 7.0652e-01 5.0000e-01 7.1429e-01 6.8056e-01 6.2500e-01 8.7500e-01 1.0000e+00 0.0000e+00 6.9565e-01 1.0000e+00 1.0000e+00 9.7843e-01 1.0000e+00 7.5000e-01 6.6667e-01 1.0000e+00 1.0000e+00 7.5182e-01 1.0000e+00 1.0000e+00 1.0000e+00 4.0000e-01 7.7108e-01 1.0000e+00 1.0000e+00 1.0000e+00 1.0000e+00 1.0000e+00 1.0000e+00 8.6598e-01 6.6667e-01
7.0936e-01 5.0000e-02 3.1868e-01 1.1765e-01 4.4615e-01 0.0000e+00 0.0000e+00 0.0000e+00 7.4074e-02 3.6364e-01 3.4211e-01 4.7619e-02 7.4074e-02 3.6301e-01 2.5926e-01 9.0909e-02 7.4074e-02 1.2500e-01 2.0455e-01 0.0000e+00 5.8250e-01 2.3077e-01 3.4951e-01 0.0000e+00 4.4292e-01 3.3333e-01 0.0000e+00 1.4286e-01 1.7647e-01 3.5000e-01 1.8421e-01 2.0000e-01 4.5455e-02 0.0000e+00 4.5455e-01 2.9167e-01 7.6923e-02 0.0000e+00 0.0000e+00 0.0000e+00 0.0000e+00 4.1935e-01 2.2222e-01 9.5238e-02 5.8242e-01 5.9716e-01 4.4554e-01 6.1279e-01 2.7660e-01 2.8125e-01
1.0000e+00 1.0000e+00 9.2683e-01 1.0000e+00 1.0000e+00 1.0000e+00 1.0000e+00 1.0000e+00 9.5666e-01 1.0000e+00 1.0000e+00 8.5714e-01 8.9986e-01 1.0000e+00 1.0000e+00 1.0000e+00 8.3587e-01 9.4725e-01 8.6784e-01 1.0000e+00 1.0000e+00 1.0000e+00 8.4127e-01 1.0000e+00 1.0000e+00 6.6667e-01 1.0000e+00 9.7636e-01 5.0000e-01 1.0000e+00 9.5918e-01 8.0000e-01 7.2727e-01 1.0000e+00 1.0000e+00 1.0000e+00 9.2391e-01 1.0000e+00 1.0000e+00 1.0000e+00 9.7475e-01 8.6667e-01 1.0000e+00 1.0000e+00 1.0000e+00 1.0000e+00 1.0000e+00 1.0000e+00 1.0000e+00 1.0000e+00
0.0000e+00 0.0000e+00 2.7027e-02 0.0000e+00 3.4513e-01 1.8182e-01 3.5714e-01 6.9767e-02 2.5641e-02 1.8644e-01 0.0000e+00 2.9412e-02 4.6512e-02 9.2593e-02 1.5385e-01 2.3684e-01 1.2500e-01 0.0000e+00 2.7027e-02 6.5217e-02 2.9518e-01 1.0000e-01 5.1282e-02 6.0606e-02 2.9412e-02 9.3023e-02 2.4779e-01 1.6092e-01 1.3793e-01 3.2653e-01 0.0000e+00 2.5862e-01 0.0000e+00 0.0000e+00 1.3636e-01 1.4286e-01 1.0345e-01 0.0000e+00 2.0000e-01 0.0000e+00 0.0000e+00 0.0000e+00 2.5000e-01 0.0000e+00 4.0870e-01 0.0000e+00 0.0000e+00 1.3158e-01 0.0000e+00 7.4074e-02
0.0000e+00 2.9412e-02 9.6154e-02 0.0000e+00 7.6923e-02 2.1053e-01 6.0000e-01 8.6957e-02 7.8431e-02 1.7857e-01 2.8947e-01 1.4286e-01 0.0000e+00 1.1290e-01 4.1667e-02 9.5238e-02 4.5455e-02 3.3063e-01 4.8780e-02 1.1475e-01 7.8947e-02 1.7073e-01 3.1832e-01 3.3333e-02 0.0000e+00 3.1250e-02 2.4299e-01 0.0000e+00 1.8919e-01 2.5714e-01 6.8182e-02 4.5455e-02 0.0000e+00 5.0000e-02 3.1250e-01 2.7907e-01 2.6316e-02 2.5641e-01 2.2727e-01 6.9403e-01 0.0000e+00 7.1429e-02 1.4286e-01 1.3725e-01 9.5238e-02 2.7692e-01 1.1765e-01 2.1053e-01 5.8824e-02 0.0000e+00
2.5806e-01 0.0000e+00 2.7778e-02 4.0873e-01 1.7949e-01 2.1622e-01 3.8636e-01 1.3559e-01 4.7619e-02 2.2535e-01 2.6984e-01 3.8269e-01 4.7619e-02 1.3433e-01 3.7576e-01 5.9689e-01 7.8431e-02 1.5385e-01 1.7073e-01 6.8182e-02 2.1053e-01 1.0345e-01 5.2632e-02 1.1905e-01 2.7215e-01 2.0253e-01 2.8082e-01 1.7045e-01 2.5490e-01 6.1905e-01 1.8072e-01 2.5000e-01 1.8072e-01 0.0000e+00 5.4516e-01 3.9071e-01 9.4340e-02 4.1237e-01 6.2455e-01 1.6667e-01 1.3115e-01 1.4516e-01 4.0833e-01 1.6949e-01 4.5161e-01 3.0667e-01 2.3077e-01 2.1429e-01 6.0606e-02 1.7073e-01
5.5556e-02 9.3750e-02 1.6981e-01 3.6250e-01 5.2632e-01 4.8077e-01 6.1290e-01 1.7647e-01 1.5094e-01 2.4000e-01 3.7838e-01 2.4675e-01 6.0606e-02 2.2500e-01 4.5732e-01 3.5714e-01 9.7561e-02 3.0189e-01 6.4516e-02 1.8333e-01 7.6923e-02 9.5238e-02 1.7647e-01 3.9683e-01 3.8462e-02 2.1818e-01 5.1072e-01 1.3043e-01 4.2169e-01 5.0704e-01 1.8966e-01 5.8824e-02 3.8291e-01 2.0833e-01 3.1034e-01 1.0714e-01 1.3043e-01 1.6667e-01 9.0909e-02 4.0000e-01 3.7037e-02 2.2857e-01 3.1579e-01 5.2217e-01 1.9048e-01 1.0526e-01 2.8723e-01 3.6957e-01 1.0345e-01 1.2500e-01
0.0000e+00 0.0000e+00 8.1633e-02 0.0000e+00 1.9048e-01 1.4286e-01 0.0000e+00 1.8072e-01 2.3494e-01 3.5714e-02 0.0000e+00 1.0204e-01 6.2500e-02 1.0345e-01 2.2807e-01 1.5385e-01 4.5455e-02 0.0000e+00 2.7027e-02 0.0000e+00 2.1429e-01 4.1667e-02 2.8571e-02 0.0000e+00 1.1538e-01 0.0000e+00 3.2258e-02 4.6512e-02 2.4490e-01 3.7500e-01 1.8478e-01 1.0714e-01 5.0000e-02 0.0000e+00 1.6000e-01 1.7241e-01 0.0000e+00 2.1212e-01 2.5000e-01 0.0000e+00 0.0000e+00 7.1429e-02 1.8182e-01 1.2500e-01 5.2632e-02 1.6667e-01 1.2963e-01 4.0000e-02 1.4815e-01 1.0000e-01
2.6923e-01 1.9444e-01 2.7419e-01 7.0412e-01 3.3333e-01 1.4286e-01 6.2500e-01 2.5000e-01 3.6090e-01 2.9268e-01 5.3509e-01 3.7383e-01 2.1277e-01 2.1739e-01 5.8216e-01 5.3968e-01 3.2381e-01 0.0000e+00 2.2917e-01 8.0000e-02 5.4260e-01 6.1186e-01 2.1429e-01 2.3529e-01 2.6923e-01 9.5238e-02 2.6531e-01 1.0345e-01 1.3333e-01 6.4835e-01 8.3333e-02 5.9281e-01 0.0000e+00 0.0000e+00 5.4167e-01 1.6000e-01 2.0455e-01 9.0909e-02 8.0000e-01 3.5294e-01 5.5761e-01 2.6923e-01 6.3750e-01 3.4783e-01 2.3529e-01 7.6923e-02 3.6047e-01 1.8182e-01 4.0777e-01 6.6667e-02
2.4138e-01 1.2500e-01 1.9811e-01 2.9787e-01 1.9048e-01 2.2500e-01 2.7586e-01 1.6883e-01 9.0909e-02 2.5773e-01 1.9048e-01 2.4444e-01 7.6923e-02 1.2308e-01 4.1045e-01 0.0000e+00 8.7719e-02 1.1290e-01 2.4691e-01 1.8367e-01 1.9444e-01 1.8182e-01 5.1282e-02 2.5688e-01 2.4427e-01 1.7391e-01 9.5238e-02 1.9469e-01 3.7288e-01 5.0279e-01 1.7647e-01 2.8986e-01 1.0909e-01 8.6957e-02 4.0000e-01 8.3333e-02 6.5217e-02 5.9868e-01 6.1724e-01 1.2500e-01 1.8681e-01 1.3333e-01 3.0645e-01 1.1111e-01 0.0000e+00 1.2903e-01 2.2000e-01 2.6250e-01 9.7561e-02 2.3333e-01
2.3077e-01 2.1053e-01 1.2500e-01 4.3478e-01 5.0000e-01 2.5000e-01 1.0000e+00 1.3333e-01 1.1765e-01 8.4697e-01 2.8571e-01 2.1053e-01 4.0984e-01 7.1429e-02 3.5294e-01 0.0000e+00 0.0000e+00 1.1765e-01 0.0000e+00 5.4286e-01 2.6316e-01 2.6667e-01 2.8571e-01 3.1818e-01 1.3333e-01 3.3333e-01 2.7273e-01 3.7500e-01 7.0588e-01 5.0000e-01 3.8095e-01 0.0000e+00 7.2697e-01 5.0000e-01 0.0000e+00 6.4122e-01 1.1765e-01 1.0000e+00 1.0000e+00 1.0000e+00 0.0000e+00 3.9535e-01 1.0000e+00 3.9394e-01 1.0000e+00 1.8182e-01 5.2564e-01 1.0000e-01 2.2222e-01 4.2857e-01
