9.2857e-01 0.0000e+00 5.0000e-01 1.0000e+00 7.5000e-01 5.0000e-01 0.0000e+00 0.0000e+00 9.0977e-01 9.7860e-01
0.0000e+00 1.0000e+00 6.6667e-01 9.9871e-01 5.0000e-01 0.0000e+00 7.8571e-01 0.0000e+00 0.0000e+00 7.5000e-01
9.7558e-01 1.0000e+00 0.0000e+00 6.6667e-01 7.3684e-01 1.0000e+00 9.7181e-01 0.0000e+00 0.0000e+00 5.0000e-01
6.0000e-01 1.0000e+00 9.2453e-01 6.6667e-01 5.0000e-01 9.7646e-01 0.0000e+00 5.0000e-01 5.0000e-01 6.6667e-01
0.0000e+00 0.0000e+00 8.7681e-01 5.0000e-01 0.0000e+00 0.0000e+00 5.0000e-01 4.2857e-01 0.0000e+00 0.0000e+00
7.5000e-01 5.0000e-01 0.0000e+00 0.0000e+00 5.0000e-01 5.0000e-01 9.6588e-01 7.5481e-01 0.0000e+00 0.0000e+00
8.2002e-01 6.6667e-01 0.0000e+00 5.0000e-01 6.2738e-01 6.6667e-01 0.0000e+00 0.0000e+00 6.6667e-01 0.0000e+00
0.0000e+00 9.7097e-01 0.0000e+00 5.0000e-01 0.0000e+00 0.0000e+00 0.0000e+00 0.0000e+00 4.2857e-01 0.0000e+00
0.0000e+00 5.0000e-01 0.0000e+00 0.0000e+00 0.0000e+00 0.0000e+00 4.0000e-01 2.5000e-01 0.0000e+00 0.0000e+00
0.0000e+00 9.9669e-01 0.0000e+00 0.0000e+00 3.3333e-01 0.0000e+00 0.0000e+00 0.0000e+00 0.0000e+00 5.6449e-01
