1.3000e+01 0.0000e+00 1.0000e+00 1.0000e+00 6.0000e+00 1.0000e+00 0.0000e+00 0.0000e+00 9.0440e+03 2.9720e+03
0.0000e+00 0.0000e+00 2.0000e+00 1.0087e+04 2.0000e+00 0.0000e+00 1.1000e+01 0.0000e+00 0.0000e+00 3.0000e+00
5.7930e+03 0.0000e+00 0.0000e+00 2.0000e+00 4.2000e+01 1.0000e+01 5.7580e+03 0.0000e+00 0.0000e+00 1.0000e+00
3.0000e+00 1.0000e+00 4.9000e+01 2.0000e+00 2.0000e+00 9.5410e+03 0.0000e+00 1.0000e+00 1.0000e+00 2.0000e+00
0.0000e+00 0.0000e+00 8.7760e+03 1.0000e+00 0.0000e+00 0.0000e+00 1.0000e+00 3.0000e+00 0.0000e+00 0.0000e+00
3.0000e+00 1.0000e+00 0.0000e+00 0.0000e+00 1.0000e+00 1.0000e+00 3.9920e+03 7.4900e+03 0.0000e+00 0.0000e+00
3.2850e+03 2.0000e+00 0.0000e+00 1.0000e+00 6.2820e+03 2.0000e+00 0.0000e+00 0.0000e+00 1.0000e+01 0.0000e+00
0.0000e+00 6.7570e+03 0.0000e+00 1.0000e+00 0.0000e+00 0.0000e+00 0.0000e+00 0.0000e+00 3.0000e+00 0.0000e+00
0.0000e+00 2.0000e+00 0.0000e+00 0.0000e+00 0.0000e+00 0.0000e+00 2.0000e+00 1.0000e+00 0.0000e+00 0.0000e+00
0.0000e+00 3.0070e+03 0.0000e+00 0.0000e+00 1.0000e+00 0.0000e+00 0.0000e+00 0.0000e+00 0.0000e+00 3.9040e+03
