5.3333e-01 5.1724e-01 7.9195e-01 7.5862e-01 2.8571e-01 0.0000e+00 3.8889e-01 0.0000e+00 9.7683e-01 9.9751e-01 8.6186e-01 9.6652e-01 7.4227e-01 8.9913e-01 7.5080e-01 4.8718e-01 7.7234e-01 4.4171e-01 6.8947e-01 3.7079e-01 3.8889e-01 9.6660e-01 9.5238e-01 9.9370e-01 5.0000e-01 9.0843e-01 7.8261e-01 5.4971e-01 5.0000e-01 8.7725e-01 8.6186e-01 3.3333e-01 8.8937e-01 9.8593e-01 3.5294e-01 5.0000e-01 8.8063e-01 6.1702e-01 1.1111e-01 9.1685e-01 9.2830e-01 3.8889e-01 9.6934e-01 9.8600e-01 3.5294e-01 3.4483e-01 2.8571e-01 6.1364e-01 3.6667e-01 7.2593e-01
2.0000e-01 0.0000e+00 5.0000e-01 0.0000e+00 0.0000e+00 2.6667e-01 0.0000e+00 3.3333e-01 1.0000e+00 1.0000e+00 0.0000e+00 0.0000e+00 2.0000e-01 0.0000e+00 5.1190e-01 0.0000e+00 2.3529e-01 4.2797e-01 3.6585e-01 2.1622e-01 3.3333e-01 5.8974e-01 2.5000e-01 1.0000e+00 3.8889e-01 2.3077e-01 1.1111e-01 2.2581e-01 2.3077e-01 1.0000e-01 3.5294e-01 5.3333e-01 1.0000e-01 1.0000e+00 3.5294e-01 5.4839e-01 3.1250e-01 0.0000e+00 0.0000e+00 0.0000e+00 1.1111e-01 2.0000e-01 1.0000e+00 1.0000e+00 2.0000e-01 4.2857e-01 0.0000e+00 0.0000e+00 1.4286e-01 4.4444e-01
8.8470e-01 7.3958e-01 9.9552e-01 1.8182e-01 0.0000e+00 3.9130e-01 1.0000e+00 6.9118e-01 1.0000e+00 1.0000e+00 9.4137e-01 1.1111e-01 1.1111e-01 0.0000e+00 5.2174e-01 0.0000e+00 1.5385e-01 1.5909e-01 5.6098e-01 5.1551e-01 2.5000e-01 1.1111e-01 5.0000e-01 1.0000e+00 7.3118e-01 4.8387e-01 7.3626e-01 2.7027e-01 9.0087e-01 3.5000e-01 4.2857e-01 1.0000e+00 8.3525e-01 1.0000e+00 3.5294e-01 6.4000e-01 0.0000e+00 7.1951e-01 0.0000e+00 7.8195e-01 0.0000e+00 0.0000e+00 1.0000e+00 1.0000e+00 4.2105e-01 3.4483e-01 0.0000e+00 9.8077e-01 3.9394e-01 9.0795e-01
2.5000e-01 2.0000e-01 1.0000e+00 2.5000e-01 1.1111e-01 4.4000e-01 1.0000e+00 2.0000e-01 1.0000e+00 1.0000e+00 3.6842e-01 5.0000e-01 0.0000e+00 4.6667e-01 0.0000e+00 0.0000e+00 9.0909e-02 3.4177e-01 0.0000e+00 4.3506e-01 7.8231e-01 3.3333e-01 2.8571e-01 1.0000e+00 5.4839e-01 5.5814e-01 6.7692e-01 6.3777e-01 5.7143e-01 2.5000e-01 8.2126e-01 1.0000e+00 5.9322e-01 1.0000e+00 7.3626e-01 5.7143e-01 3.6842e-01 3.5294e-01 8.0000e-01 0.0000e+00 3.3333e-01 5.0000e-01 1.0000e+00 1.0000e+00 6.2222e-01 7.8348e-01 4.6809e-01 1.0000e+00 4.8077e-01 5.2632e-01
6.7213e-01 5.5882e-01 1.0000e+00 0.0000e+00 6.3934e-01 5.0000e-01 1.0000e+00 7.3958e-01 1.0000e+00 1.0000e+00 7.1875e-01 6.0000e-01 7.7049e-01 3.3333e-01 3.6111e-01 3.2258e-01 8.1500e-01 5.0179e-01 5.0515e-01 5.9028e-01 6.2500e-01 5.8974e-01 2.8571e-01 1.0000e+00 5.1724e-01 3.5000e-01 9.0595e-01 4.2553e-01 8.5512e-01 2.9412e-01 5.1724e-01 1.0000e+00 6.7000e-01 1.0000e+00 9.0788e-01 7.7863e-01 7.0690e-01 5.5882e-01 5.5882e-01 4.8000e-01 5.3125e-01 5.1724e-01 1.0000e+00 1.0000e+00 2.0000e-01 3.0769e-01 6.5217e-01 1.0000e+00 6.5285e-01 8.7531e-01
9.9773e-01 1.0000e+00 1.0000e+00 9.5361e-01 9.0271e-01 3.8095e-01 1.0000e+00 9.3419e-01 1.0000e+00 1.0000e+00 6.6667e-01 8.4470e-01 9.6617e-01 8.6963e-01 5.8228e-01 7.6923e-02 7.0748e-01 1.7391e-01 7.2653e-01 1.2500e-01 9.5591e-01 1.0000e+00 9.9843e-01 1.0000e+00 1.0000e+00 7.9121e-01 9.6841e-01 5.9615e-01 9.1293e-01 0.0000e+00 9.8084e-01 1.0000e+00 4.8485e-01 1.0000e+00 9.7412e-01 9.7861e-01 8.9193e-01 9.6680e-01 9.5732e-01 9.9525e-01 9.4063e-01 9.6310e-01 1.0000e+00 1.0000e+00 9.8976e-01 4.4681e-01 4.6809e-01 1.0000e+00 4.6939e-01 5.1429e-01
1.0000e+00 1.0000e+00 1.0000e+00 7.0130e-01 9.2282e-01 2.3077e-01 1.0000e+00 9.6614e-01 1.0000e+00 1.0000e+00 3.6842e-01 1.1111e-01 1.1111e-01 5.2500e-01 4.4828e-01 7.4438e-01 7.6006e-01 0.0000e+00 1.2500e-01 5.4814e-01 7.6000e-01 1.0000e+00 1.0000e+00 1.0000e+00 1.0000e+00 3.1250e-01 1.0000e+00 6.0894e-01 7.5949e-01 1.6667e-01 1.0000e+00 1.0000e+00 5.4545e-01 1.0000e+00 1.0000e+00 1.0000e+00 2.6667e-01 2.0000e-01 6.0465e-01 1.0000e+00 7.3333e-01 2.0000e-01 1.0000e+00 1.0000e+00 1.0000e+00 4.3182e-01 1.8750e-01 1.0000e+00 7.9545e-01 0.0000e+00
1.0000e+00 1.0000e+00 1.0000e+00 1.1111e-01 7.5000e-01 3.3333e-01 1.0000e+00 1.0000e+00 1.0000e+00 1.0000e+00 3.5294e-01 8.6111e-01 2.0000e-01 7.5773e-01 6.5156e-01 5.0000e-01 5.6410e-01 4.2766e-01 2.6923e-01 4.9524e-01 8.4512e-01 1.0000e+00 1.0000e+00 1.0000e+00 1.0000e+00 3.8095e-01 1.0000e+00 4.2391e-01 8.3461e-01 2.5000e-01 1.0000e+00 1.0000e+00 6.3158e-01 1.0000e+00 1.0000e+00 1.0000e+00 1.0000e-01 3.5714e-01 7.0130e-01 1.0000e+00 5.9524e-01 3.3333e-01 1.0000e+00 1.0000e+00 1.0000e+00 7.1228e-01 6.1538e-01 1.0000e+00 7.5619e-01 8.1303e-01
1.0000e+00 1.0000e+00 1.0000e+00 9.3314e-01 7.1698e-01 9.1013e-01 1.0000e+00 1.0000e+00 1.0000e+00 1.0000e+00 5.0000e-01 1.0000e+00 8.1183e-01 7.5000e-01 6.7203e-01 4.3636e-01 4.7917e-01 4.1730e-01 5.3543e-01 5.7561e-01 5.7500e-01 1.0000e+00 1.0000e+00 1.0000e+00 1.0000e+00 7.5000e-01 1.0000e+00 6.0180e-01 8.5199e-01 7.9634e-01 1.0000e+00 1.0000e+00 6.4634e-01 1.0000e+00 1.0000e+00 1.0000e+00 8.8854e-01 1.0000e+00 4.8000e-01 1.0000e+00 6.8056e-01 6.7213e-01 1.0000e+00 1.0000e+00 1.0000e+00 7.2131e-01 8.0580e-01 1.0000e+00 6.5877e-01 7.3381e-01
1.0000e+00 1.0000e+00 1.0000e+00 0.0000e+00 1.1111e-01 7.9381e-01 1.0000e+00 1.0000e+00 1.0000e+00 1.0000e+00 5.3125e-01 1.0000e+00 5.0000e-01 5.0000e-01 2.1053e-01 2.8571e-01 6.1111e-01 4.2975e-01 3.7209e-01 3.8144e-01 8.2328e-01 1.0000e+00 1.0000e+00 1.0000e+00 1.0000e+00 7.8626e-01 1.0000e+00 4.2391e-01 3.6842e-01 6.5263e-01 1.0000e+00 1.0000e+00 1.0000e-01 1.0000e+00 1.0000e+00 1.0000e+00 1.8182e-01 1.0000e+00 6.8571e-01 1.0000e+00 5.6757e-01 5.7895e-01 1.0000e+00 1.0000e+00 1.0000e+00 3.8235e-01 5.1613e-01 1.0000e+00 5.4430e-01 7.4522e-01
