1.6000e+01 1.5000e+01 1.1800e+02 8.8000e+01 4.0000e+00 0.0000e+00 7.0000e+00 0.0000e+00 5.9020e+03 6.0020e+03 4.1800e+02 5.4560e+03 7.2000e+01 3.6370e+03 3.4980e+03 3.8000e+01 7.2600e+02 2.6900e+02 8.7700e+02 3.3000e+01 7.0000e+00 5.4690e+03 2.6600e+03 5.9910e+03 1.4000e+01 4.7220e+03 1.0800e+02 1.8800e+02 1.6000e+01 4.7310e+03 2.8700e+02 5.0000e+00 4.3250e+03 5.8880e+03 6.0000e+00 1.3000e+01 1.3500e+03 2.9000e+01 1.0000e+00 8.3800e+02 1.9550e+03 7.0000e+00 5.7540e+03 5.8470e+03 6.0000e+00 1.0000e+01 6.0000e+00 2.7000e+01 1.1000e+01 9.8000e+01
2.0000e+00 0.0000e+00 1.4000e+01 0.0000e+00 0.0000e+00 4.0000e+00 0.0000e+00 5.0000e+00 0.0000e+00 0.0000e+00 0.0000e+00 0.0000e+00 2.0000e+00 0.0000e+00 4.3000e+01 0.0000e+00 4.0000e+00 2.0200e+02 1.5000e+01 8.0000e+00 5.0000e+00 2.3000e+01 3.0000e+00 0.0000e+00 7.0000e+00 3.0000e+00 1.0000e+00 7.0000e+00 3.0000e+00 1.0000e+00 6.0000e+00 1.6000e+01 1.0000e+00 0.0000e+00 6.0000e+00 1.7000e+01 5.0000e+00 0.0000e+00 0.0000e+00 0.0000e+00 1.0000e+00 2.0000e+00 0.0000e+00 0.0000e+00 2.0000e+00 1.8000e+01 0.0000e+00 0.0000e+00 2.0000e+00 1.2000e+01
4.2200e+02 7.1000e+01 5.7790e+03 2.0000e+00 0.0000e+00 9.0000e+00 5.9810e+03 4.7000e+01 0.0000e+00 0.0000e+00 4.9130e+03 1.0000e+00 1.0000e+00 0.0000e+00 4.8000e+01 0.0000e+00 2.0000e+00 7.0000e+00 9.2000e+01 2.1600e+02 3.0000e+00 1.0000e+00 1.4000e+01 0.0000e+00 6.8000e+01 1.5000e+01 6.7000e+01 1.0000e+01 1.5540e+03 7.0000e+00 9.0000e+00 5.9940e+03 6.5400e+02 0.0000e+00 6.0000e+00 3.2000e+01 0.0000e+00 5.9000e+01 0.0000e+00 1.0400e+02 0.0000e+00 0.0000e+00 0.0000e+00 0.0000e+00 8.0000e+00 1.0000e+01 0.0000e+00 5.8660e+03 1.3000e+01 3.5510e+03
3.0000e+00 2.0000e+00 0.0000e+00 3.0000e+00 1.0000e+00 1.1000e+01 0.0000e+00 2.0000e+00 0.0000e+00 0.0000e+00 7.0000e+00 1.3000e+01 0.0000e+00 1.4000e+01 0.0000e+00 0.0000e+00 1.0000e+00 5.4000e+01 0.0000e+00 6.7000e+01 1.1500e+02 5.0000e+00 4.0000e+00 0.0000e+00 1.7000e+01 2.4000e+01 4.4000e+01 1.6480e+03 2.4000e+01 4.0000e+00 1.7000e+02 0.0000e+00 3.5000e+01 0.0000e+00 6.7000e+01 2.0000e+01 7.0000e+00 6.0000e+00 1.4000e+02 0.0000e+00 5.0000e+00 1.3000e+01 0.0000e+00 0.0000e+00 2.8000e+01 3.4990e+03 2.2000e+01 0.0000e+00 2.5000e+01 2.0000e+01
4.1000e+01 1.9000e+01 0.0000e+00 0.0000e+00 3.9000e+01 1.7000e+01 0.0000e+00 7.1000e+01 0.0000e+00 0.0000e+00 6.9000e+01 2.4000e+01 9.4000e+01 6.0000e+00 1.3000e+01 1.0000e+01 3.0000e+03 1.6780e+03 4.9000e+01 1.4090e+03 3.0000e+01 2.3000e+01 4.0000e+00 0.0000e+00 1.5000e+01 7.0000e+00 6.5500e+02 4.0000e+01 4.8400e+02 5.0000e+00 1.5000e+01 0.0000e+00 6.7000e+01 0.0000e+00 6.8000e+02 1.0200e+02 8.2000e+01 1.9000e+01 1.9000e+01 1.2000e+01 1.7000e+01 1.5000e+01 0.0000e+00 0.0000e+00 2.0000e+00 8.0000e+00 1.2000e+02 0.0000e+00 1.2600e+02 1.0460e+03
5.2750e+03 5.8360e+03 0.0000e+00 3.8850e+03 1.5310e+03 8.0000e+00 0.0000e+00 1.3770e+03 0.0000e+00 0.0000e+00 4.6000e+01 2.2300e+02 5.3410e+03 1.1740e+03 9.2000e+01 1.0000e+00 2.0800e+02 8.0000e+00 3.0180e+03 3.0000e+00 4.8130e+03 2.5900e+02 3.1760e+03 0.0000e+00 5.8150e+03 2.1600e+02 4.8740e+03 4.6500e+02 2.3590e+03 0.0000e+00 5.3230e+03 0.0000e+00 1.6000e+01 0.0000e+00 4.8550e+03 5.6720e+03 2.0220e+03 5.4750e+03 5.3610e+03 4.8170e+03 3.3430e+03 5.5860e+03 0.0000e+00 0.0000e+00 5.7990e+03 2.1000e+01 2.2000e+01 0.0000e+00 2.3000e+01 1.8000e+01
0.0000e+00 0.0000e+00 0.0000e+00 5.4000e+01 3.5390e+03 3.0000e+00 0.0000e+00 4.2230e+03 0.0000e+00 0.0000e+00 7.0000e+00 1.0000e+00 1.0000e+00 2.1000e+01 2.6000e+01 4.3010e+03 5.4800e+02 0.0000e+00 2.0000e+00 4.2700e+02 9.5000e+01 0.0000e+00 0.0000e+00 0.0000e+00 0.0000e+00 5.0000e+00 0.0000e+00 6.4000e+02 1.2000e+02 2.0000e+00 0.0000e+00 0.0000e+00 2.4000e+01 0.0000e+00 0.0000e+00 0.0000e+00 4.0000e+00 2.0000e+00 2.6000e+01 0.0000e+00 7.7000e+01 2.0000e+00 0.0000e+00 0.0000e+00 0.0000e+00 1.9000e+01 3.0000e+00 0.0000e+00 3.3950e+03 0.0000e+00
0.0000e+00 0.0000e+00 0.0000e+00 1.0000e+00 1.0500e+02 6.0000e+00 0.0000e+00 0.0000e+00 0.0000e+00 0.0000e+00 6.0000e+00 6.2000e+01 2.0000e+00 1.4700e+02 2.3000e+02 4.2000e+01 4.4000e+01 2.0100e+02 7.0000e+00 1.5600e+02 2.5100e+02 0.0000e+00 0.0000e+00 0.0000e+00 0.0000e+00 8.0000e+00 0.0000e+00 3.9000e+01 3.2800e+02 4.0000e+00 0.0000e+00 0.0000e+00 4.8000e+01 0.0000e+00 0.0000e+00 0.0000e+00 1.0000e+00 5.0000e+00 5.4000e+01 0.0000e+00 2.5000e+01 5.0000e+00 0.0000e+00 0.0000e+00 0.0000e+00 4.0600e+02 8.0000e+01 0.0000e+00 7.9400e+02 2.8700e+02
0.0000e+00 0.0000e+00 0.0000e+00 1.6190e+03 7.6000e+01 5.1950e+03 0.0000e+00 0.0000e+00 0.0000e+00 0.0000e+00 1.4000e+01 0.0000e+00 1.5100e+02 1.3500e+02 3.3400e+02 2.4000e+01 2.3000e+01 1.6400e+02 6.8000e+01 9.2500e+02 2.3000e+01 0.0000e+00 0.0000e+00 0.0000e+00 0.0000e+00 1.2900e+02 0.0000e+00 5.3500e+02 4.4900e+02 3.4800e+02 0.0000e+00 0.0000e+00 5.3000e+01 0.0000e+00 0.0000e+00 0.0000e+00 1.7060e+03 0.0000e+00 1.2000e+01 0.0000e+00 4.9000e+01 4.1000e+01 0.0000e+00 0.0000e+00 0.0000e+00 4.8400e+02 4.6100e+03 0.0000e+00 1.3900e+02 1.0200e+02
0.0000e+00 0.0000e+00 0.0000e+00 0.0000e+00 1.0000e+00 2.3100e+02 0.0000e+00 0.0000e+00 0.0000e+00 0.0000e+00 1.7000e+01 0.0000e+00 1.0000e+00 1.7000e+01 4.0000e+00 8.0000e+00 6.6000e+01 2.0800e+02 1.6000e+01 3.7000e+01 1.9100e+02 0.0000e+00 0.0000e+00 0.0000e+00 0.0000e+00 2.0600e+02 0.0000e+00 3.9000e+01 7.0000e+00 6.2000e+01 0.0000e+00 0.0000e+00 1.0000e+00 0.0000e+00 0.0000e+00 0.0000e+00 2.0000e+00 0.0000e+00 4.8000e+01 0.0000e+00 2.1000e+01 2.2000e+01 0.0000e+00 0.0000e+00 0.0000e+00 1.3000e+01 3.2000e+01 0.0000e+00 4.3000e+01 1.1700e+02
