1.0000e+00 5.0000e-01 1.0000e+00 8.0000e-01 0.0000e+00 0.0000e+00 0.0000e+00 0.0000e+00 9.7678e-01 9.9749e-01 8.6303e-01 6.6667e-01 5.0000e-01 9.0758e-01 7.4945e-01 7.5000e-01 6.6667e-01 0.0000e+00 0.0000e+00 0.0000e+00 1.0000e+00 9.6746e-01 9.2857e-01 9.9383e-01 5.0000e-01 0.0000e+00 1.0000e+00 5.8333e-01 0.0000e+00 8.6111e-01 1.0000e+00 5.0000e-01 7.5000e-01 8.3333e-01 0.0000e+00 0.0000e+00 0.0000e+00 5.0000e-01 0.0000e+00 9.4286e-01 8.0000e-01 6.6667e-01 8.3333e-01 9.6000e-01 0.0000e+00 5.0000e-01 0.0000e+00 1.0000e+00 6.6667e-01 8.7500e-01
0.0000e+00 3.7500e-01 0.0000e+00 0.0000e+00 0.0000e+00 0.0000e+00 0.0000e+00 0.0000e+00 0.0000e+00 3.3333e-01 0.0000e+00 0.0000e+00 0.0000e+00 0.0000e+00 0.0000e+00 0.0000e+00 3.3333e-01 0.0000e+00 0.0000e+00 2.5000e-01 5.0000e-01 0.0000e+00 4.0000e-01 0.0000e+00 0.0000e+00 5.2778e-01 5.0000e-01 0.0000e+00 5.0000e-01 0.0000e+00 0.0000e+00 4.7826e-01 0.0000e+00 3.7500e-01 5.0000e-01 0.0000e+00 0.0000e+00 0.0000e+00 0.0000e+00 3.3333e-01 0.0000e+00 0.0000e+00 0.0000e+00 0.0000e+00 0.0000e+00 2.5000e-01 0.0000e+00 0.0000e+00 0.0000e+00 3.3333e-01
5.0000e-01 0.0000e+00 9.9531e-01 0.0000e+00 0.0000e+00 0.0000e+00 1.0000e+00 5.0000e-01 0.0000e+00 5.0000e-01 6.6667e-01 0.0000e+00 0.0000e+00 0.0000e+00 3.3333e-01 0.0000e+00 0.0000e+00 0.0000e+00 0.0000e+00 0.0000e+00 5.0000e-01 0.0000e+00 0.0000e+00 0.0000e+00 8.8889e-01 0.0000e+00 1.0000e+00 0.0000e+00 9.2857e-01 0.0000e+00 0.0000e+00 1.0000e+00 8.2370e-01 0.0000e+00 0.0000e+00 5.0000e-01 0.0000e+00 6.8174e-01 0.0000e+00 7.3684e-01 0.0000e+00 0.0000e+00 0.0000e+00 0.0000e+00 0.0000e+00 0.0000e+00 0.0000e+00 9.8103e-01 5.5556e-01 9.1073e-01
6.6667e-01 0.0000e+00 0.0000e+00 0.0000e+00 0.0000e+00 5.6667e-01 5.0000e-01 0.0000e+00 0.0000e+00 0.0000e+00 0.0000e+00 0.0000e+00 5.0000e-01 0.0000e+00 0.0000e+00 0.0000e+00 0.0000e+00 0.0000e+00 3.3822e-01 5.0923e-01 7.5000e-01 0.0000e+00 0.0000e+00 0.0000e+00 7.2847e-01 0.0000e+00 7.2727e-01 6.4068e-01 6.6667e-01 5.0000e-01 8.5318e-01 5.0000e-01 0.0000e+00 0.0000e+00 6.6667e-01 0.0000e+00 5.0000e-01 4.5455e-01 7.4535e-01 0.0000e+00 5.0000e-01 0.0000e+00 0.0000e+00 0.0000e+00 0.0000e+00 0.0000e+00 6.1979e-01 0.0000e+00 5.0000e-01 5.0000e-01
0.0000e+00 5.0000e-01 5.0000e-01 0.0000e+00 0.0000e+00 0.0000e+00 5.0000e-01 6.9231e-01 0.0000e+00 5.0000e-01 5.0000e-01 0.0000e+00 7.9739e-01 5.0000e-01 0.0000e+00 0.0000e+00 5.0000e-01 0.0000e+00 0.0000e+00 3.3333e-01 0.0000e+00 0.0000e+00 0.0000e+00 5.0000e-01 0.0000e+00 6.0000e-01 0.0000e+00 3.3333e-01 8.2808e-01 0.0000e+00 5.0000e-01 0.0000e+00 0.0000e+00 5.0000e-01 9.1449e-01 7.9214e-01 5.0000e-01 3.3333e-01 5.0000e-01 5.9259e-01 5.0000e-01 6.3704e-01 0.0000e+00 0.0000e+00 5.0000e-01 3.3333e-01 4.5455e-01 5.0000e-01 5.3846e-01 5.0000e-01
1.0000e+00 1.0000e+00 1.0000e+00 1.0000e+00 1.0000e+00 6.6667e-01 1.0000e+00 1.0000e+00 7.5000e-01 1.0000e+00 0.0000e+00 8.7500e-01 9.7015e-01 8.5714e-01 0.0000e+00 0.0000e+00 7.5000e-01 0.0000e+00 0.0000e+00 0.0000e+00 1.0000e+00 9.9724e-01 9.9834e-01 1.0000e+00 1.0000e+00 0.0000e+00 1.0000e+00 5.7143e-01 1.0000e+00 0.0000e+00 1.0000e+00 1.0000e+00 0.0000e+00 8.9543e-01 1.0000e+00 1.0000e+00 5.0000e-01 9.6573e-01 1.0000e+00 9.9403e-01 8.3333e-01 9.6679e-01 9.4424e-01 1.0000e+00 9.8957e-01 5.5556e-01 5.0000e-01 1.0000e+00 0.0000e+00 0.0000e+00
9.7610e-01 0.0000e+00 6.6667e-01 6.6667e-01 5.0000e-01 0.0000e+00 9.7286e-01 9.6162e-01 5.0000e-01 5.0000e-01 5.0000e-01 0.0000e+00 0.0000e+00 0.0000e+00 3.3333e-01 7.4557e-01 7.7514e-01 0.0000e+00 0.0000e+00 0.0000e+00 1.0000e+00 0.0000e+00 0.0000e+00 0.0000e+00 6.6667e-01 5.0000e-01 0.0000e+00 0.0000e+00 0.0000e+00 0.0000e+00 0.0000e+00 7.5000e-01 5.0000e-01 0.0000e+00 0.0000e+00 8.2353e-01 0.0000e+00 0.0000e+00 6.6667e-01 5.0000e-01 7.7683e-01 0.0000e+00 5.0000e-01 0.0000e+00 0.0000e+00 0.0000e+00 0.0000e+00 8.3333e-01 0.0000e+00 0.0000e+00
5.0000e-01 6.0000e-01 5.0000e-01 5.0000e-01 7.3312e-01 0.0000e+00 0.0000e+00 0.0000e+00 0.0000e+00 0.0000e+00 0.0000e+00 5.0000e-01 0.0000e+00 7.7703e-01 0.0000e+00 0.0000e+00 0.0000e+00 3.9897e-01 0.0000e+00 0.0000e+00 8.2028e-01 0.0000e+00 0.0000e+00 0.0000e+00 5.0000e-01 0.0000e+00 8.0426e-01 0.0000e+00 0.0000e+00 0.0000e+00 0.0000e+00 0.0000e+00 0.0000e+00 5.0000e-01 8.0000e-01 0.0000e+00 0.0000e+00 3.3333e-01 0.0000e+00 0.0000e+00 5.5340e-01 0.0000e+00 5.0000e-01 0.0000e+00 0.0000e+00 0.0000e+00 0.0000e+00 5.0000e-01 7.4264e-01 5.0000e-01
5.0000e-01 9.1189e-01 0.0000e+00 9.4489e-01 8.3333e-01 6.6667e-01 0.0000e+00 0.0000e+00 0.0000e+00 0.0000e+00 0.0000e+00 8.8889e-01 0.0000e+00 7.3333e-01 0.0000e+00 0.0000e+00 6.6667e-01 0.0000e+00 3.3333e-01 6.2766e-01 5.0000e-01 0.0000e+00 6.6667e-01 0.0000e+00 5.0000e-01 7.5000e-01 1.0000e+00 0.0000e+00 0.0000e+00 8.0696e-01 6.6667e-01 0.0000e+00 7.1429e-01 5.0000e-01 1.0000e+00 5.0000e-01 8.8362e-01 6.2963e-01 5.0000e-01 0.0000e+00 7.5000e-01 0.0000e+00 5.0000e-01 9.1443e-01 8.0000e-01 5.0000e-01 8.0299e-01 0.0000e+00 0.0000e+00 8.4783e-01
0.0000e+00 0.0000e+00 0.0000e+00 0.0000e+00 0.0000e+00 7.9130e-01 0.0000e+00 0.0000e+00 0.0000e+00 5.7143e-01 0.0000e+00 8.1754e-01 0.0000e+00 0.0000e+00 2.5000e-01 0.0000e+00 0.0000e+00 0.0000e+00 0.0000e+00 0.0000e+00 0.0000e+00 5.0000e-01 5.0000e-01 0.0000e+00 0.0000e+00 8.2475e-01 8.3081e-01 0.0000e+00 7.1429e-01 5.0000e-01 0.0000e+00 6.6667e-01 0.0000e+00 0.0000e+00 0.0000e+00 6.2500e-01 0.0000e+00 0.0000e+00 6.8833e-01 0.0000e+00 5.0000e-01 0.0000e+00 5.0000e-01 0.0000e+00 0.0000e+00 4.7422e-01 0.0000e+00 6.6667e-01 0.0000e+00 5.7143e-01
