0.0000e+00 1.0000e+00 2.0000e+00 4.0000e+00 0.0000e+00 0.0000e+00 0.0000e+00 0.0000e+00 5.8890e+03 5.9630e+03 5.1480e+03 2.0000e+00 1.0000e+00 7.6600e+02 4.4600e+03 3.0000e+00 2.0000e+00 0.0000e+00 0.0000e+00 0.0000e+00 0.0000e+00 5.1130e+03 1.3000e+01 5.9570e+03 1.0000e+00 0.0000e+00 0.0000e+00 7.0000e+00 0.0000e+00 3.1000e+01 1.0000e+00 1.0000e+00 3.0000e+00 5.0000e+00 0.0000e+00 0.0000e+00 0.0000e+00 1.0000e+00 0.0000e+00 1.6500e+02 4.0000e+00 2.0000e+00 5.0000e+00 2.4000e+01 0.0000e+00 1.0000e+00 0.0000e+00 0.0000e+00 2.0000e+00 7.0000e+00
0.0000e+00 3.0000e+00 0.0000e+00 0.0000e+00 0.0000e+00 0.0000e+00 0.0000e+00 0.0000e+00 0.0000e+00 1.0000e+00 0.0000e+00 0.0000e+00 0.0000e+00 0.0000e+00 0.0000e+00 0.0000e+00 1.0000e+00 0.0000e+00 0.0000e+00 2.0000e+00 2.0000e+00 0.0000e+00 2.0000e+00 0.0000e+00 0.0000e+00 1.9000e+01 1.0000e+00 0.0000e+00 1.0000e+00 0.0000e+00 0.0000e+00 2.2000e+01 0.0000e+00 3.0000e+00 1.0000e+00 0.0000e+00 0.0000e+00 0.0000e+00 0.0000e+00 1.0000e+00 0.0000e+00 0.0000e+00 0.0000e+00 0.0000e+00 0.0000e+00 1.0000e+00 0.0000e+00 0.0000e+00 0.0000e+00 1.0000e+00
1.0000e+00 0.0000e+00 5.9400e+03 0.0000e+00 0.0000e+00 0.0000e+00 1.5730e+03 1.0000e+00 0.0000e+00 1.0000e+00 4.0000e+00 0.0000e+00 0.0000e+00 0.0000e+00 1.0000e+00 0.0000e+00 0.0000e+00 0.0000e+00 0.0000e+00 0.0000e+00 1.0000e+00 0.0000e+00 0.0000e+00 0.0000e+00 8.0000e+00 0.0000e+00 2.0000e+00 0.0000e+00 1.3000e+01 0.0000e+00 0.0000e+00 5.9790e+03 4.9760e+03 0.0000e+00 0.0000e+00 1.0000e+00 0.0000e+00 3.9200e+02 0.0000e+00 1.4000e+01 0.0000e+00 0.0000e+00 0.0000e+00 0.0000e+00 0.0000e+00 0.0000e+00 0.0000e+00 5.8960e+03 5.0000e+00 5.3970e+03
6.0000e+00 0.0000e+00 0.0000e+00 0.0000e+00 0.0000e+00 1.7000e+01 1.0000e+00 0.0000e+00 0.0000e+00 0.0000e+00 0.0000e+00 0.0000e+00 1.0000e+00 0.0000e+00 0.0000e+00 0.0000e+00 0.0000e+00 0.0000e+00 2.0090e+03 2.9520e+03 3.0000e+00 0.0000e+00 0.0000e+00 0.0000e+00 4.3650e+03 0.0000e+00 2.4000e+01 3.8210e+03 4.0000e+00 1.0000e+00 5.1370e+03 1.0000e+00 0.0000e+00 0.0000e+00 2.0000e+00 0.0000e+00 1.0000e+00 5.0000e+00 4.0510e+03 0.0000e+00 3.0000e+00 0.0000e+00 0.0000e+00 0.0000e+00 0.0000e+00 0.0000e+00 1.0710e+03 0.0000e+00 2.0000e+00 1.0000e+00
0.0000e+00 1.0000e+00 1.0000e+00 0.0000e+00 0.0000e+00 0.0000e+00 1.0000e+00 9.0000e+00 0.0000e+00 1.0000e+00 5.0000e+00 0.0000e+00 4.7070e+03 2.0000e+00 0.0000e+00 0.0000e+00 1.0000e+00 0.0000e+00 0.0000e+00 1.0000e+00 0.0000e+00 0.0000e+00 0.0000e+00 1.0000e+00 0.0000e+00 3.0000e+00 0.0000e+00 1.0000e+00 4.9900e+03 0.0000e+00 1.0000e+00 0.0000e+00 0.0000e+00 1.0000e+00 5.3470e+03 4.7750e+03 1.0000e+00 1.0000e+00 1.0000e+00 1.6000e+01 1.0000e+00 3.3260e+03 0.0000e+00 0.0000e+00 2.0000e+00 1.0000e+00 1.5000e+01 1.0000e+00 7.0000e+00 1.0000e+00
1.0000e+00 1.6000e+01 1.0000e+00 1.3000e+01 6.0000e+00 2.0000e+00 2.0000e+00 1.0000e+00 3.0000e+00 1.3000e+01 0.0000e+00 7.0000e+00 6.5000e+01 6.0000e+00 0.0000e+00 0.0000e+00 6.0000e+00 0.0000e+00 0.0000e+00 0.0000e+00 3.0000e+00 7.2300e+02 6.0030e+03 2.6000e+01 1.0000e+00 0.0000e+00 1.0000e+00 4.0000e+00 0.0000e+00 0.0000e+00 2.0000e+00 0.0000e+00 0.0000e+00 5.3260e+03 2.0000e+00 8.0000e+00 1.0000e+00 5.0440e+03 1.0000e+00 5.6620e+03 5.0000e+00 7.5700e+02 5.5880e+03 8.0000e+00 5.8820e+03 5.0000e+00 1.0000e+00 0.0000e+00 0.0000e+00 0.0000e+00
5.7180e+03 0.0000e+00 2.0000e+00 4.0000e+00 1.0000e+00 0.0000e+00 4.3020e+03 5.7880e+03 1.0000e+00 1.0000e+00 2.0000e+00 0.0000e+00 0.0000e+00 0.0000e+00 1.0000e+00 4.5390e+03 4.5640e+03 0.0000e+00 0.0000e+00 0.0000e+00 4.0000e+00 0.0000e+00 0.0000e+00 0.0000e+00 2.0000e+00 1.0000e+00 0.0000e+00 0.0000e+00 0.0000e+00 0.0000e+00 0.0000e+00 3.0000e+00 1.0000e+00 0.0000e+00 0.0000e+00 1.4000e+01 0.0000e+00 0.0000e+00 2.0000e+00 1.0000e+00 4.4590e+03 0.0000e+00 1.0000e+00 0.0000e+00 0.0000e+00 0.0000e+00 0.0000e+00 1.0000e+01 0.0000e+00 0.0000e+00
1.0000e+00 6.0000e+00 1.0000e+00 1.0000e+00 4.2990e+03 0.0000e+00 0.0000e+00 0.0000e+00 0.0000e+00 0.0000e+00 0.0000e+00 1.0000e+00 0.0000e+00 3.9100e+03 0.0000e+00 0.0000e+00 0.0000e+00 2.4070e+03 0.0000e+00 0.0000e+00 4.8790e+03 0.0000e+00 0.0000e+00 0.0000e+00 1.0000e+00 0.0000e+00 1.1710e+03 0.0000e+00 0.0000e+00 0.0000e+00 0.0000e+00 0.0000e+00 0.0000e+00 1.0000e+00 1.2000e+01 0.0000e+00 0.0000e+00 1.0000e+00 0.0000e+00 0.0000e+00 1.1400e+02 0.0000e+00 1.0000e+00 0.0000e+00 0.0000e+00 0.0000e+00 0.0000e+00 1.0000e+00 4.4150e+03 1.0000e+00
1.0000e+00 5.4440e+03 0.0000e+00 5.6920e+03 5.0000e+00 2.0000e+00 0.0000e+00 0.0000e+00 0.0000e+00 0.0000e+00 0.0000e+00 8.0000e+00 0.0000e+00 1.1000e+01 0.0000e+00 0.0000e+00 2.0000e+00 0.0000e+00 1.0000e+00 5.9000e+01 1.0000e+00 0.0000e+00 2.0000e+00 0.0000e+00 1.0000e+00 3.0000e+00 0.0000e+00 0.0000e+00 0.0000e+00 4.8240e+03 2.0000e+00 0.0000e+00 5.0000e+00 1.0000e+00 2.0000e+00 1.0000e+00 5.2160e+03 3.4000e+01 1.0000e+00 0.0000e+00 6.0000e+00 0.0000e+00 1.0000e+00 5.3860e+03 4.0000e+00 1.0000e+00 3.5950e+03 0.0000e+00 0.0000e+00 3.9000e+01
0.0000e+00 0.0000e+00 0.0000e+00 0.0000e+00 0.0000e+00 4.8380e+03 0.0000e+00 0.0000e+00 0.0000e+00 8.0000e+00 0.0000e+00 4.9420e+03 0.0000e+00 0.0000e+00 1.0000e+00 0.0000e+00 0.0000e+00 0.0000e+00 0.0000e+00 0.0000e+00 0.0000e+00 1.0000e+00 1.0000e+00 0.0000e+00 0.0000e+00 4.9460e+03 3.7910e+03 0.0000e+00 5.0000e+00 1.0000e+00 0.0000e+00 2.0000e+00 0.0000e+00 0.0000e+00 0.0000e+00 5.0000e+00 0.0000e+00 0.0000e+00 4.1300e+02 0.0000e+00 2.0000e+00 0.0000e+00 1.0000e+00 0.0000e+00 0.0000e+00 2.8140e+03 0.0000e+00 2.0000e+00 0.0000e+00 4.0000e+00
