9.0000e+00 2.1000e+01 5.0000e+00 4.2000e+01 1.0000e+01 7.0000e+00 1.3000e+01 7.0000e+00 5.4400e+03 6.0000e+00 1.3000e+01 1.4000e+01 1.6400e+02 7.4200e+02 2.0000e+01 7.0000e+01 5.3000e+01 3.9000e+01 7.3600e+02 7.6000e+01 7.0000e+00 4.0580e+03 4.2020e+03 5.0980e+03 2.8000e+01 1.4000e+01 1.1000e+01 6.8000e+01 7.0000e+00 2.6960e+03 1.1000e+01 3.0000e+00 2.7970e+03 1.5000e+01 1.1000e+01 1.1000e+01 3.6700e+02 1.1000e+02 4.4000e+01 1.6390e+03 1.8570e+03 1.4000e+01 4.0000e+00 1.2500e+02 1.8000e+01 2.0000e+01 1.2000e+01 1.2000e+01 2.4000e+01 1.5000e+01
7.7000e+01 9.1000e+01 1.3200e+03 2.1000e+01 2.5000e+01 9.3000e+01 2.0000e+01 4.6600e+02 6.9000e+01 3.6300e+02 3.3000e+01 4.4000e+01 6.4000e+01 3.0000e+01 5.5110e+03 4.1000e+01 1.5200e+02 5.5670e+03 3.7530e+03 1.3100e+02 1.3000e+02 1.2120e+03 5.1000e+02 3.2000e+01 2.0900e+02 1.2600e+02 4.8000e+01 1.4600e+02 9.5600e+02 4.8000e+01 6.4000e+01 1.1850e+03 5.5000e+01 4.2000e+01 1.4600e+02 2.5300e+02 4.9000e+01 2.6000e+01 6.2000e+01 6.7000e+01 2.7000e+01 3.6000e+01 5.6740e+03 3.8600e+02 8.0000e+01 1.3700e+02 2.8000e+01 2.0000e+01 4.2000e+01 3.6300e+02
6.0800e+02 1.2900e+02 3.4430e+03 1.3000e+01 1.1000e+01 2.6000e+01 5.3640e+03 2.9000e+01 1.5000e+01 1.5000e+01 5.5100e+03 7.0000e+00 1.0000e+01 1.4000e+01 4.1000e+01 1.1000e+01 1.1000e+01 1.6000e+01 3.1500e+02 1.6100e+02 1.0000e+01 8.0000e+00 3.5000e+01 1.2000e+01 2.3800e+02 2.0000e+01 4.2000e+01 4.1000e+01 6.2300e+02 1.3000e+01 1.2000e+01 4.1730e+03 1.5750e+03 1.0000e+01 7.0000e+00 7.7000e+01 1.0000e+01 1.0000e+02 7.0000e+00 2.3300e+02 8.0000e+00 1.2000e+01 6.0000e+00 2.1000e+01 1.4000e+01 1.2000e+01 1.2000e+01 5.2640e+03 2.3000e+01 4.1000e+01
2.0000e+01 4.7000e+01 1.0000e+01 1.3000e+01 1.3000e+01 8.3000e+01 2.2000e+01 1.2000e+01 1.1000e+01 4.0000e+01 4.5000e+01 4.0000e+01 4.3000e+01 6.5000e+01 1.0000e+01 2.4000e+01 2.0000e+01 2.5000e+01 9.2000e+01 7.7700e+02 3.9400e+02 3.9000e+01 6.6000e+01 8.6000e+01 3.7260e+03 1.5200e+02 2.7200e+02 5.0160e+03 6.4000e+01 1.1500e+02 5.8290e+03 7.0000e+01 1.0500e+02 3.3800e+02 2.4700e+02 1.1900e+02 4.5000e+01 5.3000e+01 4.9880e+03 2.8000e+01 5.6000e+01 2.2000e+02 1.7000e+01 2.0000e+01 1.9000e+02 5.3610e+03 1.0670e+03 3.9000e+01 2.5600e+02 9.2000e+01
9.7000e+01 1.1100e+02 9.9000e+01 2.5000e+01 6.4000e+01 3.2000e+01 1.9000e+01 3.8000e+02 1.6000e+01 5.6000e+01 2.2300e+02 1.0700e+02 4.2540e+03 1.4000e+01 2.7000e+01 7.2000e+01 5.1940e+03 2.3600e+02 1.7300e+02 3.0900e+03 4.1000e+01 1.3200e+02 1.0000e+01 1.9000e+01 3.8000e+01 2.9000e+01 2.9550e+03 1.6700e+02 7.3200e+02 1.1000e+01 3.0000e+01 3.3500e+02 4.6000e+01 1.6000e+01 4.9320e+03 8.3800e+02 2.5600e+02 8.4000e+01 5.6000e+01 1.0000e+01 6.2000e+01 3.3000e+01 1.8000e+01 1.9000e+01 2.8000e+01 1.9000e+01 4.5700e+02 6.5000e+01 2.3100e+02 4.2740e+03
1.1000e+01 9.7000e+01 4.0000e+00 7.5000e+01 1.6000e+01 1.6000e+01 1.6000e+01 1.4000e+01 1.9000e+02 5.0000e+00 1.0000e+01 6.0000e+00 1.3310e+03 4.7700e+02 2.1000e+01 1.2000e+01 7.7000e+01 1.6000e+01 2.8900e+02 2.2000e+01 1.3000e+01 4.1600e+02 7.9000e+02 6.9100e+02 1.1190e+03 8.0000e+00 1.1000e+01 8.8000e+01 9.0000e+00 1.0000e+01 7.0000e+00 3.0000e+00 3.7000e+01 1.2000e+01 1.0000e+00 5.0000e+00 8.0600e+02 5.2800e+03 1.9500e+02 3.6290e+03 3.0820e+03 5.5170e+03 1.0000e+00 7.7000e+01 5.3770e+03 1.6000e+01 1.6000e+01 6.0000e+00 4.7000e+01 8.0000e+00
4.8870e+03 1.1000e+01 2.6600e+02 9.7000e+01 5.0530e+03 9.0000e+00 4.8300e+02 5.0780e+03 1.0000e+01 5.0430e+03 1.2000e+01 7.0000e+00 1.0000e+01 3.2000e+01 9.0000e+00 5.6020e+03 8.9000e+01 1.1000e+01 2.3000e+01 1.8200e+02 2.1000e+01 8.0000e+00 1.5000e+01 1.5000e+01 4.2300e+02 1.3000e+01 5.0000e+00 1.5700e+02 6.4000e+01 9.0000e+00 1.2000e+01 1.1400e+02 1.8000e+01 5.0000e+00 5.0000e+00 4.7100e+02 1.0000e+01 8.0000e+00 7.2000e+01 2.4000e+02 4.7200e+02 1.4000e+01 1.7000e+02 1.1000e+01 8.0000e+00 1.4000e+01 1.9000e+01 4.6200e+02 6.5000e+02 7.0000e+00
2.7000e+01 1.2300e+02 2.6700e+02 1.7000e+01 5.1200e+02 1.1000e+01 2.0000e+01 3.1000e+01 2.4000e+02 1.6200e+02 3.4000e+01 1.0270e+03 2.0000e+01 4.1690e+03 2.2300e+02 1.4800e+02 6.7000e+01 3.2000e+01 1.5000e+01 5.4100e+02 3.9700e+02 5.9000e+01 2.9000e+01 2.2000e+01 3.9000e+01 1.2000e+01 3.6000e+02 5.0000e+01 3.5160e+03 1.9000e+01 3.4000e+01 5.7000e+01 1.1340e+03 5.4670e+03 4.5300e+02 4.2440e+03 1.5000e+01 4.9000e+01 1.9700e+02 4.3000e+01 8.8000e+01 1.7000e+01 1.0000e+01 5.0000e+01 2.0000e+01 2.3700e+02 1.9900e+02 2.5000e+01 4.4970e+03 1.0530e+03
2.0000e+00 5.3660e+03 1.0000e+01 5.7420e+03 1.5300e+02 2.7500e+02 1.2000e+01 1.0000e+01 3.5000e+01 5.5000e+01 5.5000e+01 1.0000e+01 6.4000e+01 3.0300e+02 8.9000e+01 8.4000e+01 5.0000e+01 3.2000e+01 3.9900e+02 2.3800e+02 5.0000e+00 5.5000e+01 3.1100e+02 2.8000e+01 1.1000e+02 5.0000e+00 9.0000e+00 1.2700e+02 7.0000e+00 2.5240e+03 1.0000e+01 3.0000e+00 2.7500e+02 1.2000e+01 1.1000e+01 2.9000e+01 4.3460e+03 6.6000e+01 2.5000e+01 2.3000e+01 8.6000e+01 7.3000e+01 4.0000e+00 5.2080e+03 1.2000e+02 7.8000e+01 4.1830e+03 1.5000e+01 1.3900e+02 3.0000e+00
1.3900e+02 1.6000e+01 5.5800e+02 1.0000e+01 2.7000e+01 5.6040e+03 3.7000e+01 1.4000e+01 1.6000e+01 2.7200e+02 5.6000e+01 4.8100e+03 2.0000e+01 6.1000e+01 1.6000e+01 3.6000e+01 1.9800e+02 6.8000e+01 1.5600e+02 6.9000e+02 4.9510e+03 3.2000e+01 7.4000e+01 2.6000e+01 8.4000e+01 5.6700e+03 2.3460e+03 1.3200e+02 8.1000e+01 5.7900e+02 2.5000e+01 9.6000e+01 1.8000e+01 5.5000e+01 6.2000e+01 2.2000e+01 1.1000e+01 9.8000e+01 4.0100e+02 1.4000e+01 2.4100e+02 7.8000e+01 3.2000e+01 1.3000e+01 1.0500e+02 6.4000e+01 2.5300e+02 1.2400e+02 7.0000e+01 1.4200e+02
