2.5000e-01 2.2222e-01 7.0707e-01 4.1304e-01 6.1514e-01 5.8333e-01 5.7143e-01 6.5455e-01 6.2292e-01 7.0940e-01 4.3077e-01 4.4000e-01 3.0769e-01 2.5000e-01 1.1765e-01 4.1538e-01 2.5000e-01 2.1429e-01 2.4000e-01 4.3243e-01 5.7500e-01 1.0000e-01 3.7179e-01 5.1724e-01 1.3636e-01 2.5000e-01 5.3271e-01 2.2727e-01 7.2507e-01 5.7576e-01 6.4344e-01 7.5651e-01 5.6790e-01 4.7917e-01 4.3820e-01 4.4444e-01 2.3077e-01 5.4839e-01 5.1724e-01 2.7027e-01 5.3191e-01 0.0000e+00 2.5000e-01 2.6087e-01 7.7165e-01 3.3333e-01 4.0000e-01 7.1888e-01 1.8182e-01 6.8027e-01
4.2857e-01 2.4138e-01 0.0000e+00 0.0000e+00 7.2219e-01 0.0000e+00 3.3333e-01 4.7826e-01 6.6667e-02 0.0000e+00 0.0000e+00 0.0000e+00 8.3333e-02 0.0000e+00 0.0000e+00 5.1773e-01 1.5789e-01 0.0000e+00 0.0000e+00 4.1176e-01 1.8182e-01 3.8095e-01 3.5156e-01 0.0000e+00 2.2581e-01 1.9231e-01 7.6923e-02 0.0000e+00 6.1538e-01 6.6000e-01 1.0000e-01 0.0000e+00 0.0000e+00 0.0000e+00 3.0000e-01 1.1111e-01 3.8095e-01 1.1111e-01 1.1111e-01 0.0000e+00 0.0000e+00 1.2500e-01 2.0000e-01 2.1053e-01 1.0000e+00 5.3333e-01 0.0000e+00 2.5000e-01 4.6154e-01 0.0000e+00
3.5294e-01 3.5294e-01 1.1111e-01 6.1170e-01 3.7209e-01 6.0714e-01 4.2105e-01 5.0877e-01 5.4237e-01 6.7059e-01 7.1244e-01 1.8182e-01 5.8065e-01 6.0324e-01 2.3077e-01 5.0758e-01 5.1938e-01 4.1379e-01 4.7059e-01 3.8710e-01 7.2727e-01 4.1667e-01 2.3214e-01 6.1364e-01 6.4675e-01 4.6774e-01 4.6970e-01 2.3913e-01 6.9029e-01 4.0476e-01 2.6316e-01 4.2857e-01 6.0748e-01 5.7143e-01 6.3571e-01 3.1250e-01 5.6250e-01 3.8889e-01 6.6667e-01 2.8205e-01 7.0760e-01 4.2623e-01 8.3117e-01 4.4000e-01 1.0000e+00 1.1111e-01 4.8276e-01 3.8462e-01 3.5294e-01 3.7500e-01
1.0000e+00 3.7931e-01 9.2852e-01 7.6259e-01 1.5789e-01 9.1803e-01 1.0000e+00 7.0070e-01 6.9393e-01 9.1107e-01 3.1429e-01 9.1288e-01 7.7724e-01 7.2708e-01 1.1765e-01 6.9373e-01 1.5789e-01 7.5399e-01 6.1475e-01 8.3333e-02 9.4723e-01 9.0010e-01 1.4286e-01 9.7997e-01 0.0000e+00 6.4941e-01 7.4388e-01 3.5714e-01 4.7170e-01 7.4279e-01 1.8519e-01 6.6477e-01 6.7027e-01 0.0000e+00 3.0000e-01 0.0000e+00 8.8364e-01 9.6071e-01 7.2289e-01 1.0526e-01 8.6912e-01 7.2302e-01 2.5000e-01 7.1967e-01 1.0000e+00 9.8967e-01 9.3816e-01 8.4600e-01 9.4189e-01 2.1429e-01
1.0000e+00 0.0000e+00 0.0000e+00 0.0000e+00 1.2500e-01 0.0000e+00 1.0000e+00 0.0000e+00 0.0000e+00 0.0000e+00 0.0000e+00 3.3333e-01 0.0000e+00 0.0000e+00 0.0000e+00 2.3077e-01 2.5000e-01 1.0000e-01 0.0000e+00 3.8710e-01 4.2857e-01 1.0000e-01 3.3028e-01 1.0000e+00 0.0000e+00 0.0000e+00 0.0000e+00 0.0000e+00 1.4286e-01 1.3333e-01 1.3636e-01 3.1818e-01 0.0000e+00 9.0909e-02 1.4286e-01 0.0000e+00 0.0000e+00 0.0000e+00 9.3109e-01 0.0000e+00 1.0000e-01 0.0000e+00 1.1111e-01 0.0000e+00 1.0000e+00 1.0000e+00 1.1111e-01 7.1171e-01 0.0000e+00 0.0000e+00
1.0000e+00 1.4286e-01 1.8182e-01 2.1053e-01 0.0000e+00 5.2778e-01 1.0000e+00 0.0000e+00 0.0000e+00 1.8182e-01 5.0000e-01 1.8182e-01 1.3333e-01 7.1429e-02 4.3056e-01 3.6170e-01 1.5789e-01 1.0000e-01 1.1765e-01 8.3333e-02 3.8889e-01 0.0000e+00 0.0000e+00 1.0000e+00 4.0909e-01 1.0526e-01 0.0000e+00 0.0000e+00 2.7273e-01 7.4802e-01 1.6000e-01 3.8710e-01 0.0000e+00 0.0000e+00 2.7778e-01 1.1111e-01 0.0000e+00 1.0000e+00 1.0000e+00 1.0526e-01 1.6667e-01 3.8776e-01 1.0000e+00 0.0000e+00 1.0000e+00 1.0000e+00 0.0000e+00 0.0000e+00 0.0000e+00 0.0000e+00
1.0000e+00 0.0000e+00 3.3333e-01 2.6087e-01 2.1739e-01 3.1250e-01 1.0000e+00 9.0909e-02 0.0000e+00 1.8182e-01 0.0000e+00 1.0000e-01 1.7647e-01 1.6667e-01 2.0833e-01 6.0000e-01 6.6667e-02 1.0000e-01 7.1429e-02 0.0000e+00 0.0000e+00 1.6667e-01 2.6154e-01 1.0000e+00 0.0000e+00 6.2500e-02 0.0000e+00 1.1538e-01 0.0000e+00 5.7252e-01 0.0000e+00 1.5385e-01 0.0000e+00 9.0909e-02 2.0000e-01 1.8182e-01 1.0000e-01 1.0000e+00 1.0000e+00 1.0526e-01 1.0000e-01 1.5789e-01 1.0000e+00 0.0000e+00 1.0000e+00 1.0000e+00 0.0000e+00 2.5000e-01 0.0000e+00 0.0000e+00
1.0000e+00 5.6314e-01 2.8571e-01 2.6087e-01 3.6585e-01 5.5814e-01 1.0000e+00 3.4615e-01 6.3859e-01 5.7447e-01 7.1429e-02 1.8182e-01 2.7273e-01 1.2500e-01 5.7966e-01 5.8131e-01 6.2125e-01 7.2558e-01 1.9048e-01 6.3758e-01 6.2745e-01 3.8095e-01 5.3999e-01 1.0000e+00 4.9451e-01 6.4350e-01 2.5000e-01 5.8031e-01 6.8947e-01 4.8485e-01 4.0659e-01 3.7037e-01 3.1818e-01 1.5385e-01 5.7600e-01 6.4789e-01 5.0000e-01 1.0000e+00 1.0000e+00 6.2020e-01 2.5000e-01 5.3125e-01 1.0000e+00 3.6364e-01 1.0000e+00 1.0000e+00 6.4407e-01 7.7759e-01 4.3478e-01 3.9286e-01
1.0000e+00 6.2500e-02 3.1250e-01 4.9275e-01 4.9474e-01 1.1111e-01 1.0000e+00 9.0909e-02 2.0833e-01 3.1250e-01 7.1429e-02 3.6842e-01 1.7647e-01 2.0000e-01 1.1765e-01 5.4688e-01 3.5556e-01 1.0000e-01 7.1429e-02 2.3529e-01 1.1111e-01 4.4444e-01 2.5000e-01 1.0000e+00 2.8571e-01 3.2653e-01 0.0000e+00 1.1538e-01 3.0769e-01 4.8485e-01 2.6316e-01 3.1818e-01 0.0000e+00 2.3529e-01 4.1558e-01 5.5814e-01 0.0000e+00 1.0000e+00 1.0000e+00 2.4242e-01 1.0000e-01 0.0000e+00 1.0000e+00 2.8000e-01 1.0000e+00 1.0000e+00 7.2115e-01 2.0000e-01 1.1111e-01 2.5000e-01
1.0000e+00 6.7773e-01 1.1111e-01 1.3333e-01 6.5997e-01 8.1269e-01 1.0000e+00 8.1727e-01 5.0400e-01 5.3846e-01 3.3333e-01 8.4502e-01 6.1714e-01 6.7654e-01 6.9473e-01 3.3333e-01 7.0713e-01 8.6355e-01 7.1436e-01 8.1197e-01 7.9213e-01 1.0000e-01 1.2500e-01 1.0000e+00 4.9462e-01 5.1905e-01 7.0475e-01 3.7273e-01 7.8051e-01 2.1053e-01 2.3529e-01 8.1936e-01 8.2219e-01 8.1932e-01 6.6786e-01 9.2001e-01 8.9008e-01 1.0000e+00 1.0000e+00 6.5139e-01 3.1579e-01 3.7209e-01 1.0000e+00 7.6519e-01 1.0000e+00 1.0000e+00 8.3626e-01 2.7778e-01 3.1250e-01 8.5530e-01
