7.7528e-01 5.1119e-01 8.5430e-01 7.1036e-01 3.7436e-01 1.1686e-02 4.9831e-01 2.3422e-01 9.7164e-01 9.9828e-01 8.6088e-01 9.7194e-01 7.6825e-01 8.9649e-01 7.0537e-01 4.9220e-01 7.6522e-01 4.6711e-01 6.9136e-01 4.2649e-01 5.5099e-01 9.6032e-01 9.5416e-01 9.9147e-01 5.0161e-01 8.9256e-01 7.5622e-01 5.6643e-01 4.9117e-01 8.7833e-01 8.6116e-01 4.8706e-01 8.8694e-01 9.8007e-01 4.3112e-01 5.2327e-01 8.8312e-01 6.7133e-01 4.4550e-01 9.4128e-01 9.1896e-01 3.1485e-01 9.7565e-01 9.8502e-01 3.3333e-01 3.5702e-01 2.4111e-01 4.5381e-01 4.2182e-01 7.2743e-01
1.9115e-01 3.1366e-01 4.9847e-01 7.6014e-02 1.4802e-01 3.0106e-01 5.4487e-02 4.7587e-01 1.8878e-01 4.1616e-01 1.6913e-01 2.0557e-01 2.5088e-01 7.4257e-02 5.4137e-01 5.8537e-02 3.2657e-01 4.0351e-01 4.0976e-01 1.9072e-01 3.5135e-01 4.7351e-01 4.0365e-01 1.3462e-01 3.8312e-01 3.9123e-01 2.6573e-01 2.2258e-01 5.0083e-01 1.5763e-01 3.2997e-01 5.0389e-01 1.7148e-01 2.5876e-01 4.1833e-01 4.8000e-01 1.8151e-01 9.5841e-02 2.4706e-01 1.4286e-01 5.7416e-02 1.1282e-01 5.4714e-01 4.1217e-01 1.7707e-01 2.8852e-01 2.9549e-02 4.9423e-03 8.8000e-02 4.8527e-01
8.5329e-01 6.9218e-01 9.9660e-01 2.1232e-01 8.7690e-02 4.2536e-01 1.0000e+00 5.7097e-01 2.5789e-01 2.3980e-01 9.4850e-01 1.1167e-01 1.8404e-01 1.0586e-01 5.2548e-01 0.0000e+00 1.1504e-01 1.2460e-01 5.8261e-01 4.9573e-01 2.5321e-01 1.4642e-01 5.7143e-01 9.0630e-02 7.3616e-01 5.3481e-01 6.7797e-01 3.4046e-01 8.9984e-01 3.0078e-01 5.2373e-01 1.0000e+00 8.4927e-01 3.4470e-01 2.1875e-01 6.0684e-01 1.5615e-01 6.8404e-01 2.2408e-01 8.4027e-01 1.9212e-01 2.9935e-01 3.1148e-02 5.3554e-01 4.2061e-01 2.8619e-01 4.0541e-02 9.8978e-01 4.9819e-01 9.0418e-01
3.0256e-01 3.0427e-01 2.9851e-02 1.6327e-01 6.7797e-02 4.9669e-01 2.8571e-01 5.5556e-02 1.1272e-01 4.3160e-01 3.9527e-01 4.8889e-01 2.7863e-01 4.9073e-01 5.3913e-02 1.6615e-01 4.3551e-02 3.7586e-01 3.4896e-01 4.9076e-01 7.4537e-01 4.2419e-01 5.0435e-01 5.8632e-01 7.2913e-01 6.7647e-01 7.6628e-01 6.6348e-01 5.7810e-01 5.1957e-01 8.5285e-01 5.2144e-01 4.8595e-01 7.7358e-01 7.1280e-01 6.1448e-01 3.6909e-01 4.5034e-01 7.7368e-01 2.8092e-01 4.5141e-01 6.4626e-01 2.2391e-01 1.5961e-01 5.8733e-01 7.8388e-01 6.3768e-01 5.1010e-01 5.3226e-01 5.1933e-01
5.8094e-01 6.2682e-01 6.6551e-01 3.9344e-01 5.2902e-01 5.3895e-01 5.2298e-01 8.1229e-01 1.2780e-01 4.0296e-01 6.7238e-01 5.9825e-01 7.6526e-01 3.6364e-01 3.9032e-01 3.9510e-01 7.9152e-01 5.0464e-01 4.7692e-01 6.1314e-01 6.5679e-01 5.7043e-01 2.4371e-01 3.0912e-01 4.2834e-01 4.5487e-01 9.2395e-01 4.9748e-01 8.3442e-01 3.4923e-01 5.2545e-01 7.1405e-01 4.9142e-01 3.2692e-01 9.0975e-01 7.8378e-01 6.6389e-01 5.2809e-01 5.2298e-01 3.7770e-01 5.3108e-01 6.4249e-01 3.7733e-01 2.3732e-01 4.4768e-01 4.5755e-01 6.2481e-01 4.2308e-01 6.6557e-01 8.8468e-01
9.9674e-01 1.0000e+00 9.9831e-01 9.5072e-01 9.2699e-01 5.3628e-01 7.0973e-01 9.3509e-01 8.2278e-01 9.8833e-01 7.3142e-01 8.2414e-01 9.7342e-01 8.4906e-01 5.7868e-01 4.4374e-02 6.9052e-01 1.5055e-01 7.1924e-01 1.2000e-01 9.6006e-01 9.9325e-01 1.0000e+00 9.8589e-01 1.0000e+00 7.7207e-01 9.6302e-01 5.8120e-01 9.2679e-01 1.2876e-01 9.7804e-01 8.5448e-01 5.6102e-01 9.0720e-01 9.7347e-01 9.8254e-01 8.9157e-01 9.6032e-01 9.5682e-01 9.9308e-01 9.5462e-01 9.6192e-01 9.4567e-01 9.9351e-01 9.8974e-01 6.6169e-01 4.0813e-01 9.0717e-01 5.5224e-01 4.7087e-01
9.7890e-01 2.2239e-01 8.3148e-01 7.0377e-01 9.4918e-01 2.2897e-01 9.7479e-01 9.6954e-01 2.2466e-01 8.8115e-01 2.7199e-01 1.3660e-01 1.7384e-01 4.0992e-01 3.4448e-01 7.6198e-01 7.7812e-01 4.3551e-02 9.2035e-02 5.7093e-01 7.8161e-01 2.2453e-02 4.5959e-01 2.9160e-01 7.8221e-01 3.6269e-01 3.2362e-02 6.0161e-01 7.6289e-01 2.3734e-01 3.5873e-01 7.7295e-01 3.3279e-01 2.5559e-02 2.7073e-02 8.5000e-01 3.6057e-01 7.6923e-02 5.7686e-01 6.9687e-01 7.9487e-01 2.8027e-01 9.5088e-01 2.7500e-01 9.3168e-02 3.4286e-01 2.6899e-01 9.7943e-01 7.7897e-01 1.0169e-01
3.2653e-01 5.6293e-01 6.3089e-01 3.3387e-01 7.1502e-01 3.7500e-01 3.3868e-01 4.7368e-01 6.5581e-01 6.2723e-01 4.1516e-01 7.8923e-01 2.6375e-01 7.7901e-01 6.3934e-01 4.8403e-01 5.2224e-01 3.8474e-01 1.6230e-01 4.7145e-01 8.1507e-01 4.3761e-01 2.8027e-01 2.9481e-01 2.9505e-01 3.4069e-01 8.0161e-01 4.7386e-01 8.2594e-01 3.3762e-01 5.5246e-01 5.1408e-01 6.7042e-01 8.9055e-01 7.9130e-01 8.2594e-01 1.1986e-01 4.8257e-01 6.0032e-01 4.7782e-01 5.7023e-01 2.6560e-01 2.1761e-01 2.9680e-01 2.8361e-01 7.0238e-01 5.7920e-01 3.2215e-01 7.8163e-01 8.1123e-01
7.0906e-01 9.2916e-01 6.7905e-01 9.4253e-01 7.1350e-01 9.0476e-01 6.7466e-01 5.9157e-01 5.4041e-01 5.5245e-01 6.7230e-01 6.7472e-01 8.0612e-01 8.0443e-01 6.6559e-01 4.6741e-01 5.9900e-01 4.0336e-01 6.1576e-01 5.8484e-01 5.5971e-01 4.9239e-01 8.0914e-01 5.2139e-01 6.7044e-01 7.6223e-01 8.9661e-01 5.9898e-01 8.5036e-01 8.0928e-01 5.5958e-01 7.0866e-01 7.3024e-01 6.7363e-01 8.3276e-01 6.8304e-01 8.7690e-01 6.1913e-01 3.9739e-01 5.3206e-01 6.7014e-01 5.5072e-01 7.3841e-01 9.2079e-01 6.6881e-01 6.8712e-01 8.1129e-01 5.9187e-01 6.5261e-01 7.3768e-01
6.1538e-01 1.0903e-01 7.2330e-01 7.6531e-02 1.8364e-01 7.7632e-01 2.2940e-01 2.5879e-01 8.7171e-02 5.9370e-01 5.3990e-01 8.4140e-01 2.2222e-01 4.6543e-01 1.3659e-01 2.2934e-01 5.7869e-01 4.4959e-01 4.2675e-01 4.7789e-01 7.9828e-01 3.2137e-01 5.1473e-01 2.9461e-01 5.0485e-01 8.2211e-01 8.4500e-01 4.9589e-01 4.6238e-01 5.9076e-01 5.0000e-01 6.1634e-01 7.2917e-02 5.0600e-01 5.2398e-01 2.0665e-01 5.2727e-02 4.5875e-01 6.6490e-01 1.2521e-01 5.9173e-01 4.8892e-01 4.7703e-01 3.1250e-01 6.2396e-01 4.8754e-01 5.4515e-01 6.5050e-01 4.7040e-01 6.4902e-01
