3.4100e+02 1.1000e+01 1.2000e+01 8.7000e+01 5.1000e+01 3.8000e+01 6.0000e+00 1.3000e+01 9.7380e+03 6.0110e+03
6.0000e+00 8.0000e+00 2.2000e+01 9.8920e+03 6.8000e+01 8.0000e+00 1.2200e+02 9.0000e+00 1.1000e+01 3.8810e+03
9.5760e+03 2.9000e+01 6.0000e+00 0.0000e+00 9.0790e+03 1.3000e+01 5.4930e+03 9.5400e+02 1.6000e+01 0.0000e+00
0.0000e+00 1.6000e+02 1.1400e+02 0.0000e+00 5.0900e+02 9.9670e+03 8.0000e+00 3.0000e+01 3.8000e+01 0.0000e+00
0.0000e+00 6.0000e+00 2.0600e+02 0.0000e+00 1.4000e+01 0.0000e+00 8.0000e+00 1.1600e+02 1.4000e+01 0.0000e+00
0.0000e+00 2.5000e+01 6.0000e+00 0.0000e+00 2.7000e+01 0.0000e+00 4.3870e+03 5.8700e+02 1.3000e+01 0.0000e+00
0.0000e+00 1.7000e+01 1.0000e+01 0.0000e+00 1.7200e+02 0.0000e+00 1.3000e+01 9.0000e+00 5.4000e+01 0.0000e+00
0.0000e+00 6.5720e+03 9.7140e+03 0.0000e+00 9.0000e+00 0.0000e+00 4.8000e+01 8.3640e+03 2.7000e+01 0.0000e+00
0.0000e+00 1.6000e+01 1.3000e+01 0.0000e+00 2.0000e+01 0.0000e+00 2.4000e+01 3.0000e+01 3.9000e+01 0.0000e+00
0.0000e+00 2.9910e+03 1.2000e+01 0.0000e+00 1.4000e+01 0.0000e+00 6.0000e+00 6.3000e+01 2.7000e+01 0.0000e+00
