2.9600e+02 3.0000e+00 3.0000e+00 6.4000e+01 2.4000e+01 2.3000e+01 0.0000e+00 2.0000e+00 8.8200e+03 5.8250e+03
0.0000e+00 1.0000e+00 1.0000e+01 9.8740e+03 3.5000e+01 1.0000e+00 9.5000e+01 0.0000e+00 2.0000e+00 3.7780e+03
9.3610e+03 1.6000e+01 0.0000e+00 0.0000e+00 7.1170e+03 4.0000e+00 5.3100e+03 7.3300e+02 5.0000e+00 0.0000e+00
0.0000e+00 1.2900e+02 8.6000e+01 0.0000e+00 3.5700e+02 9.7560e+03 1.0000e+00 1.2000e+01 2.0000e+01 0.0000e+00
0.0000e+00 0.0000e+00 1.6700e+02 0.0000e+00 2.0000e+00 0.0000e+00 1.0000e+00 7.2000e+01 4.0000e+00 0.0000e+00
0.0000e+00 1.3000e+01 0.0000e+00 0.0000e+00 9.0000e+00 0.0000e+00 4.2240e+03 4.3800e+02 3.0000e+00 0.0000e+00
0.0000e+00 7.0000e+00 2.0000e+00 0.0000e+00 1.0700e+02 0.0000e+00 4.0000e+00 0.0000e+00 3.2000e+01 0.0000e+00
0.0000e+00 6.3770e+03 9.3010e+03 0.0000e+00 0.0000e+00 0.0000e+00 3.1000e+01 6.8660e+03 1.2000e+01 0.0000e+00
0.0000e+00 6.0000e+00 4.0000e+00 0.0000e+00 5.0000e+00 0.0000e+00 1.2000e+01 1.2000e+01 2.1000e+01 0.0000e+00
0.0000e+00 2.9740e+03 3.0000e+00 0.0000e+00 2.0000e+00 0.0000e+00 0.0000e+00 3.4000e+01 1.2000e+01 0.0000e+00
