9.8800e+02 9.6900e+02 1.0170e+03 1.0090e+03 9.8600e+02 9.9700e+02 1.0230e+03 9.5500e+02 9.6000e+02 1.0380e+03
9.9100e+02 9.7700e+02 9.5000e+02 9.8000e+02 9.5400e+02 1.0440e+03 1.0010e+03 1.0120e+03 9.7000e+02 9.7500e+02
1.0200e+03 9.8800e+02 1.0000e+03 9.7600e+02 9.8900e+02 9.5000e+02 1.0160e+03 1.0130e+03 1.0140e+03 1.0250e+03
1.0020e+03 9.6400e+02 1.0370e+03 9.6300e+02 1.0280e+03 1.0170e+03 1.0080e+03 1.0080e+03 1.0250e+03 9.8300e+02
1.0320e+03 9.6300e+02 9.9700e+02 1.0330e+03 9.5900e+02 1.0170e+03 1.0550e+03 1.0200e+03 1.0200e+03 1.0480e+03
9.8100e+02 9.9700e+02 9.7600e+02 1.0160e+03 9.8500e+02 9.6200e+02 1.0100e+03 1.0010e+03 9.6900e+02 9.5900e+02
9.9000e+02 1.0630e+03 1.0120e+03 1.0030e+03 1.0150e+03 1.0260e+03 1.0110e+03 1.0100e+03 1.0240e+03 1.0160e+03
9.7200e+02 1.0090e+03 1.0030e+03 9.6700e+02 1.0060e+03 1.0500e+03 1.0240e+03 9.5300e+02 9.7600e+02 1.0130e+03
9.5300e+02 1.0070e+03 9.8400e+02 1.0010e+03 1.0540e+03 9.9500e+02 1.0160e+03 1.0540e+03 1.0140e+03 1.0160e+03
9.7700e+02 1.0280e+03 9.5400e+02 1.0020e+03 1.0320e+03 9.6000e+02 9.9400e+02 9.6000e+02 9.9500e+02 1.0390e+03
