8.6200e+02 1.6000e+02 2.5800e+02 7.5700e+02 4.9500e+02 5.5900e+02 3.3000e+02 1.8600e+02 8.6600e+02 1.0050e+03
1.7400e+02 5.6200e+02 2.3300e+02 9.7900e+02 5.1900e+02 2.7100e+02 7.6600e+02 5.9000e+01 1.1000e+02 9.5000e+02
9.9400e+02 4.4400e+02 5.2000e+01 5.8900e+02 7.7400e+02 5.4700e+02 9.9600e+02 7.8900e+02 5.8300e+02 5.0200e+02
7.9100e+02 7.4800e+02 8.4400e+02 5.0400e+02 6.9200e+02 9.9800e+02 1.7400e+02 4.3300e+02 3.7800e+02 7.9700e+02
1.3000e+01 1.2200e+02 8.6300e+02 6.6000e+02 2.8000e+02 2.9500e+02 5.4000e+01 5.6600e+02 1.6400e+02 3.5400e+02
7.0000e+02 3.9700e+02 1.0800e+02 1.5500e+02 4.7900e+02 4.2600e+02 9.7200e+02 7.8900e+02 1.8700e+02 5.9600e+02
8.1400e+02 4.6000e+02 3.0200e+02 3.3200e+02 6.6300e+02 5.6700e+02 5.0700e+02 2.1500e+02 5.0400e+02 6.0800e+02
4.9600e+02 9.7500e+02 9.5600e+02 2.9900e+02 1.7000e+01 4.3600e+02 6.3100e+02 7.9500e+02 4.7300e+02 2.0000e+01
2.2700e+02 4.6400e+02 1.2200e+02 7.6400e+02 5.1400e+02 5.5000e+01 4.0700e+02 5.7700e+02 7.4400e+02 4.6200e+02
4.9000e+01 1.0240e+03 2.2800e+02 1.7500e+02 1.1800e+02 2.4100e+02 2.0300e+02 4.6100e+02 4.2400e+02 5.7900e+02
