2.3000e+01 4.0000e+00 6.0000e+00 7.3000e+01 3.2000e+01 5.7000e+01 5.0000e+00 1.2000e+01 3.8410e+03 6.0260e+03
8.0000e+00 9.0000e+00 8.0000e+00 5.8720e+03 8.4000e+01 1.2000e+01 5.9000e+01 8.0000e+00 1.1000e+01 3.6090e+03
2.3730e+03 9.0000e+00 4.0000e+00 4.5000e+01 7.2640e+03 4.3000e+01 8.1700e+02 3.1600e+02 2.0000e+01 2.7000e+01
1.7000e+01 8.0000e+00 2.1000e+01 3.2000e+01 2.2100e+02 9.5450e+03 7.0000e+00 1.1000e+01 2.4000e+01 9.1000e+01
8.0000e+00 1.3000e+01 9.1040e+03 7.4000e+01 3.1000e+01 1.6000e+01 1.3000e+01 1.6100e+02 9.0000e+00 2.4000e+01
1.0000e+02 1.5000e+01 6.0000e+00 9.0000e+00 1.8000e+01 9.0000e+00 9.0280e+03 3.6400e+02 1.0000e+01 4.9000e+01
7.3740e+03 2.3000e+01 1.1000e+01 2.8000e+01 2.3150e+03 6.7000e+01 7.0000e+01 1.9000e+01 4.2000e+01 8.0000e+01
4.8000e+01 7.9700e+02 8.9300e+02 1.7000e+01 9.0000e+00 2.5000e+01 2.7000e+01 8.8500e+03 4.6000e+01 1.0000e+01
1.5000e+01 2.7000e+01 9.0000e+00 3.9560e+03 1.0200e+02 1.2000e+01 5.2000e+01 1.5800e+02 5.9420e+03 2.1000e+01
6.0000e+00 9.0830e+03 1.1000e+01 1.0000e+01 1.8000e+01 7.0000e+00 6.0000e+00 4.3000e+01 2.6000e+01 3.0000e+01
