8.0000e+00 1.0000e+00 4.0000e+00 1.0000e+01 6.0000e+00 1.4000e+01 1.9000e+01 9.0000e+00 4.0000e+00 2.0000e+00 9.0000e+00 5.0000e+00 3.0000e+00 6.0000e+00 1.0000e+01 1.0000e+01 7.0000e+00 6.0000e+00 5.0000e+00 3.0000e+00 8.0000e+00 9.0000e+00 5.0000e+00 8.0000e+00 2.0000e+00 6.0000e+00 8.0000e+00 1.0000e+00 5.0000e+00 1.0000e+01 4.0000e+00 8.0000e+00 8.0000e+00 9.0000e+00 1.2000e+01 1.9000e+01 0.0000e+00 1.8000e+01 3.6120e+03 1.1000e+01 2.0000e+00 3.0000e+00 1.8000e+01 2.0000e+00 8.0000e+00 6.0000e+00 2.4000e+01 1.0000e+01 7.0000e+00 4.0000e+00
9.0000e+00 0.0000e+00 0.0000e+00 1.9000e+01 1.0000e+01 1.1000e+01 2.0000e+00 7.0000e+00 1.5000e+01 9.0000e+00 2.0000e+00 2.2000e+01 5.0000e+00 1.0000e+00 5.0000e+00 2.0000e+01 1.7000e+01 1.0000e+00 5.0000e+00 4.0000e+00 1.5000e+01 1.0000e+01 6.0000e+00 5.0000e+00 1.0000e+01 7.0000e+00 7.0000e+00 4.0000e+00 7.0000e+00 2.2000e+01 2.0000e+00 1.4200e+02 7.0000e+00 0.0000e+00 4.3960e+03 3.0000e+00 3.0000e+00 1.6000e+01 3.3000e+01 4.0000e+00 2.0000e+00 0.0000e+00 1.6000e+01 1.7000e+01 1.4000e+01 1.1000e+01 0.0000e+00 1.3000e+01 5.0000e+00 7.0000e+00
9.0000e+00 0.0000e+00 3.0000e+00 8.0000e+00 3.0000e+00 1.5000e+01 1.0000e+01 3.0000e+00 0.0000e+00 5.0000e+00 9.0000e+00 1.0000e+00 1.0000e+00 0.0000e+00 2.0000e+00 9.0000e+00 2.0000e+00 1.0000e+01 4.0000e+00 1.0000e+00 3.0000e+00 1.3000e+01 2.0000e+00 5.0000e+00 3.0000e+00 1.0000e+01 3.0000e+00 2.0000e+00 7.0000e+00 2.7090e+03 8.0000e+00 9.0000e+00 3.0000e+00 4.0000e+00 1.1000e+01 4.0000e+00 2.0000e+00 1.3000e+01 1.6000e+01 1.1000e+01 0.0000e+00 0.0000e+00 4.7200e+02 5.0000e+00 7.0000e+00 1.0000e+00 3.0000e+00 6.0000e+00 4.0000e+00 4.0000e+00
9.0000e+00 0.0000e+00 3.0000e+00 0.0000e+00 4.0000e+00 4.0000e+00 4.1400e+02 0.0000e+00 6.0000e+00 1.0000e+00 3.0000e+00 6.0000e+00 0.0000e+00 8.0000e+00 3.0000e+00 1.1000e+01 2.0000e+00 2.0000e+00 2.0000e+00 3.0000e+00 1.0000e+00 7.0000e+00 1.9390e+03 3.0000e+00 0.0000e+00 2.0000e+00 3.0000e+00 0.0000e+00 0.0000e+00 1.3000e+01 1.0000e+00 1.0000e+00 0.0000e+00 2.0000e+00 2.0700e+02 2.0000e+00 1.0000e+00 0.0000e+00 5.0000e+00 1.1000e+01 0.0000e+00 0.0000e+00 1.1000e+01 0.0000e+00 2.0000e+00 5.0000e+00 1.0000e+00 8.0000e+00 1.0000e+00 1.0000e+00
5.0000e+00 1.0000e+00 3.0000e+00 8.0000e+00 9.0000e+00 1.3000e+01 3.3000e+01 7.0000e+00 7.0000e+00 3.0000e+00 4.0000e+00 4.0000e+00 5.0000e+00 5.0000e+00 8.0000e+00 7.0000e+00 2.0000e+00 3.0000e+00 5.0000e+00 0.0000e+00 6.0000e+00 4.0000e+00 5.0000e+00 4.0000e+00 2.0000e+00 8.0000e+00 8.0000e+00 6.0000e+00 3.6850e+03 1.4000e+01 2.0000e+00 2.0000e+00 1.0000e+00 3.0000e+00 7.0000e+00 1.1000e+01 0.0000e+00 3.0000e+00 3.3000e+01 3.0000e+00 2.0000e+00 4.0000e+00 2.0000e+01 1.0000e+00 9.0000e+00 4.0000e+00 1.1000e+01 7.0000e+00 3.0000e+00 2.0000e+00
5.0000e+00 1.0000e+00 2.0000e+00 6.0000e+00 9.0000e+00 6.0000e+00 1.1000e+01 4.0000e+00 4.0000e+00 0.0000e+00 6.0000e+00 3.0000e+00 1.0000e+00 0.0000e+00 9.0000e+00 1.1000e+01 1.0000e+00 4.0000e+00 3.0000e+00 1.0000e+00 3.0000e+00 3.0000e+00 6.0000e+00 4.0000e+00 2.0000e+00 6.0000e+00 0.0000e+00 4.0000e+00 2.0000e+00 8.0000e+00 8.0000e+00 9.0000e+00 1.0000e+00 2.0000e+00 5.0000e+00 7.0000e+00 0.0000e+00 7.0000e+00 5.4400e+02 2.0910e+03 1.0000e+00 1.0000e+00 9.0000e+00 6.0000e+00 7.0000e+00 7.0000e+00 1.0000e+01 4.0000e+00 2.0000e+00 2.0000e+00
1.6000e+01 0.0000e+00 4.0000e+00 0.0000e+00 1.0000e+00 2.0000e+00 5.0000e+00 0.0000e+00 1.0000e+00 0.0000e+00 1.0000e+01 0.0000e+00 0.0000e+00 3.0000e+00 0.0000e+00 4.0000e+00 0.0000e+00 0.0000e+00 0.0000e+00 0.0000e+00 2.0000e+00 0.0000e+00 5.0000e+00 2.0000e+00 0.0000e+00 4.0000e+00 0.0000e+00 3.0000e+00 4.0000e+00 1.3000e+01 1.0000e+00 0.0000e+00 0.0000e+00 5.0000e+00 0.0000e+00 1.0000e+00 0.0000e+00 4.0000e+00 0.0000e+00 6.0000e+00 0.0000e+00 0.0000e+00 1.0000e+00 0.0000e+00 0.0000e+00 2.6400e+03 5.0000e+00 4.0000e+00 0.0000e+00 3.0000e+00
3.0000e+00 1.0000e+00 4.0000e+00 3.0000e+00 2.0000e+00 3.0000e+00 4.0000e+00 0.0000e+00 1.0000e+00 1.0000e+00 2.0000e+00 3.0000e+00 1.0000e+00 3.0000e+00 1.0000e+00 4.0000e+00 3.0000e+00 4.0000e+00 5.0000e+00 4.0000e+00 5.0000e+00 2.0000e+00 5.0000e+00 2.0000e+00 0.0000e+00 0.0000e+00 1.0000e+00 3.0000e+00 5.0000e+00 6.0000e+00 0.0000e+00 5.0000e+00 0.0000e+00 0.0000e+00 2.0000e+00 0.0000e+00 0.0000e+00 6.0000e+00 7.0000e+00 1.0000e+00 1.0000e+00 0.0000e+00 4.0000e+00 1.0000e+00 2.0000e+00 0.0000e+00 1.0000e+00 8.0000e+00 1.0000e+00 1.0000e+00
1.0000e+00 4.0000e+00 3.0000e+00 3.0000e+00 1.5000e+01 0.0000e+00 1.3000e+01 3.0000e+00 5.0000e+00 2.0000e+00 2.0000e+00 1.0000e+00 0.0000e+00 4.0000e+00 4.0000e+00 4.8000e+01 4.0000e+00 1.0000e+00 4.0000e+00 1.0000e+00 5.0000e+00 3.0000e+00 1.0000e+00 4.0000e+00 7.0000e+00 5.0000e+00 0.0000e+00 1.1000e+01 2.0000e+00 3.0000e+00 4.0000e+00 4.0000e+00 4.0000e+00 2.0000e+00 7.0000e+00 4.0000e+00 1.0000e+00 3.0000e+00 0.0000e+00 0.0000e+00 0.0000e+00 3.0000e+00 4.0000e+00 1.0000e+00 1.5940e+03 0.0000e+00 3.0000e+00 6.0000e+00 1.0000e+00 5.0000e+00
5.0000e+00 3.0000e+00 3.0000e+00 6.0000e+00 1.2000e+01 9.0000e+00 6.0000e+00 7.0000e+00 2.0000e+00 5.0000e+00 8.0000e+00 3.0000e+00 5.0000e+00 0.0000e+00 6.0000e+00 9.0000e+00 1.0000e+00 2.0000e+00 8.0000e+00 3.0000e+00 7.0000e+00 1.0000e+01 5.0000e+00 5.0000e+00 6.0000e+00 7.0000e+00 2.0000e+00 1.0000e+00 2.0000e+00 5.0000e+00 3.0000e+00 1.0000e+01 2.0000e+00 6.0000e+00 7.0000e+00 8.4500e+02 2.0000e+00 1.3000e+01 1.1000e+01 2.0000e+00 2.0000e+00 2.0000e+00 4.0000e+00 7.0000e+00 5.0000e+00 5.0000e+00 6.0000e+00 3.0000e+00 8.0000e+00 3.0000e+00
2.0000e+01 6.0000e+00 5.0000e+00 2.4000e+01 6.0000e+00 7.0000e+00 2.1000e+01 0.0000e+00 9.0000e+00 3.0000e+00 5.0000e+00 8.0000e+00 4.0000e+00 4.0000e+00 1.8000e+01 1.3000e+01 1.1000e+01 1.0000e+01 2.1000e+01 4.0000e+00 1.8000e+01 1.8000e+01 1.4000e+01 4.2040e+03 1.8000e+01 1.0000e+01 1.5000e+01 4.0000e+00 4.0000e+00 1.5000e+01 2.3000e+01 1.5000e+01 9.0000e+00 2.0000e+01 1.5000e+01 2.4000e+01 5.0000e+00 8.0000e+00 2.1000e+01 2.2000e+01 0.0000e+00 1.2420e+03 1.6000e+01 1.4000e+01 1.2000e+01 9.0000e+00 4.0000e+00 1.1000e+01 1.3000e+01 5.0000e+00
2.0000e+00 3.0000e+00 0.0000e+00 2.0000e+00 4.0000e+00 2.8310e+03 1.2000e+01 1.0000e+00 0.0000e+00 3.0000e+00 5.0000e+00 1.0000e+01 1.0000e+00 0.0000e+00 5.0000e+00 4.2000e+01 5.0000e+00 4.0000e+00 3.0000e+00 1.0000e+00 5.0000e+00 1.4000e+01 0.0000e+00 0.0000e+00 5.0000e+00 2.0000e+00 5.0000e+00 1.0000e+00 1.1000e+01 7.0000e+00 6.0000e+00 2.0000e+00 0.0000e+00 1.0000e+00 1.7000e+01 8.0000e+00 0.0000e+00 1.0000e+01 1.0000e+01 6.0000e+00 0.0000e+00 6.0000e+00 5.0000e+00 0.0000e+00 0.0000e+00 1.0000e+00 2.0000e+00 3.0000e+00 1.2000e+01 8.0000e+00
1.1000e+01 5.2000e+01 1.9000e+01 1.3000e+01 1.3000e+01 2.3000e+01 2.7000e+01 2.2000e+01 9.0000e+00 1.5000e+01 1.4000e+01 1.6000e+01 1.2000e+01 2.2000e+01 1.6000e+01 6.0000e+00 1.8000e+01 8.0000e+00 2.7000e+01 3.2320e+03 1.6000e+01 1.0000e+01 1.2000e+01 1.6000e+01 2.1000e+01 2.9000e+01 7.0000e+00 1.3000e+01 1.1000e+01 1.5000e+01 1.7000e+01 2.2000e+01 1.4760e+03 1.0000e+01 1.4000e+01 1.3000e+01 3.0000e+01 1.5000e+01 2.3000e+01 2.5000e+01 1.3000e+01 1.3930e+03 4.0000e+00 1.9000e+01 1.1000e+01 1.2000e+01 1.5000e+01 1.0000e+01 2.3000e+01 2.2000e+01
2.0000e+00 2.0000e+00 1.0000e+00 8.0000e+00 1.1000e+01 6.0000e+00 6.0000e+00 2.0000e+00 4.0000e+00 9.0000e+00 7.0000e+00 1.3000e+01 3.0000e+00 9.0000e+00 1.0000e+01 1.0000e+01 2.0000e+00 2.0000e+00 3.0000e+00 3.0000e+00 3.0000e+00 3.1810e+03 4.0000e+00 8.0000e+00 4.0000e+00 7.0000e+00 4.0000e+00 1.2000e+01 9.0000e+00 8.0000e+00 5.0000e+00 8.0000e+00 8.0000e+00 3.0000e+00 8.0000e+00 1.0000e+01 2.0000e+00 1.7000e+01 2.6000e+01 2.3000e+01 2.0000e+00 1.0000e+00 1.1000e+01 3.0000e+00 1.4000e+01 2.1000e+01 5.0000e+00 5.0000e+00 3.0000e+00 2.0000e+00
4.0000e+00 2.0000e+00 7.0000e+00 7.0000e+00 1.2000e+01 5.0000e+00 2.2000e+01 6.0000e+00 2.0000e+00 2.0000e+00 7.0000e+00 2.0000e+00 9.0000e+00 1.3000e+01 6.0000e+00 7.0000e+00 5.0000e+00 5.0000e+00 9.0000e+00 2.0000e+00 4.0000e+00 5.0000e+00 2.0000e+00 6.0000e+00 6.0000e+00 4.0000e+00 6.0000e+00 1.4000e+01 4.0000e+00 7.0000e+00 1.3000e+01 8.0000e+00 8.0000e+00 9.0000e+00 9.0000e+00 8.0000e+00 1.0000e+00 1.5000e+01 2.0000e+01 8.0000e+00 3.0000e+00 3.0000e+00 5.0000e+00 4.3700e+02 1.2000e+01 6.0000e+00 1.0000e+01 8.0000e+00 2.8200e+03 3.0000e+00
1.0000e+00 0.0000e+00 1.0000e+00 1.0000e+00 5.0000e+00 1.0000e+00 1.2000e+01 3.0000e+00 1.0000e+00 1.0000e+00 3.0000e+00 3.0000e+00 2.0000e+00 1.0000e+00 1.0000e+01 6.0000e+00 3.0000e+00 0.0000e+00 1.0000e+00 1.1500e+02 7.0000e+00 5.0000e+00 1.0000e+00 5.0000e+00 2.0000e+00 3.0000e+00 7.0000e+00 8.0000e+00 3.0000e+00 5.0000e+00 0.0000e+00 3.0000e+00 6.0000e+00 5.3000e+01 2.5000e+01 6.0000e+00 0.0000e+00 1.5000e+01 1.7000e+01 0.0000e+00 0.0000e+00 0.0000e+00 2.0000e+01 2.0000e+00 2.1000e+01 3.0000e+00 1.0000e+00 3.2850e+03 1.0000e+00 2.0000e+00
0.0000e+00 0.0000e+00 4.0000e+00 2.0000e+00 0.0000e+00 3.0000e+00 0.0000e+00 4.0000e+00 1.0000e+00 1.0000e+00 1.6800e+02 1.0000e+00 2.0000e+00 6.0000e+00 5.0000e+00 0.0000e+00 1.0000e+00 2.0000e+00 0.0000e+00 1.0000e+00 4.0000e+00 0.0000e+00 2.0000e+00 0.0000e+00 6.0000e+00 5.0000e+00 0.0000e+00 3.0000e+00 2.0000e+00 1.0000e+00 1.0000e+00 3.0000e+00 2.0000e+00 2.0000e+00 1.0000e+00 2.0000e+00 1.0000e+00 0.0000e+00 1.0000e+00 0.0000e+00 0.0000e+00 0.0000e+00 0.0000e+00 7.0000e+00 0.0000e+00 4.0000e+00 2.0000e+00 5.0000e+00 2.0000e+00 3.0000e+00
8.0000e+00 1.2700e+02 8.0000e+00 1.6000e+01 2.5000e+01 1.1000e+01 1.5000e+01 2.5000e+01 6.0000e+00 2.0000e+00 1.7000e+01 1.3000e+01 8.0000e+00 1.8000e+01 2.0000e+00 1.3000e+01 1.3000e+01 5.0000e+00 1.4000e+01 0.0000e+00 5.0000e+00 4.0000e+00 3.0000e+00 3.0000e+00 1.6380e+03 1.6000e+01 4.0000e+00 1.3000e+01 3.0000e+00 1.1000e+01 0.0000e+00 1.5000e+01 6.0000e+00 1.0000e+01 9.0000e+00 2.1000e+01 3.7320e+03 0.0000e+00 1.1000e+01 0.0000e+00 0.0000e+00 2.0000e+00 2.6000e+01 0.0000e+00 2.0000e+01 1.2000e+01 1.0000e+00 1.9000e+01 1.3000e+01 7.0000e+00
1.1000e+01 3.0000e+00 0.0000e+00 3.0000e+00 6.0000e+00 2.0000e+00 4.0000e+00 0.0000e+00 3.0000e+00 0.0000e+00 1.2000e+01 1.0000e+00 0.0000e+00 1.0000e+00 4.0000e+00 1.0000e+01 2.0000e+00 0.0000e+00 0.0000e+00 1.0000e+00 1.0000e+00 1.0000e+00 0.0000e+00 2.0000e+00 4.0000e+00 2.0000e+00 3.0000e+00 3.0000e+00 1.0000e+00 1.4000e+01 0.0000e+00 0.0000e+00 2.0000e+00 1.0000e+00 5.0000e+00 0.0000e+00 0.0000e+00 1.0000e+00 1.6000e+01 4.0000e+00 2.0000e+00 1.0000e+00 8.0000e+00 0.0000e+00 5.0000e+00 2.0000e+00 1.0000e+00 0.0000e+00 1.0000e+00 0.0000e+00
1.0000e+01 0.0000e+00 1.0000e+00 1.0000e+00 2.0000e+00 2.0000e+00 3.0000e+00 2.0000e+00 3.0000e+00 1.0000e+00 6.0000e+00 5.0000e+00 0.0000e+00 1.0000e+00 1.0000e+01 7.0000e+00 1.0000e+00 3.0000e+00 0.0000e+00 1.0000e+00 2.0000e+00 1.0000e+00 1.0000e+00 5.0000e+00 2.0000e+00 4.0000e+00 2.0000e+00 2.0000e+00 8.0000e+00 3.0000e+00 2.0000e+00 2.0000e+00 1.0000e+00 3.0000e+00 2.0000e+00 3.0000e+00 2.0000e+00 4.0000e+00 0.0000e+00 3.0000e+00 1.0000e+00 1.0000e+00 6.0000e+00 5.0000e+00 3.0000e+00 3.0000e+00 5.0000e+00 3.0000e+00 0.0000e+00 1.0000e+00
7.0000e+00 1.0000e+00 3.0000e+00 6.0000e+00 2.0000e+00 1.6000e+01 1.3000e+01 1.0000e+00 4.0000e+00 4.0000e+00 1.6000e+01 0.0000e+00 0.0000e+00 6.0000e+00 0.0000e+00 2.1000e+01 1.0000e+00 0.0000e+00 3.0000e+00 1.0000e+00 1.0000e+01 2.0000e+00 2.0000e+00 0.0000e+00 5.0000e+00 2.0000e+00 0.0000e+00 0.0000e+00 2.0000e+00 2.0000e+00 4.0000e+00 3.0000e+00 8.0000e+00 0.0000e+00 5.0000e+00 9.0000e+00 7.0000e+00 1.1000e+01 7.0000e+00 6.0000e+00 6.0000e+00 4.0000e+00 1.1000e+01 8.0000e+00 7.0000e+00 7.0000e+00 3.0000e+00 3.0000e+00 4.0000e+00 3.5950e+03
1.0000e+01 2.0000e+00 3.0000e+00 6.0000e+00 1.0000e+01 1.0000e+01 1.8000e+01 2.0000e+00 2.0000e+00 5.0000e+00 3.0000e+00 2.0000e+00 0.0000e+00 3.0000e+00 1.0000e+01 1.8000e+01 2.0000e+00 6.0000e+00 0.0000e+00 1.0000e+00 0.0000e+00 3.0000e+00 4.0000e+00 7.0000e+00 2.0000e+00 5.0000e+00 7.0000e+00 3.0000e+00 6.0000e+00 6.0000e+00 3.0000e+00 2.0000e+00 3.0000e+00 4.8520e+03 2.2000e+01 4.0000e+00 6.0000e+00 2.1000e+01 1.6000e+01 1.3000e+01 9.0000e+00 1.0000e+00 8.0000e+00 2.0000e+00 9.0000e+00 3.0000e+00 4.0000e+00 7.0000e+00 0.0000e+00 0.0000e+00
6.0000e+00 2.0000e+00 5.0000e+00 1.2000e+01 1.2000e+01 1.5000e+01 6.0000e+00 5.0000e+00 6.0000e+00 6.0000e+00 4.0000e+00 5.0000e+00 3.0000e+00 3.0000e+00 5.0000e+00 1.2000e+01 2.3910e+03 8.0000e+00 1.0000e+00 1.3000e+01 7.0000e+00 7.0000e+00 1.4000e+01 1.3000e+01 3.0000e+00 1.1000e+01 8.0000e+00 9.0000e+00 1.8000e+01 1.0000e+01 5.0000e+00 1.2800e+03 1.3000e+01 0.0000e+00 3.1000e+01 1.2000e+01 3.0000e+00 2.1000e+01 8.0000e+00 1.1000e+01 8.0000e+00 2.0000e+00 1.4000e+01 4.0000e+00 1.5000e+01 3.0000e+00 5.0000e+00 9.0000e+00 3.0000e+00 2.0000e+00
3.0000e+00 0.0000e+00 0.0000e+00 0.0000e+00 1.0000e+00 1.9000e+01 1.6000e+01 5.0000e+00 9.0000e+00 1.0000e+00 1.3000e+01 0.0000e+00 1.0000e+00 8.0000e+00 1.6000e+01 3.0000e+00 1.8000e+01 0.0000e+00 2.0000e+00 1.4000e+01 1.0000e+01 1.5000e+01 1.3000e+01 3.0000e+00 6.0000e+00 2.6270e+03 6.0000e+00 9.0000e+00 0.0000e+00 3.0000e+00 1.3000e+01 0.0000e+00 4.0000e+00 0.0000e+00 9.0000e+00 1.4990e+03 3.0000e+00 0.0000e+00 2.1000e+01 3.0000e+00 0.0000e+00 0.0000e+00 6.0000e+00 0.0000e+00 1.1000e+01 3.0000e+00 3.0000e+01 6.0000e+00 9.0000e+00 4.0000e+00
6.0000e+00 0.0000e+00 1.0000e+00 2.0000e+00 7.0000e+00 5.0000e+00 5.0000e+00 0.0000e+00 4.0000e+00 8.0000e+00 1.0000e+00 8.0000e+00 1.0000e+00 4.0000e+00 1.1000e+01 9.0000e+00 1.0000e+00 1.0000e+00 5.0000e+00 0.0000e+00 3.0000e+00 3.0000e+00 4.0000e+00 7.0000e+00 1.0000e+00 3.0000e+00 7.0000e+00 3.0370e+03 2.0000e+00 3.0000e+00 1.0000e+00 5.0000e+00 3.0000e+00 4.0000e+00 9.0000e+00 9.0000e+00 0.0000e+00 2.1000e+01 2.1000e+01 1.0000e+00 2.0000e+00 3.0000e+00 1.6000e+01 4.0000e+00 1.6360e+03 4.0000e+00 8.0000e+00 4.0000e+00 1.0000e+00 0.0000e+00
1.9000e+01 4.0000e+00 9.0000e+00 2.3000e+01 3.7180e+03 2.0000e+01 2.0000e+01 4.0000e+00 7.0000e+00 1.0000e+01 1.2000e+01 1.5000e+01 8.0000e+00 2.0000e+00 9.0000e+00 1.7000e+01 4.0000e+00 1.1000e+01 0.0000e+00 1.0000e+01 9.0000e+00 6.0000e+00 4.0000e+00 1.1000e+01 9.0000e+00 9.0000e+00 9.0000e+00 8.0000e+00 6.0000e+00 9.0000e+00 1.0000e+00 7.0000e+00 3.0000e+00 9.0000e+00 1.8000e+01 1.4000e+01 1.0000e+00 7.4000e+01 1.9000e+01 1.6000e+01 0.0000e+00 3.0000e+00 6.2000e+01 7.0000e+00 1.8000e+01 2.3000e+01 6.0000e+00 1.6000e+01 8.0000e+00 6.0000e+00
8.0000e+00 1.0000e+00 0.0000e+00 0.0000e+00 3.0000e+00 8.0000e+00 2.5590e+03 3.0000e+00 4.0000e+00 0.0000e+00 5.0000e+00 3.0000e+00 3.0000e+00 0.0000e+00 9.0000e+00 8.0000e+00 0.0000e+00 2.0000e+00 1.0000e+00 1.0000e+00 1.0000e+00 1.0000e+00 0.0000e+00 2.0000e+00 2.0000e+00 3.0000e+00 0.0000e+00 3.0000e+00 3.0000e+00 6.0000e+00 2.0000e+00 0.0000e+00 0.0000e+00 1.0000e+00 1.7000e+01 6.0000e+00 0.0000e+00 2.1000e+01 6.0000e+00 0.0000e+00 0.0000e+00 7.0000e+00 6.0000e+00 9.0000e+00 0.0000e+00 5.0000e+00 6.0000e+00 3.0000e+00 3.0000e+00 0.0000e+00
2.0000e+00 0.0000e+00 2.0000e+00 1.0000e+00 5.0000e+00 2.0000e+00 6.0000e+00 2.0000e+00 0.0000e+00 1.0000e+00 3.0000e+00 2.0000e+00 0.0000e+00 2.0000e+00 5.0000e+00 3.0000e+00 3.0000e+00 0.0000e+00 2.0000e+00 4.0000e+00 4.0000e+00 3.0000e+00 0.0000e+00 3.0000e+00 2.0000e+00 0.0000e+00 0.0000e+00 2.0000e+00 4.0000e+00 1.0000e+00 1.0000e+00 0.0000e+00 2.0000e+00 0.0000e+00 2.0000e+00 0.0000e+00 1.0000e+00 0.0000e+00 2.0000e+00 0.0000e+00 3.0000e+00 4.0000e+00 4.0000e+00 3.0000e+00 5.0000e+00 7.0000e+00 2.0000e+00 7.0000e+00 3.0000e+00 0.0000e+00
1.3000e+01 3.0000e+00 8.0000e+00 3.2970e+03 1.7000e+01 1.4000e+01 2.6000e+01 1.2000e+01 8.0000e+00 1.2000e+01 7.0000e+00 8.0000e+00 7.0000e+00 1.1000e+01 1.2000e+01 6.0000e+00 1.8000e+01 6.0000e+00 9.0000e+00 1.6000e+01 1.1000e+01 1.0000e+01 1.0000e+01 6.0000e+00 1.7000e+01 7.0000e+00 7.6600e+02 9.0000e+00 1.2000e+01 1.2000e+01 6.0000e+00 1.0000e+01 6.0000e+00 8.0000e+00 1.8000e+01 9.0000e+00 7.0000e+00 1.8000e+01 4.0000e+00 1.4000e+01 2.0000e+00 7.0000e+00 7.0000e+00 1.1000e+01 1.2000e+01 1.3000e+01 1.9000e+01 6.0000e+00 1.0000e+01 4.0000e+00
3.0000e+00 1.0000e+00 4.0000e+00 4.0000e+00 3.0000e+00 8.0000e+00 1.7000e+01 7.0000e+00 1.1000e+01 4.0000e+00 1.4000e+01 7.0000e+00 5.0000e+00 6.0000e+00 5.0000e+00 1.0000e+01 2.0000e+00 3.1700e+02 2.0000e+00 3.0000e+00 1.2490e+03 9.0000e+00 2.0000e+00 1.0000e+01 9.0000e+00 6.0000e+00 1.5520e+03 4.0000e+00 8.0000e+00 9.0000e+00 0.0000e+00 9.0000e+00 3.0000e+00 4.0000e+00 1.7000e+01 1.0000e+01 2.0000e+00 7.0000e+00 1.1000e+01 4.0000e+00 4.0000e+00 5.0000e+00 1.1000e+01 6.0000e+00 5.8000e+01 3.0000e+00 1.4000e+01 9.0000e+00 2.0000e+00 8.0000e+00
5.0000e+00 3.0000e+00 0.0000e+00 6.0000e+00 4.0000e+00 9.0000e+00 1.5000e+01 4.0000e+00 6.0000e+00 1.8000e+01 4.1470e+03 3.0000e+00 1.0000e+00 7.0000e+00 1.4000e+01 1.6000e+01 2.0000e+00 3.0000e+00 1.0000e+00 7.0000e+00 2.4000e+01 4.0000e+00 4.0000e+00 3.0000e+00 1.0330e+03 4.0000e+00 4.0000e+00 5.0000e+00 7.0000e+00 1.1000e+01 8.0000e+00 1.0000e+01 7.0000e+00 5.0000e+00 6.0000e+00 1.2000e+01 2.0000e+00 2.3000e+01 1.8000e+01 1.1000e+01 7.0000e+00 4.0000e+00 1.7000e+01 4.0000e+00 2.1000e+01 3.0000e+00 1.6000e+01 2.2000e+01 5.0000e+00 8.0000e+00
7.0000e+00 4.0000e+00 5.0000e+00 1.1000e+01 8.0000e+00 7.0000e+00 2.5000e+01 9.0000e+00 5.0000e+00 7.0000e+00 4.0000e+00 1.8000e+01 7.0000e+00 3.0000e+00 1.4000e+01 2.1000e+01 3.0000e+00 2.0000e+00 2.0000e+00 8.0000e+00 5.0000e+00 6.0000e+00 4.0000e+00 2.0000e+00 5.0000e+00 6.4400e+02 5.0000e+00 3.0000e+00 8.0000e+00 9.4500e+02 7.0000e+00 6.0000e+00 6.0000e+00 1.8000e+01 1.4000e+01 1.1000e+01 3.0000e+00 2.4000e+01 2.1000e+01 1.5000e+01 2.0000e+00 5.0000e+00 2.0750e+03 9.0000e+00 1.7000e+01 3.0000e+00 8.0000e+00 1.4000e+01 4.0000e+00 1.2000e+01
6.0000e+00 0.0000e+00 2.0000e+00 1.7000e+01 7.0000e+00 1.8000e+01 1.4000e+01 3.0000e+00 2.0000e+00 7.0000e+00 6.0000e+00 6.0000e+00 6.0000e+00 4.0000e+00 4.0000e+00 3.0840e+03 1.0000e+00 0.0000e+00 2.0000e+00 2.0000e+00 1.0000e+00 1.0000e+00 3.0000e+00 4.0000e+00 1.0000e+00 5.0000e+00 8.0000e+00 1.0000e+00 3.0000e+00 1.7000e+01 2.0000e+00 3.0000e+00 1.0000e+00 3.0000e+00 1.1000e+01 2.0000e+00 2.0000e+00 1.0000e+00 6.9000e+01 3.0000e+00 2.0000e+00 7.0000e+00 6.0000e+00 0.0000e+00 1.1000e+01 4.0000e+00 6.0000e+00 3.0000e+00 1.0000e+00 6.0000e+00
2.0000e+01 7.0000e+00 1.2000e+01 1.8000e+01 1.3000e+01 1.2000e+01 1.8000e+01 4.1140e+03 1.3000e+01 2.2000e+01 9.0000e+00 1.2000e+01 2.1890e+03 1.1000e+01 2.0000e+01 2.2000e+01 8.0000e+00 1.4000e+01 1.8000e+01 1.3000e+01 1.3000e+01 1.0000e+01 1.5000e+01 1.8000e+01 9.0000e+00 1.6000e+01 6.0000e+00 1.3000e+01 1.4000e+01 2.0000e+01 1.2000e+01 1.3000e+01 2.0000e+01 6.0000e+00 1.2000e+01 1.6000e+01 1.5000e+01 1.2000e+01 1.5000e+01 1.6000e+01 1.3000e+01 6.0000e+00 1.3000e+01 2.1000e+01 9.0000e+00 2.1000e+01 1.9000e+01 2.4000e+01 1.5000e+01 1.5000e+01
5.0000e+00 0.0000e+00 0.0000e+00 4.0000e+00 0.0000e+00 4.0000e+00 5.0000e+00 2.0000e+00 1.0000e+00 0.0000e+00 2.0000e+00 6.0000e+00 0.0000e+00 0.0000e+00 2.0000e+00 1.0000e+00 0.0000e+00 0.0000e+00 0.0000e+00 0.0000e+00 2.0000e+00 9.0000e+00 0.0000e+00 0.0000e+00 0.0000e+00 4.0000e+00 0.0000e+00 1.0000e+00 0.0000e+00 0.0000e+00 4.0000e+00 3.0000e+00 7.0000e+00 0.0000e+00 6.0000e+00 0.0000e+00 0.0000e+00 0.0000e+00 0.0000e+00 4.0000e+00 0.0000e+00 0.0000e+00 4.0000e+00 9.0000e+00 4.0000e+00 9.0000e+00 3.0000e+00 6.0000e+00 1.0000e+00 1.0000e+00
2.1000e+01 3.0000e+01 1.8000e+01 1.6000e+01 2.7000e+01 2.6000e+01 2.4000e+01 1.5000e+01 1.5000e+01 1.7000e+01 1.9000e+01 2.6000e+01 4.2000e+02 1.6000e+01 2.2000e+01 2.0000e+01 1.8000e+01 1.4000e+01 4.6820e+03 1.9000e+01 3.0000e+01 9.0000e+00 1.9000e+01 1.5000e+01 2.9000e+01 1.5000e+01 1.6000e+01 1.4000e+01 2.5000e+01 2.6000e+01 2.3000e+01 1.9000e+01 2.5000e+01 1.3000e+01 1.5000e+01 1.8000e+01 2.3000e+01 1.9000e+01 2.7000e+01 2.1000e+01 1.7000e+01 1.5170e+03 1.4000e+01 1.6000e+01 1.8000e+01 2.3000e+01 2.8000e+01 1.8000e+01 1.5000e+01 3.7000e+01
5.0000e+00 0.0000e+00 0.0000e+00 6.0000e+00 0.0000e+00 4.0000e+00 9.0000e+00 3.0000e+00 0.0000e+00 8.0000e+00 2.0000e+00 0.0000e+00 0.0000e+00 0.0000e+00 2.3770e+03 4.0000e+00 3.0000e+00 1.0000e+01 6.0000e+00 4.0000e+00 7.0000e+00 2.0000e+00 0.0000e+00 1.8000e+01 1.0000e+00 1.0000e+00 8.0000e+00 1.0000e+00 0.0000e+00 3.0000e+00 0.0000e+00 6.0000e+00 2.3100e+02 0.0000e+00 3.0000e+00 5.0000e+00 0.0000e+00 2.0000e+00 1.0000e+01 2.0000e+00 0.0000e+00 5.0000e+00 1.3000e+01 1.0000e+00 1.0000e+00 1.0000e+00 6.0000e+00 6.0000e+00 0.0000e+00 9.0000e+00
6.0000e+00 3.0000e+00 8.0000e+00 9.0000e+00 5.0000e+00 2.2700e+02 1.6000e+01 1.0000e+01 5.0000e+00 5.0000e+00 9.0000e+00 1.1000e+01 2.0000e+00 4.0000e+00 1.4000e+01 1.9000e+01 2.0000e+00 2.0000e+00 9.0000e+00 1.0000e+00 3.0000e+00 1.2000e+01 7.0000e+00 1.7000e+01 5.2400e+02 7.0000e+00 1.2000e+01 7.0000e+00 1.3000e+01 5.0000e+00 3.0000e+00 5.0000e+00 4.0000e+00 1.0000e+00 1.2000e+01 8.0000e+00 9.0000e+00 1.2000e+01 1.9000e+01 2.2000e+01 3.0000e+00 3.0000e+00 8.3400e+02 7.0000e+00 9.0000e+00 6.0000e+00 1.8740e+03 9.0000e+00 4.0000e+00 7.0000e+00
1.5000e+01 1.8000e+01 1.8000e+01 1.5000e+01 4.0000e+00 1.9000e+01 1.6000e+01 1.0000e+01 2.2000e+01 1.5000e+01 3.0000e+00 1.4000e+01 2.6000e+01 4.2620e+03 1.0000e+01 2.7000e+01 1.0000e+01 2.8200e+03 3.0000e+00 2.2000e+01 4.0000e+00 4.0000e+00 6.0000e+00 2.0000e+01 1.8000e+01 5.0000e+00 1.1000e+01 2.0000e+01 1.6000e+01 1.2000e+01 3.0000e+00 1.8000e+01 3.0000e+00 1.7000e+01 2.2000e+01 2.6000e+01 4.0000e+00 1.2000e+01 1.5000e+01 1.0000e+00 1.0000e+01 8.0000e+00 1.8000e+01 7.0000e+00 1.4000e+01 3.0000e+00 1.7000e+01 2.4000e+01 4.0000e+00 2.0000e+01
1.9000e+01 1.6000e+01 1.8200e+02 2.4000e+01 1.7000e+01 2.5000e+01 2.4000e+01 1.9000e+01 2.3000e+01 2.1000e+01 1.9000e+01 1.7000e+01 1.5000e+01 3.4000e+01 1.9000e+01 2.7000e+01 3.3000e+01 2.5000e+01 2.1000e+01 1.3000e+01 1.6000e+01 2.0000e+01 2.2000e+01 2.7000e+01 2.0000e+01 2.2000e+01 2.1000e+01 2.3000e+01 2.1000e+01 1.7000e+01 4.7060e+03 1.3000e+01 1.5580e+03 1.4000e+01 1.4000e+01 2.7000e+01 1.9000e+01 2.1000e+01 1.8000e+01 1.8000e+01 1.2000e+01 2.1000e+01 3.3000e+01 2.7000e+01 1.6000e+01 2.5000e+01 1.9000e+01 2.1000e+01 1.8000e+01 2.1000e+01
3.3840e+03 1.0000e+00 7.0000e+00 0.0000e+00 1.2000e+01 2.0000e+00 0.0000e+00 3.0000e+00 3.0000e+00 1.0000e+01 1.2000e+01 1.0000e+00 3.0000e+00 7.0000e+00 5.0000e+00 1.0000e+00 3.0000e+00 1.0000e+00 1.2000e+01 2.0000e+00 1.3000e+01 5.0000e+00 1.1000e+01 0.0000e+00 1.0000e+01 5.0000e+00 2.0000e+00 0.0000e+00 7.0000e+00 9.0000e+00 4.0000e+00 2.0000e+00 1.0000e+00 4.0000e+00 7.0000e+00 1.0000e+01 2.0000e+00 2.0000e+00 1.0000e+00 2.0000e+00 0.0000e+00 1.2000e+01 6.0000e+00 3.0000e+00 6.0000e+00 1.4000e+01 1.3000e+01 3.1000e+01 1.0000e+01 8.0000e+00
2.7000e+01 4.5190e+03 2.9000e+01 2.5000e+01 2.5000e+01 3.2000e+01 1.5000e+01 2.4000e+01 1.2100e+03 2.5000e+01 1.9000e+01 1.8000e+01 2.2000e+01 2.4000e+01 1.7000e+01 2.1000e+01 2.2000e+01 1.4000e+01 2.3000e+01 3.0800e+02 2.4000e+01 2.8000e+01 8.0000e+00 3.5000e+01 1.4000e+01 1.9000e+01 2.1000e+01 2.4000e+01 1.4000e+01 1.6000e+01 1.9000e+01 1.9000e+01 2.4000e+01 3.3000e+01 1.8000e+01 2.9000e+01 2.5000e+01 1.2000e+01 2.6000e+01 2.3000e+01 1.2080e+03 2.2000e+01 2.6000e+01 2.7000e+01 1.2000e+01 2.4000e+01 2.5000e+01 2.2000e+01 1.9000e+01 1.0000e+01
0.0000e+00 0.0000e+00 0.0000e+00 0.0000e+00 9.0000e+00 2.0000e+00 3.0000e+00 3.0000e+00 0.0000e+00 5.0000e+00 0.0000e+00 1.0000e+00 0.0000e+00 2.0000e+00 4.0000e+00 4.0000e+00 5.0000e+00 0.0000e+00 4.0000e+00 3.0000e+00 4.0000e+00 5.0000e+00 1.0000e+00 2.0000e+00 1.0000e+00 3.0000e+00 6.0000e+00 6.0000e+00 5.0000e+00 5.0000e+00 0.0000e+00 6.0000e+00 0.0000e+00 1.0000e+00 4.0000e+00 8.0000e+00 3.0000e+00 0.0000e+00 9.0000e+00 0.0000e+00 0.0000e+00 0.0000e+00 9.0000e+00 0.0000e+00 9.0000e+00 4.0000e+00 0.0000e+00 3.0000e+00 0.0000e+00 3.0000e+00
2.0000e+00 2.0000e+00 4.0000e+00 3.0000e+00 1.0000e+00 8.0000e+00 3.4500e+02 4.0000e+00 0.0000e+00 1.0000e+00 7.0000e+00 1.0000e+00 0.0000e+00 3.0000e+00 3.0000e+00 3.0000e+00 2.0000e+00 6.0000e+00 1.0000e+00 4.0000e+00 1.0000e+00 2.0000e+00 1.1000e+01 3.0000e+00 5.0000e+00 3.0000e+00 5.0000e+00 4.0000e+00 2.0000e+00 3.0000e+00 4.0000e+00 2.0000e+00 0.0000e+00 1.0000e+00 2.0000e+00 7.0000e+00 0.0000e+00 6.0000e+00 4.0000e+00 1.5390e+03 0.0000e+00 1.0000e+00 6.0000e+00 1.0000e+00 5.0000e+00 8.0000e+00 3.0000e+00 1.0000e+01 3.0000e+00 0.0000e+00
1.0000e+01 2.0000e+00 3.0000e+00 8.0000e+00 7.0000e+00 5.0000e+00 1.4000e+01 6.0000e+00 3.0000e+00 8.0000e+00 7.0000e+00 1.8800e+03 1.0000e+00 1.0000e+00 8.0000e+00 6.8000e+01 5.0000e+00 4.0000e+00 3.0000e+00 1.0000e+00 4.0000e+00 4.0000e+00 2.0000e+00 3.0000e+00 4.0000e+00 9.0000e+00 5.0000e+00 2.0000e+00 6.0000e+00 1.2000e+01 5.0000e+00 8.1600e+02 2.0000e+00 1.0000e+00 1.1000e+01 9.0000e+00 3.0000e+00 8.0000e+00 2.1000e+01 4.0000e+00 4.0000e+00 8.0000e+00 9.0000e+00 4.0000e+00 8.0000e+00 1.3000e+01 4.0000e+00 3.0000e+00 3.0000e+00 5.0000e+00
4.0000e+00 1.0000e+00 1.2750e+03 9.0000e+00 1.0000e+01 1.6000e+01 1.2000e+01 0.0000e+00 3.0000e+00 4.0000e+00 4.0000e+00 6.0000e+00 5.0000e+00 1.2000e+01 1.6000e+01 1.0000e+01 1.0000e+00 8.0000e+00 1.0000e+00 3.0000e+00 5.0000e+00 4.0000e+00 3.0000e+00 1.3000e+01 1.0000e+00 5.0000e+00 1.1000e+01 5.0000e+00 9.0000e+00 2.8000e+01 8.0000e+00 7.0000e+00 7.0000e+00 6.0000e+00 4.0000e+00 4.0000e+00 3.0000e+00 4.0000e+00 2.0000e+00 1.1000e+01 1.0000e+01 4.0000e+00 6.0000e+00 1.9690e+03 4.0000e+00 1.0000e+00 5.0000e+00 6.0000e+00 1.0000e+00 2.0000e+00
3.0000e+00 0.0000e+00 2.0000e+00 0.0000e+00 8.0000e+00 0.0000e+00 0.0000e+00 1.0000e+00 4.0000e+00 0.0000e+00 3.0000e+00 1.0000e+00 1.0000e+00 2.0000e+00 1.1000e+01 4.0000e+00 0.0000e+00 0.0000e+00 0.0000e+00 2.0000e+00 5.0000e+00 2.0000e+00 0.0000e+00 0.0000e+00 3.0000e+00 2.0000e+00 1.0000e+00 1.0000e+00 0.0000e+00 5.0000e+00 4.0000e+00 2.0000e+00 2.0000e+00 0.0000e+00 3.0000e+00 2.0000e+00 0.0000e+00 5.0000e+00 6.0000e+00 0.0000e+00 0.0000e+00 0.0000e+00 4.0000e+00 2.0000e+00 3.0000e+00 1.0000e+00 1.0000e+00 0.0000e+00 3.0000e+00 2.0000e+00
2.3000e+01 1.0000e+00 4.0000e+00 9.0000e+00 4.0000e+00 3.0000e+00 1.5000e+01 8.0000e+00 1.4440e+03 7.0000e+00 1.4000e+01 6.0000e+00 9.0000e+00 9.0000e+00 1.4000e+01 1.6000e+01 9.0000e+00 1.0000e+00 8.0000e+00 2.0000e+00 2.6000e+02 1.1000e+01 8.0000e+00 1.3000e+01 3.0000e+00 4.0000e+00 6.0000e+00 3.0000e+00 6.0000e+00 1.7000e+01 4.0000e+00 1.5000e+01 4.0000e+00 8.0000e+00 1.7000e+01 4.0000e+00 3.0000e+00 6.0000e+00 1.4000e+01 5.0000e+00 1.9060e+03 6.0000e+00 1.6000e+01 8.0000e+00 4.0000e+00 8.0000e+00 4.0000e+00 7.0000e+00 1.1000e+01 2.0000e+00
5.0000e+00 1.0000e+00 7.0000e+00 7.0000e+00 5.0000e+00 9.0000e+00 8.0000e+00 2.0000e+00 2.0000e+00 4.0000e+00 2.0000e+00 4.0000e+00 4.0000e+00 2.0000e+00 4.5000e+01 7.0000e+00 7.0000e+00 2.0000e+00 4.0000e+00 6.0000e+00 7.0000e+00 2.0000e+00 1.0000e+00 5.0000e+00 4.0000e+00 4.0000e+00 3.0000e+00 6.0000e+00 3.0000e+00 9.0000e+00 6.0000e+00 7.0000e+00 3.0000e+00 3.0000e+00 4.0000e+00 5.0000e+00 8.0000e+00 2.8700e+03 1.4000e+01 3.0000e+00 4.0000e+00 2.0000e+00 1.6000e+01 4.0000e+00 0.0000e+00 9.0000e+00 3.0000e+00 3.0000e+00 4.0000e+00 7.0000e+00
1.3000e+01 5.0000e+00 2.0000e+00 7.0000e+00 2.1000e+01 6.0000e+00 2.4000e+01 5.0000e+00 8.0000e+00 4.1310e+03 4.0000e+00 6.0000e+00 6.4300e+02 2.0000e+00 3.0000e+00 1.2000e+01 2.0000e+00 5.0000e+00 4.0000e+00 9.0000e+00 5.0000e+00 3.0000e+00 8.0000e+00 4.0000e+00 6.0000e+00 1.0000e+01 8.0000e+00 6.0000e+00 1.2000e+01 1.9000e+01 1.0000e+01 1.1000e+01 4.5000e+01 2.0000e+01 2.1000e+01 1.7000e+01 1.0000e+00 5.0000e+00 1.3000e+01 9.0000e+00 2.0000e+00 6.0000e+00 1.6000e+01 1.6000e+01 1.9000e+01 5.0000e+00 1.4000e+01 5.0000e+00 5.0000e+00 5.0000e+00
