5.7000e+01 8.2000e+01 5.4990e+03 7.6000e+01 7.5000e+01 7.8000e+01 7.2000e+01 6.5000e+01 5.3210e+03 9.2000e+01 5.6000e+01 5.8000e+01 7.2000e+01 7.6000e+01 6.8000e+01 7.3000e+01 7.7000e+01 9.2000e+01 7.3000e+01 8.2000e+01 7.1000e+01 8.2000e+01 6.1000e+01 7.4000e+01 6.3000e+01 7.2000e+01 4.9260e+03 6.1000e+01 3.7730e+03 9.0000e+01 5.4700e+03 5.4460e+03 1.1870e+03 7.4000e+01 5.9000e+01 7.0000e+01 6.9000e+01 8.8000e+01 9.2000e+01 8.3000e+01 8.0000e+01 5.8000e+01 7.5000e+01 6.1000e+01 5.9000e+01 7.6000e+01 6.3000e+01 6.7000e+01 7.1000e+01 7.0000e+01
7.0000e+01 7.8000e+01 5.8000e+01 6.2000e+01 5.2970e+03 8.4000e+01 7.2000e+01 5.4220e+03 4.6000e+01 6.6000e+01 8.4000e+01 7.6000e+01 7.5000e+01 7.7000e+01 6.8000e+01 5.5000e+01 6.1000e+01 6.9000e+01 8.6000e+01 8.8600e+02 6.5000e+01 7.6000e+01 7.6000e+01 7.1000e+01 6.5000e+01 7.2000e+01 8.1000e+01 7.2000e+01 1.6130e+03 8.9000e+01 6.5000e+01 6.4000e+01 6.8000e+01 5.2000e+01 7.7000e+01 7.3000e+01 8.3000e+01 8.5000e+01 6.7000e+01 6.6000e+01 8.0000e+01 6.7000e+01 6.1000e+01 5.9000e+01 5.3040e+03 5.2610e+03 6.4000e+01 6.9000e+01 7.6000e+01 7.8000e+01
7.5000e+01 6.7000e+01 6.6000e+01 6.9000e+01 6.5000e+01 8.4000e+01 6.8000e+01 7.7000e+01 8.4000e+01 6.7000e+01 5.3650e+03 6.5000e+01 6.9000e+01 5.3430e+03 7.4000e+01 6.7000e+01 7.8000e+01 6.7000e+01 5.3980e+03 6.9000e+01 8.1000e+01 7.5000e+01 6.6000e+01 6.5000e+01 5.3870e+03 7.7000e+01 5.2000e+01 6.9000e+01 7.5000e+01 8.3000e+01 7.5000e+01 6.1000e+01 4.3080e+03 6.5000e+01 5.1430e+03 6.7000e+01 6.9000e+01 7.2000e+01 5.8000e+01 8.3000e+01 5.3230e+03 7.1000e+01 7.4000e+01 5.9000e+01 7.5000e+01 8.5000e+01 6.2000e+01 6.4000e+01 6.4000e+01 7.3000e+01
5.4450e+03 6.3000e+01 6.6000e+01 6.0000e+01 7.0000e+01 8.0000e+01 5.4550e+03 7.1000e+01 8.2000e+01 5.3580e+03 7.8000e+01 6.4000e+01 5.3110e+03 6.3000e+01 6.9000e+01 8.2000e+01 7.5000e+01 6.8000e+01 7.8000e+01 5.8000e+01 6.3000e+01 7.1000e+01 6.3000e+01 3.7700e+02 5.9000e+01 7.3000e+01 7.4000e+01 7.5000e+01 6.6000e+01 8.0000e+01 6.8000e+01 7.2000e+01 5.8000e+01 5.9000e+01 8.1000e+01 6.9000e+01 7.2000e+01 8.4000e+01 8.0000e+01 7.6000e+01 6.7000e+01 5.3590e+03 8.2000e+01 1.2780e+03 7.1000e+01 7.5000e+01 7.1000e+01 7.6000e+01 5.2780e+03 7.4000e+01
7.0000e+01 7.2000e+01 6.2000e+01 6.1000e+01 7.6000e+01 7.5000e+01 6.1000e+01 7.3000e+01 7.6000e+01 6.6000e+01 7.3000e+01 7.5000e+01 6.2000e+01 7.4000e+01 8.0000e+01 8.1000e+01 8.2000e+01 6.0000e+01 6.5000e+01 8.4000e+01 5.3430e+03 6.9000e+01 8.0000e+01 7.0000e+01 7.8000e+01 7.8000e+01 6.8000e+01 8.6000e+01 8.6000e+01 7.5000e+01 8.7000e+01 8.4000e+01 7.5000e+01 7.3000e+01 7.3000e+01 7.2000e+01 7.5000e+01 7.6000e+01 5.3770e+03 7.2000e+01 7.8000e+01 8.1000e+01 6.3000e+01 5.9000e+01 6.2000e+01 7.4000e+01 7.1000e+01 5.3940e+03 8.6000e+01 6.7000e+01
8.4000e+01 6.1000e+01 8.0000e+01 6.6000e+01 6.2000e+01 5.3990e+03 5.1000e+01 8.2000e+01 6.6000e+01 8.6000e+01 8.2000e+01 6.7000e+01 7.9000e+01 7.4000e+01 8.4000e+01 5.9000e+01 6.9000e+01 6.6000e+01 6.9000e+01 7.9000e+01 6.7000e+01 6.9000e+01 6.7000e+01 5.8000e+01 7.8000e+01 6.6000e+01 7.5000e+01 7.8000e+01 7.7000e+01 3.3170e+03 6.1000e+01 5.2000e+01 5.2000e+01 6.2000e+01 6.5000e+01 7.3000e+01 7.1000e+01 5.3730e+03 8.0000e+01 7.2000e+01 6.9000e+01 6.4000e+01 5.3440e+03 7.2000e+01 6.7000e+01 7.2000e+01 8.1000e+01 6.4000e+01 8.2000e+01 6.4000e+01
6.7000e+01 6.3000e+01 9.2000e+01 8.0000e+01 7.8000e+01 6.7000e+01 8.0000e+01 8.8000e+01 6.8000e+01 6.8000e+01 8.3000e+01 7.3000e+01 7.6000e+01 6.9000e+01 6.9000e+01 5.3570e+03 6.9000e+01 6.7000e+01 7.3000e+01 7.6000e+01 6.0000e+01 5.8000e+01 6.7000e+01 8.0000e+01 6.8000e+01 6.0000e+01 8.1000e+01 6.0000e+01 7.2000e+01 2.0770e+03 7.2000e+01 7.3000e+01 6.2000e+01 6.7000e+01 6.2000e+01 7.9000e+01 7.8000e+01 8.0000e+01 7.7000e+01 8.3000e+01 8.3000e+01 7.4000e+01 6.4000e+01 8.1000e+01 8.5000e+01 7.7000e+01 6.6000e+01 6.3000e+01 6.7000e+01 8.1000e+01
7.4000e+01 5.3360e+03 9.0000e+01 7.2000e+01 7.5000e+01 7.3000e+01 8.5000e+01 6.8000e+01 7.8000e+01 8.1000e+01 6.2000e+01 6.6000e+01 8.8000e+01 6.7000e+01 5.3350e+03 8.2000e+01 4.7100e+02 5.4380e+03 6.7000e+01 4.5700e+03 7.5000e+01 6.8000e+01 5.3210e+03 5.0130e+03 7.7000e+01 8.6000e+01 8.2000e+01 5.2850e+03 7.8000e+01 7.8000e+01 5.3000e+01 6.7000e+01 7.3000e+01 7.4000e+01 7.5000e+01 7.3000e+01 6.5000e+01 7.7000e+01 6.6000e+01 8.3000e+01 7.0000e+01 7.4000e+01 9.0000e+01 8.1000e+01 7.4000e+01 7.3000e+01 6.5000e+01 7.1000e+01 7.2000e+01 7.3000e+01
6.3000e+01 6.3000e+01 6.1000e+01 5.3950e+03 8.1000e+01 7.3000e+01 8.0000e+01 7.0000e+01 6.8000e+01 7.4000e+01 6.8000e+01 5.3690e+03 7.5000e+01 6.1000e+01 6.2000e+01 6.7000e+01 7.4000e+01 8.1000e+01 6.3000e+01 7.5000e+01 7.9000e+01 5.2010e+03 7.0000e+01 7.8000e+01 6.0000e+01 5.3720e+03 7.8000e+01 7.0000e+01 7.4000e+01 7.2000e+01 6.4000e+01 7.2000e+01 7.5000e+01 7.2000e+01 2.2000e+02 6.9000e+01 6.1000e+01 7.0000e+01 8.4000e+01 5.6000e+01 6.3000e+01 5.9000e+01 6.2000e+01 2.7480e+03 6.6000e+01 6.3000e+01 5.3210e+03 6.1000e+01 7.9000e+01 5.8000e+01
7.2000e+01 6.1000e+01 5.8000e+01 7.0000e+01 6.9000e+01 6.7000e+01 7.2000e+01 8.3000e+01 7.4000e+01 7.0000e+01 6.9000e+01 8.0000e+01 7.5000e+01 7.1000e+01 1.2800e+02 7.8000e+01 5.0180e+03 7.0000e+01 5.7000e+01 7.1000e+01 7.2000e+01 6.3000e+01 6.1000e+01 6.6000e+01 5.9000e+01 6.6000e+01 4.0000e+02 5.7000e+01 6.5000e+01 6.5000e+01 7.2000e+01 7.1000e+01 7.1000e+01 5.4240e+03 7.4000e+01 5.3210e+03 5.3430e+03 7.0000e+01 6.5000e+01 5.3830e+03 8.5000e+01 7.7000e+01 7.0000e+01 1.4820e+03 8.5000e+01 7.2000e+01 6.8000e+01 6.2000e+01 6.9000e+01 5.2510e+03
