4.5614e-01 3.6585e-01 7.7778e-01 2.2368e-01 5.7333e-01 5.6410e-01 5.1389e-01 6.7188e-01 6.4198e-01 6.5432e-01 3.5714e-01 4.6552e-01 2.9167e-01 2.3684e-01 4.4118e-01 3.2877e-01 1.8182e-01 1.8478e-01 1.7808e-01 3.9024e-01 5.4930e-01 2.9268e-01 3.8333e-01 4.1892e-01 1.5873e-01 2.5000e-01 5.6944e-01 3.7705e-01 8.5294e-01 5.1111e-01 7.1622e-01 7.5342e-01 6.4179e-01 5.5072e-01 4.4068e-01 4.4286e-01 3.3333e-01 6.8182e-01 5.5435e-01 1.9277e-01 6.2025e-01 0.0000e+00 2.2667e-01 3.6066e-01 7.4576e-01 2.2368e-01 5.2381e-01 6.5672e-01 2.2535e-01 5.0000e-01
3.7143e-01 3.8462e-01 0.0000e+00 0.0000e+00 7.9452e-01 0.0000e+00 2.7778e-01 5.9701e-01 1.0870e-01 1.9697e-01 0.0000e+00 0.0000e+00 5.3333e-02 0.0000e+00 7.3529e-02 3.8182e-01 1.1475e-01 0.0000e+00 1.9767e-01 5.2000e-01 1.5385e-01 4.0789e-01 3.3784e-01 4.2254e-02 1.3846e-01 1.5278e-01 2.0988e-01 0.0000e+00 6.6667e-01 7.2222e-01 2.0000e-01 0.0000e+00 0.0000e+00 2.6923e-01 2.5974e-01 2.1918e-01 2.2892e-01 1.6471e-01 3.7313e-01 0.0000e+00 0.0000e+00 1.3433e-01 1.9672e-01 2.5424e-01 1.0000e+00 7.7586e-01 0.0000e+00 1.0145e-01 4.6575e-01 1.1538e-01
2.5333e-01 2.3881e-01 2.7273e-01 6.1765e-01 4.1538e-01 6.3750e-01 6.0294e-01 3.3766e-01 6.0714e-01 5.5224e-01 6.8254e-01 2.4615e-01 5.7377e-01 7.1795e-01 2.1622e-01 5.6716e-01 5.0000e-01 4.0299e-01 6.1333e-01 4.4928e-01 7.4359e-01 4.9333e-01 2.5758e-01 6.7213e-01 5.6522e-01 4.2857e-01 3.6538e-01 3.9130e-01 6.8000e-01 4.4578e-01 3.8667e-01 3.6066e-01 6.8852e-01 4.6154e-01 6.1818e-01 4.0299e-01 5.9420e-01 4.4444e-01 7.5862e-01 2.8916e-01 7.5789e-01 4.3662e-01 9.1892e-01 4.2373e-01 4.0000e-01 3.6471e-01 3.2258e-01 3.2812e-01 4.8438e-01 3.0137e-01
1.0000e+00 3.8095e-01 9.0909e-01 8.0000e-01 2.4286e-01 9.0000e-01 1.0000e+00 5.9155e-01 7.1951e-01 9.7500e-01 1.7949e-01 9.6825e-01 8.1081e-01 8.3871e-01 1.0145e-01 7.0732e-01 2.0000e-01 7.3529e-01 5.8974e-01 1.7241e-01 9.6825e-01 9.0141e-01 1.2698e-01 9.6875e-01 6.7797e-02 7.0833e-01 7.3611e-01 3.6000e-01 2.7273e-01 8.1013e-01 2.2059e-01 7.5000e-01 6.0345e-01 6.7797e-02 2.7160e-01 4.3478e-02 9.2958e-01 9.7619e-01 6.6250e-01 7.8947e-02 9.2537e-01 7.7941e-01 3.2927e-01 8.1159e-01 9.1549e-01 9.8667e-01 9.4366e-01 8.1579e-01 9.2771e-01 1.7568e-01
1.1429e-01 2.0833e-01 0.0000e+00 0.0000e+00 1.5789e-01 0.0000e+00 3.6066e-01 0.0000e+00 0.0000e+00 0.0000e+00 0.0000e+00 2.8000e-01 0.0000e+00 6.7568e-02 0.0000e+00 3.7037e-01 2.6829e-01 1.6667e-02 6.1538e-02 3.5714e-01 4.8000e-01 1.0145e-01 2.3750e-01 2.0000e-01 8.9744e-02 1.2821e-02 0.0000e+00 0.0000e+00 1.1628e-01 1.7333e-01 2.1839e-01 4.2683e-01 5.3333e-02 6.8493e-02 2.4658e-01 0.0000e+00 0.0000e+00 1.3158e-01 9.4444e-01 0.0000e+00 1.6667e-01 0.0000e+00 2.0635e-01 0.0000e+00 1.6129e-01 6.7568e-02 1.4085e-02 7.4324e-01 6.9767e-02 0.0000e+00
1.4286e-01 2.2951e-01 1.7500e-01 9.0909e-02 0.0000e+00 5.0000e-01 0.0000e+00 0.0000e+00 0.0000e+00 5.8140e-02 3.1707e-01 1.7910e-01 1.3924e-01 2.4324e-01 3.6364e-01 5.8929e-01 2.6087e-01 9.0909e-02 7.2464e-02 1.3924e-01 1.9403e-01 0.0000e+00 0.0000e+00 0.0000e+00 3.2051e-01 1.2121e-01 0.0000e+00 0.0000e+00 3.6364e-01 7.0732e-01 4.9180e-02 3.8462e-01 2.6923e-01 0.0000e+00 2.4615e-01 8.2192e-02 1.4085e-02 1.0000e+00 1.0000e+00 1.9444e-01 1.1594e-01 2.8125e-01 1.0000e+00 0.0000e+00 8.0597e-01 0.0000e+00 2.2222e-01 4.6875e-02 7.3171e-02 0.0000e+00
2.0896e-01 7.9365e-02 3.0435e-01 1.5000e-01 1.1538e-01 1.6418e-01 3.3750e-01 1.2500e-01 0.0000e+00 1.7647e-01 1.2048e-01 6.8493e-02 3.9474e-02 7.2464e-02 8.6957e-02 5.4839e-01 8.6957e-02 1.0448e-01 1.2329e-01 1.0526e-01 1.6667e-01 1.0345e-01 1.6418e-01 3.2500e-01 1.0294e-01 1.8333e-01 6.1728e-02 1.5000e-01 1.1111e-01 6.0976e-01 1.3889e-02 1.6438e-01 4.8387e-02 1.0448e-01 2.4194e-01 7.5949e-02 3.8462e-02 7.5000e-02 4.0260e-01 1.2048e-01 3.6145e-02 1.4865e-01 2.6562e-01 8.6420e-02 1.7647e-01 2.5974e-01 1.3636e-01 3.6508e-01 1.3433e-01 1.2346e-02
6.7123e-01 6.8852e-01 5.5556e-01 5.0000e-01 4.5333e-01 4.9315e-01 3.0588e-01 4.2647e-01 6.6197e-01 5.8750e-01 1.4516e-01 1.2121e-01 3.2955e-01 2.9851e-01 5.6716e-01 4.3902e-01 6.0606e-01 7.1429e-01 2.6866e-01 7.1622e-01 6.2162e-01 4.4118e-01 5.4930e-01 7.4026e-01 4.2857e-01 5.5405e-01 2.9268e-01 6.0241e-01 6.6667e-01 4.8718e-01 4.3396e-01 3.5821e-01 1.6438e-01 2.4324e-01 5.2000e-01 5.8333e-01 5.6923e-01 5.9740e-01 4.5455e-01 4.9351e-01 4.2857e-01 3.5135e-01 6.6667e-01 4.0741e-01 6.4865e-01 8.6301e-01 6.9231e-01 6.9014e-01 2.7778e-01 3.9726e-01
1.1111e-01 9.5238e-02 3.1148e-01 5.3846e-01 5.6790e-01 1.3699e-01 4.3750e-01 3.2857e-01 2.6471e-01 2.5676e-01 1.7647e-01 5.5714e-01 1.2000e-01 1.6393e-01 8.0645e-02 5.3731e-01 3.3784e-01 1.4815e-01 3.1746e-01 1.7333e-01 6.3291e-02 5.0000e-01 2.4286e-01 2.5641e-01 2.0000e-01 3.7179e-01 6.4103e-02 7.1429e-02 2.2973e-01 5.0000e-01 3.4375e-01 2.0833e-01 5.3333e-02 3.3803e-01 3.9655e-01 3.6232e-01 1.3115e-01 4.1429e-01 4.1667e-01 1.6071e-01 1.5873e-01 1.3559e-01 7.6271e-01 3.9744e-01 4.5455e-02 1.9048e-01 7.2840e-01 1.3115e-01 1.1392e-01 2.4138e-01
3.4722e-01 5.5738e-01 1.5517e-01 2.0000e-01 6.8116e-01 8.0952e-01 4.8611e-01 7.2289e-01 5.8108e-01 5.0000e-01 3.3333e-01 9.2500e-01 5.8667e-01 6.4789e-01 6.7059e-01 2.5641e-01 7.2500e-01 8.2353e-01 6.5455e-01 7.8571e-01 7.7778e-01 1.9048e-01 2.6230e-01 3.7879e-01 4.7458e-01 5.9091e-01 7.2603e-01 3.1579e-01 8.7500e-01 2.9231e-01 1.9444e-01 9.0141e-01 7.4648e-01 7.4684e-01 6.4865e-01 8.7755e-01 8.9855e-01 6.4286e-01 3.0769e-01 6.2025e-01 2.4706e-01 3.1169e-01 5.2857e-01 7.3529e-01 5.2941e-01 4.4444e-01 8.5294e-01 1.9355e-01 3.0435e-01 8.4211e-01
