7.0000e+01 7.6000e+01 6.5000e+01 7.4000e+01 7.7000e+01 8.3000e+01 7.3000e+01 7.2000e+01 5.3800e+03 9.8000e+01 6.6000e+01 7.5000e+01 6.8000e+01 6.2000e+01 7.7000e+01 7.3000e+01 7.7000e+01 9.0000e+01 8.8000e+01 7.7000e+01 5.4000e+01 5.1850e+03 1.5800e+02 5.3900e+03 7.4000e+01 9.0000e+01 8.1000e+01 6.7000e+01 6.5000e+01 4.1500e+03 6.0000e+01 6.5000e+01 1.0000e+02 6.2000e+01 6.7000e+01 7.4000e+01 7.1000e+01 6.1000e+01 6.3000e+01 7.8000e+01 3.8950e+03 8.2000e+01 3.6600e+03 4.0100e+02 7.2000e+01 7.9000e+01 6.7000e+01 8.4000e+01 6.2000e+01 5.6000e+01
5.3000e+01 7.1000e+01 7.9000e+01 8.1000e+01 6.7000e+01 7.0000e+01 7.1000e+01 8.4000e+01 8.3000e+01 5.6000e+01 6.9000e+01 7.6000e+01 8.1000e+01 8.3000e+01 5.3060e+03 5.5000e+01 7.3000e+01 5.4130e+03 5.3350e+03 8.5000e+01 6.8000e+01 8.4000e+01 8.1000e+01 7.4000e+01 6.4000e+01 7.1000e+01 7.0000e+01 6.3000e+01 2.6600e+02 8.5000e+01 6.7000e+01 7.5000e+01 5.6000e+01 6.9000e+01 8.3000e+01 6.3000e+01 7.2000e+01 7.0000e+01 9.0000e+01 6.2000e+01 7.1000e+01 7.5000e+01 6.8000e+01 7.7000e+01 7.2000e+01 6.7000e+01 7.5000e+01 7.6000e+01 6.9000e+01 6.7000e+01
6.5000e+01 6.6000e+01 5.4070e+03 8.3000e+01 7.2000e+01 6.0000e+01 4.9920e+03 6.3000e+01 7.3000e+01 7.0000e+01 5.3640e+03 6.5000e+01 6.1000e+01 6.6000e+01 5.9000e+01 7.0000e+01 7.5000e+01 5.8000e+01 7.2000e+01 8.0000e+01 8.4000e+01 7.0000e+01 8.4000e+01 6.3000e+01 6.7000e+01 8.4000e+01 7.2000e+01 7.0000e+01 7.2000e+01 7.6000e+01 7.0000e+01 5.2400e+03 6.7000e+01 8.0000e+01 8.8000e+01 7.8000e+01 9.0000e+01 9.0000e+01 5.6000e+01 5.2940e+03 6.9000e+01 6.1000e+01 7.4000e+01 7.4000e+01 7.3000e+01 7.2000e+01 6.8000e+01 1.2460e+03 6.9000e+01 7.7000e+01
7.5000e+01 7.5000e+01 9.6000e+01 7.8000e+01 6.0000e+01 6.6000e+01 8.6000e+01 5.7000e+01 7.7000e+01 7.0000e+01 7.8000e+01 8.4000e+01 7.7000e+01 7.0000e+01 7.7000e+01 7.1000e+01 8.6000e+01 6.6000e+01 7.7000e+01 1.2100e+02 6.8000e+01 5.3000e+01 6.6000e+01 8.0000e+01 5.2400e+03 7.9000e+01 7.5000e+01 7.6000e+01 8.1000e+01 6.3000e+01 5.4320e+03 7.1000e+01 7.3000e+01 4.5200e+03 7.1000e+01 6.5000e+01 6.5000e+01 7.2000e+01 5.3740e+03 6.8000e+01 6.7000e+01 1.1210e+03 6.9000e+01 6.3000e+01 6.3000e+01 5.3640e+03 6.4000e+01 7.4000e+01 7.5000e+01 6.5000e+01
6.9000e+01 7.3000e+01 7.1000e+01 7.7000e+01 6.8000e+01 6.8000e+01 6.7000e+01 7.8000e+01 7.1000e+01 6.9000e+01 6.5000e+01 6.7000e+01 6.4000e+01 6.1000e+01 5.2000e+01 7.7000e+01 5.3900e+03 7.5000e+01 8.6000e+01 7.0000e+01 6.7000e+01 8.0000e+01 7.0000e+01 7.9000e+01 6.5000e+01 6.2000e+01 5.3240e+03 6.9000e+01 4.1970e+03 8.2000e+01 8.3000e+01 7.6000e+01 7.5000e+01 5.7000e+01 5.2650e+03 6.6000e+01 7.3000e+01 7.7000e+01 6.5000e+01 6.9000e+01 7.3000e+01 6.3000e+01 4.9000e+01 6.6000e+01 7.2000e+01 7.6000e+01 7.9000e+01 6.9000e+01 7.9000e+01 5.3680e+03
7.0000e+01 9.0000e+01 6.2000e+01 7.9000e+01 6.4000e+01 7.1000e+01 8.3000e+01 6.4000e+01 7.3000e+01 7.8000e+01 6.3000e+01 6.4000e+01 5.3880e+03 6.9000e+01 7.9000e+01 6.7000e+01 6.7000e+01 6.1000e+01 6.3000e+01 7.4000e+01 6.9000e+01 9.6000e+01 5.3260e+03 7.1000e+01 7.4000e+01 6.4000e+01 6.6000e+01 5.2970e+03 7.5000e+01 5.8000e+01 7.3000e+01 6.4000e+01 7.8000e+01 6.1000e+01 6.8000e+01 6.9000e+01 7.9000e+01 5.3300e+03 7.7000e+01 7.6000e+01 6.0000e+01 4.2860e+03 6.6000e+01 1.2200e+02 5.2740e+03 8.2000e+01 7.5000e+01 7.1000e+01 7.0000e+01 8.4000e+01
5.4420e+03 6.5000e+01 8.4000e+01 5.9000e+01 8.1000e+01 8.0000e+01 4.0400e+02 5.3040e+03 7.5000e+01 5.3530e+03 5.8000e+01 6.9000e+01 6.4000e+01 7.2000e+01 6.8000e+01 5.3790e+03 7.4000e+01 5.2000e+01 6.8000e+01 7.9000e+01 7.4000e+01 7.3000e+01 7.6000e+01 8.4000e+01 6.0000e+01 7.3000e+01 6.9000e+01 8.3000e+01 7.5000e+01 6.1000e+01 7.0000e+01 5.8000e+01 7.4000e+01 7.3000e+01 6.1000e+01 6.9000e+01 6.9000e+01 7.4000e+01 7.3000e+01 7.8000e+01 7.1000e+01 8.0000e+01 1.7970e+03 5.9000e+01 6.2000e+01 7.5000e+01 7.7000e+01 4.1690e+03 7.4000e+01 6.3000e+01
6.6000e+01 6.1000e+01 6.7000e+01 6.6000e+01 5.3150e+03 6.7000e+01 6.9000e+01 6.7000e+01 6.8000e+01 6.4000e+01 6.5000e+01 6.9000e+01 7.7000e+01 5.5280e+03 6.8000e+01 8.4000e+01 8.5000e+01 7.7000e+01 6.9000e+01 6.9000e+01 7.9000e+01 6.7000e+01 7.8000e+01 7.4000e+01 7.4000e+01 8.1000e+01 7.1000e+01 7.4000e+01 1.1010e+03 9.1000e+01 8.7000e+01 7.8000e+01 5.2510e+03 9.5800e+02 6.4000e+01 5.4510e+03 6.7000e+01 8.2000e+01 7.0000e+01 6.0000e+01 7.0000e+01 7.7000e+01 8.6000e+01 7.5000e+01 8.0000e+01 6.0000e+01 6.5000e+01 6.5000e+01 5.4040e+03 5.9000e+01
6.8000e+01 5.3770e+03 7.5000e+01 5.4160e+03 7.0000e+01 7.2000e+01 7.4000e+01 7.8000e+01 7.2000e+01 5.7000e+01 8.3000e+01 9.1000e+01 6.8000e+01 6.1000e+01 6.4000e+01 6.0000e+01 7.5000e+01 7.3000e+01 6.3000e+01 6.2000e+01 6.8000e+01 6.3000e+01 7.4000e+01 7.9000e+01 7.4000e+01 6.4000e+01 7.0000e+01 9.1000e+01 7.8000e+01 1.2520e+03 7.5000e+01 6.6000e+01 7.8000e+01 7.9000e+01 6.7000e+01 6.3000e+01 5.3130e+03 7.0000e+01 7.5000e+01 7.0000e+01 8.4000e+01 8.5000e+01 6.5000e+01 4.9360e+03 6.8000e+01 6.6000e+01 5.2240e+03 5.9000e+01 7.7000e+01 7.4000e+01
6.1000e+01 6.6000e+01 8.3000e+01 8.3000e+01 5.3000e+01 5.3340e+03 7.0000e+01 5.4000e+01 6.0000e+01 6.0000e+01 6.8000e+01 5.3630e+03 6.1000e+01 8.0000e+01 5.9000e+01 8.4000e+01 5.5000e+01 6.8000e+01 6.4000e+01 5.3620e+03 5.3540e+03 7.8000e+01 6.2000e+01 6.1000e+01 7.8000e+01 5.4400e+03 7.7000e+01 7.3000e+01 6.9000e+01 7.6000e+01 6.6000e+01 7.6000e+01 6.3000e+01 7.4000e+01 7.7000e+01 7.6000e+01 6.8000e+01 8.0000e+01 7.6000e+01 6.0000e+01 1.6840e+03 7.7000e+01 7.1000e+01 9.3000e+01 7.6000e+01 7.7000e+01 6.5000e+01 8.8000e+01 7.2000e+01 7.4000e+01
