5.0000e+01 3.2000e+01 5.5000e+01 5.5000e+01 3.1000e+01 0.0000e+00 2.4000e+01 1.6000e+01 5.2620e+03 9.8000e+01 5.6000e+01 7.3000e+01 5.1000e+01 5.3000e+01 6.2000e+01 2.8000e+01 6.1000e+01 5.2000e+01 5.8000e+01 3.3000e+01 3.0000e+01 5.0040e+03 1.5000e+02 5.3670e+03 3.7000e+01 7.8000e+01 6.4000e+01 4.1000e+01 3.6000e+01 3.6730e+03 5.0000e+01 3.4000e+01 9.0000e+01 6.2000e+01 3.0000e+01 4.6000e+01 5.9000e+01 4.4000e+01 2.8000e+01 7.2000e+01 3.5900e+03 2.7000e+01 3.5260e+03 3.9100e+02 1.4000e+01 2.7000e+01 8.0000e+00 4.1000e+01 3.3000e+01 4.3000e+01
1.1000e+01 1.6000e+01 3.9000e+01 6.0000e+00 8.0000e+00 2.3000e+01 3.0000e+00 4.0000e+01 8.0000e+00 2.7000e+01 9.0000e+00 1.9000e+01 1.4000e+01 9.0000e+00 2.8650e+03 3.0000e+00 2.2000e+01 2.1990e+03 2.1150e+03 1.2000e+01 3.5000e+01 4.4000e+01 3.9000e+01 1.0000e+01 2.1000e+01 2.9000e+01 1.6000e+01 1.2000e+01 1.3500e+02 1.0000e+01 2.3000e+01 3.4000e+01 9.0000e+00 2.0000e+01 4.0000e+01 3.3000e+01 1.4000e+01 7.0000e+00 2.6000e+01 8.0000e+00 2.0000e+00 6.0000e+00 3.2000e+01 3.7000e+01 1.7000e+01 2.1000e+01 5.0000e+00 0.0000e+00 7.0000e+00 3.5000e+01
5.8000e+01 4.4000e+01 5.3850e+03 1.8000e+01 8.0000e+00 3.0000e+01 4.9920e+03 4.2000e+01 1.7000e+01 2.0000e+01 5.0800e+03 8.0000e+00 6.0000e+00 9.0000e+00 3.3000e+01 0.0000e+00 1.3000e+01 7.0000e+00 4.1000e+01 3.8000e+01 2.8000e+01 1.3000e+01 5.1000e+01 4.0000e+00 5.0000e+01 3.0000e+01 4.9000e+01 2.6000e+01 7.0000e+01 1.5000e+01 3.0000e+01 5.2400e+03 5.1000e+01 2.5000e+01 1.7000e+01 4.6000e+01 1.2000e+01 6.1000e+01 1.7000e+01 4.3390e+03 1.1000e+01 1.6000e+01 2.0000e+00 4.2000e+01 3.2000e+01 1.5000e+01 1.0000e+00 1.2230e+03 4.3000e+01 7.3000e+01
2.4000e+01 3.0000e+01 1.0000e+00 1.3000e+01 3.0000e+00 3.5000e+01 2.1000e+01 6.0000e+00 1.2000e+01 2.9000e+01 2.9000e+01 3.7000e+01 2.1000e+01 3.7000e+01 1.0000e+00 1.0000e+01 4.0000e+00 2.5000e+01 3.0000e+01 6.5000e+01 4.8000e+01 2.4000e+01 3.2000e+01 4.1000e+01 3.7650e+03 4.7000e+01 5.4000e+01 3.7000e+01 5.5000e+01 2.6000e+01 4.5810e+03 3.4000e+01 3.3000e+01 3.4340e+03 5.6000e+01 4.0000e+01 2.2000e+01 3.5000e+01 4.0070e+03 2.1000e+01 2.5000e+01 6.8500e+02 1.4000e+01 1.3000e+01 3.7000e+01 4.2020e+03 3.4000e+01 3.9000e+01 3.5000e+01 3.7000e+01
3.8000e+01 4.3000e+01 4.5000e+01 2.7000e+01 3.7000e+01 4.3000e+01 3.3000e+01 5.9000e+01 1.2000e+01 3.3000e+01 4.8000e+01 4.1000e+01 4.8000e+01 2.1000e+01 2.5000e+01 3.5000e+01 4.3400e+03 3.9000e+01 5.0000e+01 3.3000e+01 4.6000e+01 4.0000e+01 1.6000e+01 2.5000e+01 2.5000e+01 2.5000e+01 4.8410e+03 3.0000e+01 3.4920e+03 2.6000e+01 4.7000e+01 5.5000e+01 2.7000e+01 1.8000e+01 4.8470e+03 5.4000e+01 4.7000e+01 3.2000e+01 3.5000e+01 2.2000e+01 4.1000e+01 3.6000e+01 1.5000e+01 1.6000e+01 3.5000e+01 3.9000e+01 4.7000e+01 2.8000e+01 5.2000e+01 4.5730e+03
7.0000e+01 9.0000e+01 6.2000e+01 7.4000e+01 5.6000e+01 4.5000e+01 5.7000e+01 5.9000e+01 6.1000e+01 7.7000e+01 3.9000e+01 5.1000e+01 5.2260e+03 6.1000e+01 4.0000e+01 3.0000e+00 4.2000e+01 1.3000e+01 4.5000e+01 7.0000e+00 6.6000e+01 9.6000e+01 5.3140e+03 7.1000e+01 7.4000e+01 4.9000e+01 6.3000e+01 3.2030e+03 6.7000e+01 1.2000e+01 7.2000e+01 5.5000e+01 4.9000e+01 5.2000e+01 6.4000e+01 6.5000e+01 6.6000e+01 5.1280e+03 7.5000e+01 7.6000e+01 5.3000e+01 4.1370e+03 5.9000e+01 1.2200e+02 5.2180e+03 5.3000e+01 2.7000e+01 6.7000e+01 3.8000e+01 4.2000e+01
5.3150e+03 1.4000e+01 7.1000e+01 3.9000e+01 7.2000e+01 1.4000e+01 3.9100e+02 5.1220e+03 9.0000e+00 4.8100e+03 1.7000e+01 7.0000e+00 1.0000e+01 2.9000e+01 1.8000e+01 4.0750e+03 5.6000e+01 4.0000e+00 4.0000e+00 4.3000e+01 5.9000e+01 2.0000e+00 2.8000e+01 2.7000e+01 4.4000e+01 1.9000e+01 3.0000e+00 5.3000e+01 5.8000e+01 1.5000e+01 3.0000e+01 4.3000e+01 2.5000e+01 1.0000e+00 3.0000e+00 6.1000e+01 2.2000e+01 7.0000e+00 4.1000e+01 5.6000e+01 5.7000e+01 2.7000e+01 1.6980e+03 1.4000e+01 7.0000e+00 3.0000e+01 2.1000e+01 4.0840e+03 6.0000e+01 5.0000e+00
3.6000e+01 3.5000e+01 4.9000e+01 2.3000e+01 3.9470e+03 2.7000e+01 2.5000e+01 2.4000e+01 4.5000e+01 3.4000e+01 2.6000e+01 5.7000e+01 2.2000e+01 4.2970e+03 4.4000e+01 3.5000e+01 3.8000e+01 3.3000e+01 1.3000e+01 3.3000e+01 6.7000e+01 3.8000e+01 3.0000e+01 2.1000e+01 1.5000e+01 3.2000e+01 5.9000e+01 3.3000e+01 8.8700e+02 3.7000e+01 4.4000e+01 4.7000e+01 3.5330e+03 8.4600e+02 5.2000e+01 4.4390e+03 6.0000e+00 4.4000e+01 4.6000e+01 3.0000e+01 3.3000e+01 1.4000e+01 1.8000e+01 2.4000e+01 2.6000e+01 3.6000e+01 3.9000e+01 2.6000e+01 3.9830e+03 4.4000e+01
5.1000e+01 4.9190e+03 5.2000e+01 5.1370e+03 5.0000e+01 6.5000e+01 4.5000e+01 4.2000e+01 3.7000e+01 2.9000e+01 5.7000e+01 6.8000e+01 5.2000e+01 4.3000e+01 4.2000e+01 2.7000e+01 4.0000e+01 2.8000e+01 4.0000e+01 2.9000e+01 3.4000e+01 3.3000e+01 6.2000e+01 5.0000e+01 5.0000e+01 4.2000e+01 6.1000e+01 5.7000e+01 7.0000e+01 1.0130e+03 4.2000e+01 4.0000e+01 5.1000e+01 5.6000e+01 5.7000e+01 4.6000e+01 4.6940e+03 4.3000e+01 2.9000e+01 3.5000e+01 5.1000e+01 4.1000e+01 4.8000e+01 4.5220e+03 4.3000e+01 4.6000e+01 4.2510e+03 3.6000e+01 5.3000e+01 5.8000e+01
3.4000e+01 8.0000e+00 6.4000e+01 7.0000e+00 7.0000e+00 4.2550e+03 1.4000e+01 1.5000e+01 3.0000e+00 3.9000e+01 3.6000e+01 4.3770e+03 1.7000e+01 4.3000e+01 4.0000e+00 1.7000e+01 2.9000e+01 2.2000e+01 2.8000e+01 2.6730e+03 4.3480e+03 3.1000e+01 3.3000e+01 1.5000e+01 3.6000e+01 4.4130e+03 6.3000e+01 3.2000e+01 2.7000e+01 4.3000e+01 3.1000e+01 4.8000e+01 7.0000e+00 3.0000e+01 3.6000e+01 1.7000e+01 6.0000e+00 4.6000e+01 4.8000e+01 8.0000e+00 1.0190e+03 4.4000e+01 3.2000e+01 3.0000e+01 4.6000e+01 3.5000e+01 3.4000e+01 5.7000e+01 3.3000e+01 5.2000e+01
