4.5833e-01 1.5000e-01 6.7901e-01 3.8462e-01 5.8850e-01 6.5854e-01 6.1364e-01 7.2823e-01 6.0280e-01 5.6522e-01 4.0580e-01 3.3333e-01 1.7647e-01 3.1250e-01 4.6067e-01 4.0323e-01 1.2500e-01 1.6667e-01 1.5789e-01 1.4286e-01 6.0784e-01 1.0000e-01 3.4375e-01 4.2105e-01 2.1429e-01 3.0000e-01 4.2308e-01 2.1053e-01 7.0654e-01 6.2555e-01 6.4592e-01 7.3348e-01 5.8889e-01 6.3504e-01 2.4138e-01 4.4000e-01 3.3333e-01 5.5882e-01 6.8254e-01 3.5593e-01 6.1728e-01 0.0000e+00 2.5000e-01 3.4375e-01 7.4747e-01 1.1111e-01 3.8095e-01 7.1163e-01 1.1111e-01 6.2366e-01
5.4545e-01 4.5882e-01 0.0000e+00 0.0000e+00 7.2173e-01 0.0000e+00 2.5000e-01 5.2542e-01 0.0000e+00 1.8182e-01 0.0000e+00 0.0000e+00 7.6923e-02 0.0000e+00 0.0000e+00 4.6875e-01 7.1429e-02 0.0000e+00 7.1429e-02 2.6316e-01 1.1111e-01 3.8095e-01 3.1313e-01 1.1111e-01 6.2500e-02 1.7391e-01 0.0000e+00 0.0000e+00 5.4737e-01 6.8587e-01 1.0000e-01 0.0000e+00 0.0000e+00 0.0000e+00 6.2500e-02 1.1111e-01 2.3077e-01 1.1111e-01 3.3333e-01 0.0000e+00 0.0000e+00 2.1739e-01 2.5000e-01 1.7647e-01 1.0000e+00 6.8254e-01 0.0000e+00 2.7778e-01 4.0909e-01 2.5000e-01
3.3333e-01 3.7255e-01 3.1250e-01 6.2500e-01 4.5946e-01 5.4762e-01 6.6667e-01 5.3333e-01 5.4211e-01 5.5814e-01 6.8281e-01 3.8095e-01 5.6410e-01 6.3506e-01 2.9412e-01 6.0520e-01 5.6173e-01 3.4783e-01 3.6364e-01 4.5455e-01 6.7949e-01 4.6875e-01 1.9565e-01 6.0000e-01 6.6379e-01 3.9394e-01 3.2258e-01 2.9508e-01 6.5591e-01 4.6774e-01 3.5000e-01 3.4615e-01 6.0000e-01 6.0909e-01 6.5201e-01 3.6842e-01 5.3488e-01 5.0000e-01 6.0000e-01 3.9744e-01 6.7188e-01 4.0741e-01 8.5804e-01 4.0476e-01 1.0000e+00 3.5294e-01 2.8571e-01 4.3750e-01 4.5833e-01 1.5385e-01
1.0000e+00 2.3077e-01 9.3308e-01 7.5370e-01 2.4000e-01 9.0418e-01 1.0000e+00 6.2185e-01 6.8821e-01 9.0882e-01 2.4138e-01 9.1234e-01 7.6801e-01 7.3395e-01 1.5000e-01 6.9138e-01 3.4211e-01 7.7533e-01 6.3125e-01 1.4286e-01 9.3749e-01 8.9978e-01 1.0000e-01 9.8104e-01 0.0000e+00 6.5328e-01 7.3933e-01 4.3878e-01 4.1860e-01 7.2496e-01 0.0000e+00 7.2727e-01 6.7980e-01 0.0000e+00 3.5294e-01 1.8182e-01 8.8493e-01 9.6441e-01 7.8621e-01 1.3636e-01 8.6506e-01 7.1731e-01 3.3333e-01 7.2656e-01 1.0000e+00 9.8995e-01 9.2749e-01 8.4880e-01 9.4340e-01 1.5385e-01
1.0000e+00 1.5000e-01 0.0000e+00 0.0000e+00 2.9032e-01 0.0000e+00 1.0000e+00 0.0000e+00 0.0000e+00 0.0000e+00 6.6667e-02 1.8182e-01 0.0000e+00 0.0000e+00 0.0000e+00 4.4156e-01 7.1429e-02 1.0000e-01 0.0000e+00 4.1176e-01 6.0417e-01 1.6667e-01 3.5664e-01 1.0000e+00 6.2500e-02 0.0000e+00 0.0000e+00 0.0000e+00 0.0000e+00 2.6087e-01 2.2581e-01 4.7826e-01 0.0000e+00 0.0000e+00 2.2222e-01 0.0000e+00 0.0000e+00 2.5000e-01 9.1640e-01 0.0000e+00 1.0000e-01 0.0000e+00 2.0000e-01 0.0000e+00 1.0000e+00 1.0000e+00 0.0000e+00 7.0443e-01 0.0000e+00 0.0000e+00
1.0000e+00 0.0000e+00 1.1111e-01 1.3333e-01 0.0000e+00 4.4828e-01 1.0000e+00 0.0000e+00 0.0000e+00 1.0000e-01 4.7222e-01 1.0000e-01 0.0000e+00 1.2500e-01 2.9412e-01 5.0394e-01 1.2500e-01 2.1429e-01 1.5789e-01 0.0000e+00 1.1111e-01 0.0000e+00 0.0000e+00 1.0000e+00 3.0233e-01 1.1111e-01 0.0000e+00 0.0000e+00 3.2143e-01 7.5263e-01 5.8824e-02 2.6316e-01 9.0909e-02 0.0000e+00 2.5806e-01 1.1111e-01 1.0000e-01 1.0000e+00 1.0000e+00 5.8824e-02 1.0000e-01 2.7586e-01 1.0000e+00 0.0000e+00 1.0000e+00 1.0000e+00 2.8571e-01 9.0909e-02 0.0000e+00 0.0000e+00
1.0000e+00 0.0000e+00 3.5294e-01 1.7647e-01 7.1429e-02 1.0000e-01 1.0000e+00 1.5385e-01 0.0000e+00 2.3077e-01 6.6667e-02 0.0000e+00 1.7647e-01 7.1429e-02 0.0000e+00 5.7143e-01 0.0000e+00 0.0000e+00 7.1429e-02 1.8750e-01 1.1111e-01 1.6667e-01 3.0928e-01 1.0000e+00 6.2500e-02 6.2500e-02 7.6923e-02 8.6957e-02 1.3333e-01 6.5147e-01 0.0000e+00 2.3529e-01 9.0909e-02 0.0000e+00 1.1111e-01 0.0000e+00 0.0000e+00 1.0000e+00 1.0000e+00 1.6667e-01 0.0000e+00 7.1429e-02 1.0000e+00 0.0000e+00 1.0000e+00 1.0000e+00 0.0000e+00 1.5385e-01 1.1111e-01 9.0909e-02
1.0000e+00 5.7312e-01 2.8571e-01 4.4444e-01 4.8193e-01 4.2308e-01 1.0000e+00 4.0625e-01 6.1938e-01 6.0345e-01 6.6667e-02 0.0000e+00 4.2222e-01 3.0000e-01 5.3757e-01 5.9497e-01 6.1875e-01 7.3962e-01 2.5926e-01 6.3758e-01 5.5263e-01 2.6667e-01 5.3719e-01 1.0000e+00 4.8201e-01 6.5828e-01 1.2500e-01 5.8484e-01 6.0736e-01 5.1807e-01 4.5736e-01 4.7917e-01 3.7037e-01 4.6512e-01 6.0254e-01 7.0103e-01 4.1667e-01 1.0000e+00 1.0000e+00 6.2901e-01 4.5714e-01 4.1379e-01 1.0000e+00 3.9024e-01 1.0000e+00 1.0000e+00 6.7500e-01 7.3091e-01 3.6842e-01 4.8718e-01
1.0000e+00 1.1765e-01 1.8182e-01 2.9630e-01 5.1818e-01 1.6667e-01 1.0000e+00 4.4737e-01 2.5806e-01 3.1250e-01 1.5000e-01 5.0000e-01 0.0000e+00 1.6667e-01 1.8182e-01 4.8113e-01 2.8571e-01 1.6667e-01 1.1765e-01 1.4286e-01 1.1111e-01 4.4828e-01 2.4590e-01 1.0000e+00 2.6471e-01 3.5849e-01 7.6923e-02 5.0000e-02 2.9167e-01 5.0000e-01 2.5000e-01 9.0909e-02 0.0000e+00 9.0909e-02 4.4565e-01 4.1667e-01 0.0000e+00 1.0000e+00 1.0000e+00 1.6667e-01 2.5000e-01 2.1739e-01 1.0000e+00 1.3333e-01 1.0000e+00 1.0000e+00 7.3881e-01 9.0909e-02 0.0000e+00 2.7778e-01
1.0000e+00 6.9779e-01 0.0000e+00 3.5294e-01 6.3956e-01 8.3419e-01 1.0000e+00 8.2397e-01 4.5556e-01 5.5814e-01 2.4138e-01 8.6633e-01 6.4576e-01 6.7438e-01 6.9671e-01 1.5000e-01 7.2676e-01 8.6134e-01 7.1612e-01 8.1323e-01 8.0519e-01 2.3077e-01 7.4074e-02 1.0000e+00 4.7826e-01 5.5439e-01 6.9767e-01 3.4483e-01 7.7236e-01 1.7647e-01 1.6000e-01 8.1511e-01 8.2470e-01 8.1834e-01 6.6874e-01 9.2544e-01 8.8297e-01 1.0000e+00 1.0000e+00 6.4950e-01 2.1429e-01 2.1739e-01 1.0000e+00 7.5987e-01 1.0000e+00 1.0000e+00 8.4830e-01 2.5000e-01 1.1111e-01 8.5793e-01
