1.1000e+01 3.0000e+00 5.5000e+01 1.5000e+01 1.3300e+02 5.4000e+01 2.7000e+01 2.7600e+02 2.5800e+02 2.6000e+01 2.8000e+01 6.0000e+00 3.0000e+00 1.0000e+01 4.1000e+01 2.5000e+01 2.0000e+00 2.0000e+00 3.0000e+00 2.0000e+00 3.1000e+01 1.0000e+00 4.4000e+01 8.0000e+00 6.0000e+00 1.2000e+01 2.2000e+01 8.0000e+00 4.4300e+02 1.4200e+02 3.6740e+03 3.4400e+02 5.3000e+01 8.7000e+01 7.0000e+00 1.1000e+01 6.0000e+00 1.9000e+01 4.3000e+01 2.1000e+01 5.0000e+01 0.0000e+00 3.0000e+00 1.1000e+01 7.4000e+01 1.0000e+00 8.0000e+00 1.5300e+02 1.0000e+00 5.8000e+01
1.8000e+01 3.9000e+01 0.0000e+00 0.0000e+00 3.5040e+03 0.0000e+00 3.0000e+00 3.1000e+01 0.0000e+00 2.0000e+00 0.0000e+00 0.0000e+00 1.0000e+00 0.0000e+00 0.0000e+00 4.5000e+01 1.0000e+00 0.0000e+00 1.0000e+00 5.0000e+00 1.0000e+00 8.0000e+00 3.1000e+01 1.0000e+00 1.0000e+00 4.0000e+00 0.0000e+00 0.0000e+00 5.2000e+01 3.6900e+02 2.0000e+00 0.0000e+00 0.0000e+00 0.0000e+00 1.0000e+00 1.0000e+00 3.0000e+00 1.0000e+00 5.0000e+00 0.0000e+00 0.0000e+00 5.0000e+00 3.0000e+00 3.0000e+00 5.8610e+03 4.3000e+01 0.0000e+00 5.0000e+00 9.0000e+00 4.0000e+00
5.0000e+00 1.9000e+01 5.0000e+00 1.5000e+02 3.4000e+01 2.3000e+01 3.8000e+01 3.2000e+01 1.0300e+02 2.4000e+01 3.8770e+03 8.0000e+00 6.6000e+01 2.2100e+02 1.0000e+01 2.5600e+02 9.1000e+01 8.0000e+00 1.6000e+01 2.0000e+01 5.3000e+01 1.5000e+01 9.0000e+00 2.4000e+01 3.6980e+03 2.6000e+01 1.0000e+01 1.8000e+01 1.8300e+02 2.9000e+01 2.1000e+01 9.0000e+00 5.7000e+01 6.7000e+01 1.2010e+03 7.0000e+00 2.3000e+01 1.4000e+01 2.4000e+01 3.1000e+01 8.6000e+01 2.2000e+01 2.7200e+02 1.7000e+01 0.0000e+00 6.0000e+00 4.0000e+00 1.4000e+01 1.1000e+01 2.0000e+00
5.8050e+03 6.0000e+00 5.4240e+03 4.2260e+03 6.0000e+00 4.8410e+03 5.8930e+03 7.4000e+01 3.2160e+03 5.2430e+03 7.0000e+00 4.5380e+03 4.2010e+03 3.4760e+03 3.0000e+00 3.1610e+03 1.3000e+01 3.5200e+02 3.0300e+02 2.0000e+00 5.1440e+03 5.2790e+03 3.0000e+00 5.8480e+03 0.0000e+00 1.6430e+03 3.5680e+03 8.6000e+01 1.8000e+01 8.5400e+02 0.0000e+00 3.0400e+02 1.3800e+02 0.0000e+00 1.8000e+01 2.0000e+00 2.6070e+03 4.8240e+03 1.1400e+02 3.0000e+00 4.9040e+03 4.1360e+03 5.0000e+00 1.0150e+03 0.0000e+00 5.8100e+03 5.0650e+03 4.4460e+03 5.5340e+03 2.0000e+00
0.0000e+00 3.0000e+00 0.0000e+00 0.0000e+00 9.0000e+00 0.0000e+00 0.0000e+00 0.0000e+00 0.0000e+00 0.0000e+00 1.0000e+00 2.0000e+00 0.0000e+00 0.0000e+00 0.0000e+00 3.4000e+01 1.0000e+00 1.0000e+00 0.0000e+00 1.4000e+01 2.9000e+01 2.0000e+00 5.1000e+01 0.0000e+00 1.0000e+00 0.0000e+00 0.0000e+00 0.0000e+00 0.0000e+00 6.0000e+00 7.0000e+00 2.2000e+01 0.0000e+00 0.0000e+00 6.0000e+00 0.0000e+00 0.0000e+00 3.0000e+00 8.4400e+02 0.0000e+00 1.0000e+00 0.0000e+00 2.0000e+00 0.0000e+00 0.0000e+00 0.0000e+00 0.0000e+00 1.4300e+02 0.0000e+00 0.0000e+00
0.0000e+00 0.0000e+00 1.0000e+00 2.0000e+00 0.0000e+00 1.3000e+01 0.0000e+00 0.0000e+00 0.0000e+00 1.0000e+00 5.1000e+01 1.0000e+00 0.0000e+00 2.0000e+00 1.0000e+01 6.4000e+01 2.0000e+00 3.0000e+00 3.0000e+00 0.0000e+00 1.0000e+00 0.0000e+00 0.0000e+00 0.0000e+00 1.3000e+01 2.0000e+00 0.0000e+00 0.0000e+00 9.0000e+00 2.6440e+03 1.0000e+00 5.0000e+00 1.0000e+00 0.0000e+00 8.0000e+00 1.0000e+00 1.0000e+00 7.8900e+02 4.8630e+03 1.0000e+00 1.0000e+00 8.0000e+00 5.5700e+03 0.0000e+00 0.0000e+00 0.0000e+00 4.0000e+00 1.0000e+00 0.0000e+00 0.0000e+00
0.0000e+00 0.0000e+00 6.0000e+00 3.0000e+00 1.0000e+00 1.0000e+00 0.0000e+00 2.0000e+00 0.0000e+00 3.0000e+00 1.0000e+00 0.0000e+00 3.0000e+00 1.0000e+00 0.0000e+00 1.4800e+02 0.0000e+00 0.0000e+00 1.0000e+00 3.0000e+00 1.0000e+00 2.0000e+00 3.0000e+01 0.0000e+00 1.0000e+00 1.0000e+00 1.0000e+00 2.0000e+00 2.0000e+00 2.0000e+02 0.0000e+00 4.0000e+00 1.0000e+00 0.0000e+00 2.0000e+00 0.0000e+00 0.0000e+00 0.0000e+00 0.0000e+00 4.0000e+00 0.0000e+00 1.0000e+00 0.0000e+00 0.0000e+00 0.0000e+00 0.0000e+00 0.0000e+00 2.0000e+00 1.0000e+00 1.0000e+00
0.0000e+00 1.4500e+02 4.0000e+00 2.4000e+01 4.0000e+01 1.1000e+01 0.0000e+00 1.3000e+01 3.5800e+02 3.5000e+01 1.0000e+00 0.0000e+00 1.9000e+01 9.0000e+00 9.3000e+01 2.1300e+02 1.9800e+02 1.9600e+02 7.0000e+00 9.5000e+01 2.1000e+01 4.0000e+00 2.8960e+03 0.0000e+00 6.7000e+01 1.9880e+03 2.0000e+00 3.2260e+03 9.9000e+01 4.3000e+01 5.9000e+01 2.3000e+01 1.0000e+01 2.0000e+01 3.3200e+02 6.8000e+01 1.0000e+01 0.0000e+00 0.0000e+00 1.1750e+03 1.6000e+01 2.4000e+01 0.0000e+00 1.6000e+01 0.0000e+00 0.0000e+00 5.4000e+01 2.0100e+02 7.0000e+00 1.9000e+01
0.0000e+00 2.0000e+00 2.0000e+00 8.0000e+00 5.7000e+01 2.0000e+00 0.0000e+00 1.7000e+01 8.0000e+00 5.0000e+00 3.0000e+00 1.7000e+01 0.0000e+00 3.0000e+00 4.0000e+00 5.1000e+01 8.0000e+00 2.0000e+00 2.0000e+00 2.0000e+00 1.0000e+00 1.3000e+01 1.5000e+01 0.0000e+00 9.0000e+00 1.9000e+01 1.0000e+00 1.0000e+00 7.0000e+00 3.8000e+01 9.0000e+00 1.0000e+00 0.0000e+00 1.0000e+00 4.1000e+01 1.0000e+01 0.0000e+00 0.0000e+00 0.0000e+00 4.0000e+00 4.0000e+00 5.0000e+00 0.0000e+00 2.0000e+00 0.0000e+00 0.0000e+00 9.9000e+01 1.0000e+00 0.0000e+00 5.0000e+00
0.0000e+00 3.8490e+03 0.0000e+00 1.2000e+01 2.9100e+02 4.8800e+02 0.0000e+00 4.3860e+03 4.1000e+01 2.4000e+01 7.0000e+00 8.4900e+02 1.7500e+02 4.6600e+02 3.8730e+03 3.0000e+00 3.8460e+03 4.5100e+03 3.7990e+03 4.5500e+03 1.8600e+02 3.0000e+00 2.0000e+00 0.0000e+00 6.6000e+01 1.5800e+02 7.5000e+02 3.0000e+01 3.6880e+03 3.0000e+00 4.0000e+00 4.0560e+03 4.6150e+03 4.6040e+03 2.1520e+03 5.4240e+03 2.5050e+03 0.0000e+00 0.0000e+00 2.4720e+03 3.0000e+00 5.0000e+00 0.0000e+00 3.3100e+03 0.0000e+00 0.0000e+00 4.2500e+02 4.0000e+00 1.0000e+00 4.9580e+03
