8.6364e-01 2.3077e-01 2.1053e-01 7.3333e-01 5.7692e-01 6.1905e-01 2.0000e-01 1.2500e-01 9.0936e-01 9.7273e-01
2.0000e-01 4.2105e-01 1.9231e-01 9.9871e-01 2.5000e-01 3.0435e-01 8.6207e-01 4.3478e-02 2.5000e-01 9.5667e-01
9.6683e-01 4.4444e-01 0.0000e+00 5.1613e-01 7.8761e-01 5.4545e-01 9.8102e-01 7.8947e-01 6.2500e-01 5.5556e-01
8.0952e-01 6.8421e-01 8.6667e-01 4.4444e-01 8.1579e-01 9.7690e-01 1.0000e-01 4.4444e-01 3.6842e-01 7.6190e-01
0.0000e+00 1.7647e-01 8.7185e-01 6.1905e-01 4.4444e-01 2.1739e-01 5.2632e-02 5.4839e-01 1.7647e-01 1.1765e-01
6.1905e-01 4.1667e-01 1.3636e-01 1.1111e-01 4.6154e-01 5.2174e-01 9.6382e-01 7.9651e-01 2.1429e-01 5.8333e-01
8.2784e-01 2.0000e-01 3.4615e-01 1.1111e-01 6.5854e-01 5.0000e-01 3.8095e-01 2.0000e-01 5.6250e-01 5.7143e-01
8.0000e-01 9.5966e-01 9.5827e-01 3.1250e-01 0.0000e+00 4.7619e-01 5.9091e-01 8.3085e-01 5.9091e-01 0.0000e+00
2.3077e-01 4.0741e-01 5.2632e-02 7.5515e-01 3.0435e-01 1.3043e-01 5.0000e-01 4.6667e-01 7.4005e-01 4.5000e-01
1.1111e-01 9.9331e-01 4.7059e-01 2.8571e-01 1.3043e-01 1.9355e-01 2.7778e-01 5.0000e-01 3.3333e-01 8.1250e-01
