1.9000e+01 6.0000e+00 4.0000e+00 1.1000e+01 1.5000e+01 1.3000e+01 4.0000e+00 2.0000e+00 3.1100e+02 9.1320e+03
4.0000e+00 8.0000e+00 5.0000e+00 9.2730e+03 3.0000e+00 7.0000e+00 2.5000e+01 1.0000e+00 5.0000e+00 2.8700e+02
5.8300e+02 8.0000e+00 0.0000e+00 1.6000e+01 7.6800e+03 1.2000e+01 8.2700e+02 1.5000e+01 1.0000e+01 1.5000e+01
1.7000e+01 1.3000e+01 2.6000e+01 8.0000e+00 3.1000e+01 9.5150e+03 2.0000e+00 1.2000e+01 7.0000e+00 1.6000e+01
0.0000e+00 3.0000e+00 8.2250e+03 1.3000e+01 8.0000e+00 5.0000e+00 1.0000e+00 1.7000e+01 3.0000e+00 2.0000e+00
1.3000e+01 1.0000e+01 3.0000e+00 4.0000e+00 1.2000e+01 1.2000e+01 8.7900e+03 1.3700e+02 3.0000e+00 1.4000e+01
7.6890e+03 3.0000e+00 9.0000e+00 1.0000e+00 5.4000e+01 1.1000e+01 8.0000e+00 5.0000e+00 9.0000e+00 1.2000e+01
1.6000e+01 4.5200e+02 5.9700e+02 5.0000e+00 0.0000e+00 1.0000e+01 1.3000e+01 7.9870e+03 1.3000e+01 0.0000e+00
6.0000e+00 1.1000e+01 1.0000e+00 2.9300e+02 7.0000e+00 3.0000e+00 8.0000e+00 7.0000e+00 6.9550e+03 9.0000e+00
2.0000e+00 9.3590e+03 8.0000e+00 6.0000e+00 3.0000e+00 6.0000e+00 5.0000e+00 1.2000e+01 5.0000e+00 1.3000e+01
