5.0000e-01 3.5294e-01 7.0149e-01 3.9683e-01 5.5405e-01 6.4062e-01 6.3768e-01 7.7941e-01 6.1644e-01 7.0423e-01 5.2308e-01 3.6486e-01 2.0896e-01 4.5833e-01 4.1538e-01 4.6914e-01 1.2121e-01 1.7391e-01 1.9718e-01 2.2667e-01 5.3521e-01 2.3077e-01 3.3333e-01 3.9706e-01 1.7910e-01 2.8378e-01 6.2500e-01 1.8182e-01 5.7895e-01 4.8571e-01 6.6234e-01 7.0690e-01 5.4054e-01 6.3077e-01 4.6575e-01 4.2373e-01 3.6111e-01 6.1644e-01 4.3077e-01 3.0263e-01 6.0563e-01 0.0000e+00 2.2727e-01 4.1429e-01 8.0882e-01 2.6250e-01 4.5882e-01 5.8667e-01 1.6923e-01 6.7089e-01
4.2500e-01 3.5165e-01 0.0000e+00 0.0000e+00 7.7778e-01 0.0000e+00 2.6389e-01 5.1389e-01 1.3333e-01 2.0755e-01 0.0000e+00 0.0000e+00 5.5556e-02 0.0000e+00 7.3529e-02 4.7945e-01 1.1594e-01 0.0000e+00 1.7284e-01 3.3784e-01 2.0588e-01 4.3836e-01 3.4667e-01 8.7500e-02 1.4286e-01 1.0526e-01 1.5000e-01 0.0000e+00 5.2174e-01 7.7586e-01 2.0000e-01 0.0000e+00 0.0000e+00 2.2078e-01 1.9643e-01 1.9048e-01 2.3684e-01 2.5000e-01 3.0769e-01 0.0000e+00 0.0000e+00 1.6438e-01 2.2917e-01 1.3043e-01 1.0000e+00 6.7188e-01 0.0000e+00 1.7391e-01 4.0000e-01 8.7500e-02
3.2099e-01 3.1746e-01 1.7391e-01 5.8462e-01 3.8158e-01 6.4286e-01 5.8333e-01 3.1579e-01 5.0000e-01 6.6667e-01 5.4217e-01 2.8125e-01 6.1538e-01 7.2549e-01 1.5714e-01 5.6250e-01 5.5814e-01 3.8372e-01 4.4068e-01 4.8684e-01 5.4286e-01 2.9787e-01 2.9487e-01 5.9420e-01 5.7576e-01 3.7975e-01 4.9351e-01 2.7397e-01 7.0833e-01 5.8442e-01 3.9437e-01 4.6269e-01 5.5696e-01 5.3623e-01 6.0526e-01 4.5902e-01 5.7746e-01 3.5870e-01 6.0000e-01 3.5443e-01 7.5758e-01 3.5000e-01 8.9333e-01 3.7975e-01 3.7500e-01 3.2787e-01 3.7037e-01 3.3784e-01 5.8209e-01 4.2667e-01
1.0000e+00 2.4638e-01 9.3421e-01 7.6056e-01 2.5676e-01 8.9706e-01 1.0000e+00 6.5753e-01 8.4615e-01 9.2593e-01 3.3898e-01 9.2647e-01 7.2857e-01 7.5000e-01 8.3333e-02 7.5000e-01 2.3944e-01 6.5217e-01 6.7143e-01 1.1250e-01 9.1549e-01 8.8060e-01 9.3750e-02 9.5522e-01 1.4493e-02 5.9740e-01 7.4026e-01 3.4783e-01 4.9315e-01 7.1186e-01 2.4390e-01 7.8378e-01 6.6667e-01 1.4706e-01 3.7975e-01 0.0000e+00 8.2955e-01 9.5714e-01 6.6667e-01 4.9180e-02 8.4615e-01 7.7778e-01 3.0435e-01 7.1014e-01 9.2754e-01 1.0000e+00 9.1765e-01 8.5714e-01 9.1071e-01 2.9114e-01
1.0345e-01 2.1739e-01 0.0000e+00 0.0000e+00 1.4085e-01 0.0000e+00 2.8571e-01 0.0000e+00 0.0000e+00 0.0000e+00 0.0000e+00 2.8947e-01 0.0000e+00 0.0000e+00 0.0000e+00 3.4722e-01 2.7419e-01 5.1282e-02 4.3478e-02 3.4328e-01 5.2113e-01 1.0256e-01 2.7692e-01 2.2388e-01 4.1667e-02 2.9412e-02 0.0000e+00 0.0000e+00 1.1765e-01 1.5789e-01 1.9444e-01 4.0580e-01 7.5000e-02 2.7027e-02 3.7179e-01 0.0000e+00 0.0000e+00 1.1429e-01 8.9130e-01 0.0000e+00 6.9767e-02 0.0000e+00 1.3333e-01 0.0000e+00 1.2987e-01 8.7500e-02 4.4776e-02 7.0115e-01 4.6875e-02 0.0000e+00
2.2951e-01 1.6667e-01 1.3115e-01 7.8947e-02 0.0000e+00 5.8442e-01 0.0000e+00 0.0000e+00 0.0000e+00 1.0843e-01 4.2857e-01 2.0000e-01 1.3514e-01 1.9277e-01 3.8462e-01 6.2222e-01 1.5714e-01 1.2500e-02 7.8125e-02 6.3492e-02 2.5610e-01 0.0000e+00 0.0000e+00 0.0000e+00 2.8814e-01 1.2987e-01 0.0000e+00 0.0000e+00 3.2075e-01 8.0220e-01 8.4507e-02 4.1026e-01 2.6027e-01 0.0000e+00 3.5616e-01 7.2464e-02 1.4085e-02 1.0000e+00 1.0000e+00 1.4865e-01 8.6957e-02 2.2581e-01 1.0000e+00 0.0000e+00 7.6190e-01 0.0000e+00 2.3077e-01 1.0145e-01 5.4795e-02 0.0000e+00
2.1429e-01 2.6667e-02 4.3056e-01 1.5789e-01 8.9552e-02 1.2281e-01 1.9355e-01 1.4706e-01 0.0000e+00 1.6667e-01 1.6883e-01 7.2464e-02 6.5574e-02 4.8193e-02 1.3750e-01 6.7692e-01 2.2727e-02 8.4507e-02 1.6667e-01 6.9444e-02 1.1111e-01 7.6923e-02 2.5000e-01 2.7397e-01 1.9718e-01 1.3846e-01 9.7561e-02 1.1111e-01 1.7460e-01 6.4516e-01 4.2857e-02 1.0959e-01 2.4390e-02 1.2308e-01 1.5385e-01 6.5789e-02 8.7500e-02 1.2500e-01 4.2500e-01 7.8431e-02 5.8140e-02 1.4286e-01 2.3684e-01 8.9552e-02 1.7568e-01 3.4545e-01 1.1538e-01 3.0435e-01 1.3483e-01 7.6923e-02
6.3014e-01 5.0000e-01 5.0633e-01 5.5224e-01 4.7561e-01 5.0000e-01 2.2222e-01 5.2113e-01 6.8605e-01 5.3333e-01 2.2368e-01 1.8889e-01 4.9383e-01 3.5000e-01 5.9459e-01 5.6944e-01 5.6452e-01 7.5000e-01 3.5366e-01 6.5278e-01 6.0526e-01 3.8356e-01 5.5556e-01 7.6190e-01 4.3210e-01 6.2338e-01 3.6765e-01 5.4667e-01 7.8378e-01 5.7692e-01 5.5357e-01 4.1096e-01 1.8391e-01 4.3284e-01 5.5224e-01 5.9155e-01 3.9286e-01 5.0000e-01 4.4156e-01 6.3333e-01 4.0541e-01 5.1351e-01 7.0886e-01 4.1558e-01 7.2308e-01 6.9014e-01 6.2069e-01 7.2152e-01 4.0984e-01 3.2258e-01
1.2821e-01 6.5789e-02 3.2895e-01 6.0870e-01 4.5833e-01 2.5000e-01 3.5294e-01 3.5897e-01 2.0000e-01 2.3188e-01 1.0811e-01 5.1220e-01 1.4062e-01 2.1795e-01 1.1268e-01 4.7126e-01 3.1250e-01 1.8841e-01 2.6923e-01 2.0513e-01 9.3750e-02 3.8961e-01 3.3333e-01 3.8824e-01 1.9444e-01 4.0351e-01 1.2987e-01 7.0423e-02 2.1739e-01 5.9091e-01 3.8462e-01 2.2222e-01 1.1594e-01 2.8947e-01 5.0588e-01 5.2381e-01 1.3699e-01 5.4930e-01 3.7097e-01 2.0000e-01 1.6667e-01 6.1728e-02 7.7465e-01 2.5352e-01 8.6207e-02 1.2048e-01 7.1014e-01 1.2329e-01 4.4776e-02 2.2059e-01
2.6562e-01 7.3529e-01 9.7222e-02 2.0000e-01 6.5278e-01 8.1818e-01 4.7297e-01 8.4615e-01 6.0811e-01 5.0000e-01 3.8462e-01 8.7879e-01 6.9014e-01 6.3235e-01 7.2973e-01 3.2927e-01 7.2000e-01 9.0244e-01 7.4118e-01 8.4416e-01 7.5581e-01 1.9231e-01 1.2500e-01 2.5000e-01 5.2055e-01 5.8462e-01 6.4062e-01 2.7273e-01 8.4000e-01 2.9630e-01 1.8605e-01 8.2192e-01 7.9104e-01 8.4091e-01 6.7949e-01 9.5312e-01 9.1803e-01 7.1084e-01 2.0000e-01 6.1333e-01 3.4783e-01 3.3898e-01 4.9275e-01 7.8947e-01 5.6923e-01 4.2000e-01 9.0541e-01 1.7500e-01 2.2857e-01 8.5714e-01
