3.3000e+01 2.4000e+01 2.2410e+03 2.5000e+01 4.1000e+01 4.1000e+01 4.6000e+01 3.8060e+03 4.8000e+01 2.4780e+03 3.4000e+01 2.7000e+01 1.4000e+01 3.3000e+01 2.7000e+01 3.8000e+01 8.0000e+00 1.2000e+01 1.4000e+01 1.7000e+01 3.8000e+01 1.8000e+01 2.6000e+01 2.7000e+01 1.2000e+01 2.1000e+01 3.0310e+03 1.4000e+01 4.4000e+01 3.4000e+01 3.5350e+03 3.9040e+03 4.0000e+01 1.1300e+02 3.4000e+01 2.5000e+01 2.6000e+01 4.5000e+01 2.8000e+01 2.3000e+01 4.3000e+01 0.0000e+00 1.5000e+01 2.9000e+01 5.6000e+01 2.1000e+01 3.9000e+01 4.4000e+01 1.1000e+01 3.3020e+03
3.4000e+01 3.4000e+01 0.0000e+00 0.0000e+00 3.9020e+03 0.0000e+00 1.9000e+01 3.7000e+01 1.0000e+01 1.1000e+01 0.0000e+00 0.0000e+00 4.0000e+00 0.0000e+00 5.0000e+00 3.5000e+01 8.0000e+00 0.0000e+00 1.4000e+01 2.5000e+01 1.4000e+01 3.2000e+01 2.9000e+01 7.0000e+00 1.1000e+01 8.0000e+00 1.2000e+01 0.0000e+00 6.3000e+01 3.0600e+03 1.4000e+01 0.0000e+00 0.0000e+00 1.7000e+01 1.1000e+01 1.2000e+01 1.8000e+01 1.8000e+01 1.6000e+01 0.0000e+00 0.0000e+00 1.2000e+01 2.2000e+01 9.0000e+00 5.3320e+03 3.6780e+03 0.0000e+00 1.6000e+01 3.4000e+01 7.0000e+00
2.6000e+01 2.0000e+01 1.2000e+01 3.8000e+01 2.9000e+01 4.8000e+01 4.2000e+01 2.4000e+01 3.1000e+01 9.3100e+02 7.8000e+01 1.8000e+01 3.1720e+03 3.4790e+03 1.1000e+01 4.5000e+01 2.8910e+03 3.3000e+01 2.8000e+01 3.7000e+01 3.8000e+01 1.4000e+01 2.3000e+01 4.1000e+01 3.5210e+03 3.0000e+01 3.8000e+01 2.0000e+01 3.5770e+03 4.5000e+01 2.8000e+01 3.1000e+01 5.0000e+01 3.8000e+01 4.6000e+01 2.8000e+01 4.1000e+01 3.3000e+01 4.5000e+01 2.8000e+01 3.5810e+03 2.1000e+01 6.7000e+01 3.0000e+01 2.7000e+01 2.0000e+01 3.0000e+01 2.5000e+01 4.0000e+01 3.2000e+01
5.3320e+03 1.7000e+01 2.0140e+03 5.4000e+01 1.9000e+01 6.2000e+01 5.4250e+03 4.8000e+01 7.5000e+01 9.2000e+01 2.0000e+01 6.5000e+01 5.2000e+01 4.5000e+01 6.0000e+00 4.5000e+01 1.7000e+01 4.5000e+01 4.9000e+01 9.0000e+00 6.5000e+01 4.8030e+03 6.0000e+00 3.3590e+03 1.0000e+00 4.6000e+01 5.7000e+01 2.4000e+01 3.6000e+01 4.2000e+01 2.0000e+01 5.9000e+01 4.0000e+01 1.0000e+01 3.0000e+01 0.0000e+00 7.5000e+01 6.7000e+01 4.6000e+01 3.0000e+00 4.4000e+01 3.8100e+03 2.1000e+01 4.9000e+01 6.4000e+01 6.4000e+01 7.8000e+01 6.6000e+01 5.0320e+03 2.3000e+01
9.0000e+00 1.5000e+01 0.0000e+00 0.0000e+00 1.0000e+01 0.0000e+00 2.2000e+01 0.0000e+00 0.0000e+00 0.0000e+00 0.0000e+00 2.2000e+01 0.0000e+00 0.0000e+00 0.0000e+00 2.5000e+01 1.7000e+01 4.0000e+00 3.0000e+00 2.3000e+01 2.5870e+03 8.0000e+00 1.8000e+01 1.5000e+01 3.0000e+00 2.0000e+00 0.0000e+00 0.0000e+00 8.0000e+00 9.0000e+00 1.4000e+01 2.8000e+01 6.0000e+00 2.0000e+00 2.9000e+01 0.0000e+00 0.0000e+00 8.0000e+00 4.8750e+03 0.0000e+00 6.0000e+00 0.0000e+00 1.0000e+01 0.0000e+00 1.0000e+01 7.0000e+00 3.0000e+00 3.8530e+03 3.0000e+00 0.0000e+00
1.4000e+01 1.2000e+01 8.0000e+00 6.0000e+00 0.0000e+00 2.7890e+03 0.0000e+00 0.0000e+00 0.0000e+00 9.0000e+00 2.1510e+03 1.6000e+01 1.0000e+01 1.6000e+01 2.5000e+01 5.6000e+01 1.1000e+01 1.0000e+00 5.0000e+00 4.0000e+00 2.1000e+01 0.0000e+00 0.0000e+00 0.0000e+00 1.7000e+01 1.0000e+01 0.0000e+00 0.0000e+00 1.7000e+01 8.9900e+02 6.0000e+00 3.2000e+01 1.9000e+01 0.0000e+00 2.6000e+01 5.0000e+00 1.0000e+00 5.4560e+03 6.7000e+01 1.1000e+01 6.0000e+00 1.4000e+01 5.3300e+03 0.0000e+00 4.8000e+01 0.0000e+00 1.5000e+01 7.0000e+00 4.0000e+00 0.0000e+00
1.5000e+01 2.0000e+00 7.6000e+01 1.2000e+01 6.0000e+00 7.0000e+00 1.2000e+01 1.0000e+01 0.0000e+00 1.1000e+01 1.3000e+01 5.0000e+00 4.0000e+00 4.0000e+00 1.1000e+01 3.1900e+03 2.0000e+00 6.0000e+00 8.0000e+00 5.0000e+00 7.0000e+00 5.0000e+00 1.9000e+01 2.0000e+01 1.4000e+01 9.0000e+00 8.0000e+00 8.0000e+00 1.1000e+01 4.7000e+01 3.0000e+00 8.0000e+00 2.0000e+00 8.0000e+00 1.2000e+01 5.0000e+00 7.0000e+00 8.0000e+00 3.4000e+01 4.0000e+00 5.0000e+00 1.1000e+01 1.8000e+01 6.0000e+00 1.3000e+01 1.9000e+01 9.0000e+00 2.1000e+01 1.2000e+01 5.0000e+00
4.6000e+01 3.3000e+01 4.0000e+01 3.7000e+01 3.9000e+01 3.6000e+01 1.6000e+01 3.7000e+01 3.3580e+03 3.2000e+01 1.7000e+01 1.7000e+01 4.0000e+01 2.1000e+01 2.8910e+03 4.1000e+01 3.7000e+01 3.8700e+03 2.9000e+01 5.0000e+01 4.6000e+01 2.8000e+01 2.9080e+03 1.4980e+03 3.5000e+01 2.7840e+03 2.5000e+01 3.1030e+03 1.1300e+02 3.0000e+01 3.1000e+01 3.0000e+01 1.6000e+01 2.9000e+01 3.7000e+01 4.3000e+01 2.2000e+01 3.7000e+01 3.4000e+01 3.3250e+03 3.0000e+01 3.8000e+01 5.6000e+01 3.2000e+01 4.7000e+01 4.9000e+01 3.6000e+01 5.7000e+01 2.5000e+01 2.0000e+01
1.0000e+01 5.0000e+00 2.5000e+01 2.8260e+03 3.3000e+01 1.9000e+01 2.4000e+01 2.8000e+01 1.4000e+01 1.6000e+01 8.0000e+00 2.7580e+03 9.0000e+00 1.7000e+01 8.0000e+00 4.1000e+01 2.0000e+01 1.3000e+01 1.4000e+01 1.6000e+01 6.0000e+00 3.0000e+01 2.5000e+01 3.3000e+01 1.4000e+01 4.9700e+02 1.0000e+01 5.0000e+00 1.5000e+01 3.9000e+01 2.5000e+01 1.6000e+01 8.0000e+00 2.2000e+01 2.7320e+03 2.7000e+03 1.0000e+01 3.9000e+01 2.3000e+01 1.7000e+01 1.0000e+01 5.0000e+00 5.8000e+01 1.8000e+01 5.0000e+00 1.0000e+01 3.9080e+03 9.0000e+00 3.0000e+00 1.5000e+01
1.7000e+01 3.6840e+03 7.0000e+00 1.5000e+01 4.7000e+01 6.3000e+01 3.5000e+01 5.5000e+01 4.5000e+01 3.5000e+01 3.0000e+01 5.9000e+01 4.9000e+01 4.3000e+01 1.1600e+02 2.7000e+01 5.6000e+01 8.2000e+01 3.7370e+03 4.3390e+03 6.5000e+01 1.5000e+01 8.0000e+00 1.4000e+01 3.8000e+01 3.8000e+01 4.1000e+01 2.1000e+01 6.3000e+01 2.4000e+01 1.6000e+01 6.0000e+01 4.4510e+03 4.2180e+03 5.3000e+01 6.6000e+01 4.8440e+03 5.9000e+01 1.3000e+01 4.6000e+01 2.4000e+01 2.0000e+01 3.4000e+01 4.2040e+03 3.7000e+01 2.1000e+01 6.7000e+01 1.4000e+01 1.6000e+01 6.7000e+01
