5.5556e-01 5.2174e-01 7.5000e-01 7.0492e-01 3.0000e-01 0.0000e+00 3.3333e-01 1.4286e-01 9.8267e-01 1.0000e+00 8.6667e-01 1.0000e+00 7.2414e-01 9.1314e-01 8.1333e-01 4.4681e-01 8.2520e-01 5.1648e-01 6.7808e-01 4.2857e-01 6.0000e-01 9.6686e-01 9.5217e-01 9.9474e-01 5.1613e-01 9.2857e-01 8.0000e-01 5.6944e-01 8.8889e-01 8.7450e-01 1.0000e+00 4.0000e-01 8.8654e-01 1.0000e+00 2.5000e-01 5.7143e-01 8.6571e-01 6.6129e-01 5.7143e-01 9.3208e-01 9.1894e-01 0.0000e+00 1.0000e+00 9.8661e-01 4.0000e-01 2.5000e-01 4.7222e-01 1.4286e-01 4.1667e-01 5.0000e-01
2.4561e-01 3.4756e-01 5.3507e-01 1.7073e-01 2.6027e-01 3.2292e-01 4.5455e-02 4.5545e-01 2.0690e-01 3.8934e-01 1.7073e-01 1.8421e-01 1.1429e-01 9.3750e-02 5.4443e-01 4.8780e-02 1.4286e-01 4.0461e-01 4.1001e-01 2.2613e-01 4.0252e-01 4.8542e-01 3.8189e-01 9.3750e-02 3.6449e-01 3.9869e-01 1.4286e-01 1.5385e-01 4.5477e-01 1.8462e-01 2.9508e-01 4.9947e-01 2.0290e-01 2.9851e-01 4.5588e-01 4.9097e-01 1.7021e-01 6.8966e-02 2.3944e-01 1.2821e-01 3.8462e-02 1.6667e-01 5.6613e-01 3.4731e-01 1.7021e-01 2.8947e-01 7.6923e-02 0.0000e+00 3.5714e-02 5.0169e-01
8.8989e-01 7.0085e-01 9.9705e-01 1.8182e-01 2.8571e-01 4.2857e-01 1.0000e+00 5.4545e-01 2.9412e-01 3.1250e-01 9.4255e-01 1.2500e-01 2.3077e-01 1.6667e-01 4.8148e-01 0.0000e+00 1.0000e-01 7.1429e-02 5.8242e-01 5.1759e-01 0.0000e+00 1.0000e-01 3.1579e-01 1.0000e-01 7.2561e-01 5.0000e-01 6.2857e-01 3.5484e-01 9.1580e-01 9.0909e-02 3.8462e-01 1.0000e+00 8.2096e-01 1.4286e-01 0.0000e+00 6.4286e-01 2.1429e-01 6.4634e-01 2.6667e-01 8.0728e-01 1.0000e-01 3.9130e-01 0.0000e+00 5.7143e-01 3.1579e-01 2.5000e-01 0.0000e+00 9.7960e-01 4.5714e-01 8.8000e-01
4.8214e-01 1.2500e-01 0.0000e+00 2.1053e-01 2.1053e-01 3.6667e-01 3.2000e-01 8.3333e-02 1.2500e-01 4.3396e-01 4.2222e-01 3.0435e-01 3.1250e-01 3.0000e-01 0.0000e+00 1.2000e-01 1.2500e-01 3.5556e-01 4.0833e-01 4.6950e-01 7.2515e-01 2.8571e-01 4.8148e-01 6.3501e-01 7.2044e-01 6.1165e-01 7.5878e-01 6.3581e-01 6.4550e-01 5.5513e-01 8.5033e-01 5.4878e-01 3.8983e-01 7.7152e-01 7.2165e-01 5.8475e-01 2.2727e-01 4.4444e-01 7.3924e-01 3.1250e-01 5.0000e-01 5.8416e-01 2.6316e-01 7.1429e-02 5.4478e-01 7.9635e-01 6.0523e-01 5.0000e-01 5.9756e-01 5.6818e-01
4.7059e-01 6.7619e-01 6.4948e-01 2.7778e-01 5.0000e-01 4.8649e-01 5.0000e-01 7.7861e-01 0.0000e+00 3.7931e-01 6.4220e-01 4.8571e-01 8.0565e-01 4.1667e-01 4.0741e-01 3.1111e-01 7.9920e-01 5.0226e-01 4.8148e-01 5.8471e-01 5.9259e-01 5.9615e-01 3.2000e-01 3.0435e-01 4.6809e-01 2.3077e-01 9.1332e-01 4.6809e-01 8.4552e-01 3.9130e-01 4.6429e-01 7.3950e-01 4.9333e-01 2.6667e-01 9.1397e-01 7.7149e-01 6.7803e-01 4.5455e-01 6.3194e-01 3.0435e-01 5.7843e-01 6.7972e-01 3.5000e-01 2.2222e-01 4.6809e-01 3.7500e-01 6.1218e-01 4.2857e-01 6.1749e-01 8.7210e-01
1.0000e+00 1.0000e+00 1.0000e+00 9.3671e-01 9.3750e-01 4.7059e-01 7.6923e-01 9.0909e-01 8.4400e-01 1.0000e+00 8.4615e-01 6.0000e-01 9.6346e-01 8.8265e-01 4.7368e-01 8.3333e-02 6.9333e-01 1.7647e-01 7.0853e-01 2.1739e-01 1.0000e+00 9.9469e-01 9.9701e-01 9.8906e-01 1.0000e+00 8.1818e-01 1.0000e+00 5.7534e-01 7.5000e-01 1.0000e-01 1.0000e+00 7.5000e-01 2.3077e-01 1.0000e+00 8.0000e-01 1.0000e+00 9.0722e-01 9.6791e-01 9.6000e-01 9.9482e-01 9.4610e-01 9.5805e-01 9.3333e-01 1.0000e+00 9.8947e-01 8.5714e-01 3.6364e-01 1.0000e+00 6.0000e-01 0.0000e+00
9.7331e-01 0.0000e+00 8.3251e-01 6.1538e-01 9.2350e-01 0.0000e+00 9.6253e-01 9.6789e-01 2.3077e-01 9.1363e-01 1.1111e-01 1.2500e-01 2.3077e-01 4.6667e-01 1.1111e-01 7.2651e-01 7.1951e-01 7.1429e-02 0.0000e+00 5.4610e-01 6.8571e-01 0.0000e+00 4.2308e-01 1.0000e-01 7.7037e-01 3.3333e-01 0.0000e+00 5.6190e-01 7.1642e-01 2.8571e-01 2.2222e-01 7.1053e-01 9.0909e-02 0.0000e+00 0.0000e+00 8.5945e-01 3.5000e-01 2.1429e-01 5.3488e-01 5.9322e-01 7.9087e-01 3.1579e-01 9.3646e-01 0.0000e+00 1.6667e-01 3.8889e-01 2.5000e-01 9.9741e-01 7.6744e-01 0.0000e+00
2.7778e-01 5.5056e-01 6.0870e-01 4.3590e-01 7.3853e-01 3.3333e-01 3.0000e-01 5.4237e-01 6.6883e-01 5.3846e-01 0.0000e+00 8.0092e-01 3.3333e-01 7.7767e-01 6.7568e-01 5.4028e-01 3.9474e-01 3.4328e-01 1.3636e-01 5.2174e-01 8.4026e-01 3.0769e-01 2.9167e-01 8.3333e-02 2.3810e-01 2.1429e-01 7.9625e-01 3.5849e-01 8.2634e-01 3.5000e-01 5.8621e-01 5.1020e-01 6.5554e-01 8.8065e-01 7.7399e-01 8.2117e-01 0.0000e+00 5.1948e-01 6.1111e-01 3.9474e-01 5.8904e-01 2.6087e-01 1.0000e-01 2.7273e-01 2.6087e-01 6.8947e-01 5.5399e-01 3.1818e-01 7.4167e-01 8.0229e-01
6.2500e-01 9.1608e-01 6.0000e-01 9.5017e-01 7.2115e-01 9.2745e-01 6.5000e-01 6.5217e-01 4.8387e-01 5.1515e-01 6.9231e-01 8.7500e-01 7.9110e-01 7.8000e-01 6.7188e-01 4.7368e-01 3.8095e-01 3.4211e-01 6.6600e-01 4.8921e-01 3.3333e-01 4.4444e-01 8.4176e-01 4.6429e-01 6.7021e-01 8.5714e-01 9.1667e-01 5.0000e-01 9.0909e-01 8.0655e-01 5.5556e-01 6.6667e-01 6.7532e-01 6.9231e-01 8.1818e-01 5.8974e-01 8.9586e-01 5.6250e-01 1.8182e-01 1.6667e-01 5.6604e-01 5.5556e-01 6.6667e-01 9.0825e-01 6.0345e-01 8.3333e-01 8.0585e-01 9.0909e-01 5.5556e-01 9.0000e-01
6.5094e-01 1.2500e-01 6.7893e-01 1.7647e-01 2.9630e-01 7.9011e-01 2.2222e-01 2.5000e-01 1.6667e-01 6.4087e-01 5.4348e-01 8.0654e-01 2.2727e-01 4.2593e-01 2.7273e-01 9.0909e-02 5.3846e-01 3.9695e-01 4.2254e-01 4.9037e-01 8.2014e-01 2.0000e-01 5.2586e-01 2.2727e-01 4.3333e-01 8.2523e-01 8.2726e-01 4.7429e-01 4.6000e-01 5.9363e-01 5.4386e-01 6.1379e-01 6.6667e-02 4.6154e-01 5.5385e-01 2.9167e-01 1.2500e-01 4.0385e-01 6.8187e-01 7.1429e-02 6.0289e-01 5.2137e-01 4.3243e-01 3.4286e-01 5.5245e-01 5.1515e-01 4.7518e-01 7.0455e-01 4.2857e-01 6.7803e-01
