5.0000e+00 1.2000e+01 3.0000e+00 4.3000e+01 3.0000e+00 0.0000e+00 3.0000e+00 1.0000e+00 5.2170e+03 1.0000e+01 1.3000e+01 1.1000e+01 6.3000e+01 7.9900e+02 6.1000e+01 2.1000e+01 2.0300e+02 4.7000e+01 1.9800e+02 2.7000e+01 6.0000e+00 3.3550e+03 3.8620e+03 4.9140e+03 1.6000e+01 1.3000e+01 4.0000e+00 4.1000e+01 8.0000e+00 3.0380e+03 7.0000e+00 4.0000e+00 2.3050e+03 4.0000e+00 2.0000e+00 4.0000e+00 3.6100e+02 4.1000e+01 2.0000e+01 1.7290e+03 1.5190e+03 0.0000e+00 1.3000e+01 2.2100e+02 8.0000e+00 2.0000e+00 1.7000e+01 1.0000e+00 1.0000e+01 4.0000e+00
1.4000e+01 5.7000e+01 1.6020e+03 7.0000e+00 1.9000e+01 3.1000e+01 1.0000e+00 1.8400e+02 1.2000e+01 9.5000e+01 7.0000e+00 7.0000e+00 4.0000e+00 3.0000e+00 3.0330e+03 2.0000e+00 6.0000e+00 2.1420e+03 1.7450e+03 4.5000e+01 6.4000e+01 9.3200e+02 9.7000e+01 3.0000e+00 7.8000e+01 6.1000e+01 4.0000e+00 1.0000e+01 1.8100e+02 1.2000e+01 1.8000e+01 4.7400e+02 1.4000e+01 2.0000e+01 1.2400e+02 4.6200e+02 8.0000e+00 2.0000e+00 1.7000e+01 5.0000e+00 1.0000e+00 8.0000e+00 2.9450e+03 5.8000e+01 8.0000e+00 2.2000e+01 3.0000e+00 0.0000e+00 1.0000e+00 4.4500e+02
4.9300e+02 8.2000e+01 2.3640e+03 2.0000e+00 4.0000e+00 9.0000e+00 5.2900e+03 1.8000e+01 5.0000e+00 5.0000e+00 5.2170e+03 1.0000e+00 3.0000e+00 2.0000e+00 1.3000e+01 0.0000e+00 1.0000e+00 1.0000e+00 1.0600e+02 1.0300e+02 0.0000e+00 1.0000e+00 6.0000e+00 1.0000e+00 1.1900e+02 1.0000e+01 2.2000e+01 1.1000e+01 7.0700e+02 1.0000e+00 5.0000e+00 4.4410e+03 1.9580e+03 1.0000e+00 0.0000e+00 3.6000e+01 3.0000e+00 5.3000e+01 4.0000e+00 3.7700e+02 1.0000e+00 9.0000e+00 0.0000e+00 2.8000e+01 6.0000e+00 3.0000e+00 0.0000e+00 4.8990e+03 1.6000e+01 2.2000e+01
2.7000e+01 2.0000e+00 0.0000e+00 4.0000e+00 4.0000e+00 1.1000e+01 8.0000e+00 1.0000e+00 2.0000e+00 2.3000e+01 1.9000e+01 7.0000e+00 1.0000e+01 9.0000e+00 0.0000e+00 3.0000e+00 2.0000e+00 3.2000e+01 4.9000e+01 2.5400e+02 2.4800e+02 8.0000e+00 3.9000e+01 2.1400e+02 2.1750e+03 6.3000e+01 3.2400e+02 3.3380e+03 1.2200e+02 1.4600e+02 4.8690e+03 4.5000e+01 2.3000e+01 4.9300e+02 2.1000e+02 6.9000e+01 5.0000e+00 2.8000e+01 3.3680e+03 1.0000e+01 4.9000e+01 1.1800e+02 5.0000e+00 1.0000e+00 7.3000e+01 4.4460e+03 5.0900e+02 3.1000e+01 1.9600e+02 5.0000e+01
1.6000e+01 1.4200e+02 6.3000e+01 5.0000e+00 2.4000e+01 1.8000e+01 2.0000e+01 3.1300e+02 0.0000e+00 1.1000e+01 7.0000e+01 1.7000e+01 3.9960e+03 1.5000e+01 1.1000e+01 1.4000e+01 4.1870e+03 1.1100e+02 6.5000e+01 1.6600e+03 3.2000e+01 6.2000e+01 8.0000e+00 7.0000e+00 2.2000e+01 3.0000e+00 2.4130e+03 4.4000e+01 1.4340e+03 1.8000e+01 1.3000e+01 1.7600e+02 3.7000e+01 4.0000e+00 4.6000e+03 3.4100e+02 1.7900e+02 2.0000e+01 9.1000e+01 7.0000e+00 5.9000e+01 1.9100e+02 7.0000e+00 4.0000e+00 2.2000e+01 9.0000e+00 1.9100e+02 1.2000e+01 1.1300e+02 3.1230e+03
6.0000e+00 4.7000e+01 1.4000e+01 7.4000e+01 1.5000e+01 8.0000e+00 1.0000e+01 1.0000e+01 2.1100e+02 1.2000e+01 1.1000e+01 9.0000e+00 5.8000e+02 1.7300e+02 9.0000e+00 1.0000e+00 5.2000e+01 3.0000e+00 2.9900e+02 5.0000e+00 7.0000e+00 3.7500e+02 6.6700e+02 6.3300e+02 2.1520e+03 9.0000e+00 9.0000e+00 4.2000e+01 3.0000e+00 1.0000e+00 7.0000e+00 3.0000e+00 3.0000e+00 7.0000e+00 4.0000e+00 5.0000e+00 7.0400e+02 5.3090e+03 7.2000e+01 3.4560e+03 3.1420e+03 4.9790e+03 1.4000e+01 4.5000e+01 5.3580e+03 6.0000e+00 8.0000e+00 1.1000e+01 3.0000e+01 0.0000e+00
4.9960e+03 0.0000e+00 1.6900e+02 3.2000e+01 4.5270e+03 0.0000e+00 4.1100e+02 4.7930e+03 3.0000e+00 4.8340e+03 1.0000e+00 1.0000e+00 3.0000e+00 1.4000e+01 1.0000e+00 3.8120e+03 1.1800e+02 1.0000e+00 0.0000e+00 1.5400e+02 2.4000e+01 0.0000e+00 1.1000e+01 1.0000e+00 2.0800e+02 4.0000e+00 0.0000e+00 5.9000e+01 4.8000e+01 6.0000e+00 2.0000e+00 5.4000e+01 1.0000e+00 0.0000e+00 0.0000e+00 3.7300e+02 7.0000e+00 3.0000e+00 2.3000e+01 3.5000e+01 3.2900e+02 6.0000e+00 6.1900e+02 0.0000e+00 2.0000e+00 7.0000e+00 5.0000e+00 3.8500e+02 3.3000e+02 0.0000e+00
5.0000e+00 4.9000e+01 5.6000e+01 1.7000e+01 4.8300e+02 8.0000e+00 6.0000e+00 3.2000e+01 2.0600e+02 4.2000e+01 0.0000e+00 7.0000e+02 1.0000e+01 3.3300e+03 1.2500e+02 2.2800e+02 1.5000e+01 2.3000e+01 3.0000e+00 4.4400e+02 1.1520e+03 8.0000e+00 7.0000e+00 1.0000e+00 5.0000e+00 3.0000e+00 2.9700e+02 1.9000e+01 2.4030e+03 1.4000e+01 3.4000e+01 2.5000e+01 3.7300e+02 4.5970e+03 2.5000e+02 3.1960e+03 0.0000e+00 4.0000e+01 9.9000e+01 1.5000e+01 8.6000e+01 6.0000e+00 1.0000e+00 6.0000e+00 6.0000e+00 1.3100e+02 1.1800e+02 7.0000e+00 3.5830e+03 8.4000e+02
5.0000e+00 4.9340e+03 3.0000e+00 5.4340e+03 7.5000e+01 4.7300e+02 1.3000e+01 1.5000e+01 1.5000e+01 1.7000e+01 5.4000e+01 1.4000e+01 2.3100e+02 1.9500e+02 4.3000e+01 3.6000e+01 8.0000e+00 1.3000e+01 3.3300e+02 6.8000e+01 3.0000e+00 1.2000e+01 6.3300e+02 1.3000e+01 6.3000e+01 1.2000e+01 1.1000e+01 3.2000e+01 1.0000e+01 1.3300e+03 5.0000e+00 2.0000e+00 1.0400e+02 9.0000e+00 9.0000e+00 2.3000e+01 3.9400e+03 2.7000e+01 2.0000e+00 2.0000e+00 3.0000e+01 2.5000e+01 1.4000e+01 4.8900e+03 3.5000e+01 1.5000e+01 3.4990e+03 1.0000e+01 3.0000e+01 9.0000e+00
1.3800e+02 2.0000e+00 2.0300e+02 3.0000e+00 8.0000e+00 4.1560e+03 4.0000e+00 5.0000e+00 3.0000e+00 2.0700e+02 5.0000e+01 4.0480e+03 5.0000e+00 2.3000e+01 6.0000e+00 2.0000e+00 7.0000e+01 5.2000e+01 6.0000e+01 4.3300e+02 3.3470e+03 4.0000e+00 6.1000e+01 5.0000e+00 2.6000e+01 4.6510e+03 1.9970e+03 8.3000e+01 2.3000e+01 2.9800e+02 3.1000e+01 8.9000e+01 1.0000e+00 1.8000e+01 3.6000e+01 7.0000e+00 2.0000e+00 2.1000e+01 5.6800e+02 1.0000e+00 1.6700e+02 6.1000e+01 1.6000e+01 1.2000e+01 7.9000e+01 3.4000e+01 6.7000e+01 3.1000e+02 3.0000e+01 1.7900e+02
