3.7900e+02 6.0000e+00 6.0000e+00 1.1500e+02 8.6000e+01 1.4000e+01 1.1000e+01 2.2000e+01 9.6670e+03 8.3650e+03
8.0000e+00 1.9000e+01 6.0000e+00 9.9030e+03 1.2300e+02 1.1000e+01 8.8000e+01 8.0000e+00 1.4000e+01 1.5340e+03
9.6000e+03 2.1000e+01 6.0000e+00 0.0000e+00 8.7990e+03 4.9000e+01 7.4230e+03 9.8800e+02 3.6000e+01 0.0000e+00
0.0000e+00 1.7400e+02 1.9800e+02 0.0000e+00 7.0600e+02 9.9050e+03 6.0000e+00 5.9000e+01 1.3000e+01 0.0000e+00
0.0000e+00 1.0000e+01 3.1100e+02 0.0000e+00 2.3000e+01 0.0000e+00 6.0000e+00 6.7000e+01 7.0000e+00 0.0000e+00
0.0000e+00 1.3000e+01 6.0000e+00 0.0000e+00 4.6000e+01 0.0000e+00 2.3640e+03 6.8200e+02 1.1000e+01 0.0000e+00
0.0000e+00 1.6000e+01 1.5000e+01 0.0000e+00 1.7900e+02 0.0000e+00 0.0000e+00 1.8000e+01 4.3000e+01 0.0000e+00
0.0000e+00 8.0770e+03 9.3390e+03 0.0000e+00 1.4000e+01 0.0000e+00 0.0000e+00 8.1590e+03 3.6000e+01 0.0000e+00
0.0000e+00 1.9000e+01 1.0000e+01 0.0000e+00 1.0300e+02 0.0000e+00 0.0000e+00 6.1000e+01 1.5400e+02 0.0000e+00
0.0000e+00 1.7610e+03 8.0000e+00 0.0000e+00 1.4000e+01 0.0000e+00 0.0000e+00 3.7000e+01 2.3000e+01 0.0000e+00
