8.7599e-01 0.0000e+00 0.0000e+00 7.7391e-01 5.4651e-01 3.5714e-01 2.7273e-01 3.1818e-01 9.1155e-01 9.7370e-01
1.2500e-01 4.2105e-01 0.0000e+00 9.9768e-01 5.9350e-01 2.7273e-01 7.3864e-01 0.0000e+00 2.8571e-01 9.6349e-01
9.7688e-01 4.7619e-01 0.0000e+00 1.0000e+00 7.8623e-01 6.5306e-01 9.7211e-01 7.7935e-01 5.2778e-01 1.0000e+00
1.0000e+00 8.1609e-01 8.1313e-01 1.0000e+00 7.2096e-01 9.7819e-01 0.0000e+00 5.4237e-01 2.3077e-01 1.0000e+00
1.0000e+00 2.0000e-01 8.4566e-01 1.0000e+00 3.0435e-01 1.0000e+00 0.0000e+00 5.5224e-01 0.0000e+00 1.0000e+00
1.0000e+00 3.0769e-01 0.0000e+00 1.0000e+00 4.5652e-01 1.0000e+00 9.6870e-01 7.6393e-01 1.8182e-01 1.0000e+00
1.0000e+00 3.7500e-01 3.3333e-01 1.0000e+00 6.3128e-01 1.0000e+00 1.0000e+00 2.7778e-01 5.5814e-01 1.0000e+00
1.0000e+00 9.7326e-01 9.5910e-01 1.0000e+00 1.4286e-01 1.0000e+00 1.0000e+00 8.2988e-01 5.2778e-01 1.0000e+00
1.0000e+00 4.2105e-01 2.0000e-01 1.0000e+00 5.7282e-01 1.0000e+00 1.0000e+00 5.4098e-01 7.4026e-01 1.0000e+00
1.0000e+00 9.9432e-01 1.2500e-01 1.0000e+00 1.4286e-01 1.0000e+00 1.0000e+00 4.5946e-01 4.3478e-01 1.0000e+00
