3.3200e+02 0.0000e+00 0.0000e+00 8.9000e+01 4.7000e+01 5.0000e+00 3.0000e+00 7.0000e+00 8.8120e+03 8.1450e+03
1.0000e+00 8.0000e+00 0.0000e+00 9.8800e+03 7.3000e+01 3.0000e+00 6.5000e+01 0.0000e+00 4.0000e+00 1.4780e+03
9.3780e+03 1.0000e+01 0.0000e+00 0.0000e+00 6.9180e+03 3.2000e+01 7.2160e+03 7.7000e+02 1.9000e+01 0.0000e+00
0.0000e+00 1.4200e+02 1.6100e+02 0.0000e+00 5.0900e+02 9.6890e+03 0.0000e+00 3.2000e+01 3.0000e+00 0.0000e+00
0.0000e+00 2.0000e+00 2.6300e+02 0.0000e+00 7.0000e+00 0.0000e+00 0.0000e+00 3.7000e+01 0.0000e+00 0.0000e+00
0.0000e+00 4.0000e+00 0.0000e+00 0.0000e+00 2.1000e+01 0.0000e+00 2.2900e+03 5.2100e+02 2.0000e+00 0.0000e+00
0.0000e+00 6.0000e+00 5.0000e+00 0.0000e+00 1.1300e+02 0.0000e+00 0.0000e+00 5.0000e+00 2.4000e+01 0.0000e+00
0.0000e+00 7.8610e+03 8.9570e+03 0.0000e+00 2.0000e+00 0.0000e+00 0.0000e+00 6.7710e+03 1.9000e+01 0.0000e+00
0.0000e+00 8.0000e+00 2.0000e+00 0.0000e+00 5.9000e+01 0.0000e+00 0.0000e+00 3.3000e+01 1.1400e+02 0.0000e+00
0.0000e+00 1.7510e+03 1.0000e+00 0.0000e+00 2.0000e+00 0.0000e+00 0.0000e+00 1.7000e+01 1.0000e+01 0.0000e+00
