3.8579e-09 2.0187e-09 2.0000e-02 2.1430e-10 8.2338e-10 9.5951e-09 9.2747e-09 2.0000e-02 3.7847e-03 7.6348e-08 7.8070e-10 1.1121e-09 6.3542e-10 7.8920e-10 4.1089e-09 0.0000e+00 3.0943e-10 0.0000e+00 3.3235e-10 7.8873e-10 2.1771e-09 2.3228e-10 1.6982e-09 7.1609e-10 0.0000e+00 6.5853e-10 2.0000e-02 9.6364e-10 1.1007e-08 0.0000e+00 2.0000e-02 2.0000e-02 3.9250e-08 8.3774e-03 1.1121e-09 1.1121e-09 6.8202e-10 0.0000e+00 0.0000e+00 1.4473e-09 7.1774e-09 0.0000e+00 0.0000e+00 2.9343e-09 0.0000e+00 0.0000e+00 0.0000e+00 2.3888e-10 0.0000e+00 1.7241e-08
3.0044e-09 7.9421e-08 0.0000e+00 0.0000e+00 2.0000e-02 0.0000e+00 8.0207e-10 7.6874e-09 4.7012e-11 1.4155e-10 0.0000e+00 0.0000e+00 0.0000e+00 0.0000e+00 8.5420e-11 0.0000e+00 2.2732e-12 0.0000e+00 8.5098e-10 4.2702e-09 0.0000e+00 4.1473e-09 1.6929e-08 0.0000e+00 0.0000e+00 5.8695e-12 5.0468e-10 0.0000e+00 2.0000e-02 0.0000e+00 2.2230e-10 0.0000e+00 0.0000e+00 7.8043e-10 2.5855e-10 6.9195e-11 5.8603e-11 0.0000e+00 0.0000e+00 0.0000e+00 0.0000e+00 1.2468e-09 0.0000e+00 6.7863e-10 2.0000e-02 2.0000e-02 0.0000e+00 0.0000e+00 4.0316e-09 0.0000e+00
0.0000e+00 2.3243e-09 0.0000e+00 6.6288e-09 0.0000e+00 7.1325e-09 6.9027e-09 9.4720e-10 1.6215e-02 9.5999e-04 2.0000e-02 9.0015e-11 2.0000e-02 2.0000e-02 8.4750e-10 0.0000e+00 7.7786e-08 1.3629e-09 1.0295e-08 2.6259e-09 1.3866e-08 2.1248e-09 9.1650e-10 1.5037e-08 2.0000e-02 1.8719e-09 2.3917e-09 2.8286e-09 9.4706e-09 0.0000e+00 8.4429e-10 5.3858e-10 3.9252e-08 3.9251e-08 1.5997e-08 8.8132e-10 1.7139e-08 0.0000e+00 0.0000e+00 1.5220e-09 2.0000e-02 4.9690e-09 0.0000e+00 3.4670e-09 0.0000e+00 0.0000e+00 0.0000e+00 0.0000e+00 9.5684e-09 9.0899e-10
2.0000e-02 8.8472e-10 9.0447e-09 3.1281e-09 0.0000e+00 8.2577e-09 2.0000e-02 1.8076e-09 5.1517e-09 1.9040e-02 0.0000e+00 1.0529e-08 1.4318e-08 4.1504e-09 0.0000e+00 0.0000e+00 3.0966e-10 3.8420e-09 7.4874e-09 0.0000e+00 7.0631e-09 2.0000e-02 0.0000e+00 3.9855e-08 0.0000e+00 3.6497e-09 1.0033e-08 1.3060e-09 0.0000e+00 0.0000e+00 0.0000e+00 1.3017e-09 3.8388e-09 0.0000e+00 0.0000e+00 0.0000e+00 1.2479e-08 0.0000e+00 0.0000e+00 0.0000e+00 1.2162e-08 2.0000e-02 0.0000e+00 7.8370e-09 0.0000e+00 3.0089e-09 5.3717e-10 0.0000e+00 2.0000e-02 0.0000e+00
0.0000e+00 1.0176e-09 -0.0000e+00 -0.0000e+00 0.0000e+00 -0.0000e+00 3.1125e-09 0.0000e+00 0.0000e+00 0.0000e+00 0.0000e+00 1.1200e-09 0.0000e+00 0.0000e+00 0.0000e+00 0.0000e+00 1.7016e-09 0.0000e+00 8.9088e-11 2.0000e-02 2.0000e-02 3.9406e-11 5.3331e-09 2.7031e-10 0.0000e+00 0.0000e+00 0.0000e+00 -0.0000e+00 0.0000e+00 0.0000e+00 6.5744e-10 3.2799e-09 0.0000e+00 0.0000e+00 1.2957e-09 0.0000e+00 0.0000e+00 0.0000e+00 1.8973e-02 -0.0000e+00 0.0000e+00 -0.0000e+00 0.0000e+00 0.0000e+00 0.0000e+00 0.0000e+00 0.0000e+00 2.0000e-02 0.0000e+00 0.0000e+00
3.3001e-11 1.2663e-09 0.0000e+00 0.0000e+00 0.0000e+00 2.0000e-02 0.0000e+00 0.0000e+00 -0.0000e+00 0.0000e+00 4.3995e-09 8.2609e-11 5.4773e-11 2.9635e-10 7.2224e-03 0.0000e+00 3.5692e-10 0.0000e+00 1.0914e-10 0.0000e+00 1.9832e-10 0.0000e+00 0.0000e+00 0.0000e+00 1.8445e-09 0.0000e+00 -0.0000e+00 -0.0000e+00 1.2040e-09 4.4226e-10 0.0000e+00 1.2493e-09 6.1327e-10 0.0000e+00 1.3797e-09 0.0000e+00 0.0000e+00 2.0000e-02 1.0274e-03 1.5312e-10 0.0000e+00 3.0627e-09 2.0000e-02 -0.0000e+00 2.9996e-09 0.0000e+00 0.0000e+00 0.0000e+00 0.0000e+00 -0.0000e+00
5.4433e-09 2.1915e-11 3.8166e-08 1.6579e-09 0.0000e+00 3.8272e-10 5.4433e-09 0.0000e+00 -0.0000e+00 3.0507e-09 0.0000e+00 0.0000e+00 0.0000e+00 1.2785e-10 8.7141e-10 2.0000e-02 0.0000e+00 2.9966e-11 8.0357e-10 2.2828e-10 2.0310e-10 2.1385e-10 2.0000e-02 1.1008e-02 8.0293e-11 3.6300e-10 0.0000e+00 8.3876e-10 1.5211e-10 2.0000e-02 0.0000e+00 1.0074e-09 0.0000e+00 2.3211e-10 1.6579e-09 0.0000e+00 0.0000e+00 0.0000e+00 0.0000e+00 5.4465e-10 3.4959e-11 3.5506e-09 0.0000e+00 4.5814e-10 0.0000e+00 1.1376e-09 0.0000e+00 0.0000e+00 0.0000e+00 0.0000e+00
8.6306e-09 2.0000e-02 3.8961e-10 1.3198e-09 0.0000e+00 1.2528e-09 4.0966e-11 8.9024e-10 3.5712e-08 8.3697e-09 0.0000e+00 0.0000e+00 1.2598e-09 2.0534e-10 3.1880e-08 0.0000e+00 2.0000e-02 2.0000e-02 1.2403e-09 1.3974e-08 2.1928e-09 9.9690e-10 7.5790e-09 8.9916e-03 1.4304e-09 2.0000e-02 1.0589e-09 2.0000e-02 4.5107e-09 0.0000e+00 2.0349e-09 3.7744e-10 0.0000e+00 6.2464e-10 2.8471e-09 4.5613e-09 1.0545e-09 0.0000e+00 0.0000e+00 2.0000e-02 5.3096e-10 1.8688e-08 0.0000e+00 1.9112e-09 0.0000e+00 2.1936e-09 1.0425e-10 1.9099e-10 1.1930e-09 6.6235e-10
0.0000e+00 1.6097e-10 8.8036e-10 2.0000e-02 2.0613e-09 5.1587e-11 3.6446e-09 3.4274e-09 6.1328e-10 4.0582e-10 0.0000e+00 2.0000e-02 0.0000e+00 3.4426e-10 1.3319e-10 0.0000e+00 3.4939e-09 1.5392e-10 1.3743e-09 3.8072e-10 0.0000e+00 8.5437e-09 2.8295e-09 1.0810e-09 3.6625e-10 1.9489e-08 0.0000e+00 1.8363e-10 6.0257e-10 0.0000e+00 1.8744e-09 0.0000e+00 0.0000e+00 2.2469e-09 2.0000e-02 1.9839e-02 0.0000e+00 0.0000e+00 0.0000e+00 7.4910e-10 3.0675e-10 3.7587e-10 1.2470e-09 2.4784e-09 0.0000e+00 0.0000e+00 2.0000e-02 0.0000e+00 0.0000e+00 1.8234e-09
0.0000e+00 3.8988e-07 0.0000e+00 0.0000e+00 2.6951e-10 7.0998e-09 8.4420e-10 8.4198e-09 1.9112e-09 1.4489e-09 0.0000e+00 1.5958e-08 7.8064e-09 4.5545e-09 1.2778e-02 0.0000e+00 4.8540e-08 6.9852e-08 2.0000e-02 9.5945e-08 3.4634e-09 0.0000e+00 0.0000e+00 0.0000e+00 1.1991e-09 1.9672e-09 1.6613e-08 9.9829e-10 2.9137e-09 0.0000e+00 0.0000e+00 4.4671e-09 2.0000e-02 1.1623e-02 2.4220e-09 1.6135e-04 2.0000e-02 0.0000e+00 0.0000e+00 7.5829e-09 9.1460e-12 1.1185e-09 0.0000e+00 2.0000e-02 0.0000e+00 0.0000e+00 4.7455e-10 0.0000e+00 4.9732e-11 2.0000e-02
