6.4000e-01 4.5833e-01 8.2297e-01 7.2826e-01 3.6842e-01 0.0000e+00 5.0000e-01 1.1111e-01 9.8037e-01 9.9800e-01 8.8219e-01 9.6986e-01 7.9054e-01 9.0678e-01 7.5292e-01 4.2000e-01 7.6358e-01 4.5920e-01 6.4821e-01 3.1148e-01 5.8537e-01 9.6590e-01 9.4278e-01 9.9401e-01 5.7143e-01 9.0618e-01 6.8254e-01 5.6298e-01 2.8571e-01 8.8590e-01 8.7621e-01 5.3333e-01 8.7729e-01 9.8472e-01 5.1724e-01 4.5833e-01 8.8589e-01 7.9355e-01 3.5294e-01 9.3454e-01 9.2672e-01 2.5000e-01 9.6733e-01 9.8445e-01 4.2857e-01 2.7273e-01 1.4286e-01 5.0000e-01 4.0000e-01 7.1212e-01
1.1111e-01 3.8889e-01 4.2857e-01 1.1111e-01 1.8182e-01 2.6667e-01 1.1111e-01 5.1724e-01 1.0000e+00 1.0000e+00 1.1111e-01 1.0000e+00 2.0000e-01 0.0000e+00 4.6875e-01 7.6923e-02 2.8571e-01 4.3508e-01 4.0741e-01 5.2632e-02 3.8889e-01 2.0000e-01 4.2857e-01 1.0000e+00 2.0000e-01 3.1250e-01 0.0000e+00 2.1429e-01 5.4054e-01 2.1429e-01 3.3333e-01 0.0000e+00 1.0000e-01 1.0000e+00 3.8889e-01 5.6757e-01 1.8182e-01 0.0000e+00 0.0000e+00 2.8571e-01 0.0000e+00 0.0000e+00 6.2222e-01 1.0000e+00 0.0000e+00 3.4483e-01 0.0000e+00 0.0000e+00 1.8750e-01 3.8095e-01
8.6018e-01 6.9863e-01 9.9478e-01 2.5000e-01 1.1111e-01 2.6667e-01 1.0000e+00 5.0000e-01 1.0000e+00 1.0000e+00 9.4126e-01 1.0000e+00 1.1111e-01 0.0000e+00 3.5294e-01 0.0000e+00 2.2222e-01 1.8750e-01 4.8276e-01 5.1613e-01 1.8182e-01 1.1111e-01 5.7143e-01 1.0000e+00 7.8417e-01 3.1250e-01 7.1951e-01 3.4545e-01 9.1010e-01 3.9130e-01 5.3333e-01 1.0000e+00 8.2062e-01 1.0000e+00 2.5000e-01 4.2857e-01 1.1111e-01 7.1250e-01 0.0000e+00 8.4291e-01 1.8182e-01 1.1111e-01 1.1111e-01 1.0000e+00 4.5455e-01 1.4286e-01 8.3333e-02 9.8055e-01 4.3902e-01 8.9837e-01
4.2105e-01 2.0000e-01 1.0000e+00 1.1111e-01 0.0000e+00 6.0714e-01 1.0000e+00 1.1111e-01 1.0000e+00 1.0000e+00 1.1111e-01 1.0000e+00 2.0000e-01 4.2308e-01 0.0000e+00 7.6923e-02 0.0000e+00 2.6027e-01 2.5926e-01 5.0781e-01 7.4336e-01 4.5833e-01 4.5455e-01 1.0000e+00 6.8657e-01 6.3889e-01 7.2289e-01 6.4869e-01 2.8571e-01 4.0000e-01 8.2266e-01 1.0000e+00 5.0000e-01 1.0000e+00 7.2414e-01 4.5833e-01 4.6429e-01 3.8889e-01 7.8195e-01 2.0000e-01 3.3333e-01 5.7143e-01 2.8571e-01 1.0000e+00 4.8000e-01 7.8838e-01 5.7303e-01 1.0000e+00 4.7059e-01 2.9412e-01
6.0000e-01 2.5000e-01 1.0000e+00 2.5000e-01 6.0784e-01 5.9615e-01 1.0000e+00 8.1959e-01 1.0000e+00 1.0000e+00 6.7606e-01 1.0000e+00 7.5676e-01 4.1667e-01 3.9024e-01 3.9024e-01 7.9567e-01 5.1016e-01 5.4967e-01 5.9195e-01 6.6667e-01 4.8000e-01 2.5000e-01 1.0000e+00 6.1364e-01 3.8095e-01 9.1409e-01 4.9390e-01 7.9915e-01 5.0000e-01 5.0000e-01 1.0000e+00 4.3333e-01 1.0000e+00 9.1078e-01 7.4227e-01 6.7089e-01 5.5882e-01 6.5455e-01 4.2857e-01 5.7895e-01 6.0465e-01 4.7059e-01 1.0000e+00 5.0000e-01 4.0541e-01 5.2381e-01 1.0000e+00 6.4921e-01 8.4225e-01
9.9836e-01 1.0000e+00 1.0000e+00 9.4693e-01 9.1188e-01 4.6429e-01 1.0000e+00 9.4153e-01 1.0000e+00 1.0000e+00 6.7606e-01 1.0000e+00 9.6612e-01 8.1217e-01 5.3061e-01 0.0000e+00 7.5034e-01 1.3514e-01 7.1646e-01 1.6667e-01 9.5139e-01 9.9655e-01 9.9798e-01 1.0000e+00 1.0000e+00 7.7869e-01 9.6862e-01 6.0198e-01 9.1165e-01 1.0000e-01 9.8259e-01 1.0000e+00 4.8649e-01 1.0000e+00 9.7273e-01 9.6905e-01 9.0182e-01 9.6531e-01 9.6629e-01 9.9477e-01 9.4672e-01 9.6474e-01 1.0000e+00 1.0000e+00 9.8880e-01 6.4977e-01 2.2222e-01 1.0000e+00 5.5000e-01 4.1667e-01
1.0000e+00 1.0000e+00 1.0000e+00 6.4815e-01 9.1859e-01 3.3333e-01 1.0000e+00 9.6522e-01 1.0000e+00 1.0000e+00 0.0000e+00 1.0000e+00 0.0000e+00 3.1250e-01 1.3333e-01 7.5454e-01 7.6424e-01 7.1429e-02 7.1429e-02 5.2621e-01 8.0423e-01 1.0000e+00 1.0000e+00 1.0000e+00 1.0000e+00 3.8095e-01 1.0000e+00 5.9520e-01 7.4016e-01 1.0000e-01 1.0000e+00 1.0000e+00 4.6875e-01 1.0000e+00 1.0000e+00 1.0000e+00 4.0909e-01 0.0000e+00 5.9524e-01 1.0000e+00 7.6336e-01 3.8889e-01 1.0000e+00 1.0000e+00 1.0000e+00 3.3333e-01 3.5714e-01 1.0000e+00 7.9662e-01 0.0000e+00
1.0000e+00 1.0000e+00 1.0000e+00 3.8889e-01 4.6154e-01 2.6667e-01 1.0000e+00 1.0000e+00 1.0000e+00 1.0000e+00 3.6842e-01 1.0000e+00 4.5833e-01 7.6777e-01 5.6250e-01 4.1304e-01 1.8750e-01 4.0636e-01 2.5926e-01 4.8339e-01 8.3630e-01 1.0000e+00 1.0000e+00 1.0000e+00 1.0000e+00 3.5000e-01 1.0000e+00 4.8299e-01 8.3143e-01 4.2308e-01 1.0000e+00 1.0000e+00 6.7521e-01 1.0000e+00 1.0000e+00 1.0000e+00 0.0000e+00 4.5833e-01 6.3265e-01 1.0000e+00 5.4545e-01 0.0000e+00 1.0000e+00 1.0000e+00 1.0000e+00 6.6790e-01 5.2308e-01 1.0000e+00 7.1992e-01 7.9885e-01
1.0000e+00 1.0000e+00 1.0000e+00 9.3973e-01 6.3934e-01 9.1294e-01 1.0000e+00 1.0000e+00 1.0000e+00 1.0000e+00 7.2381e-01 1.0000e+00 8.4806e-01 7.7169e-01 5.6489e-01 3.9535e-01 5.6098e-01 4.7112e-01 6.5658e-01 5.5212e-01 5.0000e-01 1.0000e+00 1.0000e+00 1.0000e+00 1.0000e+00 7.3103e-01 1.0000e+00 5.9840e-01 8.6457e-01 8.1538e-01 1.0000e+00 1.0000e+00 7.1429e-01 1.0000e+00 1.0000e+00 1.0000e+00 9.0018e-01 1.1111e-01 5.4545e-01 1.0000e+00 5.9524e-01 3.5294e-01 1.0000e+00 1.0000e+00 1.0000e+00 6.8196e-01 8.0811e-01 1.0000e+00 5.5294e-01 6.6667e-01
1.0000e+00 1.0000e+00 1.0000e+00 0.0000e+00 3.1250e-01 7.7876e-01 1.0000e+00 1.0000e+00 1.0000e+00 1.0000e+00 4.6154e-01 1.0000e+00 0.0000e+00 5.2632e-01 2.0000e-01 1.3333e-01 6.1475e-01 4.4883e-01 4.3939e-01 5.1860e-01 8.3142e-01 1.0000e+00 1.0000e+00 1.0000e+00 1.0000e+00 7.7869e-01 1.0000e+00 4.9383e-01 6.0000e-01 5.0000e-01 1.0000e+00 1.0000e+00 0.0000e+00 1.0000e+00 1.0000e+00 1.0000e+00 1.1111e-01 5.3125e-01 6.4000e-01 1.0000e+00 5.9524e-01 4.5455e-01 1.0000e+00 1.0000e+00 1.0000e+00 4.8214e-01 5.9434e-01 1.0000e+00 5.6989e-01 6.3380e-01
