3.2000e+01 1.1000e+01 1.7200e+02 6.7000e+01 7.0000e+00 0.0000e+00 1.3000e+01 1.0000e+00 5.8940e+03 5.9980e+03 6.2900e+02 5.7920e+03 1.1700e+02 4.6010e+03 4.0680e+03 2.1000e+01 7.5900e+02 2.8700e+02 3.6300e+02 1.9000e+01 2.4000e+01 5.1830e+03 1.8290e+03 5.9700e+03 2.0000e+01 4.7520e+03 4.3000e+01 2.1900e+02 4.0000e+00 4.6430e+03 3.6100e+02 1.6000e+01 4.2110e+03 5.9930e+03 1.5000e+01 1.1000e+01 1.1800e+03 1.2300e+02 6.0000e+00 1.3990e+03 1.6820e+03 3.0000e+00 5.7140e+03 5.9500e+03 9.0000e+00 6.0000e+00 2.0000e+00 1.4000e+01 1.4000e+01 9.4000e+01
1.0000e+00 7.0000e+00 9.0000e+00 1.0000e+00 2.0000e+00 4.0000e+00 1.0000e+00 1.5000e+01 0.0000e+00 0.0000e+00 1.0000e+00 0.0000e+00 2.0000e+00 0.0000e+00 3.0000e+01 1.0000e+00 6.0000e+00 1.9100e+02 2.2000e+01 1.0000e+00 7.0000e+00 2.0000e+00 9.0000e+00 0.0000e+00 2.0000e+00 5.0000e+00 0.0000e+00 6.0000e+00 2.0000e+01 3.0000e+00 5.0000e+00 0.0000e+00 1.0000e+00 0.0000e+00 7.0000e+00 2.1000e+01 2.0000e+00 0.0000e+00 0.0000e+00 4.0000e+00 0.0000e+00 0.0000e+00 2.8000e+01 0.0000e+00 0.0000e+00 1.0000e+01 0.0000e+00 0.0000e+00 3.0000e+00 8.0000e+00
2.8300e+02 5.1000e+01 5.7160e+03 3.0000e+00 1.0000e+00 4.0000e+00 6.0400e+03 1.3000e+01 0.0000e+00 0.0000e+00 4.6470e+03 0.0000e+00 1.0000e+00 0.0000e+00 1.2000e+01 0.0000e+00 4.0000e+00 9.0000e+00 4.2000e+01 2.2400e+02 2.0000e+00 1.0000e+00 2.0000e+01 0.0000e+00 1.0900e+02 5.0000e+00 5.9000e+01 1.9000e+01 1.9740e+03 9.0000e+00 1.6000e+01 5.9140e+03 6.1300e+02 0.0000e+00 3.0000e+00 9.0000e+00 1.0000e+00 5.7000e+01 0.0000e+00 2.2000e+02 2.0000e+00 1.0000e+00 1.0000e+00 0.0000e+00 1.0000e+01 2.0000e+00 1.0000e+00 5.7480e+03 1.8000e+01 4.1460e+03
8.0000e+00 2.0000e+00 0.0000e+00 1.0000e+00 0.0000e+00 3.4000e+01 0.0000e+00 1.0000e+00 0.0000e+00 0.0000e+00 1.0000e+00 0.0000e+00 2.0000e+00 1.1000e+01 0.0000e+00 1.0000e+00 0.0000e+00 1.9000e+01 7.0000e+00 1.9500e+02 8.4000e+01 1.1000e+01 1.0000e+01 0.0000e+00 4.6000e+01 4.6000e+01 6.0000e+01 1.9370e+03 4.0000e+00 1.0000e+01 1.6700e+02 0.0000e+00 2.0000e+01 0.0000e+00 6.3000e+01 1.1000e+01 1.3000e+01 7.0000e+00 1.0400e+02 2.0000e+00 5.0000e+00 2.0000e+01 4.0000e+00 0.0000e+00 1.2000e+01 3.9900e+03 5.1000e+01 0.0000e+00 2.4000e+01 5.0000e+00
2.4000e+01 3.0000e+00 0.0000e+00 3.0000e+00 3.1000e+01 3.1000e+01 0.0000e+00 1.5900e+02 0.0000e+00 0.0000e+00 4.8000e+01 0.0000e+00 8.4000e+01 1.0000e+01 1.6000e+01 1.6000e+01 2.2430e+03 1.5560e+03 8.3000e+01 1.8090e+03 4.4000e+01 1.2000e+01 3.0000e+00 0.0000e+00 2.7000e+01 8.0000e+00 7.9800e+02 8.1000e+01 1.8700e+02 1.8000e+01 1.3000e+01 0.0000e+00 1.3000e+01 0.0000e+00 7.3500e+02 7.2000e+01 5.3000e+01 1.9000e+01 3.6000e+01 9.0000e+00 2.2000e+01 2.6000e+01 8.0000e+00 0.0000e+00 1.3000e+01 1.5000e+01 3.3000e+01 0.0000e+00 1.2400e+02 6.1400e+02
5.4670e+03 5.7830e+03 0.0000e+00 3.1940e+03 2.2560e+03 1.3000e+01 0.0000e+00 1.7390e+03 0.0000e+00 0.0000e+00 4.8000e+01 0.0000e+00 5.3330e+03 3.0700e+02 5.2000e+01 0.0000e+00 5.5300e+02 5.0000e+00 3.0650e+03 5.0000e+00 4.7170e+03 5.7700e+02 3.9610e+03 0.0000e+00 5.7250e+03 1.9000e+02 4.7220e+03 4.8700e+02 2.1050e+03 1.0000e+00 5.2500e+03 0.0000e+00 1.8000e+01 0.0000e+00 4.8860e+03 5.6350e+03 2.0850e+03 5.4540e+03 5.3610e+03 4.1810e+03 3.7140e+03 5.5820e+03 0.0000e+00 0.0000e+00 5.7400e+03 1.4100e+02 4.0000e+00 0.0000e+00 4.4000e+01 1.0000e+01
0.0000e+00 0.0000e+00 0.0000e+00 3.5000e+01 2.9790e+03 6.0000e+00 0.0000e+00 3.7190e+03 0.0000e+00 0.0000e+00 0.0000e+00 0.0000e+00 0.0000e+00 5.0000e+00 2.0000e+00 4.4050e+03 7.7800e+02 2.0000e+00 1.0000e+00 2.7100e+02 1.5200e+02 0.0000e+00 0.0000e+00 0.0000e+00 0.0000e+00 8.0000e+00 0.0000e+00 4.2200e+02 9.4000e+01 1.0000e+00 0.0000e+00 0.0000e+00 1.5000e+01 0.0000e+00 0.0000e+00 0.0000e+00 9.0000e+00 0.0000e+00 2.5000e+01 0.0000e+00 1.0000e+02 7.0000e+00 0.0000e+00 0.0000e+00 0.0000e+00 9.0000e+00 1.0000e+01 0.0000e+00 3.8620e+03 0.0000e+00
0.0000e+00 0.0000e+00 0.0000e+00 7.0000e+00 1.2000e+01 4.0000e+00 0.0000e+00 0.0000e+00 0.0000e+00 0.0000e+00 7.0000e+00 0.0000e+00 1.1000e+01 1.6200e+02 7.2000e+01 1.9000e+01 3.0000e+00 1.1500e+02 7.0000e+00 1.3100e+02 2.3500e+02 0.0000e+00 0.0000e+00 0.0000e+00 0.0000e+00 7.0000e+00 0.0000e+00 7.1000e+01 2.9100e+02 1.1000e+01 0.0000e+00 0.0000e+00 7.9000e+01 0.0000e+00 0.0000e+00 0.0000e+00 0.0000e+00 1.1000e+01 3.1000e+01 0.0000e+00 1.8000e+01 0.0000e+00 0.0000e+00 0.0000e+00 0.0000e+00 1.8100e+02 3.4000e+01 0.0000e+00 3.6500e+02 2.7800e+02
0.0000e+00 0.0000e+00 0.0000e+00 2.3390e+03 3.9000e+01 5.1700e+03 0.0000e+00 0.0000e+00 0.0000e+00 0.0000e+00 7.6000e+01 0.0000e+00 2.4000e+02 1.6900e+02 7.4000e+01 1.7000e+01 4.6000e+01 4.1600e+02 4.3400e+02 4.8200e+02 1.4000e+01 0.0000e+00 0.0000e+00 0.0000e+00 0.0000e+00 1.0600e+02 0.0000e+00 4.5000e+02 5.4900e+02 4.7700e+02 0.0000e+00 0.0000e+00 1.1500e+02 0.0000e+00 0.0000e+00 0.0000e+00 1.9480e+03 1.0000e+00 1.8000e+01 0.0000e+00 2.5000e+01 6.0000e+00 0.0000e+00 0.0000e+00 0.0000e+00 2.2300e+02 4.5060e+03 0.0000e+00 4.7000e+01 6.0000e+01
0.0000e+00 0.0000e+00 0.0000e+00 0.0000e+00 5.0000e+00 1.7600e+02 0.0000e+00 0.0000e+00 0.0000e+00 0.0000e+00 1.2000e+01 0.0000e+00 0.0000e+00 2.0000e+01 4.0000e+00 2.0000e+00 7.5000e+01 2.5000e+02 2.9000e+01 2.3700e+02 2.1700e+02 0.0000e+00 0.0000e+00 0.0000e+00 0.0000e+00 1.9000e+02 0.0000e+00 8.0000e+01 3.0000e+01 1.8000e+01 0.0000e+00 0.0000e+00 0.0000e+00 0.0000e+00 0.0000e+00 0.0000e+00 1.0000e+00 1.7000e+01 3.2000e+01 0.0000e+00 2.5000e+01 1.0000e+01 0.0000e+00 0.0000e+00 0.0000e+00 2.7000e+01 6.3000e+01 0.0000e+00 5.3000e+01 4.5000e+01
