1.1600e+02 1.2000e+02 1.0200e+02 1.2700e+02 1.0700e+02 1.1300e+02 1.0000e+02 1.1800e+02 1.1100e+02 1.3000e+02 1.1600e+02 1.3400e+02 1.3900e+02 1.1800e+02 1.1200e+02 1.3100e+02 1.3400e+02 1.3300e+02 1.2800e+02 1.1000e+02 1.1500e+02 1.2100e+02 1.0700e+02 1.1700e+02 1.1000e+02 1.3400e+02 1.0400e+02 1.0900e+02 1.4400e+02 1.1700e+02 1.3100e+02 1.0500e+02 1.0800e+02 1.1500e+02 1.0800e+02 1.2300e+02 1.3700e+02 1.2500e+02 1.4100e+02 1.1900e+02 1.3300e+02 1.1700e+02 1.2200e+02 1.1000e+02 1.4000e+02 1.1800e+02 1.4700e+02 1.1200e+02 1.2600e+02 1.2900e+02
1.0800e+02 1.4300e+02 1.3000e+02 1.1000e+02 1.3700e+02 1.3900e+02 1.1300e+02 1.2200e+02 1.1200e+02 1.0500e+02 1.1000e+02 1.3000e+02 1.2500e+02 1.0200e+02 9.9000e+01 1.0900e+02 1.2900e+02 1.2700e+02 1.3200e+02 1.2800e+02 1.1300e+02 1.1900e+02 1.1200e+02 1.4300e+02 1.3400e+02 1.1400e+02 1.2400e+02 1.2600e+02 1.1800e+02 1.3700e+02 1.2200e+02 1.1700e+02 1.2300e+02 1.2900e+02 1.2600e+02 1.0900e+02 1.2500e+02 1.1000e+02 1.1300e+02 1.2900e+02 1.0400e+02 1.2600e+02 1.2300e+02 1.0800e+02 1.0400e+02 1.2300e+02 1.3200e+02 1.0900e+02 1.1300e+02 1.2600e+02
1.2200e+02 1.2800e+02 1.0500e+02 1.4500e+02 1.0800e+02 1.2200e+02 1.3800e+02 1.2100e+02 1.3800e+02 1.3900e+02 1.3000e+02 1.1800e+02 1.2300e+02 1.2300e+02 1.1900e+02 1.1500e+02 1.2200e+02 1.2600e+02 1.2100e+02 1.0900e+02 1.1000e+02 1.2400e+02 1.2600e+02 1.1600e+02 1.3300e+02 9.9000e+01 1.2000e+02 1.0800e+02 1.3800e+02 1.1400e+02 1.2000e+02 1.3400e+02 1.2300e+02 1.2900e+02 1.1200e+02 1.0900e+02 1.2000e+02 1.3600e+02 1.5000e+02 1.3100e+02 1.0700e+02 1.3500e+02 1.1100e+02 1.2200e+02 1.2300e+02 1.1300e+02 1.1100e+02 1.1800e+02 1.1000e+02 1.4100e+02
1.1000e+02 1.2300e+02 1.1900e+02 1.0600e+02 1.0500e+02 1.1100e+02 9.7000e+01 1.2800e+02 1.2700e+02 1.1500e+02 1.2900e+02 1.1600e+02 1.3900e+02 1.3800e+02 1.2300e+02 1.2200e+02 1.3700e+02 1.2000e+02 1.0100e+02 1.2500e+02 1.2700e+02 1.2300e+02 1.2400e+02 1.2200e+02 1.2300e+02 1.3400e+02 1.1000e+02 1.0400e+02 1.2600e+02 1.0600e+02 9.4000e+01 1.2600e+02 1.2400e+02 1.2500e+02 1.2200e+02 1.1500e+02 1.1700e+02 1.1200e+02 1.1600e+02 1.1000e+02 1.1600e+02 1.1800e+02 1.3400e+02 1.1600e+02 1.3000e+02 1.1200e+02 1.1800e+02 1.2600e+02 1.2000e+02 1.2200e+02
1.1400e+02 1.2200e+02 1.1300e+02 1.2000e+02 1.3900e+02 1.1900e+02 1.3100e+02 1.2400e+02 1.2200e+02 1.3700e+02 1.1900e+02 1.2300e+02 1.2600e+02 1.1100e+02 1.3200e+02 1.1400e+02 1.0300e+02 1.2900e+02 1.4200e+02 1.4400e+02 1.2700e+02 1.3600e+02 1.1600e+02 1.2500e+02 1.3400e+02 1.1300e+02 1.1100e+02 9.0000e+01 1.4000e+02 9.5000e+01 9.9000e+01 1.2400e+02 1.3500e+02 1.1300e+02 1.2600e+02 1.1500e+02 1.4100e+02 1.2100e+02 1.1100e+02 1.1900e+02 1.1900e+02 1.2800e+02 1.2400e+02 1.1900e+02 1.3400e+02 1.1800e+02 1.2000e+02 1.2700e+02 1.0500e+02 1.2100e+02
1.2700e+02 1.0500e+02 1.0400e+02 1.1200e+02 1.2200e+02 1.2300e+02 1.0300e+02 1.0700e+02 1.3200e+02 1.1800e+02 1.2000e+02 1.0900e+02 1.2000e+02 1.1000e+02 1.2800e+02 1.3900e+02 1.1300e+02 1.3600e+02 1.3100e+02 1.1100e+02 1.2300e+02 1.3600e+02 1.2300e+02 1.1900e+02 1.2600e+02 1.1200e+02 1.3600e+02 1.2600e+02 1.2800e+02 1.0100e+02 1.0800e+02 1.1700e+02 1.2600e+02 1.2200e+02 9.8000e+01 1.1800e+02 1.2300e+02 1.1700e+02 1.1700e+02 9.8000e+01 1.1800e+02 1.1500e+02 1.0000e+02 1.2900e+02 1.2400e+02 1.3000e+02 1.2000e+02 1.2100e+02 1.2000e+02 1.0900e+02
9.3000e+01 1.2800e+02 1.2500e+02 1.1300e+02 1.1900e+02 1.2800e+02 1.2400e+02 1.2600e+02 1.0800e+02 1.1900e+02 1.2300e+02 1.2400e+02 1.2800e+02 1.1600e+02 1.2300e+02 1.2000e+02 1.1600e+02 1.1600e+02 1.1600e+02 1.1700e+02 1.3400e+02 1.0300e+02 1.2500e+02 1.1000e+02 1.1300e+02 1.0800e+02 1.2100e+02 1.1100e+02 1.0900e+02 1.2600e+02 9.8000e+01 1.1000e+02 1.3600e+02 9.7000e+01 1.1600e+02 1.0800e+02 1.0300e+02 1.0700e+02 1.0700e+02 1.0500e+02 1.2700e+02 1.2100e+02 1.3400e+02 1.0700e+02 1.1900e+02 1.1400e+02 1.3000e+02 1.0700e+02 9.7000e+01 1.1900e+02
1.2200e+02 1.2100e+02 1.2300e+02 1.2000e+02 1.2100e+02 1.1600e+02 1.1200e+02 1.2300e+02 1.2000e+02 1.2500e+02 1.4100e+02 1.1100e+02 1.2800e+02 1.1700e+02 1.2900e+02 1.1800e+02 1.2200e+02 1.2300e+02 1.0200e+02 1.3300e+02 1.0800e+02 1.1400e+02 1.2600e+02 1.2700e+02 1.4300e+02 1.0500e+02 1.1200e+02 1.2700e+02 1.1900e+02 1.2600e+02 1.0700e+02 1.3400e+02 1.2000e+02 1.2400e+02 1.1000e+02 1.3600e+02 1.2800e+02 1.3300e+02 1.2300e+02 1.2800e+02 1.2700e+02 1.0700e+02 1.1900e+02 1.3800e+02 1.0700e+02 1.2900e+02 1.3000e+02 1.4200e+02 1.0800e+02 1.2800e+02
1.4400e+02 1.2200e+02 1.1100e+02 1.1800e+02 1.2000e+02 1.1900e+02 1.0800e+02 1.0500e+02 1.2100e+02 1.0800e+02 1.3500e+02 1.0900e+02 1.3600e+02 1.1900e+02 1.3200e+02 1.2100e+02 1.2500e+02 1.2800e+02 1.1100e+02 1.2500e+02 1.1100e+02 1.2800e+02 1.2500e+02 1.2600e+02 1.2500e+02 1.2100e+02 1.2500e+02 1.2600e+02 1.3400e+02 1.1200e+02 1.2300e+02 1.2700e+02 1.3400e+02 1.3000e+02 1.2000e+02 1.0300e+02 1.1900e+02 1.0400e+02 1.3600e+02 1.1300e+02 1.2300e+02 9.3000e+01 1.3700e+02 1.3500e+02 1.0500e+02 1.3000e+02 1.3100e+02 1.1200e+02 1.2500e+02 9.6000e+01
1.4600e+02 1.1400e+02 1.0100e+02 1.2400e+02 1.1400e+02 9.8000e+01 1.2600e+02 1.3700e+02 1.0000e+02 1.2700e+02 1.2900e+02 1.1400e+02 1.2200e+02 1.3400e+02 1.4700e+02 1.3200e+02 1.2900e+02 1.1400e+02 1.3200e+02 1.2400e+02 1.3100e+02 1.4100e+02 1.2500e+02 1.1800e+02 1.1100e+02 1.0500e+02 1.1400e+02 1.2600e+02 1.1500e+02 1.1700e+02 1.2500e+02 1.2600e+02 1.4000e+02 1.2100e+02 1.2800e+02 1.1600e+02 1.2700e+02 1.1000e+02 1.1200e+02 1.2000e+02 1.0800e+02 1.1900e+02 1.1300e+02 1.1900e+02 9.8000e+01 1.1200e+02 1.3900e+02 1.2900e+02 1.2900e+02 1.1900e+02
1.3000e+02 1.5200e+02 1.2500e+02 1.2400e+02 1.2200e+02 1.1900e+02 1.1800e+02 1.2100e+02 1.2500e+02 1.1700e+02 1.2900e+02 1.0800e+02 1.2400e+02 1.3400e+02 1.3900e+02 1.3400e+02 1.2400e+02 1.0300e+02 1.0800e+02 1.1500e+02 1.3000e+02 1.1100e+02 1.0400e+02 1.3400e+02 1.0400e+02 1.3600e+02 1.2100e+02 1.1000e+02 1.3700e+02 1.0400e+02 1.2200e+02 1.1300e+02 1.1900e+02 9.7000e+01 1.2800e+02 1.4700e+02 1.1800e+02 1.1800e+02 1.2400e+02 1.3200e+02 1.2900e+02 1.0500e+02 1.2300e+02 1.1500e+02 1.1700e+02 1.0700e+02 1.3500e+02 1.3700e+02 1.2800e+02 1.1000e+02
1.0200e+02 1.2700e+02 1.0800e+02 1.3200e+02 1.2600e+02 1.2100e+02 1.2800e+02 1.0000e+02 1.1200e+02 1.2700e+02 1.2800e+02 1.1600e+02 1.2600e+02 1.2100e+02 1.2900e+02 1.1200e+02 1.2100e+02 1.0800e+02 1.1000e+02 1.1200e+02 1.1800e+02 1.1100e+02 1.1900e+02 1.2700e+02 1.4500e+02 1.2800e+02 1.3700e+02 1.0700e+02 8.7000e+01 1.1600e+02 9.6000e+01 1.3000e+02 1.0900e+02 1.0800e+02 1.1000e+02 1.1100e+02 9.4000e+01 1.1900e+02 1.3200e+02 1.2100e+02 1.1500e+02 1.1700e+02 1.2300e+02 1.1600e+02 1.3200e+02 1.2400e+02 1.2400e+02 1.1100e+02 1.0400e+02 1.0300e+02
1.1000e+02 1.2700e+02 1.2300e+02 9.3000e+01 1.0700e+02 1.0000e+02 1.3000e+02 1.1800e+02 1.2400e+02 1.2100e+02 1.3300e+02 1.0900e+02 1.2800e+02 1.3100e+02 1.1700e+02 1.3000e+02 1.1800e+02 1.0400e+02 1.2200e+02 1.1100e+02 1.3600e+02 1.3900e+02 1.2300e+02 1.1400e+02 1.1500e+02 1.2200e+02 1.2000e+02 1.1000e+02 1.1200e+02 1.3900e+02 1.3200e+02 1.1700e+02 1.1600e+02 1.2300e+02 1.4800e+02 1.1100e+02 1.2100e+02 1.2400e+02 1.1600e+02 1.2700e+02 1.2000e+02 1.4500e+02 1.3500e+02 1.0400e+02 1.2600e+02 1.2600e+02 1.2300e+02 1.0200e+02 1.3300e+02 1.2200e+02
1.2200e+02 1.3300e+02 1.1500e+02 1.0300e+02 1.3200e+02 1.1800e+02 1.1600e+02 1.1700e+02 1.0400e+02 1.0600e+02 1.4100e+02 1.3300e+02 9.9000e+01 1.1900e+02 1.1900e+02 1.0500e+02 1.3200e+02 1.1600e+02 1.1700e+02 1.1500e+02 1.2500e+02 1.2000e+02 1.1500e+02 1.0700e+02 1.3400e+02 1.1200e+02 1.1800e+02 1.3000e+02 1.1100e+02 1.0700e+02 1.1600e+02 1.2800e+02 1.0900e+02 1.1400e+02 1.2000e+02 1.2700e+02 1.2900e+02 1.1900e+02 1.3100e+02 1.0800e+02 1.0700e+02 1.0800e+02 1.1600e+02 1.1600e+02 1.0900e+02 1.3100e+02 1.1200e+02 1.1700e+02 1.2400e+02 1.2300e+02
1.1900e+02 1.1600e+02 1.2200e+02 1.3800e+02 1.3100e+02 1.3300e+02 1.0600e+02 1.1900e+02 1.2800e+02 1.2100e+02 1.1200e+02 1.1600e+02 1.2300e+02 1.5100e+02 1.3500e+02 1.0200e+02 1.2900e+02 1.0500e+02 1.1800e+02 1.2000e+02 1.2800e+02 1.2900e+02 1.0100e+02 1.4200e+02 1.2400e+02 1.1300e+02 1.2000e+02 1.3500e+02 1.0700e+02 1.4800e+02 1.1100e+02 1.1400e+02 1.0100e+02 1.3800e+02 1.0000e+02 1.1400e+02 1.1900e+02 1.3100e+02 1.2100e+02 1.1000e+02 1.3100e+02 1.2900e+02 1.0300e+02 1.1500e+02 1.1900e+02 1.2700e+02 1.3500e+02 1.1600e+02 1.3100e+02 1.1200e+02
1.0900e+02 1.2800e+02 1.2800e+02 1.0300e+02 1.1200e+02 1.2200e+02 1.2500e+02 9.4000e+01 1.1600e+02 1.2700e+02 1.3100e+02 1.2100e+02 1.3100e+02 1.2900e+02 1.0200e+02 1.1900e+02 1.2800e+02 1.3700e+02 1.2000e+02 1.1700e+02 1.1000e+02 1.3700e+02 1.2500e+02 1.1700e+02 1.1700e+02 1.1600e+02 1.2400e+02 1.0700e+02 1.1000e+02 1.1700e+02 1.1100e+02 1.0700e+02 1.1500e+02 1.3600e+02 1.1900e+02 1.1400e+02 1.2200e+02 1.2400e+02 1.1500e+02 1.3200e+02 1.4100e+02 1.2700e+02 1.3900e+02 1.3900e+02 1.1900e+02 1.1800e+02 1.4200e+02 1.2400e+02 1.1300e+02 1.2400e+02
1.4000e+02 1.0900e+02 1.2200e+02 1.2100e+02 1.2100e+02 1.4600e+02 1.3400e+02 1.1400e+02 1.1000e+02 1.3200e+02 1.1400e+02 1.3100e+02 1.2600e+02 1.3300e+02 1.2300e+02 1.1300e+02 1.0700e+02 1.3300e+02 1.3000e+02 1.1800e+02 1.3200e+02 1.0900e+02 1.2200e+02 1.2900e+02 1.2500e+02 1.1400e+02 1.2200e+02 1.2400e+02 1.2800e+02 1.0500e+02 1.0600e+02 9.9000e+01 9.6000e+01 1.3300e+02 1.1800e+02 1.1800e+02 1.1800e+02 1.2600e+02 1.0900e+02 1.1700e+02 1.2100e+02 1.3700e+02 1.2400e+02 1.1800e+02 1.2500e+02 1.1200e+02 1.4000e+02 1.3200e+02 1.2500e+02 1.1600e+02
1.2700e+02 8.5000e+01 1.1300e+02 1.2000e+02 1.2400e+02 1.2500e+02 1.1700e+02 1.1400e+02 1.2600e+02 1.2300e+02 1.1400e+02 1.1800e+02 1.1900e+02 1.0200e+02 1.0500e+02 1.0900e+02 1.1900e+02 1.3300e+02 1.2200e+02 1.2700e+02 1.1700e+02 1.2900e+02 8.9000e+01 1.1700e+02 9.1000e+01 1.2300e+02 1.1900e+02 1.1500e+02 1.3100e+02 1.0200e+02 1.1800e+02 1.3000e+02 1.1800e+02 1.3900e+02 1.0800e+02 1.2400e+02 1.3400e+02 1.1700e+02 1.1600e+02 1.1300e+02 1.3400e+02 1.2800e+02 1.0500e+02 1.1100e+02 1.2400e+02 1.2000e+02 1.1800e+02 1.0500e+02 1.2200e+02 1.2100e+02
1.0100e+02 1.2600e+02 1.1400e+02 1.2600e+02 1.1200e+02 1.1500e+02 1.5400e+02 1.2500e+02 1.1300e+02 1.4100e+02 9.3000e+01 1.1800e+02 1.1300e+02 1.3300e+02 1.3000e+02 1.3800e+02 1.2400e+02 1.3000e+02 1.2300e+02 1.2200e+02 1.3000e+02 1.1900e+02 1.2500e+02 1.4300e+02 1.3100e+02 1.1400e+02 1.3100e+02 1.2600e+02 1.0400e+02 1.3400e+02 1.2700e+02 1.0400e+02 1.1600e+02 1.2300e+02 1.1800e+02 1.4000e+02 1.0600e+02 1.1000e+02 1.3600e+02 1.0200e+02 1.4000e+02 1.2400e+02 1.2800e+02 1.2400e+02 1.1800e+02 1.1800e+02 1.0700e+02 1.1500e+02 1.1900e+02 1.3400e+02
1.0200e+02 1.2200e+02 9.3000e+01 1.0800e+02 1.2000e+02 1.2600e+02 1.1200e+02 1.1300e+02 1.2600e+02 1.1600e+02 1.1400e+02 1.1800e+02 1.2500e+02 1.2200e+02 1.1300e+02 1.3600e+02 1.1400e+02 1.1600e+02 1.2800e+02 1.3000e+02 1.2400e+02 1.1500e+02 1.2500e+02 1.1400e+02 1.0400e+02 1.1100e+02 1.1900e+02 1.0900e+02 1.3800e+02 1.2500e+02 1.0500e+02 1.2500e+02 1.0900e+02 1.2200e+02 1.1300e+02 1.1400e+02 1.3300e+02 1.0600e+02 1.1100e+02 1.3200e+02 1.0500e+02 9.3000e+01 1.0200e+02 1.3400e+02 1.1200e+02 1.2200e+02 1.1600e+02 1.3400e+02 1.2700e+02 1.1700e+02
1.0700e+02 1.0100e+02 1.1200e+02 1.2500e+02 1.1300e+02 1.2100e+02 1.3100e+02 1.2500e+02 1.1600e+02 1.3000e+02 1.2700e+02 1.1100e+02 1.2400e+02 1.1500e+02 1.3400e+02 1.2900e+02 1.1800e+02 1.2900e+02 1.0500e+02 1.0100e+02 1.2700e+02 1.2100e+02 1.1800e+02 1.2000e+02 1.2100e+02 1.2200e+02 1.2600e+02 1.4700e+02 1.2500e+02 9.9000e+01 1.3800e+02 1.1500e+02 1.0300e+02 1.1500e+02 1.0000e+02 1.1800e+02 9.9000e+01 1.0000e+02 1.3000e+02 1.1000e+02 1.1300e+02 1.3500e+02 1.2200e+02 1.1700e+02 1.3300e+02 1.0000e+02 1.0400e+02 1.3900e+02 1.2300e+02 1.1400e+02
1.1100e+02 1.2600e+02 1.2800e+02 1.3000e+02 1.2500e+02 1.2600e+02 1.0100e+02 1.0700e+02 1.3800e+02 1.0900e+02 1.1800e+02 1.2700e+02 1.2900e+02 1.3400e+02 1.3600e+02 9.8000e+01 1.0900e+02 1.2300e+02 1.2400e+02 1.1500e+02 1.3200e+02 1.0400e+02 1.1500e+02 1.3100e+02 1.1900e+02 1.2900e+02 1.0900e+02 1.3800e+02 1.3200e+02 1.2100e+02 1.0600e+02 1.1100e+02 1.1100e+02 1.3000e+02 1.1100e+02 1.2400e+02 9.6000e+01 1.1100e+02 1.3700e+02 1.2300e+02 1.1700e+02 1.1600e+02 1.3200e+02 1.1100e+02 1.2900e+02 1.0900e+02 1.0500e+02 1.2100e+02 9.9000e+01 1.3500e+02
1.1400e+02 1.1100e+02 1.1100e+02 1.2700e+02 1.2800e+02 1.3800e+02 1.3200e+02 1.1600e+02 1.1300e+02 1.2000e+02 1.2800e+02 1.3200e+02 1.0900e+02 1.3400e+02 1.2700e+02 1.2200e+02 1.1500e+02 1.1100e+02 1.2300e+02 1.3300e+02 1.3200e+02 1.3600e+02 1.2600e+02 1.1600e+02 1.3400e+02 1.3500e+02 1.4300e+02 1.0600e+02 1.2300e+02 1.1700e+02 1.1700e+02 1.1700e+02 1.2900e+02 1.1400e+02 1.0300e+02 1.2100e+02 1.2200e+02 1.3000e+02 1.1500e+02 1.2000e+02 1.1700e+02 1.0700e+02 1.3700e+02 1.1700e+02 1.1200e+02 1.1200e+02 1.2600e+02 1.2800e+02 1.3800e+02 1.2800e+02
1.1600e+02 9.4000e+01 1.2600e+02 1.1400e+02 1.2700e+02 1.1900e+02 1.3000e+02 1.1400e+02 1.0900e+02 1.4100e+02 1.3500e+02 1.3400e+02 1.0800e+02 1.0900e+02 1.0900e+02 1.1800e+02 1.1300e+02 1.1300e+02 1.1900e+02 1.1200e+02 1.1400e+02 1.2200e+02 1.2000e+02 1.3000e+02 9.3000e+01 1.2100e+02 1.0800e+02 1.2700e+02 1.1000e+02 1.2000e+02 1.2400e+02 1.1600e+02 1.3300e+02 1.2200e+02 1.1800e+02 1.3000e+02 1.0400e+02 1.2400e+02 1.0100e+02 1.2200e+02 1.1300e+02 1.3000e+02 1.1400e+02 1.0300e+02 1.2700e+02 1.3300e+02 1.1100e+02 1.2500e+02 1.1900e+02 1.1400e+02
1.2000e+02 1.1600e+02 1.1200e+02 1.2100e+02 1.2500e+02 1.3000e+02 1.2600e+02 1.2100e+02 1.2400e+02 1.4600e+02 1.3400e+02 1.5100e+02 1.2200e+02 1.1500e+02 1.3300e+02 1.0500e+02 1.3000e+02 1.0100e+02 1.1500e+02 1.2900e+02 1.2000e+02 1.1800e+02 1.2000e+02 1.0500e+02 1.3900e+02 1.1800e+02 1.1700e+02 1.2600e+02 1.2300e+02 1.3800e+02 1.2300e+02 1.2300e+02 1.1500e+02 1.1100e+02 1.0400e+02 1.1800e+02 1.2800e+02 1.2600e+02 1.2900e+02 1.3100e+02 1.2100e+02 1.2400e+02 1.2000e+02 1.1100e+02 1.0500e+02 1.1900e+02 1.1300e+02 1.1700e+02 1.3400e+02 1.2700e+02
1.2800e+02 1.2000e+02 1.2100e+02 1.2100e+02 1.1300e+02 1.0900e+02 1.0100e+02 1.3000e+02 1.2000e+02 1.3500e+02 1.2800e+02 1.1800e+02 1.2400e+02 1.4400e+02 1.2200e+02 1.2600e+02 1.2800e+02 1.2600e+02 1.2800e+02 1.3500e+02 1.1200e+02 1.2500e+02 1.1900e+02 1.1500e+02 1.2100e+02 1.0100e+02 1.2700e+02 1.1800e+02 1.1000e+02 1.1300e+02 1.2100e+02 1.0100e+02 1.2300e+02 1.3100e+02 1.4000e+02 1.0900e+02 1.2000e+02 1.2800e+02 1.1800e+02 1.2700e+02 1.1300e+02 1.1600e+02 1.1400e+02 9.8000e+01 1.1200e+02 1.2800e+02 1.3200e+02 1.3200e+02 1.0700e+02 1.3000e+02
1.1100e+02 1.3200e+02 1.4200e+02 1.2000e+02 1.2000e+02 1.3200e+02 1.1900e+02 1.2200e+02 1.1300e+02 1.3200e+02 1.2200e+02 1.1100e+02 1.2500e+02 1.2400e+02 1.3100e+02 1.4100e+02 1.1700e+02 1.2100e+02 1.3100e+02 1.1900e+02 1.1100e+02 1.2900e+02 1.1200e+02 1.2700e+02 1.2900e+02 1.0700e+02 1.2400e+02 1.1900e+02 1.1600e+02 1.2800e+02 1.2000e+02 1.3100e+02 1.2100e+02 1.0700e+02 1.1900e+02 1.2400e+02 9.6000e+01 1.1100e+02 1.1900e+02 1.3100e+02 1.3400e+02 1.0500e+02 1.1600e+02 1.2500e+02 1.3000e+02 1.1000e+02 1.3600e+02 1.3500e+02 1.2500e+02 1.1100e+02
1.2300e+02 1.2200e+02 1.3800e+02 1.0600e+02 1.2500e+02 1.0600e+02 1.1100e+02 1.3800e+02 1.1900e+02 1.3200e+02 1.3200e+02 1.2200e+02 1.3500e+02 1.1500e+02 1.0900e+02 1.1600e+02 1.2900e+02 1.0900e+02 1.1700e+02 1.3200e+02 1.2000e+02 1.0700e+02 1.1600e+02 1.0800e+02 1.1800e+02 1.0500e+02 1.2600e+02 1.1700e+02 1.1100e+02 1.0500e+02 1.0600e+02 1.0600e+02 1.2900e+02 1.3000e+02 1.3800e+02 1.3800e+02 1.1600e+02 1.3400e+02 1.1700e+02 1.1000e+02 1.1300e+02 1.1100e+02 1.0300e+02 1.3000e+02 1.2500e+02 1.2500e+02 1.1800e+02 1.1000e+02 1.0800e+02 1.1400e+02
1.1900e+02 1.3100e+02 1.1600e+02 1.2000e+02 1.1500e+02 1.2000e+02 1.2100e+02 1.3200e+02 1.0600e+02 1.2300e+02 1.1600e+02 1.2500e+02 1.0900e+02 1.2800e+02 9.4000e+01 1.2300e+02 1.1900e+02 9.8000e+01 1.3100e+02 1.0400e+02 1.3200e+02 1.1900e+02 1.0200e+02 1.1500e+02 1.2900e+02 1.2900e+02 1.2200e+02 1.1200e+02 1.1400e+02 1.2400e+02 1.1000e+02 1.2000e+02 1.2300e+02 1.2000e+02 1.0400e+02 1.1500e+02 1.0600e+02 1.1300e+02 1.2200e+02 1.1000e+02 1.2200e+02 1.1900e+02 1.2600e+02 1.3200e+02 1.2400e+02 1.1200e+02 1.2400e+02 1.2100e+02 1.1300e+02 1.2800e+02
1.1000e+02 1.0500e+02 1.1600e+02 1.2400e+02 1.3300e+02 1.0000e+02 1.2500e+02 1.1100e+02 9.9000e+01 1.1000e+02 1.2100e+02 1.2200e+02 1.2300e+02 1.2900e+02 1.1000e+02 1.1700e+02 1.2600e+02 1.2900e+02 1.2500e+02 1.0400e+02 1.1200e+02 1.2200e+02 1.2300e+02 1.2200e+02 1.1300e+02 1.1400e+02 1.2400e+02 1.1900e+02 1.3800e+02 1.3100e+02 1.2500e+02 1.2300e+02 1.2000e+02 9.2000e+01 9.9000e+01 1.2700e+02 1.2200e+02 1.0900e+02 1.1800e+02 1.2700e+02 1.2400e+02 1.0700e+02 1.1500e+02 1.3800e+02 1.2800e+02 1.2600e+02 1.1500e+02 1.0600e+02 1.4400e+02 1.1500e+02
1.2100e+02 1.2500e+02 1.0200e+02 1.4700e+02 1.2300e+02 1.3100e+02 1.2900e+02 1.2200e+02 1.1700e+02 1.2000e+02 1.3200e+02 1.5200e+02 1.3000e+02 1.1500e+02 1.1200e+02 1.0900e+02 1.1900e+02 1.3800e+02 1.2100e+02 1.1300e+02 1.2200e+02 1.2100e+02 1.1800e+02 1.3200e+02 1.1700e+02 1.1700e+02 1.0800e+02 1.2700e+02 1.1500e+02 1.1800e+02 1.2100e+02 1.0400e+02 1.1500e+02 1.3000e+02 1.0600e+02 1.3300e+02 1.1200e+02 1.1800e+02 1.3300e+02 1.1900e+02 1.3600e+02 1.2600e+02 1.2600e+02 1.0900e+02 1.0300e+02 1.3300e+02 1.0900e+02 1.2500e+02 1.4800e+02 1.3000e+02
1.0700e+02 1.1300e+02 1.2500e+02 1.1800e+02 1.3200e+02 1.1600e+02 1.1200e+02 1.0700e+02 1.0600e+02 1.2000e+02 1.2000e+02 1.2100e+02 1.0200e+02 1.1800e+02 1.3000e+02 1.2900e+02 1.2500e+02 1.0100e+02 1.0700e+02 1.3200e+02 1.2300e+02 1.3700e+02 1.0600e+02 1.0800e+02 1.0900e+02 1.3600e+02 1.3600e+02 1.2500e+02 1.4000e+02 1.2100e+02 1.1100e+02 1.1900e+02 8.8000e+01 1.4100e+02 1.2200e+02 1.1600e+02 1.1600e+02 1.2300e+02 1.1400e+02 1.1100e+02 1.1900e+02 1.1500e+02 1.1200e+02 1.3200e+02 1.3700e+02 1.1200e+02 1.2000e+02 1.3400e+02 1.1400e+02 1.1800e+02
1.2400e+02 1.0000e+02 1.2200e+02 1.1800e+02 1.4300e+02 1.2000e+02 1.4000e+02 1.1900e+02 1.3500e+02 1.4000e+02 1.3500e+02 1.2000e+02 1.2600e+02 1.2500e+02 9.6000e+01 1.0900e+02 1.3300e+02 1.0000e+02 1.1900e+02 1.2300e+02 1.1600e+02 1.2400e+02 1.2500e+02 1.3400e+02 1.1700e+02 1.2300e+02 1.1200e+02 1.3100e+02 1.2300e+02 1.0600e+02 1.1900e+02 1.2200e+02 1.2300e+02 1.0200e+02 1.2400e+02 1.2700e+02 1.2200e+02 1.2500e+02 1.1100e+02 1.0500e+02 1.3100e+02 1.1000e+02 1.2100e+02 1.1800e+02 1.3500e+02 1.2100e+02 1.1700e+02 1.1300e+02 1.2500e+02 1.1100e+02
1.3600e+02 1.0300e+02 1.0600e+02 1.2000e+02 1.2100e+02 1.4300e+02 1.0300e+02 1.0600e+02 1.1800e+02 1.2800e+02 1.0700e+02 1.3800e+02 1.3300e+02 1.2200e+02 1.2100e+02 1.1800e+02 1.1200e+02 1.2400e+02 1.2100e+02 1.3300e+02 1.1700e+02 1.0400e+02 1.0800e+02 1.2600e+02 1.2700e+02 1.2000e+02 1.4000e+02 1.3400e+02 1.4800e+02 1.2500e+02 1.2200e+02 1.3600e+02 1.1000e+02 1.0900e+02 1.4400e+02 1.2500e+02 1.2800e+02 1.2100e+02 1.2000e+02 1.0500e+02 1.0600e+02 1.1900e+02 1.2600e+02 1.2100e+02 1.0700e+02 1.0700e+02 1.0600e+02 1.0600e+02 1.1500e+02 1.1900e+02
1.3300e+02 1.0400e+02 1.1200e+02 1.1800e+02 1.2900e+02 1.3700e+02 1.3100e+02 1.2000e+02 1.3600e+02 1.3500e+02 1.0600e+02 1.2100e+02 1.1900e+02 1.2400e+02 1.2800e+02 1.2100e+02 1.1400e+02 1.1800e+02 1.2500e+02 1.2300e+02 1.2100e+02 1.1200e+02 1.2100e+02 1.2300e+02 1.1900e+02 1.2800e+02 1.2500e+02 1.3500e+02 1.2200e+02 1.0100e+02 1.1500e+02 1.2400e+02 1.2100e+02 9.9000e+01 1.2200e+02 1.2000e+02 1.0700e+02 1.2000e+02 1.1800e+02 1.1700e+02 1.1400e+02 9.9000e+01 1.1700e+02 1.1300e+02 1.2600e+02 1.0800e+02 1.2000e+02 1.4200e+02 1.2600e+02 9.8000e+01
1.1200e+02 1.2100e+02 1.2000e+02 1.1300e+02 1.2200e+02 1.1500e+02 1.1000e+02 1.3200e+02 1.2100e+02 1.1100e+02 1.3500e+02 1.1900e+02 1.0400e+02 1.2500e+02 1.0700e+02 1.1800e+02 1.0800e+02 1.2000e+02 1.1800e+02 1.2500e+02 1.1400e+02 1.2800e+02 1.2300e+02 1.2000e+02 1.1400e+02 1.2900e+02 1.3800e+02 1.3900e+02 9.9000e+01 1.2400e+02 1.0900e+02 1.2800e+02 1.2400e+02 9.9000e+01 1.0600e+02 1.0700e+02 1.2100e+02 1.1500e+02 1.2200e+02 1.1600e+02 1.1600e+02 1.2500e+02 1.1600e+02 1.2300e+02 1.3000e+02 1.1600e+02 1.0700e+02 1.2000e+02 1.1300e+02 1.0300e+02
1.4300e+02 1.2300e+02 1.1200e+02 1.0300e+02 1.1000e+02 1.3500e+02 1.3100e+02 1.1800e+02 1.1400e+02 9.9000e+01 1.1600e+02 1.3300e+02 1.1100e+02 1.2000e+02 1.3000e+02 9.7000e+01 1.2100e+02 1.3000e+02 1.1700e+02 1.1200e+02 1.0500e+02 1.1700e+02 1.0300e+02 1.1800e+02 1.2700e+02 1.3100e+02 1.1400e+02 1.3600e+02 1.3600e+02 1.1000e+02 9.5000e+01 9.7000e+01 1.3500e+02 1.1900e+02 1.1500e+02 1.3400e+02 1.2400e+02 1.3800e+02 1.0000e+02 1.0700e+02 1.2800e+02 1.1800e+02 1.1100e+02 1.2600e+02 1.1500e+02 1.1900e+02 1.3000e+02 1.1900e+02 1.1300e+02 1.0900e+02
1.0600e+02 1.0100e+02 1.1800e+02 1.2800e+02 1.2000e+02 9.7000e+01 1.2800e+02 1.0800e+02 1.2300e+02 1.1300e+02 1.3600e+02 1.2500e+02 1.2400e+02 1.2700e+02 1.0000e+02 1.0300e+02 1.0700e+02 1.2200e+02 1.1700e+02 1.1600e+02 1.2300e+02 1.2400e+02 1.3000e+02 1.1100e+02 1.2800e+02 1.1000e+02 1.3000e+02 1.1400e+02 1.3100e+02 1.0300e+02 1.2400e+02 1.1000e+02 1.0300e+02 1.1500e+02 1.1600e+02 1.4900e+02 1.2100e+02 1.3300e+02 1.1600e+02 1.2200e+02 1.4500e+02 1.1900e+02 1.1400e+02 1.2300e+02 1.1700e+02 1.3700e+02 1.0900e+02 1.3700e+02 1.0300e+02 1.0500e+02
1.0900e+02 1.0600e+02 1.1000e+02 1.2900e+02 1.3300e+02 1.0600e+02 1.2100e+02 1.2900e+02 1.3500e+02 1.2200e+02 1.1800e+02 1.3200e+02 1.3000e+02 1.0700e+02 1.2800e+02 1.1300e+02 1.2500e+02 1.3000e+02 1.1400e+02 1.1900e+02 1.3400e+02 1.2100e+02 1.1800e+02 1.2400e+02 1.3800e+02 1.2400e+02 1.0400e+02 1.0600e+02 1.1000e+02 1.2800e+02 1.3700e+02 1.2000e+02 9.8000e+01 1.2100e+02 1.0600e+02 1.2100e+02 1.4300e+02 1.0300e+02 1.1900e+02 1.2600e+02 1.3100e+02 1.2000e+02 1.3100e+02 1.2400e+02 1.2800e+02 1.1600e+02 1.3800e+02 1.1700e+02 1.1800e+02 1.0400e+02
1.2400e+02 1.1200e+02 1.4000e+02 1.0800e+02 1.2400e+02 1.0200e+02 1.1400e+02 1.2700e+02 1.1300e+02 1.1700e+02 1.1800e+02 1.2400e+02 1.0900e+02 1.3800e+02 1.4100e+02 1.2200e+02 1.1600e+02 1.2500e+02 1.2900e+02 1.2300e+02 1.2900e+02 1.1700e+02 1.2500e+02 1.2800e+02 1.3100e+02 1.2300e+02 1.0400e+02 1.1400e+02 1.2000e+02 1.2200e+02 1.2400e+02 1.3900e+02 1.1300e+02 1.1000e+02 9.4000e+01 1.2200e+02 1.1500e+02 1.2300e+02 1.0900e+02 1.2200e+02 1.3100e+02 1.2400e+02 1.1900e+02 1.3700e+02 1.1200e+02 1.1800e+02 1.4700e+02 1.3200e+02 9.9000e+01 1.1400e+02
1.2100e+02 1.1400e+02 1.2900e+02 1.2100e+02 1.1800e+02 1.3200e+02 1.1100e+02 1.2800e+02 1.1400e+02 1.1100e+02 1.1900e+02 1.2300e+02 1.1200e+02 1.2800e+02 1.4500e+02 1.1600e+02 1.1400e+02 1.2300e+02 1.0300e+02 1.3500e+02 1.1000e+02 1.4000e+02 1.1500e+02 1.0900e+02 1.1400e+02 1.2000e+02 9.7000e+01 1.0100e+02 1.1100e+02 1.1000e+02 1.3800e+02 1.3900e+02 1.2300e+02 1.2300e+02 1.2700e+02 1.0800e+02 1.2300e+02 9.3000e+01 1.3200e+02 1.2000e+02 1.1600e+02 1.2200e+02 1.1400e+02 1.3400e+02 1.2600e+02 1.1600e+02 1.1800e+02 1.1900e+02 1.2700e+02 1.0200e+02
1.4300e+02 1.1700e+02 1.0700e+02 1.1600e+02 1.2600e+02 1.3500e+02 1.3000e+02 1.1100e+02 1.3100e+02 1.1600e+02 1.1800e+02 1.1000e+02 1.1700e+02 1.2500e+02 1.2600e+02 1.1300e+02 1.2500e+02 1.3600e+02 1.4200e+02 1.4500e+02 1.4100e+02 1.1700e+02 1.1500e+02 1.2200e+02 1.0200e+02 1.4500e+02 1.2700e+02 1.1100e+02 1.0400e+02 1.2300e+02 1.1400e+02 1.2400e+02 1.2900e+02 1.2200e+02 1.1200e+02 1.2100e+02 1.2200e+02 1.2500e+02 1.3400e+02 1.2900e+02 1.2000e+02 1.0900e+02 1.1300e+02 1.1900e+02 1.0800e+02 1.0500e+02 1.2100e+02 1.2200e+02 1.1900e+02 1.2300e+02
1.2200e+02 1.2400e+02 1.0800e+02 1.1400e+02 1.2100e+02 1.2300e+02 1.0000e+02 1.1200e+02 1.1100e+02 1.3100e+02 1.0900e+02 1.0700e+02 1.2900e+02 1.1200e+02 1.1300e+02 1.3400e+02 1.1400e+02 1.2600e+02 1.1100e+02 1.4200e+02 1.1000e+02 1.3100e+02 1.0800e+02 1.0900e+02 1.0500e+02 1.3500e+02 1.2500e+02 1.2000e+02 1.3400e+02 1.0500e+02 1.2300e+02 1.3100e+02 1.2100e+02 1.3300e+02 1.2200e+02 1.0300e+02 1.1800e+02 1.1400e+02 1.1600e+02 1.2000e+02 1.3300e+02 1.4100e+02 1.1300e+02 1.0000e+02 1.1100e+02 1.0400e+02 1.1900e+02 1.0800e+02 1.1800e+02 1.2100e+02
9.9000e+01 1.2300e+02 1.2600e+02 1.1900e+02 1.1500e+02 1.1500e+02 1.1400e+02 1.1300e+02 1.1700e+02 9.9000e+01 1.1100e+02 1.0800e+02 1.1800e+02 1.2400e+02 1.0700e+02 1.3100e+02 1.0400e+02 9.6000e+01 1.0400e+02 1.0100e+02 1.2400e+02 1.1700e+02 1.1700e+02 1.2900e+02 1.1200e+02 1.2500e+02 1.2300e+02 1.1900e+02 1.2500e+02 1.2400e+02 1.2600e+02 1.2600e+02 1.4200e+02 1.3700e+02 1.1900e+02 1.1600e+02 1.1000e+02 1.2200e+02 1.3200e+02 1.2100e+02 1.2300e+02 1.2500e+02 8.8000e+01 1.0000e+02 1.0500e+02 1.2200e+02 1.1600e+02 1.2200e+02 1.0200e+02 1.2200e+02
1.1600e+02 1.1200e+02 1.2900e+02 1.3600e+02 1.2500e+02 1.0800e+02 1.2300e+02 1.4100e+02 1.2600e+02 1.2000e+02 1.3500e+02 1.1000e+02 1.1500e+02 1.2100e+02 1.2300e+02 1.2900e+02 1.2400e+02 1.0000e+02 1.2800e+02 1.0600e+02 1.2400e+02 1.3400e+02 1.2800e+02 1.4000e+02 1.0200e+02 1.0200e+02 1.0700e+02 1.0600e+02 1.2000e+02 1.1500e+02 1.3300e+02 1.3500e+02 9.6000e+01 1.2100e+02 1.2900e+02 1.2900e+02 1.2400e+02 1.3300e+02 1.4100e+02 1.2600e+02 1.2800e+02 1.1400e+02 1.2300e+02 1.1900e+02 1.2400e+02 1.2400e+02 1.2100e+02 1.4300e+02 1.2400e+02 1.1700e+02
1.1400e+02 1.1700e+02 1.2000e+02 1.2600e+02 1.1500e+02 1.0700e+02 1.1700e+02 1.2200e+02 1.3200e+02 1.2900e+02 1.1500e+02 1.1600e+02 1.2900e+02 1.4200e+02 1.0600e+02 1.0500e+02 1.4000e+02 1.2100e+02 1.0200e+02 1.1600e+02 1.0900e+02 1.0200e+02 1.1700e+02 1.0600e+02 1.0200e+02 1.0500e+02 1.2000e+02 1.2700e+02 1.2700e+02 1.1100e+02 1.4300e+02 1.2800e+02 1.4800e+02 1.2300e+02 1.3900e+02 1.2500e+02 1.1800e+02 1.4200e+02 1.0600e+02 1.0800e+02 1.2100e+02 1.2900e+02 1.3300e+02 1.4600e+02 1.1200e+02 1.0600e+02 1.2300e+02 1.3600e+02 1.1600e+02 1.2100e+02
1.3000e+02 1.1600e+02 1.1500e+02 1.3800e+02 1.1800e+02 1.3000e+02 1.1000e+02 1.1400e+02 1.1300e+02 1.1700e+02 1.0500e+02 1.2000e+02 1.0800e+02 1.2400e+02 1.2600e+02 1.3100e+02 1.1700e+02 1.1300e+02 1.2700e+02 1.1100e+02 1.1500e+02 1.2800e+02 1.1000e+02 1.3000e+02 1.1000e+02 1.2300e+02 1.2000e+02 1.1300e+02 1.2400e+02 1.3300e+02 1.3100e+02 1.1000e+02 1.1300e+02 1.3000e+02 1.1500e+02 1.0900e+02 1.2800e+02 1.1100e+02 1.3900e+02 1.1900e+02 1.0500e+02 1.2300e+02 1.0400e+02 1.2600e+02 1.1900e+02 1.3500e+02 1.4300e+02 1.0400e+02 1.4000e+02 1.1400e+02
1.2200e+02 1.1400e+02 1.2300e+02 1.1600e+02 1.2000e+02 1.5200e+02 1.2100e+02 1.2400e+02 1.1300e+02 1.2000e+02 1.0200e+02 1.1200e+02 1.1300e+02 1.3400e+02 1.2900e+02 1.0300e+02 1.0800e+02 1.3200e+02 1.2100e+02 1.2200e+02 1.2400e+02 1.3200e+02 1.2100e+02 1.0200e+02 1.2100e+02 1.0800e+02 1.0500e+02 1.1700e+02 1.2100e+02 1.2900e+02 1.3400e+02 1.1200e+02 1.3700e+02 1.2300e+02 1.1800e+02 1.2500e+02 1.1700e+02 1.3000e+02 1.2000e+02 1.2700e+02 1.3500e+02 1.2600e+02 1.0800e+02 1.0800e+02 9.2000e+01 1.1600e+02 1.2100e+02 1.1200e+02 1.0100e+02 1.1700e+02
9.6000e+01 1.0600e+02 1.1000e+02 1.2300e+02 1.2900e+02 1.1700e+02 1.2300e+02 1.1700e+02 1.0100e+02 1.2400e+02 1.2100e+02 1.3700e+02 1.1500e+02 1.2300e+02 1.2900e+02 1.2300e+02 1.3000e+02 1.2400e+02 1.1200e+02 1.2400e+02 1.1000e+02 1.0600e+02 1.1600e+02 1.2100e+02 1.1400e+02 1.0500e+02 1.0500e+02 1.1200e+02 1.4600e+02 9.9000e+01 1.2900e+02 1.2400e+02 1.1000e+02 1.2800e+02 1.1600e+02 1.2800e+02 1.1000e+02 1.1400e+02 1.3700e+02 1.0400e+02 1.3100e+02 1.3500e+02 1.3600e+02 1.1900e+02 1.1700e+02 1.1200e+02 1.1400e+02 1.1600e+02 1.1000e+02 1.0100e+02
1.3300e+02 1.2400e+02 1.3100e+02 1.0400e+02 1.2800e+02 1.2500e+02 1.2300e+02 1.0900e+02 1.2900e+02 1.1400e+02 1.1800e+02 1.4000e+02 1.2200e+02 1.2300e+02 1.4100e+02 1.2600e+02 1.1700e+02 1.0600e+02 1.3900e+02 1.1500e+02 1.4100e+02 1.3300e+02 1.2100e+02 1.1400e+02 1.1900e+02 1.1200e+02 1.1300e+02 1.0900e+02 1.2400e+02 1.1500e+02 1.2500e+02 1.0400e+02 1.1800e+02 1.1900e+02 1.3500e+02 1.2200e+02 1.2800e+02 1.0900e+02 1.4300e+02 1.0900e+02 1.1300e+02 1.2500e+02 1.2700e+02 1.1800e+02 1.2900e+02 1.1900e+02 1.1500e+02 1.1900e+02 1.0000e+02 1.2600e+02
