2.9310e-01 5.0000e-02 2.8431e-01 3.7008e-01 2.1495e-01 7.6106e-01 8.8000e-01 2.1186e-01 1.6216e-01 1.3077e-01 5.0862e-01 2.1642e-01 1.4388e-01 2.2881e-01 4.2857e-01 5.9542e-01 2.8358e-01 1.7293e-01 1.0938e-01 1.4545e-01 2.3478e-01 2.7273e-01 5.6075e-02 2.5641e-01 8.1818e-02 2.5373e-01 3.4615e-01 1.0092e-01 3.7500e-01 4.1880e-01 2.1374e-01 3.1429e-01 2.7778e-01 4.9565e-01 4.1667e-01 4.7967e-01 1.1679e-01 6.0800e-01 9.0780e-01 5.8824e-01 1.9549e-01 1.7094e-01 6.3115e-01 1.5455e-01 3.6429e-01 3.9831e-01 4.8980e-01 5.0893e-01 2.3016e-01 2.0155e-01
2.7778e-01 9.7902e-02 1.5385e-02 5.4545e-01 4.6715e-01 5.9712e-01 1.6814e-01 2.7869e-01 2.7679e-01 4.3810e-01 2.6364e-01 6.1538e-01 1.1200e-01 6.8627e-02 2.8283e-01 4.7706e-01 5.8140e-01 1.8898e-01 9.8485e-02 2.4219e-01 6.6372e-01 3.3613e-01 2.5000e-01 2.2378e-01 3.5821e-01 3.4211e-01 2.6613e-01 3.1746e-01 2.7966e-01 8.7591e-01 1.7213e-01 9.4872e-01 4.6341e-01 3.8760e-02 1.0000e+00 1.6514e-01 1.7600e-01 5.8182e-01 1.0000e+00 1.4729e-01 3.8462e-02 7.9365e-02 7.9675e-01 4.7222e-01 7.5962e-01 3.4146e-01 1.2121e-01 2.2018e-01 1.8584e-01 7.9365e-02
2.2951e-01 6.2500e-02 9.5238e-02 1.7931e-01 1.2037e-01 4.9180e-01 4.4928e-01 1.8182e-01 2.8986e-02 1.5827e-01 3.0000e-01 1.2712e-01 7.3171e-02 5.6911e-02 5.8824e-02 4.2609e-01 1.6393e-01 2.3810e-01 1.8182e-01 6.4220e-02 3.0000e-01 4.8387e-01 1.5079e-01 2.5000e-01 1.6541e-01 2.9293e-01 1.1667e-01 6.4815e-02 2.0290e-01 7.5439e-01 1.5833e-01 2.0149e-01 9.7561e-02 1.7054e-01 2.8571e-01 3.1193e-01 3.3333e-02 5.2941e-01 6.6667e-01 3.4351e-01 1.8692e-02 3.7037e-02 6.4865e-01 3.6066e-01 2.2764e-01 1.0619e-01 1.8018e-01 2.0339e-01 1.1818e-01 1.5603e-01
2.4545e-01 0.0000e+00 5.0420e-02 4.7170e-02 1.9048e-01 1.8018e-02 6.7010e-01 5.4688e-02 1.4961e-01 2.6087e-02 1.0078e-01 2.9310e-01 0.0000e+00 2.2464e-01 9.7561e-02 3.2787e-01 5.8394e-02 8.3333e-02 1.2871e-01 5.6000e-02 1.1024e-01 1.6260e-01 3.0645e-01 9.0164e-02 9.7561e-02 2.9851e-02 2.1818e-01 0.0000e+00 3.1746e-02 5.8491e-01 2.1277e-02 8.7302e-02 0.0000e+00 3.2000e-02 4.3443e-01 1.3043e-01 0.0000e+00 0.0000e+00 3.5345e-01 3.4545e-01 0.0000e+00 0.0000e+00 4.1791e-01 1.7241e-02 3.0769e-02 3.4821e-01 7.6271e-02 1.6667e-01 8.3333e-03 6.5574e-02
2.9825e-01 1.2295e-01 1.9469e-01 2.0833e-01 3.2374e-01 3.0252e-01 1.0000e+00 1.6935e-01 2.1311e-01 1.5328e-01 2.1008e-01 8.1301e-02 3.1746e-02 2.1622e-01 4.1667e-01 3.4211e-01 1.0680e-01 7.7519e-02 1.6901e-01 4.1667e-02 2.5984e-01 2.5735e-01 2.4138e-01 1.9200e-01 1.3433e-01 1.6814e-01 2.8829e-01 2.4444e-01 8.4286e-01 5.3684e-01 9.0909e-02 1.0484e-01 1.5556e-01 1.5929e-01 6.7460e-01 2.1739e-01 4.2553e-02 3.3884e-01 1.0000e+00 2.2689e-01 5.0420e-02 2.5000e-01 5.9677e-01 1.0924e-01 3.1343e-01 2.3729e-01 2.8333e-01 2.4409e-01 1.4286e-01 1.5702e-01
2.5197e-01 9.5238e-02 2.8846e-02 1.3393e-01 3.2787e-01 2.1951e-01 3.5922e-01 7.4766e-02 2.5000e-01 1.5254e-01 3.2500e-01 2.2018e-01 9.1667e-02 0.0000e+00 1.6406e-01 3.5971e-01 2.6549e-02 8.8235e-02 1.2214e-01 7.2072e-02 1.1382e-01 1.3235e-01 1.2195e-01 8.4034e-02 3.9683e-02 8.9286e-02 1.4706e-02 2.0635e-01 5.4688e-02 2.6733e-01 2.2222e-01 2.3077e-01 1.2698e-01 0.0000e+00 2.6531e-01 3.0508e-01 9.7561e-02 1.7949e-01 6.4103e-01 7.8571e-01 4.2373e-02 4.3478e-02 4.4000e-01 1.1628e-01 4.1129e-01 2.6154e-01 2.7500e-01 2.6446e-01 3.3333e-02 9.1743e-03
4.1935e-01 2.3438e-02 2.4000e-01 3.5398e-02 2.5210e-02 3.1250e-01 1.8548e-01 0.0000e+00 0.0000e+00 0.0000e+00 3.1707e-01 0.0000e+00 6.2500e-02 1.5517e-01 0.0000e+00 1.3333e-01 0.0000e+00 0.0000e+00 2.5862e-02 1.2821e-01 7.4627e-02 0.0000e+00 1.2000e-01 3.6364e-02 1.7699e-02 1.4815e-01 0.0000e+00 3.6036e-02 6.4220e-02 4.2063e-01 2.0408e-02 0.0000e+00 0.0000e+00 2.6804e-01 0.0000e+00 7.4074e-02 0.0000e+00 1.8692e-01 0.0000e+00 1.9048e-01 7.8740e-03 0.0000e+00 7.4627e-02 0.0000e+00 0.0000e+00 6.4035e-01 1.7692e-01 1.9626e-01 4.1237e-02 1.0084e-01
1.3115e-01 8.2645e-02 8.9431e-02 2.1667e-01 1.3223e-01 2.0690e-01 1.7857e-01 8.1301e-02 1.6667e-02 7.2000e-02 2.0567e-01 1.1712e-01 1.8750e-01 3.4188e-02 3.1008e-02 2.7119e-01 9.0164e-02 1.1382e-01 3.9216e-02 5.2632e-02 9.2593e-02 1.8421e-01 1.8254e-01 8.6614e-02 3.4965e-02 7.6190e-02 8.9286e-03 9.4488e-02 1.5966e-01 3.0159e-01 1.3084e-01 2.2388e-01 8.3333e-02 8.0645e-03 1.0909e-01 7.3529e-02 2.3438e-02 2.2556e-01 4.3089e-01 1.5625e-02 5.5118e-02 2.8037e-02 7.5630e-02 9.4203e-02 4.6729e-02 1.5504e-02 4.6154e-02 8.4507e-02 3.7037e-02 7.8125e-02
9.0278e-02 1.9672e-01 5.4054e-02 1.6102e-01 3.5833e-01 7.5630e-02 5.5556e-01 1.4286e-01 1.8182e-01 2.7778e-02 9.6296e-02 1.1927e-01 3.6765e-02 1.1765e-01 1.6667e-01 4.2149e-01 1.2000e-01 7.8125e-02 9.9099e-02 6.4000e-02 1.1712e-01 2.4219e-01 4.0000e-02 1.9048e-01 1.2800e-01 2.1488e-01 7.2000e-02 1.5873e-01 1.4925e-01 2.1429e-01 8.9431e-02 2.6772e-01 1.8657e-01 2.4615e-01 2.8333e-01 2.7184e-01 8.4034e-02 2.2115e-01 8.8235e-02 5.3097e-02 4.8780e-02 1.9355e-01 7.2993e-02 1.2593e-01 5.8095e-01 3.0769e-02 1.2977e-01 1.4286e-01 4.8000e-02 1.4583e-01
1.7808e-01 1.0526e-01 2.9703e-02 3.1452e-01 6.5789e-01 2.5510e-01 3.7302e-01 2.5547e-01 2.1000e-01 1.8110e-01 2.5581e-01 1.6667e-01 2.1311e-01 7.4627e-02 2.1088e-01 3.5606e-01 6.9767e-02 1.6667e-01 1.3636e-01 2.7419e-01 1.8321e-01 4.5390e-01 1.9200e-01 1.8644e-01 7.2072e-02 2.2857e-01 1.4035e-01 1.0317e-01 1.9130e-01 2.0513e-01 1.2000e-01 2.0635e-01 2.0000e-01 1.5702e-01 2.8125e-01 2.8448e-01 6.2992e-02 4.3636e-01 5.8036e-01 1.1667e-01 1.1111e-01 9.2437e-02 3.2743e-01 1.9328e-01 2.5510e-01 1.8750e-01 3.1655e-01 2.0930e-01 1.7054e-01 3.1092e-01
9.0769e-01 1.7105e-01 3.3600e-01 8.1452e-01 2.3770e-01 3.0252e-01 8.7288e-01 7.4380e-02 3.0400e-01 2.9060e-01 2.0155e-01 3.6111e-01 8.0645e-02 2.1642e-01 8.7770e-01 6.2687e-01 3.1452e-01 5.2427e-01 5.9259e-01 6.0870e-02 7.0769e-01 7.9279e-01 4.9038e-01 9.3284e-01 4.8077e-01 3.3824e-01 7.5207e-01 3.0909e-01 9.4891e-02 5.0962e-01 7.7049e-01 7.8761e-01 3.7815e-01 5.9794e-01 4.2969e-01 6.2585e-01 2.1186e-01 5.6780e-01 7.9839e-01 7.8788e-01 0.0000e+00 8.0952e-01 6.1789e-01 6.7826e-01 5.2991e-01 6.4486e-01 4.0000e-01 7.5912e-01 5.0000e-01 2.4545e-01
2.3529e-01 7.0866e-02 1.1111e-01 1.2121e-01 2.1429e-01 5.5372e-01 3.9062e-01 1.0000e-01 0.0000e+00 6.2992e-02 2.8906e-01 3.0172e-01 7.9365e-02 0.0000e+00 3.2558e-01 6.5179e-01 1.0744e-01 1.2963e-01 2.2727e-01 3.5714e-02 3.1356e-01 2.8829e-01 2.5210e-01 1.7323e-01 1.9310e-01 2.1094e-01 3.9416e-01 5.6075e-02 4.2529e-01 3.1897e-01 1.3542e-01 1.2308e-01 0.0000e+00 8.3333e-02 4.5455e-01 2.0721e-01 0.0000e+00 5.4622e-01 5.4545e-01 9.9174e-02 0.0000e+00 2.8205e-01 1.3008e-01 1.7241e-02 0.0000e+00 1.6935e-01 9.6774e-02 1.8919e-01 3.8462e-01 2.2330e-01
7.7273e-01 7.8740e-01 7.3984e-01 3.7634e-01 6.7290e-01 7.9000e-01 6.8462e-01 7.2034e-01 4.6774e-01 8.0165e-01 4.0602e-01 5.5963e-01 5.7812e-01 7.4046e-01 6.6667e-01 5.0769e-01 6.3559e-01 3.9423e-01 7.2131e-01 8.0180e-01 6.0294e-01 4.8201e-01 6.0976e-01 6.2281e-01 8.1739e-01 8.3607e-01 4.3333e-01 4.8182e-01 6.5179e-01 6.9784e-01 7.7273e-01 8.5470e-01 7.4138e-01 4.7967e-01 6.0811e-01 4.7748e-01 7.6860e-01 7.9032e-01 8.0172e-01 7.7165e-01 6.6667e-01 8.6897e-01 3.4815e-01 7.5962e-01 4.4444e-01 5.7937e-01 7.5610e-01 4.1176e-01 6.6917e-01 7.2951e-01
1.3115e-01 1.6541e-01 1.3043e-01 4.6602e-01 4.3182e-01 3.2203e-01 1.0345e-01 1.7094e-01 1.6346e-01 3.4906e-01 1.7730e-01 3.7594e-01 9.0909e-02 2.0168e-01 4.2017e-01 3.9048e-01 1.8182e-01 2.0690e-01 5.1282e-02 8.6957e-02 1.0400e-01 6.0000e-01 1.7391e-01 4.1121e-01 2.9851e-01 2.2321e-01 2.4576e-01 3.0769e-01 1.9820e-01 5.3271e-01 1.7241e-01 2.8125e-01 3.4862e-01 9.6491e-02 3.9167e-01 2.9921e-01 6.2016e-02 7.0588e-01 7.3282e-01 7.4074e-01 3.7383e-02 1.0185e-01 5.0862e-01 1.4655e-01 4.9541e-01 6.0305e-01 8.9286e-02 3.3333e-01 4.8387e-02 1.0569e-01
1.8487e-01 1.8966e-01 3.4426e-01 4.5652e-01 2.9008e-01 2.2556e-01 6.4151e-01 2.1008e-01 3.1250e-01 2.2314e-01 4.3750e-01 1.8966e-01 3.7398e-01 4.7682e-01 2.3704e-01 2.6471e-01 1.5504e-01 1.6190e-01 3.1356e-01 3.6667e-01 1.5625e-01 2.4806e-01 2.2772e-01 3.2394e-01 2.0161e-01 3.4513e-01 2.8333e-01 3.8519e-01 1.5888e-01 2.2297e-01 2.8829e-01 3.0702e-01 3.1683e-01 1.2319e-01 3.1000e-01 2.4561e-01 1.6807e-01 6.1832e-01 5.9504e-01 3.3636e-01 2.1374e-01 2.3256e-01 4.9515e-01 4.0870e-01 5.6303e-01 1.8898e-01 5.0370e-01 2.6724e-01 6.4122e-01 2.5000e-01
9.1743e-03 3.1250e-02 7.8125e-02 1.1650e-01 2.4107e-01 1.7213e-01 5.7600e-01 7.4468e-02 6.0345e-02 1.1024e-01 1.9084e-01 1.1570e-01 3.8168e-02 7.7519e-02 5.1961e-01 2.6891e-01 1.1719e-01 5.8394e-02 1.1667e-01 2.0513e-01 3.5455e-01 2.1168e-01 8.8000e-02 2.1368e-01 1.1966e-01 1.0345e-01 1.7742e-01 1.4019e-01 1.4545e-01 1.4530e-01 3.6036e-02 1.5888e-01 1.3043e-01 6.6912e-01 8.4034e-01 2.4561e-01 4.0984e-02 8.0645e-01 7.4783e-01 9.8485e-02 0.0000e+00 2.3622e-02 6.9065e-01 8.6331e-02 7.0588e-01 1.6949e-02 8.4507e-02 7.4194e-01 1.7699e-02 1.2097e-01
8.5714e-02 4.5872e-02 8.1967e-02 7.4380e-02 5.7851e-02 1.0959e-01 4.4776e-02 1.0526e-01 9.0909e-03 1.2121e-01 4.2982e-01 8.3969e-02 1.8254e-01 2.2556e-01 2.5203e-01 0.0000e+00 1.1215e-01 8.2707e-02 8.4615e-02 6.7797e-02 1.7424e-01 0.0000e+00 5.7377e-02 3.8760e-02 1.4400e-01 9.6491e-02 0.0000e+00 1.9355e-01 1.0156e-01 8.5714e-02 6.6038e-02 1.1111e-01 8.3333e-02 9.0226e-02 1.3559e-01 7.6271e-02 1.6949e-02 0.0000e+00 1.1927e-01 0.0000e+00 0.0000e+00 0.0000e+00 0.0000e+00 1.7797e-01 0.0000e+00 2.4107e-01 1.3571e-01 1.8939e-01 1.1200e-01 1.1207e-01
4.4882e-01 8.4706e-01 8.8496e-02 7.1667e-01 7.5000e-01 4.9600e-01 4.9573e-01 8.0702e-01 2.4603e-01 4.0650e-02 6.8421e-01 4.7458e-01 4.2857e-01 7.2549e-01 1.7143e-01 7.9817e-01 4.7059e-01 9.7744e-02 2.1311e-01 3.9370e-02 1.5385e-01 1.7054e-01 3.3708e-02 1.7094e-01 7.2527e-01 4.7967e-01 2.1008e-01 5.0435e-01 1.2977e-01 4.1176e-01 0.0000e+00 4.6923e-01 2.5424e-02 2.1583e-01 2.5000e-01 7.0161e-01 7.9851e-01 0.0000e+00 5.0862e-01 7.9646e-02 7.4627e-03 1.2500e-01 6.9524e-01 0.0000e+00 1.0000e+00 5.5833e-01 4.2373e-02 7.3333e-01 5.0820e-01 5.0413e-01
2.4752e-01 1.2698e-01 6.1404e-02 2.3016e-01 2.4107e-01 1.0435e-01 1.8182e-01 0.0000e+00 9.7345e-02 0.0000e+00 5.4839e-01 3.3898e-02 0.0000e+00 6.7669e-02 1.9231e-01 5.2899e-01 3.2258e-02 0.0000e+00 0.0000e+00 6.5574e-02 6.1538e-02 2.1008e-01 0.0000e+00 9.0909e-02 6.8702e-02 3.5088e-02 2.2901e-02 4.7619e-02 9.6154e-02 4.2537e-01 3.1496e-02 2.8846e-02 6.0345e-02 8.1301e-02 2.2034e-01 5.7143e-02 0.0000e+00 4.5455e-02 4.9265e-01 1.4706e-01 4.2857e-02 9.6774e-02 4.6094e-01 0.0000e+00 1.3559e-01 2.3729e-01 1.4019e-01 6.0870e-02 2.5210e-02 5.2239e-02
2.5490e-01 1.6393e-02 3.2258e-02 9.2593e-02 2.0000e-01 1.3492e-01 2.1429e-01 1.1504e-01 4.7619e-02 4.3103e-02 3.2456e-01 1.9492e-01 4.0000e-02 3.2787e-02 3.1858e-01 2.1324e-01 3.5088e-02 4.3103e-02 5.4688e-02 5.3846e-02 8.0645e-02 1.0435e-01 7.2000e-02 2.0175e-01 3.8462e-02 1.6216e-01 3.3613e-02 9.1743e-02 2.0290e-01 1.7600e-01 4.7619e-02 1.0400e-01 9.1743e-03 6.5574e-02 7.9646e-02 4.3860e-02 6.7669e-02 1.3208e-01 1.5315e-01 1.9697e-01 6.6667e-02 4.3011e-02 1.5686e-01 1.6418e-01 1.2500e-01 7.3770e-02 1.0345e-01 7.4627e-02 3.9370e-02 2.5641e-02
3.1776e-01 2.9703e-02 8.0357e-02 6.4000e-02 7.0796e-02 6.4463e-01 4.5802e-01 5.6000e-02 3.4483e-02 2.3077e-02 5.5118e-01 4.5045e-02 0.0000e+00 1.7391e-01 0.0000e+00 8.4496e-01 1.5254e-01 1.3953e-01 6.6667e-02 1.3861e-01 3.5433e-01 1.0744e-01 1.1017e-01 5.8333e-02 2.4793e-01 1.3115e-01 5.5556e-02 8.1633e-02 1.0400e-01 1.2121e-01 1.0870e-01 2.0000e-01 1.6505e-01 2.6087e-02 2.9000e-01 2.5424e-01 3.4343e-01 2.5000e-01 1.3846e-01 9.0909e-02 3.0973e-01 9.6296e-02 2.8689e-01 3.8462e-01 2.2556e-01 3.1000e-01 3.8462e-01 1.7986e-01 8.1301e-02 7.3684e-01
4.0541e-01 9.5238e-02 1.8750e-01 5.3077e-01 5.9200e-01 1.5873e-01 4.4554e-01 2.2430e-01 1.3043e-01 1.4679e-01 2.1186e-01 1.4173e-01 2.3256e-02 1.9403e-01 3.2353e-01 4.6939e-01 8.2569e-02 2.0325e-01 3.2258e-02 1.3043e-01 1.1364e-01 2.0192e-01 2.2609e-01 2.5191e-01 1.7647e-01 3.2558e-01 3.4862e-01 1.2319e-01 1.8182e-01 1.9008e-01 4.7170e-02 3.0631e-01 1.8919e-01 1.0000e+00 5.7658e-01 3.0645e-01 7.2917e-02 7.2973e-01 6.9343e-01 3.0081e-01 3.0769e-01 1.6379e-01 4.0152e-01 9.0090e-02 4.8837e-01 2.0183e-01 8.5714e-02 3.5537e-01 6.0606e-02 6.6667e-02
3.4211e-01 7.2072e-02 2.8829e-01 5.0394e-01 4.0625e-01 3.3333e-01 2.3485e-01 1.8103e-01 3.3628e-01 3.6667e-01 1.4844e-01 1.2879e-01 5.5046e-02 1.9403e-01 3.1496e-01 5.2459e-01 4.8696e-01 2.3423e-01 1.0569e-01 4.0602e-01 2.0455e-01 2.6471e-01 5.3968e-01 5.1724e-01 2.6866e-01 4.0741e-01 2.8671e-01 3.6792e-01 3.9837e-01 6.5812e-01 1.7094e-01 7.5214e-01 5.3488e-01 1.0526e-01 7.7670e-01 5.0413e-01 1.5574e-01 6.6154e-01 2.3478e-01 5.3333e-01 2.3077e-01 1.5888e-01 5.0365e-01 1.3675e-01 5.2679e-01 1.3393e-01 1.5079e-01 3.1250e-01 1.3043e-01 3.9062e-02
3.4483e-02 2.1277e-02 0.0000e+00 8.7719e-03 7.8740e-02 6.1345e-01 5.9231e-01 2.5439e-01 3.0275e-01 4.2553e-02 5.0370e-01 2.2388e-02 0.0000e+00 1.8349e-01 6.6055e-01 4.2373e-02 4.1593e-01 0.0000e+00 1.5126e-01 6.0714e-01 3.9474e-01 6.2295e-01 6.2500e-01 1.1538e-01 1.8280e-01 6.7769e-01 4.7222e-01 4.3307e-01 5.4545e-02 2.2500e-01 3.7903e-01 1.7241e-02 1.5038e-01 0.0000e+00 3.8136e-01 7.0769e-01 1.8269e-01 1.6129e-02 7.2277e-01 2.5410e-01 0.0000e+00 0.0000e+00 1.4035e-01 0.0000e+00 1.7323e-01 1.4286e-01 6.6667e-01 4.0000e-01 2.9412e-01 2.7193e-01
1.5833e-01 6.8966e-02 2.2321e-01 7.4380e-02 4.0800e-01 2.0000e-01 3.5714e-01 4.1322e-02 8.8710e-02 4.9315e-01 2.2388e-01 4.5033e-01 3.2787e-02 2.0000e-01 3.9098e-01 2.9524e-01 1.0000e-01 4.9505e-02 9.5652e-02 6.9767e-02 1.1667e-01 1.4407e-01 5.8333e-02 1.9048e-01 8.6331e-02 1.6949e-01 2.9915e-01 6.0317e-01 1.3008e-01 1.3043e-01 8.9431e-02 3.4959e-01 1.6522e-01 9.9099e-02 6.9231e-01 3.7288e-01 1.5625e-02 1.0000e+00 1.0000e+00 5.3435e-02 4.1322e-02 2.0968e-01 5.7500e-01 9.0090e-02 1.0000e+00 1.9328e-01 2.3894e-01 1.8803e-01 5.9701e-02 2.3622e-02
7.5000e-01 1.0000e-01 2.7273e-01 6.7769e-01 8.1416e-01 7.4312e-01 8.4158e-01 2.6154e-01 9.1667e-02 6.1481e-01 2.9688e-01 6.5254e-01 3.2258e-01 1.2500e-01 3.6885e-01 5.7143e-01 2.3438e-01 1.8254e-01 8.5938e-02 2.2963e-01 2.7679e-01 2.8800e-01 2.1849e-01 6.7826e-01 3.8843e-01 3.4653e-01 2.3622e-01 2.2881e-01 2.5455e-01 4.8673e-01 5.7851e-02 4.4554e-01 2.4390e-01 4.1221e-01 7.2143e-01 6.5138e-01 1.4167e-01 9.3750e-01 9.9153e-01 7.7953e-01 1.6814e-01 1.0345e-01 7.2807e-01 3.6735e-01 7.0536e-01 6.7969e-01 2.7273e-01 6.7424e-01 4.2991e-01 2.3846e-01
2.4324e-01 1.6667e-01 0.0000e+00 0.0000e+00 2.2500e-01 3.9394e-01 6.9748e-01 8.1967e-02 1.1504e-01 0.0000e+00 2.2951e-01 1.1712e-01 1.1200e-01 0.0000e+00 4.1221e-01 4.0426e-01 0.0000e+00 4.9587e-02 9.9237e-02 1.0924e-01 9.0090e-02 8.5271e-02 0.0000e+00 1.3386e-01 6.2016e-02 2.3364e-01 0.0000e+00 4.2017e-02 3.1897e-01 3.5156e-01 5.0000e-02 1.5267e-02 0.0000e+00 1.8692e-01 5.7143e-01 3.3065e-01 0.0000e+00 5.0450e-01 1.7647e-01 0.0000e+00 0.0000e+00 3.7143e-01 1.7241e-01 2.0800e-01 0.0000e+00 1.9091e-01 1.9853e-01 2.0000e-01 1.3600e-01 9.0090e-03
1.7073e-01 2.4590e-02 7.9710e-02 8.4906e-02 1.5200e-01 1.3208e-01 1.8018e-01 5.7971e-02 5.0420e-02 9.8485e-02 2.0455e-01 1.3934e-01 0.0000e+00 4.3478e-02 1.4679e-01 8.6207e-02 2.3256e-02 0.0000e+00 6.8376e-02 1.8939e-01 1.7500e-01 9.3458e-02 0.0000e+00 8.3333e-02 1.0169e-01 2.0000e-01 0.0000e+00 1.0256e-01 9.9099e-02 2.5714e-01 9.4340e-02 5.6604e-02 3.8760e-02 0.0000e+00 1.6667e-01 0.0000e+00 5.1724e-02 2.0149e-01 3.9316e-01 0.0000e+00 1.4159e-01 2.6126e-01 3.3981e-01 1.6923e-01 2.3200e-01 6.0800e-01 1.2712e-01 2.2727e-01 1.2037e-01 0.0000e+00
3.9496e-01 1.5267e-01 4.3103e-01 7.0833e-01 6.2609e-01 6.3333e-01 8.0165e-01 3.1061e-01 3.0189e-01 6.2602e-01 5.6034e-01 5.6800e-01 3.2110e-01 2.6562e-01 6.2766e-01 4.0650e-01 4.1176e-01 2.5510e-01 2.6718e-01 4.0385e-01 3.5606e-01 3.1933e-01 1.8627e-01 3.2174e-01 5.3488e-01 3.4109e-01 4.6721e-01 4.1071e-01 3.5965e-01 3.8710e-01 2.6364e-01 3.9167e-01 3.9837e-01 4.0000e-01 5.8654e-01 4.0000e-01 1.6981e-01 5.2212e-01 6.7213e-01 5.2727e-01 4.5082e-01 2.9412e-01 3.8889e-01 4.4697e-01 5.4032e-01 4.5536e-01 4.5968e-01 3.3884e-01 3.4513e-01 3.6719e-01
2.8182e-01 1.1429e-01 1.8103e-01 2.1774e-01 2.3308e-01 3.4000e-01 6.6400e-01 1.8919e-01 4.0404e-01 2.3636e-01 5.3719e-01 3.2787e-01 1.5447e-01 1.3953e-01 2.6364e-01 3.4188e-01 2.0635e-01 2.6357e-01 1.5200e-01 1.4423e-01 3.8393e-01 4.1803e-01 1.0569e-01 1.6393e-01 2.3009e-01 2.1930e-01 5.0000e-01 1.5126e-01 4.7101e-01 6.3359e-01 4.8000e-02 2.6016e-01 2.1667e-01 9.7826e-02 6.9697e-01 2.9921e-01 1.2295e-01 3.1193e-01 6.6102e-01 2.7559e-01 1.3710e-01 1.6822e-01 4.9565e-01 2.4638e-01 6.6406e-01 1.5873e-01 4.2609e-01 4.1509e-01 6.2500e-02 1.5652e-01
1.9835e-01 2.0000e-01 5.8824e-02 1.8367e-01 2.0325e-01 2.2137e-01 7.7519e-01 2.2131e-01 1.8803e-01 7.3333e-01 9.3939e-01 1.4474e-01 8.4615e-02 3.6522e-01 7.1429e-01 8.8073e-01 1.5126e-01 1.3043e-01 9.9174e-02 2.4779e-01 7.4590e-01 1.8182e-01 1.6949e-01 1.0606e-01 7.2650e-01 2.8205e-01 2.1296e-01 1.3386e-01 2.0870e-01 6.1864e-01 2.5620e-01 3.1731e-01 4.0870e-01 1.3077e-01 6.9811e-01 6.9925e-01 2.6786e-02 8.3898e-01 7.6692e-01 3.5294e-01 1.9118e-01 1.9841e-01 7.3016e-01 3.2110e-01 9.2233e-01 2.9323e-01 7.7982e-01 8.0000e-01 2.1622e-01 3.5385e-01
3.3645e-01 2.3009e-01 2.1600e-01 3.6441e-01 4.6970e-01 3.7931e-01 7.6786e-01 1.8692e-01 2.9245e-01 3.0833e-01 3.0000e-01 5.4545e-01 3.6275e-01 2.0339e-01 7.6923e-01 8.2171e-01 1.1200e-01 7.9208e-02 8.4112e-02 1.8939e-01 1.6260e-01 2.1168e-01 2.9245e-01 1.2037e-01 2.2936e-01 5.4412e-01 1.0294e-01 2.1600e-01 3.7143e-01 8.5950e-01 1.9820e-01 2.8571e-01 1.9318e-01 6.5248e-01 6.7213e-01 6.2931e-01 1.0345e-01 7.9675e-01 8.8596e-01 3.6937e-01 7.5630e-02 1.8261e-01 7.0536e-01 3.1061e-01 5.9124e-01 2.1429e-01 4.0000e-01 6.3433e-01 7.8947e-02 2.8814e-01
2.6613e-01 7.0000e-02 1.3115e-01 4.1525e-01 1.9580e-01 5.5000e-01 4.6429e-01 1.9328e-01 9.6296e-02 1.7143e-01 2.8148e-01 2.3333e-01 1.2698e-01 1.8400e-01 3.7500e-01 6.1468e-01 9.7744e-02 6.0000e-02 8.4034e-02 8.1301e-03 1.4655e-01 1.6935e-01 1.5200e-01 1.7164e-01 5.9829e-02 2.9268e-01 2.8571e-01 9.9237e-02 3.0894e-01 5.1887e-01 1.5126e-01 9.0164e-02 2.4390e-02 1.0784e-01 6.6129e-01 7.0866e-02 3.2787e-02 1.5200e-01 8.1982e-01 9.5238e-02 4.5802e-02 3.1818e-01 1.4050e-01 2.5424e-02 3.6296e-01 3.6364e-01 2.1368e-01 1.2389e-01 2.4000e-02 6.3063e-02
6.6912e-01 6.3107e-01 7.2642e-01 7.8333e-01 7.0248e-01 5.8042e-01 5.7282e-01 8.5849e-01 6.4407e-01 7.3438e-01 6.1682e-01 7.1014e-01 8.1955e-01 6.3115e-01 6.3636e-01 8.6441e-01 3.4821e-01 6.9355e-01 6.2810e-01 6.0902e-01 5.3846e-01 6.6346e-01 6.6667e-01 7.1429e-01 4.0945e-01 7.0000e-01 4.2143e-01 3.5821e-01 6.4865e-01 5.3600e-01 6.1475e-01 4.1912e-01 7.5455e-01 6.5138e-01 6.3194e-01 6.0000e-01 6.3281e-01 5.4545e-01 6.6667e-01 7.0476e-01 6.5094e-01 3.9496e-01 7.3016e-01 7.8512e-01 4.1121e-01 6.7290e-01 6.6038e-01 6.6981e-01 6.2609e-01 7.0588e-01
2.1053e-01 0.0000e+00 0.0000e+00 1.7797e-01 0.0000e+00 2.1168e-01 1.2214e-01 6.6667e-02 1.4706e-01 1.4815e-01 9.4340e-03 1.6529e-01 0.0000e+00 0.0000e+00 1.2500e-01 3.0579e-01 0.0000e+00 0.0000e+00 0.0000e+00 0.0000e+00 9.0909e-02 1.4286e-01 0.0000e+00 1.0569e-01 0.0000e+00 4.6875e-02 0.0000e+00 7.4074e-02 4.9180e-02 0.0000e+00 2.6087e-01 6.4516e-02 1.6529e-01 0.0000e+00 2.5410e-01 1.4167e-01 0.0000e+00 0.0000e+00 0.0000e+00 1.2821e-01 0.0000e+00 0.0000e+00 3.2479e-01 3.7168e-01 2.8571e-01 1.3889e-01 7.5000e-02 1.4085e-01 5.5556e-02 0.0000e+00
7.5893e-01 7.6860e-01 7.8333e-01 8.2301e-01 9.2623e-01 1.0000e+00 1.0000e+00 8.1818e-01 7.9339e-01 8.6486e-01 8.5185e-01 9.2437e-01 8.4615e-01 6.9600e-01 9.9065e-01 7.8814e-01 7.7778e-01 8.2500e-01 1.0000e+00 9.1200e-01 1.0000e+00 7.0312e-01 8.7805e-01 8.8333e-01 8.2456e-01 9.9225e-01 8.6957e-01 8.9209e-01 8.0808e-01 1.0000e+00 8.1651e-01 9.8438e-01 8.1452e-01 8.1818e-01 9.0566e-01 8.5981e-01 9.3388e-01 8.2609e-01 1.0000e+00 5.9483e-01 8.3621e-01 9.5200e-01 7.4138e-01 7.7236e-01 7.6923e-01 8.4483e-01 7.1028e-01 7.9167e-01 8.0531e-01 1.0000e+00
9.7902e-02 0.0000e+00 0.0000e+00 3.3010e-01 0.0000e+00 8.8889e-02 2.7481e-01 6.7797e-02 1.0526e-01 2.5253e-01 1.6379e-01 0.0000e+00 1.2613e-01 0.0000e+00 5.3846e-01 1.5464e-01 1.3223e-01 3.7692e-01 1.6239e-01 2.1429e-01 3.2381e-01 1.5385e-01 0.0000e+00 2.6271e-01 3.9370e-02 1.3740e-01 2.5439e-01 0.0000e+00 0.0000e+00 1.0909e-01 0.0000e+00 2.4742e-01 3.4815e-01 2.5210e-02 2.0870e-01 2.9851e-01 5.6452e-02 8.6957e-02 5.3000e-01 3.1776e-01 0.0000e+00 3.3051e-01 3.5135e-01 5.5556e-02 4.6957e-01 7.5630e-02 3.3846e-01 2.6050e-01 8.8496e-03 2.8440e-01
1.3208e-01 1.0891e-01 2.1186e-01 4.8438e-01 1.4167e-01 8.1443e-01 7.9688e-01 3.7037e-01 1.7073e-01 1.9469e-01 5.0000e-01 3.9200e-01 8.8710e-02 2.9921e-01 5.4000e-01 5.9223e-01 9.3458e-02 2.2131e-01 3.2479e-01 1.1207e-01 2.7642e-01 4.8387e-01 2.5385e-01 5.4955e-01 4.2969e-01 4.0000e-01 2.6923e-01 9.6491e-02 4.2748e-01 3.0097e-01 1.2097e-01 3.7273e-01 3.2039e-01 1.2174e-01 6.1207e-01 3.8255e-01 3.8843e-01 4.7368e-01 7.5862e-01 5.5738e-01 1.4483e-01 1.5966e-01 7.6316e-01 2.6829e-01 5.0427e-01 3.0657e-01 4.4954e-01 4.8175e-01 2.7184e-01 4.6667e-01
6.4220e-01 8.9623e-01 7.7273e-01 5.9690e-01 2.3308e-01 7.8302e-01 8.5950e-01 3.6434e-01 7.4815e-01 8.3607e-01 1.5254e-01 7.2727e-01 7.4615e-01 8.5981e-01 2.1875e-01 8.7611e-01 2.5600e-01 8.4615e-01 2.6316e-01 8.4874e-01 1.3433e-01 1.1570e-01 2.9661e-01 8.7097e-01 8.3333e-01 4.5968e-01 7.3077e-01 7.5472e-01 6.8182e-01 8.2031e-01 1.3139e-01 6.7500e-01 1.2245e-01 8.5950e-01 6.0377e-01 9.7521e-01 1.9580e-01 6.1165e-01 7.1429e-01 1.0317e-01 6.8702e-01 7.2500e-01 8.3969e-01 2.6613e-01 5.9375e-01 6.0345e-02 7.6812e-01 8.8034e-01 9.3220e-02 6.8269e-01
7.8226e-01 6.2500e-01 9.4286e-01 8.9815e-01 6.0484e-01 9.1176e-01 8.0702e-01 7.6378e-01 7.1681e-01 7.1795e-01 8.3051e-01 6.6129e-01 7.5229e-01 7.9710e-01 7.8014e-01 7.9508e-01 7.8448e-01 8.6400e-01 7.3643e-01 7.0732e-01 6.3566e-01 7.5214e-01 7.7600e-01 8.5938e-01 7.1756e-01 7.8862e-01 8.5577e-01 8.5088e-01 8.3333e-01 7.9508e-01 9.9194e-01 7.4101e-01 7.4336e-01 7.4545e-01 6.7021e-01 8.5246e-01 8.1739e-01 9.2683e-01 7.5229e-01 7.5410e-01 7.2519e-01 7.0968e-01 8.0672e-01 8.0292e-01 5.6250e-01 8.7288e-01 6.8027e-01 7.8030e-01 8.6869e-01 8.9474e-01
7.4380e-01 1.1404e-01 2.9457e-01 2.4793e-02 3.6441e-01 8.3333e-02 1.1712e-01 9.3750e-02 7.0175e-02 2.4324e-01 3.6134e-01 1.6260e-02 5.3571e-02 2.4219e-01 2.6897e-01 3.4483e-02 6.1404e-02 8.1301e-02 2.8155e-01 7.4074e-02 5.7273e-01 2.0000e-01 3.8261e-01 9.1743e-03 4.2105e-01 2.8333e-01 8.2474e-02 1.0891e-01 2.7928e-01 3.0909e-01 2.3913e-01 1.1511e-01 8.9431e-02 8.9431e-02 2.5197e-01 2.8704e-01 8.1301e-02 1.0753e-01 7.5758e-02 5.8333e-02 8.6207e-03 3.9344e-01 2.6316e-01 2.6866e-01 6.1111e-01 6.2069e-01 3.8983e-01 6.3025e-01 2.9921e-01 2.7451e-01
9.5105e-01 9.8291e-01 9.1589e-01 8.9655e-01 8.8889e-01 1.0000e+00 9.3077e-01 9.2793e-01 9.5420e-01 8.6207e-01 9.6610e-01 9.2727e-01 9.2308e-01 9.2000e-01 1.0000e+00 9.7345e-01 8.4800e-01 9.4853e-01 9.0141e-01 1.0000e+00 9.6454e-01 8.8889e-01 9.2174e-01 9.5082e-01 9.1176e-01 9.1724e-01 1.0000e+00 9.7297e-01 7.8846e-01 9.2683e-01 8.6842e-01 8.3871e-01 9.2248e-01 9.0164e-01 8.5714e-01 9.7521e-01 9.2623e-01 7.7600e-01 9.1791e-01 8.6822e-01 9.7500e-01 8.5321e-01 9.4690e-01 9.4958e-01 7.9630e-01 8.8571e-01 1.0000e+00 1.0000e+00 1.0000e+00 9.2683e-01
0.0000e+00 0.0000e+00 4.6296e-02 0.0000e+00 2.9752e-01 1.5447e-01 3.4000e-01 7.1429e-02 4.5045e-02 1.9084e-01 0.0000e+00 4.6729e-02 6.2016e-02 5.3571e-02 1.8584e-01 3.4328e-01 1.2281e-01 0.0000e+00 3.6036e-02 5.6338e-02 2.5455e-01 1.2214e-01 3.7037e-02 4.5872e-02 3.8095e-02 7.4074e-02 2.6400e-01 1.1667e-01 2.4627e-01 2.4762e-01 7.3171e-02 3.0534e-01 0.0000e+00 3.7594e-02 9.8361e-02 1.7476e-01 7.6271e-02 0.0000e+00 3.8793e-01 0.0000e+00 0.0000e+00 0.0000e+00 2.3009e-01 0.0000e+00 4.1441e-01 8.6538e-02 0.0000e+00 1.4815e-01 0.0000e+00 9.0909e-02
8.0808e-02 1.2195e-01 7.1429e-02 6.7227e-02 7.8261e-02 2.8696e-01 6.4035e-01 1.6814e-01 3.4188e-02 1.4141e-01 3.1532e-01 1.3889e-01 0.0000e+00 1.2097e-01 9.3458e-02 2.3664e-01 9.6154e-02 2.2917e-01 7.6923e-02 1.1881e-01 4.0323e-02 6.8376e-02 3.2479e-01 1.0853e-01 1.0714e-01 1.0400e-01 1.6260e-01 3.3613e-02 8.0000e-02 2.0161e-01 1.5079e-01 1.3492e-01 0.0000e+00 1.4599e-02 1.7647e-01 2.3276e-01 4.5455e-02 2.2131e-01 1.3636e-01 6.7769e-01 0.0000e+00 4.0000e-02 1.8182e-01 1.6000e-01 1.8095e-01 3.1967e-01 9.4828e-02 2.1311e-01 6.8627e-02 4.0984e-02
3.5345e-01 8.9286e-02 1.4729e-01 4.4118e-01 1.6800e-01 2.7778e-01 4.9593e-01 1.1348e-01 1.9048e-01 3.0000e-01 2.8889e-01 3.9091e-01 1.6522e-01 1.3223e-01 4.3902e-01 6.1240e-01 8.8710e-02 2.2000e-01 1.7188e-01 6.6038e-02 3.1452e-01 2.0896e-01 1.0938e-01 1.6429e-01 3.4314e-01 2.6471e-01 2.6168e-01 1.4151e-01 2.3333e-01 6.5217e-01 1.5038e-01 3.5556e-01 1.4583e-01 9.0909e-02 4.8062e-01 4.3411e-01 1.8548e-01 4.3609e-01 5.4610e-01 2.4603e-01 1.8750e-01 1.6667e-01 4.2276e-01 9.2437e-02 4.1935e-01 3.9516e-01 1.9835e-01 2.4476e-01 1.0484e-01 2.5641e-01
8.7719e-02 1.0256e-01 2.5000e-01 4.2063e-01 4.7826e-01 5.5140e-01 5.7265e-01 1.1475e-01 1.7424e-01 2.0930e-01 3.7391e-01 1.8966e-01 1.5504e-01 2.6761e-01 5.1887e-01 4.4762e-01 7.8571e-02 2.3967e-01 6.8627e-02 1.7241e-01 1.1927e-01 9.8039e-02 1.3675e-01 3.0189e-01 7.8431e-02 2.0000e-01 5.7500e-01 1.8898e-01 2.8346e-01 5.0450e-01 1.6783e-01 2.2656e-01 3.9865e-01 1.1382e-01 2.7338e-01 1.3600e-01 2.2034e-01 1.6901e-01 1.7925e-01 3.9815e-01 2.3967e-01 1.7054e-01 1.9549e-01 4.5890e-01 3.1250e-01 6.6038e-02 2.5203e-01 3.8971e-01 6.8966e-02 2.4793e-01
1.1538e-01 1.7241e-02 1.0435e-01 0.0000e+00 2.2034e-01 6.1538e-02 0.0000e+00 1.6667e-01 1.7699e-01 3.4188e-02 9.5238e-03 8.3333e-02 6.4815e-02 8.0645e-02 3.0159e-01 1.0687e-01 8.5470e-03 0.0000e+00 3.9370e-02 9.0090e-02 2.1739e-01 1.0938e-01 2.7273e-02 2.3077e-02 1.0000e-01 4.0650e-02 0.0000e+00 3.5398e-02 1.7742e-01 2.7820e-01 1.9847e-01 8.1818e-02 5.3097e-02 0.0000e+00 9.5652e-02 1.0092e-01 0.0000e+00 1.9820e-01 1.5108e-01 0.0000e+00 0.0000e+00 7.3171e-02 2.1154e-01 7.9365e-02 5.8824e-02 1.4074e-01 9.0909e-02 6.7308e-02 1.2857e-01 6.1404e-02
5.5738e-01 8.7719e-02 4.0650e-01 5.8621e-01 2.5000e-01 1.3158e-01 6.2810e-01 2.3387e-01 4.6018e-01 1.8333e-01 3.8235e-01 2.9464e-01 3.0973e-01 2.2388e-01 5.6589e-01 4.5631e-01 4.0741e-01 5.3030e-02 2.7273e-01 9.0164e-02 5.2419e-01 5.5303e-01 2.8099e-01 3.0392e-01 2.0661e-01 2.2222e-01 4.2857e-01 1.4530e-01 2.8926e-01 6.8217e-01 1.4179e-01 6.1607e-01 8.7591e-02 4.4715e-01 5.4237e-01 2.8800e-01 8.5470e-02 2.5385e-01 8.0833e-01 3.0709e-01 5.8519e-01 2.1429e-01 6.7593e-01 4.3519e-01 1.6304e-01 1.9828e-01 3.0579e-01 3.3929e-01 3.6634e-01 1.6239e-01
2.5000e-01 8.4906e-02 1.2727e-01 3.4959e-01 2.3256e-01 2.9060e-01 3.7398e-01 1.6239e-01 1.9802e-01 2.9032e-01 1.4050e-01 2.6277e-01 1.2174e-01 1.3008e-01 4.6512e-01 1.7886e-01 1.8462e-01 1.3710e-01 1.7857e-01 2.0968e-01 2.0909e-01 2.9245e-01 6.8966e-02 2.8926e-01 2.1053e-01 2.0952e-01 2.0952e-01 2.4107e-01 3.7671e-01 5.2525e-01 2.2481e-01 2.1774e-01 1.5455e-01 1.1719e-01 3.9655e-01 1.7969e-01 1.0909e-01 5.5263e-01 6.4964e-01 9.6154e-02 2.4427e-01 8.8889e-02 3.6029e-01 1.5126e-01 0.0000e+00 2.3214e-01 1.8421e-01 1.6379e-01 1.0909e-01 2.1782e-01
3.3083e-01 3.2258e-01 1.6794e-01 4.2308e-01 6.4062e-01 4.4800e-01 1.0000e+00 2.8440e-01 3.2558e-01 8.4211e-01 1.9492e-01 3.6429e-01 4.9180e-01 5.6911e-02 3.1915e-01 3.9683e-01 1.7949e-01 1.0377e-01 1.5108e-01 4.9565e-01 2.9078e-01 3.3835e-01 2.0661e-01 3.5088e-01 1.7647e-01 3.9286e-01 3.4513e-01 5.1376e-01 5.9677e-01 6.0000e-01 3.3600e-01 3.6538e-01 7.2881e-01 5.2941e-01 6.5926e-01 6.4754e-01 3.1250e-02 4.0367e-01 5.1049e-01 3.3945e-01 1.4159e-01 4.0000e-01 7.4016e-01 5.4237e-01 5.9690e-01 2.1849e-01 5.0435e-01 2.2689e-01 2.4000e-01 2.6984e-01
