1.0900e+02 1.0400e+02 1.1600e+02 9.9000e+01 9.2000e+01 9.7000e+01 1.0900e+02 1.2500e+02 3.2900e+02 8.8010e+03
9.5000e+01 1.1100e+02 1.0800e+02 8.7940e+03 1.1300e+02 8.3000e+01 1.0600e+02 1.2500e+02 1.1100e+02 2.7100e+02
8.4400e+02 8.5000e+01 1.0800e+02 9.4000e+01 9.0830e+03 1.1600e+02 6.1700e+02 2.0400e+02 9.6000e+01 1.2000e+02
1.0300e+02 1.1000e+02 9.7000e+01 1.0200e+02 1.0600e+02 9.0740e+03 9.3000e+01 9.7000e+01 1.0700e+02 1.1200e+02
9.1000e+01 9.8000e+01 8.7530e+03 1.0500e+02 9.7000e+01 1.0700e+02 1.1000e+02 1.0100e+02 1.1000e+02 1.0600e+02
1.0100e+02 9.7000e+01 9.8000e+01 9.2000e+01 9.8000e+01 9.2000e+01 8.6740e+03 1.2800e+02 8.0000e+01 8.0000e+01
8.4670e+03 9.8000e+01 1.0500e+02 1.0700e+02 1.0600e+02 1.0500e+02 1.0900e+02 8.5000e+01 9.0000e+01 1.0900e+02
9.4000e+01 6.7400e+02 4.5200e+02 1.0000e+02 8.9000e+01 9.8000e+01 9.6000e+01 8.9500e+03 8.6000e+01 9.2000e+01
9.4000e+01 9.4000e+01 8.6000e+01 4.6900e+02 8.9000e+01 9.8000e+01 9.7000e+01 1.0000e+02 8.9380e+03 1.0800e+02
1.1500e+02 8.3420e+03 9.9000e+01 1.0200e+02 1.0300e+02 1.0400e+02 8.5000e+01 8.4000e+01 1.1100e+02 8.6000e+01
