8.9524e-01 1.5385e-01 2.5862e-01 7.2727e-01 5.2174e-01 5.2083e-01 4.1284e-01 1.8400e-01 9.1743e-01 9.5652e-01
1.2632e-01 5.1818e-01 2.5000e-01 1.0000e+00 5.3097e-01 2.0482e-01 7.9245e-01 8.8000e-02 7.2072e-02 9.6907e-01
9.8077e-01 4.2353e-01 3.7037e-02 5.4255e-01 8.3333e-01 5.6897e-01 9.6907e-01 7.9348e-01 4.8958e-01 5.0000e-01
7.7670e-01 7.7064e-01 8.1443e-01 5.3922e-01 6.6038e-01 1.0000e+00 1.1828e-01 4.5361e-01 3.1776e-01 7.9612e-01
0.0000e+00 1.3265e-01 8.8764e-01 5.8252e-01 3.7113e-01 3.2710e-01 7.2727e-02 5.7143e-01 1.8182e-01 2.9245e-01
7.2165e-01 3.8144e-01 1.5306e-01 8.6957e-02 5.3061e-01 3.6957e-01 9.7561e-01 7.6471e-01 1.7500e-01 5.2500e-01
8.2692e-01 4.1837e-01 2.9524e-01 1.7757e-01 5.7843e-01 6.2136e-01 5.4128e-01 2.2353e-01 4.6667e-01 6.9307e-01
4.8936e-01 9.8795e-01 9.5763e-01 2.3000e-01 1.1236e-02 3.9796e-01 5.0000e-01 7.9381e-01 4.3023e-01 0.0000e+00
2.0213e-01 4.4681e-01 8.1395e-02 7.5962e-01 4.7191e-01 4.0816e-02 4.4330e-01 5.1000e-01 7.2566e-01 5.2778e-01
3.4783e-02 9.9065e-01 2.0202e-01 1.4706e-01 1.2621e-01 2.8846e-01 2.2353e-01 5.1190e-01 4.5045e-01 5.9302e-01
