9.8000e+01 1.6000e+01 3.0000e+01 7.2000e+01 4.8000e+01 5.0000e+01 4.5000e+01 2.3000e+01 2.8700e+02 8.5680e+03
1.2000e+01 5.8000e+01 2.7000e+01 8.7940e+03 6.0000e+01 1.7000e+01 8.4000e+01 1.1000e+01 8.0000e+00 2.6300e+02
8.2500e+02 3.6000e+01 4.0000e+00 5.1000e+01 7.0230e+03 6.6000e+01 5.9900e+02 1.6000e+02 4.7000e+01 6.0000e+01
8.0000e+01 8.5000e+01 7.9000e+01 5.5000e+01 7.0000e+01 8.9030e+03 1.1000e+01 4.4000e+01 3.4000e+01 8.9000e+01
0.0000e+00 1.3000e+01 7.7050e+03 6.1000e+01 3.6000e+01 3.5000e+01 8.0000e+00 5.8000e+01 2.0000e+01 3.1000e+01
7.3000e+01 3.7000e+01 1.5000e+01 8.0000e+00 5.2000e+01 3.4000e+01 8.3720e+03 9.9000e+01 1.4000e+01 4.2000e+01
7.0300e+03 4.1000e+01 3.1000e+01 1.9000e+01 6.1000e+01 6.5000e+01 5.9000e+01 1.9000e+01 4.2000e+01 7.6000e+01
4.6000e+01 6.5400e+02 4.3500e+02 2.3000e+01 1.0000e+00 3.9000e+01 4.8000e+01 7.4170e+03 3.7000e+01 0.0000e+00
1.9000e+01 4.2000e+01 7.0000e+00 3.5000e+02 4.2000e+01 4.0000e+00 4.3000e+01 5.1000e+01 6.5690e+03 5.7000e+01
4.0000e+00 8.3170e+03 2.0000e+01 1.5000e+01 1.3000e+01 3.0000e+01 1.9000e+01 4.3000e+01 5.0000e+01 5.1000e+01
