6.7568e-01 5.7895e-01 8.7931e-01 7.9012e-01 3.6364e-01 0.0000e+00 4.4262e-01 2.0548e-01 9.7561e-01 1.0000e+00 7.6190e-01 9.6104e-01 6.7073e-01 9.0909e-01 7.9268e-01 4.8000e-01 7.2881e-01 5.0000e-01 6.0714e-01 5.1667e-01 5.0685e-01 1.0000e+00 9.7333e-01 1.0000e+00 5.5422e-01 8.7059e-01 6.9565e-01 6.2687e-01 5.1351e-01 7.8333e-01 8.5542e-01 4.7368e-01 8.4507e-01 1.0000e+00 3.9706e-01 5.4348e-01 9.2537e-01 7.1212e-01 4.8101e-01 8.5484e-01 9.4118e-01 3.2394e-01 9.0789e-01 9.0323e-01 2.6667e-01 3.2911e-01 2.4615e-01 4.6429e-01 5.7353e-01 7.7193e-01
2.0000e-01 3.1034e-01 5.1471e-01 8.8235e-02 1.3514e-01 3.6471e-01 5.1948e-02 4.0260e-01 8.8889e-02 4.9333e-01 1.3924e-01 2.3636e-01 3.0337e-01 7.0423e-02 5.2874e-01 1.0256e-01 3.2000e-01 3.6207e-01 3.6232e-01 1.9403e-01 3.8462e-01 4.5679e-01 3.6923e-01 1.3699e-01 4.3077e-01 3.9130e-01 3.2857e-01 2.6316e-01 4.1176e-01 1.2821e-01 2.9412e-01 5.4348e-01 1.4516e-01 2.2727e-01 4.0541e-01 4.6575e-01 2.9333e-01 1.0959e-01 2.2857e-01 9.2593e-02 2.9412e-02 1.9481e-01 5.7692e-01 4.2188e-01 1.7143e-01 2.8378e-01 8.9552e-02 0.0000e+00 1.4458e-01 4.5098e-01
8.0822e-01 7.1250e-01 1.0000e+00 2.1622e-01 1.2308e-01 2.8395e-01 1.0000e+00 6.0256e-01 1.9697e-01 2.8767e-01 9.0411e-01 8.5714e-02 1.0256e-01 1.0256e-01 5.9459e-01 0.0000e+00 1.1940e-01 1.3750e-01 5.2459e-01 5.1471e-01 3.4375e-01 1.3043e-01 6.4179e-01 1.1111e-01 7.1250e-01 5.6627e-01 7.2059e-01 3.6111e-01 9.0244e-01 3.5366e-01 4.3750e-01 1.0000e+00 8.3099e-01 3.6765e-01 2.4324e-01 5.6061e-01 1.4925e-01 6.9863e-01 2.2222e-01 6.6667e-01 2.0548e-01 2.2973e-01 7.6923e-02 6.0317e-01 5.0704e-01 2.6087e-01 3.1250e-02 9.8571e-01 5.6452e-01 9.5082e-01
3.4118e-01 3.1646e-01 6.5789e-02 1.4286e-01 2.2222e-02 5.2703e-01 2.1739e-01 1.3158e-02 5.8824e-02 4.9383e-01 4.7297e-01 5.3968e-01 2.3188e-01 5.1724e-01 8.8235e-02 1.9178e-01 4.1096e-02 3.2432e-01 3.0882e-01 4.6875e-01 7.5758e-01 4.5882e-01 4.9367e-01 5.4667e-01 6.8056e-01 5.7143e-01 7.6389e-01 6.1538e-01 5.8667e-01 5.7534e-01 8.7143e-01 5.5072e-01 5.0000e-01 7.8431e-01 7.3016e-01 6.1765e-01 3.1343e-01 4.8214e-01 7.1875e-01 2.4638e-01 4.4595e-01 6.6667e-01 2.3377e-01 1.2308e-01 5.9155e-01 8.3562e-01 5.2000e-01 4.4737e-01 5.3750e-01 4.6970e-01
6.5625e-01 7.1642e-01 6.1039e-01 3.8554e-01 5.6897e-01 6.4935e-01 4.5000e-01 8.0702e-01 1.6250e-01 4.3836e-01 7.7465e-01 7.0588e-01 8.1429e-01 3.0263e-01 4.6269e-01 2.8788e-01 7.4545e-01 5.6338e-01 4.3590e-01 5.8621e-01 6.2500e-01 7.1429e-01 2.7273e-01 2.0000e-01 4.0299e-01 4.0678e-01 9.3023e-01 5.3731e-01 7.9412e-01 3.6047e-01 5.3731e-01 6.1017e-01 4.8485e-01 3.6364e-01 9.1176e-01 7.8571e-01 6.7606e-01 5.1316e-01 5.4930e-01 4.1333e-01 5.0704e-01 6.4789e-01 4.5000e-01 2.0896e-01 4.3860e-01 4.5902e-01 6.5789e-01 3.8462e-01 6.0870e-01 8.4375e-01
1.0000e+00 1.0000e+00 9.8507e-01 9.6104e-01 9.2000e-01 5.9459e-01 6.8966e-01 9.7297e-01 7.6389e-01 9.8649e-01 6.4384e-01 7.5610e-01 9.7368e-01 8.5075e-01 5.3521e-01 1.3699e-02 6.1798e-01 1.5584e-01 6.2500e-01 1.4667e-01 8.8889e-01 1.0000e+00 1.0000e+00 9.8551e-01 1.0000e+00 7.4359e-01 9.7727e-01 7.4667e-01 9.4366e-01 1.1392e-01 9.8485e-01 8.5455e-01 4.7170e-01 8.5938e-01 9.8214e-01 9.7297e-01 8.7500e-01 9.4737e-01 9.6552e-01 9.7436e-01 9.5588e-01 9.6053e-01 9.1667e-01 1.0000e+00 9.7368e-01 7.2152e-01 4.3836e-01 9.1549e-01 6.2319e-01 5.2500e-01
9.7222e-01 2.0732e-01 8.9041e-01 7.6812e-01 8.8235e-01 3.4722e-01 9.5775e-01 9.8305e-01 1.6883e-01 9.1045e-01 1.8919e-01 1.2195e-01 1.8987e-01 3.8462e-01 2.4194e-01 7.3418e-01 7.5714e-01 4.1667e-02 9.5238e-02 4.9315e-01 8.0769e-01 2.6667e-02 4.4118e-01 3.9744e-01 7.6667e-01 3.8983e-01 4.5455e-02 5.6250e-01 7.6471e-01 2.0833e-01 3.3898e-01 7.8261e-01 2.9630e-01 1.2987e-02 6.6667e-02 8.8000e-01 3.3333e-01 2.8571e-02 4.9153e-01 6.9841e-01 8.0000e-01 3.0000e-01 9.5714e-01 1.7910e-01 9.0909e-02 3.2258e-01 2.4419e-01 9.5522e-01 8.2456e-01 5.7143e-02
3.2353e-01 5.8621e-01 6.6154e-01 2.5373e-01 7.4684e-01 4.2500e-01 3.3898e-01 4.4286e-01 7.7966e-01 6.8116e-01 4.1558e-01 7.4648e-01 3.7879e-01 7.3913e-01 5.5714e-01 5.0649e-01 5.1807e-01 3.3333e-01 1.9753e-01 5.7143e-01 7.5758e-01 4.6154e-01 3.2051e-01 3.1667e-01 2.6882e-01 2.9231e-01 7.7941e-01 4.6154e-01 9.0278e-01 3.6508e-01 5.3846e-01 4.7619e-01 7.0000e-01 8.9552e-01 7.7500e-01 8.3562e-01 7.5000e-02 5.8065e-01 6.5385e-01 4.2857e-01 5.9524e-01 2.2667e-01 1.3433e-01 3.5294e-01 3.5714e-01 6.3889e-01 5.6579e-01 3.6066e-01 6.7470e-01 7.4725e-01
6.7123e-01 9.4253e-01 7.5342e-01 9.7143e-01 8.3099e-01 9.6875e-01 6.3095e-01 5.7746e-01 5.0000e-01 5.7353e-01 6.3636e-01 7.2000e-01 8.0702e-01 7.4242e-01 6.5517e-01 5.2381e-01 6.0870e-01 2.7536e-01 6.4384e-01 5.7143e-01 5.4839e-01 4.1333e-01 8.3750e-01 4.8571e-01 5.3623e-01 8.3951e-01 9.3333e-01 6.1446e-01 8.6170e-01 8.6486e-01 5.2778e-01 5.5932e-01 6.8421e-01 7.0149e-01 8.1333e-01 7.1875e-01 9.2537e-01 5.6944e-01 3.3735e-01 5.6977e-01 5.2113e-01 5.5556e-01 7.0930e-01 8.8235e-01 7.3684e-01 7.2368e-01 8.5135e-01 8.0328e-01 6.1039e-01 8.0247e-01
4.5902e-01 1.8644e-01 7.7500e-01 1.2329e-01 1.8841e-01 8.1690e-01 1.8462e-01 2.6250e-01 7.4074e-02 6.4865e-01 5.4667e-01 8.7500e-01 2.1918e-01 3.7255e-01 1.1268e-01 3.0882e-01 6.7692e-01 4.2857e-01 4.5455e-01 5.1389e-01 8.0882e-01 3.1507e-01 4.9367e-01 1.6438e-01 5.4286e-01 8.4906e-01 7.9710e-01 4.9315e-01 3.4375e-01 4.6479e-01 6.0000e-01 5.0000e-01 1.1290e-01 4.5714e-01 4.6479e-01 2.0588e-01 8.4746e-02 4.3077e-01 6.2857e-01 1.9298e-01 5.2778e-01 6.0317e-01 4.6032e-01 3.0435e-01 6.5278e-01 5.2542e-01 5.1429e-01 7.1429e-01 5.1316e-01 7.2603e-01
