5.0000e+01 3.3000e+01 5.1000e+01 6.5000e+01 2.8000e+01 0.0000e+00 2.7000e+01 1.5000e+01 1.3690e+03 5.3870e+03 4.8000e+01 7.4000e+01 5.5000e+01 6.7000e+01 6.5000e+01 3.6000e+01 4.3000e+01 3.5000e+01 3.4000e+01 3.1000e+01 3.7000e+01 5.1590e+03 4.5030e+03 5.3650e+03 4.6000e+01 7.4000e+01 4.8000e+01 4.2000e+01 3.8000e+01 4.7000e+01 7.1000e+01 3.6000e+01 6.2000e+01 5.5000e+01 2.7000e+01 5.0000e+01 6.4000e+01 4.7000e+01 3.8000e+01 5.3000e+01 5.0360e+03 2.3000e+01 6.9000e+01 5.6000e+01 1.6000e+01 2.6000e+01 1.6000e+01 3.9000e+01 3.9000e+01 4.4000e+01
1.2000e+01 1.8000e+01 3.5000e+01 6.0000e+00 1.0000e+01 3.1000e+01 4.0000e+00 3.1000e+01 8.0000e+00 3.7000e+01 1.1000e+01 1.3000e+01 2.7000e+01 5.0000e+00 2.9250e+03 8.0000e+00 3.2000e+01 2.1670e+03 1.6770e+03 1.3000e+01 3.0000e+01 3.7000e+01 2.4000e+01 1.0000e+01 2.8000e+01 2.7000e+01 2.3000e+01 1.5000e+01 2.8000e+01 1.0000e+01 2.0000e+01 2.0380e+03 9.0000e+00 1.5000e+01 3.0000e+01 3.4000e+01 2.2000e+01 8.0000e+00 1.6000e+01 5.0000e+00 2.0000e+00 1.5000e+01 3.0330e+03 2.7000e+01 1.2000e+01 2.1000e+01 6.0000e+00 0.0000e+00 1.2000e+01 2.3000e+01
5.9000e+01 5.8000e+01 5.3980e+03 1.6000e+01 8.0000e+00 2.3000e+01 5.2530e+03 4.7000e+01 1.3000e+01 2.1000e+01 4.9720e+03 6.0000e+00 8.0000e+00 8.0000e+00 4.4000e+01 0.0000e+00 8.0000e+00 1.1000e+01 3.2000e+01 3.5000e+01 2.2000e+01 9.0000e+00 4.3000e+01 9.0000e+00 5.7000e+01 4.7000e+01 4.9000e+01 2.6000e+01 7.4000e+01 2.9000e+01 2.8000e+01 1.3170e+03 4.2680e+03 2.5000e+01 1.8000e+01 3.7000e+01 1.0000e+01 5.3000e+01 1.4000e+01 3.4000e+01 1.5000e+01 1.7000e+01 6.0000e+00 3.8000e+01 3.6000e+01 1.8000e+01 2.0000e+00 4.1280e+03 3.5000e+01 8.7000e+01
2.9000e+01 2.5000e+01 5.0000e+00 1.0000e+01 2.0000e+00 3.9000e+01 1.5000e+01 1.0000e+00 4.0000e+00 4.0000e+01 3.5000e+01 3.4000e+01 1.6000e+01 4.5000e+01 6.0000e+00 1.4000e+01 3.0000e+00 2.4000e+01 2.1000e+01 3.0000e+01 7.7000e+01 3.9000e+01 4.0000e+01 4.1000e+01 6.1000e+01 4.0000e+01 5.6000e+01 3.4080e+03 4.4000e+01 4.2000e+01 4.5550e+03 3.8000e+01 3.8000e+01 5.7000e+01 4.8000e+01 4.2000e+01 2.1000e+01 2.7000e+01 3.9220e+03 1.7000e+01 3.3000e+01 2.8560e+03 1.8000e+01 8.0000e+00 4.3000e+01 4.2820e+03 3.9000e+01 3.4000e+01 4.3000e+01 3.1000e+01
4.2000e+01 4.9000e+01 4.7000e+01 3.2000e+01 3.3000e+01 5.0000e+01 3.6000e+01 4.7000e+01 1.3000e+01 3.2000e+01 6.9000e+01 4.8000e+01 4.3690e+03 2.3000e+01 3.1000e+01 1.9000e+01 1.0610e+03 5.1000e+01 3.4000e+01 2.1680e+03 4.0000e+01 4.5000e+01 2.1000e+01 1.7000e+01 2.7000e+01 2.4000e+01 4.8430e+03 3.6000e+01 5.4000e+01 3.1000e+01 3.6000e+01 3.6000e+01 3.2000e+01 2.4000e+01 4.9460e+03 5.5000e+01 4.8000e+01 3.9000e+01 3.9000e+01 3.1000e+01 3.6000e+01 4.6000e+01 2.7000e+01 1.4000e+01 2.5000e+01 2.8000e+01 5.0000e+01 2.5000e+01 4.2000e+01 4.5710e+03
6.2000e+01 9.5000e+01 6.6000e+01 7.4000e+01 6.9000e+01 4.4000e+01 4.0000e+01 7.2000e+01 5.5000e+01 7.3000e+01 4.7000e+01 6.2000e+01 7.6000e+01 5.7000e+01 3.8000e+01 1.0000e+00 5.5000e+01 1.2000e+01 4.5000e+01 1.1000e+01 7.2000e+01 6.7000e+01 7.0600e+02 6.8000e+01 5.3960e+03 5.8000e+01 8.6000e+01 5.6000e+01 6.7000e+01 9.0000e+00 6.5000e+01 4.7000e+01 2.5000e+01 5.5000e+01 5.5000e+01 7.2000e+01 5.6000e+01 5.1680e+03 8.5000e+01 5.3770e+03 7.4000e+01 5.4200e+02 5.5000e+01 5.2190e+03 5.2300e+03 5.7000e+01 3.2000e+01 6.5000e+01 4.3000e+01 4.2000e+01
5.3200e+03 1.7000e+01 6.5000e+01 5.3000e+01 4.7590e+03 2.5000e+01 7.5000e+01 5.0910e+03 1.3000e+01 9.7000e+01 1.4000e+01 1.0000e+01 1.5000e+01 2.0000e+01 1.5000e+01 3.8520e+03 5.5000e+01 3.0000e+00 6.0000e+00 3.6000e+01 6.3000e+01 2.0000e+00 3.0000e+01 3.1000e+01 4.6000e+01 2.3000e+01 3.0000e+00 4.5000e+01 5.2000e+01 1.5000e+01 2.0000e+01 5.4000e+01 1.6000e+01 1.0000e+00 4.0000e+00 6.6000e+01 2.1000e+01 2.0000e+00 2.9000e+01 4.4000e+01 5.8000e+01 2.4000e+01 7.0000e+01 1.2000e+01 7.0000e+00 2.0000e+01 2.1000e+01 1.2180e+03 4.2510e+03 4.0000e+00
2.2000e+01 3.5000e+01 4.3000e+01 1.7000e+01 7.7000e+01 3.4000e+01 2.0000e+01 3.1000e+01 2.7070e+03 4.7000e+01 3.2000e+01 5.3000e+01 2.5000e+01 4.0370e+03 4.0000e+01 3.9000e+01 4.3000e+01 2.4000e+01 1.6000e+01 8.9600e+02 5.4000e+01 3.6000e+01 2.5000e+01 1.9000e+01 2.5000e+01 1.9000e+01 5.3000e+01 2.4000e+01 4.5420e+03 2.3000e+01 4.2000e+01 3.0000e+01 1.5000e+02 4.7820e+03 6.2000e+01 4.3250e+03 6.0000e+00 3.6000e+01 5.2000e+01 3.6000e+01 5.0000e+01 1.7000e+01 9.0000e+00 2.4000e+01 2.5000e+01 4.6000e+01 4.3000e+01 2.2000e+01 5.8000e+01 6.8000e+01
4.9000e+01 4.9780e+03 5.5000e+01 5.1160e+03 5.9000e+01 7.0000e+01 5.3000e+01 4.1000e+01 4.3000e+01 3.9000e+01 4.9000e+01 5.4000e+01 4.6000e+01 4.9000e+01 3.8000e+01 4.4000e+01 4.2000e+01 1.9000e+01 8.3900e+02 4.0000e+01 3.4000e+01 3.1000e+01 6.8000e+01 3.4000e+01 3.7000e+01 6.8000e+01 7.0000e+01 5.1000e+01 8.1000e+01 4.3810e+03 3.8000e+01 3.3000e+01 5.2000e+01 4.7000e+01 6.1000e+01 4.6000e+01 4.8010e+03 4.1000e+01 2.8000e+01 4.9000e+01 3.7000e+01 4.0000e+01 6.1000e+01 1.6600e+02 5.6000e+01 5.5000e+01 4.2710e+03 4.9000e+01 4.7000e+01 6.5000e+01
2.8000e+01 1.1000e+01 8.6000e+01 9.0000e+00 1.3000e+01 4.2300e+03 1.2000e+01 2.1000e+01 6.0000e+00 4.8000e+01 4.1000e+01 4.3600e+03 1.6000e+01 1.9000e+01 8.0000e+00 2.1000e+01 2.4010e+03 2.7000e+01 3.6000e+01 3.9000e+01 4.4560e+03 2.3000e+01 3.9000e+01 1.2000e+01 3.9000e+01 4.4150e+03 5.7000e+01 3.6000e+01 2.2000e+01 3.3000e+01 3.9000e+01 4.2000e+01 7.0000e+00 3.2000e+01 3.3000e+01 1.4000e+01 5.0000e+00 2.8000e+01 4.4000e+01 1.1000e+01 3.8000e+01 3.8000e+01 2.9000e+01 2.1000e+01 5.1000e+01 3.1000e+01 3.6000e+01 4.0000e+01 3.9000e+01 5.4000e+01
