1.8000e+01 4.6000e+01 1.4900e+02 3.5000e+01 2.3200e+02 7.9000e+01 5.7000e+01 3.0300e+02 2.9600e+02 6.3000e+01 8.8000e+01 1.5000e+01 1.7000e+01 4.1000e+01 8.8000e+01 7.6000e+01 2.9000e+01 1.4000e+01 1.7000e+01 1.9000e+01 4.1000e+01 8.0000e+00 1.2700e+02 2.6000e+01 2.6000e+01 4.1000e+01 1.3800e+02 5.9000e+01 7.1100e+02 9.6000e+01 5.7840e+03 5.4400e+02 1.4100e+02 1.0000e+02 1.6400e+02 3.7000e+01 2.8000e+01 4.2000e+01 4.5000e+01 3.8000e+01 6.5000e+01 1.2000e+01 1.4000e+01 5.2000e+01 8.8000e+01 1.0000e+01 1.7000e+01 1.7800e+02 1.1000e+01 5.6000e+01
1.9000e+01 4.8000e+01 7.0000e+00 1.0000e+01 3.6630e+03 8.0000e+00 1.0000e+01 2.7000e+01 1.7000e+01 1.0000e+01 1.2000e+01 7.0000e+00 1.7000e+01 1.1000e+01 1.8000e+01 2.6000e+01 1.2000e+01 8.0000e+00 2.4000e+01 2.8000e+01 9.0000e+00 1.7000e+01 3.2100e+02 9.0000e+00 1.4000e+01 1.7000e+01 2.2000e+01 1.7000e+01 1.3900e+02 4.0500e+02 1.9000e+01 9.0000e+00 9.0000e+00 1.3000e+01 1.3000e+01 1.0000e+01 1.1000e+01 1.2000e+01 1.2000e+01 1.4000e+01 8.0000e+00 2.3000e+01 1.2000e+01 1.5000e+01 5.8180e+03 1.9000e+01 7.0000e+00 1.3000e+01 1.9000e+01 1.3000e+01
9.0000e+00 3.1000e+01 9.0000e+00 7.1000e+01 5.7000e+01 6.4000e+01 4.5000e+01 3.5000e+01 4.5700e+02 9.2000e+01 5.6440e+03 1.6000e+01 2.8500e+02 4.0000e+02 2.2000e+01 4.5300e+02 1.7200e+02 4.3000e+01 8.4000e+01 3.8000e+01 2.6000e+01 4.3000e+01 7.5000e+01 4.2000e+01 5.4640e+03 8.2000e+01 5.6000e+01 9.6000e+01 3.8200e+02 1.1100e+02 2.4000e+01 3.5000e+01 7.5000e+01 9.4000e+01 1.0700e+03 3.1000e+01 8.6000e+01 1.4000e+01 5.5000e+01 7.3000e+01 1.6600e+02 4.0000e+01 2.7400e+02 4.4000e+01 0.0000e+00 1.0000e+01 2.2000e+01 1.3000e+01 3.4000e+01 1.5000e+01
5.8770e+03 5.9000e+01 5.7520e+03 5.6380e+03 4.7000e+01 5.3330e+03 5.9630e+03 2.5300e+02 4.1260e+03 5.6870e+03 2.8000e+01 4.9960e+03 5.3270e+03 4.9950e+03 1.5000e+01 4.3360e+03 1.9000e+01 2.1600e+02 3.0300e+02 1.2000e+01 5.6190e+03 5.8520e+03 4.1000e+01 5.9290e+03 1.4000e+01 2.0320e+03 4.7340e+03 1.0800e+02 1.7000e+01 1.6500e+03 2.2000e+01 2.5800e+02 4.1700e+02 1.1000e+01 9.6000e+01 8.0000e+00 2.7330e+03 4.0650e+03 1.3300e+02 2.2000e+01 5.7230e+03 5.6840e+03 2.1000e+01 5.0600e+02 0.0000e+00 6.0220e+03 5.5270e+03 5.2970e+03 5.8180e+03 1.1000e+01
0.0000e+00 1.5000e+01 7.0000e+00 1.0000e+01 2.5000e+01 8.0000e+00 0.0000e+00 9.0000e+00 1.2000e+01 8.0000e+00 1.2000e+01 1.8000e+01 1.0000e+01 1.1000e+01 1.3000e+01 2.2000e+01 2.3000e+01 8.0000e+00 1.2000e+01 1.9000e+01 2.6000e+01 1.3000e+01 5.4000e+01 0.0000e+00 1.4000e+01 1.4000e+01 1.1000e+01 1.7000e+01 1.7000e+01 1.3000e+01 2.6000e+01 3.7000e+01 9.0000e+00 1.1000e+01 3.4000e+01 8.0000e+00 8.0000e+00 9.0000e+00 7.8800e+02 1.4000e+01 8.0000e+00 1.2000e+01 1.0000e+01 1.0000e+01 0.0000e+00 0.0000e+00 9.0000e+00 2.2800e+02 7.0000e+00 9.0000e+00
0.0000e+00 1.8000e+01 7.0000e+00 1.5000e+01 1.1000e+01 3.2000e+01 0.0000e+00 9.0000e+00 1.2000e+01 8.0000e+00 6.5000e+01 1.1000e+01 1.5000e+01 1.4000e+01 6.8000e+01 1.3600e+02 1.4000e+01 1.0000e+01 1.5000e+01 1.2000e+01 1.4000e+01 8.0000e+00 2.0000e+01 0.0000e+00 2.2000e+01 1.7000e+01 1.1000e+01 1.7000e+01 2.6000e+01 3.4040e+03 2.6000e+01 2.2000e+01 1.6000e+01 9.0000e+00 3.4000e+01 8.0000e+00 8.0000e+00 1.8740e+03 4.9080e+03 2.0000e+01 1.0000e+01 3.7000e+01 5.6610e+03 1.0000e+01 0.0000e+00 0.0000e+00 7.0000e+00 9.0000e+00 7.0000e+00 9.0000e+00
0.0000e+00 1.3000e+01 1.1000e+01 1.5000e+01 1.6000e+01 1.0000e+01 0.0000e+00 1.1000e+01 1.2000e+01 1.0000e+01 2.4000e+01 7.0000e+00 1.3000e+01 1.9000e+01 2.0000e+01 4.7800e+02 1.2000e+01 8.0000e+00 1.7000e+01 1.2000e+01 7.0000e+00 8.0000e+00 5.9000e+01 0.0000e+00 1.9000e+01 1.4000e+01 1.1000e+01 2.0000e+01 1.3000e+01 1.7600e+02 1.4000e+01 1.3000e+01 9.0000e+00 1.1000e+01 2.5000e+01 1.1000e+01 8.0000e+00 0.0000e+00 0.0000e+00 1.7000e+01 1.0000e+01 1.4000e+01 0.0000e+00 1.0000e+01 0.0000e+00 0.0000e+00 7.0000e+00 1.3000e+01 7.0000e+00 9.0000e+00
0.0000e+00 3.4500e+02 1.6000e+01 7.2000e+01 5.0000e+01 3.5000e+01 0.0000e+00 2.2000e+01 8.9700e+02 5.8000e+01 1.7000e+01 7.0000e+00 4.2000e+01 3.1000e+01 1.9100e+02 4.2000e+02 5.1900e+02 7.6000e+01 1.7000e+01 1.4100e+02 3.0000e+01 2.0000e+01 5.1970e+03 0.0000e+00 1.9800e+02 3.4100e+03 4.2000e+01 5.7760e+03 5.2000e+02 1.5000e+01 4.8000e+01 3.0000e+01 9.0000e+00 2.4000e+01 3.1300e+02 2.0000e+01 2.1000e+01 0.0000e+00 0.0000e+00 1.7100e+03 3.0000e+01 8.9000e+01 0.0000e+00 5.8000e+01 0.0000e+00 0.0000e+00 3.8000e+01 1.2300e+02 2.2000e+01 1.7000e+01
0.0000e+00 1.5000e+01 1.1000e+01 1.9200e+02 7.5000e+01 1.1000e+01 0.0000e+00 1.9000e+01 3.6000e+01 1.6000e+01 1.9000e+01 2.1000e+01 1.0000e+01 3.1000e+01 1.3000e+01 1.1200e+02 2.3000e+01 1.2000e+01 4.7000e+01 1.2000e+01 7.0000e+00 3.2000e+01 7.3000e+01 0.0000e+00 2.9000e+01 1.1200e+02 1.1000e+01 2.9000e+01 3.3000e+01 9.9000e+01 2.9000e+01 1.1000e+01 1.2000e+01 2.3000e+01 1.5900e+02 1.3000e+01 1.0000e+01 0.0000e+00 0.0000e+00 2.7000e+01 1.2000e+01 1.4000e+01 0.0000e+00 3.4000e+01 0.0000e+00 0.0000e+00 7.6000e+01 1.4000e+01 9.0000e+00 3.4000e+01
0.0000e+00 5.3300e+03 7.0000e+00 1.7000e+01 1.7410e+03 5.1600e+02 0.0000e+00 5.2790e+03 1.4700e+02 5.8000e+01 5.8000e+01 8.7400e+02 3.9300e+02 4.4900e+02 5.4970e+03 2.2000e+01 5.0130e+03 5.6280e+03 5.3890e+03 5.8070e+03 1.8700e+02 1.2000e+01 3.2000e+01 0.0000e+00 2.2000e+02 3.0400e+02 9.4700e+02 6.2000e+01 4.0810e+03 3.7000e+01 3.7000e+01 4.9920e+03 5.2850e+03 5.7900e+03 4.0680e+03 5.8720e+03 3.0600e+03 0.0000e+00 0.0000e+00 4.0710e+03 2.5000e+01 3.1000e+01 0.0000e+00 5.3050e+03 0.0000e+00 0.0000e+00 2.7000e+02 9.0000e+00 1.3000e+01 5.8820e+03
