8.4770e-01 1.3543e-01 2.2745e-01 7.3986e-01 5.1297e-01 5.4054e-01 3.3947e-01 2.0907e-01 8.8947e-01 9.7433e-01
1.6329e-01 5.6093e-01 2.3422e-01 9.9693e-01 5.7302e-01 2.7329e-01 7.8519e-01 4.3933e-02 9.0551e-02 9.6893e-01
9.7236e-01 4.4608e-01 5.3719e-02 6.0908e-01 7.7018e-01 6.0308e-01 9.8283e-01 7.7947e-01 5.7986e-01 4.5825e-01
7.6151e-01 7.6677e-01 8.0976e-01 5.2622e-01 7.1800e-01 9.7488e-01 1.5784e-01 4.3769e-01 3.5694e-01 8.1535e-01
1.4493e-02 1.3026e-01 8.6132e-01 6.6801e-01 2.7831e-01 2.8238e-01 5.8317e-02 6.0828e-01 1.5104e-01 3.1218e-01
7.0448e-01 4.0612e-01 1.1964e-01 1.5860e-01 5.0704e-01 3.7769e-01 9.7522e-01 7.3966e-01 2.0325e-01 5.9555e-01
8.2673e-01 4.4520e-01 2.9809e-01 3.2164e-01 6.0335e-01 5.6647e-01 4.5518e-01 2.1422e-01 4.8802e-01 6.2209e-01
5.0934e-01 9.6221e-01 9.5248e-01 3.0338e-01 1.2585e-02 4.0581e-01 6.0354e-01 8.3600e-01 5.0972e-01 2.6706e-02
2.2433e-01 4.6498e-01 1.3235e-01 7.5843e-01 4.8821e-01 5.4054e-02 3.8693e-01 5.1648e-01 7.1354e-01 4.6399e-01
3.8752e-02 9.9370e-01 2.2312e-01 1.9358e-01 1.2425e-01 2.6130e-01 1.7115e-01 4.8597e-01 4.4121e-01 5.5060e-01
