8.4600e+02 1.3800e+02 2.2700e+02 7.4800e+02 5.1400e+02 5.0000e+02 3.3200e+02 2.1200e+02 8.5300e+02 9.4900e+02
1.6900e+02 5.5700e+02 2.3000e+02 9.7300e+02 5.6500e+02 2.6700e+02 7.5300e+02 4.2000e+01 9.2000e+01 1.0290e+03
9.8500e+02 4.5500e+02 5.2000e+01 6.1700e+02 8.1100e+02 5.8800e+02 9.7300e+02 8.2000e+02 5.7000e+02 4.7200e+02
7.4400e+02 7.6600e+02 8.1300e+02 5.5200e+02 6.9000e+02 1.0090e+03 1.5500e+02 4.3200e+02 3.6800e+02 7.8600e+02
1.4000e+01 1.3300e+02 9.1300e+02 6.6200e+02 2.6300e+02 2.9000e+02 6.1000e+01 5.7300e+02 1.5300e+02 3.0500e+02
7.3900e+02 3.8500e+02 1.2000e+02 1.5400e+02 5.0400e+02 4.0300e+02 9.8400e+02 7.8700e+02 2.0000e+02 5.8900e+02
8.3500e+02 4.5900e+02 2.9600e+02 3.3000e+02 6.1300e+02 5.7100e+02 4.5700e+02 2.2000e+02 4.8900e+02 6.4200e+02
4.9100e+02 9.4200e+02 9.2200e+02 3.1400e+02 1.3000e+01 4.0500e+02 5.8000e+02 8.3600e+02 4.9800e+02 2.7000e+01
2.3600e+02 4.7800e+02 1.2600e+02 8.1000e+02 4.9700e+02 5.0000e+01 3.8500e+02 5.1700e+02 6.8500e+02 4.5100e+02
4.1000e+01 9.4600e+02 2.2000e+02 1.9300e+02 1.2400e+02 2.6600e+02 1.7800e+02 4.8500e+02 4.0900e+02 5.5500e+02
