4.5700e+02 3.1200e+02 4.7900e+02 4.5100e+02 2.4700e+02 4.0000e+00 3.1000e+02 1.6400e+02 5.7600e+02 5.6600e+02 5.3800e+02 5.9100e+02 4.5200e+02 5.5300e+02 4.7800e+02 2.8900e+02 4.5500e+02 2.8000e+02 4.0300e+02 2.5200e+02 3.7700e+02 5.8100e+02 6.2800e+02 5.6700e+02 3.0300e+02 5.6600e+02 4.6800e+02 3.4100e+02 2.8600e+02 5.3300e+02 4.8700e+02 2.9500e+02 5.2200e+02 5.6500e+02 2.5100e+02 3.5800e+02 4.9700e+02 4.0800e+02 2.7400e+02 5.8800e+02 5.1800e+02 1.7100e+02 5.8000e+02 6.0200e+02 1.7400e+02 1.9200e+02 1.5600e+02 2.8800e+02 2.6200e+02 4.1500e+02
1.4000e+02 2.0800e+02 3.2100e+02 5.2000e+01 7.0000e+01 1.7200e+02 3.1000e+01 2.8400e+02 9.3000e+01 2.3800e+02 9.1000e+01 1.0600e+02 1.3800e+02 3.9000e+01 3.3000e+02 3.8000e+01 1.9600e+02 2.2800e+02 2.4100e+02 1.1800e+02 1.9400e+02 3.0300e+02 2.2100e+02 7.0000e+01 2.3800e+02 2.5400e+02 1.3700e+02 1.4100e+02 3.0000e+02 8.2000e+01 1.9000e+02 2.8500e+02 1.1100e+02 1.2300e+02 2.6200e+02 3.0100e+02 9.9000e+01 5.8000e+01 1.4200e+02 9.6000e+01 3.6000e+01 8.5000e+01 3.7900e+02 2.6500e+02 9.9000e+01 1.8600e+02 1.2000e+01 2.0000e+00 7.3000e+01 2.8100e+02
5.2400e+02 4.0000e+02 6.0300e+02 1.2000e+02 6.3000e+01 2.6100e+02 6.0800e+02 3.2800e+02 1.5700e+02 1.6000e+02 5.4000e+02 6.2000e+01 9.1000e+01 5.8000e+01 3.3700e+02 0.0000e+00 9.1000e+01 7.8000e+01 3.3500e+02 3.3000e+02 1.6900e+02 8.8000e+01 3.5800e+02 5.1000e+01 3.8500e+02 3.2600e+02 4.2900e+02 2.0500e+02 5.0800e+02 1.8100e+02 3.1100e+02 6.0800e+02 4.5100e+02 1.9700e+02 1.3900e+02 3.8300e+02 9.7000e+01 3.7700e+02 1.2700e+02 4.9400e+02 9.9000e+01 1.5500e+02 2.6000e+01 3.4500e+02 2.9300e+02 1.5800e+02 2.4000e+01 5.2800e+02 2.7500e+02 5.3300e+02
1.7100e+02 2.1200e+02 2.1000e+01 9.2000e+01 3.7000e+01 3.1300e+02 1.4500e+02 3.1000e+01 6.5000e+01 2.8600e+02 1.9400e+02 3.4800e+02 1.4900e+02 2.7200e+02 2.8000e+01 9.5000e+01 3.9000e+01 1.9900e+02 2.0100e+02 2.7800e+02 4.7300e+02 2.4300e+02 2.9600e+02 3.4600e+02 4.1100e+02 3.9600e+02 4.8000e+02 3.9300e+02 3.4700e+02 3.1100e+02 4.9800e+02 3.3700e+02 3.0400e+02 4.5500e+02 4.1800e+02 3.4400e+02 2.2000e+02 2.4800e+02 4.3200e+02 1.7300e+02 2.5600e+02 3.3700e+02 1.5600e+02 1.0100e+02 3.3600e+02 5.1100e+02 3.7500e+02 2.8100e+02 3.2000e+02 2.9400e+02
3.5700e+02 3.4900e+02 4.0200e+02 2.3000e+02 3.6400e+02 3.1400e+02 2.7600e+02 4.6000e+02 7.4000e+01 2.4600e+02 4.1100e+02 3.4100e+02 5.0600e+02 2.1300e+02 2.4500e+02 2.7700e+02 5.0900e+02 2.6100e+02 3.0000e+02 3.6700e+02 3.7300e+02 3.3000e+02 1.5700e+02 1.7000e+02 2.6600e+02 2.4500e+02 5.5900e+02 2.9400e+02 5.1300e+02 2.2400e+02 3.1700e+02 4.5100e+02 2.8200e+02 2.0200e+02 5.6400e+02 4.5900e+02 3.5900e+02 2.9700e+02 3.2700e+02 2.4200e+02 3.2600e+02 3.5900e+02 2.3800e+02 1.4300e+02 3.0500e+02 2.4000e+02 3.6000e+02 2.8600e+02 4.1500e+02 4.7900e+02
6.1500e+02 6.0700e+02 5.8400e+02 5.6000e+02 5.6300e+02 3.5100e+02 3.9000e+02 5.6700e+02 4.7600e+02 6.2200e+02 4.3900e+02 4.7200e+02 5.7500e+02 5.2900e+02 3.3900e+02 2.4000e+01 3.9000e+02 8.9000e+01 4.5500e+02 8.0000e+01 5.5600e+02 6.1500e+02 5.6100e+02 5.7200e+02 5.9300e+02 4.5500e+02 5.7300e+02 3.7000e+02 5.3500e+02 8.2000e+01 6.2000e+02 5.6300e+02 3.3500e+02 5.3200e+02 5.8300e+02 5.8600e+02 5.1700e+02 5.7700e+02 5.8800e+02 6.0700e+02 5.5600e+02 5.6500e+02 5.6800e+02 5.9400e+02 6.3400e+02 4.4300e+02 2.3200e+02 5.3600e+02 3.6800e+02 3.0300e+02
5.4900e+02 1.1900e+02 5.0200e+02 4.3400e+02 5.8200e+02 1.2400e+02 5.9100e+02 5.7300e+02 1.2400e+02 5.4200e+02 1.7600e+02 8.2000e+01 9.0000e+01 2.3600e+02 1.8100e+02 4.0200e+02 4.3600e+02 3.4000e+01 5.6000e+01 3.2100e+02 4.5100e+02 1.4000e+01 2.9200e+02 1.9200e+02 4.5100e+02 2.1200e+02 1.9000e+01 3.3400e+02 4.4900e+02 1.3900e+02 2.0600e+02 4.2000e+02 1.9300e+02 1.0000e+01 1.6000e+01 5.6400e+02 2.3100e+02 5.7000e+01 4.0200e+02 4.3100e+02 4.6800e+02 1.7200e+02 5.8300e+02 1.8600e+02 6.5000e+01 2.4500e+02 1.5700e+02 5.5800e+02 4.6600e+02 5.3000e+01
1.8100e+02 3.6600e+02 3.7800e+02 1.5100e+02 4.3300e+02 2.3700e+02 1.9900e+02 2.8700e+02 4.3200e+02 3.9200e+02 2.3800e+02 4.9200e+02 1.4800e+02 5.0600e+02 3.9300e+02 2.8400e+02 3.0500e+02 2.4600e+02 1.1300e+02 3.1100e+02 4.9800e+02 2.8600e+02 1.8500e+02 1.7700e+02 1.9500e+02 2.3600e+02 4.6000e+02 3.0000e+02 5.0700e+02 2.0900e+02 3.2100e+02 3.2100e+02 3.8300e+02 5.3400e+02 4.9500e+02 4.7400e+02 7.5000e+01 2.7300e+02 3.9700e+02 2.8800e+02 3.5400e+02 1.5700e+02 1.1900e+02 1.5300e+02 1.9000e+02 4.1800e+02 3.1900e+02 2.3400e+02 4.7500e+02 4.6600e+02
4.1200e+02 5.3600e+02 4.2300e+02 5.7500e+02 4.2700e+02 5.3500e+02 3.8400e+02 3.7300e+02 3.1500e+02 3.0400e+02 4.2500e+02 4.0400e+02 4.8800e+02 4.4700e+02 3.9000e+02 2.8900e+02 3.5000e+02 2.6900e+02 3.8400e+02 3.6600e+02 3.3100e+02 2.9100e+02 4.6000e+02 3.0600e+02 3.9000e+02 4.8800e+02 4.7700e+02 3.3800e+02 4.5400e+02 4.7400e+02 3.2800e+02 4.1700e+02 3.9200e+02 3.9000e+02 4.7700e+02 4.1600e+02 5.5000e+02 3.5900e+02 2.5200e+02 3.1900e+02 4.1000e+02 3.5600e+02 4.4300e+02 5.3000e+02 3.4600e+02 4.2300e+02 4.7500e+02 3.7100e+02 3.7800e+02 4.6100e+02
3.8700e+02 5.8000e+01 4.1100e+02 4.7000e+01 1.1200e+02 4.9200e+02 1.5700e+02 1.4700e+02 7.0000e+01 3.7900e+02 3.3700e+02 4.8500e+02 1.0200e+02 3.2300e+02 9.0000e+01 1.1900e+02 3.8200e+02 2.7200e+02 2.8500e+02 3.2800e+02 5.2600e+02 1.8900e+02 2.9800e+02 1.6000e+02 2.6800e+02 5.1800e+02 4.9200e+02 3.0200e+02 2.7900e+02 3.2500e+02 3.0300e+02 3.9600e+02 4.8000e+01 2.9800e+02 3.4300e+02 1.2800e+02 4.6000e+01 2.8000e+02 3.6800e+02 7.4000e+01 3.5600e+02 2.9400e+02 2.5400e+02 1.8300e+02 3.5900e+02 2.7200e+02 3.0400e+02 3.8700e+02 2.9300e+02 3.7600e+02
