8.4284e-01 1.3886e-01 2.3529e-01 7.5251e-01 4.9163e-01 5.6095e-01 3.5614e-01 2.2584e-01 9.1341e-01 9.7303e-01
1.4947e-01 5.7526e-01 2.6950e-01 9.9592e-01 5.7719e-01 2.8210e-01 7.7105e-01 6.4706e-02 1.0645e-01 9.7024e-01
9.6747e-01 4.8038e-01 5.9811e-02 5.9923e-01 7.7677e-01 5.6087e-01 9.8141e-01 7.8785e-01 5.7026e-01 5.1815e-01
7.5607e-01 7.6567e-01 8.0041e-01 5.4412e-01 7.2312e-01 9.7839e-01 1.5972e-01 4.5250e-01 3.4131e-01 8.1319e-01
8.9286e-03 1.3982e-01 8.8492e-01 6.5575e-01 2.7282e-01 2.6011e-01 7.1429e-02 5.7522e-01 1.6028e-01 3.5325e-01
6.9911e-01 3.9484e-01 1.0352e-01 1.4740e-01 5.0299e-01 4.2198e-01 9.6841e-01 7.4421e-01 1.9433e-01 5.7352e-01
8.3152e-01 4.6235e-01 3.1542e-01 3.1842e-01 6.5992e-01 5.8200e-01 4.8600e-01 2.3054e-01 5.0145e-01 6.1123e-01
4.8811e-01 9.6958e-01 9.6917e-01 3.0868e-01 1.5015e-02 4.3287e-01 6.1494e-01 8.2635e-01 4.8551e-01 8.8670e-03
2.1543e-01 4.6995e-01 1.3771e-01 7.5126e-01 4.8748e-01 4.3295e-02 4.3558e-01 5.5271e-01 7.2965e-01 4.5528e-01
5.1639e-02 9.9055e-01 2.1958e-01 1.7588e-01 1.1176e-01 2.6626e-01 1.8607e-01 4.9606e-01 4.3763e-01 5.9348e-01
