8.6139e-01 1.7476e-01 2.8409e-01 7.7907e-01 5.0000e-01 5.7447e-01 2.8866e-01 1.7241e-01 9.5238e-01 9.7170e-01
1.7647e-01 4.9474e-01 1.5455e-01 1.0000e+00 5.3333e-01 2.4038e-01 7.3737e-01 5.2174e-02 1.1224e-01 9.6000e-01
9.5960e-01 4.0952e-01 4.5045e-02 7.2549e-01 7.6136e-01 5.6604e-01 9.5604e-01 7.8652e-01 5.0526e-01 5.5670e-01
8.2979e-01 7.6344e-01 7.2527e-01 5.2137e-01 6.0440e-01 9.8000e-01 1.6514e-01 4.5192e-01 3.4043e-01 7.9121e-01
0.0000e+00 1.5534e-01 8.6000e-01 6.5138e-01 2.6316e-01 2.6000e-01 8.7912e-02 4.8958e-01 1.9820e-01 4.3299e-01
7.4725e-01 5.1429e-01 9.4340e-02 2.1839e-01 4.7748e-01 3.8144e-01 9.8958e-01 8.0357e-01 2.3404e-01 6.4444e-01
8.0612e-01 4.1379e-01 2.5472e-01 2.8704e-01 6.5385e-01 6.0185e-01 4.2241e-01 1.6456e-01 5.5319e-01 5.2632e-01
5.0549e-01 9.6396e-01 9.6939e-01 2.9365e-01 2.9412e-02 3.1915e-01 5.9649e-01 8.0645e-01 4.9020e-01 9.0090e-03
2.2124e-01 4.5556e-01 1.5385e-01 7.5455e-01 4.6939e-01 2.1053e-02 4.0625e-01 5.4098e-01 7.1717e-01 4.6154e-01
9.0909e-03 1.0000e+00 2.3333e-01 1.6832e-01 1.4118e-01 2.9126e-01 1.6667e-01 5.0450e-01 5.0000e-01 4.9057e-01
