6.6667e-02 8.0000e-02 3.5246e-01 3.6000e-01 3.4211e-01 7.1732e-01 8.8342e-01 3.2099e-01 2.5000e-01 5.5556e-02 5.2800e-01 2.3404e-01 7.4074e-02 1.9565e-01 3.7736e-01 4.9057e-01 1.5385e-01 1.5385e-01 7.6923e-02 7.6923e-02 2.7451e-01 3.6170e-01 4.5455e-02 3.0909e-01 1.7143e-01 2.3256e-01 4.5854e-01 0.0000e+00 1.2500e-01 5.1163e-01 2.3077e-01 3.4211e-01 2.8169e-01 4.0426e-01 3.3333e-01 4.6789e-01 1.2500e-01 6.3087e-01 9.0107e-01 6.4407e-01 2.7397e-01 4.7619e-02 6.6469e-01 1.9355e-01 4.7059e-01 4.6753e-01 4.9356e-01 4.8780e-01 9.5238e-02 0.0000e+00
1.0000e-01 1.1765e-01 1.1765e-01 5.7627e-01 2.3077e-01 5.0000e-01 0.0000e+00 2.5926e-01 2.7778e-01 4.2500e-01 1.1111e-01 5.2174e-01 0.0000e+00 1.1111e-01 1.6667e-01 5.4545e-01 6.1932e-01 1.4286e-01 1.5000e-01 2.8571e-01 7.2655e-01 4.4828e-01 2.5000e-01 3.8889e-01 4.2105e-01 2.0000e-01 3.4375e-01 2.8571e-01 4.6154e-01 8.1818e-01 6.6667e-02 9.1589e-01 3.9286e-01 0.0000e+00 1.0000e+00 1.7647e-01 1.8182e-01 1.0000e+00 1.0000e+00 3.0000e-01 0.0000e+00 0.0000e+00 7.1429e-01 4.4681e-01 1.0000e+00 1.8182e-01 0.0000e+00 2.1429e-01 1.3333e-01 1.0000e-01
2.8571e-01 3.4483e-02 1.3725e-01 1.9444e-01 2.2222e-01 4.8611e-01 4.8214e-01 8.5714e-02 0.0000e+00 2.2807e-01 2.3077e-01 1.0526e-01 3.1250e-02 1.3208e-01 5.0000e-02 4.5745e-01 7.5000e-02 2.4786e-01 1.1364e-01 3.2258e-02 2.9464e-01 4.8026e-01 1.4286e-01 2.8409e-01 2.0588e-01 2.6596e-01 0.0000e+00 7.6923e-02 1.7241e-01 7.2337e-01 1.0000e-01 1.9355e-01 5.8824e-02 1.6000e-01 2.5000e-01 2.7059e-01 5.7143e-02 5.4299e-01 5.9677e-01 3.0435e-01 0.0000e+00 3.5714e-02 5.8033e-01 3.8819e-01 1.7391e-01 5.2632e-02 1.6000e-01 4.7619e-02 1.1765e-01 0.0000e+00
2.6761e-01 2.9412e-02 6.8182e-02 1.0000e-01 1.2903e-01 1.2000e-01 5.7143e-01 5.2632e-02 1.9048e-01 6.2500e-02 8.0000e-02 2.5532e-01 2.6316e-02 2.1705e-01 2.3729e-01 3.8889e-01 2.5641e-02 6.5217e-02 0.0000e+00 8.1633e-02 3.2258e-02 2.5000e-01 3.9714e-01 1.0000e-01 1.0417e-01 3.1250e-02 2.3469e-01 0.0000e+00 4.5455e-02 6.2294e-01 0.0000e+00 1.5152e-01 0.0000e+00 0.0000e+00 3.8462e-01 1.8182e-01 6.6667e-02 0.0000e+00 3.9216e-01 3.7778e-01 0.0000e+00 0.0000e+00 2.7778e-01 0.0000e+00 0.0000e+00 2.2449e-01 9.0909e-02 2.4242e-01 0.0000e+00 4.1667e-02
3.0000e-01 5.0000e-02 1.7143e-01 1.5789e-01 2.6087e-01 0.0000e+00 1.0000e+00 1.8182e-01 2.6984e-01 1.0526e-01 0.0000e+00 2.0000e-01 4.5455e-02 1.9512e-01 3.0000e-01 4.4118e-01 4.5455e-02 1.0714e-01 2.6786e-01 4.7619e-02 1.5385e-01 1.6667e-01 1.1538e-01 1.8519e-01 0.0000e+00 2.2222e-01 2.8261e-01 2.4074e-01 7.5818e-01 4.8387e-01 4.7619e-02 1.3333e-01 1.1538e-01 8.3333e-02 6.3218e-01 2.4324e-01 8.3333e-02 2.0000e-01 1.0000e+00 3.3333e-01 1.1111e-01 3.2877e-01 6.2411e-01 1.6000e-01 3.7931e-01 2.6087e-01 3.0508e-01 3.0303e-01 2.5000e-01 1.1765e-01
2.5581e-01 6.4516e-02 3.4483e-02 1.8750e-01 2.5641e-01 1.1111e-01 2.8571e-01 1.3953e-01 2.5664e-01 4.3478e-02 3.5714e-01 2.6087e-01 1.1111e-01 0.0000e+00 3.2308e-01 3.1579e-01 3.2258e-02 5.8824e-02 0.0000e+00 5.8824e-02 7.1429e-02 1.2500e-01 1.4583e-01 4.1667e-02 3.7037e-02 9.0909e-02 4.0000e-02 1.5789e-01 1.0000e-01 1.3333e-01 1.5686e-01 1.3043e-01 1.1905e-01 0.0000e+00 3.6364e-01 3.7811e-01 1.1364e-01 0.0000e+00 6.5341e-01 8.1418e-01 1.4000e-01 0.0000e+00 3.6207e-01 4.1667e-02 3.4043e-01 2.7273e-01 2.4359e-01 2.4444e-01 4.1667e-02 5.0000e-02
5.0188e-01 2.9412e-02 1.7073e-01 7.4074e-02 8.0000e-02 3.7500e-01 2.4000e-01 0.0000e+00 0.0000e+00 0.0000e+00 2.8767e-01 0.0000e+00 2.6316e-02 4.7619e-02 0.0000e+00 5.5556e-02 0.0000e+00 0.0000e+00 0.0000e+00 9.4340e-02 0.0000e+00 0.0000e+00 1.4062e-01 0.0000e+00 5.4054e-02 9.5238e-02 0.0000e+00 2.6316e-02 8.0000e-02 4.3478e-01 0.0000e+00 0.0000e+00 0.0000e+00 1.5625e-01 0.0000e+00 5.8824e-02 0.0000e+00 1.5385e-01 0.0000e+00 1.6667e-01 0.0000e+00 0.0000e+00 1.8182e-01 0.0000e+00 0.0000e+00 5.4532e-01 1.8421e-01 2.2414e-01 3.4483e-02 7.1429e-02
1.0345e-01 8.6957e-02 1.1864e-01 1.8182e-01 1.0714e-01 1.8750e-01 1.9048e-01 5.4054e-02 0.0000e+00 1.4583e-01 1.2903e-01 1.2727e-01 6.3830e-02 1.1475e-01 4.1667e-02 1.9355e-01 1.2121e-01 6.5217e-02 8.3333e-02 6.6667e-02 5.7143e-02 1.2500e-01 1.6883e-01 1.0000e-01 7.3171e-02 0.0000e+00 5.8824e-02 8.0000e-02 8.0000e-02 2.7778e-01 1.1111e-01 2.1739e-01 0.0000e+00 0.0000e+00 1.0000e-01 8.1081e-02 0.0000e+00 1.5385e-01 2.9032e-01 0.0000e+00 2.7027e-02 8.8889e-02 8.6957e-02 3.4483e-02 5.2632e-02 0.0000e+00 3.0303e-02 1.3514e-01 0.0000e+00 7.1429e-02
4.3478e-02 1.7105e-01 1.0909e-01 7.4074e-02 2.5862e-01 0.0000e+00 5.1969e-01 1.3559e-01 1.5854e-01 3.5714e-02 8.0000e-02 5.4054e-02 4.6512e-02 8.0000e-02 4.1667e-02 3.4328e-01 1.0345e-01 1.5854e-01 1.4493e-01 4.8780e-02 1.2245e-01 1.9565e-01 0.0000e+00 2.6549e-01 1.5385e-01 1.6667e-01 3.2258e-02 1.1475e-01 1.0714e-01 1.0526e-01 1.6667e-01 1.8421e-01 1.2069e-01 1.3793e-01 2.9787e-01 2.3711e-01 2.7027e-02 3.4722e-01 1.1765e-01 7.1429e-02 2.7027e-02 8.8889e-02 1.4286e-01 1.1628e-01 5.4082e-01 8.0000e-02 1.4035e-01 1.6667e-01 6.0606e-02 7.1429e-02
1.9565e-01 1.1321e-01 1.0909e-01 1.2121e-01 5.4978e-01 4.1353e-01 4.6341e-01 2.7108e-01 1.1475e-01 1.3333e-01 2.2449e-01 2.1569e-01 2.1094e-01 4.7619e-02 1.7073e-01 3.8889e-01 2.5641e-02 1.7391e-01 8.3333e-02 2.3077e-01 1.7188e-01 3.9819e-01 1.8391e-01 1.8750e-01 1.1538e-01 1.8056e-01 9.7561e-02 2.6316e-02 2.3529e-01 1.9231e-01 0.0000e+00 2.4528e-01 1.0909e-01 2.0000e-01 3.2075e-01 1.2766e-01 1.2500e-01 2.5000e-01 5.1695e-01 1.2500e-01 1.7582e-01 1.1538e-01 3.1343e-01 2.0000e-01 9.0909e-02 1.5152e-01 2.6667e-01 1.7778e-01 2.0548e-01 2.7500e-01
1.0000e+00 1.4286e-01 4.2500e-01 8.5714e-01 3.3333e-01 0.0000e+00 1.0000e+00 0.0000e+00 3.6364e-01 3.3333e-01 1.4286e-01 3.1818e-01 0.0000e+00 2.9167e-01 8.8889e-01 5.0000e-01 3.8462e-01 4.5098e-01 6.1268e-01 0.0000e+00 5.5357e-01 8.1034e-01 5.0000e-01 8.7892e-01 4.2857e-01 0.0000e+00 7.0526e-01 3.0769e-01 1.6667e-01 6.6667e-01 6.9055e-01 7.1429e-01 3.5714e-01 3.7500e-01 4.0000e-01 6.3095e-01 1.3333e-01 2.8571e-01 6.6667e-01 1.0000e+00 0.0000e+00 8.1262e-01 7.2727e-01 6.1972e-01 3.3333e-01 1.0000e+00 3.7037e-01 6.6667e-01 3.8462e-01 1.2500e-01
2.7119e-01 3.2258e-02 7.5000e-02 0.0000e+00 1.3793e-01 6.1627e-01 3.9535e-01 1.1364e-01 0.0000e+00 4.0000e-02 2.6923e-01 3.1500e-01 1.4062e-01 0.0000e+00 3.6667e-01 6.2140e-01 6.9767e-02 5.2632e-02 1.1765e-01 0.0000e+00 3.0968e-01 1.3333e-01 2.4786e-01 1.1111e-01 2.0000e-01 2.2619e-01 3.9773e-01 2.9412e-02 3.6634e-01 3.6735e-01 2.2772e-01 1.1538e-01 0.0000e+00 1.2500e-01 5.1648e-01 1.2500e-01 0.0000e+00 4.7143e-01 6.3100e-01 1.3333e-01 0.0000e+00 3.5274e-01 9.5238e-02 9.0909e-02 0.0000e+00 1.9444e-01 1.0000e-01 2.0455e-01 2.8182e-01 2.7273e-01
8.5714e-01 7.4091e-01 7.5072e-01 5.5556e-01 7.1429e-01 1.0000e+00 1.0000e+00 7.0922e-01 4.0625e-01 5.0000e-01 0.0000e+00 6.9355e-01 5.8140e-01 7.3924e-01 5.0000e-01 5.7143e-01 6.8203e-01 4.7826e-01 7.9901e-01 8.0364e-01 6.0784e-01 4.0000e-01 4.8718e-01 7.4257e-01 8.3756e-01 7.6442e-01 4.0909e-01 5.8537e-01 6.6667e-01 0.0000e+00 8.1576e-01 8.3333e-01 7.0166e-01 4.0000e-01 1.0000e+00 4.5833e-01 7.6792e-01 1.0000e+00 1.0000e+00 1.0000e+00 6.7614e-01 7.7778e-01 0.0000e+00 7.8146e-01 1.0000e+00 1.0000e+00 7.4731e-01 7.5000e-01 6.7949e-01 3.3333e-01
1.7391e-01 1.8605e-01 4.1667e-02 3.4615e-01 3.0556e-01 1.7647e-01 2.3077e-01 2.6562e-01 1.4634e-01 3.8835e-01 6.6667e-02 4.0201e-01 1.4634e-01 9.3750e-02 4.1333e-01 3.5484e-01 1.8000e-01 9.3750e-02 1.3514e-01 1.7391e-01 4.7619e-02 6.7065e-01 1.2500e-01 3.2394e-01 2.6866e-01 1.5152e-01 2.2727e-01 3.0702e-01 2.5000e-01 5.1923e-01 2.2222e-01 4.0984e-01 2.6389e-01 1.2500e-01 3.9394e-01 2.3913e-01 7.1429e-02 6.7680e-01 6.5476e-01 6.5060e-01 4.0000e-02 0.0000e+00 3.8095e-01 2.0000e-01 4.2857e-01 5.8537e-01 4.5455e-02 3.1915e-01 0.0000e+00 0.0000e+00
1.1111e-01 1.9048e-01 2.3729e-01 4.2857e-01 3.2432e-01 2.3810e-01 6.7021e-01 4.5455e-02 2.7907e-01 1.7241e-01 3.3333e-01 2.2449e-01 3.6508e-01 4.1411e-01 6.2500e-02 8.3333e-02 9.3750e-02 7.1429e-02 2.4194e-01 4.0000e-01 1.6129e-01 3.2558e-01 1.6216e-01 2.5000e-01 1.6667e-01 3.2941e-01 2.3913e-01 3.8073e-01 1.9048e-01 2.3529e-01 3.2000e-01 3.5714e-01 3.5507e-01 7.1429e-02 3.8710e-01 1.6129e-01 7.4074e-02 5.8871e-01 6.3889e-01 2.6667e-01 1.5385e-01 2.0455e-01 2.2727e-01 4.6725e-01 5.7025e-01 3.3333e-01 4.7797e-01 3.3333e-01 5.9657e-01 2.1429e-01
1.2500e-01 0.0000e+00 4.7619e-02 2.1739e-01 1.6667e-01 0.0000e+00 5.7500e-01 2.1053e-01 0.0000e+00 1.6667e-01 1.3333e-01 5.0000e-02 0.0000e+00 1.0714e-01 4.9462e-01 3.7037e-01 4.3478e-02 0.0000e+00 8.3333e-02 1.0714e-01 3.3846e-01 3.7209e-01 4.7619e-02 2.7500e-01 5.0000e-02 1.7241e-01 1.7857e-01 1.6667e-01 0.0000e+00 1.0000e-01 8.3333e-02 2.8000e-01 4.7619e-02 6.6772e-01 8.3930e-01 3.4375e-01 0.0000e+00 7.5629e-01 7.5000e-01 1.8182e-01 0.0000e+00 0.0000e+00 5.6044e-01 0.0000e+00 6.8722e-01 0.0000e+00 1.2000e-01 6.9348e-01 1.0000e-01 6.6667e-02
7.6923e-02 1.3333e-01 5.0000e-02 1.0000e-01 8.0000e-02 1.8750e-01 0.0000e+00 7.3171e-02 0.0000e+00 8.5714e-02 5.0114e-01 2.9412e-02 1.5663e-01 2.0833e-01 2.5758e-01 0.0000e+00 1.1290e-01 6.5217e-02 6.8182e-02 1.4085e-01 1.4545e-01 0.0000e+00 1.1111e-01 6.0606e-02 1.0417e-01 3.1250e-02 0.0000e+00 1.7391e-01 1.0714e-01 6.2500e-02 0.0000e+00 4.5455e-02 0.0000e+00 4.7619e-02 1.6000e-01 9.7561e-02 4.8780e-02 0.0000e+00 2.1739e-01 0.0000e+00 0.0000e+00 0.0000e+00 0.0000e+00 1.8033e-01 0.0000e+00 1.2903e-01 1.7143e-01 4.1667e-02 1.3043e-01 1.5385e-01
6.0000e-01 8.4128e-01 0.0000e+00 7.7778e-01 8.3333e-01 5.0000e-01 0.0000e+00 8.0280e-01 3.0435e-01 0.0000e+00 1.0000e+00 5.4545e-01 3.6667e-01 7.1946e-01 2.0000e-01 6.6667e-01 5.7282e-01 8.3333e-02 3.3333e-01 0.0000e+00 2.9412e-01 1.6667e-01 9.0909e-02 3.1250e-01 7.3123e-01 3.6364e-01 1.0000e-01 4.0000e-01 0.0000e+00 2.0000e-01 0.0000e+00 2.0000e-01 1.5385e-01 2.0000e-01 3.3333e-01 6.9608e-01 7.8554e-01 0.0000e+00 5.0000e-01 0.0000e+00 0.0000e+00 0.0000e+00 7.5000e-01 0.0000e+00 1.0000e+00 5.5556e-01 0.0000e+00 4.4444e-01 5.4545e-01 4.6154e-01
2.3214e-01 7.1429e-02 5.0000e-02 4.1667e-02 2.8571e-01 5.2632e-02 7.1429e-02 0.0000e+00 2.6316e-02 0.0000e+00 5.0856e-01 5.4054e-02 0.0000e+00 1.2308e-01 2.4194e-01 5.0935e-01 6.3830e-02 0.0000e+00 0.0000e+00 0.0000e+00 7.8947e-02 0.0000e+00 0.0000e+00 8.3333e-02 7.3171e-02 1.2000e-01 5.8824e-02 2.6316e-02 1.0714e-01 2.7778e-01 0.0000e+00 0.0000e+00 8.5106e-02 4.7619e-02 1.8519e-01 9.7561e-02 0.0000e+00 0.0000e+00 5.2713e-01 1.9048e-01 6.6667e-02 2.9412e-02 3.6170e-01 0.0000e+00 0.0000e+00 1.6667e-01 1.0638e-01 7.1429e-02 0.0000e+00 0.0000e+00
2.8205e-01 0.0000e+00 0.0000e+00 7.4074e-02 1.0714e-01 5.2632e-02 1.1765e-01 1.0417e-01 8.0000e-02 3.5714e-02 3.8000e-01 1.8519e-01 2.6316e-02 8.0000e-02 1.8182e-01 2.3684e-01 2.5641e-02 0.0000e+00 2.7778e-02 4.8780e-02 5.7143e-02 1.7073e-01 0.0000e+00 1.3043e-01 0.0000e+00 7.6923e-02 5.8824e-02 9.2593e-02 1.0714e-01 1.4286e-01 5.1282e-02 1.0714e-01 2.7778e-02 4.7619e-02 5.8824e-02 5.8824e-02 6.6667e-02 9.5238e-02 2.4000e-01 7.1429e-02 2.7027e-02 7.3171e-02 2.5532e-01 2.1795e-01 2.0588e-01 4.5455e-02 1.4035e-01 4.1667e-02 0.0000e+00 0.0000e+00
4.4898e-01 1.7857e-01 0.0000e+00 1.3333e-01 8.3333e-02 5.9091e-01 5.0000e-01 5.5556e-02 5.0000e-02 6.6667e-02 5.4878e-01 0.0000e+00 0.0000e+00 1.8182e-01 0.0000e+00 7.9570e-01 1.1538e-01 8.6957e-02 1.2000e-01 9.0909e-02 2.5714e-01 7.6923e-02 9.5238e-02 1.1111e-01 2.9167e-01 5.8824e-02 0.0000e+00 8.6957e-02 0.0000e+00 0.0000e+00 1.2500e-01 2.2222e-01 2.3077e-01 9.0909e-02 3.1250e-01 3.7288e-01 1.6667e-01 1.6667e-01 0.0000e+00 0.0000e+00 3.5955e-01 0.0000e+00 2.5000e-01 4.6729e-01 2.5000e-01 2.2222e-01 4.1053e-01 0.0000e+00 1.1111e-01 7.5430e-01
4.2857e-01 7.1429e-02 2.9412e-01 2.6667e-01 4.6875e-01 2.2222e-01 4.5455e-01 2.8571e-01 1.5000e-01 0.0000e+00 1.8182e-01 2.5000e-01 0.0000e+00 2.8571e-01 3.3333e-01 7.1429e-01 0.0000e+00 2.2222e-01 0.0000e+00 6.6667e-02 0.0000e+00 2.5000e-01 7.1429e-02 8.3333e-02 7.1429e-02 7.6923e-02 3.9474e-01 6.6667e-02 1.1111e-01 2.2222e-01 0.0000e+00 2.3077e-01 7.1429e-02 1.0000e+00 6.9231e-01 4.3182e-01 1.1765e-01 6.5517e-01 5.0000e-01 0.0000e+00 4.0625e-01 1.6667e-01 3.0769e-01 0.0000e+00 3.5714e-01 1.0000e-01 1.2500e-01 5.2381e-01 0.0000e+00 0.0000e+00
2.5000e-01 8.3333e-02 3.7324e-01 5.6087e-01 5.6180e-01 2.2222e-01 1.1111e-01 4.7619e-02 2.8750e-01 1.6000e-01 1.2500e-01 1.7647e-01 4.1667e-02 1.5789e-01 2.0833e-01 5.2381e-01 5.0839e-01 2.1569e-01 1.6216e-01 2.2000e-01 2.1622e-01 1.8182e-01 5.0989e-01 4.4444e-01 2.3404e-01 3.0882e-01 2.9825e-01 4.0088e-01 4.2105e-01 6.5517e-01 1.7949e-01 7.0060e-01 4.8354e-01 0.0000e+00 7.0161e-01 3.9000e-01 1.2500e-01 6.7532e-01 0.0000e+00 5.9184e-01 1.4286e-01 4.7619e-02 5.1899e-01 5.5556e-02 4.5833e-01 1.5789e-01 5.0000e-02 3.6000e-01 5.2632e-02 1.1111e-01
0.0000e+00 0.0000e+00 0.0000e+00 0.0000e+00 0.0000e+00 5.7143e-01 8.5714e-01 1.9048e-01 3.4615e-01 0.0000e+00 4.2308e-01 0.0000e+00 0.0000e+00 1.9231e-01 6.0274e-01 2.2222e-01 4.0741e-01 0.0000e+00 1.1111e-01 5.1381e-01 3.1250e-01 6.5468e-01 6.4447e-01 0.0000e+00 1.1765e-01 7.1731e-01 4.0816e-01 4.3878e-01 0.0000e+00 1.4286e-01 3.9344e-01 0.0000e+00 6.6667e-02 0.0000e+00 6.2500e-01 7.2706e-01 2.3333e-01 0.0000e+00 8.7500e-01 1.4286e-01 0.0000e+00 0.0000e+00 0.0000e+00 0.0000e+00 4.2105e-01 1.0000e-01 6.0142e-01 3.0000e-01 2.8000e-01 2.0000e-01
2.1429e-01 0.0000e+00 3.0952e-01 9.0909e-02 4.5714e-01 2.0000e-01 3.3333e-01 0.0000e+00 5.8824e-02 2.8000e-01 3.6364e-01 4.2647e-01 5.8824e-02 2.5714e-01 5.4545e-01 2.0000e-01 1.3636e-01 0.0000e+00 6.2500e-02 1.0526e-01 0.0000e+00 4.2424e-01 0.0000e+00 7.6923e-02 1.8182e-01 1.1765e-01 2.0000e-01 6.1362e-01 1.6667e-01 0.0000e+00 0.0000e+00 2.1429e-01 2.3333e-01 2.6667e-01 5.7143e-01 2.2727e-01 0.0000e+00 9.9344e-01 1.0000e+00 0.0000e+00 5.8824e-02 0.0000e+00 6.2500e-01 7.6923e-02 1.0000e+00 1.6667e-01 2.6667e-01 3.1818e-01 7.6923e-02 9.0909e-02
6.9268e-01 6.2500e-02 1.9231e-01 6.5563e-01 7.9408e-01 7.3451e-01 1.0000e+00 3.0769e-01 1.0000e-01 6.3918e-01 3.3333e-01 6.5960e-01 3.4921e-01 1.3636e-01 5.1020e-01 5.0000e-01 1.7857e-01 1.0000e-01 1.0526e-01 3.0435e-01 2.5926e-01 1.5385e-01 3.0000e-01 6.2671e-01 5.2571e-01 2.9412e-01 2.9032e-01 1.6000e-01 2.1429e-01 7.1429e-01 1.7391e-01 3.7500e-01 1.9231e-01 4.6667e-01 6.6667e-01 5.4745e-01 1.0000e-01 9.4922e-01 1.0000e+00 5.7143e-01 1.6000e-01 2.7273e-01 7.5862e-01 4.2308e-01 7.4107e-01 5.9155e-01 2.9412e-01 7.2340e-01 2.8571e-01 1.4286e-01
8.0000e-02 1.4754e-01 0.0000e+00 0.0000e+00 2.6316e-01 4.2857e-01 7.2051e-01 1.3208e-01 8.3333e-02 0.0000e+00 1.7143e-01 1.7391e-01 1.0714e-01 0.0000e+00 3.8824e-01 4.0000e-01 0.0000e+00 8.3333e-02 1.2281e-01 6.9767e-02 1.1628e-01 4.5455e-02 0.0000e+00 1.6000e-01 1.0870e-01 1.8182e-01 0.0000e+00 2.7778e-02 2.7869e-01 1.4286e-01 5.2632e-02 0.0000e+00 0.0000e+00 8.6957e-02 6.1228e-01 2.1127e-01 0.0000e+00 4.9554e-01 2.0000e-01 0.0000e+00 0.0000e+00 2.8144e-01 2.3077e-01 0.0000e+00 0.0000e+00 1.3333e-01 1.3462e-01 1.8605e-01 6.2500e-02 0.0000e+00
1.0345e-01 5.2632e-02 1.2903e-01 1.2121e-01 4.5455e-02 9.0909e-02 7.1429e-02 7.3171e-02 6.5217e-02 1.3333e-01 1.4706e-01 1.1538e-01 0.0000e+00 8.0000e-02 1.2121e-01 9.5238e-02 4.6512e-02 0.0000e+00 2.7778e-02 1.4865e-01 1.3462e-01 1.0000e-01 0.0000e+00 0.0000e+00 7.3171e-02 1.4286e-01 0.0000e+00 1.0345e-01 1.0714e-01 1.0526e-01 5.1282e-02 1.2903e-01 5.0000e-02 0.0000e+00 1.3636e-01 0.0000e+00 9.4340e-02 0.0000e+00 3.8776e-01 0.0000e+00 8.1633e-02 2.6000e-01 3.2432e-01 1.8033e-01 1.4815e-01 5.1020e-01 2.0879e-01 2.6316e-01 8.3333e-02 0.0000e+00
3.2353e-01 8.6957e-02 4.5149e-01 6.9884e-01 6.1244e-01 6.9008e-01 1.0000e+00 3.0000e-01 2.1739e-01 5.9864e-01 4.5763e-01 4.7670e-01 3.5294e-01 3.7410e-01 5.4745e-01 4.5946e-01 4.2017e-01 2.0455e-01 2.7869e-01 4.1361e-01 3.8636e-01 3.2353e-01 2.6415e-01 0.0000e+00 5.5498e-01 1.7241e-01 4.6386e-01 3.4579e-01 4.2857e-01 3.3333e-01 2.7586e-01 2.3810e-01 2.7586e-01 1.8750e-01 5.9701e-01 2.1875e-01 8.0000e-02 4.6154e-01 1.0000e+00 4.2857e-01 4.2029e-01 2.2500e-01 4.8077e-01 4.1111e-01 6.1468e-01 4.5614e-01 2.8302e-01 3.1429e-01 4.1667e-01 1.9048e-01
2.4324e-01 0.0000e+00 1.7308e-01 2.1212e-01 1.3636e-01 1.5789e-01 6.7284e-01 2.7059e-01 4.3996e-01 4.7619e-02 5.1965e-01 2.5974e-01 1.6667e-01 1.4583e-01 3.5294e-01 3.6585e-01 1.6364e-01 1.8333e-01 3.7037e-02 3.5714e-02 3.7037e-01 4.2202e-01 9.0909e-02 2.1739e-01 7.1429e-02 3.1429e-01 5.1942e-01 2.3810e-01 4.4118e-01 5.7627e-01 9.0909e-02 2.8205e-01 1.2500e-01 2.5806e-01 7.1027e-01 3.3010e-01 1.2195e-01 1.2500e-01 6.8208e-01 1.5385e-01 1.8644e-01 2.1053e-01 5.8929e-01 2.2449e-01 5.8824e-01 1.6667e-01 4.0484e-01 3.8202e-01 4.5455e-02 2.1212e-01
1.8182e-01 7.1429e-02 7.1429e-02 2.3077e-01 2.5000e-01 5.0000e-01 1.0000e+00 2.0000e-01 2.6667e-01 5.3731e-01 9.2604e-01 2.0000e-01 1.1111e-01 2.9412e-01 7.6733e-01 8.0000e-01 2.5806e-01 1.1765e-01 0.0000e+00 0.0000e+00 6.9159e-01 0.0000e+00 1.6667e-01 2.8571e-01 7.0300e-01 3.7143e-01 2.2222e-01 1.5000e-01 2.5000e-01 5.0000e-01 1.5789e-01 2.8571e-01 4.6835e-01 0.0000e+00 1.0000e+00 6.8634e-01 0.0000e+00 1.0000e+00 1.0000e+00 0.0000e+00 1.1765e-01 7.6923e-02 5.0000e-01 2.5000e-01 8.0000e-01 2.8571e-01 7.2431e-01 7.8205e-01 1.8750e-01 3.5000e-01
3.4483e-01 1.7857e-01 3.3333e-01 4.8333e-01 9.0909e-02 2.1429e-01 1.0000e+00 1.0000e-01 3.3333e-01 1.5789e-01 1.4286e-01 5.5270e-01 1.8182e-01 2.5000e-01 7.6489e-01 8.2991e-01 5.0000e-02 1.4286e-01 1.5385e-01 5.2632e-02 1.0526e-01 2.2222e-01 2.9167e-01 6.6667e-02 2.7500e-01 5.7637e-01 6.2500e-02 2.2500e-01 1.5385e-01 8.3019e-01 1.5385e-01 3.7931e-01 1.9355e-01 6.3717e-01 6.9412e-01 6.0081e-01 1.2500e-01 7.8621e-01 1.0000e+00 1.4286e-01 1.2000e-01 2.5000e-01 7.5676e-01 3.8182e-01 6.1644e-01 3.3333e-01 4.0909e-01 6.9535e-01 0.0000e+00 3.2143e-01
5.2632e-02 0.0000e+00 6.2500e-02 4.1844e-01 2.0000e-01 5.8987e-01 5.0000e-01 1.2500e-01 1.1364e-01 2.7536e-01 2.0000e-01 1.2500e-01 1.4815e-01 1.5789e-01 2.9630e-01 6.2017e-01 3.2258e-02 3.3333e-02 8.3333e-02 6.0606e-02 0.0000e+00 1.2500e-01 6.2500e-02 2.1569e-01 8.8235e-02 3.7607e-01 3.0000e-01 1.6667e-01 2.1875e-01 4.8571e-01 6.2500e-02 1.6000e-01 3.5714e-02 5.8824e-02 6.5000e-01 1.2121e-01 0.0000e+00 1.1765e-01 8.0023e-01 9.0909e-02 6.0606e-02 1.2500e-01 2.3333e-01 0.0000e+00 4.2857e-01 3.6620e-01 1.1111e-01 1.4286e-01 4.1667e-02 9.0909e-02
1.0000e+00 6.5049e-01 6.4103e-01 6.6667e-01 1.0000e+00 0.0000e+00 1.0000e+00 8.6538e-01 7.2388e-01 6.5517e-01 1.0000e+00 5.5556e-01 7.8727e-01 6.4901e-01 1.0000e+00 0.0000e+00 3.5714e-01 6.2205e-01 6.8306e-01 6.0417e-01 5.7447e-01 1.0000e+00 6.3810e-01 7.0238e-01 4.5455e-01 7.1329e-01 5.1429e-01 4.5000e-01 6.6667e-01 1.0000e+00 6.5289e-01 8.0000e-01 6.9681e-01 5.0000e-01 1.0000e+00 5.5263e-01 6.0606e-01 1.0000e+00 5.0000e-01 4.0000e-01 6.0952e-01 2.1429e-01 5.0000e-01 6.8421e-01 5.0000e-01 1.0000e+00 7.1875e-01 6.6667e-01 6.1404e-01 5.0000e-01
1.7073e-01 0.0000e+00 0.0000e+00 2.0000e-01 0.0000e+00 9.0909e-02 1.5789e-01 0.0000e+00 1.3235e-01 1.3333e-01 4.5455e-02 1.1538e-01 0.0000e+00 0.0000e+00 0.0000e+00 1.3043e-01 0.0000e+00 0.0000e+00 0.0000e+00 0.0000e+00 1.6393e-01 1.5789e-01 0.0000e+00 3.4483e-02 0.0000e+00 1.4286e-01 0.0000e+00 6.5217e-02 0.0000e+00 0.0000e+00 2.1739e-01 0.0000e+00 1.9149e-01 0.0000e+00 3.5385e-01 8.1081e-02 0.0000e+00 0.0000e+00 0.0000e+00 1.9048e-01 0.0000e+00 0.0000e+00 2.7778e-01 4.1192e-01 9.0909e-02 2.0455e-01 7.5000e-02 4.1667e-02 3.4483e-02 0.0000e+00
6.6667e-01 8.2857e-01 7.8182e-01 0.0000e+00 8.8889e-01 1.0000e+00 1.0000e+00 8.6207e-01 7.1717e-01 1.0000e+00 1.0000e+00 9.5455e-01 7.9245e-01 7.8313e-01 1.0000e+00 1.0000e+00 8.2899e-01 8.3013e-01 1.0000e+00 9.0312e-01 1.0000e+00 6.6667e-01 8.4783e-01 5.0000e-01 7.5000e-01 1.0000e+00 7.5000e-01 6.9880e-01 7.5000e-01 1.0000e+00 8.5714e-01 1.0000e+00 8.7500e-01 7.5000e-01 5.0000e-01 6.6667e-01 9.2694e-01 6.6667e-01 1.0000e+00 1.0000e+00 7.6552e-01 5.0000e-01 1.0000e+00 1.0000e+00 1.0000e+00 1.0000e+00 5.0000e-01 6.0000e-01 7.9070e-01 1.0000e+00
7.6923e-02 0.0000e+00 0.0000e+00 3.3333e-01 0.0000e+00 1.4815e-01 4.4118e-01 7.3171e-02 1.3235e-01 3.5849e-01 0.0000e+00 0.0000e+00 0.0000e+00 0.0000e+00 4.6899e-01 2.2857e-01 4.6512e-02 2.9688e-01 1.7978e-01 2.2137e-01 2.5620e-01 7.4074e-02 0.0000e+00 3.5273e-01 0.0000e+00 9.3023e-02 2.6050e-01 0.0000e+00 0.0000e+00 0.0000e+00 0.0000e+00 2.5490e-01 2.9365e-01 0.0000e+00 2.3529e-01 2.5664e-01 2.7027e-02 9.5238e-02 4.3077e-01 3.1250e-01 0.0000e+00 3.3763e-01 4.5374e-01 1.3043e-01 4.2857e-01 1.6667e-01 3.7423e-01 3.2520e-01 0.0000e+00 2.7711e-01
7.6923e-02 9.0909e-02 2.3256e-01 4.1176e-01 2.9167e-01 8.0128e-01 6.6667e-01 4.0541e-01 8.3333e-02 1.1111e-01 4.6296e-01 3.4286e-01 1.1111e-01 1.5625e-01 5.7042e-01 5.2174e-01 1.7143e-01 8.3333e-02 1.9444e-01 1.5625e-01 2.5000e-01 4.0426e-01 1.4286e-01 6.1887e-01 4.0367e-01 2.9167e-01 3.5938e-01 1.8919e-01 4.1463e-01 0.0000e+00 5.0000e-02 2.7273e-01 3.0769e-01 0.0000e+00 4.2308e-01 4.2708e-01 4.5420e-01 3.1579e-01 1.0000e+00 3.3333e-01 1.7647e-01 5.2632e-02 8.0764e-01 2.1429e-01 4.8780e-01 1.7647e-01 3.9583e-01 3.8636e-01 1.6667e-01 4.6667e-01
6.6667e-01 8.8153e-01 8.3693e-01 1.0000e+00 1.0000e+00 1.0000e+00 1.0000e+00 3.5294e-01 6.2687e-01 8.8889e-01 0.0000e+00 7.2632e-01 8.5090e-01 8.8256e-01 3.3333e-01 0.0000e+00 0.0000e+00 8.7373e-01 1.8182e-01 8.6634e-01 0.0000e+00 0.0000e+00 5.1613e-01 1.0000e+00 8.7768e-01 4.0000e-01 8.3333e-01 7.2603e-01 5.0000e-01 7.5000e-01 0.0000e+00 7.5000e-01 0.0000e+00 1.0000e+00 8.0000e-01 1.0000e+00 0.0000e+00 1.0000e+00 1.0000e+00 0.0000e+00 6.5854e-01 6.1364e-01 1.0000e+00 0.0000e+00 1.0000e+00 0.0000e+00 6.6667e-01 1.0000e+00 1.2500e-01 6.6667e-01
1.0000e+00 5.0000e-01 9.4041e-01 1.0000e+00 7.1429e-01 5.0000e-01 0.0000e+00 7.0000e-01 6.8889e-01 7.5000e-01 5.0000e-01 8.1818e-01 7.4483e-01 8.2445e-01 1.0000e+00 5.0000e-01 7.6471e-01 8.5990e-01 5.7500e-01 7.2115e-01 0.0000e+00 1.0000e+00 7.6522e-01 8.7500e-01 0.0000e+00 6.6667e-01 1.0000e+00 6.8966e-01 4.0000e-01 1.0000e+00 9.8397e-01 6.6667e-01 8.2353e-01 1.0000e+00 1.0000e+00 1.0000e+00 7.1845e-01 1.0000e+00 1.0000e+00 1.0000e+00 6.7532e-01 8.3333e-01 1.0000e+00 1.0000e+00 6.6667e-01 1.0000e+00 1.0000e+00 7.5000e-01 7.9070e-01 1.0000e+00
6.9968e-01 4.7619e-02 3.3333e-01 6.6667e-02 4.6575e-01 1.4286e-01 0.0000e+00 1.5625e-01 7.6923e-02 1.6000e-01 2.6923e-01 0.0000e+00 0.0000e+00 2.7397e-01 3.7500e-01 9.0909e-02 1.2121e-01 1.0000e-01 3.0000e-01 0.0000e+00 5.6692e-01 2.3077e-01 3.9103e-01 0.0000e+00 4.3269e-01 2.8571e-01 1.4815e-01 1.5789e-01 3.0000e-01 4.8649e-01 2.4528e-01 2.0000e-01 8.0000e-02 0.0000e+00 2.7778e-01 2.3684e-01 1.0345e-01 0.0000e+00 0.0000e+00 1.8182e-01 0.0000e+00 3.7903e-01 1.3333e-01 2.1212e-01 6.2658e-01 4.6377e-01 3.3735e-01 6.1266e-01 1.7241e-01 4.4578e-01
1.0000e+00 1.0000e+00 8.9888e-01 1.0000e+00 1.0000e+00 1.0000e+00 1.0000e+00 9.0625e-01 9.6058e-01 7.1429e-01 1.0000e+00 1.0000e+00 8.9907e-01 8.6957e-01 1.0000e+00 1.0000e+00 7.7564e-01 9.5031e-01 9.1429e-01 1.0000e+00 1.0000e+00 1.0000e+00 9.6000e-01 1.0000e+00 7.1429e-01 5.0000e-01 1.0000e+00 9.8010e-01 1.0000e+00 1.0000e+00 9.2754e-01 1.0000e+00 8.6364e-01 1.0000e+00 1.0000e+00 1.0000e+00 8.7719e-01 1.0000e+00 1.0000e+00 5.0000e-01 9.6935e-01 1.0000e+00 1.0000e+00 1.0000e+00 1.0000e+00 6.6667e-01 1.0000e+00 1.0000e+00 1.0000e+00 1.0000e+00
0.0000e+00 0.0000e+00 2.7778e-02 0.0000e+00 2.9167e-01 2.0000e-01 2.9032e-01 2.9412e-02 4.7619e-02 6.2500e-02 0.0000e+00 0.0000e+00 2.6316e-02 8.0000e-02 0.0000e+00 1.3043e-01 1.4474e-01 0.0000e+00 2.7778e-02 4.8780e-02 2.7465e-01 4.3478e-02 0.0000e+00 3.4483e-02 0.0000e+00 3.1250e-02 1.8841e-01 1.2308e-01 2.1739e-01 3.0000e-01 0.0000e+00 1.2903e-01 0.0000e+00 8.3333e-02 1.6000e-01 9.7561e-02 1.2500e-01 0.0000e+00 3.8298e-01 0.0000e+00 0.0000e+00 0.0000e+00 2.5532e-01 0.0000e+00 3.1148e-01 1.2903e-01 0.0000e+00 1.6667e-01 0.0000e+00 1.5385e-01
0.0000e+00 8.6957e-02 9.6154e-02 1.3889e-01 8.0000e-02 3.2353e-01 6.2931e-01 5.4054e-02 4.7619e-02 6.2500e-02 3.3962e-01 1.4516e-01 0.0000e+00 1.2308e-01 4.1667e-02 3.3846e-01 1.3043e-01 2.9787e-01 5.0000e-02 1.4865e-01 7.8947e-02 4.3478e-02 3.4038e-01 1.0000e-01 7.3171e-02 0.0000e+00 2.4771e-01 6.5217e-02 1.0714e-01 2.5000e-01 6.9767e-02 8.0000e-02 0.0000e+00 8.3333e-02 1.0000e-01 2.8369e-01 2.7027e-02 2.0588e-01 1.1765e-01 7.0301e-01 0.0000e+00 7.3171e-02 2.5532e-01 1.0000e-01 1.8750e-01 2.6984e-01 1.0638e-01 2.7160e-01 8.3333e-02 4.1667e-02
3.0120e-01 3.0303e-02 6.9767e-02 4.1004e-01 1.1111e-01 3.2258e-01 4.4776e-01 1.7143e-01 1.2903e-01 3.4653e-01 2.4528e-01 3.8875e-01 6.6667e-02 1.7978e-01 4.3692e-01 6.0658e-01 1.0526e-01 1.7978e-01 8.6957e-02 9.8039e-02 3.2227e-01 1.6216e-01 1.2727e-01 1.5686e-01 3.2075e-01 1.1111e-01 2.1053e-01 1.3636e-01 2.7119e-01 5.8962e-01 8.6957e-02 3.6283e-01 2.2609e-01 8.6957e-02 3.8028e-01 4.0746e-01 2.1239e-01 3.8824e-01 5.5921e-01 2.0000e-01 1.5278e-01 2.3148e-01 2.8302e-01 2.1622e-01 4.1228e-01 4.0588e-01 1.6923e-01 2.5000e-01 1.0526e-01 1.0000e-01
5.2632e-02 6.4516e-02 2.9655e-01 3.9091e-01 4.5513e-01 5.7647e-01 6.6512e-01 1.7308e-01 1.6667e-01 1.2500e-01 3.2759e-01 1.5217e-01 7.8947e-02 2.2093e-01 4.9164e-01 4.1270e-01 1.4545e-01 2.8378e-01 3.4483e-02 1.8462e-01 2.1053e-01 5.2632e-02 2.1127e-01 2.7027e-01 0.0000e+00 2.0690e-01 4.8553e-01 1.1111e-01 3.6111e-01 4.4828e-01 1.7544e-01 1.0000e-01 2.9104e-01 1.6667e-01 2.9032e-01 1.3514e-01 2.0270e-01 6.6667e-02 1.4286e-01 4.7917e-01 1.4000e-01 2.8037e-01 1.9231e-01 5.1922e-01 6.6667e-02 5.5556e-02 2.6136e-01 2.5532e-01 1.5385e-01 5.0000e-02
4.3478e-02 0.0000e+00 9.6154e-02 0.0000e+00 2.1739e-01 9.0909e-02 0.0000e+00 1.7333e-01 2.1429e-01 6.2500e-02 0.0000e+00 1.1538e-01 1.0345e-01 4.7619e-02 2.6087e-01 1.9355e-01 4.6512e-02 0.0000e+00 2.7778e-02 9.4340e-02 2.1978e-01 1.5789e-01 0.0000e+00 0.0000e+00 0.0000e+00 5.5556e-02 3.2258e-02 0.0000e+00 2.1739e-01 3.9130e-01 5.1282e-02 0.0000e+00 0.0000e+00 0.0000e+00 1.0000e-01 5.8824e-02 0.0000e+00 1.7241e-01 7.1429e-02 0.0000e+00 0.0000e+00 7.3171e-02 2.8571e-01 1.0000e-01 9.0909e-02 1.2903e-01 1.2963e-01 0.0000e+00 8.3333e-02 1.8750e-01
4.9425e-01 0.0000e+00 3.5052e-01 7.0436e-01 3.8095e-01 2.8571e-01 5.1613e-01 2.6087e-01 4.2478e-01 3.2653e-01 4.2553e-01 2.5000e-01 2.7941e-01 3.1250e-01 5.7143e-01 5.9756e-01 2.3077e-01 0.0000e+00 1.3793e-01 4.7619e-02 5.4906e-01 5.6051e-01 2.1951e-01 1.8519e-01 3.0645e-01 2.9412e-01 3.2143e-01 8.0000e-02 3.8462e-01 6.7000e-01 8.6957e-02 5.6557e-01 5.0000e-02 2.7273e-01 4.8649e-01 1.3043e-01 1.1111e-01 2.7778e-01 7.8378e-01 1.1111e-01 5.4641e-01 2.6531e-01 6.2914e-01 2.9545e-01 9.0909e-02 2.2727e-01 2.3077e-01 1.5789e-01 4.2478e-01 0.0000e+00
1.7073e-01 1.0204e-01 5.0000e-02 2.8571e-01 2.0455e-01 2.9091e-01 2.4000e-01 7.3171e-02 2.2222e-01 2.0588e-01 1.4706e-01 2.7485e-01 1.1290e-01 1.3889e-01 3.8889e-01 1.3043e-01 1.5000e-01 2.0175e-01 2.0561e-01 1.9811e-01 1.6393e-01 1.2500e-01 1.2281e-01 1.8033e-01 1.9540e-01 1.5873e-01 2.3158e-01 1.4667e-01 3.8562e-01 5.3125e-01 2.2034e-01 3.1765e-01 6.8182e-02 1.3793e-01 4.5588e-01 1.6667e-01 8.1633e-02 5.7643e-01 4.5946e-01 7.1429e-02 1.5584e-01 2.9412e-02 3.7500e-01 2.4742e-01 0.0000e+00 2.1739e-01 2.3423e-01 2.5352e-01 1.0000e-01 1.3514e-01
3.6842e-01 3.7143e-01 7.6923e-02 4.0000e-01 6.6176e-01 5.0000e-01 1.0000e+00 1.7647e-01 2.5926e-01 8.4491e-01 1.2500e-01 2.1053e-01 4.7619e-01 1.6667e-01 4.2857e-01 0.0000e+00 2.1739e-01 2.1739e-01 0.0000e+00 3.5897e-01 3.5714e-01 4.6429e-01 1.3333e-01 4.2857e-01 3.2143e-01 2.7273e-01 3.5714e-01 5.3788e-01 1.2500e-01 1.0000e+00 3.9024e-01 2.7273e-01 7.3384e-01 5.7143e-01 1.0000e+00 6.6848e-01 0.0000e+00 5.0000e-01 6.6667e-01 1.6667e-01 7.1429e-02 4.5283e-01 1.0000e+00 5.7333e-01 8.0000e-01 3.8889e-01 5.2632e-01 1.1111e-01 2.3529e-01 0.0000e+00
