1.0000e+00 2.0000e+00 4.3000e+01 1.8000e+01 1.3000e+01 4.3900e+02 8.7900e+02 2.6000e+01 1.6000e+01 1.0000e+00 6.6000e+01 1.1000e+01 2.0000e+00 9.0000e+00 2.0000e+01 2.6000e+01 6.0000e+00 6.0000e+00 2.0000e+00 2.0000e+00 1.4000e+01 1.7000e+01 1.0000e+00 1.7000e+01 6.0000e+00 1.0000e+01 9.4000e+01 0.0000e+00 2.0000e+00 2.2000e+01 1.2000e+01 1.3000e+01 2.0000e+01 1.9000e+01 8.0000e+00 1.0200e+02 4.0000e+00 9.4000e+01 1.1750e+03 3.8000e+01 2.0000e+01 1.0000e+00 2.2400e+02 6.0000e+00 2.4000e+01 3.6000e+01 2.3000e+02 6.0000e+01 2.0000e+00 0.0000e+00
1.0000e+00 2.0000e+00 2.0000e+00 3.4000e+01 3.0000e+00 5.0000e+00 0.0000e+00 7.0000e+00 1.0000e+01 1.7000e+01 1.0000e+00 6.0000e+01 0.0000e+00 2.0000e+00 2.0000e+00 6.0000e+00 5.4500e+02 3.0000e+00 3.0000e+00 1.0000e+01 1.1000e+03 1.3000e+01 7.0000e+00 1.4000e+01 2.4000e+01 4.0000e+00 1.1000e+01 1.0000e+01 1.2000e+01 9.0000e+00 1.0000e+00 2.9510e+03 2.2000e+01 0.0000e+00 1.1000e+01 3.0000e+00 4.0000e+00 5.0000e+00 8.0000e+00 3.0000e+00 0.0000e+00 0.0000e+00 5.0000e+00 2.1000e+01 7.0000e+00 2.0000e+00 0.0000e+00 3.0000e+00 2.0000e+00 1.0000e+00
1.6000e+01 1.0000e+00 7.0000e+00 7.0000e+00 8.0000e+00 7.0000e+01 2.7000e+01 3.0000e+00 0.0000e+00 1.3000e+01 9.0000e+00 4.0000e+00 1.0000e+00 7.0000e+00 1.0000e+00 4.3000e+01 3.0000e+00 2.9000e+01 5.0000e+00 1.0000e+00 3.3000e+01 1.4600e+02 7.0000e+00 2.5000e+01 1.4000e+01 2.5000e+01 0.0000e+00 3.0000e+00 5.0000e+00 2.1050e+03 4.0000e+00 6.0000e+00 2.0000e+00 4.0000e+00 7.0000e+00 2.3000e+01 2.0000e+00 1.2000e+02 7.4000e+01 7.0000e+00 0.0000e+00 1.0000e+00 3.5400e+02 9.2000e+01 4.0000e+00 1.0000e+00 8.0000e+00 1.0000e+00 4.0000e+00 0.0000e+00
1.9000e+01 1.0000e+00 3.0000e+00 3.0000e+00 4.0000e+00 3.0000e+00 1.2000e+02 2.0000e+00 2.0000e+01 2.0000e+00 2.0000e+00 3.6000e+01 1.0000e+00 2.8000e+01 1.4000e+01 3.5000e+01 1.0000e+00 3.0000e+00 0.0000e+00 4.0000e+00 1.0000e+00 1.6000e+01 6.1000e+02 4.0000e+00 5.0000e+00 1.0000e+00 2.3000e+01 0.0000e+00 1.0000e+00 6.7900e+02 0.0000e+00 5.0000e+00 0.0000e+00 0.0000e+00 3.0000e+01 1.2000e+01 3.0000e+00 0.0000e+00 2.0000e+01 1.7000e+01 0.0000e+00 0.0000e+00 1.5000e+01 0.0000e+00 0.0000e+00 1.1000e+01 4.0000e+00 1.6000e+01 0.0000e+00 1.0000e+00
9.0000e+00 1.0000e+00 6.0000e+00 3.0000e+00 6.0000e+00 0.0000e+00 8.1000e+01 6.0000e+00 1.7000e+01 2.0000e+00 0.0000e+00 7.0000e+00 1.0000e+00 8.0000e+00 9.0000e+00 1.5000e+01 1.0000e+00 3.0000e+00 1.5000e+01 1.0000e+00 4.0000e+00 3.0000e+00 3.0000e+00 5.0000e+00 0.0000e+00 8.0000e+00 1.3000e+01 1.3000e+01 3.5210e+03 1.5000e+01 1.0000e+00 2.0000e+00 3.0000e+00 1.0000e+00 5.5000e+01 9.0000e+00 2.0000e+00 3.0000e+00 1.6000e+01 5.0000e+00 3.0000e+00 2.4000e+01 8.8000e+01 4.0000e+00 1.1000e+01 6.0000e+00 1.8000e+01 1.0000e+01 9.0000e+00 2.0000e+00
1.1000e+01 2.0000e+00 1.0000e+00 6.0000e+00 1.0000e+01 2.0000e+00 6.0000e+00 6.0000e+00 2.9000e+01 1.0000e+00 2.5000e+01 2.4000e+01 5.0000e+00 0.0000e+00 2.1000e+01 1.2000e+01 1.0000e+00 2.0000e+00 0.0000e+00 2.0000e+00 2.0000e+00 3.0000e+00 7.0000e+00 1.0000e+00 1.0000e+00 3.0000e+00 1.0000e+00 9.0000e+00 2.0000e+00 2.0000e+00 8.0000e+00 3.0000e+00 5.0000e+00 0.0000e+00 1.6000e+01 7.6000e+01 5.0000e+00 0.0000e+00 1.1500e+02 2.8480e+03 7.0000e+00 0.0000e+00 2.1000e+01 1.0000e+00 1.6000e+01 1.2000e+01 1.9000e+01 1.1000e+01 1.0000e+00 1.0000e+00
6.6800e+02 1.0000e+00 1.4000e+01 2.0000e+00 2.0000e+00 3.6000e+01 6.0000e+00 0.0000e+00 0.0000e+00 0.0000e+00 2.1000e+01 0.0000e+00 1.0000e+00 2.0000e+00 0.0000e+00 1.0000e+00 0.0000e+00 0.0000e+00 0.0000e+00 5.0000e+00 0.0000e+00 0.0000e+00 9.0000e+00 0.0000e+00 2.0000e+00 4.0000e+00 0.0000e+00 1.0000e+00 2.0000e+00 4.0000e+01 0.0000e+00 0.0000e+00 0.0000e+00 5.0000e+00 0.0000e+00 2.0000e+00 0.0000e+00 4.0000e+00 0.0000e+00 3.0000e+00 0.0000e+00 0.0000e+00 6.0000e+00 0.0000e+00 0.0000e+00 1.8290e+03 1.4000e+01 1.3000e+01 1.0000e+00 2.0000e+00
3.0000e+00 4.0000e+00 7.0000e+00 8.0000e+00 3.0000e+00 6.0000e+00 4.0000e+00 2.0000e+00 0.0000e+00 7.0000e+00 4.0000e+00 7.0000e+00 3.0000e+00 7.0000e+00 1.0000e+00 6.0000e+00 8.0000e+00 3.0000e+00 4.0000e+00 3.0000e+00 2.0000e+00 4.0000e+00 1.3000e+01 4.0000e+00 3.0000e+00 0.0000e+00 2.0000e+00 4.0000e+00 2.0000e+00 1.0000e+01 6.0000e+00 1.0000e+01 0.0000e+00 0.0000e+00 2.0000e+00 3.0000e+00 0.0000e+00 4.0000e+00 9.0000e+00 0.0000e+00 1.0000e+00 4.0000e+00 2.0000e+00 1.0000e+00 1.0000e+00 0.0000e+00 1.0000e+00 5.0000e+00 0.0000e+00 2.0000e+00
1.0000e+00 1.3000e+01 6.0000e+00 2.0000e+00 1.5000e+01 0.0000e+00 6.6000e+01 8.0000e+00 1.3000e+01 1.0000e+00 2.0000e+00 2.0000e+00 2.0000e+00 4.0000e+00 1.0000e+00 2.3000e+01 6.0000e+00 1.3000e+01 1.0000e+01 2.0000e+00 6.0000e+00 9.0000e+00 0.0000e+00 3.0000e+01 1.0000e+01 1.1000e+01 1.0000e+00 7.0000e+00 3.0000e+00 2.0000e+00 1.3000e+01 7.0000e+00 7.0000e+00 4.0000e+00 1.4000e+01 2.3000e+01 1.0000e+00 2.5000e+01 2.0000e+00 1.0000e+00 1.0000e+00 4.0000e+00 4.0000e+00 5.0000e+00 3.7100e+02 2.0000e+00 8.0000e+00 7.0000e+00 2.0000e+00 2.0000e+00
9.0000e+00 6.0000e+00 6.0000e+00 4.0000e+00 1.8720e+03 5.5000e+01 3.8000e+01 4.5000e+01 7.0000e+00 6.0000e+00 1.1000e+01 2.2000e+01 2.7000e+01 2.0000e+00 7.0000e+00 3.5000e+01 1.0000e+00 1.6000e+01 4.0000e+00 3.3000e+01 1.1000e+01 8.8000e+01 1.6000e+01 1.2000e+01 6.0000e+00 1.3000e+01 4.0000e+00 1.0000e+00 1.2000e+01 5.0000e+00 0.0000e+00 1.3000e+01 6.0000e+00 8.0000e+00 1.7000e+01 6.0000e+00 8.0000e+00 1.0000e+01 6.1000e+01 2.0000e+00 1.6000e+01 6.0000e+00 2.1000e+01 1.4000e+01 2.0000e+00 5.0000e+00 4.0000e+01 8.0000e+00 1.5000e+01 2.2000e+01
6.0000e+00 2.0000e+00 1.7000e+01 6.0000e+00 2.0000e+00 0.0000e+00 3.0000e+00 0.0000e+00 1.2000e+01 6.0000e+00 1.0000e+00 7.0000e+00 0.0000e+00 7.0000e+00 8.0000e+00 4.0000e+00 1.5000e+01 2.3000e+01 8.7000e+01 0.0000e+00 3.1000e+01 4.7000e+01 2.8000e+01 2.2720e+03 1.5000e+01 0.0000e+00 1.3400e+02 8.0000e+00 1.0000e+00 2.0000e+00 2.1200e+02 5.0000e+00 1.0000e+01 3.0000e+00 2.0000e+00 5.3000e+01 2.0000e+00 2.0000e+00 2.0000e+00 4.0000e+00 0.0000e+00 2.5110e+03 8.0000e+00 4.4000e+01 1.0000e+00 0.0000e+00 1.0000e+01 4.0000e+00 1.0000e+01 1.0000e+00
1.6000e+01 1.0000e+00 3.0000e+00 0.0000e+00 4.0000e+00 1.2800e+03 1.7000e+01 5.0000e+00 0.0000e+00 1.0000e+00 1.4000e+01 6.3000e+01 9.0000e+00 0.0000e+00 4.4000e+01 8.1900e+02 3.0000e+00 2.0000e+00 6.0000e+00 0.0000e+00 4.8000e+01 4.0000e+00 2.9000e+01 4.0000e+00 1.5000e+01 1.9000e+01 1.7500e+02 1.0000e+00 3.7000e+01 1.8000e+01 2.3000e+01 3.0000e+00 0.0000e+00 3.0000e+00 9.4000e+01 5.0000e+00 0.0000e+00 6.6000e+01 1.7100e+02 2.0000e+00 0.0000e+00 1.0300e+02 2.0000e+00 3.0000e+00 0.0000e+00 7.0000e+00 4.0000e+00 9.0000e+00 3.1000e+01 1.8000e+01
6.0000e+00 1.6300e+02 2.5900e+02 5.0000e+00 5.0000e+00 3.0000e+00 1.0000e+00 1.0000e+02 1.3000e+01 2.0000e+00 0.0000e+00 8.6000e+01 5.0000e+01 2.9200e+02 2.0000e+00 4.0000e+00 1.4800e+02 2.2000e+01 6.4400e+02 1.0600e+03 3.1000e+01 2.0000e+00 1.9000e+01 7.5000e+01 7.2700e+02 1.5900e+02 9.0000e+00 4.8000e+01 4.0000e+00 0.0000e+00 7.9700e+02 5.0000e+00 1.2700e+02 2.0000e+00 5.0000e+00 1.1000e+01 4.5000e+02 4.0000e+00 2.0000e+00 5.0000e+00 1.1900e+02 2.4500e+02 0.0000e+00 1.1800e+02 3.0000e+00 1.0000e+00 1.3900e+02 3.0000e+00 5.3000e+01 1.0000e+00
4.0000e+00 8.0000e+00 1.0000e+00 1.8000e+01 1.1000e+01 3.0000e+00 3.0000e+00 1.7000e+01 6.0000e+00 4.0000e+01 1.0000e+00 8.0000e+01 6.0000e+00 3.0000e+00 3.1000e+01 1.1000e+01 9.0000e+00 3.0000e+00 5.0000e+00 8.0000e+00 1.0000e+00 2.6960e+03 4.0000e+00 2.3000e+01 1.8000e+01 5.0000e+00 1.0000e+01 3.5000e+01 7.0000e+00 2.7000e+01 1.2000e+01 2.5000e+01 1.9000e+01 2.0000e+00 1.3000e+01 1.1000e+01 2.0000e+00 2.4500e+02 5.5000e+01 5.4000e+01 1.0000e+00 0.0000e+00 1.6000e+01 7.0000e+00 2.1000e+01 1.6800e+02 1.0000e+00 1.5000e+01 0.0000e+00 0.0000e+00
2.0000e+00 8.0000e+00 1.4000e+01 3.6000e+01 1.2000e+01 5.0000e+00 6.3000e+01 1.0000e+00 2.4000e+01 5.0000e+00 1.3000e+01 1.1000e+01 6.9000e+01 1.3500e+02 1.0000e+00 1.0000e+00 3.0000e+00 2.0000e+00 1.5000e+01 1.0200e+02 5.0000e+00 1.4000e+01 6.0000e+00 1.1000e+01 6.0000e+00 2.8000e+01 1.1000e+01 8.3000e+01 4.0000e+00 4.0000e+00 3.2000e+01 1.5000e+01 4.9000e+01 1.0000e+00 1.2000e+01 5.0000e+00 2.0000e+00 7.3000e+01 4.6000e+01 4.0000e+00 6.0000e+00 9.0000e+00 5.0000e+00 1.0700e+02 6.9000e+01 1.3000e+01 2.1700e+02 1.6000e+01 2.4710e+03 6.0000e+00
2.0000e+00 0.0000e+00 1.0000e+00 5.0000e+00 3.0000e+00 0.0000e+00 2.3000e+01 8.0000e+00 0.0000e+00 4.0000e+00 2.0000e+00 1.0000e+00 0.0000e+00 3.0000e+00 4.6000e+01 1.0000e+01 1.0000e+00 0.0000e+00 2.0000e+00 3.0000e+00 2.2000e+01 1.6000e+01 1.0000e+00 1.1000e+01 1.0000e+00 5.0000e+00 5.0000e+00 6.0000e+00 0.0000e+00 1.0000e+00 2.0000e+00 7.0000e+00 1.0000e+00 2.1100e+02 1.2900e+03 2.2000e+01 0.0000e+00 3.9100e+02 9.0000e+01 2.0000e+00 0.0000e+00 0.0000e+00 5.1000e+01 0.0000e+00 1.5600e+02 0.0000e+00 3.0000e+00 1.6900e+03 2.0000e+00 1.0000e+00
2.0000e+00 8.0000e+00 2.0000e+00 3.0000e+00 2.0000e+00 6.0000e+00 0.0000e+00 3.0000e+00 0.0000e+00 3.0000e+00 4.4000e+02 1.0000e+00 1.3000e+01 2.5000e+01 1.7000e+01 0.0000e+00 7.0000e+00 3.0000e+00 3.0000e+00 1.0000e+01 8.0000e+00 0.0000e+00 6.0000e+00 2.0000e+00 5.0000e+00 1.0000e+00 0.0000e+00 1.6000e+01 3.0000e+00 1.0000e+00 0.0000e+00 1.0000e+00 0.0000e+00 1.0000e+00 4.0000e+00 4.0000e+00 2.0000e+00 0.0000e+00 5.0000e+00 0.0000e+00 0.0000e+00 0.0000e+00 0.0000e+00 1.1000e+01 0.0000e+00 4.0000e+00 1.2000e+01 1.0000e+00 6.0000e+00 6.0000e+00
3.0000e+00 3.0530e+03 0.0000e+00 7.0000e+00 5.0000e+00 2.0000e+00 0.0000e+00 6.3100e+02 7.0000e+00 0.0000e+00 4.0000e+00 3.0000e+01 1.1000e+01 3.1800e+02 1.0000e+00 4.0000e+00 5.9000e+01 1.0000e+00 8.0000e+00 0.0000e+00 5.0000e+00 1.0000e+00 1.0000e+00 5.0000e+00 1.8500e+02 8.0000e+00 1.0000e+00 1.4000e+01 0.0000e+00 1.0000e+00 0.0000e+00 1.0000e+00 2.0000e+00 1.0000e+00 1.0000e+00 7.1000e+01 1.3040e+03 0.0000e+00 2.0000e+00 0.0000e+00 0.0000e+00 0.0000e+00 6.0000e+00 0.0000e+00 5.0000e+00 5.0000e+00 0.0000e+00 4.0000e+00 2.4000e+01 6.0000e+00
1.3000e+01 3.0000e+00 2.0000e+00 1.0000e+00 2.0000e+01 1.0000e+00 1.0000e+00 0.0000e+00 1.0000e+00 0.0000e+00 5.3500e+02 2.0000e+00 0.0000e+00 8.0000e+00 1.5000e+01 1.0900e+02 3.0000e+00 0.0000e+00 0.0000e+00 0.0000e+00 3.0000e+00 0.0000e+00 0.0000e+00 3.0000e+00 3.0000e+00 6.0000e+00 2.0000e+00 1.0000e+00 3.0000e+00 1.0000e+01 0.0000e+00 0.0000e+00 4.0000e+00 1.0000e+00 5.0000e+00 4.0000e+00 0.0000e+00 0.0000e+00 6.8000e+01 4.0000e+00 3.0000e+00 1.0000e+00 3.4000e+01 0.0000e+00 0.0000e+00 6.0000e+00 5.0000e+00 2.0000e+00 0.0000e+00 0.0000e+00
2.2000e+01 0.0000e+00 0.0000e+00 2.0000e+00 3.0000e+00 1.0000e+00 2.0000e+00 5.0000e+00 4.0000e+00 1.0000e+00 5.7000e+01 1.5000e+01 1.0000e+00 4.0000e+00 8.0000e+00 9.0000e+00 1.0000e+00 0.0000e+00 1.0000e+00 2.0000e+00 2.0000e+00 7.0000e+00 0.0000e+00 6.0000e+00 0.0000e+00 3.0000e+00 2.0000e+00 5.0000e+00 3.0000e+00 3.0000e+00 2.0000e+00 3.0000e+00 1.0000e+00 1.0000e+00 1.0000e+00 2.0000e+00 3.0000e+00 2.0000e+00 6.0000e+00 1.0000e+00 1.0000e+00 3.0000e+00 1.2000e+01 1.7000e+01 7.0000e+00 1.0000e+00 8.0000e+00 1.0000e+00 0.0000e+00 0.0000e+00
2.2000e+01 5.0000e+00 0.0000e+00 2.0000e+00 1.0000e+00 3.9000e+01 3.0000e+00 1.0000e+00 1.0000e+00 1.0000e+00 4.5000e+01 0.0000e+00 0.0000e+00 6.0000e+00 0.0000e+00 2.9600e+02 3.0000e+00 2.0000e+00 3.0000e+00 2.0000e+00 9.0000e+00 1.0000e+00 2.0000e+00 2.0000e+00 1.4000e+01 1.0000e+00 0.0000e+00 2.0000e+00 0.0000e+00 0.0000e+00 3.0000e+00 4.0000e+00 9.0000e+00 1.0000e+00 5.0000e+00 2.2000e+01 5.0000e+00 2.0000e+00 0.0000e+00 0.0000e+00 3.2000e+01 0.0000e+00 4.0000e+00 5.0000e+01 4.0000e+00 4.0000e+00 3.9000e+01 0.0000e+00 2.0000e+00 3.6410e+03
1.2000e+01 1.0000e+00 1.0000e+01 4.0000e+00 1.5000e+01 2.0000e+00 5.0000e+00 8.0000e+00 3.0000e+00 0.0000e+00 2.0000e+00 6.0000e+00 0.0000e+00 1.0000e+01 6.0000e+00 5.0000e+00 0.0000e+00 6.0000e+00 0.0000e+00 1.0000e+00 0.0000e+00 4.0000e+00 1.0000e+00 1.0000e+00 1.0000e+00 1.0000e+00 1.5000e+01 1.0000e+00 1.0000e+00 2.0000e+00 0.0000e+00 3.0000e+00 1.0000e+00 4.7750e+03 9.0000e+00 1.9000e+01 2.0000e+00 1.9000e+01 4.0000e+00 0.0000e+00 2.6000e+01 3.0000e+00 4.0000e+00 0.0000e+00 5.0000e+00 1.0000e+00 2.0000e+00 2.2000e+01 0.0000e+00 0.0000e+00
7.0000e+00 2.0000e+00 5.3000e+01 1.2900e+02 1.0000e+02 4.0000e+00 1.0000e+00 1.0000e+00 2.3000e+01 4.0000e+00 2.0000e+00 6.0000e+00 1.0000e+00 6.0000e+00 5.0000e+00 3.3000e+01 1.0300e+03 1.1000e+01 6.0000e+00 1.1000e+01 8.0000e+00 4.0000e+00 4.6400e+02 6.4000e+01 1.1000e+01 2.1000e+01 1.7000e+01 9.1000e+01 2.4000e+01 7.6000e+01 7.0000e+00 9.2900e+02 2.7900e+02 0.0000e+00 1.7400e+02 3.9000e+01 4.0000e+00 1.5600e+02 0.0000e+00 2.9000e+01 5.0000e+00 1.0000e+00 4.1000e+01 1.0000e+00 2.2000e+01 3.0000e+00 1.0000e+00 1.8000e+01 1.0000e+00 2.0000e+00
0.0000e+00 0.0000e+00 0.0000e+00 0.0000e+00 0.0000e+00 2.0000e+01 6.0000e+00 4.0000e+00 1.8000e+01 0.0000e+00 1.1000e+01 0.0000e+00 0.0000e+00 5.0000e+00 4.4000e+01 2.0000e+00 3.3000e+01 0.0000e+00 2.0000e+00 9.3000e+01 1.0000e+01 9.1000e+01 6.5800e+02 0.0000e+00 2.0000e+00 2.3040e+03 2.0000e+01 4.3000e+01 0.0000e+00 1.0000e+00 2.4000e+01 0.0000e+00 1.0000e+00 0.0000e+00 5.0000e+00 1.2360e+03 7.0000e+00 0.0000e+00 7.0000e+00 1.0000e+00 0.0000e+00 0.0000e+00 0.0000e+00 0.0000e+00 8.0000e+00 1.0000e+00 1.6900e+02 6.0000e+00 7.0000e+00 3.0000e+00
3.0000e+00 0.0000e+00 1.3000e+01 1.0000e+00 1.6000e+01 2.0000e+00 1.0000e+00 0.0000e+00 1.0000e+00 7.0000e+00 8.0000e+00 2.9000e+01 1.0000e+00 9.0000e+00 3.0000e+01 2.0000e+00 3.0000e+00 0.0000e+00 1.0000e+00 2.0000e+00 0.0000e+00 1.4000e+01 0.0000e+00 1.0000e+00 4.0000e+00 2.0000e+00 4.0000e+00 7.4800e+02 2.0000e+00 0.0000e+00 0.0000e+00 3.0000e+00 7.0000e+00 4.0000e+00 8.0000e+00 5.0000e+00 0.0000e+00 6.0600e+02 7.0000e+00 0.0000e+00 1.0000e+00 0.0000e+00 3.5000e+01 1.0000e+00 3.1640e+03 2.0000e+00 8.0000e+00 7.0000e+00 1.0000e+00 1.0000e+00
1.4200e+02 1.0000e+00 5.0000e+00 9.9000e+01 6.1700e+02 8.3000e+01 3.0000e+00 1.2000e+01 2.0000e+00 1.8600e+02 7.0000e+00 1.1820e+03 2.2000e+01 3.0000e+00 2.5000e+01 1.4000e+01 5.0000e+00 2.0000e+00 2.0000e+00 1.4000e+01 7.0000e+00 2.0000e+00 1.2000e+01 1.8300e+02 9.2000e+01 1.0000e+01 9.0000e+00 4.0000e+00 3.0000e+00 5.0000e+00 4.0000e+00 9.0000e+00 5.0000e+00 1.4000e+01 2.0000e+00 7.5000e+01 2.0000e+00 1.2150e+03 6.0000e+00 4.0000e+00 4.0000e+00 9.0000e+00 1.3200e+02 2.2000e+01 8.3000e+01 4.2000e+01 1.0000e+01 2.7200e+02 8.0000e+00 2.0000e+00
2.0000e+00 9.0000e+00 0.0000e+00 0.0000e+00 1.5000e+01 5.4000e+01 2.0340e+03 7.0000e+00 4.0000e+00 0.0000e+00 6.0000e+00 1.2000e+01 6.0000e+00 0.0000e+00 6.6000e+01 3.6000e+01 0.0000e+00 4.0000e+00 7.0000e+00 3.0000e+00 5.0000e+00 1.0000e+00 0.0000e+00 8.0000e+00 5.0000e+00 1.2000e+01 0.0000e+00 1.0000e+00 1.7000e+01 3.0000e+00 2.0000e+00 0.0000e+00 0.0000e+00 2.0000e+00 6.3800e+02 1.5000e+01 0.0000e+00 1.1100e+02 4.0000e+00 0.0000e+00 0.0000e+00 4.7000e+01 9.0000e+00 0.0000e+00 0.0000e+00 4.0000e+00 7.0000e+00 8.0000e+00 2.0000e+00 0.0000e+00
3.0000e+00 2.0000e+00 8.0000e+00 4.0000e+00 1.0000e+00 2.0000e+00 1.0000e+00 3.0000e+00 3.0000e+00 6.0000e+00 5.0000e+00 6.0000e+00 0.0000e+00 4.0000e+00 4.0000e+00 2.0000e+00 2.0000e+00 0.0000e+00 1.0000e+00 1.1000e+01 7.0000e+00 3.0000e+00 0.0000e+00 0.0000e+00 3.0000e+00 8.0000e+00 0.0000e+00 6.0000e+00 3.0000e+00 2.0000e+00 2.0000e+00 4.0000e+00 2.0000e+00 0.0000e+00 3.0000e+00 0.0000e+00 5.0000e+00 0.0000e+00 1.9000e+01 0.0000e+00 4.0000e+00 3.9000e+01 2.4000e+01 1.1000e+01 4.0000e+00 5.2500e+02 1.9000e+01 2.0000e+01 3.0000e+00 0.0000e+00
1.1000e+01 2.0000e+00 1.2100e+02 1.2670e+03 1.2800e+02 1.6700e+02 2.0000e+00 1.8000e+01 1.0000e+01 4.4000e+02 2.7000e+01 1.3300e+02 4.2000e+01 5.2000e+01 7.5000e+01 1.7000e+01 1.0000e+02 9.0000e+00 1.7000e+01 7.9000e+01 3.4000e+01 1.1000e+01 1.4000e+01 0.0000e+00 6.4100e+02 5.0000e+00 7.7000e+01 3.7000e+01 2.1000e+01 6.0000e+00 1.6000e+01 5.0000e+00 1.6000e+01 3.0000e+00 4.0000e+01 7.0000e+00 2.0000e+00 1.8000e+01 2.0000e+00 6.0000e+00 8.7000e+01 9.0000e+00 2.5000e+01 3.7000e+01 6.7000e+01 2.6000e+01 1.5000e+01 1.1000e+01 4.0000e+01 4.0000e+00
9.0000e+00 0.0000e+00 9.0000e+00 7.0000e+00 3.0000e+00 3.0000e+00 1.0900e+02 2.3000e+01 4.5800e+02 1.0000e+00 1.1900e+02 2.0000e+01 9.0000e+00 7.0000e+00 2.4000e+01 1.5000e+01 9.0000e+00 1.1000e+01 1.0000e+00 1.0000e+00 6.0000e+01 4.6000e+01 3.0000e+00 1.0000e+01 2.0000e+00 3.3000e+01 1.0030e+03 2.0000e+01 4.5000e+01 6.8000e+01 3.0000e+00 1.1000e+01 5.0000e+00 8.0000e+00 7.3300e+02 3.4000e+01 5.0000e+00 2.0000e+00 1.1800e+02 2.0000e+00 1.1000e+01 1.2000e+01 1.9800e+02 1.1000e+01 1.5000e+02 4.0000e+00 1.1700e+02 3.4000e+01 1.0000e+00 7.0000e+00
2.0000e+00 1.0000e+00 1.0000e+00 3.0000e+00 3.0000e+00 1.0000e+00 2.0000e+00 4.0000e+00 8.0000e+00 3.6000e+01 2.0660e+03 4.0000e+00 2.0000e+00 1.0000e+01 1.5500e+02 4.0000e+00 8.0000e+00 2.0000e+00 0.0000e+00 0.0000e+00 2.9600e+02 0.0000e+00 3.0000e+00 6.0000e+00 7.7400e+02 1.3000e+01 4.0000e+00 3.0000e+00 3.0000e+00 2.0000e+00 3.0000e+00 4.0000e+00 3.7000e+01 0.0000e+00 2.0000e+00 2.2100e+02 0.0000e+00 4.0000e+00 2.0000e+00 0.0000e+00 2.0000e+00 1.0000e+00 1.0000e+00 5.0000e+00 4.0000e+00 4.0000e+00 1.0430e+03 2.4400e+02 3.0000e+00 7.0000e+00
1.0000e+01 5.0000e+00 2.2000e+01 2.9000e+01 1.0000e+00 3.0000e+00 3.0000e+00 2.0000e+00 2.4000e+01 3.0000e+00 2.0000e+00 2.1500e+02 6.0000e+00 1.1000e+01 1.7080e+03 4.4400e+02 1.0000e+00 4.0000e+00 4.0000e+00 1.0000e+00 2.0000e+00 4.0000e+00 1.4000e+01 1.0000e+00 1.1000e+01 2.8300e+02 1.0000e+00 9.0000e+00 2.0000e+00 4.4000e+01 4.0000e+00 1.1000e+01 6.0000e+00 7.2000e+01 5.9000e+01 2.9800e+02 3.0000e+00 2.2800e+02 1.0000e+00 1.0000e+00 3.0000e+00 9.0000e+00 2.5200e+02 2.1000e+01 4.5000e+01 8.0000e+00 3.6000e+01 4.0400e+02 0.0000e+00 9.0000e+00
1.0000e+00 0.0000e+00 2.0000e+00 5.9000e+01 6.0000e+00 2.3300e+02 2.9000e+01 5.0000e+00 5.0000e+00 1.9000e+01 6.0000e+00 5.0000e+00 8.0000e+00 9.0000e+00 1.6000e+01 2.8900e+02 1.0000e+00 1.0000e+00 3.0000e+00 2.0000e+00 0.0000e+00 3.0000e+00 2.0000e+00 1.1000e+01 3.0000e+00 8.8000e+01 3.0000e+01 1.0000e+01 7.0000e+00 3.4000e+01 2.0000e+00 4.0000e+00 1.0000e+00 1.0000e+00 3.5100e+02 4.0000e+00 0.0000e+00 2.0000e+00 2.0870e+03 1.0000e+00 2.0000e+00 5.0000e+00 7.0000e+00 0.0000e+00 3.3000e+01 2.6000e+01 4.0000e+00 4.0000e+00 1.0000e+00 2.0000e+00
2.0000e+00 6.7000e+01 7.5000e+01 4.0000e+00 3.0000e+00 0.0000e+00 1.0000e+00 2.7000e+03 2.9100e+02 3.8000e+01 5.0000e+00 3.0000e+01 1.4840e+03 9.8000e+01 0.0000e+00 0.0000e+00 1.0000e+01 7.9000e+01 1.2500e+02 5.8000e+01 2.7000e+01 3.0000e+00 6.7000e+01 5.9000e+01 1.5000e+01 1.0200e+02 1.8000e+01 1.8000e+01 2.0000e+00 1.0000e+00 7.9000e+01 4.0000e+00 1.3100e+02 2.0000e+00 1.0000e+00 2.1000e+01 6.0000e+01 0.0000e+00 1.0000e+00 2.0000e+00 6.4000e+01 3.0000e+00 1.0000e+00 5.2000e+01 1.0000e+00 1.0000e+00 1.1500e+02 2.0000e+00 3.5000e+01 2.0000e+00
7.0000e+00 0.0000e+00 0.0000e+00 1.0000e+01 0.0000e+00 2.0000e+00 3.0000e+00 0.0000e+00 9.0000e+00 6.0000e+00 1.0000e+00 6.0000e+00 0.0000e+00 0.0000e+00 0.0000e+00 3.0000e+00 0.0000e+00 0.0000e+00 0.0000e+00 0.0000e+00 1.0000e+01 6.0000e+00 0.0000e+00 1.0000e+00 0.0000e+00 8.0000e+00 0.0000e+00 3.0000e+00 0.0000e+00 0.0000e+00 2.5000e+01 0.0000e+00 1.8000e+01 0.0000e+00 2.3000e+01 3.0000e+00 0.0000e+00 0.0000e+00 0.0000e+00 4.0000e+00 0.0000e+00 0.0000e+00 1.5000e+01 3.1800e+02 2.0000e+00 9.0000e+00 3.0000e+00 1.0000e+00 1.0000e+00 0.0000e+00
2.0000e+00 2.9000e+01 8.6000e+01 0.0000e+00 8.0000e+00 1.0000e+00 3.0000e+00 2.5000e+01 7.1000e+01 4.0000e+00 0.0000e+00 2.1000e+01 1.6800e+02 1.3000e+02 5.0000e+00 0.0000e+00 2.8600e+02 2.5900e+02 2.9630e+03 8.1100e+02 1.0000e+00 2.0000e+00 3.9000e+01 3.0000e+00 3.0000e+00 1.2000e+01 3.0000e+00 5.8000e+01 3.0000e+00 0.0000e+00 6.6000e+01 4.0000e+00 2.1000e+01 3.0000e+00 1.0000e+00 2.0000e+00 1.5860e+03 2.0000e+00 1.0000e+00 0.0000e+00 1.1100e+02 1.0000e+00 1.0000e+00 3.0000e+00 0.0000e+00 3.0000e+00 1.0000e+00 3.0000e+00 3.4000e+01 2.0000e+00
2.0000e+00 0.0000e+00 0.0000e+00 4.1000e+01 0.0000e+00 4.0000e+00 3.0000e+01 3.0000e+00 9.0000e+00 9.5000e+01 0.0000e+00 0.0000e+00 0.0000e+00 0.0000e+00 3.1000e+02 8.0000e+00 2.0000e+00 9.5000e+01 1.6000e+01 2.9000e+01 3.1000e+01 2.0000e+00 0.0000e+00 9.7000e+01 0.0000e+00 4.0000e+00 3.1000e+01 0.0000e+00 0.0000e+00 0.0000e+00 0.0000e+00 1.3000e+01 7.4000e+01 0.0000e+00 8.0000e+00 2.9000e+01 1.0000e+00 2.0000e+00 2.8000e+01 1.0000e+01 0.0000e+00 1.3100e+02 1.0300e+02 6.0000e+00 6.3000e+01 6.0000e+00 2.4400e+02 4.0000e+01 0.0000e+00 2.3000e+01
1.0000e+00 2.0000e+00 1.0000e+01 2.1000e+01 7.0000e+00 8.7900e+02 2.0000e+00 4.5000e+01 2.0000e+00 2.0000e+00 2.5000e+01 2.4000e+01 3.0000e+00 5.0000e+00 8.1000e+01 2.4000e+01 6.0000e+00 2.0000e+00 7.0000e+00 5.0000e+00 9.0000e+00 1.9000e+01 4.0000e+00 6.5600e+02 4.4000e+01 1.4000e+01 2.3000e+01 7.0000e+00 1.7000e+01 0.0000e+00 1.0000e+00 6.0000e+00 2.0000e+01 0.0000e+00 1.1000e+01 4.1000e+01 1.1900e+02 6.0000e+00 3.0000e+00 1.0000e+00 6.0000e+00 1.0000e+00 1.8180e+03 6.0000e+00 2.0000e+01 3.0000e+00 3.8000e+01 1.7000e+01 4.0000e+00 3.5000e+01
2.0000e+00 5.0600e+02 3.4900e+02 0.0000e+00 1.0000e+00 2.0000e+00 2.0000e+00 6.0000e+00 4.2000e+01 8.0000e+00 0.0000e+00 6.9000e+01 8.9600e+02 1.7810e+03 1.0000e+00 0.0000e+00 0.0000e+00 1.4670e+03 2.0000e+00 8.7500e+02 0.0000e+00 0.0000e+00 1.6000e+01 4.0000e+00 2.8700e+02 4.0000e+00 5.0000e+00 1.0600e+02 1.0000e+00 3.0000e+00 0.0000e+00 3.0000e+00 0.0000e+00 2.0000e+00 4.0000e+00 1.0000e+00 0.0000e+00 0.0000e+00 2.0000e+00 0.0000e+00 5.4000e+01 2.7000e+01 1.0000e+00 0.0000e+00 1.0000e+00 0.0000e+00 2.0000e+00 2.0000e+00 1.0000e+00 2.0000e+00
3.0000e+00 1.2000e+01 2.3830e+03 1.0000e+00 5.0000e+00 1.0000e+00 0.0000e+00 2.1000e+01 6.2000e+01 3.0000e+00 1.0000e+00 3.6000e+01 1.0800e+02 2.6300e+02 2.0000e+00 1.0000e+00 1.4300e+02 5.3400e+02 2.3000e+01 7.5000e+01 0.0000e+00 4.0000e+00 8.8000e+01 7.0000e+00 0.0000e+00 4.0000e+00 1.0000e+00 6.0000e+01 2.0000e+00 3.0000e+00 2.5160e+03 2.0000e+00 1.8200e+02 3.0000e+00 1.0000e+00 2.0000e+00 7.4000e+01 1.0000e+00 0.0000e+00 3.0000e+00 5.2000e+01 1.0000e+01 0.0000e+00 4.0000e+00 2.0000e+00 4.0000e+00 1.0000e+00 3.0000e+00 3.4000e+01 0.0000e+00
2.1900e+03 1.0000e+00 3.4000e+01 1.0000e+00 3.4000e+01 2.0000e+00 0.0000e+00 5.0000e+00 2.0000e+00 4.0000e+00 7.0000e+00 0.0000e+00 0.0000e+00 2.0000e+01 1.8000e+01 1.0000e+00 4.0000e+00 3.0000e+00 2.4000e+01 0.0000e+00 7.3700e+02 6.0000e+00 6.1000e+01 0.0000e+00 9.0000e+01 1.6000e+01 4.0000e+00 6.0000e+00 9.0000e+00 1.8000e+01 1.3000e+01 4.0000e+00 2.0000e+00 0.0000e+00 5.0000e+00 9.0000e+00 3.0000e+00 0.0000e+00 0.0000e+00 2.0000e+00 0.0000e+00 4.7000e+01 2.0000e+00 7.0000e+00 9.9000e+01 3.2000e+01 2.8000e+01 3.2900e+02 5.0000e+00 3.7000e+01
1.0000e+00 3.4000e+01 8.0000e+01 0.0000e+00 3.0000e+00 1.0000e+00 0.0000e+00 2.9000e+01 1.7790e+03 5.0000e+00 0.0000e+00 1.7000e+01 6.7700e+02 4.0000e+01 1.0000e+00 1.0000e+00 1.2100e+02 7.6500e+02 1.9200e+02 6.1000e+01 0.0000e+00 1.0000e+00 2.4000e+01 8.0000e+00 5.0000e+00 3.0000e+00 6.0000e+00 1.7730e+03 3.0000e+00 0.0000e+00 6.4000e+01 2.0000e+00 1.9000e+01 6.0000e+00 1.0000e+00 2.0000e+00 5.0000e+01 1.0000e+00 4.0000e+00 1.0000e+00 1.2020e+03 1.0000e+00 2.0000e+00 4.0000e+00 1.0000e+00 2.0000e+00 0.0000e+00 2.0000e+00 2.4000e+01 1.0000e+00
0.0000e+00 0.0000e+00 1.0000e+00 0.0000e+00 2.1000e+01 7.0000e+00 9.0000e+00 1.0000e+00 2.0000e+00 2.0000e+00 0.0000e+00 0.0000e+00 1.0000e+00 4.0000e+00 0.0000e+00 3.0000e+00 1.1000e+01 0.0000e+00 1.0000e+00 2.0000e+00 3.9000e+01 1.0000e+00 0.0000e+00 1.0000e+00 0.0000e+00 1.0000e+00 1.3000e+01 8.0000e+00 1.0000e+01 1.2000e+01 0.0000e+00 4.0000e+00 0.0000e+00 2.0000e+00 4.0000e+00 4.0000e+00 8.0000e+00 0.0000e+00 1.8000e+01 0.0000e+00 0.0000e+00 0.0000e+00 1.2000e+01 0.0000e+00 1.9000e+01 4.0000e+00 0.0000e+00 7.0000e+00 0.0000e+00 6.0000e+00
0.0000e+00 4.0000e+00 5.0000e+00 5.0000e+00 2.0000e+00 2.2000e+01 2.9200e+02 2.0000e+00 2.0000e+00 2.0000e+00 3.6000e+01 9.0000e+00 0.0000e+00 8.0000e+00 1.0000e+00 2.2000e+01 9.0000e+00 8.4000e+01 2.0000e+00 1.1000e+01 3.0000e+00 1.0000e+00 1.6100e+02 4.0000e+00 3.0000e+00 0.0000e+00 2.7000e+01 3.0000e+00 3.0000e+00 8.0000e+00 3.0000e+00 2.0000e+00 0.0000e+00 2.0000e+00 2.0000e+00 4.0000e+01 1.0000e+00 7.0000e+00 2.0000e+00 1.2380e+03 0.0000e+00 3.0000e+00 1.2000e+01 4.0000e+00 6.0000e+00 1.7000e+01 5.0000e+00 2.2000e+01 3.0000e+00 1.0000e+00
2.5000e+01 1.0000e+00 3.0000e+00 9.8000e+01 3.0000e+00 2.0000e+01 3.0000e+01 1.2000e+01 8.0000e+00 7.0000e+01 1.3000e+01 3.1800e+02 3.0000e+00 1.6000e+01 1.4200e+02 1.0330e+03 6.0000e+00 1.6000e+01 4.0000e+00 5.0000e+00 6.8000e+01 6.0000e+00 7.0000e+00 8.0000e+00 8.5000e+01 5.0000e+00 1.6000e+01 9.0000e+00 1.6000e+01 2.5000e+02 4.0000e+00 4.1000e+01 2.6000e+01 2.0000e+00 2.7000e+01 2.7300e+02 2.4000e+01 3.3000e+01 8.5000e+01 4.0000e+00 1.1000e+01 2.5000e+01 1.5000e+01 1.6000e+01 4.7000e+01 6.9000e+01 1.1000e+01 1.6000e+01 4.0000e+00 3.0000e+00
1.0000e+00 2.0000e+00 4.3000e+01 4.3000e+01 7.1000e+01 1.9600e+02 1.4300e+02 9.0000e+00 1.0000e+01 4.0000e+00 1.9000e+01 7.0000e+00 3.0000e+00 1.9000e+01 1.4700e+02 2.6000e+01 8.0000e+00 4.2000e+01 1.0000e+00 1.2000e+01 1.2000e+01 1.0000e+00 1.5000e+01 2.0000e+01 0.0000e+00 1.2000e+01 6.7100e+02 5.0000e+00 2.6000e+01 2.6000e+01 1.0000e+01 2.0000e+00 3.9000e+01 4.0000e+00 9.0000e+00 5.0000e+00 1.5000e+01 1.0000e+00 2.0000e+00 2.3000e+01 7.0000e+00 3.0000e+01 5.0000e+00 1.5130e+03 1.0000e+00 1.0000e+00 2.3000e+01 1.2000e+01 6.0000e+00 1.0000e+00
1.0000e+00 0.0000e+00 5.0000e+00 0.0000e+00 1.0000e+01 2.0000e+00 0.0000e+00 1.3000e+01 2.7000e+01 2.0000e+00 0.0000e+00 6.0000e+00 6.0000e+00 2.0000e+00 1.8000e+01 6.0000e+00 2.0000e+00 0.0000e+00 1.0000e+00 5.0000e+00 2.0000e+01 6.0000e+00 0.0000e+00 0.0000e+00 0.0000e+00 2.0000e+00 1.0000e+00 0.0000e+00 1.0000e+01 2.7000e+01 2.0000e+00 0.0000e+00 0.0000e+00 0.0000e+00 2.0000e+00 2.0000e+00 0.0000e+00 5.0000e+00 1.0000e+00 0.0000e+00 0.0000e+00 3.0000e+00 1.6000e+01 4.0000e+00 2.0000e+00 4.0000e+00 7.0000e+00 0.0000e+00 3.0000e+00 9.0000e+00
4.3000e+01 0.0000e+00 3.4000e+01 1.3890e+03 1.6000e+01 6.0000e+00 1.6000e+01 1.2000e+01 9.6000e+01 1.6000e+01 2.0000e+01 1.1000e+01 1.9000e+01 2.5000e+01 9.6000e+01 4.9000e+01 1.2000e+01 0.0000e+00 4.0000e+00 1.0000e+00 2.9100e+02 8.8000e+01 9.0000e+00 5.0000e+00 1.9000e+01 1.5000e+01 1.8000e+01 2.0000e+00 1.5000e+01 6.7000e+01 2.0000e+00 6.9000e+01 1.0000e+00 6.0000e+00 1.8000e+01 3.0000e+00 3.0000e+00 5.0000e+00 1.1600e+02 1.0000e+00 1.2950e+03 1.3000e+01 9.5000e+01 1.3000e+01 1.0000e+00 5.0000e+00 9.0000e+00 3.0000e+00 4.8000e+01 0.0000e+00
7.0000e+00 5.0000e+00 2.0000e+00 2.4000e+01 9.0000e+00 1.6000e+01 6.0000e+00 3.0000e+00 3.0000e+01 1.4000e+01 5.0000e+00 4.7000e+01 7.0000e+00 1.0000e+01 7.0000e+01 3.0000e+00 1.2000e+01 2.3000e+01 2.2000e+01 2.1000e+01 1.0000e+01 4.0000e+00 7.0000e+00 1.1000e+01 1.7000e+01 1.0000e+01 2.2000e+01 1.1000e+01 5.9000e+01 1.1900e+02 2.6000e+01 2.7000e+01 3.0000e+00 4.0000e+00 6.2000e+01 1.0000e+01 4.0000e+00 6.7500e+02 3.4000e+01 1.0000e+00 1.2000e+01 1.0000e+00 3.9000e+01 2.4000e+01 0.0000e+00 1.0000e+01 2.6000e+01 1.8000e+01 4.0000e+00 5.0000e+00
7.0000e+00 1.3000e+01 1.0000e+00 8.0000e+00 4.5000e+01 2.0000e+00 2.0000e+00 3.0000e+00 7.0000e+00 2.7620e+03 1.0000e+00 4.0000e+00 4.0000e+01 3.0000e+00 9.0000e+00 0.0000e+00 5.0000e+00 5.0000e+00 0.0000e+00 1.4000e+01 1.0000e+01 1.3000e+01 2.0000e+00 1.5000e+01 9.0000e+00 6.0000e+00 1.0000e+01 7.1000e+01 1.0000e+00 1.0000e+00 1.6000e+01 3.0000e+00 1.9410e+03 1.6000e+01 0.0000e+00 1.2300e+02 0.0000e+00 1.0000e+00 2.0000e+00 1.0000e+00 1.0000e+00 2.4000e+01 2.0000e+00 4.3000e+01 4.0000e+00 7.0000e+00 4.0000e+01 1.0000e+00 4.0000e+00 0.0000e+00
