1.0000e+01 4.0000e+00 7.0000e+00 7.6000e+01 5.3000e+01 1.5000e+01 1.6000e+01 1.8000e+01 5.3530e+03 4.5570e+03
6.0000e+00 1.1000e+01 8.0000e+00 4.3220e+03 5.1000e+01 2.1000e+01 3.5000e+01 8.0000e+00 7.0000e+00 5.2200e+03
2.0130e+03 9.0000e+00 6.0000e+00 4.9000e+01 7.5290e+03 7.0000e+01 9.0400e+02 4.1100e+02 3.2000e+01 2.6000e+01
1.1000e+01 1.0000e+01 1.2000e+01 2.2000e+01 1.4500e+02 9.7520e+03 6.0000e+00 2.8000e+01 1.9000e+01 1.7000e+01
8.0000e+00 1.0000e+01 8.8320e+03 1.4000e+02 3.8000e+01 2.1000e+01 1.0000e+01 2.9900e+02 1.2000e+01 2.6000e+01
3.6000e+01 1.4000e+01 7.0000e+00 7.0000e+00 6.8000e+01 1.9000e+01 9.0770e+03 3.7400e+02 1.1000e+01 2.1000e+01
7.7920e+03 5.4000e+01 1.2000e+01 1.1000e+01 2.0070e+03 6.0000e+01 2.4000e+01 2.4000e+01 4.7000e+01 7.8000e+01
2.0000e+01 9.4600e+02 1.0610e+03 2.3000e+01 1.0000e+01 3.2000e+01 6.3000e+01 8.3810e+03 4.8000e+01 7.0000e+00
1.4000e+01 5.0000e+01 1.3000e+01 5.3790e+03 1.5000e+02 1.0000e+01 2.3000e+01 3.4200e+02 4.2680e+03 4.6000e+01
1.0000e+01 8.9710e+03 1.6000e+01 7.0000e+00 1.0000e+01 1.6000e+01 9.0000e+00 1.6000e+01 1.5000e+01 3.6000e+01
