9.0000e-01 0.0000e+00 2.8571e-01 7.2368e-01 4.9057e-01 3.3333e-01 5.0000e-01 3.3333e-01 9.1425e-01 9.6840e-01
1.6667e-01 8.1818e-01 2.5000e-01 9.9838e-01 4.9020e-01 4.2857e-01 7.1429e-01 0.0000e+00 0.0000e+00 9.6552e-01
9.6970e-01 5.5556e-01 1.6667e-01 6.3265e-01 7.8789e-01 6.5714e-01 9.8119e-01 7.5912e-01 5.0000e-01 5.0000e-01
8.1818e-01 9.0000e-01 9.1667e-01 6.3636e-01 6.5517e-01 9.7949e-01 1.6667e-01 4.6429e-01 4.2105e-01 8.8235e-01
0.0000e+00 1.0000e-01 8.7398e-01 6.5000e-01 3.1579e-01 2.8571e-01 1.0000e-01 6.2876e-01 8.3333e-02 3.8462e-01
5.8333e-01 4.2857e-01 1.4286e-01 0.0000e+00 5.1471e-01 3.6842e-01 9.6519e-01 7.4599e-01 1.8182e-01 4.2857e-01
8.1840e-01 5.3704e-01 1.6667e-01 9.0909e-02 6.3528e-01 4.8333e-01 3.3333e-01 2.5000e-01 4.2553e-01 5.5128e-01
4.0000e-01 9.7886e-01 9.5193e-01 4.3478e-01 0.0000e+00 4.6875e-01 6.5079e-01 8.2961e-01 5.4167e-01 0.0000e+00
1.4286e-01 5.0000e-01 1.5385e-01 7.6687e-01 4.6667e-01 0.0000e+00 3.0435e-01 5.8772e-01 7.2142e-01 4.3478e-01
2.0000e-01 9.9543e-01 3.7500e-01 0.0000e+00 0.0000e+00 3.1250e-01 1.1111e-01 2.5000e-01 2.6667e-01 5.2778e-01
