9.0000e+00 0.0000e+00 2.0000e+00 5.5000e+01 2.6000e+01 5.0000e+00 8.0000e+00 6.0000e+00 4.8940e+03 4.4130e+03
1.0000e+00 9.0000e+00 2.0000e+00 4.3150e+03 2.5000e+01 9.0000e+00 2.5000e+01 0.0000e+00 0.0000e+00 5.0400e+03
1.9520e+03 5.0000e+00 1.0000e+00 3.1000e+01 5.9320e+03 4.6000e+01 8.8700e+02 3.1200e+02 1.6000e+01 1.3000e+01
9.0000e+00 9.0000e+00 1.1000e+01 1.4000e+01 9.5000e+01 9.5520e+03 1.0000e+00 1.3000e+01 8.0000e+00 1.5000e+01
0.0000e+00 1.0000e+00 7.7190e+03 9.1000e+01 1.2000e+01 6.0000e+00 1.0000e+00 1.8800e+02 1.0000e+00 1.0000e+01
2.1000e+01 6.0000e+00 1.0000e+00 0.0000e+00 3.5000e+01 7.0000e+00 8.7610e+03 2.7900e+02 2.0000e+00 9.0000e+00
6.3770e+03 2.9000e+01 2.0000e+00 1.0000e+00 1.2750e+03 2.9000e+01 8.0000e+00 6.0000e+00 2.0000e+01 4.3000e+01
8.0000e+00 9.2600e+02 1.0100e+03 1.0000e+01 0.0000e+00 1.5000e+01 4.1000e+01 6.9530e+03 2.6000e+01 0.0000e+00
2.0000e+00 2.5000e+01 2.0000e+00 4.1250e+03 7.0000e+01 0.0000e+00 7.0000e+00 2.0100e+02 3.0790e+03 2.0000e+01
2.0000e+00 8.9300e+03 6.0000e+00 0.0000e+00 0.0000e+00 5.0000e+00 1.0000e+00 4.0000e+00 4.0000e+00 1.9000e+01
