9.4000e+02 1.0380e+03 9.5300e+02 1.0180e+03 1.0140e+03 1.0310e+03 9.8900e+02 9.9900e+02 1.0170e+03 1.0230e+03
9.7900e+02 1.0280e+03 1.0250e+03 9.8600e+02 1.0010e+03 1.0630e+03 9.6400e+02 9.9800e+02 1.0120e+03 9.8100e+02
1.0240e+03 1.0170e+03 1.0100e+03 9.9400e+02 1.0030e+03 1.0160e+03 9.4000e+02 1.0210e+03 1.0010e+03 9.8400e+02
9.6300e+02 1.0280e+03 9.8500e+02 1.0040e+03 1.0170e+03 1.0000e+03 1.0280e+03 9.4100e+02 1.0090e+03 9.8100e+02
1.0070e+03 9.9000e+02 9.7300e+02 9.5800e+02 1.0420e+03 9.6700e+02 1.0070e+03 1.0470e+03 1.0030e+03 1.0290e+03
1.0300e+03 1.0290e+03 9.5100e+02 1.0030e+03 1.0470e+03 9.5300e+02 1.0060e+03 1.0080e+03 9.9800e+02 1.0290e+03
9.8500e+02 1.0220e+03 9.7100e+02 1.0080e+03 1.0060e+03 9.7700e+02 9.9100e+02 1.0020e+03 9.9400e+02 1.0490e+03
1.0270e+03 9.7200e+02 9.6300e+02 9.9300e+02 1.0070e+03 9.6900e+02 9.6100e+02 9.5600e+02 1.0270e+03 1.0020e+03
1.0550e+03 9.3800e+02 1.0270e+03 1.0340e+03 9.8400e+02 1.0150e+03 1.0200e+03 9.3900e+02 1.0180e+03 9.8500e+02
9.4700e+02 1.0210e+03 1.0020e+03 1.0160e+03 9.5800e+02 9.8200e+02 1.0550e+03 1.0090e+03 9.9000e+02 1.0210e+03
