8.6231e-01 1.3553e-01 2.6440e-01 7.3881e-01 4.8597e-01 5.6597e-01 3.5167e-01 2.0697e-01 8.9570e-01 9.7001e-01
1.6385e-01 5.4519e-01 2.3131e-01 9.9799e-01 5.5411e-01 2.8252e-01 7.8942e-01 6.1803e-02 9.1977e-02 9.7076e-01
9.6917e-01 4.7024e-01 6.6802e-02 6.0920e-01 7.9257e-01 5.4904e-01 9.8271e-01 7.7994e-01 5.6905e-01 4.8728e-01
7.5383e-01 7.6772e-01 8.0078e-01 5.3768e-01 7.0798e-01 9.7692e-01 1.3926e-01 4.4552e-01 3.5615e-01 8.1525e-01
7.2239e-03 1.1542e-01 8.5640e-01 6.6287e-01 2.8072e-01 3.1213e-01 5.8045e-02 5.9016e-01 1.6501e-01 3.1564e-01
7.0370e-01 4.0785e-01 1.1736e-01 1.6874e-01 5.1232e-01 3.7451e-01 9.6548e-01 7.4092e-01 2.1158e-01 5.8551e-01
8.3624e-01 4.6363e-01 3.0253e-01 3.4203e-01 6.2927e-01 5.3679e-01 5.0341e-01 2.1557e-01 4.7972e-01 6.1744e-01
5.3715e-01 9.7203e-01 9.6365e-01 3.0466e-01 1.6129e-02 4.2775e-01 6.2784e-01 8.3399e-01 4.8315e-01 1.9792e-02
2.2723e-01 4.5618e-01 1.3718e-01 7.6836e-01 4.8012e-01 4.2116e-02 4.4945e-01 5.0412e-01 7.2019e-01 4.3452e-01
4.5627e-02 9.9202e-01 2.1171e-01 1.5711e-01 1.2675e-01 2.7412e-01 2.0690e-01 4.6496e-01 4.0714e-01 5.8200e-01
