0.0000e+00 0.0000e+00 0.0000e+00 5.2941e-01 0.0000e+00 6.6667e-01 9.0333e-01 0.0000e+00 0.0000e+00 0.0000e+00 5.0000e-01 0.0000e+00 0.0000e+00 3.3333e-01 0.0000e+00 6.6667e-01 0.0000e+00 0.0000e+00 0.0000e+00 3.3333e-01 0.0000e+00 5.0000e-01 0.0000e+00 0.0000e+00 0.0000e+00 3.3333e-01 0.0000e+00 0.0000e+00 6.0000e-01 0.0000e+00 0.0000e+00 6.0000e-01 0.0000e+00 0.0000e+00 5.0000e-01 0.0000e+00 0.0000e+00 5.0000e-01 9.0453e-01 7.5000e-01 2.8571e-01 0.0000e+00 0.0000e+00 0.0000e+00 0.0000e+00 5.0000e-01 5.0000e-01 5.1852e-01 0.0000e+00 0.0000e+00
0.0000e+00 0.0000e+00 0.0000e+00 6.6667e-01 0.0000e+00 8.0000e-01 1.0000e+00 0.0000e+00 0.0000e+00 5.0000e-01 0.0000e+00 4.4444e-01 0.0000e+00 0.0000e+00 0.0000e+00 8.7500e-01 0.0000e+00 0.0000e+00 4.1176e-01 0.0000e+00 7.1809e-01 6.6667e-01 0.0000e+00 0.0000e+00 0.0000e+00 0.0000e+00 0.0000e+00 0.0000e+00 0.0000e+00 8.5714e-01 4.2857e-01 9.0579e-01 0.0000e+00 0.0000e+00 1.0000e+00 0.0000e+00 0.0000e+00 5.0000e-01 1.0000e+00 0.0000e+00 0.0000e+00 0.0000e+00 0.0000e+00 0.0000e+00 8.3333e-01 0.0000e+00 0.0000e+00 0.0000e+00 0.0000e+00 0.0000e+00
0.0000e+00 0.0000e+00 0.0000e+00 3.3333e-01 5.0000e-01 5.0000e-01 5.0000e-01 0.0000e+00 0.0000e+00 0.0000e+00 0.0000e+00 0.0000e+00 0.0000e+00 0.0000e+00 0.0000e+00 0.0000e+00 0.0000e+00 0.0000e+00 0.0000e+00 0.0000e+00 4.0000e-01 0.0000e+00 0.0000e+00 0.0000e+00 0.0000e+00 0.0000e+00 0.0000e+00 0.0000e+00 0.0000e+00 7.0391e-01 0.0000e+00 0.0000e+00 0.0000e+00 0.0000e+00 0.0000e+00 3.3333e-01 0.0000e+00 0.0000e+00 7.1429e-01 0.0000e+00 0.0000e+00 0.0000e+00 5.9273e-01 3.1579e-01 0.0000e+00 0.0000e+00 0.0000e+00 3.3333e-01 0.0000e+00 0.0000e+00
0.0000e+00 0.0000e+00 0.0000e+00 0.0000e+00 0.0000e+00 3.3333e-01 0.0000e+00 0.0000e+00 0.0000e+00 0.0000e+00 0.0000e+00 0.0000e+00 0.0000e+00 0.0000e+00 0.0000e+00 0.0000e+00 0.0000e+00 0.0000e+00 0.0000e+00 0.0000e+00 0.0000e+00 0.0000e+00 3.2990e-01 0.0000e+00 0.0000e+00 0.0000e+00 0.0000e+00 0.0000e+00 0.0000e+00 3.3333e-01 0.0000e+00 0.0000e+00 0.0000e+00 0.0000e+00 0.0000e+00 0.0000e+00 0.0000e+00 0.0000e+00 0.0000e+00 4.7059e-01 0.0000e+00 0.0000e+00 0.0000e+00 0.0000e+00 0.0000e+00 0.0000e+00 0.0000e+00 0.0000e+00 0.0000e+00 0.0000e+00
0.0000e+00 0.0000e+00 0.0000e+00 0.0000e+00 5.0000e-01 0.0000e+00 1.0000e+00 0.0000e+00 0.0000e+00 0.0000e+00 0.0000e+00 0.0000e+00 0.0000e+00 0.0000e+00 0.0000e+00 0.0000e+00 2.5000e-01 0.0000e+00 0.0000e+00 0.0000e+00 0.0000e+00 0.0000e+00 5.0000e-01 0.0000e+00 4.0000e-01 4.0000e-01 4.2857e-01 0.0000e+00 7.6873e-01 0.0000e+00 0.0000e+00 0.0000e+00 0.0000e+00 0.0000e+00 6.6667e-01 0.0000e+00 0.0000e+00 0.0000e+00 1.0000e+00 0.0000e+00 0.0000e+00 0.0000e+00 0.0000e+00 0.0000e+00 6.6667e-01 0.0000e+00 0.0000e+00 0.0000e+00 0.0000e+00 0.0000e+00
0.0000e+00 0.0000e+00 0.0000e+00 0.0000e+00 0.0000e+00 0.0000e+00 0.0000e+00 0.0000e+00 0.0000e+00 0.0000e+00 0.0000e+00 0.0000e+00 0.0000e+00 0.0000e+00 0.0000e+00 0.0000e+00 0.0000e+00 0.0000e+00 0.0000e+00 0.0000e+00 0.0000e+00 0.0000e+00 0.0000e+00 0.0000e+00 0.0000e+00 0.0000e+00 0.0000e+00 2.5000e-01 3.3333e-01 0.0000e+00 0.0000e+00 0.0000e+00 0.0000e+00 0.0000e+00 0.0000e+00 0.0000e+00 0.0000e+00 0.0000e+00 0.0000e+00 8.1436e-01 0.0000e+00 0.0000e+00 4.7619e-01 3.3333e-01 5.0000e-01 0.0000e+00 0.0000e+00 4.0000e-01 0.0000e+00 0.0000e+00
5.0834e-01 0.0000e+00 0.0000e+00 0.0000e+00 0.0000e+00 0.0000e+00 0.0000e+00 0.0000e+00 0.0000e+00 0.0000e+00 0.0000e+00 0.0000e+00 0.0000e+00 0.0000e+00 0.0000e+00 0.0000e+00 0.0000e+00 0.0000e+00 0.0000e+00 0.0000e+00 0.0000e+00 0.0000e+00 0.0000e+00 0.0000e+00 0.0000e+00 0.0000e+00 0.0000e+00 0.0000e+00 0.0000e+00 0.0000e+00 0.0000e+00 0.0000e+00 0.0000e+00 0.0000e+00 0.0000e+00 0.0000e+00 0.0000e+00 0.0000e+00 0.0000e+00 0.0000e+00 0.0000e+00 0.0000e+00 3.3333e-01 0.0000e+00 0.0000e+00 0.0000e+00 0.0000e+00 0.0000e+00 0.0000e+00 0.0000e+00
3.3333e-01 2.0000e-01 0.0000e+00 0.0000e+00 0.0000e+00 0.0000e+00 0.0000e+00 0.0000e+00 0.0000e+00 0.0000e+00 0.0000e+00 2.0000e-01 0.0000e+00 0.0000e+00 0.0000e+00 0.0000e+00 0.0000e+00 0.0000e+00 0.0000e+00 0.0000e+00 0.0000e+00 0.0000e+00 0.0000e+00 0.0000e+00 0.0000e+00 0.0000e+00 0.0000e+00 0.0000e+00 0.0000e+00 0.0000e+00 0.0000e+00 0.0000e+00 0.0000e+00 0.0000e+00 0.0000e+00 0.0000e+00 0.0000e+00 0.0000e+00 5.0000e-01 0.0000e+00 0.0000e+00 0.0000e+00 0.0000e+00 0.0000e+00 0.0000e+00 0.0000e+00 0.0000e+00 0.0000e+00 0.0000e+00 0.0000e+00
0.0000e+00 0.0000e+00 0.0000e+00 0.0000e+00 0.0000e+00 0.0000e+00 5.2000e-01 0.0000e+00 0.0000e+00 0.0000e+00 0.0000e+00 0.0000e+00 0.0000e+00 2.5000e-01 0.0000e+00 0.0000e+00 0.0000e+00 0.0000e+00 0.0000e+00 0.0000e+00 0.0000e+00 0.0000e+00 0.0000e+00 0.0000e+00 0.0000e+00 0.0000e+00 0.0000e+00 0.0000e+00 0.0000e+00 0.0000e+00 0.0000e+00 3.3333e-01 0.0000e+00 0.0000e+00 0.0000e+00 0.0000e+00 0.0000e+00 0.0000e+00 0.0000e+00 0.0000e+00 0.0000e+00 0.0000e+00 0.0000e+00 2.5000e-01 4.2857e-01 0.0000e+00 0.0000e+00 0.0000e+00 0.0000e+00 0.0000e+00
0.0000e+00 0.0000e+00 0.0000e+00 0.0000e+00 5.4041e-01 0.0000e+00 0.0000e+00 3.2319e-01 0.0000e+00 0.0000e+00 0.0000e+00 0.0000e+00 0.0000e+00 0.0000e+00 0.0000e+00 0.0000e+00 0.0000e+00 0.0000e+00 0.0000e+00 0.0000e+00 0.0000e+00 3.3333e-01 3.5714e-01 3.3333e-01 0.0000e+00 0.0000e+00 0.0000e+00 0.0000e+00 4.0000e-01 0.0000e+00 0.0000e+00 0.0000e+00 0.0000e+00 0.0000e+00 5.0000e-01 0.0000e+00 0.0000e+00 0.0000e+00 6.2222e-01 0.0000e+00 0.0000e+00 2.0000e-01 0.0000e+00 0.0000e+00 0.0000e+00 0.0000e+00 0.0000e+00 3.7500e-01 2.5000e-01 0.0000e+00
6.6667e-01 0.0000e+00 0.0000e+00 0.0000e+00 5.0000e-01 0.0000e+00 5.0000e-01 0.0000e+00 0.0000e+00 0.0000e+00 0.0000e+00 5.0000e-01 0.0000e+00 0.0000e+00 7.5000e-01 1.0000e+00 4.0000e-01 0.0000e+00 0.0000e+00 0.0000e+00 7.1429e-01 5.0000e-01 7.0000e-01 8.8722e-01 5.0000e-01 0.0000e+00 7.2856e-01 4.2857e-01 0.0000e+00 0.0000e+00 5.0000e-01 8.3333e-01 0.0000e+00 5.0000e-01 1.0000e+00 5.0000e-01 0.0000e+00 6.6667e-01 1.0000e+00 9.0909e-01 0.0000e+00 0.0000e+00 5.0000e-01 0.0000e+00 5.0000e-01 0.0000e+00 0.0000e+00 0.0000e+00 5.0000e-01 0.0000e+00
0.0000e+00 0.0000e+00 0.0000e+00 0.0000e+00 3.3333e-01 3.3333e-01 0.0000e+00 0.0000e+00 0.0000e+00 0.0000e+00 0.0000e+00 0.0000e+00 2.0000e-01 0.0000e+00 0.0000e+00 6.1455e-01 0.0000e+00 0.0000e+00 0.0000e+00 0.0000e+00 0.0000e+00 0.0000e+00 0.0000e+00 0.0000e+00 0.0000e+00 2.5000e-01 0.0000e+00 0.0000e+00 3.3333e-01 0.0000e+00 0.0000e+00 0.0000e+00 0.0000e+00 0.0000e+00 5.0000e-01 0.0000e+00 0.0000e+00 4.6154e-01 5.0000e-01 0.0000e+00 0.0000e+00 0.0000e+00 0.0000e+00 0.0000e+00 0.0000e+00 0.0000e+00 3.3333e-01 3.3333e-01 0.0000e+00 3.3333e-01
1.0000e+00 7.0319e-01 7.9114e-01 1.0000e+00 1.0000e+00 1.0000e+00 1.0000e+00 8.0000e-01 5.0000e-01 7.7778e-01 0.0000e+00 6.6667e-01 5.0000e-01 8.4615e-01 0.0000e+00 6.6667e-01 0.0000e+00 0.0000e+00 5.0000e-01 7.5000e-01 1.0000e+00 5.0000e-01 5.0000e-01 0.0000e+00 0.0000e+00 8.1105e-01 5.0000e-01 6.6667e-01 1.0000e+00 1.0000e+00 7.5000e-01 5.0000e-01 0.0000e+00 1.0000e+00 1.0000e+00 6.6667e-01 7.5490e-01 1.0000e+00 1.0000e+00 0.0000e+00 7.0694e-01 0.0000e+00 1.0000e+00 0.0000e+00 1.0000e+00 0.0000e+00 0.0000e+00 1.0000e+00 0.0000e+00 1.0000e+00
5.0000e-01 0.0000e+00 0.0000e+00 3.3333e-01 0.0000e+00 5.0000e-01 0.0000e+00 0.0000e+00 2.5000e-01 3.3333e-01 0.0000e+00 0.0000e+00 0.0000e+00 3.3333e-01 0.0000e+00 5.0000e-01 0.0000e+00 0.0000e+00 0.0000e+00 0.0000e+00 0.0000e+00 6.5971e-01 0.0000e+00 0.0000e+00 3.1818e-01 0.0000e+00 0.0000e+00 0.0000e+00 0.0000e+00 0.0000e+00 0.0000e+00 0.0000e+00 0.0000e+00 0.0000e+00 5.0000e-01 0.0000e+00 2.5000e-01 0.0000e+00 0.0000e+00 0.0000e+00 0.0000e+00 0.0000e+00 5.1613e-01 0.0000e+00 0.0000e+00 0.0000e+00 0.0000e+00 3.3333e-01 3.3333e-01 0.0000e+00
0.0000e+00 0.0000e+00 0.0000e+00 0.0000e+00 6.0000e-01 0.0000e+00 8.5714e-01 0.0000e+00 2.5000e-01 0.0000e+00 0.0000e+00 3.3333e-01 3.7910e-01 0.0000e+00 0.0000e+00 0.0000e+00 0.0000e+00 3.3333e-01 0.0000e+00 0.0000e+00 5.0000e-01 0.0000e+00 0.0000e+00 5.0000e-01 0.0000e+00 0.0000e+00 0.0000e+00 0.0000e+00 0.0000e+00 0.0000e+00 0.0000e+00 5.0000e-01 0.0000e+00 0.0000e+00 0.0000e+00 0.0000e+00 0.0000e+00 6.6667e-01 5.0000e-01 0.0000e+00 0.0000e+00 0.0000e+00 0.0000e+00 0.0000e+00 5.0000e-01 3.3333e-01 0.0000e+00 0.0000e+00 5.9423e-01 0.0000e+00
0.0000e+00 0.0000e+00 0.0000e+00 3.3333e-01 0.0000e+00 5.0000e-01 0.0000e+00 0.0000e+00 0.0000e+00 0.0000e+00 0.0000e+00 0.0000e+00 0.0000e+00 0.0000e+00 0.0000e+00 0.0000e+00 0.0000e+00 2.5000e-01 0.0000e+00 0.0000e+00 4.0000e-01 0.0000e+00 0.0000e+00 0.0000e+00 2.8571e-01 0.0000e+00 3.3333e-01 0.0000e+00 0.0000e+00 0.0000e+00 0.0000e+00 0.0000e+00 0.0000e+00 6.8333e-01 8.6468e-01 3.6364e-01 0.0000e+00 7.6303e-01 0.0000e+00 0.0000e+00 0.0000e+00 0.0000e+00 0.0000e+00 0.0000e+00 5.0000e-01 0.0000e+00 3.3333e-01 4.2857e-01 0.0000e+00 0.0000e+00
0.0000e+00 0.0000e+00 0.0000e+00 0.0000e+00 0.0000e+00 0.0000e+00 0.0000e+00 0.0000e+00 0.0000e+00 0.0000e+00 5.0698e-01 0.0000e+00 0.0000e+00 2.5000e-01 3.3333e-01 0.0000e+00 0.0000e+00 0.0000e+00 2.2222e-01 0.0000e+00 0.0000e+00 0.0000e+00 0.0000e+00 0.0000e+00 2.5000e-01 0.0000e+00 0.0000e+00 0.0000e+00 0.0000e+00 0.0000e+00 0.0000e+00 0.0000e+00 0.0000e+00 0.0000e+00 0.0000e+00 0.0000e+00 0.0000e+00 0.0000e+00 0.0000e+00 0.0000e+00 0.0000e+00 0.0000e+00 0.0000e+00 0.0000e+00 0.0000e+00 0.0000e+00 3.3333e-01 0.0000e+00 0.0000e+00 0.0000e+00
8.0000e-01 0.0000e+00 0.0000e+00 6.0000e-01 7.7778e-01 5.0000e-01 5.0000e-01 0.0000e+00 0.0000e+00 0.0000e+00 6.6667e-01 5.2670e-01 0.0000e+00 7.3249e-01 0.0000e+00 0.0000e+00 0.0000e+00 0.0000e+00 0.0000e+00 0.0000e+00 0.0000e+00 0.0000e+00 0.0000e+00 0.0000e+00 0.0000e+00 0.0000e+00 0.0000e+00 0.0000e+00 0.0000e+00 6.6667e-01 0.0000e+00 5.0000e-01 0.0000e+00 0.0000e+00 1.0000e+00 7.3437e-01 0.0000e+00 0.0000e+00 1.0000e+00 0.0000e+00 0.0000e+00 0.0000e+00 6.6667e-01 0.0000e+00 9.0000e-01 0.0000e+00 0.0000e+00 6.0000e-01 5.0000e-01 0.0000e+00
4.0000e-01 0.0000e+00 0.0000e+00 2.5000e-01 0.0000e+00 3.3333e-01 0.0000e+00 0.0000e+00 0.0000e+00 0.0000e+00 0.0000e+00 0.0000e+00 0.0000e+00 0.0000e+00 0.0000e+00 3.3333e-01 0.0000e+00 0.0000e+00 0.0000e+00 0.0000e+00 0.0000e+00 3.3333e-01 0.0000e+00 0.0000e+00 0.0000e+00 0.0000e+00 0.0000e+00 0.0000e+00 0.0000e+00 0.0000e+00 2.5000e-01 0.0000e+00 0.0000e+00 0.0000e+00 0.0000e+00 0.0000e+00 0.0000e+00 0.0000e+00 5.0000e-01 0.0000e+00 0.0000e+00 0.0000e+00 3.3333e-01 0.0000e+00 0.0000e+00 0.0000e+00 0.0000e+00 0.0000e+00 0.0000e+00 0.0000e+00
3.3333e-01 0.0000e+00 0.0000e+00 0.0000e+00 0.0000e+00 0.0000e+00 0.0000e+00 0.0000e+00 0.0000e+00 0.0000e+00 0.0000e+00 0.0000e+00 0.0000e+00 0.0000e+00 0.0000e+00 0.0000e+00 1.6667e-01 0.0000e+00 0.0000e+00 0.0000e+00 0.0000e+00 0.0000e+00 0.0000e+00 0.0000e+00 0.0000e+00 0.0000e+00 0.0000e+00 0.0000e+00 0.0000e+00 0.0000e+00 0.0000e+00 0.0000e+00 0.0000e+00 0.0000e+00 0.0000e+00 0.0000e+00 0.0000e+00 0.0000e+00 5.0000e-01 0.0000e+00 0.0000e+00 0.0000e+00 0.0000e+00 0.0000e+00 0.0000e+00 0.0000e+00 0.0000e+00 0.0000e+00 0.0000e+00 0.0000e+00
5.0000e-01 0.0000e+00 0.0000e+00 0.0000e+00 5.0000e-01 0.0000e+00 0.0000e+00 3.3333e-01 0.0000e+00 0.0000e+00 5.0000e-01 0.0000e+00 0.0000e+00 0.0000e+00 0.0000e+00 7.5000e-01 0.0000e+00 3.3333e-01 0.0000e+00 0.0000e+00 5.0000e-01 0.0000e+00 0.0000e+00 0.0000e+00 3.3333e-01 0.0000e+00 0.0000e+00 0.0000e+00 0.0000e+00 0.0000e+00 0.0000e+00 5.0000e-01 0.0000e+00 0.0000e+00 0.0000e+00 0.0000e+00 3.1250e-01 0.0000e+00 6.6667e-01 0.0000e+00 0.0000e+00 0.0000e+00 0.0000e+00 0.0000e+00 0.0000e+00 4.6667e-01 0.0000e+00 0.0000e+00 0.0000e+00 7.5315e-01
0.0000e+00 0.0000e+00 0.0000e+00 5.7143e-01 5.0000e-01 0.0000e+00 1.0000e+00 5.0000e-01 0.0000e+00 5.0000e-01 0.0000e+00 0.0000e+00 0.0000e+00 5.0000e-01 5.0000e-01 8.3333e-01 0.0000e+00 0.0000e+00 0.0000e+00 0.0000e+00 0.0000e+00 0.0000e+00 0.0000e+00 0.0000e+00 0.0000e+00 0.0000e+00 0.0000e+00 0.0000e+00 5.0000e-01 5.0000e-01 0.0000e+00 5.0000e-01 0.0000e+00 1.0000e+00 0.0000e+00 0.0000e+00 0.0000e+00 5.0000e-01 0.0000e+00 5.0000e-01 3.3333e-01 0.0000e+00 0.0000e+00 0.0000e+00 5.0000e-01 0.0000e+00 0.0000e+00 0.0000e+00 0.0000e+00 0.0000e+00
5.0000e-01 0.0000e+00 0.0000e+00 3.3333e-01 0.0000e+00 0.0000e+00 0.0000e+00 0.0000e+00 0.0000e+00 3.3333e-01 0.0000e+00 0.0000e+00 0.0000e+00 0.0000e+00 0.0000e+00 0.0000e+00 0.0000e+00 0.0000e+00 0.0000e+00 0.0000e+00 0.0000e+00 5.0000e-01 3.7500e-01 4.0000e-01 0.0000e+00 0.0000e+00 0.0000e+00 0.0000e+00 0.0000e+00 0.0000e+00 0.0000e+00 0.0000e+00 4.2857e-01 0.0000e+00 7.2414e-01 3.3333e-01 0.0000e+00 7.0144e-01 5.0000e-01 0.0000e+00 0.0000e+00 2.5000e-01 4.9367e-01 0.0000e+00 5.0000e-01 0.0000e+00 0.0000e+00 0.0000e+00 0.0000e+00 0.0000e+00
0.0000e+00 0.0000e+00 0.0000e+00 0.0000e+00 5.0000e-01 6.3462e-01 5.0000e-01 0.0000e+00 0.0000e+00 0.0000e+00 0.0000e+00 0.0000e+00 0.0000e+00 0.0000e+00 5.0000e-01 0.0000e+00 0.0000e+00 0.0000e+00 0.0000e+00 0.0000e+00 0.0000e+00 5.0000e-01 6.3211e-01 0.0000e+00 0.0000e+00 0.0000e+00 0.0000e+00 3.3333e-01 0.0000e+00 0.0000e+00 0.0000e+00 0.0000e+00 0.0000e+00 0.0000e+00 5.0000e-01 0.0000e+00 0.0000e+00 0.0000e+00 0.0000e+00 0.0000e+00 0.0000e+00 0.0000e+00 0.0000e+00 0.0000e+00 0.0000e+00 0.0000e+00 6.2015e-01 0.0000e+00 0.0000e+00 0.0000e+00
0.0000e+00 0.0000e+00 0.0000e+00 0.0000e+00 5.0000e-01 0.0000e+00 1.0000e+00 0.0000e+00 0.0000e+00 0.0000e+00 5.0000e-01 0.0000e+00 0.0000e+00 0.0000e+00 0.0000e+00 5.0000e-01 0.0000e+00 0.0000e+00 0.0000e+00 0.0000e+00 0.0000e+00 0.0000e+00 0.0000e+00 5.0000e-01 0.0000e+00 3.3333e-01 5.0000e-01 0.0000e+00 0.0000e+00 5.0000e-01 0.0000e+00 0.0000e+00 6.6667e-01 0.0000e+00 1.0000e+00 0.0000e+00 0.0000e+00 1.0000e+00 1.0000e+00 5.0000e-01 0.0000e+00 0.0000e+00 7.0000e-01 0.0000e+00 1.0000e+00 0.0000e+00 0.0000e+00 0.0000e+00 0.0000e+00 0.0000e+00
8.2609e-01 0.0000e+00 0.0000e+00 6.5564e-01 8.0952e-01 7.5000e-01 5.0000e-01 0.0000e+00 0.0000e+00 0.0000e+00 0.0000e+00 0.0000e+00 0.0000e+00 5.0000e-01 6.6667e-01 7.5000e-01 0.0000e+00 0.0000e+00 0.0000e+00 0.0000e+00 0.0000e+00 0.0000e+00 0.0000e+00 5.0000e-01 3.3333e-01 0.0000e+00 0.0000e+00 3.3333e-01 0.0000e+00 0.0000e+00 0.0000e+00 0.0000e+00 0.0000e+00 0.0000e+00 1.0000e+00 0.0000e+00 0.0000e+00 8.3333e-01 9.7983e-01 5.0000e-01 0.0000e+00 0.0000e+00 6.6667e-01 0.0000e+00 6.6667e-01 5.0000e-01 5.0000e-01 5.0000e-01 0.0000e+00 0.0000e+00
0.0000e+00 0.0000e+00 0.0000e+00 0.0000e+00 0.0000e+00 0.0000e+00 0.0000e+00 0.0000e+00 0.0000e+00 0.0000e+00 0.0000e+00 0.0000e+00 0.0000e+00 0.0000e+00 3.3333e-01 0.0000e+00 0.0000e+00 0.0000e+00 0.0000e+00 0.0000e+00 0.0000e+00 0.0000e+00 0.0000e+00 0.0000e+00 2.5000e-01 0.0000e+00 0.0000e+00 0.0000e+00 0.0000e+00 4.4444e-01 0.0000e+00 0.0000e+00 0.0000e+00 0.0000e+00 0.0000e+00 0.0000e+00 0.0000e+00 4.0000e-01 0.0000e+00 0.0000e+00 0.0000e+00 0.0000e+00 0.0000e+00 2.5000e-01 0.0000e+00 0.0000e+00 0.0000e+00 0.0000e+00 0.0000e+00 0.0000e+00
0.0000e+00 0.0000e+00 0.0000e+00 0.0000e+00 0.0000e+00 4.0000e-01 5.0000e-01 0.0000e+00 0.0000e+00 0.0000e+00 0.0000e+00 0.0000e+00 0.0000e+00 0.0000e+00 0.0000e+00 0.0000e+00 0.0000e+00 0.0000e+00 0.0000e+00 0.0000e+00 0.0000e+00 0.0000e+00 0.0000e+00 0.0000e+00 0.0000e+00 2.0000e-01 0.0000e+00 0.0000e+00 0.0000e+00 0.0000e+00 0.0000e+00 0.0000e+00 0.0000e+00 0.0000e+00 0.0000e+00 0.0000e+00 0.0000e+00 0.0000e+00 5.0000e-01 0.0000e+00 0.0000e+00 2.0000e-01 0.0000e+00 0.0000e+00 0.0000e+00 2.5000e-01 0.0000e+00 3.3333e-01 0.0000e+00 0.0000e+00
0.0000e+00 0.0000e+00 4.0741e-01 0.0000e+00 5.0000e-01 7.5000e-01 8.7500e-01 3.3333e-01 0.0000e+00 5.5990e-01 0.0000e+00 4.7448e-01 3.3333e-01 0.0000e+00 0.0000e+00 5.0000e-01 0.0000e+00 0.0000e+00 4.0000e-01 0.0000e+00 0.0000e+00 0.0000e+00 0.0000e+00 5.0000e-01 0.0000e+00 0.0000e+00 0.0000e+00 3.4677e-01 0.0000e+00 6.6667e-01 0.0000e+00 6.6667e-01 6.0000e-01 0.0000e+00 0.0000e+00 0.0000e+00 0.0000e+00 7.5000e-01 0.0000e+00 6.6667e-01 0.0000e+00 0.0000e+00 5.0000e-01 4.0000e-01 5.0000e-01 0.0000e+00 5.0000e-01 5.7143e-01 0.0000e+00 5.0000e-01
0.0000e+00 0.0000e+00 0.0000e+00 0.0000e+00 3.3333e-01 0.0000e+00 5.0000e-01 2.8571e-01 0.0000e+00 0.0000e+00 3.3333e-01 0.0000e+00 0.0000e+00 0.0000e+00 0.0000e+00 0.0000e+00 0.0000e+00 0.0000e+00 0.0000e+00 0.0000e+00 3.5294e-01 0.0000e+00 0.0000e+00 0.0000e+00 0.0000e+00 0.0000e+00 0.0000e+00 0.0000e+00 0.0000e+00 0.0000e+00 0.0000e+00 4.2857e-01 0.0000e+00 0.0000e+00 7.0030e-01 2.5000e-01 0.0000e+00 0.0000e+00 5.8621e-01 0.0000e+00 0.0000e+00 0.0000e+00 0.0000e+00 0.0000e+00 0.0000e+00 3.3333e-01 4.0138e-01 0.0000e+00 0.0000e+00 0.0000e+00
0.0000e+00 0.0000e+00 0.0000e+00 0.0000e+00 5.0000e-01 5.0000e-01 0.0000e+00 0.0000e+00 0.0000e+00 6.8906e-01 8.8571e-01 0.0000e+00 3.3333e-01 0.0000e+00 7.5000e-01 1.0000e+00 3.3333e-01 0.0000e+00 0.0000e+00 0.0000e+00 0.0000e+00 0.0000e+00 0.0000e+00 0.0000e+00 0.0000e+00 0.0000e+00 5.0000e-01 0.0000e+00 0.0000e+00 1.0000e+00 0.0000e+00 0.0000e+00 0.0000e+00 0.0000e+00 5.0000e-01 5.0000e-01 0.0000e+00 1.0000e+00 1.0000e+00 0.0000e+00 0.0000e+00 4.2857e-01 6.6667e-01 0.0000e+00 1.0000e+00 0.0000e+00 7.3729e-01 7.9730e-01 0.0000e+00 0.0000e+00
0.0000e+00 0.0000e+00 0.0000e+00 5.7143e-01 5.0000e-01 0.0000e+00 9.0000e-01 0.0000e+00 3.1250e-01 0.0000e+00 0.0000e+00 0.0000e+00 3.3333e-01 0.0000e+00 7.6045e-01 7.8378e-01 0.0000e+00 0.0000e+00 0.0000e+00 0.0000e+00 0.0000e+00 0.0000e+00 5.0000e-01 0.0000e+00 0.0000e+00 3.3333e-01 0.0000e+00 0.0000e+00 0.0000e+00 7.5000e-01 0.0000e+00 5.0000e-01 0.0000e+00 0.0000e+00 1.0000e+00 0.0000e+00 0.0000e+00 0.0000e+00 8.5714e-01 0.0000e+00 0.0000e+00 3.3333e-01 6.6667e-01 0.0000e+00 5.0000e-01 0.0000e+00 0.0000e+00 5.7143e-01 3.3333e-01 5.0000e-01
5.0000e-01 0.0000e+00 0.0000e+00 0.0000e+00 4.4444e-01 0.0000e+00 0.0000e+00 0.0000e+00 0.0000e+00 0.0000e+00 5.0000e-01 3.3333e-01 0.0000e+00 0.0000e+00 3.3333e-01 0.0000e+00 0.0000e+00 0.0000e+00 0.0000e+00 0.0000e+00 0.0000e+00 0.0000e+00 0.0000e+00 5.0000e-01 0.0000e+00 0.0000e+00 0.0000e+00 0.0000e+00 0.0000e+00 5.0000e-01 0.0000e+00 0.0000e+00 3.3333e-01 0.0000e+00 6.6667e-01 0.0000e+00 0.0000e+00 0.0000e+00 7.9715e-01 0.0000e+00 0.0000e+00 3.2589e-01 0.0000e+00 0.0000e+00 5.0000e-01 3.7500e-01 3.3333e-01 0.0000e+00 0.0000e+00 0.0000e+00
1.0000e+00 5.0000e-01 6.6667e-01 8.1818e-01 8.8889e-01 0.0000e+00 0.0000e+00 8.6098e-01 5.0000e-01 6.0000e-01 0.0000e+00 6.6667e-01 0.0000e+00 5.0000e-01 7.5000e-01 1.0000e+00 5.0000e-01 5.0000e-01 0.0000e+00 0.0000e+00 0.0000e+00 5.0000e-01 0.0000e+00 7.5000e-01 0.0000e+00 6.6038e-01 5.0000e-01 5.0000e-01 0.0000e+00 1.0000e+00 0.0000e+00 0.0000e+00 0.0000e+00 1.0000e+00 1.0000e+00 0.0000e+00 5.0000e-01 0.0000e+00 1.0000e+00 6.6667e-01 6.8448e-01 0.0000e+00 0.0000e+00 7.2447e-01 1.0000e+00 6.6667e-01 7.5000e-01 0.0000e+00 5.0000e-01 1.0000e+00
3.8462e-01 0.0000e+00 0.0000e+00 0.0000e+00 0.0000e+00 4.0000e-01 0.0000e+00 0.0000e+00 1.6667e-01 0.0000e+00 0.0000e+00 0.0000e+00 0.0000e+00 0.0000e+00 0.0000e+00 0.0000e+00 0.0000e+00 0.0000e+00 0.0000e+00 0.0000e+00 0.0000e+00 0.0000e+00 0.0000e+00 0.0000e+00 0.0000e+00 0.0000e+00 0.0000e+00 0.0000e+00 0.0000e+00 0.0000e+00 0.0000e+00 0.0000e+00 3.0000e-01 0.0000e+00 0.0000e+00 0.0000e+00 0.0000e+00 0.0000e+00 0.0000e+00 0.0000e+00 0.0000e+00 0.0000e+00 3.3333e-01 0.0000e+00 0.0000e+00 0.0000e+00 3.3333e-01 0.0000e+00 0.0000e+00 0.0000e+00
1.0000e+00 6.6667e-01 5.0000e-01 1.0000e+00 1.0000e+00 1.0000e+00 1.0000e+00 0.0000e+00 8.0000e-01 8.0000e-01 1.0000e+00 8.8889e-01 8.3333e-01 0.0000e+00 1.0000e+00 1.0000e+00 8.2343e-01 0.0000e+00 1.0000e+00 8.0000e-01 1.0000e+00 0.0000e+00 5.0000e-01 8.5714e-01 7.5000e-01 9.8682e-01 0.0000e+00 0.0000e+00 1.0000e+00 1.0000e+00 8.3333e-01 1.0000e+00 1.0000e+00 1.0000e+00 1.0000e+00 1.0000e+00 9.2321e-01 0.0000e+00 1.0000e+00 1.0000e+00 5.0000e-01 6.6667e-01 1.0000e+00 0.0000e+00 1.0000e+00 5.0000e-01 5.0000e-01 1.0000e+00 1.0000e+00 1.0000e+00
0.0000e+00 0.0000e+00 0.0000e+00 0.0000e+00 0.0000e+00 0.0000e+00 0.0000e+00 0.0000e+00 0.0000e+00 0.0000e+00 3.3333e-01 0.0000e+00 0.0000e+00 0.0000e+00 0.0000e+00 0.0000e+00 0.0000e+00 0.0000e+00 0.0000e+00 0.0000e+00 3.3333e-01 0.0000e+00 0.0000e+00 0.0000e+00 2.5000e-01 0.0000e+00 2.3810e-01 0.0000e+00 0.0000e+00 0.0000e+00 0.0000e+00 0.0000e+00 0.0000e+00 0.0000e+00 0.0000e+00 0.0000e+00 0.0000e+00 0.0000e+00 0.0000e+00 0.0000e+00 0.0000e+00 0.0000e+00 0.0000e+00 0.0000e+00 0.0000e+00 0.0000e+00 0.0000e+00 3.3333e-01 0.0000e+00 3.3333e-01
5.0000e-01 2.5000e-01 0.0000e+00 0.0000e+00 5.0000e-01 0.0000e+00 8.6375e-01 0.0000e+00 0.0000e+00 3.3333e-01 0.0000e+00 0.0000e+00 0.0000e+00 0.0000e+00 0.0000e+00 0.0000e+00 0.0000e+00 0.0000e+00 0.0000e+00 0.0000e+00 5.0000e-01 5.0000e-01 0.0000e+00 5.9494e-01 0.0000e+00 0.0000e+00 0.0000e+00 0.0000e+00 0.0000e+00 0.0000e+00 0.0000e+00 0.0000e+00 0.0000e+00 0.0000e+00 5.0000e-01 4.3478e-01 3.0000e-01 5.0000e-01 5.0000e-01 0.0000e+00 0.0000e+00 0.0000e+00 0.0000e+00 0.0000e+00 0.0000e+00 0.0000e+00 0.0000e+00 5.0000e-01 0.0000e+00 0.0000e+00
1.0000e+00 6.6667e-01 5.0000e-01 1.0000e+00 1.0000e+00 1.0000e+00 1.0000e+00 0.0000e+00 6.6667e-01 8.3333e-01 0.0000e+00 7.5000e-01 8.5167e-01 8.0000e-01 0.0000e+00 1.0000e+00 0.0000e+00 8.6838e-01 0.0000e+00 8.6690e-01 0.0000e+00 0.0000e+00 0.0000e+00 1.0000e+00 6.6667e-01 5.0000e-01 7.7778e-01 0.0000e+00 6.6667e-01 1.0000e+00 0.0000e+00 0.0000e+00 5.0000e-01 1.0000e+00 1.0000e+00 9.7458e-01 0.0000e+00 5.0000e-01 0.0000e+00 0.0000e+00 6.6667e-01 6.0000e-01 5.0000e-01 0.0000e+00 1.0000e+00 0.0000e+00 1.0000e+00 1.0000e+00 0.0000e+00 0.0000e+00
1.0000e+00 5.0000e-01 9.3738e-01 1.0000e+00 1.0000e+00 1.0000e+00 1.0000e+00 5.0000e-01 6.9421e-01 8.5714e-01 1.0000e+00 8.1818e-01 6.6667e-01 8.0000e-01 1.0000e+00 1.0000e+00 6.1290e-01 6.6667e-01 7.3333e-01 0.0000e+00 1.0000e+00 1.0000e+00 7.5000e-01 1.0000e+00 5.0000e-01 5.0000e-01 5.0000e-01 6.0000e-01 1.0000e+00 1.0000e+00 9.8144e-01 1.0000e+00 0.0000e+00 1.0000e+00 1.0000e+00 8.8000e-01 6.6667e-01 1.0000e+00 0.0000e+00 0.0000e+00 6.9231e-01 7.0833e-01 1.0000e+00 0.0000e+00 1.0000e+00 7.5000e-01 1.0000e+00 1.0000e+00 8.0000e-01 5.0000e-01
5.0000e-01 0.0000e+00 0.0000e+00 0.0000e+00 5.5556e-01 0.0000e+00 0.0000e+00 0.0000e+00 0.0000e+00 0.0000e+00 0.0000e+00 0.0000e+00 0.0000e+00 0.0000e+00 0.0000e+00 0.0000e+00 0.0000e+00 0.0000e+00 0.0000e+00 0.0000e+00 5.0000e-01 0.0000e+00 0.0000e+00 0.0000e+00 4.5768e-01 3.3333e-01 0.0000e+00 0.0000e+00 5.0000e-01 6.6667e-01 3.3333e-01 0.0000e+00 5.0000e-01 0.0000e+00 5.0000e-01 0.0000e+00 0.0000e+00 0.0000e+00 0.0000e+00 0.0000e+00 0.0000e+00 0.0000e+00 0.0000e+00 3.3333e-01 6.6667e-01 6.1264e-01 5.0000e-01 0.0000e+00 0.0000e+00 5.7143e-01
1.0000e+00 9.9109e-01 1.0000e+00 1.0000e+00 1.0000e+00 1.0000e+00 1.0000e+00 1.0000e+00 9.6241e-01 1.0000e+00 1.0000e+00 8.0000e-01 8.7500e-01 1.0000e+00 1.0000e+00 1.0000e+00 6.6667e-01 1.0000e+00 1.0000e+00 1.0000e+00 1.0000e+00 1.0000e+00 1.0000e+00 1.0000e+00 0.0000e+00 1.0000e+00 1.0000e+00 9.8273e-01 1.0000e+00 1.0000e+00 1.0000e+00 1.0000e+00 1.0000e+00 0.0000e+00 1.0000e+00 1.0000e+00 8.8889e-01 1.0000e+00 1.0000e+00 1.0000e+00 9.8039e-01 8.0000e-01 1.0000e+00 8.3333e-01 5.0000e-01 9.6429e-01 1.0000e+00 1.0000e+00 1.0000e+00 1.0000e+00
0.0000e+00 0.0000e+00 0.0000e+00 0.0000e+00 0.0000e+00 0.0000e+00 0.0000e+00 0.0000e+00 0.0000e+00 0.0000e+00 0.0000e+00 0.0000e+00 0.0000e+00 0.0000e+00 0.0000e+00 3.3333e-01 1.8182e-01 0.0000e+00 0.0000e+00 0.0000e+00 0.0000e+00 0.0000e+00 0.0000e+00 0.0000e+00 0.0000e+00 0.0000e+00 0.0000e+00 0.0000e+00 0.0000e+00 4.0000e-01 0.0000e+00 0.0000e+00 0.0000e+00 0.0000e+00 0.0000e+00 0.0000e+00 0.0000e+00 0.0000e+00 5.0000e-01 0.0000e+00 0.0000e+00 0.0000e+00 3.3333e-01 0.0000e+00 0.0000e+00 2.8571e-01 0.0000e+00 0.0000e+00 0.0000e+00 0.0000e+00
0.0000e+00 0.0000e+00 0.0000e+00 0.0000e+00 0.0000e+00 0.0000e+00 0.0000e+00 2.5000e-01 0.0000e+00 0.0000e+00 3.3333e-01 0.0000e+00 0.0000e+00 0.0000e+00 0.0000e+00 0.0000e+00 0.0000e+00 2.3077e-01 0.0000e+00 0.0000e+00 0.0000e+00 0.0000e+00 2.8571e-01 0.0000e+00 0.0000e+00 0.0000e+00 2.0000e-01 0.0000e+00 0.0000e+00 0.0000e+00 0.0000e+00 0.0000e+00 0.0000e+00 0.0000e+00 0.0000e+00 0.0000e+00 0.0000e+00 3.3333e-01 0.0000e+00 4.0000e-01 0.0000e+00 0.0000e+00 0.0000e+00 0.0000e+00 0.0000e+00 0.0000e+00 0.0000e+00 3.3333e-01 0.0000e+00 0.0000e+00
0.0000e+00 2.2222e-01 0.0000e+00 3.3333e-01 0.0000e+00 0.0000e+00 0.0000e+00 0.0000e+00 0.0000e+00 2.8571e-01 0.0000e+00 0.0000e+00 0.0000e+00 0.0000e+00 0.0000e+00 5.5769e-01 0.0000e+00 0.0000e+00 0.0000e+00 0.0000e+00 0.0000e+00 0.0000e+00 0.0000e+00 0.0000e+00 0.0000e+00 0.0000e+00 2.8571e-01 0.0000e+00 0.0000e+00 6.0519e-01 0.0000e+00 0.0000e+00 0.0000e+00 0.0000e+00 5.0000e-01 4.0695e-01 2.0000e-01 0.0000e+00 0.0000e+00 0.0000e+00 0.0000e+00 0.0000e+00 0.0000e+00 0.0000e+00 5.0000e-01 3.7475e-01 0.0000e+00 0.0000e+00 0.0000e+00 5.0000e-01
0.0000e+00 2.0000e-01 2.5641e-01 0.0000e+00 0.0000e+00 5.2125e-01 5.0000e-01 0.0000e+00 0.0000e+00 2.5000e-01 0.0000e+00 0.0000e+00 0.0000e+00 0.0000e+00 0.0000e+00 5.0000e-01 0.0000e+00 0.0000e+00 0.0000e+00 0.0000e+00 0.0000e+00 0.0000e+00 0.0000e+00 0.0000e+00 0.0000e+00 0.0000e+00 0.0000e+00 0.0000e+00 0.0000e+00 5.0000e-01 0.0000e+00 0.0000e+00 0.0000e+00 0.0000e+00 5.0000e-01 0.0000e+00 0.0000e+00 5.0000e-01 0.0000e+00 5.0000e-01 0.0000e+00 0.0000e+00 0.0000e+00 0.0000e+00 0.0000e+00 0.0000e+00 0.0000e+00 3.3333e-01 0.0000e+00 0.0000e+00
0.0000e+00 0.0000e+00 0.0000e+00 0.0000e+00 0.0000e+00 0.0000e+00 0.0000e+00 2.5000e-01 0.0000e+00 0.0000e+00 0.0000e+00 0.0000e+00 0.0000e+00 0.0000e+00 0.0000e+00 0.0000e+00 0.0000e+00 0.0000e+00 0.0000e+00 0.0000e+00 0.0000e+00 3.3333e-01 0.0000e+00 0.0000e+00 0.0000e+00 0.0000e+00 0.0000e+00 0.0000e+00 0.0000e+00 3.3333e-01 0.0000e+00 0.0000e+00 0.0000e+00 0.0000e+00 0.0000e+00 0.0000e+00 0.0000e+00 3.3333e-01 0.0000e+00 0.0000e+00 0.0000e+00 0.0000e+00 0.0000e+00 0.0000e+00 0.0000e+00 0.0000e+00 3.3333e-01 0.0000e+00 0.0000e+00 3.3333e-01
6.0000e-01 2.5000e-01 0.0000e+00 0.0000e+00 0.0000e+00 0.0000e+00 0.0000e+00 0.0000e+00 2.5000e-01 0.0000e+00 5.0000e-01 3.0000e-01 0.0000e+00 3.9535e-01 0.0000e+00 6.6667e-01 0.0000e+00 0.0000e+00 2.9167e-01 0.0000e+00 5.4754e-01 5.0000e-01 4.2857e-01 0.0000e+00 3.3333e-01 0.0000e+00 0.0000e+00 0.0000e+00 0.0000e+00 0.0000e+00 0.0000e+00 0.0000e+00 0.0000e+00 5.7143e-01 0.0000e+00 0.0000e+00 0.0000e+00 0.0000e+00 5.0000e-01 6.0000e-01 0.0000e+00 0.0000e+00 5.0000e-01 3.9437e-01 0.0000e+00 0.0000e+00 0.0000e+00 0.0000e+00 0.0000e+00 0.0000e+00
3.3333e-01 0.0000e+00 2.0000e-01 0.0000e+00 0.0000e+00 0.0000e+00 5.0000e-01 0.0000e+00 0.0000e+00 0.0000e+00 4.2857e-01 0.0000e+00 0.0000e+00 2.5000e-01 4.0000e-01 0.0000e+00 0.0000e+00 0.0000e+00 2.0000e-01 2.3529e-01 0.0000e+00 3.3333e-01 0.0000e+00 0.0000e+00 2.5287e-01 0.0000e+00 2.5000e-01 0.0000e+00 0.0000e+00 5.4853e-01 0.0000e+00 0.0000e+00 0.0000e+00 5.0000e-01 0.0000e+00 2.7273e-01 0.0000e+00 5.0000e-01 0.0000e+00 0.0000e+00 0.0000e+00 0.0000e+00 0.0000e+00 0.0000e+00 0.0000e+00 0.0000e+00 0.0000e+00 0.0000e+00 0.0000e+00 0.0000e+00
0.0000e+00 0.0000e+00 3.3333e-01 5.0000e-01 7.6190e-01 0.0000e+00 1.0000e+00 0.0000e+00 0.0000e+00 5.0000e-01 0.0000e+00 0.0000e+00 0.0000e+00 0.0000e+00 0.0000e+00 5.0000e-01 0.0000e+00 0.0000e+00 0.0000e+00 4.7819e-01 0.0000e+00 0.0000e+00 5.0000e-01 0.0000e+00 0.0000e+00 0.0000e+00 3.3333e-01 0.0000e+00 5.0000e-01 0.0000e+00 3.3333e-01 5.0000e-01 7.2735e-01 0.0000e+00 1.0000e+00 3.3333e-01 0.0000e+00 0.0000e+00 0.0000e+00 0.0000e+00 0.0000e+00 3.3333e-01 7.5410e-01 0.0000e+00 0.0000e+00 5.0000e-01 5.0000e-01 0.0000e+00 0.0000e+00 0.0000e+00
