1.0000e+00 5.0000e+00 6.0170e+03 1.0000e+00 1.0000e+00 5.9330e+03 4.0000e+00 1.0000e+00 1.1000e+01 5.9520e+03 8.0000e+00 1.0000e+00 1.0000e+00 3.0000e+00 2.6000e+01 1.0000e+00 1.0000e+00 1.0000e+00 1.0000e+00 1.0000e+00 7.0000e+00 1.0000e+00 1.0000e+00 1.0000e+00 1.0000e+00 1.0000e+00 5.0000e+00 5.0000e+00 3.0000e+00 4.0000e+00 1.0000e+00 5.9310e+03 4.0000e+00 5.8650e+03 1.0000e+00 5.0000e+00 1.0000e+00 0.0000e+00 1.0000e+00 1.0000e+00 6.0230e+03 1.0000e+00 1.0000e+00 1.0000e+00 1.0000e+00 1.0000e+00 1.0000e+00 4.0000e+00 2.0000e+00 1.0000e+00
1.0000e+00 5.9520e+03 1.0000e+00 1.0000e+00 6.0030e+03 1.0000e+00 1.0000e+00 1.4400e+02 1.0000e+00 1.0000e+00 1.0000e+00 1.0000e+00 1.0000e+00 1.0000e+00 1.0000e+00 3.0000e+00 1.0000e+00 1.0000e+00 1.0000e+00 1.0000e+00 1.0000e+00 1.0000e+00 1.0000e+00 1.0000e+00 1.0000e+00 1.0000e+00 3.0000e+00 1.0000e+00 5.8650e+03 6.0000e+00 1.0000e+00 1.0000e+00 1.0000e+00 1.0000e+00 1.0000e+00 3.0000e+00 3.0000e+00 1.0000e+00 1.0000e+00 1.0000e+00 1.0000e+00 1.0000e+00 1.0000e+00 1.0000e+00 5.8370e+03 6.0060e+03 1.0000e+00 1.0000e+00 1.0000e+00 1.0000e+00
1.0000e+00 1.0000e+00 1.0000e+00 2.0000e+00 1.0000e+00 9.0000e+00 1.0000e+00 4.0000e+00 1.0000e+00 1.0000e+00 5.8980e+03 1.0000e+00 5.8200e+03 6.0300e+03 1.0000e+00 1.0000e+00 1.0000e+00 1.0000e+00 1.0000e+00 1.0000e+00 2.0000e+00 2.0000e+00 1.0000e+00 1.0000e+00 5.5920e+03 7.0000e+00 1.0000e+00 1.0000e+00 1.0000e+00 1.0000e+00 3.0000e+00 1.0000e+00 6.0410e+03 1.2400e+02 5.8670e+03 1.0000e+00 1.0000e+00 2.0000e+00 1.0000e+00 6.0590e+03 2.0000e+00 5.9570e+03 0.0000e+00 1.0000e+00 1.0000e+00 1.0000e+00 1.0000e+00 1.0000e+00 5.0000e+00 2.0000e+00
5.9990e+03 1.0000e+00 1.0000e+00 1.1000e+01 0.0000e+00 3.0000e+00 5.9590e+03 2.0000e+00 2.0000e+00 2.0000e+00 1.0000e+00 5.0000e+00 2.0000e+00 1.0000e+00 1.0000e+00 2.0000e+00 1.0000e+00 3.0000e+00 5.0000e+00 1.0000e+00 2.0000e+00 5.8710e+03 1.0000e+00 2.3350e+03 1.0000e+00 1.0000e+00 6.0400e+03 2.0000e+00 3.0000e+00 5.0000e+00 1.0000e+00 2.0000e+00 2.3000e+01 1.0000e+00 1.0000e+00 1.0000e+00 1.7600e+02 1.0000e+00 0.0000e+00 1.0000e+00 3.0000e+00 1.0000e+00 1.0000e+00 3.0000e+00 0.0000e+00 3.0000e+00 5.9570e+03 1.0000e+00 6.0040e+03 1.0000e+00
3.0000e+00 1.0000e+00 1.0000e+00 1.0000e+00 1.0000e+00 1.0000e+00 1.0000e+00 1.0000e+00 1.0000e+00 1.0000e+00 1.0000e+00 1.0000e+00 1.0000e+00 1.0000e+00 1.0000e+00 1.0000e+00 1.8000e+01 1.0000e+00 1.0000e+00 4.0000e+00 1.0000e+00 1.0000e+00 1.0000e+00 1.0000e+00 1.0000e+00 1.0000e+00 1.0000e+00 1.0000e+00 1.0000e+00 1.0000e+00 1.0000e+00 1.0000e+00 1.0000e+00 1.0000e+00 1.0000e+00 1.0000e+00 1.0000e+00 1.0000e+00 1.9100e+03 1.0000e+00 1.0000e+00 1.0000e+00 1.0000e+00 1.0000e+00 1.0000e+00 3.0000e+00 1.0000e+00 5.9460e+03 3.0000e+00 1.0000e+00
1.0000e+00 1.0000e+00 1.0000e+00 1.0000e+00 1.0000e+00 1.0000e+00 1.0000e+00 1.0000e+00 1.0000e+00 1.0000e+00 1.0000e+00 3.0000e+00 3.0000e+00 1.0000e+00 1.0000e+00 3.0000e+00 1.0000e+00 1.0000e+00 1.0000e+00 1.0000e+00 1.0000e+00 1.0000e+00 1.0000e+00 1.0000e+00 3.9700e+02 1.0000e+00 1.0000e+00 1.0000e+00 1.0000e+00 2.0000e+00 1.0000e+00 1.0000e+00 1.0000e+00 1.0000e+00 1.4000e+01 9.0000e+00 1.0000e+00 5.9670e+03 4.2030e+03 1.0000e+00 1.0000e+00 1.0000e+00 6.1150e+03 1.0000e+00 7.0000e+01 1.0000e+00 1.0000e+00 2.0000e+00 1.0000e+00 1.0000e+00
1.0000e+00 1.0000e+00 1.0000e+00 1.0000e+00 1.0000e+00 1.0000e+00 2.6000e+01 1.0000e+00 1.0000e+00 1.0000e+00 1.0000e+00 1.0000e+00 1.0000e+00 1.0000e+00 1.0000e+00 1.0000e+00 1.0000e+00 1.0000e+00 1.0000e+00 1.0000e+00 1.0000e+00 1.0000e+00 1.0000e+00 3.8000e+01 1.0000e+00 1.0000e+00 1.0000e+00 1.0000e+00 4.0000e+00 5.8100e+03 1.0000e+00 1.0000e+00 1.0000e+00 1.0000e+00 1.0000e+00 3.0000e+00 1.0000e+00 1.0000e+00 1.0000e+00 1.0000e+00 1.0000e+00 1.0000e+00 1.0000e+00 1.0000e+00 1.0000e+00 3.0000e+00 1.0000e+00 1.0000e+00 1.0000e+00 1.0000e+00
1.0000e+00 2.0000e+00 1.0000e+00 8.0000e+00 1.0000e+00 1.0000e+00 1.0000e+00 2.0000e+00 6.1180e+03 9.0000e+00 1.0000e+00 1.0000e+00 1.0000e+00 2.0000e+00 5.9970e+03 5.0000e+00 5.1040e+03 5.9640e+03 1.0000e+00 1.0000e+00 1.0000e+00 1.0000e+00 1.0000e+00 3.6320e+03 1.0000e+00 6.0480e+03 2.0000e+00 5.9600e+03 1.8000e+01 1.0000e+00 5.8670e+03 2.0000e+00 2.0000e+00 1.0000e+00 9.0000e+00 2.0000e+00 1.0000e+00 0.0000e+00 2.0000e+00 1.0000e+00 1.3000e+01 1.0000e+00 0.0000e+00 1.0000e+00 1.0000e+00 5.0000e+00 1.0000e+00 1.0000e+00 2.0000e+00 1.0000e+00
1.0000e+00 1.0000e+00 7.0000e+00 6.0000e+03 1.0000e+01 1.0000e+00 1.0000e+00 1.0000e+00 1.0000e+00 1.0000e+00 1.0000e+00 5.9190e+03 1.0000e+00 6.0000e+00 1.0000e+00 5.9560e+03 1.0210e+03 3.0000e+00 4.0000e+00 1.0000e+00 1.0000e+00 1.0000e+00 6.0200e+03 5.0000e+00 1.4000e+01 1.0000e+00 1.0000e+00 1.0000e+00 3.0000e+00 1.0000e+00 1.0000e+00 1.0000e+00 1.0000e+00 1.0000e+00 3.0000e+00 5.8240e+03 1.0000e+00 2.0000e+00 1.0000e+00 1.0000e+00 1.0000e+00 1.0000e+00 3.6000e+01 1.0000e+00 1.0000e+00 1.0000e+00 1.0000e+00 1.0000e+00 1.0000e+00 8.0000e+00
1.0000e+00 1.2000e+01 1.0000e+00 1.0000e+00 1.0000e+00 4.0000e+00 3.0000e+00 5.8180e+03 2.0000e+00 1.0000e+00 1.0000e+00 1.0000e+00 2.0000e+00 1.0000e+00 6.0000e+00 1.0000e+00 2.0000e+00 1.0000e+00 6.0130e+03 6.1350e+03 6.0710e+03 1.0000e+00 1.0000e+00 1.0000e+00 1.0000e+00 1.0000e+00 9.0000e+00 1.0000e+00 3.9000e+01 1.0000e+00 1.0000e+00 8.0000e+00 2.0000e+00 5.0000e+00 2.0000e+00 1.0300e+02 5.7980e+03 1.0000e+00 2.0000e+00 1.0000e+00 1.0000e+00 3.0000e+00 0.0000e+00 6.0750e+03 1.0000e+00 0.0000e+00 2.4000e+01 1.0000e+00 1.0000e+00 5.8720e+03
