0.0000e+00 4.0000e-01 7.3126e-01 0.0000e+00 0.0000e+00 6.4638e-01 5.0000e-01 0.0000e+00 3.6364e-01 6.3239e-01 5.0000e-01 0.0000e+00 0.0000e+00 3.3333e-01 4.2308e-01 0.0000e+00 0.0000e+00 0.0000e+00 0.0000e+00 0.0000e+00 4.2857e-01 0.0000e+00 0.0000e+00 0.0000e+00 0.0000e+00 0.0000e+00 4.0000e-01 4.0000e-01 3.3333e-01 7.5000e-01 0.0000e+00 7.6530e-01 5.0000e-01 6.3188e-01 0.0000e+00 6.0000e-01 0.0000e+00 1.0000e+00 1.0000e+00 0.0000e+00 5.7596e-01 0.0000e+00 0.0000e+00 0.0000e+00 0.0000e+00 0.0000e+00 0.0000e+00 7.5000e-01 5.0000e-01 0.0000e+00
0.0000e+00 4.2272e-01 0.0000e+00 0.0000e+00 7.1947e-01 0.0000e+00 0.0000e+00 4.4444e-01 0.0000e+00 0.0000e+00 0.0000e+00 0.0000e+00 0.0000e+00 0.0000e+00 0.0000e+00 3.3333e-01 0.0000e+00 0.0000e+00 0.0000e+00 0.0000e+00 0.0000e+00 0.0000e+00 0.0000e+00 0.0000e+00 0.0000e+00 0.0000e+00 3.3333e-01 0.0000e+00 5.8892e-01 6.6667e-01 0.0000e+00 0.0000e+00 0.0000e+00 0.0000e+00 0.0000e+00 3.3333e-01 3.3333e-01 0.0000e+00 0.0000e+00 0.0000e+00 0.0000e+00 0.0000e+00 0.0000e+00 0.0000e+00 1.0000e+00 6.7782e-01 0.0000e+00 0.0000e+00 0.0000e+00 0.0000e+00
0.0000e+00 0.0000e+00 0.0000e+00 5.0000e-01 0.0000e+00 5.5556e-01 0.0000e+00 5.0000e-01 0.0000e+00 0.0000e+00 7.0261e-01 0.0000e+00 5.8677e-01 6.3864e-01 0.0000e+00 0.0000e+00 0.0000e+00 0.0000e+00 0.0000e+00 0.0000e+00 5.0000e-01 5.0000e-01 0.0000e+00 0.0000e+00 6.4807e-01 5.7143e-01 0.0000e+00 0.0000e+00 0.0000e+00 0.0000e+00 3.3333e-01 0.0000e+00 6.0818e-01 6.5323e-01 6.5502e-01 0.0000e+00 0.0000e+00 1.0000e+00 1.0000e+00 3.2547e-01 5.0000e-01 3.9181e-01 1.0000e+00 0.0000e+00 0.0000e+00 0.0000e+00 0.0000e+00 0.0000e+00 6.0000e-01 5.0000e-01
1.0000e+00 0.0000e+00 0.0000e+00 7.2727e-01 1.0000e+00 6.6667e-01 1.0000e+00 5.0000e-01 5.0000e-01 5.0000e-01 0.0000e+00 8.0000e-01 5.0000e-01 0.0000e+00 0.0000e+00 5.0000e-01 0.0000e+00 6.6667e-01 6.0000e-01 0.0000e+00 5.0000e-01 9.0802e-01 0.0000e+00 9.7730e-01 0.0000e+00 0.0000e+00 7.4007e-01 5.0000e-01 6.6667e-01 1.0000e+00 0.0000e+00 5.0000e-01 7.3913e-01 0.0000e+00 0.0000e+00 0.0000e+00 9.0341e-01 1.0000e+00 1.0000e+00 0.0000e+00 6.6667e-01 0.0000e+00 0.0000e+00 3.3333e-01 1.0000e+00 1.0000e+00 9.3134e-01 1.0000e+00 9.4004e-01 0.0000e+00
3.3333e-01 0.0000e+00 0.0000e+00 0.0000e+00 0.0000e+00 0.0000e+00 0.0000e+00 0.0000e+00 0.0000e+00 0.0000e+00 0.0000e+00 0.0000e+00 0.0000e+00 0.0000e+00 0.0000e+00 0.0000e+00 2.7778e-01 0.0000e+00 0.0000e+00 2.5000e-01 0.0000e+00 0.0000e+00 0.0000e+00 0.0000e+00 0.0000e+00 0.0000e+00 0.0000e+00 0.0000e+00 0.0000e+00 0.0000e+00 0.0000e+00 0.0000e+00 0.0000e+00 0.0000e+00 0.0000e+00 0.0000e+00 0.0000e+00 0.0000e+00 9.2984e-01 0.0000e+00 0.0000e+00 0.0000e+00 0.0000e+00 0.0000e+00 0.0000e+00 3.3333e-01 0.0000e+00 7.0905e-01 3.3333e-01 0.0000e+00
0.0000e+00 0.0000e+00 0.0000e+00 0.0000e+00 0.0000e+00 0.0000e+00 0.0000e+00 0.0000e+00 0.0000e+00 0.0000e+00 0.0000e+00 3.3333e-01 3.3333e-01 0.0000e+00 0.0000e+00 3.3333e-01 0.0000e+00 0.0000e+00 0.0000e+00 0.0000e+00 0.0000e+00 0.0000e+00 0.0000e+00 0.0000e+00 2.8212e-01 0.0000e+00 0.0000e+00 0.0000e+00 0.0000e+00 5.0000e-01 0.0000e+00 0.0000e+00 0.0000e+00 0.0000e+00 3.5714e-01 4.4444e-01 0.0000e+00 1.0000e+00 1.0000e+00 0.0000e+00 0.0000e+00 0.0000e+00 1.0000e+00 0.0000e+00 8.0000e-01 0.0000e+00 0.0000e+00 5.0000e-01 0.0000e+00 0.0000e+00
0.0000e+00 0.0000e+00 0.0000e+00 0.0000e+00 0.0000e+00 0.0000e+00 3.8462e-01 0.0000e+00 0.0000e+00 0.0000e+00 0.0000e+00 0.0000e+00 0.0000e+00 0.0000e+00 0.0000e+00 0.0000e+00 0.0000e+00 0.0000e+00 0.0000e+00 0.0000e+00 0.0000e+00 0.0000e+00 0.0000e+00 4.2105e-01 0.0000e+00 0.0000e+00 0.0000e+00 0.0000e+00 2.5000e-01 6.0069e-01 0.0000e+00 0.0000e+00 0.0000e+00 0.0000e+00 0.0000e+00 3.3333e-01 0.0000e+00 0.0000e+00 0.0000e+00 0.0000e+00 0.0000e+00 0.0000e+00 0.0000e+00 0.0000e+00 0.0000e+00 3.3333e-01 0.0000e+00 0.0000e+00 0.0000e+00 0.0000e+00
0.0000e+00 5.0000e-01 0.0000e+00 6.2500e-01 0.0000e+00 0.0000e+00 0.0000e+00 5.0000e-01 6.2292e-01 6.6667e-01 0.0000e+00 0.0000e+00 0.0000e+00 5.0000e-01 5.5928e-01 6.0000e-01 6.0423e-01 7.0942e-01 0.0000e+00 0.0000e+00 0.0000e+00 0.0000e+00 0.0000e+00 7.5964e-01 0.0000e+00 6.4798e-01 5.0000e-01 5.8003e-01 5.5556e-01 0.0000e+00 4.6514e-01 5.0000e-01 5.0000e-01 0.0000e+00 5.5556e-01 5.0000e-01 0.0000e+00 1.0000e+00 5.0000e-01 0.0000e+00 5.3846e-01 0.0000e+00 1.0000e+00 0.0000e+00 0.0000e+00 8.0000e-01 0.0000e+00 0.0000e+00 5.0000e-01 0.0000e+00
0.0000e+00 0.0000e+00 4.2857e-01 5.0467e-01 5.0000e-01 0.0000e+00 0.0000e+00 0.0000e+00 0.0000e+00 0.0000e+00 0.0000e+00 5.0921e-01 0.0000e+00 3.3333e-01 0.0000e+00 5.2317e-01 3.1734e-01 3.3333e-01 2.5000e-01 0.0000e+00 0.0000e+00 0.0000e+00 2.9485e-01 4.0000e-01 2.8571e-01 0.0000e+00 0.0000e+00 0.0000e+00 3.3333e-01 0.0000e+00 0.0000e+00 0.0000e+00 0.0000e+00 0.0000e+00 3.3333e-01 5.1047e-01 0.0000e+00 5.0000e-01 0.0000e+00 0.0000e+00 0.0000e+00 0.0000e+00 9.1667e-01 0.0000e+00 0.0000e+00 0.0000e+00 0.0000e+00 0.0000e+00 0.0000e+00 3.7500e-01
0.0000e+00 6.6667e-01 0.0000e+00 0.0000e+00 1.0000e+00 7.5000e-01 6.6667e-01 8.1849e-01 5.0000e-01 0.0000e+00 0.0000e+00 0.0000e+00 5.0000e-01 0.0000e+00 6.6667e-01 0.0000e+00 5.0000e-01 0.0000e+00 7.0797e-01 8.0554e-01 7.8208e-01 0.0000e+00 0.0000e+00 0.0000e+00 0.0000e+00 0.0000e+00 6.6667e-01 0.0000e+00 7.6923e-01 0.0000e+00 0.0000e+00 7.5000e-01 5.0000e-01 8.0000e-01 5.0000e-01 9.2233e-01 8.9410e-01 1.0000e+00 5.0000e-01 0.0000e+00 0.0000e+00 3.3333e-01 1.0000e+00 7.7086e-01 1.0000e+00 1.0000e+00 8.7500e-01 0.0000e+00 0.0000e+00 8.5184e-01
