3.3050e+03 0.0000e+00 4.3280e+03 0.0000e+00 0.0000e+00 3.8690e+03 0.0000e+00 2.0000e+00 1.0000e+00 3.7780e+03 1.0000e+00 0.0000e+00 0.0000e+00 0.0000e+00 5.0000e+00 0.0000e+00 0.0000e+00 0.0000e+00 0.0000e+00 0.0000e+00 0.0000e+00 0.0000e+00 0.0000e+00 0.0000e+00 0.0000e+00 0.0000e+00 0.0000e+00 1.0000e+00 6.0000e+01 1.0000e+00 0.0000e+00 4.5060e+03 1.0000e+00 0.0000e+00 0.0000e+00 1.0000e+00 1.0000e+00 1.0000e+00 0.0000e+00 4.0000e+00 3.4860e+03 0.0000e+00 0.0000e+00 0.0000e+00 1.0000e+00 1.0000e+00 0.0000e+00 3.0000e+00 0.0000e+00 0.0000e+00
0.0000e+00 2.4230e+03 0.0000e+00 0.0000e+00 2.0000e+00 0.0000e+00 0.0000e+00 0.0000e+00 0.0000e+00 0.0000e+00 0.0000e+00 0.0000e+00 0.0000e+00 0.0000e+00 0.0000e+00 0.0000e+00 0.0000e+00 0.0000e+00 0.0000e+00 0.0000e+00 0.0000e+00 3.0000e+00 0.0000e+00 0.0000e+00 8.0000e+00 0.0000e+00 0.0000e+00 0.0000e+00 3.4790e+03 1.0000e+00 0.0000e+00 0.0000e+00 0.0000e+00 1.0000e+00 0.0000e+00 0.0000e+00 0.0000e+00 0.0000e+00 0.0000e+00 0.0000e+00 0.0000e+00 1.0000e+00 0.0000e+00 0.0000e+00 5.9660e+03 4.0930e+03 0.0000e+00 0.0000e+00 0.0000e+00 0.0000e+00
0.0000e+00 0.0000e+00 0.0000e+00 0.0000e+00 1.0000e+00 2.0000e+00 6.0000e+00 1.0000e+00 3.2300e+03 1.0000e+00 4.1550e+03 1.0000e+00 3.6500e+03 3.8930e+03 0.0000e+00 0.0000e+00 3.3130e+03 0.0000e+00 0.0000e+00 1.7000e+01 0.0000e+00 0.0000e+00 0.0000e+00 0.0000e+00 0.0000e+00 0.0000e+00 1.0000e+00 0.0000e+00 3.0000e+00 4.0000e+00 0.0000e+00 1.0000e+01 3.4270e+03 0.0000e+00 4.0300e+03 0.0000e+00 2.5000e+01 0.0000e+00 0.0000e+00 0.0000e+00 1.0000e+00 0.0000e+00 2.0000e+00 1.1000e+01 0.0000e+00 1.0000e+00 1.0000e+00 0.0000e+00 5.0000e+00 1.0000e+01
4.5000e+01 1.0000e+00 3.1000e+01 4.5610e+03 1.0000e+00 2.0000e+00 6.0570e+03 0.0000e+00 1.0000e+00 5.0000e+00 0.0000e+00 2.0000e+00 3.0000e+00 4.0000e+00 0.0000e+00 5.0000e+00 0.0000e+00 0.0000e+00 3.8730e+03 0.0000e+00 5.5520e+03 5.4100e+03 0.0000e+00 4.0000e+00 0.0000e+00 4.0290e+03 4.4580e+03 2.0000e+00 0.0000e+00 2.0000e+00 0.0000e+00 0.0000e+00 1.0000e+00 0.0000e+00 0.0000e+00 0.0000e+00 1.1000e+01 3.0000e+00 0.0000e+00 0.0000e+00 9.0000e+00 4.2060e+03 0.0000e+00 0.0000e+00 1.0000e+00 1.6000e+01 0.0000e+00 0.0000e+00 5.7230e+03 1.0000e+00
0.0000e+00 0.0000e+00 0.0000e+00 0.0000e+00 0.0000e+00 0.0000e+00 1.0000e+00 0.0000e+00 0.0000e+00 0.0000e+00 0.0000e+00 0.0000e+00 0.0000e+00 0.0000e+00 0.0000e+00 0.0000e+00 0.0000e+00 0.0000e+00 0.0000e+00 1.0000e+00 0.0000e+00 1.0000e+00 0.0000e+00 0.0000e+00 0.0000e+00 0.0000e+00 0.0000e+00 0.0000e+00 1.0000e+00 0.0000e+00 0.0000e+00 4.0000e+01 1.0000e+00 0.0000e+00 0.0000e+00 0.0000e+00 0.0000e+00 0.0000e+00 5.1910e+03 0.0000e+00 0.0000e+00 0.0000e+00 0.0000e+00 0.0000e+00 0.0000e+00 0.0000e+00 0.0000e+00 4.0860e+03 0.0000e+00 0.0000e+00
0.0000e+00 0.0000e+00 0.0000e+00 0.0000e+00 0.0000e+00 2.0000e+00 0.0000e+00 0.0000e+00 0.0000e+00 1.0000e+00 0.0000e+00 2.0000e+00 0.0000e+00 0.0000e+00 0.0000e+00 0.0000e+00 0.0000e+00 1.0000e+00 0.0000e+00 0.0000e+00 0.0000e+00 0.0000e+00 0.0000e+00 0.0000e+00 0.0000e+00 0.0000e+00 0.0000e+00 0.0000e+00 0.0000e+00 4.4970e+03 0.0000e+00 2.0000e+00 0.0000e+00 0.0000e+00 0.0000e+00 1.0000e+00 0.0000e+00 5.9130e+03 3.4800e+02 0.0000e+00 0.0000e+00 0.0000e+00 6.0050e+03 0.0000e+00 4.0000e+00 0.0000e+00 1.0000e+00 0.0000e+00 0.0000e+00 0.0000e+00
1.0000e+00 0.0000e+00 0.0000e+00 2.0000e+00 0.0000e+00 0.0000e+00 0.0000e+00 0.0000e+00 0.0000e+00 0.0000e+00 0.0000e+00 0.0000e+00 0.0000e+00 0.0000e+00 0.0000e+00 0.0000e+00 0.0000e+00 0.0000e+00 0.0000e+00 0.0000e+00 0.0000e+00 0.0000e+00 0.0000e+00 0.0000e+00 0.0000e+00 0.0000e+00 0.0000e+00 0.0000e+00 0.0000e+00 1.0000e+00 0.0000e+00 0.0000e+00 0.0000e+00 0.0000e+00 0.0000e+00 0.0000e+00 0.0000e+00 0.0000e+00 8.0000e+00 0.0000e+00 0.0000e+00 0.0000e+00 0.0000e+00 0.0000e+00 0.0000e+00 0.0000e+00 1.0000e+00 0.0000e+00 0.0000e+00 0.0000e+00
1.0000e+00 0.0000e+00 1.0000e+00 0.0000e+00 2.0000e+00 0.0000e+00 0.0000e+00 0.0000e+00 3.2500e+02 1.0000e+00 0.0000e+00 2.0000e+00 0.0000e+00 1.0000e+00 0.0000e+00 0.0000e+00 0.0000e+00 4.2070e+03 0.0000e+00 3.6980e+03 8.5000e+01 0.0000e+00 0.0000e+00 4.5210e+03 2.6080e+03 0.0000e+00 0.0000e+00 3.4390e+03 2.0000e+00 0.0000e+00 2.8880e+03 2.0000e+00 0.0000e+00 0.0000e+00 0.0000e+00 9.6000e+02 0.0000e+00 0.0000e+00 1.0000e+00 3.6980e+03 0.0000e+00 0.0000e+00 2.0000e+00 1.0000e+00 1.0000e+00 1.0000e+00 0.0000e+00 0.0000e+00 0.0000e+00 0.0000e+00
0.0000e+00 0.0000e+00 0.0000e+00 0.0000e+00 3.0620e+03 1.0000e+00 1.0000e+00 0.0000e+00 0.0000e+00 0.0000e+00 2.0000e+00 0.0000e+00 0.0000e+00 0.0000e+00 0.0000e+00 3.0270e+03 0.0000e+00 0.0000e+00 0.0000e+00 0.0000e+00 0.0000e+00 0.0000e+00 1.7810e+03 0.0000e+00 0.0000e+00 0.0000e+00 0.0000e+00 0.0000e+00 0.0000e+00 0.0000e+00 0.0000e+00 0.0000e+00 0.0000e+00 0.0000e+00 0.0000e+00 0.0000e+00 0.0000e+00 1.0000e+00 1.0000e+00 4.0000e+00 0.0000e+00 1.0000e+00 1.4000e+01 0.0000e+00 0.0000e+00 0.0000e+00 4.1950e+03 0.0000e+00 0.0000e+00 1.0000e+00
1.0000e+00 3.0000e+00 0.0000e+00 0.0000e+00 2.0000e+00 2.0000e+00 0.0000e+00 5.0430e+03 0.0000e+00 0.0000e+00 0.0000e+00 5.0520e+03 1.0000e+00 3.0000e+00 4.3170e+03 0.0000e+00 0.0000e+00 2.0000e+00 0.0000e+00 4.4000e+01 1.0000e+00 0.0000e+00 0.0000e+00 1.0000e+00 1.0000e+00 0.0000e+00 0.0000e+00 0.0000e+00 1.0000e+00 0.0000e+00 0.0000e+00 1.0000e+00 2.1000e+02 4.8880e+03 4.0000e+00 4.1800e+03 5.3060e+03 1.0000e+00 0.0000e+00 5.0000e+00 0.0000e+00 6.0000e+00 0.0000e+00 4.5610e+03 0.0000e+00 0.0000e+00 1.0000e+00 1.0000e+00 0.0000e+00 4.9740e+03
