2.0000e+00 1.0000e+00 1.0000e+00 1.3000e+01 3.0000e+00 3.0000e+00 2.0000e+00 1.0000e+00 9.8180e+03 1.5880e+03
2.0000e+00 2.0000e+00 1.0000e+00 2.2000e+01 9.9930e+03 1.0000e+00 2.0000e+00 1.0000e+00 2.0000e+00 5.1710e+03
1.0109e+04 1.0000e+00 1.0000e+00 3.0000e+00 3.0000e+00 2.0000e+00 1.9000e+01 8.0000e+00 1.0000e+00 1.0000e+00
3.0000e+00 3.7000e+01 1.0000e+01 2.0000e+00 1.0000e+00 6.2590e+03 1.0000e+00 3.0000e+00 1.0000e+01 3.2530e+03
1.0000e+00 1.0000e+00 1.0000e+00 1.0090e+04 1.0000e+00 1.0000e+00 1.0000e+00 1.0000e+00 1.0000e+00 1.0000e+00
1.0000e+00 1.0000e+00 1.0000e+00 1.0000e+00 1.0000e+00 6.0000e+00 9.9290e+03 2.0000e+00 1.0000e+00 1.0000e+00
1.0000e+00 2.0000e+00 1.0000e+00 1.0000e+00 1.0000e+00 3.6800e+03 4.0000e+00 1.0000e+00 1.4000e+01 1.0000e+00
1.0000e+00 6.1000e+01 9.8950e+03 2.0000e+00 1.0000e+00 1.0000e+00 3.0000e+00 9.0000e+00 3.0000e+00 1.0000e+00
1.0000e+00 1.0000e+00 1.0000e+00 1.0000e+00 1.0000e+00 1.0000e+00 2.0000e+00 1.0014e+04 1.0000e+00 1.0000e+00
1.0000e+00 9.8830e+03 2.0000e+00 2.0000e+00 1.0000e+00 1.0000e+00 1.0000e+00 1.0000e+00 1.0000e+00 1.0000e+00
