3.4200e+02 1.9400e+02 4.3500e+02 1.9000e+02 3.6000e+02 3.8700e+02 3.5900e+02 4.2700e+02 3.6400e+02 3.8500e+02 2.3400e+02 2.4400e+02 1.8300e+02 1.9500e+02 2.2300e+02 2.4100e+02 1.0500e+02 8.8000e+01 1.1900e+02 2.0000e+02 3.2300e+02 1.3000e+02 2.1100e+02 2.4700e+02 1.3600e+02 1.6300e+02 3.1800e+02 1.7500e+02 4.4600e+02 3.3300e+02 3.7900e+02 4.6600e+02 3.8700e+02 3.9400e+02 2.5200e+02 2.7300e+02 2.1800e+02 3.4100e+02 3.5900e+02 1.9600e+02 3.7900e+02 0.0000e+00 1.2700e+02 2.4500e+02 4.7500e+02 1.3900e+02 2.5500e+02 4.3300e+02 1.2000e+02 3.3900e+02
2.4600e+02 2.3900e+02 0.0000e+00 0.0000e+00 4.1300e+02 0.0000e+00 1.8600e+02 2.9000e+02 8.7000e+01 1.1500e+02 0.0000e+00 0.0000e+00 3.6000e+01 0.0000e+00 6.1000e+01 2.7700e+02 5.8000e+01 0.0000e+00 1.0700e+02 2.4900e+02 1.1400e+02 2.2600e+02 2.6400e+02 4.5000e+01 4.6000e+01 8.8000e+01 1.1600e+02 0.0000e+00 3.5500e+02 4.1900e+02 1.0800e+02 0.0000e+00 0.0000e+00 1.6600e+02 1.4100e+02 1.0900e+02 1.1000e+02 1.2900e+02 2.2400e+02 0.0000e+00 0.0000e+00 1.2800e+02 1.3700e+02 1.3400e+02 6.1100e+02 3.8200e+02 0.0000e+00 1.1100e+02 2.2400e+02 7.2000e+01
1.4000e+02 2.0400e+02 1.4600e+02 3.6700e+02 2.1400e+02 3.9100e+02 3.6300e+02 2.7100e+02 3.7800e+02 3.7700e+02 4.0700e+02 1.9300e+02 3.6900e+02 3.6300e+02 1.4200e+02 3.4100e+02 3.6000e+02 2.3300e+02 3.0100e+02 2.9400e+02 4.3500e+02 2.4200e+02 1.4700e+02 4.2500e+02 3.7700e+02 2.0400e+02 2.4000e+02 1.8900e+02 3.7100e+02 2.7300e+02 1.8500e+02 2.2700e+02 3.7400e+02 3.7000e+02 3.6400e+02 2.6500e+02 3.8200e+02 2.2400e+02 3.9900e+02 2.0300e+02 3.8800e+02 2.4600e+02 4.9200e+02 2.5400e+02 2.2800e+02 2.1600e+02 2.0500e+02 2.0100e+02 3.4700e+02 1.9800e+02
6.0600e+02 2.1900e+02 5.9200e+02 4.5100e+02 2.0200e+02 5.3600e+02 5.9500e+02 4.1600e+02 4.0200e+02 5.5100e+02 1.6300e+02 5.6500e+02 4.6400e+02 4.5700e+02 4.7000e+01 3.9600e+02 1.8200e+02 4.0400e+02 3.7600e+02 9.1000e+01 5.8800e+02 5.0600e+02 6.8000e+01 5.9800e+02 3.9000e+01 4.0500e+02 4.6100e+02 2.2700e+02 2.3800e+02 4.4800e+02 9.9000e+01 4.1300e+02 4.3600e+02 3.9000e+01 2.2300e+02 1.8000e+01 5.1000e+02 6.2100e+02 4.4800e+02 6.0000e+01 5.2800e+02 3.9300e+02 1.8200e+02 4.3500e+02 4.9900e+02 5.7200e+02 5.8200e+02 5.3700e+02 5.6000e+02 1.4200e+02
7.7000e+01 1.0700e+02 0.0000e+00 0.0000e+00 9.5000e+01 0.0000e+00 2.3100e+02 3.0000e+00 0.0000e+00 0.0000e+00 3.9000e+01 1.5600e+02 0.0000e+00 1.3000e+01 0.0000e+00 2.1800e+02 1.4000e+02 2.0000e+01 4.1000e+01 2.5700e+02 2.9000e+02 7.8000e+01 1.6700e+02 1.1500e+02 4.4000e+01 1.4000e+01 0.0000e+00 0.0000e+00 6.2000e+01 1.0100e+02 1.2400e+02 2.3600e+02 2.9000e+01 4.0000e+01 1.7800e+02 0.0000e+00 0.0000e+00 5.9000e+01 5.8500e+02 0.0000e+00 7.9000e+01 0.0000e+00 1.3700e+02 0.0000e+00 9.2000e+01 8.5000e+01 3.3000e+01 4.1200e+02 5.7000e+01 0.0000e+00
8.8000e+01 1.1800e+02 1.0600e+02 5.7000e+01 0.0000e+00 2.6800e+02 0.0000e+00 0.0000e+00 0.0000e+00 4.8000e+01 2.4500e+02 1.2000e+02 7.5000e+01 1.2700e+02 2.0500e+02 3.1500e+02 7.1000e+01 5.3000e+01 4.3000e+01 5.6000e+01 1.4900e+02 0.0000e+00 0.0000e+00 0.0000e+00 1.8000e+02 4.9000e+01 0.0000e+00 0.0000e+00 2.1000e+02 4.2100e+02 5.5000e+01 2.2800e+02 1.1300e+02 0.0000e+00 1.8100e+02 6.2000e+01 1.9000e+01 5.8200e+02 6.3900e+02 9.1000e+01 5.9000e+01 1.4200e+02 6.0500e+02 0.0000e+00 4.4500e+02 0.0000e+00 1.4200e+02 5.8000e+01 4.6000e+01 0.0000e+00
1.5300e+02 2.1000e+01 1.7200e+02 1.3300e+02 9.5000e+01 9.9000e+01 1.5100e+02 5.1000e+01 0.0000e+00 1.1600e+02 5.9000e+01 6.7000e+01 2.9000e+01 6.0000e+01 6.5000e+01 3.5600e+02 3.9000e+01 5.8000e+01 5.6000e+01 6.3000e+01 7.7000e+01 5.1000e+01 1.5100e+02 1.9600e+02 5.8000e+01 6.3000e+01 3.2000e+01 5.7000e+01 8.5000e+01 3.5900e+02 3.1000e+01 1.1800e+02 4.7000e+01 5.6000e+01 1.1700e+02 6.2000e+01 2.5000e+01 5.9000e+01 2.4800e+02 6.2000e+01 6.4000e+01 1.0100e+02 1.7100e+02 6.3000e+01 1.0700e+02 1.4500e+02 7.2000e+01 1.5600e+02 5.2000e+01 3.5000e+01
3.8700e+02 3.7900e+02 2.3700e+02 2.9100e+02 2.8100e+02 2.8600e+02 1.8100e+02 2.4700e+02 3.5600e+02 3.3500e+02 1.0200e+02 1.1400e+02 1.9800e+02 1.8600e+02 3.1200e+02 3.4400e+02 3.8400e+02 4.3700e+02 1.7000e+02 3.8200e+02 3.9100e+02 2.1400e+02 3.2000e+02 4.5000e+02 2.8400e+02 3.9600e+02 2.0300e+02 3.3100e+02 4.0900e+02 3.1200e+02 2.6700e+02 2.4000e+02 1.0700e+02 2.0500e+02 3.3100e+02 3.8300e+02 2.6300e+02 3.5100e+02 2.5800e+02 3.6600e+02 2.1500e+02 3.1600e+02 3.8900e+02 2.3700e+02 4.0800e+02 4.3600e+02 3.6300e+02 4.2200e+02 2.4300e+02 2.0600e+02
4.9000e+01 4.8000e+01 1.6700e+02 3.1400e+02 2.9600e+02 1.3300e+02 2.5600e+02 2.4900e+02 1.4000e+02 1.1600e+02 1.1100e+02 3.1200e+02 5.6000e+01 1.4000e+02 4.1000e+01 3.4300e+02 1.8100e+02 1.0200e+02 1.2400e+02 1.0000e+02 6.7000e+01 2.5100e+02 1.8200e+02 1.6800e+02 1.2200e+02 2.8100e+02 4.4000e+01 5.9000e+01 2.1300e+02 2.9300e+02 1.6400e+02 1.3900e+02 4.7000e+01 1.9300e+02 3.0600e+02 3.0600e+02 4.1000e+01 2.9400e+02 1.8900e+02 1.2200e+02 1.3600e+02 7.4000e+01 4.8900e+02 1.8300e+02 5.7000e+01 5.3000e+01 4.4000e+02 1.2000e+02 6.8000e+01 1.6800e+02
1.6300e+02 4.1900e+02 9.7000e+01 1.4300e+02 4.1100e+02 5.0400e+02 3.0600e+02 4.8600e+02 3.2000e+02 2.8800e+02 1.9800e+02 4.9700e+02 3.9800e+02 4.2000e+02 4.0900e+02 1.3900e+02 4.2100e+02 5.0600e+02 4.2300e+02 4.9400e+02 4.8300e+02 1.1400e+02 1.1200e+02 2.1300e+02 3.3100e+02 3.1600e+02 4.2500e+02 2.0900e+02 4.6400e+02 1.5100e+02 1.3700e+02 4.6100e+02 4.9400e+02 4.8500e+02 4.0400e+02 5.6900e+02 5.4300e+02 3.9700e+02 1.3700e+02 4.0200e+02 1.7900e+02 1.7300e+02 3.0300e+02 4.5500e+02 3.1000e+02 2.2500e+02 4.8100e+02 1.7000e+02 1.6900e+02 5.1500e+02
