7.5000e-01 5.7143e-01 8.4000e-01 8.2297e-01 2.8571e-01 0.0000e+00 4.2857e-01 2.8571e-01 9.7971e-01 9.9668e-01 8.7203e-01 9.6880e-01 7.5238e-01 9.1243e-01 7.5494e-01 3.4286e-01 7.3954e-01 4.9717e-01 6.4009e-01 4.5251e-01 5.5556e-01 9.6862e-01 9.5495e-01 9.9513e-01 5.5882e-01 9.1145e-01 7.8723e-01 4.8101e-01 4.8276e-01 8.8210e-01 8.5669e-01 3.8889e-01 8.8804e-01 9.8838e-01 2.8571e-01 5.7143e-01 8.7868e-01 5.7895e-01 5.5882e-01 9.2336e-01 9.2289e-01 3.3333e-01 9.6704e-01 9.8545e-01 1.1111e-01 2.9167e-01 3.3333e-01 5.4839e-01 4.6000e-01 5.8491e-01
2.8571e-01 2.8571e-01 4.2105e-01 0.0000e+00 2.3077e-01 1.1111e-01 0.0000e+00 6.6071e-01 1.0000e+00 1.0000e+00 0.0000e+00 1.0000e+00 3.5294e-01 0.0000e+00 4.2857e-01 0.0000e+00 2.6316e-01 4.1158e-01 3.2353e-01 1.4815e-01 2.5000e-01 1.0000e+00 4.5833e-01 1.0000e+00 2.8571e-01 1.8182e-01 2.0000e-01 2.4242e-01 1.1111e-01 2.6667e-01 2.0000e-01 3.8889e-01 1.6667e-01 1.0000e+00 5.0000e-01 4.2105e-01 1.1111e-01 0.0000e+00 1.1111e-01 3.3333e-01 1.8182e-01 1.1111e-01 4.2857e-01 1.0000e+00 2.0000e-01 3.0769e-01 0.0000e+00 0.0000e+00 1.4286e-01 4.8387e-01
8.6377e-01 6.1364e-01 9.9471e-01 1.1111e-01 0.0000e+00 4.6429e-01 1.0000e+00 6.0000e-01 1.0000e+00 1.0000e+00 9.4403e-01 1.0000e+00 0.0000e+00 1.1111e-01 5.5263e-01 0.0000e+00 2.3529e-01 1.3514e-01 6.0000e-01 5.2632e-01 1.1111e-01 1.0000e+00 5.7143e-01 1.0000e+00 6.0465e-01 3.6842e-01 6.0000e-01 3.6923e-01 9.0451e-01 2.9412e-01 5.3333e-01 1.0000e+00 8.2353e-01 1.0000e+00 3.3333e-01 6.1702e-01 1.8182e-01 5.3125e-01 1.1111e-01 7.8261e-01 1.8182e-01 2.5000e-01 0.0000e+00 1.0000e+00 2.5000e-01 2.2222e-01 0.0000e+00 9.8438e-01 3.5484e-01 8.9904e-01
4.2857e-01 3.3333e-01 1.0000e+00 2.5000e-01 0.0000e+00 3.8095e-01 1.0000e+00 0.0000e+00 1.0000e+00 1.0000e+00 2.5000e-01 1.0000e+00 3.5294e-01 3.8095e-01 7.6923e-02 1.2500e-01 0.0000e+00 3.6667e-01 4.1509e-01 5.2632e-01 7.0513e-01 1.0000e+00 5.7143e-01 1.0000e+00 7.1951e-01 5.9615e-01 7.6667e-01 6.1692e-01 3.5294e-01 5.1220e-01 8.3922e-01 1.0000e+00 3.9130e-01 1.0000e+00 7.4757e-01 5.4545e-01 3.6842e-01 2.8571e-01 7.0886e-01 2.0000e-01 2.8571e-01 3.8889e-01 2.5000e-01 1.0000e+00 6.7742e-01 7.7795e-01 6.6832e-01 1.0000e+00 5.3086e-01 6.7045e-01
5.0000e-01 6.9118e-01 1.0000e+00 4.5833e-01 6.3934e-01 3.1250e-01 1.0000e+00 6.9565e-01 1.0000e+00 1.0000e+00 6.9880e-01 1.0000e+00 7.9618e-01 3.8095e-01 4.8611e-01 4.0816e-01 8.0904e-01 5.0343e-01 5.1852e-01 5.9141e-01 6.1364e-01 1.0000e+00 1.1111e-01 1.0000e+00 5.4839e-01 4.8387e-01 9.0967e-01 4.9457e-01 7.9916e-01 2.1429e-01 4.2105e-01 1.0000e+00 1.6667e-01 1.0000e+00 8.9786e-01 7.6667e-01 6.2295e-01 3.5294e-01 4.8000e-01 4.2105e-01 5.1724e-01 5.8537e-01 2.0000e-01 1.0000e+00 5.1724e-01 3.9474e-01 6.5517e-01 1.0000e+00 6.6038e-01 8.5669e-01
9.9766e-01 1.0000e+00 1.0000e+00 9.4704e-01 9.0379e-01 1.1111e-01 1.0000e+00 9.4718e-01 1.0000e+00 1.0000e+00 6.8421e-01 1.0000e+00 9.6866e-01 8.4327e-01 5.4955e-01 0.0000e+00 6.8333e-01 1.5000e-01 7.2511e-01 2.0588e-01 9.5764e-01 1.0000e+00 9.9596e-01 1.0000e+00 1.0000e+00 6.8085e-01 9.6494e-01 6.2938e-01 9.1393e-01 0.0000e+00 9.8425e-01 1.0000e+00 5.6863e-01 1.0000e+00 9.7211e-01 9.7374e-01 9.1009e-01 9.6359e-01 9.6055e-01 9.9353e-01 9.4611e-01 9.5973e-01 9.6471e-01 1.0000e+00 9.8936e-01 6.9082e-01 2.6316e-01 1.0000e+00 5.3571e-01 5.4762e-01
1.0000e+00 1.0000e+00 1.0000e+00 7.3958e-01 9.2298e-01 3.3333e-01 1.0000e+00 9.6759e-01 1.0000e+00 1.0000e+00 2.5000e-01 1.0000e+00 1.0000e+00 4.0909e-01 2.6087e-01 7.3746e-01 7.6862e-01 0.0000e+00 2.1739e-01 5.2381e-01 8.2192e-01 1.0000e+00 1.0000e+00 1.0000e+00 1.0000e+00 2.6667e-01 1.0000e+00 6.0220e-01 7.7717e-01 4.4828e-01 1.0000e+00 1.0000e+00 3.1579e-01 1.0000e+00 1.0000e+00 1.0000e+00 0.0000e+00 0.0000e+00 6.1702e-01 1.0000e+00 7.6978e-01 3.3333e-01 1.0000e+00 1.0000e+00 1.0000e+00 2.7273e-01 1.4286e-01 1.0000e+00 7.7842e-01 0.0000e+00
1.0000e+00 1.0000e+00 1.0000e+00 4.2857e-01 7.4627e-01 4.0909e-01 1.0000e+00 1.0000e+00 1.0000e+00 1.0000e+00 2.8571e-01 1.0000e+00 1.0000e+00 7.9401e-01 6.2553e-01 4.6377e-01 4.1667e-01 3.3333e-01 0.0000e+00 4.6977e-01 8.3333e-01 1.0000e+00 1.0000e+00 1.0000e+00 1.0000e+00 2.6667e-01 1.0000e+00 5.1899e-01 8.4101e-01 1.6667e-01 1.0000e+00 1.0000e+00 6.9355e-01 1.0000e+00 1.0000e+00 1.0000e+00 0.0000e+00 5.1724e-01 6.5517e-01 1.0000e+00 5.9524e-01 0.0000e+00 1.0000e+00 1.0000e+00 1.0000e+00 7.0385e-01 5.5405e-01 1.0000e+00 7.2039e-01 8.0000e-01
1.0000e+00 1.0000e+00 1.0000e+00 9.5155e-01 7.4242e-01 9.1735e-01 1.0000e+00 1.0000e+00 1.0000e+00 1.0000e+00 5.7500e-01 1.0000e+00 1.0000e+00 7.6216e-01 6.0825e-01 5.5224e-01 9.0909e-02 4.5980e-01 6.0595e-01 5.6771e-01 6.6667e-01 1.0000e+00 1.0000e+00 1.0000e+00 1.0000e+00 7.6768e-01 1.0000e+00 5.9914e-01 8.5739e-01 8.1571e-01 1.0000e+00 1.0000e+00 7.2327e-01 1.0000e+00 1.0000e+00 1.0000e+00 8.9364e-01 5.8974e-01 5.4545e-01 1.0000e+00 6.5574e-01 5.7895e-01 1.0000e+00 1.0000e+00 1.0000e+00 6.7978e-01 8.1237e-01 1.0000e+00 6.2048e-01 8.0229e-01
1.0000e+00 1.0000e+00 1.0000e+00 0.0000e+00 1.1111e-01 8.0769e-01 1.0000e+00 1.0000e+00 1.0000e+00 1.0000e+00 5.0000e-01 1.0000e+00 1.0000e+00 5.2778e-01 1.3333e-01 2.5000e-01 5.8065e-01 4.2318e-01 1.2500e-01 5.3442e-01 8.1053e-01 1.0000e+00 1.0000e+00 1.0000e+00 1.0000e+00 8.2826e-01 1.0000e+00 4.7742e-01 2.8571e-01 6.9048e-01 1.0000e+00 1.0000e+00 0.0000e+00 1.0000e+00 1.0000e+00 1.0000e+00 1.1111e-01 2.8571e-01 6.3265e-01 1.0000e+00 5.5556e-01 6.0465e-01 1.0000e+00 1.0000e+00 1.0000e+00 4.4681e-01 5.0000e-01 1.0000e+00 4.6000e-01 6.5000e-01
