8.5100e+02 1.4700e+02 2.3600e+02 7.6900e+02 5.2900e+02 5.7400e+02 3.3200e+02 2.1300e+02 8.8700e+02 9.1800e+02
1.7600e+02 5.8400e+02 2.3300e+02 1.0010e+03 5.3200e+02 2.9700e+02 7.7400e+02 5.1000e+01 8.5000e+01 1.0160e+03
9.3200e+02 4.5000e+02 6.4000e+01 6.5300e+02 7.6600e+02 5.3900e+02 9.7600e+02 7.3000e+02 5.5500e+02 5.1500e+02
7.7300e+02 7.6600e+02 8.2200e+02 5.8100e+02 7.2000e+02 9.8400e+02 1.4700e+02 4.4700e+02 3.8100e+02 8.4500e+02
7.0000e+00 1.3500e+02 9.0600e+02 6.6300e+02 2.6300e+02 2.9000e+02 5.8000e+01 5.5500e+02 1.5600e+02 3.7300e+02
6.9600e+02 4.3000e+02 1.1400e+02 1.2900e+02 4.9400e+02 4.2000e+02 9.3500e+02 7.3900e+02 2.1200e+02 6.3200e+02
7.9100e+02 4.4800e+02 3.2000e+02 3.1800e+02 6.0600e+02 5.6400e+02 4.7300e+02 2.1100e+02 4.9500e+02 6.2300e+02
5.4000e+02 1.0190e+03 9.4700e+02 3.0400e+02 1.2000e+01 3.9100e+02 6.1800e+02 8.2700e+02 4.6100e+02 2.3000e+01
2.3000e+02 4.4300e+02 1.2300e+02 7.5800e+02 5.2200e+02 5.1000e+01 4.1500e+02 5.1600e+02 7.4600e+02 4.5100e+02
4.8000e+01 9.9100e+02 2.3700e+02 1.8100e+02 1.1500e+02 2.8300e+02 1.6800e+02 4.9100e+02 4.3500e+02 6.1100e+02
