8.4783e-01 1.6667e-01 0.0000e+00 6.2791e-01 5.3125e-01 5.5263e-01 2.5000e-01 1.6667e-01 9.0915e-01 9.7189e-01
1.4286e-01 6.0870e-01 0.0000e+00 9.9723e-01 5.7471e-01 1.8182e-01 8.0952e-01 0.0000e+00 0.0000e+00 9.7239e-01
9.7932e-01 5.0000e-01 1.6667e-01 6.2745e-01 7.8608e-01 5.5814e-01 9.6823e-01 7.4940e-01 6.7619e-01 5.3125e-01
9.2857e-01 1.0000e+00 7.7778e-01 6.8421e-01 7.2340e-01 9.7809e-01 0.0000e+00 3.8095e-01 3.7500e-01 8.2143e-01
0.0000e+00 2.3077e-01 8.7963e-01 6.4567e-01 2.7586e-01 3.1818e-01 0.0000e+00 6.1885e-01 0.0000e+00 2.5000e-01
7.9870e-01 5.2632e-01 1.6667e-01 0.0000e+00 4.2500e-01 5.0000e-01 9.6865e-01 7.5155e-01 1.1111e-01 4.8148e-01
8.3045e-01 2.7778e-01 4.1935e-01 2.0000e-01 5.8114e-01 5.0000e-01 4.1935e-01 2.0000e-01 4.8529e-01 6.5193e-01
3.0769e-01 9.7462e-01 9.5522e-01 2.8571e-01 0.0000e+00 3.6842e-01 7.1591e-01 8.3003e-01 4.2308e-01 0.0000e+00
2.3529e-01 2.3529e-01 1.5385e-01 7.7652e-01 4.6617e-01 0.0000e+00 5.0000e-01 5.4497e-01 7.3054e-01 3.4483e-01
0.0000e+00 9.9545e-01 0.0000e+00 1.1111e-01 8.3333e-02 2.3077e-01 0.0000e+00 3.7037e-01 4.5161e-01 5.1515e-01
