3.9000e+01 1.0000e+00 0.0000e+00 2.7000e+01 3.4000e+01 2.1000e+01 2.0000e+00 2.0000e+00 4.5030e+03 4.7360e+03
1.0000e+00 1.4000e+01 0.0000e+00 4.6860e+03 5.0000e+01 2.0000e+00 8.5000e+01 0.0000e+00 0.0000e+00 4.5440e+03
8.0500e+02 4.0000e+00 1.0000e+00 3.2000e+01 7.0590e+03 2.4000e+01 7.6200e+02 3.1400e+02 7.1000e+01 1.7000e+01
1.3000e+01 9.0000e+00 7.0000e+00 1.3000e+01 2.0400e+02 9.5100e+03 0.0000e+00 8.0000e+00 6.0000e+00 2.3000e+01
0.0000e+00 3.0000e+00 7.9360e+03 8.2000e+01 8.0000e+00 7.0000e+00 0.0000e+00 1.5100e+02 0.0000e+00 4.0000e+00
1.2300e+02 1.0000e+01 1.0000e+00 0.0000e+00 1.7000e+01 1.6000e+01 8.5290e+03 3.6300e+02 1.0000e+00 1.3000e+01
7.3910e+03 5.0000e+00 1.3000e+01 3.0000e+00 2.6500e+02 3.4000e+01 1.3000e+01 4.0000e+00 3.3000e+01 1.1800e+02
4.0000e+00 9.6000e+02 7.6800e+02 4.0000e+00 0.0000e+00 7.0000e+00 6.3000e+01 7.2030e+03 1.1000e+01 0.0000e+00
4.0000e+00 4.0000e+00 2.0000e+00 3.9090e+03 6.2000e+01 0.0000e+00 2.8000e+01 1.0300e+02 3.4920e+03 1.0000e+01
0.0000e+00 8.9770e+03 0.0000e+00 1.0000e+00 1.0000e+00 3.0000e+00 0.0000e+00 1.0000e+01 1.4000e+01 1.7000e+01
