5.4000e+01 9.0000e+00 3.6100e+02 7.9000e+01 9.0000e+00 8.0000e+00 3.5000e+01 1.0000e+01 6.0260e+03 5.9770e+03 4.6500e+02 6.0120e+03 1.0600e+02 4.8880e+03 4.7150e+03 4.0000e+01 1.3200e+03 1.3990e+03 1.7920e+03 2.5100e+02 1.8000e+01 5.3920e+03 2.7190e+03 5.9920e+03 2.5000e+01 5.2830e+03 4.3000e+01 5.8200e+02 1.4000e+01 5.2610e+03 2.7900e+02 2.5000e+01 5.2500e+03 5.8690e+03 2.1000e+01 3.5000e+01 1.4650e+03 7.9000e+01 3.8000e+01 1.2210e+03 1.8830e+03 1.7000e+01 4.7990e+03 6.0100e+03 1.0000e+01 2.9000e+01 2.1000e+01 9.0000e+00 1.8000e+01 1.6800e+02
9.0000e+00 1.2000e+01 2.8000e+01 7.0000e+00 7.0000e+00 1.1000e+01 1.0000e+01 2.5000e+01 0.0000e+00 0.0000e+00 7.0000e+00 0.0000e+00 7.0000e+00 8.0000e+00 3.0300e+02 1.1000e+01 4.4000e+01 2.1300e+02 5.6000e+01 2.4000e+01 1.4000e+01 1.8000e+01 3.0000e+01 0.0000e+00 2.1000e+01 2.2000e+01 1.4000e+01 1.7000e+01 1.6000e+01 1.0000e+01 9.0000e+00 1.0000e+01 1.3000e+01 0.0000e+00 1.0000e+01 1.0000e+01 1.6000e+01 1.0000e+01 1.7000e+01 9.0000e+00 9.0000e+00 9.0000e+00 1.0000e+01 0.0000e+00 1.0000e+01 1.6000e+01 1.2000e+01 7.0000e+00 1.4000e+01 3.2000e+01
2.9900e+02 7.5000e+01 5.5640e+03 1.1000e+01 9.0000e+00 1.8000e+01 6.0180e+03 2.6000e+01 0.0000e+00 0.0000e+00 5.1120e+03 0.0000e+00 9.0000e+00 8.0000e+00 1.3100e+02 1.1000e+01 1.2000e+01 3.5000e+01 7.6000e+01 5.4100e+02 9.0000e+00 7.0000e+00 2.6000e+01 0.0000e+00 1.5500e+02 4.9000e+01 5.7000e+01 2.8000e+01 2.0650e+03 1.7000e+01 2.2000e+01 5.8370e+03 5.5000e+02 0.0000e+00 7.0000e+00 6.0000e+01 9.0000e+00 7.8000e+01 1.2000e+01 1.6100e+02 1.2000e+01 1.0000e+01 7.0000e+00 0.0000e+00 1.8000e+01 2.9000e+01 9.0000e+00 6.0940e+03 7.8000e+01 4.6320e+03
1.8000e+01 7.0000e+00 0.0000e+00 1.1000e+01 7.0000e+00 3.2000e+01 0.0000e+00 7.0000e+00 0.0000e+00 0.0000e+00 1.1000e+01 0.0000e+00 7.0000e+00 2.3000e+01 1.3000e+01 1.3000e+01 1.4000e+01 2.1300e+02 3.6000e+01 5.8700e+02 1.1400e+02 1.5000e+01 1.9000e+01 0.0000e+00 8.5000e+01 8.9000e+01 7.3000e+01 3.0380e+03 3.0000e+01 3.1000e+01 2.6600e+02 0.0000e+00 2.4000e+01 0.0000e+00 6.9000e+01 3.8000e+01 1.5000e+01 1.0000e+01 1.1000e+02 9.0000e+00 2.5000e+01 7.0000e+01 1.8000e+01 0.0000e+00 1.7000e+01 5.0240e+03 1.1600e+02 0.0000e+00 5.1000e+01 1.8000e+01
4.5000e+01 1.9000e+01 0.0000e+00 2.1000e+01 4.7000e+01 4.2000e+01 0.0000e+00 1.5200e+02 0.0000e+00 0.0000e+00 1.1000e+02 0.0000e+00 1.8000e+02 1.7000e+01 4.5000e+01 5.5000e+01 2.1880e+03 2.8900e+03 7.4000e+01 1.7960e+03 7.4000e+01 3.1000e+01 1.0000e+01 0.0000e+00 2.5000e+01 1.6000e+01 7.9400e+02 2.6200e+02 2.4200e+02 2.8000e+01 3.0000e+01 0.0000e+00 2.4000e+01 0.0000e+00 7.4600e+02 1.0700e+02 5.2000e+01 2.9000e+01 3.0000e+01 1.5000e+01 3.5000e+01 3.3000e+01 1.4000e+01 0.0000e+00 3.0000e+01 7.9000e+01 1.6800e+02 0.0000e+00 1.8300e+02 6.7500e+02
5.5670e+03 5.8500e+03 0.0000e+00 3.0800e+03 1.4340e+03 3.5000e+01 0.0000e+00 2.1330e+03 0.0000e+00 0.0000e+00 6.4000e+01 0.0000e+00 5.6960e+03 5.6600e+02 7.7000e+01 1.1000e+01 4.8600e+02 4.7000e+01 3.0260e+03 1.6000e+01 5.1630e+03 5.1000e+02 3.1740e+03 0.0000e+00 5.6880e+03 1.5500e+02 4.9050e+03 9.0700e+02 2.8700e+03 8.0000e+00 5.4490e+03 0.0000e+00 2.9000e+01 0.0000e+00 5.1730e+03 5.6810e+03 2.7120e+03 5.7950e+03 5.5140e+03 4.6320e+03 3.8660e+03 5.7460e+03 1.1610e+03 0.0000e+00 5.8590e+03 9.2000e+01 7.8000e+01 0.0000e+00 4.6000e+01 3.2000e+01
0.0000e+00 0.0000e+00 0.0000e+00 9.8000e+01 4.1370e+03 1.6000e+01 0.0000e+00 3.6050e+03 0.0000e+00 0.0000e+00 2.0000e+01 0.0000e+00 0.0000e+00 1.0000e+01 3.5000e+01 5.7620e+03 1.6140e+03 3.9000e+01 2.1000e+01 7.0400e+02 1.6800e+02 0.0000e+00 0.0000e+00 0.0000e+00 0.0000e+00 1.6000e+01 0.0000e+00 3.3000e+02 1.9300e+02 1.2000e+01 0.0000e+00 0.0000e+00 1.5000e+01 0.0000e+00 0.0000e+00 0.0000e+00 9.0000e+00 1.0000e+01 3.4000e+01 0.0000e+00 1.0800e+02 1.5000e+01 0.0000e+00 0.0000e+00 0.0000e+00 3.2000e+01 9.0000e+00 0.0000e+00 4.3670e+03 1.0000e+01
0.0000e+00 0.0000e+00 0.0000e+00 7.0000e+00 1.9100e+02 2.1000e+01 0.0000e+00 0.0000e+00 0.0000e+00 0.0000e+00 1.4000e+01 0.0000e+00 0.0000e+00 2.3300e+02 3.2200e+02 6.8000e+01 6.0000e+01 1.8400e+02 1.4000e+01 4.5600e+02 2.0000e+02 0.0000e+00 0.0000e+00 0.0000e+00 0.0000e+00 7.0000e+00 0.0000e+00 1.9100e+02 2.4200e+02 1.7000e+01 0.0000e+00 0.0000e+00 9.7000e+01 0.0000e+00 0.0000e+00 0.0000e+00 9.0000e+00 3.8000e+01 5.1000e+01 0.0000e+00 4.2000e+01 1.5000e+01 0.0000e+00 0.0000e+00 0.0000e+00 2.3400e+02 1.2500e+02 0.0000e+00 8.9900e+02 1.6200e+02
0.0000e+00 0.0000e+00 0.0000e+00 2.6840e+03 1.3900e+02 5.7090e+03 0.0000e+00 0.0000e+00 0.0000e+00 0.0000e+00 9.7000e+01 0.0000e+00 0.0000e+00 2.1800e+02 4.0000e+02 2.9000e+01 7.2000e+01 6.6800e+02 7.1000e+02 1.1960e+03 3.2000e+01 0.0000e+00 0.0000e+00 0.0000e+00 0.0000e+00 8.4000e+01 0.0000e+00 5.1300e+02 2.6100e+02 6.4700e+02 0.0000e+00 0.0000e+00 7.8000e+01 0.0000e+00 0.0000e+00 0.0000e+00 1.7880e+03 6.1000e+01 3.4000e+01 0.0000e+00 1.0200e+02 2.5000e+01 0.0000e+00 0.0000e+00 0.0000e+00 3.9700e+02 5.4290e+03 0.0000e+00 3.3100e+02 2.4100e+02
0.0000e+00 0.0000e+00 0.0000e+00 7.0000e+00 9.0000e+00 2.0300e+02 0.0000e+00 0.0000e+00 0.0000e+00 0.0000e+00 2.7000e+01 0.0000e+00 0.0000e+00 1.5000e+01 1.5000e+01 2.0000e+01 7.5000e+01 3.3400e+02 7.4000e+01 4.2800e+02 2.4100e+02 0.0000e+00 0.0000e+00 0.0000e+00 0.0000e+00 3.2100e+02 0.0000e+00 1.0400e+02 3.0000e+01 9.7000e+01 0.0000e+00 0.0000e+00 8.0000e+00 0.0000e+00 0.0000e+00 0.0000e+00 7.0000e+00 1.5000e+01 5.1000e+01 0.0000e+00 2.3000e+01 1.0000e+01 0.0000e+00 0.0000e+00 0.0000e+00 6.5000e+01 5.6000e+01 0.0000e+00 2.5000e+01 9.7000e+01
