6.4815e-01 1.1111e-01 8.6704e-01 7.0886e-01 1.1111e-01 0.0000e+00 5.7143e-01 2.0000e-01 9.7959e-01 9.9766e-01 8.6237e-01 9.7056e-01 7.5472e-01 8.9812e-01 7.4592e-01 3.7500e-01 7.7500e-01 4.7177e-01 6.9754e-01 4.8207e-01 3.8889e-01 9.6569e-01 9.5182e-01 9.9399e-01 4.8000e-01 9.1880e-01 6.0465e-01 5.8591e-01 2.8571e-01 8.8576e-01 8.4946e-01 4.8000e-01 8.9505e-01 9.8552e-01 4.2857e-01 5.7143e-01 8.8669e-01 7.0886e-01 5.7895e-01 9.2793e-01 9.2565e-01 3.5294e-01 9.6374e-01 9.8502e-01 2.0000e-01 3.4483e-01 2.8571e-01 1.1111e-01 2.2222e-01 7.5000e-01
1.1111e-01 2.5000e-01 5.0000e-01 0.0000e+00 0.0000e+00 1.8182e-01 2.0000e-01 4.8000e-01 1.0000e+00 1.0000e+00 0.0000e+00 1.0000e+00 0.0000e+00 0.0000e+00 6.3366e-01 0.0000e+00 4.5455e-01 3.6620e-01 4.1071e-01 1.2500e-01 2.8571e-01 3.8889e-01 5.3333e-01 1.0000e+00 4.2857e-01 4.0909e-01 2.8571e-01 5.8824e-02 3.1250e-01 1.0000e-01 1.1111e-01 2.0000e-01 2.3077e-01 1.0000e+00 2.0000e-01 2.0000e-01 3.1250e-01 2.0000e-01 3.5294e-01 1.1111e-01 1.1111e-01 1.1111e-01 2.0000e-01 1.0000e+00 2.0000e-01 1.8750e-01 8.3333e-02 0.0000e+00 1.4286e-01 5.0000e-01
8.5284e-01 7.0667e-01 9.9425e-01 1.8182e-01 1.1111e-01 3.3333e-01 1.0000e+00 5.0000e-01 1.0000e+00 1.0000e+00 9.4444e-01 1.0000e+00 1.1111e-01 0.0000e+00 5.5725e-01 0.0000e+00 8.3333e-02 1.1429e-01 4.6053e-01 5.3235e-01 1.1111e-01 0.0000e+00 5.0000e-01 1.0000e+00 7.9355e-01 5.9184e-01 6.6667e-01 2.1429e-01 9.1283e-01 2.9412e-01 4.5455e-01 1.0000e+00 8.2182e-01 1.0000e+00 0.0000e+00 6.6667e-01 1.1111e-01 7.0513e-01 2.5000e-01 8.0124e-01 2.5000e-01 2.0000e-01 0.0000e+00 1.0000e+00 3.8889e-01 3.4483e-01 0.0000e+00 9.8441e-01 5.3846e-01 9.0976e-01
3.8889e-01 0.0000e+00 1.0000e+00 1.8182e-01 0.0000e+00 5.0000e-01 1.0000e+00 0.0000e+00 1.0000e+00 1.0000e+00 1.8182e-01 1.0000e+00 0.0000e+00 3.9130e-01 7.6923e-02 7.6923e-02 1.4286e-01 3.6620e-01 3.3333e-01 5.3663e-01 7.5439e-01 3.3333e-01 4.2105e-01 1.0000e+00 7.1765e-01 6.8539e-01 6.9863e-01 6.4483e-01 5.0000e-01 4.5161e-01 8.4586e-01 1.0000e+00 4.1667e-01 1.0000e+00 6.9565e-01 5.7895e-01 2.6667e-01 2.0000e-01 7.5455e-01 1.1111e-01 4.8000e-01 6.8571e-01 3.8889e-01 1.0000e+00 3.5294e-01 7.8483e-01 6.0345e-01 1.0000e+00 4.7059e-01 3.3333e-01
6.2222e-01 4.2105e-01 1.0000e+00 4.2857e-01 5.9574e-01 5.4762e-01 1.0000e+00 7.9605e-01 1.0000e+00 1.0000e+00 7.3636e-01 1.0000e+00 8.1111e-01 2.9412e-01 4.0000e-01 4.3636e-01 7.9068e-01 4.9204e-01 4.5946e-01 5.8909e-01 7.0270e-01 5.4839e-01 2.0000e-01 1.0000e+00 4.8000e-01 3.1250e-01 9.1058e-01 5.3435e-01 8.0579e-01 4.2857e-01 5.3333e-01 1.0000e+00 4.1667e-01 1.0000e+00 9.0751e-01 7.5701e-01 5.9615e-01 5.1724e-01 5.3333e-01 3.3333e-01 5.4286e-01 5.4545e-01 2.8571e-01 1.0000e+00 5.3333e-01 5.3165e-01 6.4286e-01 1.0000e+00 6.3934e-01 8.4889e-01
9.9766e-01 1.0000e+00 1.0000e+00 9.4870e-01 9.0167e-01 5.1429e-01 1.0000e+00 9.4562e-01 1.0000e+00 1.0000e+00 6.5625e-01 1.0000e+00 9.7086e-01 8.3392e-01 4.9351e-01 0.0000e+00 7.3045e-01 1.7021e-01 7.0985e-01 0.0000e+00 9.6107e-01 9.9804e-01 9.9842e-01 1.0000e+00 1.0000e+00 7.4839e-01 9.6922e-01 6.0639e-01 9.2160e-01 0.0000e+00 9.7908e-01 1.0000e+00 4.4828e-01 1.0000e+00 9.7584e-01 9.7659e-01 9.0302e-01 9.6583e-01 9.6536e-01 9.9417e-01 9.4387e-01 9.6380e-01 9.5349e-01 1.0000e+00 9.9147e-01 5.5435e-01 5.5128e-01 1.0000e+00 4.5652e-01 5.0000e-01
1.0000e+00 1.0000e+00 1.0000e+00 7.3469e-01 9.2990e-01 3.1250e-01 1.0000e+00 9.6616e-01 1.0000e+00 1.0000e+00 4.0000e-01 1.0000e+00 1.0000e+00 1.0000e-01 3.4286e-01 7.4696e-01 7.8625e-01 1.2821e-01 1.9048e-01 5.4545e-01 7.9762e-01 1.0000e+00 1.0000e+00 1.0000e+00 1.0000e+00 3.1250e-01 1.0000e+00 5.5152e-01 7.8756e-01 1.6667e-01 1.0000e+00 1.0000e+00 2.6667e-01 1.0000e+00 1.0000e+00 1.0000e+00 1.1111e-01 2.0000e-01 5.5882e-01 1.0000e+00 7.4074e-01 3.3333e-01 1.0000e+00 1.0000e+00 1.0000e+00 3.7500e-01 0.0000e+00 1.0000e+00 7.9253e-01 1.0000e-01
1.0000e+00 1.0000e+00 1.0000e+00 0.0000e+00 7.8534e-01 3.8095e-01 1.0000e+00 1.0000e+00 1.0000e+00 1.0000e+00 2.8571e-01 1.0000e+00 1.0000e+00 7.6824e-01 6.3975e-01 4.7059e-01 5.1667e-01 3.5326e-01 7.1429e-02 5.2193e-01 8.1500e-01 1.0000e+00 1.0000e+00 1.0000e+00 1.0000e+00 0.0000e+00 1.0000e+00 5.0785e-01 8.0579e-01 2.9412e-01 1.0000e+00 1.0000e+00 6.7010e-01 1.0000e+00 1.0000e+00 1.0000e+00 1.1111e-01 5.7895e-01 6.4706e-01 1.0000e+00 5.9524e-01 3.3333e-01 1.0000e+00 1.0000e+00 1.0000e+00 6.5385e-01 6.0800e-01 1.0000e+00 7.4416e-01 7.4691e-01
1.0000e+00 1.0000e+00 1.0000e+00 9.4560e-01 7.5540e-01 9.1329e-01 1.0000e+00 1.0000e+00 1.0000e+00 1.0000e+00 7.2165e-01 1.0000e+00 1.0000e+00 7.6147e-01 6.5250e-01 3.1034e-01 5.4167e-01 4.4162e-01 6.6056e-01 5.6773e-01 5.3125e-01 1.0000e+00 1.0000e+00 1.0000e+00 1.0000e+00 6.7857e-01 1.0000e+00 5.7895e-01 8.1226e-01 8.2071e-01 1.0000e+00 1.0000e+00 6.4103e-01 1.0000e+00 1.0000e+00 1.0000e+00 8.9206e-01 6.7213e-01 5.5882e-01 1.0000e+00 7.3529e-01 4.8000e-01 1.0000e+00 1.0000e+00 1.0000e+00 6.9270e-01 8.0346e-01 1.0000e+00 6.8882e-01 7.8423e-01
1.0000e+00 1.0000e+00 1.0000e+00 0.0000e+00 1.1111e-01 7.6847e-01 1.0000e+00 1.0000e+00 1.0000e+00 1.0000e+00 4.8148e-01 1.0000e+00 1.0000e+00 2.6667e-01 1.3333e-01 2.0000e-01 5.4667e-01 4.0120e-01 4.5946e-01 5.1869e-01 8.3402e-01 1.0000e+00 1.0000e+00 1.0000e+00 1.0000e+00 8.1308e-01 1.0000e+00 4.4231e-01 5.0000e-01 6.5979e-01 1.0000e+00 1.0000e+00 0.0000e+00 1.0000e+00 1.0000e+00 1.0000e+00 0.0000e+00 3.3333e-01 6.4706e-01 1.0000e+00 4.3478e-01 2.0000e-01 1.0000e+00 1.0000e+00 1.0000e+00 5.0769e-01 5.0000e-01 1.0000e+00 3.2000e-01 6.9072e-01
