2.0000e+00 0.0000e+00 3.0000e+00 1.0000e+00 0.0000e+00 0.0000e+00 0.0000e+00 1.0000e+00 5.9820e+03 5.1220e+03 1.0000e+00 2.1000e+01 0.0000e+00 0.0000e+00 0.0000e+00 0.0000e+00 1.0000e+00 1.0000e+00 8.7000e+01 0.0000e+00 3.0000e+00 1.0000e+00 1.0000e+00 5.9610e+03 1.0000e+00 5.0000e+00 2.0000e+00 0.0000e+00 3.0000e+00 5.0000e+00 0.0000e+00 0.0000e+00 2.0000e+00 3.0000e+00 0.0000e+00 0.0000e+00 1.1000e+01 3.0000e+00 2.0000e+00 5.6110e+03 5.5450e+03 0.0000e+00 4.0000e+00 6.0010e+03 1.0000e+00 0.0000e+00 2.0000e+00 0.0000e+00 1.0000e+00 1.0000e+00
0.0000e+00 1.5000e+01 1.0000e+00 0.0000e+00 0.0000e+00 1.0000e+00 0.0000e+00 2.0000e+00 1.0000e+00 0.0000e+00 0.0000e+00 0.0000e+00 0.0000e+00 0.0000e+00 0.0000e+00 0.0000e+00 0.0000e+00 0.0000e+00 1.0000e+00 2.0000e+00 0.0000e+00 0.0000e+00 0.0000e+00 1.0000e+00 6.5800e+02 1.0000e+00 1.0000e+00 0.0000e+00 3.1900e+02 0.0000e+00 0.0000e+00 1.0000e+00 0.0000e+00 0.0000e+00 0.0000e+00 0.0000e+00 0.0000e+00 0.0000e+00 0.0000e+00 0.0000e+00 0.0000e+00 0.0000e+00 3.0000e+00 1.0000e+00 0.0000e+00 2.0000e+00 0.0000e+00 0.0000e+00 0.0000e+00 0.0000e+00
4.0000e+00 3.0000e+00 5.9130e+03 0.0000e+00 0.0000e+00 0.0000e+00 5.9720e+03 8.0000e+00 0.0000e+00 0.0000e+00 5.5640e+03 0.0000e+00 0.0000e+00 0.0000e+00 3.0000e+00 0.0000e+00 0.0000e+00 0.0000e+00 4.0000e+00 1.2000e+01 1.0000e+00 0.0000e+00 0.0000e+00 1.0000e+00 3.0000e+00 0.0000e+00 3.0000e+00 0.0000e+00 2.0000e+00 0.0000e+00 0.0000e+00 5.9290e+03 1.0000e+00 0.0000e+00 0.0000e+00 0.0000e+00 1.0000e+00 0.0000e+00 1.0000e+00 0.0000e+00 0.0000e+00 1.0000e+00 0.0000e+00 0.0000e+00 2.0000e+00 1.0000e+00 0.0000e+00 5.8100e+03 7.0000e+00 1.4000e+01
0.0000e+00 1.0000e+00 0.0000e+00 0.0000e+00 0.0000e+00 0.0000e+00 0.0000e+00 0.0000e+00 0.0000e+00 0.0000e+00 1.0000e+00 3.0000e+00 0.0000e+00 2.5000e+01 0.0000e+00 0.0000e+00 0.0000e+00 0.0000e+00 1.0000e+00 0.0000e+00 1.0000e+00 1.0000e+00 1.2050e+03 1.0000e+00 0.0000e+00 4.0000e+00 1.0000e+00 0.0000e+00 1.7000e+01 0.0000e+00 4.9770e+03 1.0000e+00 1.0000e+00 4.5670e+03 3.6010e+03 0.0000e+00 1.0000e+00 5.0000e+00 0.0000e+00 0.0000e+00 5.0000e+00 1.0000e+00 0.0000e+00 0.0000e+00 1.0000e+00 4.6730e+03 0.0000e+00 0.0000e+00 0.0000e+00 0.0000e+00
1.0000e+00 0.0000e+00 0.0000e+00 0.0000e+00 1.0000e+00 4.0000e+00 1.0000e+00 1.0000e+00 0.0000e+00 0.0000e+00 5.0000e+00 0.0000e+00 4.7140e+03 0.0000e+00 0.0000e+00 2.0000e+00 4.9330e+03 2.9230e+03 2.8680e+03 0.0000e+00 2.0000e+00 1.0000e+00 0.0000e+00 0.0000e+00 1.0000e+00 0.0000e+00 5.7800e+02 3.0210e+03 2.4000e+01 0.0000e+00 1.0000e+00 0.0000e+00 0.0000e+00 0.0000e+00 1.0000e+00 0.0000e+00 2.0000e+00 0.0000e+00 2.0000e+00 2.0000e+00 0.0000e+00 0.0000e+00 0.0000e+00 0.0000e+00 3.0000e+00 0.0000e+00 0.0000e+00 0.0000e+00 0.0000e+00 5.0600e+03
3.0000e+00 1.0000e+00 1.0000e+00 5.7010e+03 8.0000e+00 0.0000e+00 0.0000e+00 2.0000e+00 4.0000e+00 1.0000e+00 0.0000e+00 0.0000e+00 0.0000e+00 0.0000e+00 1.0000e+00 0.0000e+00 1.1000e+01 1.0000e+00 4.0000e+00 0.0000e+00 0.0000e+00 5.8340e+03 3.6600e+03 4.0000e+00 4.3820e+03 1.0000e+00 0.0000e+00 7.0000e+00 0.0000e+00 0.0000e+00 1.6000e+01 2.0000e+00 1.0000e+00 0.0000e+00 4.0000e+00 0.0000e+00 4.0000e+00 5.7380e+03 5.8640e+03 8.0000e+00 5.0000e+00 5.6880e+03 0.0000e+00 5.0000e+00 1.8400e+02 3.0000e+00 4.0000e+00 2.0000e+00 2.0000e+00 0.0000e+00
5.8400e+03 0.0000e+00 2.0000e+00 0.0000e+00 5.5240e+03 0.0000e+00 1.3000e+01 5.7160e+03 0.0000e+00 1.0000e+00 0.0000e+00 0.0000e+00 0.0000e+00 0.0000e+00 0.0000e+00 4.4960e+03 0.0000e+00 0.0000e+00 0.0000e+00 3.0000e+00 4.0000e+00 0.0000e+00 0.0000e+00 1.0000e+00 1.0000e+00 0.0000e+00 0.0000e+00 0.0000e+00 0.0000e+00 0.0000e+00 1.0000e+00 1.0000e+00 1.0000e+00 0.0000e+00 0.0000e+00 0.0000e+00 0.0000e+00 0.0000e+00 3.0000e+00 1.3000e+01 0.0000e+00 0.0000e+00 5.8240e+03 1.0000e+00 0.0000e+00 0.0000e+00 0.0000e+00 1.2000e+01 4.7440e+03 0.0000e+00
1.0000e+00 9.0000e+00 1.0000e+00 0.0000e+00 3.0000e+00 0.0000e+00 1.0000e+00 0.0000e+00 1.0000e+00 0.0000e+00 0.0000e+00 4.7230e+03 2.0000e+00 1.0000e+00 3.9590e+03 0.0000e+00 0.0000e+00 0.0000e+00 0.0000e+00 0.0000e+00 2.0000e+00 0.0000e+00 1.0000e+00 0.0000e+00 0.0000e+00 1.0000e+00 0.0000e+00 0.0000e+00 4.3170e+03 0.0000e+00 1.0000e+00 3.0000e+00 4.1370e+03 1.0000e+00 5.4500e+02 4.8820e+03 0.0000e+00 0.0000e+00 2.3000e+01 2.0000e+00 0.0000e+00 0.0000e+00 0.0000e+00 0.0000e+00 0.0000e+00 1.0000e+00 3.0000e+00 1.0000e+00 0.0000e+00 0.0000e+00
2.0000e+00 5.4060e+03 0.0000e+00 1.0000e+00 2.5000e+01 5.3850e+03 2.0000e+00 1.0000e+00 0.0000e+00 1.0000e+00 5.0000e+00 1.0000e+00 4.0000e+00 4.5260e+03 1.0000e+00 0.0000e+00 1.0000e+00 1.0000e+01 0.0000e+00 3.5030e+03 4.0000e+00 1.0000e+00 3.0000e+00 0.0000e+00 3.0000e+00 0.0000e+00 1.0000e+01 1.0000e+00 4.0000e+00 4.7130e+03 0.0000e+00 2.0000e+00 9.0000e+00 4.0000e+00 3.0000e+00 0.0000e+00 5.3330e+03 0.0000e+00 0.0000e+00 2.0000e+00 1.0000e+00 1.0000e+00 1.0000e+00 2.0000e+00 1.0000e+00 0.0000e+00 0.0000e+00 0.0000e+00 0.0000e+00 2.0000e+00
0.0000e+00 0.0000e+00 5.6000e+01 0.0000e+00 0.0000e+00 1.0000e+00 1.0000e+00 1.0000e+00 0.0000e+00 5.2000e+02 1.0000e+00 0.0000e+00 0.0000e+00 2.0000e+00 0.0000e+00 0.0000e+00 0.0000e+00 0.0000e+00 1.0000e+00 0.0000e+00 4.9640e+03 5.0000e+00 2.0000e+00 0.0000e+00 0.0000e+00 4.9760e+03 4.4750e+03 0.0000e+00 0.0000e+00 1.0000e+00 1.0000e+00 2.0000e+00 0.0000e+00 1.0000e+00 0.0000e+00 1.0000e+00 0.0000e+00 0.0000e+00 0.0000e+00 0.0000e+00 1.0000e+00 7.0000e+00 1.0000e+00 0.0000e+00 3.4960e+03 0.0000e+00 3.2100e+03 0.0000e+00 0.0000e+00 0.0000e+00
