8.7287e-01 1.5736e-01 2.6174e-01 7.2261e-01 4.8309e-01 5.3543e-01 3.4078e-01 2.0955e-01 9.1256e-01 9.7391e-01
1.7457e-01 5.5179e-01 2.5160e-01 9.9794e-01 5.5681e-01 2.8489e-01 7.7867e-01 6.1441e-02 8.6359e-02 9.7015e-01
9.7725e-01 4.5978e-01 5.4381e-02 6.0544e-01 7.7800e-01 5.7500e-01 9.7559e-01 7.6536e-01 5.6925e-01 5.1639e-01
7.7859e-01 7.5694e-01 7.7476e-01 5.4805e-01 7.0099e-01 9.7940e-01 1.5304e-01 4.2462e-01 3.6214e-01 8.1493e-01
5.1546e-03 1.4774e-01 8.8134e-01 6.6271e-01 2.7914e-01 2.6863e-01 6.4417e-02 5.5835e-01 1.7483e-01 3.2485e-01
6.9207e-01 4.0232e-01 1.1846e-01 1.6983e-01 5.1359e-01 4.1268e-01 9.6840e-01 7.6830e-01 1.7348e-01 5.9336e-01
8.0424e-01 4.4016e-01 2.8960e-01 2.8517e-01 6.3628e-01 5.5718e-01 4.9415e-01 2.2904e-01 4.6000e-01 5.9665e-01
5.1606e-01 9.7020e-01 9.5871e-01 3.3499e-01 1.6521e-02 3.8242e-01 6.0961e-01 8.4438e-01 4.9811e-01 1.9547e-02
2.2244e-01 4.8356e-01 1.4329e-01 7.6524e-01 4.8283e-01 4.2980e-02 4.3193e-01 5.4129e-01 7.5072e-01 4.5572e-01
4.3129e-02 9.9498e-01 2.0260e-01 1.7967e-01 9.8224e-02 2.5949e-01 2.0294e-01 4.9458e-01 4.5656e-01 5.4416e-01
