8.7200e+02 1.5500e+02 2.6200e+02 7.1900e+02 4.5700e+02 5.4400e+02 3.5100e+02 2.1500e+02 9.0800e+02 1.0080e+03
1.7300e+02 5.7000e+02 2.3600e+02 9.7000e+02 5.4400e+02 2.9800e+02 7.7400e+02 5.8000e+01 8.8000e+01 9.7500e+02
9.4500e+02 4.6300e+02 5.4000e+01 6.2300e+02 7.7100e+02 5.7500e+02 9.9900e+02 7.6000e+02 5.5900e+02 5.0400e+02
7.4200e+02 7.6300e+02 7.9800e+02 5.1900e+02 7.0800e+02 1.0460e+03 1.6100e+02 4.1400e+02 3.5200e+02 8.1900e+02
5.0000e+00 1.4700e+02 8.6900e+02 6.7000e+02 2.7300e+02 2.7400e+02 6.3000e+01 5.5500e+02 1.7500e+02 3.1900e+02
6.8100e+02 3.8100e+02 1.1100e+02 1.7000e+02 5.2900e+02 4.2300e+02 9.5000e+02 7.6600e+02 1.7400e+02 5.7200e+02
8.3400e+02 4.4500e+02 2.9800e+02 2.9800e+02 6.7700e+02 5.7000e+02 5.0700e+02 2.2400e+02 4.6000e+02 6.0500e+02
5.1400e+02 9.4400e+02 9.5200e+02 3.3700e+02 1.7000e+01 3.6100e+02 6.0900e+02 8.7900e+02 5.2700e+02 1.9000e+01
2.2600e+02 5.0000e+02 1.4300e+02 7.5300e+02 4.7800e+02 4.5000e+01 4.2200e+02 5.4400e+02 7.8600e+02 4.5800e+02
4.3000e+01 9.9100e+02 1.8700e+02 1.7500e+02 9.4000e+01 2.5300e+02 2.0700e+02 5.0200e+02 4.7300e+02 5.7300e+02
