0.0000e+00 0.0000e+00 7.2360e-01 0.0000e+00 8.5714e-01 6.3158e-01 4.0000e-01 7.0723e-01 0.0000e+00 0.0000e+00 5.8824e-01 0.0000e+00 0.0000e+00 0.0000e+00 4.6154e-01 6.0000e-01 0.0000e+00 0.0000e+00 0.0000e+00 3.3333e-01 0.0000e+00 0.0000e+00 3.3333e-01 3.3333e-01 0.0000e+00 0.0000e+00 5.8649e-01 0.0000e+00 6.6667e-01 0.0000e+00 5.5556e-01 7.5527e-01 6.0000e-01 5.0000e-01 0.0000e+00 5.0000e-01 0.0000e+00 1.0000e+00 1.0000e+00 3.2331e-01 5.8393e-01 0.0000e+00 1.0000e+00 5.0000e-01 0.0000e+00 0.0000e+00 1.0000e+00 6.9616e-01 3.3333e-01 5.0000e-01
0.0000e+00 3.7500e-01 0.0000e+00 0.0000e+00 7.1701e-01 0.0000e+00 0.0000e+00 0.0000e+00 0.0000e+00 0.0000e+00 0.0000e+00 0.0000e+00 0.0000e+00 0.0000e+00 0.0000e+00 0.0000e+00 0.0000e+00 0.0000e+00 0.0000e+00 0.0000e+00 0.0000e+00 3.8081e-01 4.3218e-01 0.0000e+00 0.0000e+00 0.0000e+00 2.5000e-01 0.0000e+00 0.0000e+00 7.0000e-01 3.3333e-01 0.0000e+00 0.0000e+00 0.0000e+00 0.0000e+00 0.0000e+00 0.0000e+00 0.0000e+00 0.0000e+00 0.0000e+00 0.0000e+00 1.8868e-01 7.5000e-01 0.0000e+00 1.0000e+00 0.0000e+00 0.0000e+00 0.0000e+00 0.0000e+00 3.3333e-01
0.0000e+00 0.0000e+00 0.0000e+00 0.0000e+00 0.0000e+00 6.1655e-01 0.0000e+00 0.0000e+00 5.8674e-01 6.3202e-01 5.0000e-01 0.0000e+00 5.7534e-01 6.4224e-01 3.3333e-01 5.0000e-01 0.0000e+00 0.0000e+00 0.0000e+00 4.2971e-01 0.0000e+00 0.0000e+00 3.3333e-01 4.1667e-01 3.3333e-01 5.0000e-01 0.0000e+00 0.0000e+00 0.0000e+00 7.5000e-01 5.0000e-01 0.0000e+00 5.0000e-01 5.7143e-01 6.5339e-01 7.0588e-01 0.0000e+00 1.0000e+00 1.0000e+00 0.0000e+00 0.0000e+00 0.0000e+00 1.0000e+00 0.0000e+00 0.0000e+00 0.0000e+00 0.0000e+00 0.0000e+00 0.0000e+00 0.0000e+00
1.0000e+00 0.0000e+00 8.5714e-01 7.5551e-01 0.0000e+00 1.0000e+00 1.0000e+00 0.0000e+00 7.6667e-01 1.0000e+00 5.0000e-01 1.0000e+00 5.0000e-01 7.5000e-01 0.0000e+00 1.0000e+00 0.0000e+00 1.0000e+00 6.5429e-01 0.0000e+00 9.3853e-01 9.0617e-01 0.0000e+00 9.8099e-01 0.0000e+00 0.0000e+00 8.5714e-01 0.0000e+00 5.0000e-01 1.0000e+00 0.0000e+00 6.6667e-01 0.0000e+00 1.0000e+00 0.0000e+00 0.0000e+00 8.8249e-01 1.0000e+00 1.0000e+00 0.0000e+00 8.3333e-01 0.0000e+00 0.0000e+00 8.6667e-01 1.0000e+00 9.9008e-01 1.0000e+00 0.0000e+00 9.4370e-01 0.0000e+00
0.0000e+00 0.0000e+00 0.0000e+00 0.0000e+00 5.0000e-01 0.0000e+00 2.5000e-01 0.0000e+00 0.0000e+00 0.0000e+00 0.0000e+00 3.3333e-01 0.0000e+00 0.0000e+00 0.0000e+00 3.3333e-01 2.4684e-01 0.0000e+00 0.0000e+00 0.0000e+00 0.0000e+00 0.0000e+00 0.0000e+00 2.7273e-01 0.0000e+00 0.0000e+00 0.0000e+00 0.0000e+00 0.0000e+00 0.0000e+00 0.0000e+00 3.3333e-01 0.0000e+00 0.0000e+00 0.0000e+00 0.0000e+00 0.0000e+00 0.0000e+00 9.2114e-01 0.0000e+00 0.0000e+00 0.0000e+00 0.0000e+00 0.0000e+00 0.0000e+00 0.0000e+00 0.0000e+00 0.0000e+00 0.0000e+00 0.0000e+00
3.1250e-01 0.0000e+00 0.0000e+00 2.0000e-01 0.0000e+00 3.3333e-01 0.0000e+00 0.0000e+00 0.0000e+00 0.0000e+00 4.2600e-01 0.0000e+00 0.0000e+00 0.0000e+00 3.8005e-01 0.0000e+00 0.0000e+00 0.0000e+00 0.0000e+00 0.0000e+00 2.8571e-01 0.0000e+00 0.0000e+00 0.0000e+00 0.0000e+00 0.0000e+00 0.0000e+00 0.0000e+00 5.0000e-01 7.3942e-01 3.3333e-01 0.0000e+00 0.0000e+00 0.0000e+00 0.0000e+00 0.0000e+00 0.0000e+00 1.0000e+00 1.0000e+00 0.0000e+00 3.3333e-01 0.0000e+00 1.0000e+00 0.0000e+00 6.6667e-01 0.0000e+00 0.0000e+00 0.0000e+00 0.0000e+00 0.0000e+00
0.0000e+00 0.0000e+00 0.0000e+00 0.0000e+00 0.0000e+00 0.0000e+00 0.0000e+00 0.0000e+00 0.0000e+00 0.0000e+00 0.0000e+00 0.0000e+00 0.0000e+00 0.0000e+00 0.0000e+00 3.3333e-01 0.0000e+00 0.0000e+00 1.6667e-01 0.0000e+00 0.0000e+00 0.0000e+00 0.0000e+00 0.0000e+00 0.0000e+00 0.0000e+00 0.0000e+00 0.0000e+00 0.0000e+00 5.0000e-01 0.0000e+00 0.0000e+00 0.0000e+00 0.0000e+00 0.0000e+00 0.0000e+00 0.0000e+00 0.0000e+00 5.0000e-01 0.0000e+00 0.0000e+00 0.0000e+00 5.0000e-01 0.0000e+00 0.0000e+00 0.0000e+00 0.0000e+00 0.0000e+00 0.0000e+00 0.0000e+00
0.0000e+00 4.2857e-01 0.0000e+00 2.5000e-01 6.6667e-01 5.0000e-01 0.0000e+00 0.0000e+00 0.0000e+00 0.0000e+00 0.0000e+00 0.0000e+00 5.0000e-01 0.0000e+00 0.0000e+00 5.9776e-01 3.3333e-01 7.2283e-01 0.0000e+00 0.0000e+00 0.0000e+00 0.0000e+00 0.0000e+00 0.0000e+00 3.0000e-01 6.5871e-01 0.0000e+00 5.8595e-01 6.8398e-01 6.6667e-01 4.7147e-01 3.3333e-01 5.0000e-01 0.0000e+00 5.0000e-01 5.0000e-01 0.0000e+00 1.0000e+00 0.0000e+00 0.0000e+00 0.0000e+00 0.0000e+00 0.0000e+00 4.3478e-01 1.0000e+00 0.0000e+00 0.0000e+00 0.0000e+00 0.0000e+00 0.0000e+00
0.0000e+00 0.0000e+00 0.0000e+00 0.0000e+00 0.0000e+00 0.0000e+00 0.0000e+00 0.0000e+00 0.0000e+00 0.0000e+00 3.3333e-01 5.1337e-01 0.0000e+00 0.0000e+00 0.0000e+00 3.3333e-01 0.0000e+00 0.0000e+00 1.6667e-01 0.0000e+00 0.0000e+00 0.0000e+00 0.0000e+00 0.0000e+00 2.1429e-01 4.3529e-01 0.0000e+00 0.0000e+00 0.0000e+00 5.7143e-01 0.0000e+00 0.0000e+00 3.3333e-01 3.3333e-01 4.0000e-01 5.1169e-01 0.0000e+00 0.0000e+00 0.0000e+00 0.0000e+00 0.0000e+00 0.0000e+00 0.0000e+00 0.0000e+00 0.0000e+00 0.0000e+00 7.2539e-01 0.0000e+00 0.0000e+00 3.3333e-01
5.0000e-01 6.9833e-01 5.0000e-01 4.2857e-01 1.0000e+00 5.0000e-01 0.0000e+00 7.2222e-01 0.0000e+00 0.0000e+00 5.0000e-01 9.7297e-01 6.0000e-01 0.0000e+00 0.0000e+00 0.0000e+00 7.2593e-01 8.8235e-01 3.3333e-01 0.0000e+00 0.0000e+00 0.0000e+00 4.0000e-01 5.0000e-01 5.1902e-01 0.0000e+00 0.0000e+00 5.0000e-01 7.5000e-01 0.0000e+00 0.0000e+00 5.0000e-01 8.2334e-01 8.1931e-01 5.0000e-01 9.0000e-01 0.0000e+00 1.0000e+00 0.0000e+00 0.0000e+00 0.0000e+00 2.7273e-01 1.0000e+00 7.6411e-01 0.0000e+00 5.0000e-01 0.0000e+00 0.0000e+00 0.0000e+00 8.5862e-01
