8.5811e-01 1.2500e-01 4.2105e-01 8.0645e-01 4.8148e-01 6.5306e-01 0.0000e+00 2.7778e-01 9.0256e-01 9.6876e-01
0.0000e+00 5.5172e-01 2.0000e-01 9.9748e-01 5.0794e-01 3.0769e-01 7.5000e-01 0.0000e+00 1.1111e-01 9.6667e-01
9.7482e-01 4.5000e-01 0.0000e+00 1.0000e+00 7.8958e-01 3.7500e-01 9.7326e-01 7.6240e-01 5.7143e-01 1.0000e+00
7.8947e-01 7.9104e-01 7.8846e-01 1.0000e+00 7.0022e-01 9.7707e-01 1.2500e-01 3.9286e-01 3.6842e-01 1.0000e+00
0.0000e+00 2.0000e-01 8.5787e-01 1.0000e+00 9.0909e-02 1.0000e+00 0.0000e+00 5.9574e-01 1.8182e-01 1.0000e+00
5.6250e-01 2.7273e-01 1.2500e-01 1.0000e+00 3.0435e-01 1.0000e+00 9.7057e-01 7.5672e-01 1.1111e-01 1.0000e+00
8.1212e-01 0.0000e+00 1.2500e-01 1.0000e+00 5.8621e-01 1.0000e+00 1.0000e+00 1.5385e-01 4.4444e-01 1.0000e+00
2.7273e-01 9.6887e-01 9.5560e-01 1.0000e+00 0.0000e+00 1.0000e+00 1.0000e+00 8.2590e-01 5.5556e-01 1.0000e+00
2.0000e-01 3.7500e-01 3.0769e-01 1.0000e+00 5.4430e-01 1.0000e+00 1.0000e+00 4.1935e-01 6.7742e-01 1.0000e+00
1.2500e-01 9.9541e-01 3.0769e-01 1.0000e+00 9.0909e-02 1.0000e+00 1.0000e+00 2.5000e-01 4.1667e-01 1.0000e+00
