2.5400e+02 1.0000e+00 8.0000e+00 1.2500e+02 2.6000e+01 3.2000e+01 0.0000e+00 5.0000e+00 8.6700e+03 5.7670e+03
0.0000e+00 1.6000e+01 2.0000e+00 9.8910e+03 3.2000e+01 4.0000e+00 7.2000e+01 0.0000e+00 1.0000e+00 3.8860e+03
9.0990e+03 9.0000e+00 0.0000e+00 0.0000e+00 7.3620e+03 6.0000e+00 7.8620e+03 5.8400e+02 2.8000e+01 0.0000e+00
1.0500e+02 1.0600e+02 1.2300e+02 0.0000e+00 3.1300e+02 9.6320e+03 1.0000e+00 1.1000e+01 7.0000e+00 0.0000e+00
0.0000e+00 2.0000e+00 3.3800e+02 0.0000e+00 1.0000e+00 0.0000e+00 0.0000e+00 5.6000e+01 2.0000e+00 0.0000e+00
1.8000e+01 3.0000e+00 1.0000e+00 0.0000e+00 7.0000e+00 0.0000e+00 1.7480e+03 5.0700e+02 1.0000e+00 0.0000e+00
1.3400e+02 0.0000e+00 1.0000e+00 0.0000e+00 6.8000e+01 0.0000e+00 0.0000e+00 2.0000e+00 1.2000e+01 0.0000e+00
3.0000e+00 5.7580e+03 8.8250e+03 0.0000e+00 0.0000e+00 0.0000e+00 0.0000e+00 7.1110e+03 2.5000e+01 0.0000e+00
2.0000e+00 6.0000e+00 4.0000e+00 0.0000e+00 4.3000e+01 0.0000e+00 0.0000e+00 1.3000e+01 6.3000e+01 0.0000e+00
1.0000e+00 3.6850e+03 4.0000e+00 0.0000e+00 1.0000e+00 0.0000e+00 0.0000e+00 4.0000e+00 1.0000e+01 0.0000e+00
