7.0000e+00 1.0000e+00 1.0000e+00 2.0000e+00 1.0000e+00 2.0000e+00 1.0000e+00 1.0000e+00 9.9320e+03 6.5500e+02
1.0000e+00 2.0000e+00 1.0000e+00 4.9300e+02 1.0000e+00 1.0000e+00 2.7000e+01 1.0000e+00 1.0000e+00 9.2940e+03
7.0000e+00 0.0000e+00 1.0000e+00 1.0000e+01 1.0033e+04 1.2000e+01 1.0130e+03 1.7000e+01 1.0000e+00 5.0000e+00
4.0000e+00 1.0000e+00 9.9280e+03 1.0000e+00 2.2000e+01 9.7500e+03 1.0000e+00 1.0000e+00 1.0000e+00 4.0000e+00
1.0000e+00 1.0000e+00 1.0000e+00 1.0000e+00 3.0000e+00 4.0000e+00 1.0000e+00 3.9360e+03 1.0000e+00 1.0000e+00
1.0000e+00 1.0000e+00 1.0000e+00 1.0000e+00 1.0000e+00 1.0000e+00 9.0470e+03 4.9000e+01 1.0000e+00 2.0000e+00
9.9490e+03 2.0000e+00 1.0000e+00 4.0000e+00 2.0000e+00 3.9000e+01 3.0000e+00 1.0000e+00 3.0000e+00 1.0000e+00
5.2000e+01 2.2480e+03 1.0000e+00 1.0000e+00 1.0000e+00 3.2900e+02 1.0000e+00 6.0010e+03 2.0000e+00 1.0000e+00
2.0000e+00 3.0000e+00 1.0000e+00 9.4890e+03 3.0000e+00 1.0000e+00 1.0000e+00 2.0000e+00 2.0000e+00 1.0000e+00
1.0000e+00 7.5400e+03 1.0000e+00 1.0000e+00 2.0000e+00 3.0000e+00 1.0000e+00 1.0000e+00 1.0000e+00 1.0000e+01
