7.1429e-01 0.0000e+00 0.0000e+00 5.0000e-01 0.0000e+00 5.0000e-01 0.0000e+00 0.0000e+00 9.0586e-01 9.7863e-01
0.0000e+00 5.0000e-01 0.0000e+00 1.0000e+00 0.0000e+00 0.0000e+00 8.5185e-01 0.0000e+00 0.0000e+00 9.6890e-01
8.5714e-01 1.0000e+00 0.0000e+00 9.0000e-01 7.8890e-01 5.0000e-01 9.7532e-01 8.8235e-01 0.0000e+00 8.0000e-01
7.5000e-01 1.0000e+00 7.8052e-01 1.0000e+00 7.7273e-01 9.7836e-01 0.0000e+00 0.0000e+00 0.0000e+00 1.0000e+00
0.0000e+00 0.0000e+00 0.0000e+00 0.0000e+00 3.3333e-01 2.5000e-01 0.0000e+00 5.7546e-01 0.0000e+00 0.0000e+00
0.0000e+00 0.0000e+00 0.0000e+00 0.0000e+00 0.0000e+00 0.0000e+00 9.6518e-01 8.7755e-01 0.0000e+00 5.0000e-01
8.2481e-01 5.0000e-01 0.0000e+00 7.5000e-01 5.0000e-01 4.6154e-01 6.6667e-01 0.0000e+00 6.6667e-01 0.0000e+00
6.1538e-01 9.7198e-01 0.0000e+00 0.0000e+00 0.0000e+00 4.0729e-01 0.0000e+00 8.2403e-01 5.0000e-01 0.0000e+00
5.0000e-01 6.6667e-01 0.0000e+00 7.6626e-01 3.3333e-01 0.0000e+00 0.0000e+00 5.0000e-01 5.0000e-01 0.0000e+00
0.0000e+00 9.9536e-01 0.0000e+00 0.0000e+00 5.0000e-01 3.3333e-01 0.0000e+00 0.0000e+00 0.0000e+00 6.0000e-01
