3.4000e+01 6.2000e+01 1.4100e+02 2.0000e+01 3.1400e+02 1.0600e+02 1.0000e+01 3.1400e+02 2.3100e+02 1.4400e+02 6.8000e+01 3.0000e+01 2.8000e+01 3.0000e+01 8.7000e+01 5.5000e+01 1.9000e+01 1.2000e+01 1.9000e+01 2.5000e+01 1.7000e+01 2.0000e+01 1.8600e+02 7.0000e+00 2.7000e+01 2.8000e+01 1.6600e+02 2.0000e+01 5.0000e+02 6.6000e+01 5.5460e+03 1.5050e+03 2.4000e+02 1.7200e+02 4.6000e+01 1.5000e+01 1.3000e+01 1.0900e+02 3.4000e+01 2.5000e+01 1.0500e+02 1.2000e+01 1.0000e+01 3.9000e+01 1.5600e+02 1.0000e+01 2.9000e+01 1.9600e+02 1.3000e+01 8.2000e+01
3.1000e+01 8.0000e+01 7.0000e+00 1.0000e+01 3.9800e+03 8.0000e+00 1.2000e+01 4.1000e+01 1.7000e+01 8.0000e+00 1.3000e+01 8.0000e+00 1.0000e+01 1.1000e+01 1.2000e+01 1.5200e+02 1.7000e+01 8.0000e+00 2.5000e+01 2.1000e+01 1.1000e+01 1.5000e+01 2.8900e+02 7.0000e+00 2.0000e+01 2.1000e+01 2.4000e+01 1.6000e+01 2.7700e+02 3.7600e+02 2.9000e+01 9.0000e+00 9.0000e+00 9.0000e+00 3.9000e+01 9.0000e+00 1.0000e+01 1.2000e+01 1.5000e+01 1.5000e+01 8.0000e+00 1.2000e+01 7.0000e+00 3.3000e+01 5.8730e+03 5.0000e+01 7.0000e+00 1.5000e+01 2.7000e+01 1.1000e+01
7.0000e+00 4.0000e+01 1.1000e+01 1.2600e+02 5.2000e+01 5.3000e+01 4.2000e+01 4.8000e+01 4.0200e+02 4.8000e+01 5.6240e+03 1.0000e+01 1.1100e+02 5.4100e+02 4.3000e+01 3.8700e+02 1.7000e+02 2.7000e+01 6.2000e+01 5.6000e+01 1.2000e+02 1.8000e+01 1.2900e+02 6.7000e+01 5.5310e+03 4.6000e+01 3.1000e+01 1.3400e+02 4.0200e+02 5.8000e+01 3.6000e+01 2.1000e+01 1.1100e+02 1.1300e+02 2.0280e+03 1.9000e+01 8.2000e+01 1.8000e+01 3.0000e+01 7.4000e+01 1.3000e+02 3.1000e+01 3.1600e+02 3.3000e+01 0.0000e+00 1.8000e+01 2.1000e+01 2.9000e+01 2.7000e+01 1.6000e+01
6.0750e+03 2.6000e+01 5.8230e+03 5.6260e+03 3.4000e+01 5.3300e+03 6.0200e+03 2.6200e+02 4.8800e+03 5.6050e+03 4.1000e+01 5.0020e+03 5.3320e+03 4.7010e+03 2.0000e+01 4.2690e+03 4.6000e+01 1.6200e+02 4.8600e+02 9.0000e+00 5.6600e+03 5.8470e+03 2.6000e+01 5.9180e+03 2.0000e+01 3.0370e+03 4.5040e+03 2.1500e+02 3.8000e+01 2.0090e+03 2.0000e+01 5.9600e+02 2.5000e+02 9.0000e+00 6.1000e+01 8.0000e+00 3.2410e+03 2.8370e+03 9.8000e+01 2.7000e+01 5.6240e+03 5.8540e+03 1.8000e+01 8.1800e+02 0.0000e+00 5.8890e+03 5.0470e+03 5.2410e+03 5.9430e+03 2.3000e+01
0.0000e+00 1.7000e+01 7.0000e+00 1.0000e+01 1.2000e+01 8.0000e+00 0.0000e+00 9.0000e+00 1.2000e+01 8.0000e+00 2.0000e+01 1.1000e+01 1.0000e+01 1.1000e+01 1.2000e+01 3.4000e+01 1.9000e+01 8.0000e+00 1.5000e+01 4.5000e+01 3.8000e+01 1.3000e+01 1.6400e+02 0.0000e+00 2.0000e+01 1.3000e+01 1.1000e+01 1.6000e+01 1.0000e+01 1.3000e+01 1.7000e+01 2.8000e+01 1.1000e+01 9.0000e+00 4.2000e+01 8.0000e+00 8.0000e+00 1.0000e+01 7.2900e+02 1.5000e+01 1.0000e+01 1.2000e+01 1.5000e+01 1.0000e+01 0.0000e+00 0.0000e+00 7.0000e+00 9.0000e+01 9.0000e+00 9.0000e+00
0.0000e+00 2.4000e+01 9.0000e+00 1.0000e+01 1.2000e+01 1.8000e+01 0.0000e+00 9.0000e+00 1.2000e+01 1.1000e+01 6.1000e+01 1.1000e+01 2.0000e+01 2.2000e+01 3.6000e+01 2.0600e+02 1.2000e+01 1.0000e+01 1.7000e+01 1.2000e+01 1.6000e+01 8.0000e+00 2.0000e+01 0.0000e+00 3.1000e+01 1.3000e+01 1.1000e+01 1.6000e+01 2.3000e+01 3.0160e+03 1.7000e+01 1.9000e+01 1.1000e+01 9.0000e+00 6.6000e+01 8.0000e+00 1.0000e+01 2.9700e+03 5.0430e+03 1.7000e+01 1.0000e+01 1.4000e+01 5.6770e+03 1.0000e+01 0.0000e+00 0.0000e+00 1.3000e+01 1.1000e+01 1.1000e+01 9.0000e+00
0.0000e+00 1.2000e+01 2.3000e+01 1.7000e+01 2.5000e+01 1.3000e+01 0.0000e+00 1.6000e+01 1.2000e+01 1.0000e+01 1.5000e+01 1.0000e+01 1.0000e+01 2.2000e+01 2.0000e+01 3.5400e+02 1.2000e+01 1.0000e+01 1.7000e+01 1.4000e+01 9.0000e+00 1.0000e+01 8.3000e+01 0.0000e+00 1.4000e+01 2.1000e+01 1.1000e+01 2.0000e+01 1.7000e+01 2.1900e+02 1.7000e+01 1.6000e+01 9.0000e+00 1.9000e+01 1.8000e+01 1.1000e+01 8.0000e+00 0.0000e+00 0.0000e+00 2.0000e+01 8.0000e+00 2.3000e+01 0.0000e+00 1.0000e+01 0.0000e+00 0.0000e+00 1.1000e+01 9.0000e+00 1.1000e+01 9.0000e+00
0.0000e+00 8.6000e+01 1.7000e+01 6.3000e+01 4.0000e+01 2.7000e+01 0.0000e+00 3.4000e+01 2.8900e+02 4.1000e+01 1.8000e+01 1.5000e+01 2.2000e+01 1.4000e+01 1.8000e+02 3.8400e+02 3.3300e+02 2.5900e+02 3.7000e+01 9.5000e+01 2.4000e+01 1.8000e+01 4.9630e+03 0.0000e+00 1.1500e+02 2.6660e+03 3.1000e+01 5.3650e+03 3.1000e+02 1.0800e+02 2.2000e+02 3.1000e+01 1.1000e+01 2.2000e+01 5.3100e+02 3.2000e+01 2.1000e+01 0.0000e+00 0.0000e+00 2.2010e+03 1.2000e+01 9.4000e+01 0.0000e+00 4.5000e+01 0.0000e+00 0.0000e+00 7.8000e+01 3.8400e+02 1.4000e+01 2.9000e+01
0.0000e+00 2.0000e+01 1.9000e+01 4.4000e+01 6.2000e+01 1.6000e+01 0.0000e+00 1.7000e+01 2.4000e+01 1.0000e+01 1.3000e+01 2.8000e+01 1.5000e+01 2.0000e+01 1.5000e+01 1.0600e+02 3.3000e+01 1.0000e+01 1.9000e+01 9.0000e+00 7.0000e+00 7.2000e+01 6.4000e+01 0.0000e+00 4.8000e+01 3.8000e+01 1.3000e+01 2.2000e+01 3.3000e+01 2.3000e+01 4.0000e+01 1.4000e+01 9.0000e+00 1.5000e+01 1.8200e+02 2.1000e+01 8.0000e+00 0.0000e+00 0.0000e+00 2.7000e+01 1.6000e+01 1.4000e+01 0.0000e+00 3.5000e+01 0.0000e+00 0.0000e+00 1.0900e+02 9.0000e+00 9.0000e+00 1.5000e+01
0.0000e+00 5.5120e+03 9.0000e+00 1.7000e+01 1.4440e+03 4.6500e+02 0.0000e+00 5.3180e+03 1.3100e+02 3.5000e+01 5.4000e+01 9.0800e+02 3.9300e+02 7.1500e+02 5.5430e+03 2.4000e+01 5.2850e+03 5.5570e+03 5.3210e+03 5.7030e+03 1.5000e+02 8.0000e+00 3.8000e+01 0.0000e+00 1.0300e+02 2.0200e+02 1.2890e+03 9.1000e+01 4.3080e+03 1.7000e+01 3.8000e+01 3.7790e+03 5.3420e+03 5.7000e+03 2.9560e+03 5.9300e+03 2.5830e+03 0.0000e+00 0.0000e+00 3.7360e+03 1.4000e+01 2.3000e+01 0.0000e+00 4.8250e+03 0.0000e+00 0.0000e+00 5.8600e+02 1.5000e+01 2.0000e+01 5.7550e+03
