5.5882e-01 4.0323e-01 7.5177e-01 2.5000e-01 6.1146e-01 6.9811e-01 2.0000e-01 7.0064e-01 5.6710e-01 7.3611e-01 4.1176e-01 4.6667e-01 3.2143e-01 3.0000e-01 4.5977e-01 3.8182e-01 1.5789e-01 1.6667e-01 1.5789e-01 3.2000e-01 3.5294e-01 3.5000e-01 3.9785e-01 0.0000e+00 1.8519e-01 2.1429e-01 5.7831e-01 5.0000e-02 6.9200e-01 4.8485e-01 6.4317e-01 7.7542e-01 6.8750e-01 6.6860e-01 3.4783e-01 2.6667e-01 2.3077e-01 7.5229e-01 5.5882e-01 1.6000e-01 6.5714e-01 0.0000e+00 2.0000e-01 3.8462e-01 7.9487e-01 2.0000e-01 4.8276e-01 6.9898e-01 2.3077e-01 5.9756e-01
5.4839e-01 4.5000e-01 0.0000e+00 0.0000e+00 7.1658e-01 0.0000e+00 2.5000e-01 4.3902e-01 1.1765e-01 0.0000e+00 0.0000e+00 0.0000e+00 0.0000e+00 0.0000e+00 0.0000e+00 5.1974e-01 1.1765e-01 0.0000e+00 2.4000e-01 2.8571e-01 1.8182e-01 2.6667e-01 4.2215e-01 0.0000e+00 1.0000e-01 1.4286e-01 2.5000e-01 0.0000e+00 6.5343e-01 6.7021e-01 2.0690e-01 0.0000e+00 0.0000e+00 0.0000e+00 3.0769e-01 1.1111e-01 1.0000e-01 2.5000e-01 3.3333e-01 0.0000e+00 0.0000e+00 0.0000e+00 0.0000e+00 3.6364e-01 1.0000e+00 6.4000e-01 0.0000e+00 2.0000e-01 4.8148e-01 9.0909e-02
0.0000e+00 3.2500e-01 1.8182e-01 5.8730e-01 4.0385e-01 5.8491e-01 5.9524e-01 4.7917e-01 6.0697e-01 5.8333e-01 6.8777e-01 1.0000e-01 5.6757e-01 6.5434e-01 3.4884e-01 5.9690e-01 5.5294e-01 4.0741e-01 4.1935e-01 5.0000e-01 7.4167e-01 3.3333e-01 3.4884e-01 6.8657e-01 6.4527e-01 3.2609e-01 3.2258e-01 4.1045e-01 6.7910e-01 4.6552e-01 2.5000e-01 2.8571e-01 6.1261e-01 6.1947e-01 6.6568e-01 3.6842e-01 6.4634e-01 3.8889e-01 5.3333e-01 3.7838e-01 6.7692e-01 2.9032e-01 8.5759e-01 3.6364e-01 1.0000e+00 3.8889e-01 3.8095e-01 4.1379e-01 4.8148e-01 2.5000e-01
1.0000e+00 2.3077e-01 9.3114e-01 7.8102e-01 3.2353e-01 9.0844e-01 1.0000e+00 6.8702e-01 6.9816e-01 9.1276e-01 3.1707e-01 9.0624e-01 7.7757e-01 7.2793e-01 1.5000e-01 6.9126e-01 3.6957e-01 7.0370e-01 6.2757e-01 0.0000e+00 9.4011e-01 9.0303e-01 7.6923e-02 9.7955e-01 1.0000e-01 6.5262e-01 7.3668e-01 4.5581e-01 3.9474e-01 7.4813e-01 1.0000e-01 7.3658e-01 6.9200e-01 0.0000e+00 3.9344e-01 0.0000e+00 8.8645e-01 9.5277e-01 7.4490e-01 1.8519e-01 8.7002e-01 7.1643e-01 3.8889e-01 7.1271e-01 1.0000e+00 9.8675e-01 9.2491e-01 8.4640e-01 9.3690e-01 3.4783e-01
1.0000e+00 1.1765e-01 0.0000e+00 0.0000e+00 0.0000e+00 0.0000e+00 1.0000e+00 0.0000e+00 0.0000e+00 0.0000e+00 1.5000e-01 1.8182e-01 0.0000e+00 0.0000e+00 0.0000e+00 2.9412e-01 1.5789e-01 0.0000e+00 6.6667e-02 4.6667e-01 5.5263e-01 2.3077e-01 3.7195e-01 1.0000e+00 1.0000e-01 0.0000e+00 0.0000e+00 0.0000e+00 0.0000e+00 7.6923e-02 5.8824e-02 3.5714e-01 9.0909e-02 0.0000e+00 3.3333e-01 0.0000e+00 0.0000e+00 2.0000e-01 9.0672e-01 0.0000e+00 1.0000e-01 0.0000e+00 3.3333e-01 0.0000e+00 1.0000e+00 1.0000e+00 0.0000e+00 6.1111e-01 1.1111e-01 0.0000e+00
1.0000e+00 2.0833e-01 1.1111e-01 0.0000e+00 0.0000e+00 3.3333e-01 1.0000e+00 0.0000e+00 0.0000e+00 1.8182e-01 3.9344e-01 1.8182e-01 2.5000e-01 2.2727e-01 3.0556e-01 5.4854e-01 0.0000e+00 1.0000e-01 1.1765e-01 8.3333e-02 3.1250e-01 0.0000e+00 0.0000e+00 1.0000e+00 2.2581e-01 0.0000e+00 0.0000e+00 0.0000e+00 2.6087e-01 7.5564e-01 5.8824e-02 2.6316e-01 9.0909e-02 0.0000e+00 4.0909e-01 0.0000e+00 1.0000e-01 1.0000e+00 1.0000e+00 5.8824e-02 1.0000e-01 7.1429e-02 1.0000e+00 0.0000e+00 1.0000e+00 1.0000e+00 2.3077e-01 9.0909e-02 1.8182e-01 0.0000e+00
1.0000e+00 0.0000e+00 4.3478e-01 1.7647e-01 2.4000e-01 2.3077e-01 1.0000e+00 1.8750e-01 0.0000e+00 1.0000e-01 6.6667e-02 1.0000e-01 0.0000e+00 2.2727e-01 1.5000e-01 5.9040e-01 0.0000e+00 1.0000e-01 1.1765e-01 1.4286e-01 1.1111e-01 1.0000e-01 2.8916e-01 1.0000e+00 0.0000e+00 1.4286e-01 0.0000e+00 5.0000e-02 1.7647e-01 6.3014e-01 5.8824e-02 1.8750e-01 0.0000e+00 2.6316e-01 1.1111e-01 1.8182e-01 0.0000e+00 1.0000e+00 1.0000e+00 1.0000e-01 0.0000e+00 2.1739e-01 1.0000e+00 0.0000e+00 1.0000e+00 1.0000e+00 1.8182e-01 0.0000e+00 1.8182e-01 0.0000e+00
1.0000e+00 4.5349e-01 3.5294e-01 4.9206e-01 3.5000e-01 4.4444e-01 1.0000e+00 4.1176e-01 5.8478e-01 5.3659e-01 1.1111e-01 2.6667e-01 2.7273e-01 7.1429e-02 5.4444e-01 5.9635e-01 6.0661e-01 7.4517e-01 3.2432e-01 5.7895e-01 4.5833e-01 3.3333e-01 5.3415e-01 1.0000e+00 4.4348e-01 6.5191e-01 3.2258e-01 5.9441e-01 6.6129e-01 5.5556e-01 5.0455e-01 3.8710e-01 9.0909e-02 3.1818e-01 6.1205e-01 5.0000e-01 3.8095e-01 1.0000e+00 1.0000e+00 6.1654e-01 1.6667e-01 4.8936e-01 1.0000e+00 4.2222e-01 1.0000e+00 1.0000e+00 6.6667e-01 7.5260e-01 2.8571e-01 4.1379e-01
1.0000e+00 1.5000e-01 3.6842e-01 4.3182e-01 4.3548e-01 3.1250e-01 1.0000e+00 2.3529e-01 2.0833e-01 1.0000e-01 0.0000e+00 4.6429e-01 1.3333e-01 2.0000e-01 6.6667e-02 4.8113e-01 3.0303e-01 1.0000e-01 1.5789e-01 0.0000e+00 0.0000e+00 6.3889e-01 2.5000e-01 1.0000e+00 3.1250e-01 2.8947e-01 7.6923e-02 9.0909e-02 3.6364e-01 2.6087e-01 2.7500e-01 1.4286e-01 0.0000e+00 2.0000e-01 5.3297e-01 3.8095e-01 0.0000e+00 1.0000e+00 1.0000e+00 1.8519e-01 2.5000e-01 7.1429e-02 1.0000e+00 3.7143e-01 1.0000e+00 1.0000e+00 7.1560e-01 0.0000e+00 1.1111e-01 2.0000e-01
1.0000e+00 6.9739e-01 1.1111e-01 1.7647e-01 6.8767e-01 8.2581e-01 1.0000e+00 8.0989e-01 5.1145e-01 5.1429e-01 3.7037e-01 8.5793e-01 6.8448e-01 6.6853e-01 6.9836e-01 2.0833e-01 7.1164e-01 8.6881e-01 7.0814e-01 8.0870e-01 7.6667e-01 0.0000e+00 1.5789e-01 1.0000e+00 4.2718e-01 5.1980e-01 7.0365e-01 3.6264e-01 7.6764e-01 1.7647e-01 2.6316e-01 8.0524e-01 8.1917e-01 8.2772e-01 6.7558e-01 9.1568e-01 8.8386e-01 1.0000e+00 1.0000e+00 6.3009e-01 2.1429e-01 2.1739e-01 1.0000e+00 7.6497e-01 1.0000e+00 1.0000e+00 8.5495e-01 2.0000e-01 4.0000e-01 8.4952e-01
