1.9000e+01 2.5000e+01 1.0600e+02 5.0000e+00 1.9200e+02 7.4000e+01 2.0000e+00 2.2000e+02 1.3100e+02 1.0600e+02 2.8000e+01 1.4000e+01 9.0000e+00 9.0000e+00 4.0000e+01 2.1000e+01 3.0000e+00 2.0000e+00 3.0000e+00 8.0000e+00 6.0000e+00 7.0000e+00 7.4000e+01 0.0000e+00 5.0000e+00 6.0000e+00 9.6000e+01 1.0000e+00 3.4600e+02 3.2000e+01 3.5670e+03 1.1670e+03 1.6500e+02 1.1500e+02 1.6000e+01 4.0000e+00 3.0000e+00 8.2000e+01 1.9000e+01 4.0000e+00 6.9000e+01 0.0000e+00 2.0000e+00 1.5000e+01 1.2400e+02 2.0000e+00 1.4000e+01 1.3700e+02 3.0000e+00 4.9000e+01
1.7000e+01 3.6000e+01 0.0000e+00 0.0000e+00 2.8520e+03 0.0000e+00 3.0000e+00 1.8000e+01 2.0000e+00 0.0000e+00 0.0000e+00 0.0000e+00 0.0000e+00 0.0000e+00 0.0000e+00 7.9000e+01 2.0000e+00 0.0000e+00 6.0000e+00 6.0000e+00 2.0000e+00 4.0000e+00 1.2200e+02 0.0000e+00 2.0000e+00 3.0000e+00 6.0000e+00 0.0000e+00 1.8100e+02 2.5200e+02 6.0000e+00 0.0000e+00 0.0000e+00 0.0000e+00 1.2000e+01 1.0000e+00 1.0000e+00 3.0000e+00 5.0000e+00 0.0000e+00 0.0000e+00 0.0000e+00 0.0000e+00 1.2000e+01 5.8730e+03 3.2000e+01 0.0000e+00 3.0000e+00 1.3000e+01 1.0000e+00
0.0000e+00 1.3000e+01 2.0000e+00 7.4000e+01 2.1000e+01 3.1000e+01 2.5000e+01 2.3000e+01 2.4400e+02 2.8000e+01 3.8680e+03 1.0000e+00 6.3000e+01 3.5400e+02 1.5000e+01 2.3100e+02 9.4000e+01 1.1000e+01 2.6000e+01 2.8000e+01 8.9000e+01 6.0000e+00 4.5000e+01 4.6000e+01 3.5690e+03 1.5000e+01 1.0000e+01 5.5000e+01 2.7300e+02 2.7000e+01 9.0000e+00 6.0000e+00 6.8000e+01 7.0000e+01 1.3500e+03 7.0000e+00 5.3000e+01 7.0000e+00 1.6000e+01 2.8000e+01 8.8000e+01 9.0000e+00 2.7100e+02 1.2000e+01 0.0000e+00 7.0000e+00 8.0000e+00 1.2000e+01 1.3000e+01 4.0000e+00
6.0750e+03 6.0000e+00 5.4220e+03 4.3940e+03 1.1000e+01 4.8420e+03 6.0200e+03 1.8000e+02 3.4070e+03 5.1160e+03 1.3000e+01 4.5330e+03 4.1460e+03 3.4220e+03 3.0000e+00 2.9510e+03 1.7000e+01 1.1400e+02 3.0500e+02 0.0000e+00 5.3210e+03 5.2800e+03 2.0000e+00 5.7970e+03 2.0000e+00 1.9820e+03 3.3180e+03 9.8000e+01 1.5000e+01 1.5030e+03 2.0000e+00 4.3900e+02 1.7300e+02 0.0000e+00 2.4000e+01 0.0000e+00 2.8730e+03 2.7030e+03 7.3000e+01 5.0000e+00 4.8930e+03 4.1940e+03 7.0000e+00 5.8300e+02 0.0000e+00 5.8110e+03 4.6680e+03 4.4360e+03 5.5680e+03 8.0000e+00
0.0000e+00 2.0000e+00 0.0000e+00 0.0000e+00 0.0000e+00 0.0000e+00 0.0000e+00 0.0000e+00 0.0000e+00 0.0000e+00 3.0000e+00 2.0000e+00 0.0000e+00 0.0000e+00 0.0000e+00 1.0000e+01 3.0000e+00 0.0000e+00 1.0000e+00 2.1000e+01 2.1000e+01 3.0000e+00 6.1000e+01 0.0000e+00 2.0000e+00 0.0000e+00 0.0000e+00 0.0000e+00 0.0000e+00 1.0000e+00 1.0000e+00 1.0000e+01 1.0000e+00 0.0000e+00 1.4000e+01 0.0000e+00 0.0000e+00 2.0000e+00 6.6100e+02 0.0000e+00 1.0000e+00 0.0000e+00 5.0000e+00 0.0000e+00 0.0000e+00 0.0000e+00 0.0000e+00 5.5000e+01 1.0000e+00 0.0000e+00
0.0000e+00 5.0000e+00 1.0000e+00 0.0000e+00 0.0000e+00 6.0000e+00 0.0000e+00 0.0000e+00 0.0000e+00 2.0000e+00 2.4000e+01 2.0000e+00 5.0000e+00 5.0000e+00 1.1000e+01 1.1300e+02 0.0000e+00 1.0000e+00 2.0000e+00 1.0000e+00 5.0000e+00 0.0000e+00 0.0000e+00 0.0000e+00 7.0000e+00 0.0000e+00 0.0000e+00 0.0000e+00 6.0000e+00 2.2790e+03 1.0000e+00 5.0000e+00 1.0000e+00 0.0000e+00 2.7000e+01 0.0000e+00 1.0000e+00 2.9700e+03 5.0430e+03 1.0000e+00 1.0000e+00 1.0000e+00 5.6770e+03 0.0000e+00 0.0000e+00 0.0000e+00 3.0000e+00 1.0000e+00 2.0000e+00 0.0000e+00
0.0000e+00 0.0000e+00 1.0000e+01 3.0000e+00 6.0000e+00 3.0000e+00 0.0000e+00 3.0000e+00 0.0000e+00 1.0000e+00 1.0000e+00 1.0000e+00 0.0000e+00 5.0000e+00 3.0000e+00 2.0900e+02 0.0000e+00 1.0000e+00 2.0000e+00 2.0000e+00 1.0000e+00 1.0000e+00 2.4000e+01 0.0000e+00 0.0000e+00 3.0000e+00 0.0000e+00 1.0000e+00 3.0000e+00 1.3800e+02 1.0000e+00 3.0000e+00 0.0000e+00 5.0000e+00 2.0000e+00 2.0000e+00 0.0000e+00 0.0000e+00 0.0000e+00 2.0000e+00 0.0000e+00 5.0000e+00 0.0000e+00 0.0000e+00 0.0000e+00 0.0000e+00 2.0000e+00 0.0000e+00 2.0000e+00 0.0000e+00
0.0000e+00 3.9000e+01 6.0000e+00 3.1000e+01 1.4000e+01 1.2000e+01 0.0000e+00 1.4000e+01 1.6900e+02 2.2000e+01 2.0000e+00 4.0000e+00 6.0000e+00 1.0000e+00 9.8000e+01 2.2900e+02 2.0200e+02 1.9300e+02 1.2000e+01 5.5000e+01 1.1000e+01 6.0000e+00 2.6510e+03 0.0000e+00 5.1000e+01 1.7380e+03 1.0000e+01 3.1890e+03 2.0500e+02 6.0000e+01 1.1100e+02 1.2000e+01 1.0000e+00 7.0000e+00 3.2500e+02 1.6000e+01 8.0000e+00 0.0000e+00 0.0000e+00 1.3570e+03 2.0000e+00 4.6000e+01 0.0000e+00 1.9000e+01 0.0000e+00 0.0000e+00 5.2000e+01 2.8900e+02 4.0000e+00 1.2000e+01
0.0000e+00 3.0000e+00 7.0000e+00 1.9000e+01 2.7000e+01 5.0000e+00 0.0000e+00 4.0000e+00 5.0000e+00 1.0000e+00 0.0000e+00 1.3000e+01 2.0000e+00 4.0000e+00 1.0000e+00 5.1000e+01 1.0000e+01 1.0000e+00 3.0000e+00 0.0000e+00 0.0000e+00 4.6000e+01 1.6000e+01 0.0000e+00 1.5000e+01 1.1000e+01 1.0000e+00 2.0000e+00 1.2000e+01 6.0000e+00 1.1000e+01 2.0000e+00 0.0000e+00 3.0000e+00 9.7000e+01 8.0000e+00 0.0000e+00 0.0000e+00 0.0000e+00 5.0000e+00 4.0000e+00 1.0000e+00 0.0000e+00 1.3000e+01 0.0000e+00 0.0000e+00 7.8000e+01 0.0000e+00 1.0000e+00 3.0000e+00
0.0000e+00 3.8440e+03 1.0000e+00 3.0000e+00 9.9300e+02 3.8400e+02 0.0000e+00 4.3070e+03 6.7000e+01 1.8000e+01 2.0000e+01 7.7900e+02 2.6900e+02 4.7800e+02 3.8710e+03 5.0000e+00 3.7610e+03 4.8280e+03 3.7680e+03 4.6120e+03 1.1500e+02 0.0000e+00 6.0000e+00 0.0000e+00 4.4000e+01 1.0500e+02 9.0700e+02 3.3000e+01 3.3070e+03 3.0000e+00 1.0000e+01 3.0430e+03 4.3760e+03 4.7180e+03 1.9970e+03 5.4300e+03 2.2830e+03 0.0000e+00 0.0000e+00 2.3540e+03 3.0000e+00 5.0000e+00 0.0000e+00 3.6910e+03 0.0000e+00 0.0000e+00 5.0100e+02 3.0000e+00 8.0000e+00 4.8890e+03
