1.6000e+01 1.3000e+01 1.9000e+01 2.9000e+01 1.7000e+01 1.9000e+01 2.0000e+01 1.9000e+01 6.2000e+01 9.8570e+03
2.3000e+01 2.8000e+01 2.3000e+01 9.6860e+03 2.8000e+01 2.6000e+01 1.6000e+01 3.1000e+01 1.9000e+01 7.5000e+01
6.4900e+02 3.2000e+01 1.4000e+01 2.0000e+01 9.8980e+03 2.3000e+01 7.1900e+02 1.8000e+01 2.5000e+01 2.3000e+01
2.2000e+01 2.3000e+01 2.6000e+01 2.0000e+01 1.8000e+01 9.9140e+03 2.1000e+01 2.3000e+01 1.8000e+01 2.0000e+01
2.1000e+01 1.5000e+01 9.2890e+03 1.9000e+01 2.8000e+01 1.9000e+01 2.4000e+01 1.9000e+01 3.7000e+01 2.6000e+01
3.0000e+01 2.6000e+01 2.2000e+01 1.9000e+01 1.8000e+01 3.1000e+01 9.2130e+03 2.5000e+01 2.2000e+01 1.3000e+01
9.2250e+03 1.7000e+01 2.0000e+01 1.9000e+01 2.5000e+01 2.0000e+01 2.5000e+01 2.2000e+01 2.2000e+01 1.9000e+01
2.3000e+01 6.5800e+02 3.4200e+02 2.5000e+01 2.2000e+01 3.1000e+01 1.8000e+01 9.6570e+03 1.8000e+01 2.6000e+01
2.8000e+01 2.6000e+01 1.7000e+01 5.5000e+01 2.8000e+01 2.2000e+01 1.8000e+01 2.4000e+01 9.6960e+03 1.9000e+01
3.1000e+01 9.1660e+03 1.9000e+01 2.1000e+01 2.8000e+01 2.4000e+01 1.8000e+01 2.5000e+01 2.0000e+01 1.3000e+01
