1.3000e+01 0.0000e+00 7.0000e+00 2.5000e+01 3.0000e+00 1.0000e+01 6.0000e+00 5.0000e+00 5.8000e+01 9.5730e+03
5.0000e+00 1.9000e+01 1.0000e+01 9.6650e+03 7.0000e+00 9.0000e+00 1.2000e+01 0.0000e+00 1.0000e+00 7.2000e+01
6.3200e+02 1.5000e+01 0.0000e+00 1.4000e+01 7.6770e+03 9.0000e+00 7.0300e+02 1.4000e+01 1.3000e+01 1.0000e+01
1.5000e+01 1.8000e+01 1.9000e+01 7.0000e+00 1.2000e+01 9.6890e+03 4.0000e+00 1.0000e+01 3.0000e+00 1.4000e+01
0.0000e+00 0.0000e+00 8.1250e+03 1.2000e+01 9.0000e+00 4.0000e+00 1.0000e+00 1.0000e+01 3.0000e+00 1.2000e+01
2.2000e+01 1.2000e+01 1.0000e+00 3.0000e+00 8.0000e+00 1.7000e+01 8.9210e+03 1.5000e+01 7.0000e+00 8.0000e+00
7.5240e+03 6.0000e+00 8.0000e+00 1.2000e+01 1.5000e+01 1.3000e+01 1.0000e+01 6.0000e+00 1.2000e+01 1.2000e+01
1.4000e+01 6.4100e+02 3.2700e+02 4.0000e+00 2.0000e+00 1.4000e+01 1.1000e+01 8.0200e+03 1.1000e+01 0.0000e+00
2.0000e+00 7.0000e+00 2.0000e+00 3.9000e+01 1.3000e+01 2.0000e+00 8.0000e+00 1.3000e+01 7.0860e+03 8.0000e+00
0.0000e+00 9.1130e+03 5.0000e+00 2.0000e+00 5.0000e+00 4.0000e+00 2.0000e+00 1.5000e+01 9.0000e+00 7.0000e+00
