1.3200e+02 4.2000e+01 3.9300e+02 1.5100e+02 2.1000e+01 8.0000e+00 3.0000e+01 1.5000e+01 6.0190e+03 5.9890e+03 3.5000e+02 5.2420e+03 5.1000e+01 4.9610e+03 4.8500e+03 2.6000e+01 5.0100e+02 1.1440e+03 1.5480e+03 2.6100e+02 3.4000e+01 6.0340e+03 3.0590e+03 5.9510e+03 2.5000e+01 4.7260e+03 7.5000e+01 2.8700e+02 4.2000e+01 5.0050e+03 5.0600e+02 1.8000e+01 5.0420e+03 5.8950e+03 1.9000e+01 6.1000e+01 1.5700e+03 3.3000e+01 2.9000e+01 1.8280e+03 1.5950e+03 1.2000e+01 5.7750e+03 5.9680e+03 1.2000e+01 2.9000e+01 3.3000e+01 1.9000e+01 5.8000e+01 1.0400e+02
9.0000e+00 1.4000e+01 3.8000e+01 1.0000e+01 9.0000e+00 1.1000e+01 7.0000e+00 1.2000e+01 0.0000e+00 0.0000e+00 9.0000e+00 1.0000e+01 1.7000e+01 8.0000e+00 6.5000e+01 1.1000e+01 2.3000e+01 4.1400e+02 2.6000e+01 2.2000e+01 1.5000e+01 0.0000e+00 1.0000e+01 0.0000e+00 1.8000e+01 1.9000e+01 9.0000e+00 2.7000e+01 3.0000e+01 1.6000e+01 1.0000e+01 2.4000e+01 1.5000e+01 0.0000e+00 1.5000e+01 1.8000e+01 1.3000e+01 9.0000e+00 7.0000e+00 9.0000e+00 7.0000e+00 7.0000e+00 2.2000e+01 0.0000e+00 1.2000e+01 3.1000e+01 1.0000e+01 7.0000e+00 1.0000e+01 3.3000e+01
3.7000e+02 5.0000e+01 5.5960e+03 1.7000e+01 7.0000e+00 2.2000e+01 5.9940e+03 5.5000e+01 0.0000e+00 0.0000e+00 5.3290e+03 7.0000e+00 7.0000e+00 1.0000e+01 5.7000e+01 1.1000e+01 1.4000e+01 3.4000e+01 1.1200e+02 2.6000e+02 1.5000e+01 0.0000e+00 3.8000e+01 0.0000e+00 4.3000e+01 1.9000e+01 4.5000e+01 6.2000e+01 1.8110e+03 1.6000e+01 3.7000e+01 6.0680e+03 6.1100e+02 0.0000e+00 1.2000e+01 3.0000e+01 9.0000e+00 7.5000e+01 1.5000e+01 1.7900e+02 1.1000e+01 7.0000e+00 9.0000e+00 0.0000e+00 1.9000e+01 2.4000e+01 1.2000e+01 6.1730e+03 7.6000e+01 4.6170e+03
1.2000e+01 9.0000e+00 0.0000e+00 1.2000e+01 9.0000e+00 2.2000e+01 0.0000e+00 7.0000e+00 0.0000e+00 0.0000e+00 9.0000e+00 1.9000e+01 1.7000e+01 1.2000e+01 1.3000e+01 1.3000e+01 9.0000e+00 1.9000e+02 3.7000e+01 2.6300e+02 8.5000e+01 0.0000e+00 3.0000e+01 0.0000e+00 1.3900e+02 4.0000e+01 1.7100e+02 1.8220e+03 4.9000e+01 4.1000e+01 3.4700e+02 0.0000e+00 4.1000e+01 0.0000e+00 9.5000e+01 4.2000e+01 1.8000e+01 1.9000e+01 1.3500e+02 1.9000e+01 9.0000e+00 5.4000e+01 9.0000e+00 0.0000e+00 6.7000e+01 4.7770e+03 8.3000e+01 0.0000e+00 9.7000e+01 4.0000e+01
2.9000e+01 4.0000e+01 0.0000e+00 1.8000e+01 6.9000e+01 4.2000e+01 0.0000e+00 1.1100e+02 0.0000e+00 0.0000e+00 1.5200e+02 3.5000e+01 2.3800e+02 2.7000e+01 3.7000e+01 6.7000e+01 3.9670e+03 2.2790e+03 1.0100e+02 2.5390e+03 8.4000e+01 0.0000e+00 9.0000e+00 0.0000e+00 1.7000e+01 2.4000e+01 9.0600e+02 1.9300e+02 6.2000e+02 1.7000e+01 2.5000e+01 0.0000e+00 4.9000e+01 0.0000e+00 7.2100e+02 2.5600e+02 1.0200e+02 2.8000e+01 4.8000e+01 1.9000e+01 2.3000e+01 6.3000e+01 1.4000e+01 0.0000e+00 2.5000e+01 6.5000e+01 1.9100e+02 0.0000e+00 2.1700e+02 7.8700e+02
5.4500e+03 5.7530e+03 0.0000e+00 3.0130e+03 1.5260e+03 3.6000e+01 0.0000e+00 1.6450e+03 0.0000e+00 0.0000e+00 6.7000e+01 2.1800e+02 5.6000e+03 5.3700e+02 4.7000e+01 1.1000e+01 9.5000e+01 4.2000e+01 3.9260e+03 2.5000e+01 5.0220e+03 0.0000e+00 2.8400e+03 0.0000e+00 5.6450e+03 2.8000e+02 4.8160e+03 1.5370e+03 2.0840e+03 1.2000e+01 5.0690e+03 0.0000e+00 3.4000e+01 0.0000e+00 4.9740e+03 5.5880e+03 2.7510e+03 5.6790e+03 5.7060e+03 3.7680e+03 4.2290e+03 5.7410e+03 4.3000e+01 0.0000e+00 5.8750e+03 2.1400e+02 1.2000e+01 0.0000e+00 8.4000e+01 3.4000e+01
0.0000e+00 0.0000e+00 0.0000e+00 4.9000e+01 4.1020e+03 1.5000e+01 0.0000e+00 4.1770e+03 0.0000e+00 0.0000e+00 7.0000e+00 1.0000e+01 0.0000e+00 1.8000e+01 1.9000e+01 5.6560e+03 1.2170e+03 2.1000e+01 1.4000e+01 6.4900e+02 1.9200e+02 0.0000e+00 0.0000e+00 0.0000e+00 0.0000e+00 1.8000e+01 0.0000e+00 6.8500e+02 1.1500e+02 1.0000e+01 0.0000e+00 0.0000e+00 1.5000e+01 0.0000e+00 0.0000e+00 0.0000e+00 1.1000e+01 7.0000e+00 6.1000e+01 0.0000e+00 1.1600e+02 1.7000e+01 0.0000e+00 0.0000e+00 0.0000e+00 1.6000e+01 2.2000e+01 0.0000e+00 4.3520e+03 1.0000e+01
0.0000e+00 0.0000e+00 0.0000e+00 1.2000e+01 1.0900e+02 1.3000e+01 0.0000e+00 0.0000e+00 0.0000e+00 0.0000e+00 1.2000e+01 2.0900e+02 0.0000e+00 2.3300e+02 3.7300e+02 8.5000e+01 5.5000e+01 2.1100e+02 1.6000e+01 2.7200e+02 2.6800e+02 0.0000e+00 0.0000e+00 0.0000e+00 0.0000e+00 1.9000e+01 0.0000e+00 1.9500e+02 6.1900e+02 1.9000e+01 0.0000e+00 0.0000e+00 1.1300e+02 0.0000e+00 0.0000e+00 0.0000e+00 1.5000e+01 3.5000e+01 7.3000e+01 0.0000e+00 4.0000e+01 1.7000e+01 0.0000e+00 0.0000e+00 0.0000e+00 3.1100e+02 5.5000e+01 0.0000e+00 9.5600e+02 1.1300e+02
0.0000e+00 0.0000e+00 0.0000e+00 2.7360e+03 2.0500e+02 5.4790e+03 0.0000e+00 0.0000e+00 0.0000e+00 0.0000e+00 1.0700e+02 7.3000e+01 0.0000e+00 1.4800e+02 4.5200e+02 1.0500e+02 8.8000e+01 9.6700e+02 1.7700e+02 1.3950e+03 2.6000e+01 0.0000e+00 0.0000e+00 0.0000e+00 0.0000e+00 1.6200e+02 0.0000e+00 7.4600e+02 6.0900e+02 8.8400e+02 0.0000e+00 0.0000e+00 1.9500e+02 0.0000e+00 0.0000e+00 0.0000e+00 1.5520e+03 4.7000e+01 2.2000e+01 0.0000e+00 4.3000e+01 4.3000e+01 0.0000e+00 0.0000e+00 0.0000e+00 4.2100e+02 5.5920e+03 0.0000e+00 1.5200e+02 1.3100e+02
0.0000e+00 0.0000e+00 0.0000e+00 9.0000e+00 1.3000e+01 3.1100e+02 0.0000e+00 0.0000e+00 0.0000e+00 0.0000e+00 4.0000e+01 1.7600e+02 0.0000e+00 4.4000e+01 1.5000e+01 2.8000e+01 5.5000e+01 7.7800e+02 3.7000e+01 3.5300e+02 2.3000e+02 0.0000e+00 0.0000e+00 0.0000e+00 0.0000e+00 6.0600e+02 0.0000e+00 3.8200e+02 4.4000e+01 4.8000e+01 0.0000e+00 0.0000e+00 1.0000e+01 0.0000e+00 0.0000e+00 0.0000e+00 7.0000e+00 1.9000e+01 4.9000e+01 0.0000e+00 3.4000e+01 1.4000e+01 0.0000e+00 0.0000e+00 0.0000e+00 6.8000e+01 9.3000e+01 0.0000e+00 3.6000e+01 5.0000e+01
