7.0000e+00 1.0000e+00 1.0000e+00 9.0000e+00 1.0000e+00 1.0000e+00 3.0000e+00 1.0000e+00 2.3000e+03 9.0640e+03
1.0000e+00 1.0000e+00 1.0000e+00 9.9600e+03 3.0000e+00 3.0000e+00 4.0000e+00 1.0000e+00 1.0000e+00 1.0120e+03
9.6830e+03 1.0000e+00 1.0000e+00 1.0000e+00 1.0000e+00 0.0000e+00 2.0000e+00 4.1560e+03 3.0000e+00 3.0000e+00
7.7000e+01 0.0000e+00 3.0000e+00 1.0000e+00 2.0000e+00 9.9420e+03 1.0000e+00 1.0000e+00 1.0000e+00 3.0000e+00
1.0000e+00 1.0000e+00 6.7060e+03 1.0000e+00 1.0000e+00 2.0000e+00 1.0000e+00 3.0000e+00 1.0000e+00 4.0000e+00
1.0000e+00 3.0000e+00 1.0000e+00 2.0000e+00 4.0000e+00 2.0000e+00 1.0059e+04 2.0000e+00 1.0000e+00 1.0000e+00
1.0000e+00 4.0000e+00 1.0000e+00 1.0000e+00 1.0044e+04 5.0000e+00 1.0000e+00 1.0000e+00 3.0000e+01 1.0000e+00
1.0000e+00 3.5110e+03 3.1880e+03 2.0000e+00 1.0000e+00 2.0000e+00 1.0000e+00 1.0000e+00 2.0000e+00 1.0000e+00
2.0000e+00 1.0000e+00 1.0000e+00 1.0000e+00 1.6000e+01 1.0000e+00 2.0000e+00 5.8340e+03 7.6030e+03 2.0000e+00
1.0000e+00 6.6740e+03 1.0000e+00 1.0000e+00 1.0000e+00 1.0000e+00 1.0000e+00 1.0000e+00 2.0000e+00 1.0000e+00
