7.1429e-01 0.0000e+00 0.0000e+00 7.7778e-01 0.0000e+00 0.0000e+00 6.6667e-01 0.0000e+00 9.1000e-01 9.7054e-01
0.0000e+00 0.0000e+00 0.0000e+00 9.9819e-01 6.6667e-01 1.0000e+00 7.5000e-01 0.0000e+00 0.0000e+00 9.7233e-01
9.7336e-01 0.0000e+00 0.0000e+00 0.0000e+00 0.0000e+00 1.0000e+00 5.0000e-01 7.7695e-01 6.6667e-01 6.6667e-01
7.1429e-01 1.0000e+00 1.0000e+00 0.0000e+00 5.0000e-01 9.7968e-01 0.0000e+00 0.0000e+00 0.0000e+00 6.6667e-01
0.0000e+00 0.0000e+00 8.8592e-01 0.0000e+00 0.0000e+00 5.0000e-01 0.0000e+00 3.3333e-01 0.0000e+00 5.0000e-01
0.0000e+00 6.6667e-01 0.0000e+00 5.0000e-01 7.5000e-01 5.0000e-01 9.6491e-01 5.0000e-01 0.0000e+00 0.0000e+00
0.0000e+00 7.5000e-01 0.0000e+00 0.0000e+00 6.2843e-01 6.0000e-01 0.0000e+00 0.0000e+00 5.0000e-01 0.0000e+00
0.0000e+00 9.7123e-01 9.6142e-01 5.0000e-01 0.0000e+00 5.0000e-01 0.0000e+00 0.0000e+00 5.0000e-01 0.0000e+00
5.0000e-01 0.0000e+00 0.0000e+00 0.0000e+00 7.5000e-01 0.0000e+00 5.0000e-01 5.3771e-01 7.3063e-01 5.0000e-01
0.0000e+00 9.9550e-01 0.0000e+00 0.0000e+00 0.0000e+00 0.0000e+00 0.0000e+00 0.0000e+00 5.0000e-01 0.0000e+00
