2.8571e-01 0.0000e+00 1.8182e-01 1.6667e-01 3.8095e-01 6.8254e-01 9.1310e-01 2.3077e-01 2.8571e-01 1.0000e-01 6.2500e-01 2.5000e-01 0.0000e+00 1.8182e-01 1.1111e-01 5.1724e-01 2.0000e-01 1.1111e-01 1.1111e-01 0.0000e+00 0.0000e+00 1.8182e-01 0.0000e+00 2.3077e-01 3.1250e-01 3.3333e-01 2.8571e-01 1.1111e-01 9.0909e-02 4.2105e-01 1.1111e-01 3.5294e-01 2.9412e-01 2.0000e-01 4.2105e-01 3.8889e-01 1.1111e-01 5.8974e-01 8.9555e-01 6.0000e-01 1.1111e-01 2.8571e-01 5.7500e-01 0.0000e+00 4.8000e-01 5.0000e-01 5.3333e-01 3.8889e-01 2.5000e-01 3.5294e-01
1.1111e-01 0.0000e+00 0.0000e+00 4.8485e-01 5.0000e-01 6.4000e-01 1.1111e-01 3.6842e-01 1.1111e-01 1.0000e-01 2.5000e-01 3.1250e-01 1.0000e-01 0.0000e+00 3.3333e-01 5.8537e-01 6.1290e-01 0.0000e+00 0.0000e+00 2.8571e-01 7.1765e-01 2.8571e-01 2.3077e-01 3.1250e-01 3.6842e-01 2.0000e-01 5.0000e-01 2.0000e-01 1.5385e-01 7.9195e-01 1.1111e-01 9.1564e-01 5.0000e-01 0.0000e+00 1.0000e+00 1.1111e-01 0.0000e+00 6.2222e-01 1.0000e+00 2.9412e-01 0.0000e+00 0.0000e+00 8.2143e-01 5.1515e-01 8.1283e-01 4.0000e-01 2.5000e-01 2.8571e-01 2.0000e-01 2.0000e-01
2.5000e-01 0.0000e+00 0.0000e+00 1.6667e-01 2.3077e-01 4.2105e-01 5.0000e-01 1.1111e-01 0.0000e+00 1.0000e-01 1.8182e-01 1.1111e-01 1.0000e-01 0.0000e+00 0.0000e+00 3.8889e-01 2.3529e-01 2.8571e-01 1.1111e-01 0.0000e+00 2.5000e-01 4.0909e-01 1.0000e-01 0.0000e+00 1.1111e-01 1.1111e-01 0.0000e+00 0.0000e+00 0.0000e+00 6.9118e-01 0.0000e+00 0.0000e+00 0.0000e+00 2.8571e-01 1.0000e+00 1.1111e-01 0.0000e+00 3.8889e-01 1.0000e+00 2.3077e-01 0.0000e+00 1.8182e-01 6.7606e-01 4.0000e-01 3.8889e-01 0.0000e+00 2.0000e-01 1.1111e-01 0.0000e+00 2.5000e-01
1.8182e-01 0.0000e+00 0.0000e+00 0.0000e+00 1.6667e-01 0.0000e+00 6.4000e-01 0.0000e+00 0.0000e+00 0.0000e+00 1.1111e-01 4.0000e-01 0.0000e+00 0.0000e+00 0.0000e+00 1.8182e-01 0.0000e+00 1.1111e-01 0.0000e+00 0.0000e+00 0.0000e+00 0.0000e+00 1.6667e-01 1.8182e-01 1.8182e-01 0.0000e+00 0.0000e+00 0.0000e+00 0.0000e+00 6.6071e-01 1.1111e-01 1.1111e-01 0.0000e+00 0.0000e+00 1.0000e+00 2.8571e-01 0.0000e+00 0.0000e+00 1.0000e+00 2.6667e-01 0.0000e+00 0.0000e+00 0.0000e+00 0.0000e+00 0.0000e+00 3.6842e-01 3.3333e-01 3.3333e-01 0.0000e+00 0.0000e+00
1.8182e-01 0.0000e+00 1.1111e-01 0.0000e+00 2.3077e-01 0.0000e+00 1.0000e+00 2.8571e-01 0.0000e+00 0.0000e+00 1.1111e-01 1.1111e-01 1.0000e-01 3.1250e-01 2.0000e-01 4.5833e-01 0.0000e+00 2.5000e-01 2.5000e-01 0.0000e+00 2.5000e-01 0.0000e+00 1.6667e-01 3.1250e-01 2.8571e-01 2.0000e-01 2.5000e-01 1.1111e-01 7.4150e-01 2.0000e-01 0.0000e+00 2.5000e-01 0.0000e+00 2.0000e-01 1.0000e+00 3.8889e-01 0.0000e+00 3.3333e-01 1.0000e+00 1.0000e-01 0.0000e+00 1.8182e-01 5.7500e-01 1.8182e-01 2.8571e-01 2.8571e-01 3.3333e-01 0.0000e+00 1.1111e-01 0.0000e+00
1.1111e-01 0.0000e+00 0.0000e+00 2.1429e-01 0.0000e+00 2.5000e-01 1.0000e+00 1.1111e-01 1.1111e-01 0.0000e+00 4.0000e-01 0.0000e+00 1.0000e-01 0.0000e+00 1.1111e-01 4.8000e-01 0.0000e+00 0.0000e+00 1.1111e-01 0.0000e+00 1.1111e-01 2.3077e-01 1.6667e-01 1.1111e-01 1.1111e-01 0.0000e+00 0.0000e+00 2.5000e-01 9.0909e-02 0.0000e+00 1.1111e-01 3.8889e-01 0.0000e+00 0.0000e+00 1.0000e+00 2.8571e-01 1.1111e-01 2.0000e-01 1.0000e+00 7.9545e-01 2.8571e-01 0.0000e+00 4.2857e-01 1.8182e-01 5.0000e-01 2.3077e-01 2.5000e-01 2.0000e-01 1.1111e-01 0.0000e+00
5.1613e-01 0.0000e+00 2.5000e-01 0.0000e+00 0.0000e+00 1.1111e-01 1.0000e+00 0.0000e+00 0.0000e+00 0.0000e+00 2.5000e-01 0.0000e+00 0.0000e+00 1.1111e-01 0.0000e+00 1.1111e-01 0.0000e+00 0.0000e+00 1.1111e-01 0.0000e+00 0.0000e+00 0.0000e+00 2.3077e-01 0.0000e+00 1.1111e-01 0.0000e+00 0.0000e+00 1.1111e-01 2.1429e-01 3.3333e-01 0.0000e+00 0.0000e+00 0.0000e+00 1.1111e-01 1.0000e+00 1.1111e-01 0.0000e+00 1.1111e-01 1.0000e+00 1.0000e-01 0.0000e+00 0.0000e+00 0.0000e+00 0.0000e+00 0.0000e+00 5.2778e-01 0.0000e+00 0.0000e+00 1.1111e-01 2.5000e-01
0.0000e+00 2.0000e-01 0.0000e+00 2.1429e-01 2.3077e-01 2.0000e-01 1.0000e+00 1.1111e-01 0.0000e+00 1.0000e-01 1.8182e-01 2.5000e-01 1.8182e-01 1.1111e-01 0.0000e+00 3.8889e-01 9.0909e-02 1.1111e-01 0.0000e+00 0.0000e+00 2.0000e-01 2.8571e-01 1.6667e-01 0.0000e+00 0.0000e+00 1.1111e-01 0.0000e+00 1.1111e-01 3.0000e-01 3.5294e-01 0.0000e+00 3.3333e-01 1.0000e-01 1.1111e-01 1.0000e+00 0.0000e+00 0.0000e+00 3.3333e-01 1.0000e+00 0.0000e+00 0.0000e+00 0.0000e+00 0.0000e+00 1.1111e-01 1.1111e-01 1.1111e-01 0.0000e+00 0.0000e+00 0.0000e+00 0.0000e+00
0.0000e+00 3.5294e-01 1.1111e-01 3.5000e-01 1.0000e-01 1.1111e-01 1.0000e+00 0.0000e+00 1.1111e-01 0.0000e+00 0.0000e+00 1.1111e-01 0.0000e+00 0.0000e+00 0.0000e+00 2.5000e-01 9.0909e-02 1.1111e-01 0.0000e+00 1.1111e-01 2.8571e-01 2.8571e-01 0.0000e+00 2.8571e-01 1.8182e-01 0.0000e+00 2.5000e-01 1.1111e-01 2.1429e-01 2.8571e-01 0.0000e+00 2.0000e-01 1.0000e-01 0.0000e+00 1.0000e+00 3.3333e-01 0.0000e+00 2.0000e-01 1.0000e+00 0.0000e+00 0.0000e+00 0.0000e+00 0.0000e+00 1.1111e-01 5.7143e-01 0.0000e+00 0.0000e+00 2.5000e-01 0.0000e+00 2.0000e-01
1.8182e-01 2.0000e-01 2.5000e-01 2.6667e-01 4.4444e-01 3.3333e-01 1.0000e+00 4.0000e-01 0.0000e+00 1.6667e-01 1.8182e-01 0.0000e+00 2.3077e-01 0.0000e+00 0.0000e+00 3.5294e-01 9.0909e-02 0.0000e+00 0.0000e+00 2.5000e-01 0.0000e+00 4.0909e-01 1.6667e-01 2.3077e-01 0.0000e+00 2.8571e-01 2.0000e-01 2.0000e-01 0.0000e+00 1.1111e-01 0.0000e+00 2.5000e-01 1.0000e-01 2.0000e-01 1.0000e+00 2.0000e-01 0.0000e+00 3.5294e-01 1.0000e+00 1.8182e-01 2.0000e-01 1.8182e-01 2.5000e-01 0.0000e+00 1.1111e-01 0.0000e+00 3.3333e-01 2.0000e-01 1.1111e-01 1.1111e-01
8.6801e-01 2.0000e-01 1.1111e-01 8.1707e-01 2.6667e-01 3.8889e-01 1.0000e+00 0.0000e+00 4.5455e-01 1.0000e-01 2.5000e-01 1.1111e-01 0.0000e+00 1.8182e-01 9.1537e-01 6.0870e-01 3.0000e-01 5.4545e-01 6.4815e-01 0.0000e+00 6.4815e-01 8.1845e-01 3.8095e-01 8.8889e-01 5.0000e-01 2.0000e-01 7.4227e-01 3.5294e-01 9.0909e-02 5.0000e-01 6.2222e-01 5.8974e-01 3.8095e-01 5.4839e-01 1.0000e+00 7.7519e-01 1.1111e-01 5.0000e-01 1.0000e+00 8.0453e-01 1.1111e-01 6.7123e-01 6.2000e-01 4.6154e-01 6.4000e-01 6.6216e-01 4.2105e-01 7.1250e-01 5.3333e-01 0.0000e+00
1.1111e-01 1.1111e-01 1.8182e-01 1.0000e-01 1.6667e-01 5.7143e-01 1.0000e+00 0.0000e+00 0.0000e+00 1.6667e-01 3.5294e-01 3.6842e-01 0.0000e+00 0.0000e+00 2.5000e-01 6.7692e-01 0.0000e+00 1.1111e-01 2.5000e-01 1.1111e-01 3.3333e-01 1.1111e-01 3.8095e-01 2.3077e-01 3.1250e-01 2.5000e-01 2.0000e-01 2.0000e-01 3.9286e-01 3.3333e-01 1.1111e-01 2.0000e-01 0.0000e+00 0.0000e+00 1.0000e+00 1.1111e-01 0.0000e+00 5.5882e-01 1.0000e+00 0.0000e+00 0.0000e+00 1.8182e-01 0.0000e+00 0.0000e+00 0.0000e+00 1.8182e-01 1.1111e-01 1.1111e-01 5.0000e-01 1.1111e-01
7.3267e-01 6.6667e-01 7.9255e-01 3.9130e-01 6.8571e-01 7.1951e-01 1.0000e+00 6.0784e-01 4.5455e-01 7.6174e-01 3.5294e-01 5.7500e-01 5.2632e-01 7.9835e-01 6.0000e-01 0.0000e+00 5.8974e-01 5.5556e-01 6.8657e-01 7.7419e-01 5.5882e-01 5.1429e-01 5.6522e-01 6.8966e-01 7.6623e-01 8.2547e-01 4.2105e-01 4.2105e-01 5.1111e-01 7.3626e-01 7.9878e-01 8.7561e-01 7.4432e-01 5.5882e-01 1.0000e+00 5.1724e-01 7.6687e-01 7.0270e-01 1.0000e+00 7.0339e-01 7.1053e-01 7.7907e-01 3.3333e-01 7.6129e-01 1.1111e-01 6.4615e-01 4.5455e-01 2.0000e-01 6.8254e-01 7.5238e-01
1.1111e-01 2.0000e-01 1.8182e-01 2.9412e-01 2.6667e-01 1.1111e-01 1.0000e+00 2.3077e-01 0.0000e+00 1.6667e-01 2.8571e-01 3.5294e-01 0.0000e+00 1.1111e-01 6.0000e-01 2.5000e-01 9.0909e-02 1.1111e-01 0.0000e+00 0.0000e+00 0.0000e+00 6.9149e-01 1.0000e-01 2.8571e-01 3.5294e-01 0.0000e+00 2.0000e-01 0.0000e+00 1.5385e-01 3.8889e-01 2.0000e-01 1.1111e-01 2.3077e-01 0.0000e+00 1.0000e+00 3.3333e-01 0.0000e+00 5.8974e-01 1.0000e+00 6.5385e-01 0.0000e+00 1.1111e-01 1.8182e-01 0.0000e+00 5.4839e-01 6.0377e-01 1.1111e-01 3.8889e-01 0.0000e+00 1.1111e-01
0.0000e+00 0.0000e+00 2.8571e-01 4.2308e-01 1.0000e-01 1.1111e-01 1.0000e+00 1.1111e-01 3.3333e-01 1.6667e-01 4.2857e-01 0.0000e+00 3.5000e-01 4.4000e-01 2.5000e-01 1.1111e-01 0.0000e+00 2.8571e-01 4.5833e-01 2.8571e-01 1.1111e-01 3.3333e-01 2.3077e-01 3.1250e-01 1.1111e-01 1.1111e-01 2.0000e-01 2.8571e-01 9.0909e-02 0.0000e+00 3.5294e-01 3.5294e-01 2.3077e-01 1.1111e-01 1.0000e+00 0.0000e+00 1.1111e-01 4.5455e-01 1.0000e+00 1.8182e-01 0.0000e+00 1.1111e-01 3.8889e-01 4.6154e-01 6.4706e-01 1.8182e-01 5.3333e-01 3.5294e-01 4.5455e-01 0.0000e+00
0.0000e+00 0.0000e+00 2.8571e-01 1.0000e-01 2.3077e-01 0.0000e+00 1.0000e+00 1.8182e-01 0.0000e+00 1.6667e-01 0.0000e+00 0.0000e+00 1.0000e-01 3.1250e-01 4.2105e-01 4.2857e-01 1.5385e-01 0.0000e+00 1.1111e-01 2.5000e-01 3.3333e-01 2.3077e-01 0.0000e+00 1.1111e-01 1.1111e-01 0.0000e+00 1.1111e-01 0.0000e+00 9.0909e-02 0.0000e+00 0.0000e+00 0.0000e+00 0.0000e+00 6.7742e-01 1.0000e+00 0.0000e+00 0.0000e+00 7.5676e-01 1.0000e+00 1.8182e-01 0.0000e+00 0.0000e+00 5.9524e-01 1.1111e-01 6.6667e-01 0.0000e+00 1.1111e-01 5.1724e-01 2.0000e-01 0.0000e+00
0.0000e+00 0.0000e+00 2.5000e-01 1.6667e-01 1.0000e-01 0.0000e+00 1.0000e+00 1.1111e-01 0.0000e+00 1.0000e-01 2.5000e-01 0.0000e+00 0.0000e+00 2.8571e-01 0.0000e+00 0.0000e+00 0.0000e+00 0.0000e+00 1.1111e-01 1.1111e-01 2.0000e-01 0.0000e+00 1.0000e-01 0.0000e+00 1.1111e-01 0.0000e+00 0.0000e+00 3.3333e-01 9.0909e-02 0.0000e+00 0.0000e+00 0.0000e+00 0.0000e+00 1.1111e-01 1.0000e+00 0.0000e+00 0.0000e+00 0.0000e+00 1.0000e+00 0.0000e+00 0.0000e+00 0.0000e+00 0.0000e+00 2.3077e-01 0.0000e+00 2.3077e-01 0.0000e+00 2.0000e-01 2.8571e-01 0.0000e+00
4.8148e-01 8.5121e-01 0.0000e+00 6.0317e-01 7.4011e-01 5.6757e-01 1.0000e+00 8.0769e-01 2.0000e-01 0.0000e+00 6.7692e-01 4.2857e-01 3.3333e-01 7.5796e-01 1.1111e-01 8.1818e-01 4.4444e-01 0.0000e+00 2.8571e-01 0.0000e+00 1.1111e-01 2.3077e-01 0.0000e+00 2.3077e-01 7.0115e-01 4.5455e-01 2.0000e-01 5.9524e-01 0.0000e+00 4.2105e-01 0.0000e+00 4.5455e-01 0.0000e+00 3.3333e-01 1.0000e+00 6.6667e-01 7.4419e-01 0.0000e+00 1.0000e+00 1.0000e-01 0.0000e+00 0.0000e+00 7.4561e-01 0.0000e+00 9.9061e-01 0.0000e+00 0.0000e+00 6.8182e-01 6.6071e-01 6.0465e-01
0.0000e+00 1.1111e-01 0.0000e+00 2.1429e-01 1.0000e-01 2.8571e-01 1.0000e+00 0.0000e+00 0.0000e+00 0.0000e+00 5.4545e-01 1.1111e-01 0.0000e+00 0.0000e+00 0.0000e+00 5.4545e-01 0.0000e+00 0.0000e+00 0.0000e+00 1.1111e-01 0.0000e+00 1.1111e-01 0.0000e+00 3.1250e-01 0.0000e+00 0.0000e+00 0.0000e+00 0.0000e+00 0.0000e+00 4.5455e-01 0.0000e+00 0.0000e+00 1.0000e-01 1.1111e-01 1.0000e+00 0.0000e+00 0.0000e+00 1.1111e-01 1.0000e+00 2.9412e-01 0.0000e+00 1.1111e-01 2.8571e-01 0.0000e+00 1.0000e+00 1.1111e-01 0.0000e+00 0.0000e+00 0.0000e+00 0.0000e+00
0.0000e+00 0.0000e+00 0.0000e+00 1.0000e-01 2.3077e-01 0.0000e+00 1.0000e+00 0.0000e+00 0.0000e+00 1.0000e-01 3.3333e-01 2.8571e-01 0.0000e+00 0.0000e+00 2.8571e-01 1.8182e-01 9.0909e-02 0.0000e+00 0.0000e+00 0.0000e+00 0.0000e+00 0.0000e+00 0.0000e+00 3.1250e-01 0.0000e+00 0.0000e+00 0.0000e+00 0.0000e+00 9.0909e-02 2.0000e-01 0.0000e+00 0.0000e+00 1.0000e-01 0.0000e+00 1.0000e+00 0.0000e+00 0.0000e+00 1.1111e-01 1.0000e+00 3.3333e-01 0.0000e+00 0.0000e+00 2.5000e-01 1.8182e-01 1.0000e+00 0.0000e+00 0.0000e+00 0.0000e+00 1.1111e-01 0.0000e+00
3.3333e-01 0.0000e+00 0.0000e+00 0.0000e+00 0.0000e+00 6.7692e-01 1.0000e+00 1.1111e-01 0.0000e+00 0.0000e+00 4.5833e-01 1.1111e-01 0.0000e+00 0.0000e+00 0.0000e+00 7.2527e-01 0.0000e+00 1.1111e-01 0.0000e+00 0.0000e+00 6.0000e-01 2.3077e-01 1.0000e-01 0.0000e+00 3.5294e-01 0.0000e+00 1.1111e-01 2.5000e-01 2.1429e-01 2.5000e-01 4.2105e-01 3.3333e-01 1.0000e-01 0.0000e+00 1.0000e+00 1.1111e-01 3.1250e-01 3.3333e-01 1.0000e+00 1.0000e-01 2.0000e-01 0.0000e+00 3.8889e-01 4.3478e-01 1.0000e+00 4.3478e-01 2.0000e-01 1.1111e-01 1.1111e-01 6.8254e-01
3.3333e-01 2.0000e-01 2.5000e-01 5.2500e-01 2.6667e-01 1.1111e-01 1.0000e+00 2.8571e-01 0.0000e+00 1.6667e-01 1.8182e-01 0.0000e+00 0.0000e+00 1.8182e-01 3.5294e-01 6.0870e-01 1.5385e-01 2.0000e-01 1.1111e-01 1.1111e-01 1.1111e-01 2.3077e-01 2.9412e-01 1.1111e-01 0.0000e+00 2.0000e-01 1.1111e-01 1.1111e-01 9.0909e-02 1.1111e-01 0.0000e+00 0.0000e+00 2.6667e-01 1.0000e+00 1.0000e+00 3.3333e-01 0.0000e+00 7.4490e-01 1.0000e+00 2.6667e-01 2.8571e-01 1.1111e-01 3.3333e-01 0.0000e+00 1.0000e+00 1.1111e-01 1.1111e-01 3.8889e-01 2.0000e-01 1.1111e-01
3.3333e-01 0.0000e+00 4.0000e-01 5.3333e-01 1.0000e-01 3.5294e-01 1.0000e+00 1.1111e-01 1.1111e-01 2.9412e-01 1.1111e-01 2.5000e-01 0.0000e+00 1.8182e-01 2.0000e-01 5.1613e-01 4.6154e-01 2.5000e-01 1.1111e-01 0.0000e+00 3.5294e-01 4.1667e-01 3.5000e-01 2.3077e-01 1.8182e-01 0.0000e+00 4.2857e-01 3.8889e-01 3.4783e-01 6.4706e-01 0.0000e+00 6.2222e-01 5.8491e-01 1.0000e+00 1.0000e+00 1.1111e-01 1.1111e-01 7.0886e-01 1.0000e+00 5.5556e-01 1.1111e-01 1.8182e-01 5.4545e-01 1.1111e-01 1.0000e+00 2.8571e-01 2.5000e-01 5.1724e-01 2.0000e-01 0.0000e+00
0.0000e+00 0.0000e+00 0.0000e+00 0.0000e+00 2.3077e-01 6.4706e-01 1.0000e+00 1.1111e-01 4.2105e-01 0.0000e+00 4.8000e-01 0.0000e+00 0.0000e+00 0.0000e+00 5.0000e-01 0.0000e+00 5.6061e-01 0.0000e+00 0.0000e+00 5.6757e-01 0.0000e+00 6.8235e-01 5.9259e-01 2.8571e-01 1.8182e-01 7.5701e-01 1.1111e-01 4.2105e-01 0.0000e+00 2.8571e-01 4.5455e-01 0.0000e+00 1.6667e-01 1.0000e+00 1.0000e+00 6.9014e-01 3.1250e-01 0.0000e+00 1.0000e+00 0.0000e+00 0.0000e+00 0.0000e+00 0.0000e+00 0.0000e+00 1.0000e+00 2.3077e-01 7.2093e-01 2.5000e-01 2.0000e-01 1.1111e-01
0.0000e+00 0.0000e+00 1.1111e-01 1.0000e-01 3.5000e-01 2.5000e-01 1.0000e+00 0.0000e+00 1.1111e-01 3.7500e-01 2.8571e-01 1.1111e-01 0.0000e+00 1.1111e-01 4.5455e-01 1.8182e-01 9.0909e-02 1.1111e-01 1.1111e-01 1.1111e-01 2.0000e-01 1.8182e-01 1.0000e-01 0.0000e+00 2.3077e-01 2.8571e-01 0.0000e+00 4.5833e-01 0.0000e+00 1.1111e-01 0.0000e+00 3.5294e-01 3.5000e-01 1.0000e+00 1.0000e+00 3.5294e-01 0.0000e+00 9.8904e-01 1.0000e+00 0.0000e+00 0.0000e+00 2.8571e-01 6.4407e-01 1.8182e-01 1.0000e+00 1.8182e-01 2.0000e-01 1.1111e-01 0.0000e+00 0.0000e+00
7.7206e-01 0.0000e+00 4.5833e-01 6.6316e-01 7.8571e-01 6.8657e-01 1.0000e+00 3.5294e-01 0.0000e+00 5.9375e-01 2.8571e-01 7.3636e-01 2.3077e-01 0.0000e+00 4.2105e-01 5.9524e-01 1.5385e-01 0.0000e+00 2.0000e-01 2.0000e-01 2.0000e-01 3.6842e-01 4.4444e-01 5.5263e-01 4.8148e-01 4.2105e-01 2.0000e-01 1.1111e-01 2.1429e-01 1.1111e-01 0.0000e+00 4.5833e-01 0.0000e+00 1.0000e+00 1.0000e+00 5.5882e-01 0.0000e+00 1.0000e+00 1.0000e+00 7.0968e-01 2.0000e-01 1.8182e-01 7.4561e-01 4.0909e-01 1.0000e+00 6.0000e-01 2.0000e-01 6.4706e-01 2.5000e-01 3.3333e-01
0.0000e+00 2.0000e-01 0.0000e+00 0.0000e+00 2.9412e-01 4.2105e-01 1.0000e+00 2.3077e-01 0.0000e+00 0.0000e+00 1.1111e-01 2.5000e-01 1.0000e-01 0.0000e+00 3.3333e-01 3.3333e-01 0.0000e+00 0.0000e+00 1.1111e-01 2.0000e-01 0.0000e+00 1.1111e-01 0.0000e+00 1.1111e-01 0.0000e+00 1.1111e-01 0.0000e+00 0.0000e+00 2.7778e-01 4.2105e-01 0.0000e+00 0.0000e+00 0.0000e+00 1.0000e+00 1.0000e+00 4.2857e-01 0.0000e+00 1.0000e+00 1.0000e+00 0.0000e+00 0.0000e+00 3.5294e-01 1.8182e-01 1.8182e-01 1.0000e+00 1.1111e-01 0.0000e+00 1.1111e-01 0.0000e+00 0.0000e+00
1.1111e-01 0.0000e+00 0.0000e+00 0.0000e+00 0.0000e+00 2.0000e-01 1.0000e+00 0.0000e+00 0.0000e+00 2.1429e-01 2.5000e-01 0.0000e+00 0.0000e+00 0.0000e+00 1.1111e-01 1.1111e-01 0.0000e+00 0.0000e+00 1.1111e-01 1.1111e-01 2.5000e-01 0.0000e+00 0.0000e+00 0.0000e+00 0.0000e+00 1.1111e-01 0.0000e+00 0.0000e+00 9.0909e-02 0.0000e+00 0.0000e+00 2.8571e-01 0.0000e+00 1.0000e+00 1.0000e+00 0.0000e+00 0.0000e+00 1.0000e+00 1.0000e+00 0.0000e+00 2.0000e-01 0.0000e+00 1.8182e-01 1.8182e-01 1.0000e+00 4.4000e-01 0.0000e+00 0.0000e+00 2.0000e-01 0.0000e+00
2.5000e-01 2.5000e-01 4.6154e-01 6.3636e-01 5.1282e-01 6.4815e-01 1.0000e+00 3.1250e-01 2.8571e-01 4.5455e-01 5.1613e-01 4.0000e-01 3.1250e-01 5.0000e-01 5.5882e-01 4.2857e-01 3.8462e-01 1.1111e-01 0.0000e+00 4.2105e-01 2.0000e-01 3.3333e-01 1.6667e-01 2.8571e-01 5.0000e-01 2.0000e-01 3.5294e-01 2.5000e-01 4.5714e-01 5.0000e-01 2.5000e-01 3.3333e-01 2.9412e-01 1.0000e+00 1.0000e+00 2.8571e-01 2.3077e-01 1.0000e+00 1.0000e+00 5.4762e-01 2.0000e-01 2.5000e-01 1.8182e-01 4.0909e-01 1.0000e+00 4.0000e-01 4.2105e-01 4.5833e-01 4.5455e-01 2.0000e-01
2.5000e-01 2.0000e-01 1.1111e-01 2.1429e-01 1.0000e-01 3.8889e-01 1.0000e+00 0.0000e+00 2.5000e-01 2.5000e-01 3.5294e-01 2.5000e-01 1.0000e-01 1.8182e-01 3.3333e-01 4.0000e-01 2.0000e-01 0.0000e+00 1.1111e-01 0.0000e+00 3.8889e-01 3.1250e-01 0.0000e+00 2.3077e-01 0.0000e+00 0.0000e+00 2.5000e-01 1.1111e-01 3.7500e-01 5.4839e-01 0.0000e+00 1.1111e-01 3.9130e-01 1.0000e+00 1.0000e+00 2.5000e-01 0.0000e+00 1.0000e+00 1.0000e+00 1.0000e-01 1.1111e-01 0.0000e+00 3.3333e-01 2.3077e-01 1.0000e+00 0.0000e+00 2.5000e-01 2.8571e-01 0.0000e+00 3.3333e-01
1.8182e-01 3.3333e-01 0.0000e+00 1.6667e-01 1.6667e-01 2.0000e-01 1.0000e+00 0.0000e+00 0.0000e+00 6.6667e-01 9.1877e-01 2.5000e-01 1.0000e-01 3.6842e-01 7.5701e-01 8.2379e-01 9.0909e-02 0.0000e+00 0.0000e+00 0.0000e+00 6.7213e-01 2.3077e-01 2.3077e-01 1.8182e-01 7.3214e-01 1.1111e-01 1.1111e-01 1.1111e-01 9.0909e-02 7.1250e-01 2.0000e-01 3.3333e-01 3.8095e-01 1.0000e+00 1.0000e+00 6.5455e-01 0.0000e+00 1.0000e+00 1.0000e+00 4.1667e-01 0.0000e+00 2.5000e-01 7.0000e-01 4.0909e-01 1.0000e+00 1.1111e-01 7.3034e-01 7.2727e-01 0.0000e+00 2.0000e-01
1.8182e-01 2.8571e-01 2.5000e-01 3.6364e-01 1.0000e-01 0.0000e+00 1.0000e+00 2.3077e-01 2.5000e-01 2.1429e-01 3.3333e-01 5.8537e-01 3.1250e-01 3.1250e-01 8.1959e-01 8.1188e-01 2.3529e-01 0.0000e+00 2.0000e-01 3.3333e-01 0.0000e+00 0.0000e+00 1.0000e-01 0.0000e+00 0.0000e+00 3.3333e-01 2.0000e-01 3.3333e-01 1.5385e-01 8.2629e-01 2.5000e-01 3.8889e-01 0.0000e+00 1.0000e+00 1.0000e+00 4.5455e-01 1.1111e-01 1.0000e+00 1.0000e+00 2.3077e-01 0.0000e+00 1.1111e-01 7.6154e-01 0.0000e+00 1.0000e+00 1.8182e-01 3.3333e-01 5.8974e-01 0.0000e+00 2.5000e-01
1.1111e-01 0.0000e+00 0.0000e+00 4.4828e-01 2.3077e-01 2.0000e-01 1.0000e+00 0.0000e+00 0.0000e+00 1.0000e-01 1.1111e-01 2.5000e-01 2.6667e-01 0.0000e+00 2.5000e-01 6.7692e-01 0.0000e+00 0.0000e+00 2.0000e-01 1.1111e-01 1.1111e-01 3.1250e-01 1.0000e-01 0.0000e+00 0.0000e+00 3.3333e-01 3.3333e-01 2.0000e-01 2.1429e-01 5.3333e-01 2.5000e-01 1.1111e-01 0.0000e+00 1.0000e+00 1.0000e+00 1.1111e-01 0.0000e+00 1.0000e+00 1.0000e+00 1.0000e-01 1.1111e-01 4.5833e-01 0.0000e+00 0.0000e+00 1.0000e+00 3.6842e-01 2.0000e-01 1.1111e-01 0.0000e+00 0.0000e+00
5.7500e-01 6.0000e-01 6.9512e-01 7.2393e-01 6.5909e-01 5.7143e-01 1.0000e+00 8.7028e-01 6.2500e-01 6.8254e-01 5.4545e-01 4.0000e-01 8.1233e-01 6.7105e-01 6.7213e-01 7.5439e-01 4.1935e-01 6.1364e-01 7.2289e-01 6.4706e-01 6.8254e-01 6.4062e-01 5.7692e-01 6.7105e-01 2.8571e-01 6.0000e-01 2.5000e-01 1.1111e-01 6.2637e-01 4.5833e-01 5.4839e-01 3.3333e-01 5.8929e-01 1.0000e+00 1.0000e+00 4.5455e-01 6.1538e-01 1.0000e+00 1.0000e+00 7.3333e-01 7.3034e-01 1.1111e-01 3.5294e-01 6.9048e-01 1.0000e+00 7.7143e-01 6.4706e-01 7.1951e-01 5.4545e-01 6.2222e-01
2.5000e-01 0.0000e+00 0.0000e+00 1.6667e-01 0.0000e+00 2.5000e-01 1.0000e+00 0.0000e+00 2.5000e-01 0.0000e+00 0.0000e+00 1.1111e-01 0.0000e+00 0.0000e+00 0.0000e+00 3.3333e-01 0.0000e+00 0.0000e+00 0.0000e+00 0.0000e+00 0.0000e+00 1.1111e-01 0.0000e+00 1.1111e-01 0.0000e+00 0.0000e+00 0.0000e+00 0.0000e+00 1.5385e-01 0.0000e+00 2.5000e-01 1.1111e-01 2.3077e-01 1.0000e+00 1.0000e+00 2.8571e-01 0.0000e+00 1.0000e+00 1.0000e+00 3.5000e-01 0.0000e+00 0.0000e+00 2.5000e-01 1.8182e-01 1.0000e+00 0.0000e+00 2.5000e-01 2.8571e-01 0.0000e+00 0.0000e+00
7.7703e-01 7.9470e-01 7.3394e-01 7.9189e-01 8.8369e-01 1.0000e+00 1.0000e+00 7.8836e-01 5.8974e-01 8.4063e-01 8.2627e-01 9.2383e-01 8.3821e-01 7.1818e-01 9.8559e-01 7.3196e-01 8.2596e-01 8.0874e-01 1.0000e+00 8.9718e-01 1.0000e+00 7.6923e-01 8.8557e-01 8.4615e-01 7.5194e-01 9.7936e-01 8.0702e-01 7.4227e-01 8.3959e-01 9.9176e-01 8.3186e-01 9.8843e-01 7.3077e-01 1.0000e+00 1.0000e+00 8.1726e-01 9.2419e-01 1.0000e+00 1.0000e+00 6.7742e-01 8.3117e-01 9.3796e-01 7.4074e-01 8.1181e-01 1.0000e+00 8.5106e-01 6.9565e-01 8.2547e-01 8.6136e-01 1.0000e+00
0.0000e+00 0.0000e+00 0.0000e+00 1.0000e-01 0.0000e+00 1.0000e+00 1.0000e+00 1.1111e-01 2.0000e-01 3.3333e-01 2.5000e-01 0.0000e+00 2.3077e-01 0.0000e+00 1.0000e+00 0.0000e+00 1.5385e-01 4.2857e-01 1.0000e+00 3.5294e-01 1.0000e+00 1.8182e-01 0.0000e+00 1.1111e-01 0.0000e+00 1.0000e+00 1.1111e-01 0.0000e+00 0.0000e+00 1.0000e+00 0.0000e+00 1.0000e+00 2.3077e-01 1.0000e+00 1.0000e+00 4.2105e-01 0.0000e+00 1.0000e+00 1.0000e+00 2.3077e-01 0.0000e+00 3.5294e-01 5.0000e-01 1.8182e-01 1.0000e+00 0.0000e+00 3.3333e-01 1.1111e-01 0.0000e+00 1.0000e+00
2.8571e-01 2.0000e-01 0.0000e+00 2.6667e-01 2.9412e-01 1.0000e+00 1.0000e+00 2.8571e-01 1.1111e-01 0.0000e+00 5.6757e-01 0.0000e+00 1.8182e-01 2.8571e-01 1.0000e+00 3.8889e-01 0.0000e+00 0.0000e+00 1.0000e+00 1.1111e-01 1.0000e+00 5.1515e-01 2.3077e-01 7.0707e-01 6.1224e-01 1.0000e+00 2.0000e-01 2.5000e-01 3.3333e-01 1.0000e+00 2.8571e-01 1.0000e+00 1.6667e-01 1.0000e+00 1.0000e+00 5.0000e-01 4.0909e-01 1.0000e+00 1.0000e+00 5.3659e-01 2.0000e-01 2.8571e-01 8.1250e-01 2.3077e-01 1.0000e+00 1.8182e-01 3.3333e-01 5.0000e-01 0.0000e+00 1.0000e+00
5.5556e-01 8.9501e-01 7.2549e-01 5.7407e-01 0.0000e+00 1.0000e+00 1.0000e+00 3.1250e-01 6.0465e-01 7.7374e-01 0.0000e+00 7.4380e-01 8.3770e-01 8.8427e-01 1.0000e+00 9.0051e-01 2.7778e-01 8.9167e-01 1.0000e+00 8.8824e-01 1.0000e+00 0.0000e+00 3.5000e-01 7.6101e-01 8.8258e-01 1.0000e+00 7.1250e-01 7.3404e-01 5.4545e-01 1.0000e+00 2.0000e-01 1.0000e+00 1.6667e-01 1.0000e+00 1.0000e+00 9.7827e-01 1.8182e-01 1.0000e+00 1.0000e+00 1.0000e-01 7.0270e-01 7.1875e-01 8.1193e-01 0.0000e+00 1.0000e+00 0.0000e+00 8.1910e-01 8.3404e-01 1.1111e-01 1.0000e+00
7.8431e-01 6.4000e-01 9.4025e-01 8.5828e-01 6.2319e-01 1.0000e+00 1.0000e+00 7.5373e-01 5.6757e-01 7.5188e-01 2.8571e-01 7.2165e-01 7.6500e-01 7.7419e-01 1.0000e+00 8.5329e-01 7.4734e-01 8.4950e-01 1.0000e+00 7.5000e-01 1.0000e+00 8.1899e-01 7.7907e-01 8.2370e-01 7.3729e-01 1.0000e+00 8.4946e-01 7.8195e-01 7.8026e-01 1.0000e+00 9.8155e-01 1.0000e+00 7.5622e-01 1.0000e+00 1.0000e+00 1.0000e+00 7.7108e-01 1.0000e+00 1.0000e+00 7.7193e-01 7.1053e-01 7.7711e-01 7.6812e-01 6.8675e-01 1.0000e+00 9.0623e-01 7.5000e-01 7.2414e-01 8.4127e-01 1.0000e+00
6.9737e-01 0.0000e+00 2.5000e-01 0.0000e+00 5.0000e-01 1.0000e+00 1.0000e+00 2.8571e-01 0.0000e+00 3.7500e-01 1.1111e-01 1.1111e-01 1.0000e-01 1.1111e-01 1.0000e+00 1.1111e-01 1.5385e-01 0.0000e+00 1.0000e+00 2.0000e-01 1.0000e+00 2.8571e-01 3.5000e-01 0.0000e+00 5.4286e-01 1.0000e+00 2.0000e-01 0.0000e+00 2.7778e-01 1.0000e+00 1.0000e+00 1.0000e+00 0.0000e+00 1.0000e+00 1.0000e+00 1.0000e+00 0.0000e+00 1.0000e+00 1.0000e+00 1.0000e-01 0.0000e+00 3.5294e-01 4.2857e-01 1.8182e-01 1.0000e+00 5.5000e-01 3.3333e-01 2.0000e-01 2.0000e-01 1.0000e+00
9.4976e-01 9.9119e-01 8.7988e-01 8.6843e-01 8.7245e-01 1.0000e+00 1.0000e+00 9.3454e-01 9.6386e-01 8.5172e-01 9.4968e-01 9.3090e-01 9.0349e-01 9.1937e-01 1.0000e+00 9.4559e-01 8.2690e-01 9.5721e-01 1.0000e+00 1.0000e+00 1.0000e+00 9.1877e-01 8.8579e-01 9.1418e-01 9.3349e-01 1.0000e+00 1.0000e+00 9.8309e-01 8.2888e-01 1.0000e+00 1.0000e+00 1.0000e+00 8.9798e-01 1.0000e+00 1.0000e+00 1.0000e+00 9.0618e-01 1.0000e+00 1.0000e+00 8.9943e-01 9.7133e-01 8.7616e-01 9.4199e-01 9.3059e-01 1.0000e+00 9.1070e-01 1.0000e+00 1.0000e+00 1.0000e+00 1.0000e+00
0.0000e+00 1.0000e+00 0.0000e+00 0.0000e+00 1.6667e-01 1.0000e+00 1.0000e+00 0.0000e+00 1.1111e-01 1.6667e-01 0.0000e+00 0.0000e+00 0.0000e+00 0.0000e+00 1.0000e+00 1.8182e-01 0.0000e+00 0.0000e+00 1.0000e+00 1.0000e+00 1.0000e+00 3.1250e-01 1.0000e-01 1.1111e-01 1.1111e-01 1.0000e+00 1.0000e+00 1.0000e+00 9.0909e-02 1.0000e+00 1.0000e+00 1.0000e+00 0.0000e+00 1.0000e+00 1.0000e+00 1.0000e+00 0.0000e+00 1.0000e+00 1.0000e+00 0.0000e+00 1.0000e+00 0.0000e+00 3.3333e-01 0.0000e+00 1.0000e+00 0.0000e+00 1.0000e+00 1.0000e+00 1.0000e+00 1.0000e+00
0.0000e+00 1.0000e+00 0.0000e+00 2.1429e-01 0.0000e+00 1.0000e+00 1.0000e+00 0.0000e+00 0.0000e+00 1.0000e-01 2.5000e-01 0.0000e+00 0.0000e+00 0.0000e+00 1.0000e+00 0.0000e+00 0.0000e+00 2.5000e-01 1.0000e+00 1.0000e+00 1.0000e+00 2.3077e-01 3.3333e-01 0.0000e+00 0.0000e+00 1.0000e+00 1.0000e+00 1.0000e+00 9.0909e-02 1.0000e+00 1.0000e+00 1.0000e+00 0.0000e+00 1.0000e+00 1.0000e+00 1.0000e+00 0.0000e+00 1.0000e+00 1.0000e+00 7.5275e-01 1.0000e+00 0.0000e+00 2.8571e-01 0.0000e+00 1.0000e+00 1.8182e-01 1.0000e+00 1.0000e+00 1.0000e+00 1.0000e+00
2.8571e-01 1.0000e+00 1.1111e-01 4.5161e-01 0.0000e+00 1.0000e+00 1.0000e+00 2.3077e-01 3.5294e-01 1.6667e-01 1.1111e-01 1.8182e-01 1.0000e-01 0.0000e+00 1.0000e+00 5.5882e-01 1.5385e-01 0.0000e+00 1.0000e+00 1.0000e+00 1.0000e+00 2.3077e-01 0.0000e+00 1.8182e-01 1.8182e-01 1.0000e+00 1.0000e+00 1.0000e+00 2.1429e-01 1.0000e+00 1.0000e+00 1.0000e+00 0.0000e+00 1.0000e+00 1.0000e+00 1.0000e+00 1.1111e-01 1.0000e+00 1.0000e+00 2.3077e-01 1.0000e+00 2.8571e-01 3.8889e-01 2.8571e-01 1.0000e+00 4.0000e-01 1.0000e+00 1.0000e+00 1.0000e+00 1.0000e+00
1.1111e-01 1.0000e+00 0.0000e+00 2.6667e-01 4.6667e-01 1.0000e+00 1.0000e+00 0.0000e+00 3.8889e-01 1.0000e-01 0.0000e+00 2.5000e-01 1.0000e-01 3.6842e-01 1.0000e+00 4.2857e-01 0.0000e+00 2.8571e-01 1.0000e+00 1.0000e+00 1.0000e+00 0.0000e+00 3.8095e-01 4.6154e-01 1.1111e-01 1.0000e+00 1.0000e+00 1.0000e+00 3.4783e-01 1.0000e+00 1.0000e+00 1.0000e+00 3.3333e-01 1.0000e+00 1.0000e+00 1.0000e+00 0.0000e+00 1.0000e+00 1.0000e+00 5.8000e-01 1.0000e+00 1.1111e-01 2.5000e-01 5.2941e-01 1.0000e+00 1.1111e-01 1.0000e+00 1.0000e+00 1.0000e+00 1.0000e+00
2.5000e-01 1.0000e+00 0.0000e+00 0.0000e+00 1.0000e-01 1.0000e+00 1.0000e+00 1.8182e-01 3.5294e-01 1.0000e-01 1.1111e-01 1.1111e-01 0.0000e+00 0.0000e+00 1.0000e+00 0.0000e+00 0.0000e+00 0.0000e+00 1.0000e+00 1.0000e+00 1.0000e+00 0.0000e+00 0.0000e+00 0.0000e+00 0.0000e+00 1.0000e+00 1.0000e+00 1.0000e+00 2.1429e-01 1.0000e+00 1.0000e+00 1.0000e+00 0.0000e+00 1.0000e+00 1.0000e+00 1.0000e+00 0.0000e+00 1.0000e+00 1.0000e+00 0.0000e+00 1.0000e+00 0.0000e+00 0.0000e+00 0.0000e+00 1.0000e+00 1.1111e-01 1.0000e+00 1.0000e+00 1.0000e+00 1.0000e+00
4.0000e-01 1.0000e+00 2.5000e-01 7.6210e-01 0.0000e+00 1.0000e+00 1.0000e+00 2.3077e-01 2.5000e-01 1.0000e-01 3.5294e-01 2.5000e-01 3.1250e-01 2.8571e-01 1.0000e+00 5.8537e-01 2.0000e-01 1.1111e-01 1.0000e+00 1.0000e+00 1.0000e+00 7.0874e-01 3.8095e-01 2.8571e-01 1.1111e-01 1.0000e+00 1.0000e+00 1.0000e+00 2.5000e-01 1.0000e+00 1.0000e+00 1.0000e+00 1.0000e-01 1.0000e+00 1.0000e+00 1.0000e+00 2.3077e-01 1.0000e+00 1.0000e+00 2.3077e-01 1.0000e+00 3.5294e-01 6.4286e-01 1.1111e-01 1.0000e+00 2.3077e-01 1.0000e+00 1.0000e+00 1.0000e+00 1.0000e+00
0.0000e+00 1.0000e+00 1.1111e-01 1.0000e-01 1.0000e-01 1.0000e+00 1.0000e+00 0.0000e+00 2.0000e-01 1.6667e-01 2.5000e-01 3.1250e-01 1.0000e-01 0.0000e+00 1.0000e+00 2.5000e-01 9.0909e-02 1.1111e-01 1.0000e+00 1.0000e+00 1.0000e+00 3.1250e-01 1.0000e-01 3.6842e-01 4.0000e-01 1.0000e+00 1.0000e+00 1.0000e+00 3.3333e-01 1.0000e+00 1.0000e+00 1.0000e+00 1.0000e-01 1.0000e+00 1.0000e+00 1.0000e+00 1.8182e-01 1.0000e+00 1.0000e+00 1.8182e-01 1.0000e+00 0.0000e+00 3.3333e-01 1.8182e-01 1.0000e+00 1.1111e-01 1.0000e+00 1.0000e+00 1.0000e+00 1.0000e+00
1.8182e-01 1.0000e+00 0.0000e+00 2.6667e-01 6.6667e-01 1.0000e+00 1.0000e+00 1.1111e-01 3.3333e-01 8.2572e-01 4.0000e-01 2.8571e-01 4.1667e-01 0.0000e+00 1.0000e+00 4.8148e-01 0.0000e+00 1.1111e-01 1.0000e+00 1.0000e+00 1.0000e+00 4.4000e-01 1.6667e-01 3.6842e-01 1.1111e-01 1.0000e+00 1.0000e+00 1.0000e+00 6.0000e-01 1.0000e+00 1.0000e+00 1.0000e+00 6.8807e-01 1.0000e+00 1.0000e+00 1.0000e+00 1.1111e-01 1.0000e+00 1.0000e+00 2.6667e-01 1.0000e+00 4.0909e-01 7.1264e-01 5.7778e-01 1.0000e+00 1.8182e-01 1.0000e+00 1.0000e+00 1.0000e+00 1.0000e+00
