4.0000e+00 0.0000e+00 2.0000e+00 2.0000e+00 8.0000e+00 4.3000e+01 7.6700e+02 3.0000e+00 4.0000e+00 1.0000e+00 3.0000e+01 3.0000e+00 0.0000e+00 2.0000e+00 1.0000e+00 1.5000e+01 3.0000e+00 1.0000e+00 1.0000e+00 0.0000e+00 0.0000e+00 2.0000e+00 0.0000e+00 3.0000e+00 5.0000e+00 5.0000e+00 4.0000e+00 1.0000e+00 1.0000e+00 8.0000e+00 1.0000e+00 6.0000e+00 5.0000e+00 2.0000e+00 8.0000e+00 7.0000e+00 1.0000e+00 2.3000e+01 5.2300e+02 3.3000e+01 1.0000e+00 4.0000e+00 2.3000e+01 0.0000e+00 1.2000e+01 1.5000e+01 1.6000e+01 7.0000e+00 3.0000e+00 6.0000e+00
1.0000e+00 0.0000e+00 0.0000e+00 1.6000e+01 1.7000e+01 3.2000e+01 1.0000e+00 7.0000e+00 1.0000e+00 1.0000e+00 3.0000e+00 5.0000e+00 1.0000e+00 0.0000e+00 5.0000e+00 2.4000e+01 5.7000e+01 0.0000e+00 0.0000e+00 4.0000e+00 6.1000e+01 4.0000e+00 3.0000e+00 5.0000e+00 7.0000e+00 2.0000e+00 1.3000e+01 2.0000e+00 2.0000e+00 1.1800e+02 1.0000e+00 8.1400e+02 1.7000e+01 0.0000e+00 6.0850e+03 1.0000e+00 0.0000e+00 2.8000e+01 5.4460e+03 5.0000e+00 0.0000e+00 0.0000e+00 2.0700e+02 1.7000e+01 1.5200e+02 8.0000e+00 3.0000e+00 4.0000e+00 2.0000e+00 2.0000e+00
3.0000e+00 0.0000e+00 0.0000e+00 2.0000e+00 3.0000e+00 8.0000e+00 1.3000e+01 1.0000e+00 0.0000e+00 1.0000e+00 2.0000e+00 1.0000e+00 1.0000e+00 0.0000e+00 0.0000e+00 7.0000e+00 4.0000e+00 4.0000e+00 1.0000e+00 0.0000e+00 3.0000e+00 9.0000e+00 1.0000e+00 0.0000e+00 1.0000e+00 1.0000e+00 0.0000e+00 0.0000e+00 0.0000e+00 4.7000e+01 0.0000e+00 0.0000e+00 0.0000e+00 4.0000e+00 0.0000e+00 1.0000e+00 0.0000e+00 7.0000e+00 0.0000e+00 3.0000e+00 0.0000e+00 2.0000e+00 4.8000e+01 8.0000e+00 7.0000e+00 0.0000e+00 2.0000e+00 1.0000e+00 0.0000e+00 3.0000e+00
2.0000e+00 0.0000e+00 0.0000e+00 0.0000e+00 2.0000e+00 0.0000e+00 3.2000e+01 0.0000e+00 0.0000e+00 0.0000e+00 1.0000e+00 8.0000e+00 0.0000e+00 0.0000e+00 0.0000e+00 2.0000e+00 0.0000e+00 1.0000e+00 0.0000e+00 0.0000e+00 0.0000e+00 0.0000e+00 2.0000e+00 2.0000e+00 2.0000e+00 0.0000e+00 0.0000e+00 0.0000e+00 0.0000e+00 3.7000e+01 1.0000e+00 1.0000e+00 0.0000e+00 0.0000e+00 0.0000e+00 4.0000e+00 0.0000e+00 0.0000e+00 0.0000e+00 4.0000e+00 0.0000e+00 0.0000e+00 0.0000e+00 0.0000e+00 0.0000e+00 7.0000e+00 5.0000e+00 5.0000e+00 0.0000e+00 0.0000e+00
2.0000e+00 0.0000e+00 1.0000e+00 0.0000e+00 3.0000e+00 0.0000e+00 5.1550e+03 4.0000e+00 0.0000e+00 0.0000e+00 1.0000e+00 1.0000e+00 1.0000e+00 5.0000e+00 2.0000e+00 1.1000e+01 0.0000e+00 3.0000e+00 3.0000e+00 0.0000e+00 3.0000e+00 0.0000e+00 2.0000e+00 5.0000e+00 4.0000e+00 2.0000e+00 3.0000e+00 1.0000e+00 2.1800e+02 2.0000e+00 0.0000e+00 3.0000e+00 0.0000e+00 2.0000e+00 0.0000e+00 7.0000e+00 0.0000e+00 5.0000e+00 0.0000e+00 1.0000e+00 0.0000e+00 2.0000e+00 2.3000e+01 2.0000e+00 4.0000e+00 4.0000e+00 5.0000e+00 0.0000e+00 1.0000e+00 0.0000e+00
1.0000e+00 0.0000e+00 0.0000e+00 3.0000e+00 0.0000e+00 3.0000e+00 0.0000e+00 1.0000e+00 1.0000e+00 0.0000e+00 8.0000e+00 0.0000e+00 1.0000e+00 0.0000e+00 1.0000e+00 1.2000e+01 0.0000e+00 0.0000e+00 1.0000e+00 0.0000e+00 1.0000e+00 3.0000e+00 2.0000e+00 1.0000e+00 1.0000e+00 0.0000e+00 0.0000e+00 3.0000e+00 1.0000e+00 0.0000e+00 1.0000e+00 7.0000e+00 0.0000e+00 0.0000e+00 0.0000e+00 4.0000e+00 1.0000e+00 2.0000e+00 0.0000e+00 2.4500e+02 4.0000e+00 0.0000e+00 9.0000e+00 2.0000e+00 1.3000e+01 3.0000e+00 3.0000e+00 2.0000e+00 1.0000e+00 0.0000e+00
1.6000e+01 0.0000e+00 3.0000e+00 0.0000e+00 0.0000e+00 1.0000e+00 0.0000e+00 0.0000e+00 0.0000e+00 0.0000e+00 3.0000e+00 0.0000e+00 0.0000e+00 1.0000e+00 0.0000e+00 1.0000e+00 0.0000e+00 0.0000e+00 1.0000e+00 0.0000e+00 0.0000e+00 0.0000e+00 3.0000e+00 0.0000e+00 1.0000e+00 0.0000e+00 0.0000e+00 1.0000e+00 3.0000e+00 5.0000e+00 0.0000e+00 0.0000e+00 0.0000e+00 1.0000e+00 0.0000e+00 1.0000e+00 0.0000e+00 1.0000e+00 0.0000e+00 1.0000e+00 0.0000e+00 0.0000e+00 0.0000e+00 0.0000e+00 0.0000e+00 1.9000e+01 0.0000e+00 0.0000e+00 1.0000e+00 3.0000e+00
0.0000e+00 2.0000e+00 0.0000e+00 3.0000e+00 3.0000e+00 2.0000e+00 0.0000e+00 1.0000e+00 0.0000e+00 1.0000e+00 2.0000e+00 3.0000e+00 2.0000e+00 1.0000e+00 0.0000e+00 7.0000e+00 1.0000e+00 1.0000e+00 0.0000e+00 0.0000e+00 2.0000e+00 4.0000e+00 2.0000e+00 0.0000e+00 0.0000e+00 1.0000e+00 0.0000e+00 1.0000e+00 6.0000e+00 6.0000e+00 0.0000e+00 5.0000e+00 1.0000e+00 1.0000e+00 0.0000e+00 0.0000e+00 0.0000e+00 5.0000e+00 0.0000e+00 0.0000e+00 0.0000e+00 0.0000e+00 0.0000e+00 1.0000e+00 1.0000e+00 1.0000e+00 0.0000e+00 0.0000e+00 0.0000e+00 0.0000e+00
0.0000e+00 6.0000e+00 1.0000e+00 7.0000e+00 1.0000e+00 1.0000e+00 0.0000e+00 0.0000e+00 1.0000e+00 0.0000e+00 0.0000e+00 1.0000e+00 0.0000e+00 0.0000e+00 0.0000e+00 3.0000e+00 1.0000e+00 1.0000e+00 0.0000e+00 1.0000e+00 4.0000e+00 4.0000e+00 0.0000e+00 4.0000e+00 2.0000e+00 0.0000e+00 3.0000e+00 1.0000e+00 3.0000e+00 4.0000e+00 0.0000e+00 2.0000e+00 1.0000e+00 0.0000e+00 0.0000e+00 5.0000e+00 0.0000e+00 2.0000e+00 0.0000e+00 0.0000e+00 0.0000e+00 0.0000e+00 0.0000e+00 1.0000e+00 2.0000e+01 0.0000e+00 0.0000e+00 3.0000e+00 0.0000e+00 2.0000e+00
2.0000e+00 2.0000e+00 3.0000e+00 4.0000e+00 1.2000e+01 5.0000e+00 0.0000e+00 8.0000e+00 0.0000e+00 2.0000e+00 2.0000e+00 0.0000e+00 3.0000e+00 0.0000e+00 0.0000e+00 6.0000e+00 1.0000e+00 0.0000e+00 0.0000e+00 3.0000e+00 0.0000e+00 9.0000e+00 2.0000e+00 3.0000e+00 0.0000e+00 4.0000e+00 2.0000e+00 2.0000e+00 0.0000e+00 1.0000e+00 0.0000e+00 3.0000e+00 1.0000e+00 2.0000e+00 0.0000e+00 2.0000e+00 0.0000e+00 6.0000e+00 0.0000e+00 2.0000e+00 2.0000e+00 2.0000e+00 3.0000e+00 0.0000e+00 1.0000e+00 0.0000e+00 5.0000e+00 2.0000e+00 1.0000e+00 1.0000e+00
3.8800e+02 2.0000e+00 1.0000e+00 4.6900e+02 4.0000e+00 7.0000e+00 0.0000e+00 0.0000e+00 1.0000e+01 1.0000e+00 3.0000e+00 1.0000e+00 0.0000e+00 2.0000e+00 8.2200e+02 2.8000e+01 6.0000e+00 1.8000e+01 3.5000e+01 0.0000e+00 3.5000e+01 2.7500e+02 8.0000e+00 1.0960e+03 1.5000e+01 2.0000e+00 7.2000e+01 6.0000e+00 1.0000e+00 1.3000e+01 2.8000e+01 2.3000e+01 8.0000e+00 1.7000e+01 0.0000e+00 1.0000e+02 1.0000e+00 1.4000e+01 0.0000e+00 2.8400e+02 1.0000e+00 4.9000e+01 3.1000e+01 1.2000e+01 3.2000e+01 4.9000e+01 8.0000e+00 5.7000e+01 1.6000e+01 0.0000e+00
1.0000e+00 1.0000e+00 2.0000e+00 1.0000e+00 2.0000e+00 2.0000e+01 0.0000e+00 0.0000e+00 0.0000e+00 2.0000e+00 6.0000e+00 7.0000e+00 0.0000e+00 0.0000e+00 3.0000e+00 4.4000e+01 0.0000e+00 1.0000e+00 3.0000e+00 1.0000e+00 5.0000e+00 1.0000e+00 8.0000e+00 3.0000e+00 5.0000e+00 3.0000e+00 2.0000e+00 2.0000e+00 1.1000e+01 5.0000e+00 1.0000e+00 2.0000e+00 0.0000e+00 0.0000e+00 0.0000e+00 1.0000e+00 0.0000e+00 1.9000e+01 0.0000e+00 0.0000e+00 0.0000e+00 2.0000e+00 0.0000e+00 0.0000e+00 0.0000e+00 2.0000e+00 1.0000e+00 1.0000e+00 1.3000e+01 1.0000e+00
7.4000e+01 3.8000e+01 1.4900e+02 9.0000e+00 7.2000e+01 5.9000e+01 0.0000e+00 3.1000e+01 1.0000e+01 2.2700e+02 6.0000e+00 2.3000e+01 2.0000e+01 1.9400e+02 2.4000e+01 0.0000e+00 4.6000e+01 2.0000e+01 4.6000e+01 9.6000e+01 1.9000e+01 1.8000e+01 2.6000e+01 6.0000e+01 1.1800e+02 1.7500e+02 8.0000e+00 8.0000e+00 2.3000e+01 6.7000e+01 1.3100e+02 3.5900e+02 1.3100e+02 1.9000e+01 0.0000e+00 1.5000e+01 1.2500e+02 5.2000e+01 0.0000e+00 8.3000e+01 5.4000e+01 1.3400e+02 5.0000e+00 1.1800e+02 1.0000e+00 4.2000e+01 1.0000e+01 2.0000e+00 4.3000e+01 7.9000e+01
1.0000e+00 2.0000e+00 2.0000e+00 5.0000e+00 4.0000e+00 1.0000e+00 0.0000e+00 3.0000e+00 0.0000e+00 2.0000e+00 4.0000e+00 6.0000e+00 0.0000e+00 1.0000e+00 2.4000e+01 3.0000e+00 1.0000e+00 1.0000e+00 0.0000e+00 0.0000e+00 0.0000e+00 6.5000e+01 1.0000e+00 4.0000e+00 6.0000e+00 0.0000e+00 2.0000e+00 0.0000e+00 2.0000e+00 7.0000e+00 2.0000e+00 1.0000e+00 3.0000e+00 0.0000e+00 0.0000e+00 5.0000e+00 0.0000e+00 2.3000e+01 0.0000e+00 5.1000e+01 0.0000e+00 1.0000e+00 2.0000e+00 0.0000e+00 1.7000e+01 3.2000e+01 1.0000e+00 7.0000e+00 0.0000e+00 1.0000e+00
0.0000e+00 0.0000e+00 4.0000e+00 1.1000e+01 1.0000e+00 1.0000e+00 0.0000e+00 1.0000e+00 5.0000e+00 2.0000e+00 9.0000e+00 0.0000e+00 7.0000e+00 1.1000e+01 3.0000e+00 1.0000e+00 0.0000e+00 4.0000e+00 1.1000e+01 4.0000e+00 1.0000e+00 6.0000e+00 3.0000e+00 5.0000e+00 1.0000e+00 1.0000e+00 2.0000e+00 4.0000e+00 1.0000e+00 0.0000e+00 6.0000e+00 6.0000e+00 3.0000e+00 1.0000e+00 0.0000e+00 0.0000e+00 1.0000e+00 1.0000e+01 0.0000e+00 2.0000e+00 0.0000e+00 1.0000e+00 7.0000e+00 1.2000e+01 3.3000e+01 2.0000e+00 1.6000e+01 6.0000e+00 1.0000e+01 0.0000e+00
0.0000e+00 0.0000e+00 4.0000e+00 1.0000e+00 3.0000e+00 0.0000e+00 0.0000e+00 2.0000e+00 0.0000e+00 2.0000e+00 0.0000e+00 0.0000e+00 1.0000e+00 5.0000e+00 8.0000e+00 9.0000e+00 2.0000e+00 0.0000e+00 1.0000e+00 3.0000e+00 5.0000e+00 3.0000e+00 0.0000e+00 1.0000e+00 1.0000e+00 0.0000e+00 1.0000e+00 0.0000e+00 1.0000e+00 0.0000e+00 0.0000e+00 0.0000e+00 0.0000e+00 4.2000e+01 0.0000e+00 0.0000e+00 0.0000e+00 8.4000e+01 0.0000e+00 2.0000e+00 0.0000e+00 0.0000e+00 2.5000e+01 1.0000e+00 3.8000e+01 0.0000e+00 1.0000e+00 1.5000e+01 2.0000e+00 0.0000e+00
0.0000e+00 0.0000e+00 3.0000e+00 2.0000e+00 1.0000e+00 0.0000e+00 0.0000e+00 1.0000e+00 0.0000e+00 1.0000e+00 3.0000e+00 0.0000e+00 0.0000e+00 4.0000e+00 0.0000e+00 0.0000e+00 0.0000e+00 0.0000e+00 1.0000e+00 1.0000e+00 2.0000e+00 0.0000e+00 1.0000e+00 0.0000e+00 1.0000e+00 0.0000e+00 0.0000e+00 5.0000e+00 1.0000e+00 0.0000e+00 0.0000e+00 0.0000e+00 0.0000e+00 1.0000e+00 0.0000e+00 0.0000e+00 0.0000e+00 0.0000e+00 0.0000e+00 0.0000e+00 0.0000e+00 0.0000e+00 0.0000e+00 3.0000e+00 0.0000e+00 3.0000e+00 0.0000e+00 2.0000e+00 4.0000e+00 0.0000e+00
1.3000e+01 2.4600e+02 0.0000e+00 3.8000e+01 1.3100e+02 2.1000e+01 0.0000e+00 1.8900e+02 2.0000e+00 0.0000e+00 4.4000e+01 9.0000e+00 6.0000e+00 1.1900e+02 1.0000e+00 1.8000e+02 1.6000e+01 0.0000e+00 4.0000e+00 0.0000e+00 1.0000e+00 3.0000e+00 0.0000e+00 3.0000e+00 6.1000e+01 1.0000e+01 2.0000e+00 2.5000e+01 0.0000e+00 8.0000e+00 0.0000e+00 1.0000e+01 0.0000e+00 5.0000e+00 0.0000e+00 4.0000e+01 9.6000e+01 0.0000e+00 0.0000e+00 1.0000e+00 0.0000e+00 0.0000e+00 8.5000e+01 0.0000e+00 5.3780e+03 0.0000e+00 0.0000e+00 4.5000e+01 3.7000e+01 2.6000e+01
0.0000e+00 1.0000e+00 0.0000e+00 3.0000e+00 1.0000e+00 4.0000e+00 0.0000e+00 0.0000e+00 0.0000e+00 0.0000e+00 1.8000e+01 1.0000e+00 0.0000e+00 0.0000e+00 0.0000e+00 1.8000e+01 0.0000e+00 0.0000e+00 0.0000e+00 1.0000e+00 0.0000e+00 1.0000e+00 0.0000e+00 5.0000e+00 0.0000e+00 0.0000e+00 0.0000e+00 0.0000e+00 0.0000e+00 1.0000e+01 0.0000e+00 0.0000e+00 1.0000e+00 1.0000e+00 0.0000e+00 0.0000e+00 0.0000e+00 1.0000e+00 0.0000e+00 5.0000e+00 0.0000e+00 1.0000e+00 4.0000e+00 0.0000e+00 0.0000e+00 1.0000e+00 0.0000e+00 0.0000e+00 0.0000e+00 0.0000e+00
0.0000e+00 0.0000e+00 0.0000e+00 1.0000e+00 3.0000e+00 0.0000e+00 0.0000e+00 0.0000e+00 0.0000e+00 1.0000e+00 5.0000e+00 4.0000e+00 0.0000e+00 0.0000e+00 4.0000e+00 2.0000e+00 1.0000e+00 0.0000e+00 0.0000e+00 0.0000e+00 0.0000e+00 0.0000e+00 0.0000e+00 5.0000e+00 0.0000e+00 0.0000e+00 0.0000e+00 0.0000e+00 1.0000e+00 2.0000e+00 0.0000e+00 0.0000e+00 1.0000e+00 0.0000e+00 0.0000e+00 0.0000e+00 0.0000e+00 1.0000e+00 0.0000e+00 6.0000e+00 0.0000e+00 0.0000e+00 3.0000e+00 2.0000e+00 0.0000e+00 0.0000e+00 0.0000e+00 0.0000e+00 1.0000e+00 0.0000e+00
5.0000e+00 0.0000e+00 0.0000e+00 0.0000e+00 0.0000e+00 4.4000e+01 0.0000e+00 1.0000e+00 0.0000e+00 0.0000e+00 1.1000e+01 1.0000e+00 0.0000e+00 0.0000e+00 0.0000e+00 6.6000e+01 0.0000e+00 1.0000e+00 0.0000e+00 0.0000e+00 2.4000e+01 3.0000e+00 1.0000e+00 0.0000e+00 6.0000e+00 0.0000e+00 1.0000e+00 3.0000e+00 3.0000e+00 3.0000e+00 8.0000e+00 5.0000e+00 1.0000e+00 0.0000e+00 0.0000e+00 1.0000e+00 5.0000e+00 5.0000e+00 0.0000e+00 1.0000e+00 2.0000e+00 0.0000e+00 7.0000e+00 1.0000e+01 0.0000e+00 1.0000e+01 2.0000e+00 1.0000e+00 1.0000e+00 4.3000e+01
5.0000e+00 2.0000e+00 3.0000e+00 2.1000e+01 4.0000e+00 1.0000e+00 0.0000e+00 4.0000e+00 0.0000e+00 2.0000e+00 2.0000e+00 0.0000e+00 0.0000e+00 2.0000e+00 6.0000e+00 2.8000e+01 2.0000e+00 2.0000e+00 1.0000e+00 1.0000e+00 1.0000e+00 3.0000e+00 5.0000e+00 1.0000e+00 0.0000e+00 2.0000e+00 1.0000e+00 1.0000e+00 1.0000e+00 1.0000e+00 0.0000e+00 0.0000e+00 4.0000e+00 5.6900e+03 0.0000e+00 5.0000e+00 0.0000e+00 7.3000e+01 0.0000e+00 4.0000e+00 4.0000e+00 1.0000e+00 5.0000e+00 0.0000e+00 0.0000e+00 1.0000e+00 1.0000e+00 7.0000e+00 2.0000e+00 1.0000e+00
5.0000e+00 0.0000e+00 8.0000e+00 2.4000e+01 1.0000e+00 6.0000e+00 0.0000e+00 1.0000e+00 1.0000e+00 5.0000e+00 1.0000e+00 3.0000e+00 0.0000e+00 2.0000e+00 2.0000e+00 1.6000e+01 1.8000e+01 3.0000e+00 1.0000e+00 0.0000e+00 6.0000e+00 1.0000e+01 7.0000e+00 3.0000e+00 2.0000e+00 0.0000e+00 9.0000e+00 7.0000e+00 8.0000e+00 3.3000e+01 0.0000e+00 2.8000e+01 3.1000e+01 0.0000e+00 0.0000e+00 1.0000e+00 1.0000e+00 5.6000e+01 0.0000e+00 2.5000e+01 1.0000e+00 2.0000e+00 1.8000e+01 1.0000e+00 0.0000e+00 4.0000e+00 3.0000e+00 1.5000e+01 2.0000e+00 0.0000e+00
0.0000e+00 0.0000e+00 0.0000e+00 0.0000e+00 3.0000e+00 3.3000e+01 0.0000e+00 1.0000e+00 8.0000e+00 0.0000e+00 1.2000e+01 0.0000e+00 0.0000e+00 0.0000e+00 1.4000e+01 0.0000e+00 3.7000e+01 0.0000e+00 0.0000e+00 2.1000e+01 0.0000e+00 5.8000e+01 3.2000e+01 4.0000e+00 2.0000e+00 8.1000e+01 1.0000e+00 8.0000e+00 0.0000e+00 4.0000e+00 1.0000e+01 0.0000e+00 2.0000e+00 0.0000e+00 0.0000e+00 4.9000e+01 5.0000e+00 0.0000e+00 0.0000e+00 0.0000e+00 0.0000e+00 0.0000e+00 0.0000e+00 0.0000e+00 0.0000e+00 3.0000e+00 6.2000e+01 3.0000e+00 2.0000e+00 1.0000e+00
0.0000e+00 0.0000e+00 1.0000e+00 1.0000e+00 7.0000e+00 3.0000e+00 0.0000e+00 0.0000e+00 1.0000e+00 9.0000e+00 4.0000e+00 1.0000e+00 0.0000e+00 1.0000e+00 1.0000e+01 2.0000e+00 1.0000e+00 1.0000e+00 1.0000e+00 1.0000e+00 2.0000e+00 2.0000e+00 1.0000e+00 0.0000e+00 3.0000e+00 4.0000e+00 0.0000e+00 1.1000e+01 0.0000e+00 1.0000e+00 0.0000e+00 6.0000e+00 7.0000e+00 0.0000e+00 0.0000e+00 6.0000e+00 0.0000e+00 5.1440e+03 0.0000e+00 0.0000e+00 0.0000e+00 4.0000e+00 3.8000e+01 2.0000e+00 0.0000e+00 2.0000e+00 2.0000e+00 1.0000e+00 0.0000e+00 0.0000e+00
1.0500e+02 0.0000e+00 1.1000e+01 6.3000e+01 2.4200e+02 4.6000e+01 0.0000e+00 6.0000e+00 0.0000e+00 3.8000e+01 4.0000e+00 8.1000e+01 3.0000e+00 0.0000e+00 8.0000e+00 2.5000e+01 2.0000e+00 0.0000e+00 2.0000e+00 2.0000e+00 2.0000e+00 7.0000e+00 1.2000e+01 2.1000e+01 1.3000e+01 8.0000e+00 2.0000e+00 1.0000e+00 3.0000e+00 1.0000e+00 0.0000e+00 1.1000e+01 0.0000e+00 0.0000e+00 0.0000e+00 1.9000e+01 0.0000e+00 0.0000e+00 0.0000e+00 8.8000e+01 2.0000e+00 2.0000e+00 8.5000e+01 9.0000e+00 0.0000e+00 3.0000e+01 2.0000e+00 3.3000e+01 3.0000e+00 5.0000e+00
0.0000e+00 2.0000e+00 0.0000e+00 0.0000e+00 5.0000e+00 8.0000e+00 0.0000e+00 3.0000e+00 0.0000e+00 0.0000e+00 1.0000e+00 3.0000e+00 1.0000e+00 0.0000e+00 5.0000e+00 5.0000e+00 0.0000e+00 0.0000e+00 1.0000e+00 2.0000e+00 0.0000e+00 1.0000e+00 0.0000e+00 1.0000e+00 0.0000e+00 1.0000e+00 0.0000e+00 0.0000e+00 5.0000e+00 8.0000e+00 0.0000e+00 0.0000e+00 0.0000e+00 0.0000e+00 0.0000e+00 9.0000e+00 0.0000e+00 0.0000e+00 0.0000e+00 0.0000e+00 0.0000e+00 6.0000e+00 2.0000e+00 2.0000e+00 0.0000e+00 1.0000e+00 0.0000e+00 1.0000e+00 0.0000e+00 0.0000e+00
1.0000e+00 0.0000e+00 0.0000e+00 0.0000e+00 0.0000e+00 2.0000e+00 0.0000e+00 0.0000e+00 0.0000e+00 3.0000e+00 3.0000e+00 0.0000e+00 0.0000e+00 0.0000e+00 1.0000e+00 1.0000e+00 0.0000e+00 0.0000e+00 1.0000e+00 1.0000e+00 3.0000e+00 0.0000e+00 0.0000e+00 0.0000e+00 0.0000e+00 1.0000e+00 0.0000e+00 0.0000e+00 1.0000e+00 0.0000e+00 0.0000e+00 4.0000e+00 0.0000e+00 0.0000e+00 0.0000e+00 0.0000e+00 0.0000e+00 0.0000e+00 0.0000e+00 0.0000e+00 2.0000e+00 0.0000e+00 2.0000e+00 2.0000e+00 0.0000e+00 1.1000e+01 0.0000e+00 0.0000e+00 2.0000e+00 0.0000e+00
3.0000e+00 3.0000e+00 1.2000e+01 4.9000e+01 2.0000e+01 3.5000e+01 0.0000e+00 5.0000e+00 4.0000e+00 1.5000e+01 1.6000e+01 8.0000e+00 5.0000e+00 1.5000e+01 1.9000e+01 9.0000e+00 1.0000e+01 1.0000e+00 0.0000e+00 8.0000e+00 2.0000e+00 6.0000e+00 2.0000e+00 4.0000e+00 1.5000e+01 2.0000e+00 6.0000e+00 3.0000e+00 1.6000e+01 1.4000e+01 3.0000e+00 5.0000e+00 5.0000e+00 0.0000e+00 0.0000e+00 4.0000e+00 3.0000e+00 0.0000e+00 0.0000e+00 2.3000e+01 2.0000e+00 3.0000e+00 2.0000e+00 9.0000e+00 0.0000e+00 8.0000e+00 8.0000e+00 1.1000e+01 1.0000e+01 2.0000e+00
3.0000e+00 2.0000e+00 1.0000e+00 3.0000e+00 1.0000e+00 7.0000e+00 0.0000e+00 0.0000e+00 3.0000e+00 4.0000e+00 6.0000e+00 3.0000e+00 1.0000e+00 2.0000e+00 5.0000e+00 8.0000e+00 3.0000e+00 0.0000e+00 1.0000e+00 0.0000e+00 7.0000e+00 5.0000e+00 0.0000e+00 3.0000e+00 0.0000e+00 0.0000e+00 3.0000e+00 1.0000e+00 9.0000e+00 1.7000e+01 0.0000e+00 1.0000e+00 9.0000e+00 0.0000e+00 0.0000e+00 3.0000e+00 0.0000e+00 0.0000e+00 0.0000e+00 1.0000e+00 1.0000e+00 0.0000e+00 5.0000e+00 3.0000e+00 0.0000e+00 0.0000e+00 3.0000e+00 4.0000e+00 0.0000e+00 5.0000e+00
2.0000e+00 5.0000e+00 0.0000e+00 2.0000e+00 2.0000e+00 2.0000e+00 0.0000e+00 0.0000e+00 0.0000e+00 7.6000e+01 1.1310e+03 3.0000e+00 1.0000e+00 7.0000e+00 8.1000e+01 1.8700e+02 1.0000e+00 0.0000e+00 0.0000e+00 0.0000e+00 4.1000e+01 3.0000e+00 3.0000e+00 2.0000e+00 8.2000e+01 1.0000e+00 1.0000e+00 1.0000e+00 1.0000e+00 5.7000e+01 2.0000e+00 5.0000e+00 8.0000e+00 0.0000e+00 0.0000e+00 3.6000e+01 0.0000e+00 0.0000e+00 0.0000e+00 1.0000e+01 0.0000e+00 3.0000e+00 5.6000e+01 9.0000e+00 0.0000e+00 1.0000e+00 6.5000e+01 6.4000e+01 0.0000e+00 2.0000e+00
2.0000e+00 4.0000e+00 3.0000e+00 8.0000e+00 1.0000e+00 0.0000e+00 0.0000e+00 3.0000e+00 3.0000e+00 3.0000e+00 5.0000e+00 2.4000e+01 5.0000e+00 5.0000e+00 1.5900e+02 1.6400e+02 4.0000e+00 0.0000e+00 2.0000e+00 5.0000e+00 0.0000e+00 0.0000e+00 1.0000e+00 0.0000e+00 0.0000e+00 5.0000e+00 2.0000e+00 5.0000e+00 2.0000e+00 1.7600e+02 3.0000e+00 7.0000e+00 0.0000e+00 0.0000e+00 0.0000e+00 1.0000e+01 1.0000e+00 0.0000e+00 0.0000e+00 3.0000e+00 0.0000e+00 1.0000e+00 9.9000e+01 0.0000e+00 0.0000e+00 2.0000e+00 5.0000e+00 2.3000e+01 0.0000e+00 3.0000e+00
1.0000e+00 0.0000e+00 0.0000e+00 1.3000e+01 3.0000e+00 2.0000e+00 0.0000e+00 0.0000e+00 0.0000e+00 1.0000e+00 1.0000e+00 3.0000e+00 4.0000e+00 0.0000e+00 3.0000e+00 4.4000e+01 0.0000e+00 0.0000e+00 2.0000e+00 1.0000e+00 1.0000e+00 5.0000e+00 1.0000e+00 0.0000e+00 0.0000e+00 5.0000e+00 5.0000e+00 2.0000e+00 3.0000e+00 1.6000e+01 3.0000e+00 1.0000e+00 0.0000e+00 0.0000e+00 0.0000e+00 1.0000e+00 0.0000e+00 0.0000e+00 0.0000e+00 1.0000e+00 1.0000e+00 1.1000e+01 0.0000e+00 0.0000e+00 0.0000e+00 7.0000e+00 2.0000e+00 1.0000e+00 0.0000e+00 0.0000e+00
2.3000e+01 2.4000e+01 5.7000e+01 1.1800e+02 5.8000e+01 2.0000e+01 0.0000e+00 5.3000e+02 3.0000e+01 8.6000e+01 1.8000e+01 8.0000e+00 3.0300e+02 5.1000e+01 4.1000e+01 8.6000e+01 1.3000e+01 2.7000e+01 6.0000e+01 3.3000e+01 4.3000e+01 4.1000e+01 3.0000e+01 5.1000e+01 4.0000e+00 2.4000e+01 3.0000e+00 1.0000e+00 5.7000e+01 1.1000e+01 1.7000e+01 5.0000e+00 3.3000e+01 0.0000e+00 0.0000e+00 1.0000e+01 3.2000e+01 0.0000e+00 0.0000e+00 1.1000e+02 6.5000e+01 1.0000e+00 6.0000e+00 5.8000e+01 0.0000e+00 1.3500e+02 3.3000e+01 5.9000e+01 1.8000e+01 2.8000e+01
3.0000e+00 0.0000e+00 0.0000e+00 2.0000e+00 0.0000e+00 3.0000e+00 0.0000e+00 0.0000e+00 3.0000e+00 0.0000e+00 0.0000e+00 1.0000e+00 0.0000e+00 0.0000e+00 0.0000e+00 5.0000e+00 0.0000e+00 0.0000e+00 0.0000e+00 0.0000e+00 0.0000e+00 1.0000e+00 0.0000e+00 1.0000e+00 0.0000e+00 0.0000e+00 0.0000e+00 0.0000e+00 2.0000e+00 0.0000e+00 3.0000e+00 1.0000e+00 3.0000e+00 0.0000e+00 0.0000e+00 4.0000e+00 0.0000e+00 0.0000e+00 0.0000e+00 7.0000e+00 0.0000e+00 0.0000e+00 3.0000e+00 2.0000e+00 0.0000e+00 0.0000e+00 3.0000e+00 4.0000e+00 0.0000e+00 0.0000e+00
1.1500e+02 1.2000e+02 8.0000e+01 2.9300e+02 2.4920e+03 5.1600e+03 0.0000e+00 1.4900e+02 2.3000e+01 1.1710e+03 1.9500e+02 1.9890e+03 4.8700e+02 7.9000e+01 4.3100e+03 7.1000e+01 1.9790e+03 1.4800e+02 5.4710e+03 5.4100e+02 5.4510e+03 1.4000e+02 2.1670e+03 4.1800e+02 9.7000e+01 5.3140e+03 1.3800e+02 7.2000e+01 2.1250e+03 4.8130e+03 1.8800e+02 4.2710e+03 1.1400e+02 0.0000e+00 0.0000e+00 1.6100e+02 3.1820e+03 0.0000e+00 0.0000e+00 6.3000e+01 1.9200e+02 4.0670e+03 8.0000e+01 2.2000e+02 0.0000e+00 4.4000e+02 4.8000e+01 1.7500e+02 2.9200e+02 5.3310e+03
0.0000e+00 0.0000e+00 0.0000e+00 1.0000e+00 0.0000e+00 0.0000e+00 0.0000e+00 1.0000e+00 2.0000e+00 7.0000e+00 3.0000e+00 0.0000e+00 3.0000e+00 0.0000e+00 0.0000e+00 0.0000e+00 2.0000e+00 9.0000e+00 0.0000e+00 6.0000e+00 0.0000e+00 2.0000e+00 0.0000e+00 1.0000e+00 0.0000e+00 0.0000e+00 1.0000e+00 0.0000e+00 0.0000e+00 0.0000e+00 0.0000e+00 0.0000e+00 3.0000e+00 0.0000e+00 0.0000e+00 8.0000e+00 0.0000e+00 0.0000e+00 0.0000e+00 3.0000e+00 0.0000e+00 6.0000e+00 1.4000e+01 2.0000e+00 0.0000e+00 0.0000e+00 5.0000e+00 1.0000e+00 0.0000e+00 0.0000e+00
4.0000e+00 2.0000e+00 0.0000e+00 4.0000e+00 5.0000e+00 0.0000e+00 0.0000e+00 4.0000e+00 1.0000e+00 0.0000e+00 2.1000e+01 0.0000e+00 2.0000e+00 4.0000e+00 0.0000e+00 7.0000e+00 0.0000e+00 0.0000e+00 0.0000e+00 1.0000e+00 0.0000e+00 1.7000e+01 3.0000e+00 7.0000e+01 3.0000e+01 0.0000e+00 2.0000e+00 3.0000e+00 7.0000e+00 0.0000e+00 4.0000e+00 0.0000e+00 2.0000e+00 0.0000e+00 0.0000e+00 1.3000e+01 9.0000e+00 0.0000e+00 0.0000e+00 2.2000e+01 2.0000e+00 4.0000e+00 1.8200e+02 3.0000e+00 0.0000e+00 2.0000e+00 5.0000e+00 1.3000e+01 0.0000e+00 0.0000e+00
2.0000e+01 5.2000e+02 7.4000e+01 3.1000e+01 0.0000e+00 0.0000e+00 0.0000e+00 5.0000e+00 2.6000e+01 2.7700e+02 0.0000e+00 9.0000e+01 4.8000e+02 9.7800e+02 0.0000e+00 7.0600e+02 5.0000e+00 5.3500e+02 0.0000e+00 4.5300e+02 0.0000e+00 0.0000e+00 7.0000e+00 1.2100e+02 6.8400e+02 0.0000e+00 5.7000e+01 6.9000e+01 3.0000e+01 0.0000e+00 2.0000e+00 0.0000e+00 2.0000e+00 0.0000e+00 0.0000e+00 5.0430e+03 2.0000e+00 0.0000e+00 0.0000e+00 1.0000e+00 5.2000e+01 6.9000e+01 1.7700e+02 0.0000e+00 0.0000e+00 0.0000e+00 1.6300e+02 1.9600e+02 1.0000e+00 0.0000e+00
1.2000e+02 3.2000e+01 4.1230e+03 1.2900e+03 4.3000e+01 0.0000e+00 0.0000e+00 1.0100e+02 2.1000e+01 2.0000e+02 4.0000e+00 7.0000e+01 1.5300e+02 1.4400e+02 0.0000e+00 2.8500e+02 2.8100e+02 2.5400e+02 0.0000e+00 7.8000e+01 0.0000e+00 2.7600e+02 2.0100e+02 2.8500e+02 8.7000e+01 0.0000e+00 2.3700e+02 1.0400e+02 4.1900e+02 0.0000e+00 5.1600e+03 0.0000e+00 1.5200e+02 0.0000e+00 0.0000e+00 0.0000e+00 1.2800e+02 0.0000e+00 0.0000e+00 1.7600e+02 5.4000e+01 1.2900e+02 1.0600e+02 5.7000e+01 0.0000e+00 1.8750e+03 7.8000e+01 6.3000e+01 2.1200e+02 0.0000e+00
5.3000e+01 0.0000e+00 3.0000e+00 0.0000e+00 1.8000e+01 0.0000e+00 0.0000e+00 4.0000e+00 0.0000e+00 9.0000e+00 1.0000e+00 1.0000e+00 1.0000e+00 1.0000e+00 0.0000e+00 1.0000e+00 2.0000e+00 0.0000e+00 0.0000e+00 2.0000e+00 0.0000e+00 4.0000e+00 7.0000e+00 0.0000e+00 1.9000e+01 0.0000e+00 2.0000e+00 0.0000e+00 5.0000e+00 0.0000e+00 0.0000e+00 0.0000e+00 0.0000e+00 0.0000e+00 0.0000e+00 0.0000e+00 0.0000e+00 0.0000e+00 0.0000e+00 1.0000e+00 0.0000e+00 6.0000e+00 9.0000e+00 2.0000e+00 0.0000e+00 2.2000e+01 5.0000e+00 2.0000e+00 2.0000e+00 0.0000e+00
4.1780e+03 4.3870e+03 5.8600e+02 1.8680e+03 1.6280e+03 0.0000e+00 0.0000e+00 4.1690e+03 5.0940e+03 1.6600e+03 3.5670e+03 2.6810e+03 3.4170e+03 3.4320e+03 0.0000e+00 2.8850e+03 2.0350e+03 4.1380e+03 0.0000e+00 4.2880e+03 0.0000e+00 3.9020e+03 2.1950e+03 2.7270e+03 3.6630e+03 0.0000e+00 4.9720e+03 5.1750e+03 1.3950e+03 0.0000e+00 0.0000e+00 0.0000e+00 4.2600e+03 0.0000e+00 0.0000e+00 0.0000e+00 1.5260e+03 0.0000e+00 0.0000e+00 3.4520e+03 4.9460e+03 5.6600e+02 3.5560e+03 4.5050e+03 0.0000e+00 2.2130e+03 4.9150e+03 4.5460e+03 4.9890e+03 0.0000e+00
0.0000e+00 0.0000e+00 0.0000e+00 0.0000e+00 2.0000e+00 0.0000e+00 0.0000e+00 0.0000e+00 1.0000e+00 2.0000e+00 0.0000e+00 0.0000e+00 0.0000e+00 0.0000e+00 0.0000e+00 2.0000e+00 0.0000e+00 0.0000e+00 0.0000e+00 0.0000e+00 0.0000e+00 5.0000e+00 1.0000e+00 1.0000e+00 1.0000e+00 0.0000e+00 0.0000e+00 0.0000e+00 1.0000e+00 0.0000e+00 0.0000e+00 0.0000e+00 0.0000e+00 0.0000e+00 0.0000e+00 0.0000e+00 0.0000e+00 0.0000e+00 0.0000e+00 0.0000e+00 0.0000e+00 0.0000e+00 5.0000e+00 0.0000e+00 0.0000e+00 0.0000e+00 0.0000e+00 0.0000e+00 0.0000e+00 0.0000e+00
0.0000e+00 0.0000e+00 0.0000e+00 3.0000e+00 0.0000e+00 0.0000e+00 0.0000e+00 0.0000e+00 0.0000e+00 1.0000e+00 3.0000e+00 0.0000e+00 0.0000e+00 0.0000e+00 0.0000e+00 0.0000e+00 0.0000e+00 3.0000e+00 0.0000e+00 0.0000e+00 0.0000e+00 3.0000e+00 6.0000e+00 0.0000e+00 0.0000e+00 0.0000e+00 0.0000e+00 0.0000e+00 1.0000e+00 0.0000e+00 0.0000e+00 0.0000e+00 0.0000e+00 0.0000e+00 0.0000e+00 0.0000e+00 0.0000e+00 0.0000e+00 0.0000e+00 1.3700e+02 0.0000e+00 0.0000e+00 4.0000e+00 0.0000e+00 0.0000e+00 2.0000e+00 0.0000e+00 0.0000e+00 0.0000e+00 0.0000e+00
4.0000e+00 0.0000e+00 1.0000e+00 1.4000e+01 0.0000e+00 0.0000e+00 0.0000e+00 3.0000e+00 6.0000e+00 2.0000e+00 1.0000e+00 2.0000e+00 1.0000e+00 0.0000e+00 0.0000e+00 1.9000e+01 2.0000e+00 0.0000e+00 0.0000e+00 0.0000e+00 0.0000e+00 3.0000e+00 0.0000e+00 2.0000e+00 2.0000e+00 0.0000e+00 0.0000e+00 0.0000e+00 3.0000e+00 0.0000e+00 0.0000e+00 0.0000e+00 0.0000e+00 0.0000e+00 0.0000e+00 0.0000e+00 1.0000e+00 0.0000e+00 0.0000e+00 3.0000e+00 0.0000e+00 4.0000e+00 7.0000e+00 4.0000e+00 0.0000e+00 8.0000e+00 0.0000e+00 0.0000e+00 0.0000e+00 0.0000e+00
1.0000e+00 0.0000e+00 0.0000e+00 4.0000e+00 1.4000e+01 0.0000e+00 0.0000e+00 0.0000e+00 7.0000e+00 1.0000e+00 0.0000e+00 3.0000e+00 1.0000e+00 7.0000e+00 0.0000e+00 9.0000e+00 0.0000e+00 4.0000e+00 0.0000e+00 0.0000e+00 0.0000e+00 0.0000e+00 8.0000e+00 1.2000e+01 1.0000e+00 0.0000e+00 0.0000e+00 0.0000e+00 8.0000e+00 0.0000e+00 0.0000e+00 0.0000e+00 6.0000e+00 0.0000e+00 0.0000e+00 0.0000e+00 0.0000e+00 0.0000e+00 0.0000e+00 2.9000e+01 0.0000e+00 1.0000e+00 3.0000e+00 1.8000e+01 0.0000e+00 1.0000e+00 0.0000e+00 0.0000e+00 0.0000e+00 0.0000e+00
3.0000e+00 0.0000e+00 0.0000e+00 0.0000e+00 1.0000e+00 0.0000e+00 0.0000e+00 2.0000e+00 6.0000e+00 1.0000e+00 1.0000e+00 1.0000e+00 0.0000e+00 0.0000e+00 0.0000e+00 0.0000e+00 0.0000e+00 0.0000e+00 0.0000e+00 0.0000e+00 0.0000e+00 0.0000e+00 0.0000e+00 0.0000e+00 0.0000e+00 0.0000e+00 0.0000e+00 0.0000e+00 3.0000e+00 0.0000e+00 0.0000e+00 0.0000e+00 0.0000e+00 0.0000e+00 0.0000e+00 0.0000e+00 0.0000e+00 0.0000e+00 0.0000e+00 0.0000e+00 0.0000e+00 0.0000e+00 0.0000e+00 0.0000e+00 0.0000e+00 1.0000e+00 0.0000e+00 0.0000e+00 0.0000e+00 0.0000e+00
8.0000e+00 0.0000e+00 3.0000e+00 1.8900e+02 0.0000e+00 0.0000e+00 0.0000e+00 3.0000e+00 3.0000e+00 1.0000e+00 6.0000e+00 3.0000e+00 5.0000e+00 4.0000e+00 0.0000e+00 2.4000e+01 3.0000e+00 1.0000e+00 0.0000e+00 0.0000e+00 0.0000e+00 7.3000e+01 8.0000e+00 4.0000e+00 1.0000e+00 0.0000e+00 0.0000e+00 0.0000e+00 4.0000e+00 0.0000e+00 0.0000e+00 0.0000e+00 1.0000e+00 0.0000e+00 0.0000e+00 0.0000e+00 3.0000e+00 0.0000e+00 0.0000e+00 3.0000e+00 0.0000e+00 6.0000e+00 3.6000e+01 1.0000e+00 0.0000e+00 3.0000e+00 0.0000e+00 0.0000e+00 0.0000e+00 0.0000e+00
0.0000e+00 0.0000e+00 1.0000e+00 1.0000e+00 1.0000e+00 0.0000e+00 0.0000e+00 0.0000e+00 2.0000e+00 2.0000e+00 3.0000e+00 5.0000e+00 1.0000e+00 0.0000e+00 0.0000e+00 3.0000e+00 1.0000e+00 1.0000e+00 0.0000e+00 0.0000e+00 0.0000e+00 5.0000e+00 1.0000e+00 7.0000e+00 8.0000e+00 0.0000e+00 0.0000e+00 0.0000e+00 7.0000e+00 0.0000e+00 0.0000e+00 0.0000e+00 1.0000e+00 0.0000e+00 0.0000e+00 0.0000e+00 2.0000e+00 0.0000e+00 0.0000e+00 2.0000e+00 0.0000e+00 0.0000e+00 5.0000e+00 2.0000e+00 0.0000e+00 1.0000e+00 0.0000e+00 0.0000e+00 0.0000e+00 0.0000e+00
2.0000e+00 0.0000e+00 0.0000e+00 4.0000e+00 6.4000e+01 0.0000e+00 0.0000e+00 1.0000e+00 5.0000e+00 7.7700e+02 8.0000e+00 4.0000e+00 1.0000e+01 0.0000e+00 0.0000e+00 1.3000e+01 0.0000e+00 1.0000e+00 0.0000e+00 0.0000e+00 0.0000e+00 1.1000e+01 2.0000e+00 7.0000e+00 1.0000e+00 0.0000e+00 0.0000e+00 0.0000e+00 4.8000e+01 0.0000e+00 0.0000e+00 0.0000e+00 7.5000e+01 0.0000e+00 0.0000e+00 0.0000e+00 1.0000e+00 0.0000e+00 0.0000e+00 4.0000e+00 0.0000e+00 9.0000e+00 6.2000e+01 2.6000e+01 0.0000e+00 2.0000e+00 0.0000e+00 0.0000e+00 0.0000e+00 0.0000e+00
