9.9100e+02 9.5100e+02 1.0060e+03 9.9400e+02 9.7600e+02 1.0430e+03 9.9200e+02 1.0610e+03 9.9300e+02 1.0460e+03
9.8100e+02 1.0310e+03 1.0010e+03 1.0390e+03 1.0520e+03 9.9100e+02 9.8400e+02 9.5500e+02 9.8600e+02 1.0190e+03
9.7300e+02 9.9200e+02 1.0270e+03 9.7100e+02 1.0190e+03 9.8300e+02 9.9300e+02 1.0270e+03 9.9600e+02 1.0200e+03
1.0060e+03 1.0490e+03 9.8500e+02 1.0160e+03 1.0090e+03 9.9400e+02 9.5400e+02 1.0160e+03 1.0190e+03 1.0050e+03
1.0030e+03 9.9600e+02 9.6300e+02 9.8900e+02 9.7300e+02 1.0350e+03 1.0130e+03 1.0360e+03 1.0390e+03 9.7400e+02
1.0340e+03 9.7800e+02 1.0060e+03 9.8600e+02 9.1300e+02 9.5800e+02 9.5900e+02 1.0460e+03 9.7800e+02 1.0100e+03
1.0110e+03 1.0470e+03 9.9000e+02 9.9000e+02 1.0360e+03 9.9700e+02 9.6000e+02 1.0330e+03 9.5600e+02 9.9500e+02
9.8300e+02 1.0060e+03 1.0070e+03 1.0040e+03 9.9300e+02 1.0020e+03 1.0380e+03 1.0390e+03 1.0200e+03 9.6900e+02
1.0450e+03 1.0160e+03 9.2900e+02 1.0140e+03 1.0020e+03 1.0000e+03 9.6400e+02 1.0070e+03 1.0350e+03 9.5700e+02
1.0300e+03 9.8600e+02 9.9100e+02 1.0110e+03 9.3800e+02 9.7900e+02 9.4300e+02 1.0240e+03 1.0310e+03 9.8700e+02
