8.6579e-01 1.4406e-01 2.3360e-01 7.4849e-01 5.2869e-01 5.0719e-01 3.3871e-01 1.9416e-01 8.9527e-01 9.7419e-01
1.6106e-01 5.6935e-01 2.2378e-01 9.9519e-01 5.4563e-01 3.0071e-01 7.7846e-01 5.1309e-02 1.0243e-01 9.6860e-01
9.8664e-01 4.4456e-01 6.0370e-02 6.4470e-01 7.9392e-01 5.7884e-01 9.7784e-01 7.8189e-01 5.5221e-01 4.9608e-01
7.6243e-01 7.7502e-01 7.8579e-01 5.4724e-01 6.9574e-01 9.7787e-01 1.6038e-01 4.3602e-01 3.4446e-01 8.3284e-01
5.9821e-03 1.6265e-01 8.6916e-01 6.9869e-01 2.7133e-01 3.1111e-01 6.2192e-02 6.0521e-01 1.6843e-01 3.5524e-01
6.9536e-01 4.1616e-01 1.2525e-01 1.4909e-01 4.9836e-01 3.8727e-01 9.6350e-01 7.8107e-01 1.9530e-01 6.1188e-01
8.3185e-01 4.4031e-01 2.9091e-01 3.2626e-01 6.3803e-01 5.6169e-01 4.8229e-01 2.0910e-01 4.7176e-01 6.2111e-01
5.2391e-01 9.7018e-01 9.5730e-01 2.9084e-01 2.1148e-02 4.3713e-01 6.0501e-01 8.4312e-01 4.8529e-01 1.3416e-02
2.3445e-01 4.7933e-01 1.1625e-01 7.6824e-01 4.9401e-01 4.6000e-02 4.1390e-01 5.4320e-01 7.4106e-01 4.4828e-01
3.8835e-02 9.9391e-01 2.3713e-01 1.6617e-01 1.0021e-01 2.4719e-01 1.9724e-01 4.7559e-01 4.3938e-01 6.0790e-01
