8.5800e+02 1.3700e+02 2.3500e+02 7.4400e+02 5.1600e+02 5.2900e+02 3.3600e+02 2.0600e+02 8.8900e+02 1.0190e+03
1.5800e+02 5.8700e+02 2.2400e+02 1.0340e+03 5.7400e+02 2.9800e+02 7.6600e+02 4.9000e+01 1.0100e+02 9.8700e+02
9.6000e+02 4.4100e+02 6.2000e+01 6.2600e+02 8.0900e+02 5.6900e+02 9.7100e+02 8.0300e+02 5.5000e+02 5.0600e+02
7.6700e+02 8.1300e+02 7.7400e+02 5.5600e+02 7.0200e+02 9.7200e+02 1.5300e+02 4.4300e+02 3.5100e+02 8.3700e+02
6.0000e+00 1.6200e+02 8.3700e+02 6.9100e+02 2.6400e+02 3.2200e+02 6.3000e+01 6.2700e+02 1.7500e+02 3.4600e+02
7.1900e+02 4.0700e+02 1.2600e+02 1.4700e+02 4.5500e+02 3.7100e+02 9.2400e+02 8.1700e+02 1.9100e+02 6.1800e+02
8.4100e+02 4.6100e+02 2.8800e+02 3.2300e+02 6.6100e+02 5.6000e+02 4.6300e+02 2.1600e+02 4.5100e+02 6.1800e+02
5.1500e+02 9.7600e+02 9.6400e+02 2.9200e+02 2.1000e+01 4.3800e+02 6.2800e+02 8.7600e+02 4.9500e+02 1.3000e+01
2.4500e+02 4.8700e+02 1.0800e+02 7.7900e+02 4.9500e+02 4.6000e+01 3.9900e+02 5.4700e+02 7.6700e+02 4.2900e+02
4.0000e+01 9.8000e+02 2.3500e+02 1.6800e+02 9.4000e+01 2.4200e+02 1.8600e+02 4.8700e+02 4.5300e+02 6.0000e+02
