8.5100e+02 1.5800e+02 2.6900e+02 7.6300e+02 5.2400e+02 5.3100e+02 3.0800e+02 2.2600e+02 9.1800e+02 9.7200e+02
1.6400e+02 5.8500e+02 2.2300e+02 9.6400e+02 5.5200e+02 2.9200e+02 7.0800e+02 5.7000e+01 1.0300e+02 1.0270e+03
1.0320e+03 4.8200e+02 4.8000e+01 6.5200e+02 7.5800e+02 5.4800e+02 9.3700e+02 6.9700e+02 5.5900e+02 5.1900e+02
8.0500e+02 8.2200e+02 7.4800e+02 5.1000e+02 6.8600e+02 1.0070e+03 1.9300e+02 3.8600e+02 3.4600e+02 8.3400e+02
5.0000e+00 1.3500e+02 9.1800e+02 6.3100e+02 3.2400e+02 3.1100e+02 6.4000e+01 6.0500e+02 1.6100e+02 3.2500e+02
6.9000e+02 4.1600e+02 1.2900e+02 1.2900e+02 5.1400e+02 4.0500e+02 8.9000e+02 7.7500e+02 2.0600e+02 5.8100e+02
8.3900e+02 4.5100e+02 3.0000e+02 3.1100e+02 6.4900e+02 5.6600e+02 5.0900e+02 2.1600e+02 4.6100e+02 6.3600e+02
5.2000e+02 9.8300e+02 9.7200e+02 2.8400e+02 1.4000e+01 3.8900e+02 5.7400e+02 8.5800e+02 5.2100e+02 1.6000e+01
2.2500e+02 4.5200e+02 1.1100e+02 7.6700e+02 4.9400e+02 4.0000e+01 4.4400e+02 5.3900e+02 7.5100e+02 4.8400e+02
4.4000e+01 1.0030e+03 2.2800e+02 1.6400e+02 1.1500e+02 2.6500e+02 1.7700e+02 4.4500e+02 4.3900e+02 5.9200e+02
