2.0000e+00 2.0000e+00 0.0000e+00 2.0000e+00 1.0000e+00 1.0000e+00 1.0000e+00 1.0000e+00 5.9220e+03 1.3000e+01 1.0000e+00 3.0000e+00 6.0000e+00 4.0000e+00 1.4000e+01 5.9460e+03 1.0000e+00 5.9730e+03 2.0000e+00 1.0000e+00 0.0000e+00 1.1000e+01 4.0830e+03 6.0450e+03 1.0000e+00 5.9060e+03 1.0000e+00 2.0000e+00 1.0000e+00 1.0000e+00 1.0000e+00 1.0000e+00 2.0000e+00 3.0000e+00 1.0000e+00 1.0000e+00 9.0000e+00 1.0000e+00 2.0000e+00 6.0000e+00 3.0000e+00 1.0000e+00 0.0000e+00 5.9430e+03 2.0000e+00 2.0000e+00 1.0000e+00 2.0000e+00 2.0000e+00 2.0000e+00
1.0000e+00 3.0000e+00 2.0000e+00 1.0000e+00 1.0000e+00 1.0000e+00 1.0000e+00 1.0000e+00 3.0000e+00 1.0000e+00 1.0000e+00 1.0000e+00 1.0000e+00 1.0000e+00 6.0680e+03 1.0000e+00 3.0000e+00 1.0000e+00 1.0000e+00 1.0000e+00 2.0000e+00 6.0910e+03 1.0000e+00 1.0000e+00 1.0000e+00 1.0000e+00 1.0000e+00 1.0000e+00 1.0000e+00 1.0000e+00 2.0000e+00 2.0000e+00 1.0000e+00 2.0000e+00 6.0000e+00 3.0000e+00 1.0000e+00 1.0000e+00 3.0000e+00 1.0000e+00 1.0000e+00 1.0000e+00 1.1100e+02 5.0000e+00 3.0000e+00 1.0000e+00 1.0000e+00 1.0000e+00 1.0000e+00 1.0000e+00
2.0000e+00 1.0000e+00 1.4410e+03 3.0000e+00 1.0000e+00 5.0000e+00 5.9190e+03 2.0000e+00 1.0000e+00 1.0000e+00 6.0850e+03 1.0000e+00 2.0000e+00 1.0000e+00 2.0000e+00 1.0000e+00 1.0000e+00 1.0000e+00 6.0000e+00 1.9000e+01 1.0000e+00 1.0000e+00 1.0000e+00 2.0000e+00 4.0000e+01 3.0000e+00 1.0000e+00 1.0000e+00 6.0990e+03 1.0000e+00 4.0000e+00 5.9020e+03 4.0000e+00 2.0000e+00 1.0000e+00 5.0000e+00 1.0000e+00 2.5000e+01 1.0000e+00 1.0000e+00 2.0000e+00 1.0000e+00 1.0000e+00 1.0000e+00 1.0000e+00 1.0000e+00 1.0000e+00 4.5350e+03 1.0000e+00 1.0000e+00
2.0000e+00 9.0000e+00 1.0000e+00 1.0000e+00 1.0000e+00 1.0000e+00 2.0000e+00 1.0000e+00 1.0000e+00 1.1000e+01 1.0000e+00 1.0000e+00 1.1000e+01 1.0000e+00 1.0000e+00 1.0000e+01 1.0000e+00 1.0000e+00 1.0000e+00 1.0000e+00 2.0000e+00 1.0000e+00 2.0000e+00 2.0000e+00 5.9220e+03 1.0000e+00 1.0000e+00 7.0000e+00 1.0000e+00 1.0000e+00 5.9170e+03 1.0000e+00 2.9000e+01 1.0000e+00 7.0000e+00 1.0000e+00 3.0000e+00 3.0000e+00 2.0000e+00 1.0000e+00 1.0000e+00 1.0000e+00 1.0000e+00 1.0000e+00 5.9170e+03 5.9060e+03 3.0000e+00 1.0000e+00 3.5000e+01 1.0000e+00
2.0000e+00 1.0000e+00 1.0000e+00 1.0000e+00 1.0000e+00 3.0000e+00 1.0000e+00 5.9230e+03 2.0000e+00 2.0000e+00 3.0000e+00 2.0000e+00 1.0000e+00 3.0000e+00 4.0000e+00 1.0000e+00 6.0060e+03 1.0000e+00 1.0000e+00 1.0000e+00 5.0000e+00 2.0000e+00 1.0000e+00 2.0000e+00 2.0000e+00 1.0000e+00 4.0000e+00 2.1000e+01 1.0000e+00 1.0000e+00 3.0000e+00 1.7000e+01 2.0000e+00 1.0000e+00 5.8320e+03 5.9280e+03 1.0000e+00 1.0000e+00 1.0000e+00 1.0000e+00 1.0000e+00 1.0000e+00 1.0000e+00 5.0000e+00 1.0000e+00 4.0000e+00 1.0000e+00 1.0000e+00 8.0000e+00 5.8680e+03
7.0000e+00 5.8590e+03 0.0000e+00 4.5000e+01 2.0000e+00 1.0000e+00 1.0000e+00 6.0000e+00 3.0000e+00 2.0000e+00 2.0000e+00 2.0000e+00 6.0470e+03 2.0000e+00 1.0000e+00 1.0000e+00 0.0000e+00 1.0000e+00 1.0000e+00 1.0000e+00 1.0000e+00 0.0000e+00 1.7790e+03 2.0000e+00 8.0000e+00 2.0000e+00 3.2040e+03 2.0000e+00 4.0000e+00 1.0000e+00 1.0000e+00 0.0000e+00 1.0000e+00 2.0000e+00 2.0000e+00 5.0000e+00 2.3000e+02 5.9280e+03 1.8000e+01 5.8920e+03 3.0000e+00 5.9740e+03 1.0000e+00 1.0000e+00 3.4000e+01 4.0000e+00 1.0000e+00 1.0000e+00 3.0000e+00 2.0000e+00
5.9150e+03 1.0000e+00 1.6000e+01 7.0000e+00 6.0820e+03 2.0000e+00 5.2000e+01 2.0000e+00 2.0000e+00 6.0820e+03 1.0000e+00 1.0000e+00 1.0000e+00 1.0000e+00 1.0000e+00 1.0000e+00 3.0000e+00 1.0000e+00 1.0000e+00 1.0000e+00 1.0000e+00 1.0000e+00 1.0000e+00 2.0000e+00 6.0000e+00 2.0000e+00 1.0000e+00 2.3000e+01 3.0000e+00 1.0000e+00 2.0000e+00 1.0000e+01 5.0000e+00 1.0000e+00 1.0000e+00 8.5000e+01 1.0000e+00 1.0000e+00 1.7000e+01 3.0000e+00 6.0380e+03 1.0000e+00 5.8440e+03 2.0000e+00 1.0000e+00 2.0000e+00 9.0000e+00 1.5260e+03 1.0000e+00 1.0000e+00
1.0000e+00 2.0000e+00 1.0000e+00 2.0000e+00 1.0000e+00 4.0000e+00 1.0000e+00 2.0000e+00 1.0000e+00 2.0000e+00 2.0000e+00 1.6000e+01 2.0000e+00 6.1700e+03 4.0000e+00 1.0000e+00 3.0000e+00 1.0000e+00 1.0000e+00 6.0040e+03 6.5800e+02 3.0000e+00 1.0000e+00 1.0000e+00 1.0000e+00 2.0000e+00 1.0000e+00 1.0000e+00 1.0000e+00 1.0000e+00 1.0000e+00 2.0000e+00 5.9040e+03 5.9960e+03 1.8000e+01 1.0000e+00 1.0000e+00 1.0000e+00 1.0000e+00 1.0000e+00 1.0000e+00 1.0000e+00 1.0000e+00 1.0000e+00 1.0000e+00 2.0000e+00 1.0000e+00 2.0000e+00 5.8660e+03 1.0000e+00
1.0000e+00 5.0000e+00 2.0000e+00 5.9230e+03 4.0000e+00 1.9000e+01 0.0000e+00 1.0000e+00 1.0000e+00 3.0000e+00 1.0000e+00 1.0000e+00 2.0000e+00 3.0000e+00 3.0000e+00 1.0000e+00 3.0000e+00 1.0000e+00 5.9940e+03 1.0000e+00 0.0000e+00 1.0000e+00 3.0000e+00 4.0000e+00 4.0000e+00 1.3000e+01 2.7710e+03 5.8920e+03 6.0000e+00 5.8550e+03 1.0000e+00 2.0000e+00 2.0000e+00 1.0000e+00 1.0000e+00 5.0000e+00 5.7000e+03 1.0000e+00 1.0000e+00 3.0000e+00 4.1000e+01 2.0000e+00 5.0000e+00 3.2000e+01 2.0000e+00 1.0000e+00 6.1090e+03 4.0000e+00 2.0000e+00 4.0000e+00
1.0000e+00 1.0000e+00 4.4190e+03 1.0000e+00 1.0000e+00 6.0230e+03 2.0000e+00 2.0000e+00 1.0000e+00 1.0000e+00 1.0000e+00 6.0690e+03 1.0000e+00 1.0000e+00 1.0000e+00 1.0000e+00 2.0000e+00 1.0000e+00 1.0000e+00 3.0000e+00 5.4030e+03 1.0000e+00 1.0000e+00 1.0000e+00 1.0000e+00 5.0000e+00 2.0000e+00 1.0000e+00 1.0000e+00 3.0000e+00 2.0000e+00 4.5000e+01 1.0000e+00 5.0000e+00 2.0000e+00 2.0000e+00 3.0000e+00 5.0000e+00 6.0590e+03 1.0000e+00 3.0000e+00 3.0000e+00 1.0000e+00 1.0000e+00 1.0000e+00 1.0000e+00 1.0000e+00 3.0000e+00 1.0000e+00 2.0000e+00
