1.0000e+00 1.0000e+00 0.0000e+00 1.0000e+00 0.0000e+00 0.0000e+00 1.0000e+00 0.0000e+00 5.8130e+03 1.3000e+01 0.0000e+00 3.0000e+00 5.0000e+00 4.0000e+00 1.4000e+01 2.8060e+03 1.0000e+00 2.8250e+03 1.0000e+00 0.0000e+00 0.0000e+00 1.0000e+01 3.8890e+03 6.0090e+03 0.0000e+00 5.3700e+03 0.0000e+00 1.0000e+00 0.0000e+00 0.0000e+00 1.0000e+00 1.0000e+00 1.0000e+00 3.0000e+00 0.0000e+00 0.0000e+00 7.0000e+00 0.0000e+00 1.0000e+00 5.0000e+00 2.0000e+00 0.0000e+00 0.0000e+00 5.8510e+03 1.0000e+00 1.0000e+00 0.0000e+00 1.0000e+00 1.0000e+00 1.0000e+00
0.0000e+00 1.0000e+00 1.0000e+00 0.0000e+00 0.0000e+00 0.0000e+00 0.0000e+00 0.0000e+00 1.0000e+00 0.0000e+00 0.0000e+00 0.0000e+00 0.0000e+00 0.0000e+00 3.2830e+03 0.0000e+00 1.0000e+00 0.0000e+00 0.0000e+00 0.0000e+00 1.0000e+00 3.0290e+03 0.0000e+00 0.0000e+00 0.0000e+00 0.0000e+00 0.0000e+00 0.0000e+00 0.0000e+00 0.0000e+00 1.0000e+00 1.0000e+00 0.0000e+00 1.0000e+00 3.0000e+00 1.0000e+00 0.0000e+00 0.0000e+00 1.0000e+00 0.0000e+00 0.0000e+00 0.0000e+00 5.4000e+01 2.0000e+00 1.0000e+00 0.0000e+00 0.0000e+00 0.0000e+00 0.0000e+00 0.0000e+00
1.0000e+00 0.0000e+00 1.4310e+03 2.0000e+00 0.0000e+00 3.0000e+00 5.9190e+03 1.0000e+00 0.0000e+00 0.0000e+00 5.7400e+03 0.0000e+00 1.0000e+00 0.0000e+00 1.0000e+00 0.0000e+00 0.0000e+00 0.0000e+00 3.0000e+00 1.1000e+01 0.0000e+00 0.0000e+00 0.0000e+00 1.0000e+00 3.1000e+01 2.0000e+00 0.0000e+00 0.0000e+00 5.5380e+03 0.0000e+00 3.0000e+00 5.9020e+03 3.0000e+00 1.0000e+00 0.0000e+00 3.0000e+00 0.0000e+00 1.7000e+01 0.0000e+00 0.0000e+00 1.0000e+00 0.0000e+00 0.0000e+00 0.0000e+00 0.0000e+00 0.0000e+00 0.0000e+00 4.4580e+03 0.0000e+00 0.0000e+00
1.0000e+00 4.0000e+00 0.0000e+00 0.0000e+00 0.0000e+00 0.0000e+00 1.0000e+00 0.0000e+00 0.0000e+00 6.0000e+00 0.0000e+00 0.0000e+00 5.0000e+00 0.0000e+00 0.0000e+00 2.0000e+00 0.0000e+00 0.0000e+00 0.0000e+00 0.0000e+00 1.0000e+00 0.0000e+00 1.0000e+00 1.0000e+00 4.2620e+03 0.0000e+00 0.0000e+00 2.0000e+00 0.0000e+00 0.0000e+00 5.0250e+03 0.0000e+00 1.5000e+01 0.0000e+00 4.0000e+00 0.0000e+00 1.0000e+00 1.0000e+00 1.0000e+00 0.0000e+00 0.0000e+00 0.0000e+00 0.0000e+00 0.0000e+00 3.4520e+03 4.5710e+03 1.0000e+00 0.0000e+00 1.9000e+01 0.0000e+00
1.0000e+00 0.0000e+00 0.0000e+00 0.0000e+00 0.0000e+00 2.0000e+00 0.0000e+00 4.6770e+03 1.0000e+00 1.0000e+00 2.0000e+00 1.0000e+00 0.0000e+00 2.0000e+00 3.0000e+00 0.0000e+00 4.8150e+03 0.0000e+00 0.0000e+00 0.0000e+00 4.0000e+00 1.0000e+00 0.0000e+00 1.0000e+00 1.0000e+00 0.0000e+00 2.0000e+00 8.0000e+00 0.0000e+00 0.0000e+00 2.0000e+00 1.3000e+01 1.0000e+00 0.0000e+00 5.2990e+03 4.6290e+03 0.0000e+00 0.0000e+00 0.0000e+00 0.0000e+00 0.0000e+00 0.0000e+00 0.0000e+00 3.0000e+00 0.0000e+00 3.0000e+00 0.0000e+00 0.0000e+00 5.0000e+00 5.0440e+03
7.0000e+00 5.8590e+03 0.0000e+00 4.4000e+01 2.0000e+00 0.0000e+00 0.0000e+00 6.0000e+00 3.0000e+00 2.0000e+00 1.0000e+00 1.0000e+00 5.8310e+03 2.0000e+00 0.0000e+00 0.0000e+00 0.0000e+00 0.0000e+00 0.0000e+00 0.0000e+00 1.0000e+00 0.0000e+00 1.7740e+03 2.0000e+00 8.0000e+00 1.0000e+00 3.1120e+03 1.0000e+00 4.0000e+00 0.0000e+00 1.0000e+00 0.0000e+00 0.0000e+00 2.0000e+00 2.0000e+00 5.0000e+00 2.1100e+02 5.6760e+03 1.7000e+01 5.8510e+03 2.0000e+00 5.7330e+03 1.0000e+00 1.0000e+00 3.4000e+01 4.0000e+00 0.0000e+00 1.0000e+00 2.0000e+00 1.0000e+00
5.7650e+03 0.0000e+00 1.5000e+01 5.0000e+00 5.6010e+03 1.0000e+00 5.0000e+01 1.0000e+00 1.0000e+00 5.5640e+03 0.0000e+00 0.0000e+00 0.0000e+00 0.0000e+00 0.0000e+00 0.0000e+00 2.0000e+00 0.0000e+00 0.0000e+00 0.0000e+00 0.0000e+00 0.0000e+00 0.0000e+00 1.0000e+00 4.0000e+00 1.0000e+00 0.0000e+00 1.1000e+01 2.0000e+00 0.0000e+00 1.0000e+00 9.0000e+00 3.0000e+00 0.0000e+00 0.0000e+00 7.2000e+01 0.0000e+00 0.0000e+00 1.2000e+01 2.0000e+00 4.6870e+03 0.0000e+00 5.5320e+03 1.0000e+00 0.0000e+00 1.0000e+00 4.0000e+00 1.4920e+03 0.0000e+00 0.0000e+00
0.0000e+00 1.0000e+00 0.0000e+00 1.0000e+00 0.0000e+00 2.0000e+00 0.0000e+00 1.0000e+00 0.0000e+00 1.0000e+00 1.0000e+00 1.2000e+01 1.0000e+00 4.7740e+03 3.0000e+00 0.0000e+00 2.0000e+00 0.0000e+00 0.0000e+00 3.0640e+03 5.4800e+02 2.0000e+00 0.0000e+00 0.0000e+00 0.0000e+00 1.0000e+00 0.0000e+00 0.0000e+00 0.0000e+00 0.0000e+00 0.0000e+00 1.0000e+00 3.9620e+03 5.2650e+03 1.4000e+01 0.0000e+00 0.0000e+00 0.0000e+00 0.0000e+00 0.0000e+00 0.0000e+00 0.0000e+00 0.0000e+00 0.0000e+00 0.0000e+00 1.0000e+00 0.0000e+00 1.0000e+00 4.3570e+03 0.0000e+00
0.0000e+00 4.0000e+00 2.0000e+00 5.6240e+03 3.0000e+00 1.7000e+01 0.0000e+00 0.0000e+00 0.0000e+00 2.0000e+00 0.0000e+00 0.0000e+00 1.0000e+00 2.0000e+00 3.0000e+00 0.0000e+00 2.0000e+00 0.0000e+00 3.7890e+03 0.0000e+00 0.0000e+00 0.0000e+00 2.0000e+00 3.0000e+00 3.0000e+00 1.0000e+01 2.3810e+03 3.4400e+03 5.0000e+00 4.7070e+03 0.0000e+00 2.0000e+00 1.0000e+00 0.0000e+00 1.0000e+00 4.0000e+00 5.0870e+03 0.0000e+00 0.0000e+00 2.0000e+00 3.2000e+01 1.0000e+00 4.0000e+00 2.7000e+01 1.0000e+00 0.0000e+00 4.9240e+03 3.0000e+00 1.0000e+00 3.0000e+00
0.0000e+00 0.0000e+00 3.2500e+03 0.0000e+00 0.0000e+00 4.8350e+03 1.0000e+00 1.0000e+00 0.0000e+00 0.0000e+00 0.0000e+00 4.9780e+03 0.0000e+00 0.0000e+00 0.0000e+00 0.0000e+00 1.0000e+00 0.0000e+00 0.0000e+00 1.0000e+00 4.3940e+03 0.0000e+00 0.0000e+00 0.0000e+00 0.0000e+00 2.0000e+00 1.0000e+00 0.0000e+00 0.0000e+00 1.0000e+00 1.0000e+00 3.1000e+01 0.0000e+00 3.0000e+00 1.0000e+00 1.0000e+00 1.0000e+00 2.0000e+00 3.9830e+03 0.0000e+00 1.0000e+00 1.0000e+00 0.0000e+00 0.0000e+00 0.0000e+00 0.0000e+00 0.0000e+00 2.0000e+00 0.0000e+00 1.0000e+00
