3.0100e+02 7.0000e+00 1.0000e+00 5.6000e+01 2.0000e+01 1.5000e+01 6.0000e+00 8.0000e+00 8.8370e+03 6.4390e+03
0.0000e+00 2.0000e+01 0.0000e+00 9.9510e+03 1.2000e+01 5.0000e+00 1.6100e+02 0.0000e+00 1.0000e+00 3.2120e+03
8.8500e+03 1.0000e+00 1.0000e+00 0.0000e+00 7.0210e+03 2.4000e+01 5.9380e+03 6.6700e+02 1.8000e+01 0.0000e+00
6.3000e+01 1.4300e+02 1.1300e+02 0.0000e+00 4.3400e+02 9.6730e+03 0.0000e+00 1.0000e+01 7.0000e+00 0.0000e+00
0.0000e+00 0.0000e+00 3.4800e+02 0.0000e+00 0.0000e+00 0.0000e+00 0.0000e+00 4.2000e+01 4.0000e+00 0.0000e+00
3.2000e+01 6.0000e+00 0.0000e+00 0.0000e+00 2.0000e+01 0.0000e+00 3.4260e+03 3.8000e+02 3.0000e+00 0.0000e+00
2.7400e+02 6.0000e+00 4.0000e+00 0.0000e+00 1.3100e+02 0.0000e+00 0.0000e+00 2.0000e+00 7.0000e+00 0.0000e+00
8.0000e+00 8.1190e+03 8.9470e+03 0.0000e+00 0.0000e+00 0.0000e+00 0.0000e+00 7.0680e+03 1.6000e+01 0.0000e+00
0.0000e+00 5.0000e+00 0.0000e+00 0.0000e+00 2.5000e+01 0.0000e+00 0.0000e+00 1.0000e+01 1.2200e+02 0.0000e+00
2.0000e+00 1.4370e+03 2.0000e+00 0.0000e+00 0.0000e+00 0.0000e+00 0.0000e+00 1.3000e+01 7.0000e+00 0.0000e+00
