8.5000e+01 8.0000e+01 8.2000e+01 5.8000e+01 7.1000e+01 8.3000e+01 6.4000e+01 5.6000e+01 5.2220e+03 5.3900e+03 7.1000e+01 7.6000e+01 6.7000e+01 8.1000e+01 7.2000e+01 7.3000e+01 7.6000e+01 7.3000e+01 8.2000e+01 7.8000e+01 9.0000e+01 9.5000e+01 5.1980e+03 5.3450e+03 7.4000e+01 7.6000e+01 6.1000e+01 7.8000e+01 6.8000e+01 5.3990e+03 7.4000e+01 7.2000e+01 5.6000e+01 6.6000e+01 6.1000e+01 7.1000e+01 8.5000e+01 7.7000e+01 7.7000e+01 8.2000e+01 1.0080e+03 8.4000e+01 8.5000e+01 9.3000e+01 6.8000e+01 6.0000e+01 6.7000e+01 9.1000e+01 6.7000e+01 7.6000e+01
7.6000e+01 6.1000e+01 7.3000e+01 6.4000e+01 8.1000e+01 7.4000e+01 7.3000e+01 4.5660e+03 5.0000e+01 8.5000e+01 6.7000e+01 8.7000e+01 6.7000e+01 9.0000e+01 5.3240e+03 6.9000e+01 6.8000e+01 5.3580e+03 5.3510e+03 6.1000e+01 6.5000e+01 5.1380e+03 6.1000e+01 7.2000e+01 7.4000e+01 5.2000e+01 5.5000e+01 6.0000e+01 3.7530e+03 8.0000e+01 6.5000e+01 7.2000e+01 6.9000e+01 7.8000e+01 6.0000e+01 8.1000e+01 9.7000e+01 5.1000e+01 8.9000e+01 8.3000e+01 6.4000e+01 6.4000e+01 1.0000e+02 6.9000e+01 5.6000e+01 6.7000e+01 6.9000e+01 6.7000e+01 6.7000e+01 9.6000e+01
7.8000e+01 6.7000e+01 2.4900e+02 7.5000e+01 9.0000e+01 5.9000e+01 5.4110e+03 6.2000e+01 8.0000e+01 7.4000e+01 5.4150e+03 6.8000e+01 6.8000e+01 6.1000e+01 8.3000e+01 6.0000e+01 6.4000e+01 7.1000e+01 6.6000e+01 6.0000e+01 8.0000e+01 5.7000e+01 6.3000e+01 8.0000e+01 6.8000e+01 8.9000e+01 7.2000e+01 7.2000e+01 1.6860e+03 6.4000e+01 6.3000e+01 5.3600e+03 5.0000e+02 6.5000e+01 8.2000e+01 7.9000e+01 7.0000e+01 7.3000e+01 6.2000e+01 7.6000e+01 7.3000e+01 7.5000e+01 7.3000e+01 8.7000e+01 6.3000e+01 6.8000e+01 6.3000e+01 5.3760e+03 7.6000e+01 5.5000e+01
6.7000e+01 6.0000e+01 7.9000e+01 7.7000e+01 7.1000e+01 7.5000e+01 7.9000e+01 8.5000e+01 6.8000e+01 6.3000e+01 8.4000e+01 7.3000e+01 7.2000e+01 5.8000e+01 9.2000e+01 8.2000e+01 8.1000e+01 7.7000e+01 7.5000e+01 6.8000e+01 6.5000e+01 6.9000e+01 9.0000e+01 6.9000e+01 5.3910e+03 6.3000e+01 6.3000e+01 4.3670e+03 8.1000e+01 7.3000e+01 5.5040e+03 7.8000e+01 6.5000e+01 8.0000e+01 8.3000e+01 7.0000e+01 6.2000e+01 7.3000e+01 5.3780e+03 7.3000e+01 6.7000e+01 6.1000e+01 7.1000e+01 7.5000e+01 8.4000e+01 5.2550e+03 6.0000e+01 7.7000e+01 6.6000e+01 5.7000e+01
7.1000e+01 6.2000e+01 8.0000e+01 5.6000e+01 6.8000e+01 7.3000e+01 7.1000e+01 9.4000e+01 7.5000e+01 7.3000e+01 6.8000e+01 7.4000e+01 5.4060e+03 7.5000e+01 9.1000e+01 7.1000e+01 5.3490e+03 8.2000e+01 5.8000e+01 3.9420e+03 6.6000e+01 7.7000e+01 5.6000e+01 6.1000e+01 6.8000e+01 8.1000e+01 7.2000e+01 1.1330e+03 6.7000e+01 8.8000e+01 7.0000e+01 6.9000e+01 6.2000e+01 6.8000e+01 5.3640e+03 7.6000e+01 7.8000e+01 7.0000e+01 6.2000e+01 7.9000e+01 6.2000e+01 2.9000e+02 7.8000e+01 6.4000e+01 6.8000e+01 7.4000e+01 7.3000e+01 6.6000e+01 8.1000e+01 5.3790e+03
6.1000e+01 2.4750e+03 7.1000e+01 8.7000e+01 8.7000e+01 7.7000e+01 6.9000e+01 6.2000e+01 6.3000e+01 6.0000e+01 6.0000e+01 5.5000e+01 6.6000e+01 9.4000e+01 8.1000e+01 9.1000e+01 7.6000e+01 6.8000e+01 9.2000e+01 7.3000e+01 6.6000e+01 2.0100e+02 1.3400e+02 6.5000e+01 5.7000e+01 6.6000e+01 8.0000e+01 6.8000e+01 6.3000e+01 7.3000e+01 7.2000e+01 5.5000e+01 6.1000e+01 6.7000e+01 8.4000e+01 8.6000e+01 8.3000e+01 5.3050e+03 7.5000e+01 5.3050e+03 4.3970e+03 5.1740e+03 8.4000e+01 6.0000e+01 5.4640e+03 5.7000e+01 6.7000e+01 7.3000e+01 7.5000e+01 7.1000e+01
5.2580e+03 7.0000e+01 6.5000e+01 6.3000e+01 5.4230e+03 5.8000e+01 6.0000e+01 8.9500e+02 6.6000e+01 9.1000e+01 6.7000e+01 7.1000e+01 6.5000e+01 6.6000e+01 6.0000e+01 5.3700e+03 8.0000e+01 7.1000e+01 6.9000e+01 6.6000e+01 5.6000e+01 5.7000e+01 8.1000e+01 7.3000e+01 8.1000e+01 7.4000e+01 8.4000e+01 6.7000e+01 6.8000e+01 6.8000e+01 7.3000e+01 7.3000e+01 6.8000e+01 8.1000e+01 7.4000e+01 6.9000e+01 7.6000e+01 7.1000e+01 6.7000e+01 7.5000e+01 7.5000e+01 6.8000e+01 5.3890e+03 6.5000e+01 7.1000e+01 7.5000e+01 6.9000e+01 7.8000e+01 5.3040e+03 8.9000e+01
7.0000e+01 7.9000e+01 6.9000e+01 7.8000e+01 8.7000e+01 7.9000e+01 8.0000e+01 7.3000e+01 8.1000e+01 7.9000e+01 5.9000e+01 6.8000e+01 6.5000e+01 5.3870e+03 7.8000e+01 7.5000e+01 6.0000e+01 7.1000e+01 5.9000e+01 8.1000e+01 5.2280e+03 5.8000e+01 6.9000e+01 6.1000e+01 6.5000e+01 8.0000e+01 8.4000e+01 8.2000e+01 6.4000e+01 7.2000e+01 8.1000e+01 7.1000e+01 4.9320e+03 5.4130e+03 8.7000e+01 5.2260e+03 5.7000e+01 8.3000e+01 6.1000e+01 7.4000e+01 6.5000e+01 5.6000e+01 5.6000e+01 6.9000e+01 8.2000e+01 7.1000e+01 8.4000e+01 6.7000e+01 7.3000e+01 6.8000e+01
6.1000e+01 3.0050e+03 6.0000e+01 5.3410e+03 6.2000e+01 3.3050e+03 7.4000e+01 7.7000e+01 8.6000e+01 8.3000e+01 7.7000e+01 6.8000e+01 6.3000e+01 5.9000e+01 6.1000e+01 6.5000e+01 6.5000e+01 6.7000e+01 8.0000e+01 8.3000e+01 8.2000e+01 7.2000e+01 5.3000e+01 6.2000e+01 6.5000e+01 8.1000e+01 8.7000e+01 7.2000e+01 7.3000e+01 6.8000e+01 6.4000e+01 8.1000e+01 6.4000e+01 7.7000e+01 7.0000e+01 6.9000e+01 5.2980e+03 6.8000e+01 6.8000e+01 7.8000e+01 6.3000e+01 6.8000e+01 6.8000e+01 5.3930e+03 6.8000e+01 7.3000e+01 5.3260e+03 6.6000e+01 7.8000e+01 6.3000e+01
8.8000e+01 7.3000e+01 5.2250e+03 6.8000e+01 8.2000e+01 2.0800e+03 6.6000e+01 8.0000e+01 6.0000e+01 6.8000e+01 7.7000e+01 5.3680e+03 7.1000e+01 5.9000e+01 7.1000e+01 6.5000e+01 8.4000e+01 8.3000e+01 6.2000e+01 1.4880e+03 9.4000e+01 7.6000e+01 6.4000e+01 6.8000e+01 5.4000e+01 5.2910e+03 5.3730e+03 6.4000e+01 8.0000e+01 8.0000e+01 6.5000e+01 6.8000e+01 6.3000e+01 7.0000e+01 6.4000e+01 8.1000e+01 8.4000e+01 8.5000e+01 8.2000e+01 6.2000e+01 7.0000e+01 6.7000e+01 7.4000e+01 7.9000e+01 7.7000e+01 8.3000e+01 7.5000e+01 7.4000e+01 6.9000e+01 6.9000e+01
