7.0588e-01 4.5000e-01 8.5366e-01 6.8966e-01 4.0845e-01 0.0000e+00 5.3125e-01 1.9643e-01 9.7260e-01 1.0000e+00 9.4366e-01 9.8667e-01 7.3134e-01 8.8889e-01 7.5000e-01 4.7945e-01 7.5000e-01 5.6164e-01 6.7901e-01 5.5128e-01 5.8889e-01 9.5890e-01 9.7297e-01 1.0000e+00 5.0000e-01 9.3421e-01 7.5410e-01 5.3846e-01 5.1471e-01 8.8462e-01 8.5135e-01 4.4444e-01 8.8889e-01 9.8485e-01 4.9180e-01 5.9155e-01 8.8095e-01 7.2727e-01 5.0649e-01 8.8608e-01 9.3056e-01 2.5000e-01 9.7590e-01 9.8795e-01 2.7941e-01 4.0000e-01 2.9851e-01 4.7253e-01 4.6269e-01 6.5789e-01
2.1053e-01 3.7705e-01 5.5556e-01 4.6875e-02 1.2346e-01 2.7027e-01 6.8493e-02 5.3659e-01 1.0000e-01 5.0633e-01 1.6418e-01 1.9540e-01 3.1343e-01 5.5556e-02 5.3521e-01 1.4493e-02 2.6471e-01 4.1667e-01 4.0580e-01 2.6230e-01 2.9231e-01 5.0000e-01 4.2623e-01 1.3889e-01 2.7027e-01 3.4615e-01 1.4545e-01 2.0000e-01 5.3750e-01 2.1250e-01 3.3846e-01 4.8611e-01 1.1594e-01 2.6923e-01 4.0000e-01 5.5000e-01 1.7526e-01 1.5686e-01 2.5843e-01 1.0843e-01 6.2500e-02 1.4062e-01 5.3521e-01 3.4783e-01 2.1429e-01 3.8806e-01 2.8986e-02 0.0000e+00 7.4627e-02 4.6875e-01
8.8158e-01 6.2687e-01 9.8810e-01 1.6000e-01 1.0000e-01 4.9153e-01 1.0000e+00 5.4839e-01 2.7500e-01 2.4324e-01 9.3443e-01 8.8235e-02 1.9118e-01 4.9180e-02 4.5783e-01 0.0000e+00 2.0312e-01 1.4085e-01 5.4545e-01 6.1667e-01 3.3750e-01 1.7544e-01 5.3968e-01 1.0000e-01 6.6176e-01 5.6180e-01 7.1831e-01 2.9167e-01 9.0667e-01 2.3438e-01 5.2381e-01 1.0000e+00 8.7838e-01 3.2308e-01 1.0976e-01 6.5385e-01 1.4286e-01 6.5753e-01 1.9355e-01 8.0556e-01 2.3288e-01 3.4667e-01 4.1096e-02 5.7471e-01 5.2381e-01 2.9412e-01 1.5873e-02 1.0000e+00 5.2632e-01 8.7037e-01
2.2388e-01 2.5000e-01 3.7975e-02 2.9870e-01 9.8592e-02 4.4000e-01 3.0380e-01 7.0588e-02 1.4706e-01 3.4921e-01 3.2143e-01 6.1644e-01 2.3611e-01 5.1724e-01 5.4348e-02 8.5366e-02 3.7037e-02 3.3766e-01 3.0667e-01 4.7059e-01 7.5410e-01 4.2029e-01 5.4444e-01 6.4706e-01 7.5000e-01 6.9841e-01 8.0645e-01 5.5696e-01 5.3086e-01 4.7945e-01 8.7805e-01 5.3846e-01 5.2308e-01 7.5949e-01 7.7778e-01 6.0000e-01 3.2258e-01 4.5205e-01 7.3438e-01 2.1918e-01 4.0299e-01 5.9016e-01 1.9718e-01 2.1333e-01 5.0000e-01 8.0952e-01 6.1538e-01 5.9740e-01 5.3030e-01 5.2632e-01
5.2113e-01 5.4839e-01 6.7500e-01 3.0357e-01 5.0000e-01 4.5205e-01 5.0704e-01 8.1928e-01 1.0667e-01 4.5205e-01 6.6176e-01 5.6757e-01 9.0278e-01 3.7333e-01 4.2857e-01 4.2254e-01 8.3333e-01 3.6585e-01 5.7895e-01 6.1429e-01 6.6667e-01 5.8442e-01 3.3929e-01 2.4590e-01 3.8235e-01 5.3086e-01 9.1667e-01 6.0811e-01 7.7273e-01 2.9545e-01 5.0000e-01 6.9565e-01 5.1613e-01 2.5000e-01 8.7342e-01 7.6316e-01 6.1538e-01 6.0000e-01 6.4516e-01 4.6835e-01 5.6452e-01 6.9643e-01 4.8718e-01 2.5000e-01 4.4118e-01 4.4595e-01 6.3014e-01 3.7879e-01 6.5432e-01 8.7097e-01
1.0000e+00 1.0000e+00 1.0000e+00 9.1954e-01 9.1954e-01 4.8052e-01 6.8116e-01 9.3548e-01 7.7778e-01 1.0000e+00 6.6667e-01 8.1818e-01 9.8462e-01 8.8298e-01 4.8148e-01 5.4945e-02 6.8421e-01 1.4706e-01 6.8478e-01 1.5068e-01 9.5455e-01 1.0000e+00 1.0000e+00 9.8462e-01 1.0000e+00 7.4242e-01 9.8750e-01 7.0588e-01 9.0476e-01 1.3699e-01 9.5833e-01 9.0741e-01 5.9016e-01 9.4030e-01 9.8810e-01 9.6512e-01 9.7468e-01 9.4030e-01 9.4595e-01 9.8333e-01 9.7015e-01 9.0909e-01 9.1667e-01 1.0000e+00 9.8701e-01 6.8421e-01 4.9254e-01 9.5890e-01 4.9333e-01 4.6479e-01
9.8630e-01 1.7143e-01 7.5385e-01 7.1429e-01 9.1667e-01 1.5517e-01 9.6610e-01 9.4915e-01 2.1212e-01 8.8889e-01 2.3881e-01 7.0423e-02 1.3846e-01 4.0909e-01 4.0000e-01 7.1875e-01 8.0000e-01 7.0423e-02 8.6957e-02 6.7188e-01 8.0357e-01 0.0000e+00 5.6790e-01 2.8767e-01 8.1250e-01 4.7297e-01 3.5714e-02 6.3636e-01 7.6471e-01 2.3529e-01 4.9315e-01 7.2603e-01 3.5294e-01 2.4691e-02 0.0000e+00 8.4058e-01 3.9474e-01 7.0423e-02 6.7164e-01 7.0667e-01 8.4746e-01 3.5294e-01 9.6875e-01 1.3846e-01 9.8592e-02 3.8667e-01 2.3188e-01 9.7333e-01 8.5246e-01 1.2360e-01
3.0000e-01 5.9494e-01 7.5362e-01 3.7179e-01 7.5000e-01 4.1772e-01 4.3750e-01 4.6575e-01 6.5432e-01 5.9494e-01 3.2203e-01 7.9104e-01 2.1538e-01 7.9412e-01 7.4359e-01 5.4795e-01 6.0000e-01 4.7887e-01 1.8644e-01 4.3210e-01 8.4507e-01 4.3103e-01 3.4783e-01 3.1148e-01 3.3846e-01 3.6250e-01 8.5714e-01 4.5679e-01 7.7778e-01 3.6111e-01 5.6790e-01 4.7887e-01 7.9245e-01 8.7324e-01 7.8571e-01 8.8732e-01 1.2281e-01 4.9398e-01 6.8333e-01 4.1892e-01 5.2308e-01 1.7857e-01 1.6071e-01 2.3188e-01 2.1951e-01 7.3913e-01 5.3571e-01 3.7313e-01 6.9014e-01 7.8788e-01
5.8333e-01 8.9855e-01 6.6667e-01 9.3243e-01 7.5806e-01 9.8387e-01 5.5405e-01 6.5789e-01 5.1163e-01 5.9036e-01 6.7105e-01 7.3529e-01 7.6190e-01 7.2881e-01 6.8852e-01 3.0769e-01 5.6923e-01 4.6269e-01 6.2500e-01 6.2651e-01 5.3659e-01 5.0000e-01 7.9245e-01 5.3226e-01 7.3846e-01 7.6543e-01 8.0460e-01 4.8611e-01 8.7500e-01 7.7049e-01 5.3125e-01 8.0247e-01 7.5000e-01 7.2727e-01 8.4286e-01 6.8116e-01 9.1026e-01 5.8824e-01 4.7059e-01 5.2564e-01 5.7143e-01 6.3235e-01 7.5000e-01 9.5238e-01 6.3235e-01 7.9167e-01 8.1013e-01 5.9091e-01 6.2821e-01 6.9841e-01
5.6322e-01 1.0959e-01 8.3077e-01 7.3529e-02 2.0732e-01 7.7027e-01 1.3636e-01 2.3750e-01 1.0000e-01 6.0294e-01 5.5844e-01 8.2418e-01 2.5352e-01 4.4068e-01 1.4085e-01 2.1538e-01 6.9512e-01 3.9759e-01 4.8387e-01 5.6250e-01 7.7778e-01 2.6316e-01 5.6250e-01 2.7941e-01 5.5556e-01 8.3117e-01 8.5897e-01 4.2188e-01 4.8750e-01 6.3934e-01 4.7692e-01 6.0294e-01 9.5238e-02 4.1429e-01 4.3750e-01 2.7160e-01 4.7619e-02 3.5294e-01 5.8537e-01 1.2903e-01 5.7143e-01 3.8806e-01 4.8649e-01 2.7848e-01 6.4865e-01 5.1807e-01 6.0811e-01 6.4865e-01 4.0580e-01 6.5217e-01
