2.5806e-01 4.5455e-02 3.5811e-01 2.0833e-01 2.1739e-01 6.9316e-01 8.9229e-01 2.1739e-01 3.0000e-01 2.2857e-01 4.7959e-01 2.0513e-01 1.5000e-01 2.6389e-01 3.3333e-01 5.1515e-01 2.3438e-01 1.1765e-01 1.0000e-01 1.6667e-01 3.0986e-01 2.6471e-01 0.0000e+00 2.8846e-01 4.5455e-02 3.1579e-01 4.0164e-01 1.1765e-01 4.7368e-01 5.8571e-01 2.3636e-01 2.5926e-01 2.7536e-01 4.4068e-01 3.4783e-01 4.1026e-01 4.1667e-02 5.6410e-01 9.0915e-01 6.2069e-01 1.3514e-01 1.5152e-01 5.7857e-01 5.2632e-02 3.3333e-01 3.7778e-01 4.8602e-01 3.8806e-01 2.2222e-01 6.6667e-02
3.3333e-01 6.6667e-02 6.6667e-02 5.0000e-01 4.2308e-01 5.0000e-01 2.5000e-01 1.9048e-01 3.1818e-01 3.8710e-01 1.6667e-01 5.6962e-01 6.2500e-02 0.0000e+00 3.6364e-01 3.3333e-01 5.4167e-01 2.5000e-01 1.8182e-01 3.3333e-01 6.9882e-01 2.7778e-01 1.5789e-01 2.7273e-01 2.4000e-01 2.8571e-01 4.3750e-01 2.7778e-01 1.1111e-01 1.0000e+00 0.0000e+00 9.1975e-01 4.9057e-01 1.8182e-01 1.0000e+00 0.0000e+00 2.0000e-01 7.2727e-01 1.0000e+00 0.0000e+00 0.0000e+00 7.1429e-02 8.7137e-01 5.5738e-01 8.5714e-01 4.4000e-01 7.1429e-02 9.0909e-02 8.3333e-02 0.0000e+00
2.3256e-01 1.0000e-01 9.5238e-02 1.6129e-01 1.6667e-01 4.0000e-01 4.4681e-01 3.4483e-02 0.0000e+00 4.3478e-02 2.8571e-01 1.2500e-01 1.0638e-01 0.0000e+00 5.0000e-02 4.4086e-01 1.3793e-01 2.0879e-01 7.6923e-02 0.0000e+00 2.5287e-01 4.5185e-01 1.8033e-01 3.0973e-01 2.3596e-01 2.9268e-01 1.3158e-01 1.2000e-01 1.9355e-01 7.1856e-01 2.0513e-01 9.5238e-02 3.3333e-02 9.5238e-02 2.4000e-01 2.5352e-01 0.0000e+00 5.4639e-01 6.5152e-01 4.1463e-01 0.0000e+00 0.0000e+00 5.8381e-01 3.9869e-01 2.4138e-01 1.3043e-01 1.3636e-01 8.3333e-02 9.6774e-02 8.6957e-02
2.3729e-01 2.9412e-02 9.6154e-02 1.0000e-01 1.7949e-01 5.2632e-02 6.0076e-01 0.0000e+00 1.1290e-01 8.8235e-02 1.0345e-01 2.5581e-01 0.0000e+00 2.2857e-01 1.4286e-01 3.6585e-01 4.6512e-02 2.6316e-02 1.0714e-01 1.1475e-01 5.5556e-02 2.3810e-01 4.0327e-01 1.4286e-01 2.9412e-02 3.1250e-02 1.6071e-01 0.0000e+00 8.3333e-02 6.0062e-01 1.2069e-01 4.7619e-02 0.0000e+00 4.7619e-02 5.3873e-01 2.0290e-01 0.0000e+00 0.0000e+00 3.3333e-01 4.0385e-01 0.0000e+00 0.0000e+00 4.5726e-01 0.0000e+00 5.5556e-02 3.5294e-01 1.1765e-01 2.8723e-01 0.0000e+00 4.1667e-02
2.0000e-01 8.6957e-02 1.7143e-01 0.0000e+00 3.1034e-01 3.3333e-01 1.0000e+00 2.1622e-01 8.0000e-02 1.7391e-01 2.0000e-01 2.0588e-01 0.0000e+00 1.8421e-01 1.2500e-01 4.5946e-01 4.5455e-02 1.2903e-01 1.3333e-01 4.5455e-02 1.2500e-01 1.5789e-01 1.9444e-01 5.8824e-02 5.0000e-02 1.5385e-01 5.8824e-02 1.6667e-01 7.7808e-01 4.2308e-01 4.7619e-02 0.0000e+00 2.1951e-01 2.7273e-01 5.2500e-01 1.0526e-01 8.0000e-02 3.1579e-01 1.0000e+00 3.7500e-01 1.9512e-01 2.3810e-01 5.7447e-01 1.0000e-01 2.5000e-01 1.7647e-01 3.5065e-01 6.6667e-02 2.0690e-01 2.2727e-01
2.5581e-01 3.7037e-02 6.2500e-02 2.5000e-01 2.3529e-01 0.0000e+00 4.0000e-01 3.8462e-02 1.6949e-01 4.7619e-02 3.2143e-01 1.6279e-01 1.0000e-01 0.0000e+00 2.2222e-01 4.0678e-01 3.3333e-02 1.1364e-01 3.4483e-02 0.0000e+00 0.0000e+00 5.2632e-02 1.3953e-01 1.0345e-01 1.0811e-01 4.0000e-02 0.0000e+00 2.2727e-01 1.0526e-01 1.3333e-01 6.4516e-02 1.6667e-01 1.6327e-01 0.0000e+00 2.0000e-01 3.5659e-01 0.0000e+00 1.6667e-01 7.1053e-01 8.2051e-01 1.1364e-01 6.6667e-02 3.6364e-01 1.0000e-01 3.6957e-01 2.9268e-01 2.7957e-01 8.6957e-02 0.0000e+00 0.0000e+00
4.8057e-01 1.3333e-01 2.1053e-01 1.2500e-01 8.0000e-02 3.7500e-01 3.3333e-01 0.0000e+00 2.6316e-02 0.0000e+00 2.9630e-01 0.0000e+00 6.5217e-02 1.1667e-01 0.0000e+00 1.2500e-01 0.0000e+00 0.0000e+00 0.0000e+00 9.4340e-02 3.1250e-02 0.0000e+00 2.9412e-02 8.3333e-02 5.2632e-02 1.5873e-01 0.0000e+00 2.6316e-02 1.5625e-01 4.2169e-01 0.0000e+00 0.0000e+00 0.0000e+00 0.0000e+00 0.0000e+00 6.2500e-02 0.0000e+00 5.8824e-02 0.0000e+00 2.1739e-01 2.6316e-02 0.0000e+00 0.0000e+00 0.0000e+00 0.0000e+00 5.5768e-01 1.5873e-01 4.0000e-02 3.4483e-02 7.4074e-02
0.0000e+00 5.2632e-02 0.0000e+00 0.0000e+00 1.0714e-01 1.8750e-01 2.7586e-01 3.0303e-02 4.7619e-02 3.7037e-02 7.6923e-02 1.3208e-01 1.3043e-01 8.1633e-02 7.6923e-02 3.6585e-01 6.3830e-02 1.7708e-01 4.8780e-02 0.0000e+00 7.6923e-02 1.5385e-01 1.2500e-01 6.0606e-02 2.9412e-02 3.1250e-02 0.0000e+00 9.2593e-02 1.1111e-01 2.6471e-01 1.3115e-01 1.7143e-01 7.1429e-02 1.1111e-01 1.0526e-01 6.2500e-02 2.6316e-02 1.3043e-01 5.1887e-01 7.1429e-02 4.7619e-02 0.0000e+00 2.4444e-01 1.2766e-01 0.0000e+00 0.0000e+00 0.0000e+00 1.3514e-01 3.4483e-02 0.0000e+00
1.0000e-01 2.4060e-01 6.6667e-02 4.3478e-02 2.8767e-01 9.0909e-02 6.2730e-01 1.2727e-01 1.2308e-01 6.4516e-02 7.6923e-02 7.6923e-02 0.0000e+00 2.7027e-02 1.4286e-01 4.5763e-01 1.6667e-01 8.0000e-02 6.6667e-02 2.7027e-02 1.8667e-01 2.3810e-01 2.9412e-02 2.1333e-01 1.0204e-01 2.5581e-01 3.3333e-02 1.3889e-01 1.3333e-01 2.3333e-01 5.0000e-02 4.7619e-02 1.6438e-01 1.5625e-01 2.0690e-01 2.5000e-01 4.7619e-02 2.1875e-01 0.0000e+00 1.2500e-01 4.7619e-02 5.2632e-02 1.2000e-01 6.0606e-02 5.5410e-01 8.3333e-02 1.1765e-01 1.6279e-01 8.3333e-02 1.0000e-01
1.9565e-01 8.6957e-02 1.2698e-01 2.7632e-01 5.4084e-01 3.6957e-01 3.7209e-01 3.3333e-01 1.3043e-01 0.0000e+00 2.7536e-01 2.1739e-01 1.9266e-01 1.4085e-01 1.5789e-01 3.8462e-01 6.3830e-02 8.0000e-02 1.2698e-01 2.7731e-01 1.0870e-01 4.1346e-01 1.9780e-01 1.8750e-01 1.2500e-01 2.8221e-01 2.6829e-01 6.5217e-02 1.5625e-01 1.4286e-01 1.3115e-01 2.2917e-01 2.1495e-01 1.7647e-01 2.2581e-01 1.7241e-01 1.2308e-01 3.2075e-01 5.5000e-01 1.5789e-01 1.3043e-01 8.8889e-02 3.3333e-01 1.2766e-01 1.7857e-01 1.7143e-01 2.5197e-01 2.1053e-01 1.8033e-01 2.8205e-01
7.5000e-01 0.0000e+00 3.0769e-01 8.7500e-01 4.0000e-01 2.5000e-01 1.0000e+00 1.5385e-01 2.3810e-01 0.0000e+00 1.6667e-01 2.0000e-01 7.6923e-02 2.7273e-01 1.0000e+00 8.0000e-01 2.9630e-01 5.1852e-01 6.5126e-01 0.0000e+00 6.5891e-01 8.3333e-01 3.0435e-01 8.7668e-01 4.9057e-01 3.1818e-01 6.7769e-01 7.6923e-02 0.0000e+00 5.0000e-01 6.8385e-01 5.0000e-01 0.0000e+00 7.1429e-01 4.0000e-01 6.2857e-01 2.6087e-01 5.0000e-01 5.5556e-01 1.0000e+00 0.0000e+00 8.1162e-01 7.1429e-01 6.8531e-01 2.0000e-01 8.5714e-01 2.0000e-01 9.1667e-01 3.5000e-01 5.0000e-01
2.5862e-01 3.1250e-02 1.1538e-01 1.1111e-01 2.4490e-01 6.1426e-01 3.3333e-01 9.5238e-02 0.0000e+00 9.3750e-02 2.8571e-01 3.0814e-01 2.8571e-02 0.0000e+00 3.1707e-01 6.1054e-01 2.7778e-02 2.8571e-02 1.3559e-01 5.2632e-02 2.8676e-01 2.3077e-01 1.6129e-01 6.6667e-02 2.5600e-01 1.3043e-01 3.7063e-01 1.1111e-01 4.2857e-01 3.3333e-01 2.1277e-01 5.0000e-02 0.0000e+00 5.2632e-02 5.2147e-01 1.6667e-01 0.0000e+00 4.4444e-01 5.9028e-01 0.0000e+00 0.0000e+00 2.6866e-01 9.5238e-02 0.0000e+00 0.0000e+00 5.2632e-02 8.1081e-02 1.2500e-01 3.0709e-01 2.7692e-01
7.5000e-01 7.2906e-01 7.2727e-01 2.5000e-01 6.2500e-01 6.0000e-01 6.6667e-01 7.1875e-01 3.4615e-01 7.5000e-01 0.0000e+00 5.8824e-01 5.8621e-01 7.8757e-01 4.2857e-01 4.0000e-01 6.5217e-01 4.4737e-01 7.3977e-01 7.8405e-01 6.5385e-01 5.0000e-01 2.9412e-01 6.3265e-01 8.2780e-01 7.8544e-01 0.0000e+00 5.8140e-01 7.5000e-01 3.3333e-01 8.0000e-01 7.5000e-01 7.2986e-01 5.0000e-01 6.6667e-01 5.7143e-01 7.8198e-01 6.6667e-01 1.0000e+00 7.5000e-01 6.0784e-01 8.0718e-01 5.0000e-01 7.9638e-01 5.0000e-01 6.6667e-01 7.0866e-01 3.3333e-01 7.2340e-01 3.3333e-01
1.4286e-01 1.4286e-01 4.1667e-02 4.6154e-01 3.9286e-01 1.7647e-01 1.6667e-01 1.4706e-01 1.5909e-01 3.4783e-01 1.8182e-01 4.0805e-01 9.3750e-02 2.0755e-01 4.6667e-01 3.8889e-01 3.8462e-02 6.8966e-02 1.1765e-01 1.9608e-01 0.0000e+00 6.5596e-01 1.0345e-01 3.8000e-01 3.0682e-01 4.7619e-02 3.2432e-01 1.8367e-01 7.1429e-02 4.6154e-01 0.0000e+00 3.6364e-01 2.8000e-01 0.0000e+00 3.3333e-01 3.3333e-01 0.0000e+00 6.9916e-01 7.6000e-01 4.1667e-01 4.0000e-02 8.0000e-02 5.3636e-01 1.4286e-01 4.1026e-01 6.5300e-01 1.5152e-01 3.4545e-01 5.2632e-02 0.0000e+00
2.0000e-01 7.6923e-02 2.5714e-01 4.7788e-01 3.9286e-01 0.0000e+00 6.4286e-01 2.1277e-01 3.1967e-01 1.3043e-01 2.9412e-01 1.1111e-01 3.6066e-01 4.2466e-01 0.0000e+00 0.0000e+00 0.0000e+00 1.1429e-01 3.5669e-01 3.9442e-01 2.0000e-01 1.7391e-01 3.0000e-01 3.2857e-01 1.4706e-01 3.2099e-01 2.2500e-01 3.8589e-01 2.4000e-01 2.5000e-01 2.8750e-01 2.7586e-01 3.5821e-01 1.2500e-01 2.3529e-01 2.8000e-01 7.1429e-02 5.4054e-01 6.4286e-01 1.0000e-01 2.0370e-01 2.7273e-01 2.9630e-01 4.3784e-01 5.6701e-01 1.9048e-01 4.6770e-01 2.2581e-01 5.9778e-01 6.2500e-02
0.0000e+00 0.0000e+00 1.8421e-01 0.0000e+00 2.6087e-01 0.0000e+00 6.6667e-01 9.0909e-02 1.2903e-01 1.0526e-01 2.2727e-01 1.8750e-01 4.5455e-02 4.5455e-02 4.4262e-01 1.5385e-01 4.3478e-02 4.5455e-02 1.3333e-01 2.8986e-01 3.3333e-01 2.7586e-01 0.0000e+00 2.0690e-01 0.0000e+00 0.0000e+00 2.8889e-01 8.0000e-02 1.3333e-01 0.0000e+00 0.0000e+00 1.3333e-01 1.6129e-01 6.7405e-01 8.6005e-01 1.8519e-01 0.0000e+00 7.8216e-01 8.7500e-01 0.0000e+00 0.0000e+00 0.0000e+00 5.4054e-01 5.8824e-02 7.2761e-01 8.3333e-02 5.2632e-02 6.8769e-01 5.8824e-02 0.0000e+00
4.1667e-02 7.1429e-02 8.1633e-02 0.0000e+00 0.0000e+00 2.1622e-01 0.0000e+00 0.0000e+00 4.7619e-02 6.4516e-02 4.7709e-01 5.5556e-02 1.3889e-01 1.8085e-01 2.1569e-01 0.0000e+00 6.3830e-02 4.7619e-02 1.2698e-01 1.4085e-01 1.8056e-01 0.0000e+00 2.9412e-02 0.0000e+00 1.7105e-01 7.6923e-02 0.0000e+00 1.8182e-01 1.5625e-01 6.2500e-02 0.0000e+00 1.3333e-01 2.8571e-02 1.7647e-01 0.0000e+00 3.4483e-02 0.0000e+00 0.0000e+00 0.0000e+00 0.0000e+00 0.0000e+00 0.0000e+00 0.0000e+00 1.4000e-01 0.0000e+00 2.1429e-01 1.0638e-01 9.6774e-02 1.4286e-01 1.0000e-01
0.0000e+00 8.3491e-01 2.0000e-01 1.0000e+00 8.5714e-01 6.0000e-01 6.0000e-01 8.1405e-01 3.4483e-01 0.0000e+00 8.3333e-01 6.2500e-01 2.2222e-01 7.4513e-01 1.4286e-01 6.6667e-01 5.0746e-01 0.0000e+00 2.6316e-01 0.0000e+00 1.0000e-01 0.0000e+00 9.0909e-02 2.3077e-01 7.2527e-01 4.5455e-01 1.0000e-01 4.8077e-01 3.3333e-01 4.0000e-01 0.0000e+00 3.3333e-01 0.0000e+00 1.6667e-01 5.0000e-01 7.4242e-01 7.6187e-01 0.0000e+00 1.0000e+00 0.0000e+00 0.0000e+00 2.0000e-01 8.7500e-01 0.0000e+00 1.0000e+00 6.0000e-01 0.0000e+00 6.6667e-01 5.0000e-01 3.7500e-01
2.0408e-01 5.2632e-02 0.0000e+00 2.6761e-01 2.4561e-01 9.0909e-02 0.0000e+00 0.0000e+00 8.0000e-02 0.0000e+00 5.1233e-01 5.5556e-02 0.0000e+00 2.7027e-02 2.0833e-01 5.2740e-01 6.3830e-02 0.0000e+00 0.0000e+00 8.1633e-02 0.0000e+00 7.1429e-02 0.0000e+00 6.0606e-02 5.2632e-02 5.5556e-02 8.1081e-02 0.0000e+00 4.7619e-02 3.6207e-01 2.7778e-02 0.0000e+00 1.1321e-01 0.0000e+00 2.0690e-01 3.4483e-02 0.0000e+00 1.3043e-01 5.2679e-01 2.4000e-01 6.5217e-02 1.3559e-01 4.0299e-01 0.0000e+00 1.5385e-01 1.5625e-01 1.1765e-01 7.1429e-02 0.0000e+00 7.4074e-02
2.2807e-01 2.9412e-02 2.7027e-02 4.3478e-02 1.9048e-01 5.2632e-02 1.9048e-01 5.4054e-02 4.7619e-02 0.0000e+00 3.6429e-01 7.6923e-02 6.5217e-02 4.8780e-02 2.8571e-01 1.9355e-01 4.6512e-02 0.0000e+00 4.8780e-02 0.0000e+00 3.1250e-02 9.6774e-02 0.0000e+00 2.2892e-01 2.9412e-02 7.6923e-02 0.0000e+00 4.7619e-02 8.3333e-02 1.0526e-01 5.0000e-02 1.3333e-01 0.0000e+00 4.7619e-02 0.0000e+00 0.0000e+00 8.0000e-02 1.3043e-01 0.0000e+00 1.9048e-01 6.5217e-02 2.9412e-02 2.1053e-01 1.0000e-01 1.5385e-01 4.7619e-02 1.1765e-01 0.0000e+00 3.4483e-02 4.1667e-02
4.2553e-01 5.5556e-02 5.0000e-02 0.0000e+00 0.0000e+00 6.4815e-01 2.2222e-01 9.5238e-02 5.0000e-02 0.0000e+00 5.5670e-01 0.0000e+00 0.0000e+00 5.0000e-02 0.0000e+00 7.5655e-01 1.7647e-01 2.1951e-01 1.2000e-01 8.6957e-02 4.2000e-01 0.0000e+00 5.5556e-02 6.2500e-02 9.5238e-02 2.5000e-01 6.2500e-02 5.0000e-02 1.4286e-01 2.5000e-01 1.8750e-01 1.8750e-01 1.2500e-01 0.0000e+00 3.5294e-01 1.7391e-01 2.8070e-01 0.0000e+00 1.4286e-01 0.0000e+00 3.3735e-01 1.5385e-01 4.0000e-01 3.7705e-01 2.6667e-01 0.0000e+00 4.2727e-01 1.2500e-01 6.2500e-02 7.6196e-01
2.3077e-01 0.0000e+00 2.5000e-01 5.9016e-01 5.6522e-01 0.0000e+00 4.0000e-01 2.0000e-01 6.6667e-02 2.8571e-01 3.3333e-01 7.6923e-02 0.0000e+00 2.3077e-01 3.8095e-01 5.0000e-01 1.1111e-01 1.5000e-01 6.6667e-02 6.6667e-02 7.6923e-02 1.0000e-01 3.2353e-01 3.0435e-01 1.9048e-01 1.3333e-01 4.8276e-01 2.0000e-01 1.8182e-01 0.0000e+00 0.0000e+00 3.1250e-01 2.5926e-01 1.0000e+00 7.0000e-01 2.8571e-01 1.5000e-01 5.0000e-01 8.0000e-01 2.2222e-01 2.5806e-01 7.1429e-02 3.3333e-01 8.3333e-02 6.6667e-01 1.8182e-01 1.6667e-01 3.1579e-01 8.3333e-02 2.1429e-01
3.6735e-01 1.1111e-01 3.1915e-01 5.1240e-01 4.8193e-01 3.2000e-01 2.5000e-01 1.5625e-01 3.3884e-01 3.2000e-01 1.1765e-01 1.6129e-01 7.4074e-02 1.7500e-01 3.5714e-01 5.1667e-01 5.1284e-01 1.9565e-01 1.0345e-01 3.4921e-01 1.6129e-01 0.0000e+00 5.0875e-01 5.3494e-01 2.0000e-01 4.0741e-01 4.0000e-01 4.0000e-01 3.7500e-01 6.6355e-01 1.5152e-01 7.0152e-01 4.8085e-01 0.0000e+00 6.9565e-01 4.4526e-01 1.5789e-01 6.0000e-01 2.5000e-01 4.8148e-01 1.5789e-01 1.8919e-01 5.6881e-01 0.0000e+00 4.0625e-01 2.5000e-01 1.1538e-01 2.2222e-01 9.5238e-02 1.1765e-01
1.0000e-01 0.0000e+00 0.0000e+00 0.0000e+00 0.0000e+00 6.1538e-01 0.0000e+00 7.1429e-02 2.6471e-01 0.0000e+00 5.3333e-01 0.0000e+00 0.0000e+00 1.1111e-01 5.9016e-01 0.0000e+00 4.3434e-01 0.0000e+00 6.2500e-02 5.0000e-01 4.3103e-01 6.5248e-01 6.5517e-01 1.3333e-01 2.0833e-01 7.1820e-01 4.6667e-01 3.4615e-01 0.0000e+00 0.0000e+00 3.7037e-01 0.0000e+00 1.1765e-01 0.0000e+00 2.2222e-01 7.5518e-01 2.1429e-01 0.0000e+00 8.5714e-01 1.4286e-01 0.0000e+00 0.0000e+00 1.1111e-01 0.0000e+00 3.3333e-01 1.0000e-01 6.4981e-01 3.1818e-01 3.7143e-01 3.1579e-01
2.0000e-01 6.2500e-02 2.0690e-01 0.0000e+00 4.3750e-01 1.1111e-01 6.0000e-01 0.0000e+00 1.0000e-01 2.9630e-01 1.5385e-01 4.1791e-01 1.6000e-01 2.7500e-01 3.9286e-01 4.2857e-01 0.0000e+00 0.0000e+00 1.6000e-01 5.8824e-02 0.0000e+00 2.2222e-01 0.0000e+00 1.6667e-01 6.2500e-02 1.8182e-01 2.7586e-01 5.9659e-01 0.0000e+00 0.0000e+00 0.0000e+00 4.0741e-01 2.5000e-01 0.0000e+00 8.5714e-01 2.8571e-01 1.0000e-01 1.0000e+00 1.0000e+00 1.4286e-01 5.5556e-02 1.1111e-01 5.8000e-01 0.0000e+00 1.0000e+00 0.0000e+00 3.4783e-01 1.4286e-01 7.1429e-02 9.0909e-02
7.2646e-01 0.0000e+00 1.3043e-01 5.8947e-01 7.9122e-01 7.3427e-01 1.0000e+00 2.7778e-01 5.5556e-02 6.4535e-01 3.1818e-01 6.5679e-01 3.4783e-01 0.0000e+00 2.6316e-01 4.6154e-01 4.0367e-01 5.5556e-02 1.3043e-01 2.2857e-01 1.1111e-01 2.7273e-01 2.9268e-01 6.2750e-01 4.2391e-01 3.3333e-01 3.1429e-01 2.2857e-01 1.0000e-01 0.0000e+00 1.3636e-01 3.7500e-01 2.7027e-01 4.3333e-01 8.0000e-01 5.6471e-01 0.0000e+00 9.3705e-01 1.0000e+00 7.5000e-01 9.5238e-02 1.4286e-01 7.7165e-01 4.1667e-01 6.2264e-01 7.2170e-01 3.3333e-01 6.7333e-01 4.4928e-01 1.8750e-01
1.3889e-01 1.4925e-01 0.0000e+00 0.0000e+00 2.4074e-01 4.2254e-01 7.1121e-01 7.3171e-02 1.0345e-01 0.0000e+00 2.0833e-01 1.0870e-01 1.7391e-01 0.0000e+00 3.9614e-01 3.6250e-01 0.0000e+00 9.2593e-02 2.7027e-02 0.0000e+00 7.6923e-02 1.1765e-01 0.0000e+00 1.6364e-01 7.1429e-02 2.4348e-01 0.0000e+00 1.1475e-01 2.2222e-01 1.0526e-01 6.9767e-02 4.7619e-02 0.0000e+00 4.7619e-02 6.1233e-01 2.5253e-01 0.0000e+00 5.2218e-01 1.6667e-01 0.0000e+00 0.0000e+00 2.6144e-01 2.7778e-01 1.4000e-01 0.0000e+00 1.3333e-01 1.5873e-01 2.0370e-01 1.5385e-01 4.1667e-02
1.9565e-01 0.0000e+00 6.6667e-02 7.6923e-02 8.0000e-02 1.4815e-01 2.1739e-01 0.0000e+00 2.6316e-02 1.0811e-01 2.2000e-01 1.3208e-01 0.0000e+00 1.3433e-01 0.0000e+00 1.2500e-01 7.8431e-02 0.0000e+00 0.0000e+00 2.6761e-01 5.5556e-02 4.1667e-02 0.0000e+00 1.1628e-01 7.1429e-02 1.4286e-01 0.0000e+00 9.2593e-02 4.7619e-02 1.0526e-01 2.7778e-02 0.0000e+00 7.1429e-02 0.0000e+00 1.9231e-01 0.0000e+00 0.0000e+00 1.8519e-01 1.2500e-01 0.0000e+00 1.2308e-01 1.2500e-01 3.2394e-01 1.7742e-01 1.3043e-01 5.0515e-01 1.2963e-01 1.3514e-01 1.1628e-01 0.0000e+00
3.5000e-01 0.0000e+00 4.6193e-01 6.9775e-01 5.8947e-01 6.5241e-01 8.2895e-01 3.5165e-01 2.0833e-01 5.4605e-01 4.1509e-01 4.1727e-01 1.2500e-01 3.4513e-01 5.8952e-01 3.1818e-01 4.4361e-01 2.6154e-01 2.4074e-01 3.1034e-01 2.7083e-01 2.8125e-01 1.1538e-01 2.7907e-01 5.0729e-01 4.0000e-01 4.2623e-01 3.4454e-01 3.2143e-01 4.6875e-01 3.2143e-01 4.6875e-01 4.1279e-01 2.8000e-01 5.2273e-01 2.6316e-01 1.7500e-01 5.0000e-01 0.0000e+00 5.8537e-01 3.9698e-01 3.1429e-01 4.2857e-01 4.9367e-01 6.4706e-01 1.7647e-01 4.0157e-01 3.2500e-01 3.5385e-01 3.0303e-01
1.8750e-01 6.4516e-02 3.3333e-02 1.4815e-01 1.9355e-01 3.8333e-01 5.5696e-01 1.7308e-01 3.4628e-01 2.2449e-01 4.9635e-01 3.9189e-01 1.5517e-01 5.8824e-02 2.2222e-01 4.4304e-01 1.4545e-01 7.8947e-02 0.0000e+00 5.8824e-02 1.8868e-01 2.7778e-01 0.0000e+00 3.2407e-01 2.2667e-01 2.9245e-01 4.9315e-01 1.7910e-01 3.5484e-01 5.4054e-01 0.0000e+00 1.6000e-01 2.2368e-01 1.0526e-01 7.0558e-01 2.8205e-01 0.0000e+00 3.2432e-01 7.2727e-01 1.4286e-01 0.0000e+00 2.0635e-01 4.5192e-01 2.3333e-01 5.8303e-01 5.8824e-02 4.4192e-01 4.4545e-01 4.3478e-02 2.3077e-01
1.8182e-01 2.6923e-01 0.0000e+00 1.1111e-01 1.1111e-01 1.4286e-01 3.3333e-01 2.6087e-01 1.9048e-01 7.1364e-01 9.2074e-01 8.3333e-02 6.6667e-02 4.0741e-01 7.7844e-01 1.0000e+00 1.8182e-01 0.0000e+00 0.0000e+00 2.1739e-01 7.2879e-01 2.3077e-01 0.0000e+00 2.3529e-01 7.1780e-01 2.5000e-01 8.3333e-02 1.5789e-01 2.0000e-01 8.0000e-01 2.5000e-01 3.3333e-01 4.3396e-01 2.2222e-01 0.0000e+00 7.2063e-01 0.0000e+00 1.0000e+00 1.0000e+00 4.0000e-01 2.6667e-01 2.1053e-01 5.4545e-01 2.6316e-01 1.0000e+00 1.2500e-01 7.2670e-01 8.1223e-01 9.0909e-02 3.8095e-01
3.3333e-01 9.5238e-02 2.5532e-01 3.5294e-01 3.0769e-01 2.7778e-01 7.1429e-01 1.5385e-01 2.3913e-01 3.1579e-01 3.6364e-01 5.7188e-01 2.6415e-01 1.4286e-01 7.4965e-01 7.8588e-01 0.0000e+00 0.0000e+00 1.2000e-01 2.0513e-01 2.5000e-01 7.6923e-02 3.2258e-01 0.0000e+00 2.2222e-01 5.5929e-01 1.0526e-01 2.1951e-01 8.3333e-02 8.5176e-01 2.9825e-01 3.5714e-01 9.0909e-02 6.1983e-01 5.2778e-01 5.9142e-01 8.6957e-02 8.0475e-01 1.0000e+00 5.5556e-01 4.7619e-02 2.3684e-01 6.8617e-01 3.5185e-01 6.6667e-01 1.8750e-01 2.1875e-01 6.2182e-01 0.0000e+00 2.8000e-01
3.7624e-01 0.0000e+00 1.5094e-01 4.0945e-01 1.5385e-01 5.4043e-01 4.3902e-01 1.6000e-01 5.7143e-02 1.6216e-01 2.7660e-01 2.8972e-01 2.0732e-01 1.8182e-01 3.8614e-01 6.3396e-01 7.6923e-02 1.1111e-01 8.1081e-02 3.2258e-02 3.8462e-02 2.1053e-01 8.5714e-02 2.4194e-01 6.2500e-02 3.9583e-01 3.1250e-01 9.5238e-02 3.2727e-01 5.5725e-01 6.0606e-02 0.0000e+00 3.5714e-02 2.0690e-01 6.2832e-01 1.0000e-01 0.0000e+00 7.1429e-02 7.9611e-01 8.3333e-02 3.2258e-02 3.4184e-01 6.2500e-02 4.1667e-02 4.4304e-01 3.8158e-01 1.7647e-01 2.2727e-01 0.0000e+00 0.0000e+00
0.0000e+00 5.8667e-01 7.1429e-01 1.0000e+00 7.5000e-01 1.0000e+00 1.0000e+00 8.5162e-01 7.0811e-01 7.5000e-01 1.0000e+00 6.3750e-01 7.8649e-01 6.4085e-01 1.0000e+00 6.6667e-01 3.9394e-01 6.4327e-01 5.9140e-01 6.1207e-01 3.9130e-01 6.6667e-01 5.8571e-01 6.9048e-01 0.0000e+00 6.0317e-01 1.8182e-01 4.8000e-01 3.3333e-01 6.6667e-01 7.0270e-01 5.0000e-01 6.6154e-01 6.0000e-01 1.0000e+00 4.0000e-01 5.6098e-01 1.0000e+00 1.0000e+00 2.5000e-01 6.9145e-01 2.5000e-01 8.0000e-01 7.1654e-01 3.3333e-01 6.6667e-01 6.9853e-01 8.0000e-01 6.4286e-01 5.5556e-01
4.1667e-02 0.0000e+00 0.0000e+00 2.0408e-01 0.0000e+00 2.9825e-01 0.0000e+00 0.0000e+00 1.1290e-01 3.7037e-02 1.0345e-01 1.7391e-01 0.0000e+00 0.0000e+00 0.0000e+00 2.5581e-01 0.0000e+00 0.0000e+00 0.0000e+00 0.0000e+00 3.1250e-02 2.2414e-01 0.0000e+00 0.0000e+00 0.0000e+00 5.5556e-02 0.0000e+00 1.1475e-01 0.0000e+00 0.0000e+00 6.9767e-02 0.0000e+00 1.4062e-01 0.0000e+00 3.1111e-01 1.0256e-01 0.0000e+00 0.0000e+00 0.0000e+00 1.5789e-01 0.0000e+00 0.0000e+00 2.6923e-01 4.2424e-01 2.9167e-01 8.3333e-02 5.5556e-02 1.5000e-01 1.0256e-01 1.0000e-01
1.0000e+00 7.8261e-01 6.8254e-01 1.0000e+00 1.0000e+00 1.0000e+00 1.0000e+00 1.0000e+00 7.8107e-01 1.0000e+00 6.6667e-01 1.0000e+00 8.4573e-01 7.6068e-01 1.0000e+00 0.0000e+00 7.9911e-01 8.3224e-01 1.0000e+00 8.9859e-01 1.0000e+00 1.0000e+00 8.8816e-01 1.0000e+00 8.8889e-01 1.0000e+00 8.0000e-01 7.8488e-01 1.0000e+00 1.0000e+00 9.3750e-01 1.0000e+00 1.0000e+00 1.0000e+00 1.0000e+00 1.0000e+00 9.1041e-01 1.0000e+00 1.0000e+00 1.0000e+00 8.3387e-01 8.7500e-01 5.0000e-01 1.0000e+00 0.0000e+00 1.0000e+00 1.0000e+00 4.0000e-01 9.0196e-01 1.0000e+00
4.1667e-02 0.0000e+00 0.0000e+00 3.2727e-01 0.0000e+00 0.0000e+00 2.1739e-01 7.3171e-02 8.0000e-02 3.4483e-01 1.8605e-01 0.0000e+00 1.2308e-01 0.0000e+00 4.8188e-01 9.5238e-02 7.8431e-02 3.4645e-01 1.7442e-01 1.4865e-01 2.3301e-01 0.0000e+00 0.0000e+00 2.8986e-01 0.0000e+00 3.1250e-02 3.1818e-01 0.0000e+00 0.0000e+00 6.2500e-02 0.0000e+00 3.0263e-01 3.1475e-01 0.0000e+00 2.8205e-01 3.2828e-01 0.0000e+00 5.8824e-02 5.3906e-01 2.4000e-01 0.0000e+00 2.9493e-01 4.0714e-01 1.1364e-01 4.4898e-01 0.0000e+00 3.4975e-01 1.6279e-01 3.4483e-02 2.7027e-01
1.6667e-01 5.0000e-02 2.2727e-01 4.2308e-01 2.9630e-01 7.9459e-01 1.0000e+00 3.7895e-01 1.8421e-01 1.1111e-01 3.9024e-01 3.8636e-01 2.0930e-01 1.3793e-01 3.4286e-01 6.1702e-01 1.2903e-01 2.6667e-01 3.0556e-01 8.3333e-02 2.3684e-01 3.5714e-01 1.6667e-01 6.0431e-01 4.5455e-01 3.8889e-01 2.9545e-01 1.1111e-01 3.7500e-01 4.0909e-01 1.9444e-01 3.6364e-01 3.5294e-01 1.8750e-01 3.9130e-01 3.6667e-01 4.3651e-01 3.3333e-01 1.0000e+00 6.1364e-01 1.3333e-01 1.4815e-01 7.9948e-01 1.0000e-01 4.5714e-01 2.2222e-01 3.0909e-01 4.2623e-01 1.9231e-01 3.0000e-01
5.0000e-01 8.8926e-01 8.3140e-01 1.0000e+00 0.0000e+00 1.0000e+00 1.0000e+00 2.8571e-01 7.0922e-01 6.6667e-01 1.0000e+00 7.7778e-01 8.2834e-01 8.6855e-01 6.6667e-01 1.0000e+00 2.1429e-01 8.5840e-01 3.8095e-01 8.6829e-01 0.0000e+00 0.0000e+00 1.1111e-01 1.0000e+00 8.5495e-01 0.0000e+00 1.0000e+00 7.0504e-01 1.0000e+00 1.0000e+00 2.3077e-01 7.5000e-01 2.8571e-01 1.0000e+00 1.0000e+00 1.0000e+00 1.6667e-01 1.0000e+00 1.0000e+00 0.0000e+00 6.8142e-01 6.8493e-01 5.0000e-01 0.0000e+00 0.0000e+00 0.0000e+00 0.0000e+00 1.0000e+00 3.0769e-01 1.0000e+00
5.0000e-01 6.6667e-01 9.3305e-01 1.0000e+00 2.5000e-01 1.0000e+00 5.0000e-01 8.5714e-01 7.3387e-01 1.0000e+00 0.0000e+00 6.2500e-01 7.9574e-01 7.4603e-01 1.0000e+00 7.5000e-01 7.0192e-01 8.5690e-01 7.1111e-01 6.8421e-01 2.0000e-01 8.3333e-01 6.5306e-01 6.6667e-01 8.1818e-01 1.0000e+00 1.0000e+00 8.1293e-01 1.0000e+00 5.0000e-01 9.8140e-01 1.0000e+00 8.8889e-01 8.0000e-01 1.0000e+00 1.0000e+00 7.8109e-01 1.0000e+00 1.0000e+00 1.0000e+00 6.0784e-01 8.5000e-01 0.0000e+00 5.0000e-01 6.6667e-01 1.0000e+00 0.0000e+00 1.0000e+00 8.9637e-01 1.0000e+00
6.9084e-01 0.0000e+00 3.3010e-01 1.1765e-01 4.2105e-01 1.4286e-01 1.1111e-01 4.7619e-02 4.1667e-02 1.8519e-01 3.7500e-01 0.0000e+00 0.0000e+00 1.7500e-01 3.1429e-01 2.2222e-01 7.4074e-02 1.2121e-01 2.5000e-01 0.0000e+00 5.4685e-01 1.8182e-01 3.6752e-01 0.0000e+00 4.1451e-01 1.8182e-01 1.2500e-01 1.5789e-01 3.2258e-01 3.1579e-01 1.0714e-01 2.0000e-01 4.5455e-02 7.6923e-02 4.3750e-01 2.8261e-01 7.4074e-02 0.0000e+00 0.0000e+00 0.0000e+00 0.0000e+00 2.9412e-01 1.7647e-01 2.6667e-01 5.9375e-01 6.4103e-01 4.3655e-01 6.1212e-01 3.9583e-01 3.0556e-01
1.0000e+00 1.0000e+00 7.8723e-01 1.0000e+00 1.0000e+00 1.0000e+00 1.0000e+00 1.0000e+00 9.6211e-01 0.0000e+00 1.0000e+00 1.0000e+00 8.9394e-01 9.1667e-01 1.0000e+00 1.0000e+00 8.3333e-01 9.6269e-01 9.0000e-01 1.0000e+00 1.0000e+00 9.0909e-01 9.0071e-01 1.0000e+00 9.0909e-01 1.0000e+00 1.0000e+00 9.7614e-01 5.0000e-01 1.0000e+00 8.7500e-01 1.0000e+00 1.0000e+00 1.0000e+00 1.0000e+00 0.0000e+00 9.2272e-01 1.0000e+00 1.0000e+00 6.6667e-01 9.7147e-01 9.3750e-01 1.0000e+00 1.0000e+00 1.0000e+00 1.0000e+00 1.0000e+00 1.0000e+00 1.0000e+00 0.0000e+00
0.0000e+00 0.0000e+00 2.7027e-02 0.0000e+00 2.2449e-01 1.8750e-01 3.7778e-01 8.8889e-02 0.0000e+00 2.4706e-01 0.0000e+00 9.3023e-02 4.7619e-02 2.7027e-02 1.4286e-01 1.5385e-01 2.1212e-01 0.0000e+00 4.8780e-02 2.7027e-02 3.2143e-01 2.0000e-01 2.9412e-02 6.0606e-02 2.9412e-02 1.2000e-01 2.4510e-01 1.3235e-01 1.8919e-01 2.5000e-01 9.8039e-02 2.0930e-01 0.0000e+00 4.7619e-02 2.4242e-01 1.0256e-01 1.3235e-01 0.0000e+00 1.6667e-01 0.0000e+00 0.0000e+00 0.0000e+00 2.2500e-01 0.0000e+00 9.5238e-02 8.3333e-02 0.0000e+00 1.3514e-01 0.0000e+00 7.4074e-02
4.1667e-02 2.9412e-02 4.8780e-02 1.8605e-01 0.0000e+00 1.8750e-01 6.2907e-01 1.2727e-01 8.0000e-02 1.3953e-01 2.9114e-01 1.4286e-01 0.0000e+00 1.4085e-01 7.6923e-02 2.7660e-01 1.6092e-01 2.8364e-01 0.0000e+00 8.1633e-02 5.5556e-02 1.8750e-01 3.3244e-01 1.0256e-01 1.2500e-01 7.6923e-02 1.5094e-01 6.5217e-02 8.3333e-02 2.6471e-01 1.6667e-01 2.4000e-01 0.0000e+00 0.0000e+00 3.2653e-01 3.3005e-01 2.6316e-02 2.7907e-01 1.6667e-01 6.9328e-01 0.0000e+00 8.8889e-02 5.0000e-02 1.4000e-01 9.5238e-02 2.7869e-01 7.5000e-02 2.7586e-01 1.5385e-01 0.0000e+00
3.2727e-01 2.9412e-02 1.2698e-01 3.3884e-01 1.2903e-01 9.0909e-02 3.3333e-01 1.3793e-01 1.2308e-01 2.5806e-01 2.5000e-01 3.9173e-01 1.4474e-01 2.0183e-01 4.3038e-01 5.6886e-01 7.8431e-02 2.0968e-01 1.7442e-01 4.7619e-02 2.5954e-01 1.5385e-01 1.2500e-01 2.1795e-01 2.2609e-01 1.3208e-01 2.1687e-01 1.5854e-01 3.2530e-01 6.1899e-01 2.2314e-01 1.9512e-01 1.6438e-01 4.7619e-02 5.4426e-01 3.9103e-01 1.3235e-01 4.3590e-01 5.6250e-01 2.4000e-01 1.5854e-01 1.5385e-01 3.6170e-01 1.6949e-01 3.7500e-01 2.1429e-01 2.7976e-01 2.2034e-01 2.1333e-01 1.3889e-01
2.2222e-01 1.0811e-01 2.2892e-01 4.4304e-01 4.2609e-01 4.1429e-01 6.0000e-01 1.6667e-01 1.4815e-01 1.9512e-01 3.8636e-01 1.8367e-01 7.8947e-02 3.1250e-01 5.3711e-01 4.1270e-01 9.7561e-02 2.8058e-01 1.1628e-01 2.1519e-01 1.4634e-01 0.0000e+00 2.2973e-01 3.2353e-01 3.7037e-02 1.1429e-01 5.0699e-01 1.7460e-01 1.8519e-01 3.9535e-01 1.0526e-01 5.8824e-02 4.2751e-01 1.6667e-01 1.6667e-01 2.0000e-01 1.4000e-01 1.9048e-01 1.5385e-01 3.4615e-01 2.2093e-01 2.2059e-01 2.6471e-01 5.1062e-01 3.0303e-01 0.0000e+00 2.9730e-01 3.1884e-01 0.0000e+00 2.0588e-01
1.2121e-01 0.0000e+00 6.6667e-02 0.0000e+00 1.0714e-01 9.0909e-02 0.0000e+00 2.1429e-01 1.9266e-01 0.0000e+00 4.3478e-02 1.5873e-01 8.0000e-02 4.8780e-02 3.3333e-01 2.0588e-01 0.0000e+00 2.6316e-02 8.1633e-02 2.7027e-02 2.0482e-01 0.0000e+00 0.0000e+00 0.0000e+00 1.0204e-01 0.0000e+00 0.0000e+00 4.7619e-02 4.7619e-02 2.3333e-01 1.2069e-01 1.1111e-01 8.6957e-02 0.0000e+00 0.0000e+00 8.3333e-02 0.0000e+00 1.0000e-01 1.6667e-01 0.0000e+00 0.0000e+00 1.6667e-01 2.4444e-01 1.5094e-01 0.0000e+00 1.1111e-01 1.1765e-01 0.0000e+00 1.0256e-01 0.0000e+00
5.8095e-01 1.1538e-01 4.0132e-01 7.0376e-01 3.9535e-01 0.0000e+00 6.8966e-01 2.6923e-01 4.3709e-01 2.1429e-01 3.5897e-01 2.5581e-01 2.9487e-01 3.1325e-01 4.6667e-01 5.6944e-01 2.9762e-01 4.5455e-02 2.4528e-01 8.0000e-02 5.4772e-01 5.5615e-01 3.8462e-01 3.4921e-01 1.7647e-01 2.3077e-01 2.6829e-01 1.4706e-01 2.1053e-01 6.4557e-01 1.3793e-01 5.6667e-01 8.6957e-02 3.3333e-01 6.1429e-01 2.0690e-01 8.0000e-02 9.0909e-02 5.0000e-01 4.2105e-01 5.2626e-01 1.8182e-01 5.8716e-01 4.3333e-01 9.0909e-02 3.0769e-01 1.4815e-01 3.5556e-01 3.2000e-01 1.2500e-01
3.3871e-01 5.2632e-02 1.6867e-01 3.6424e-01 1.0714e-01 2.1622e-01 7.1429e-02 7.3171e-02 2.2603e-01 2.5287e-01 1.7500e-01 2.8313e-01 1.9048e-01 1.0714e-01 4.1406e-01 2.5000e-01 1.6667e-01 1.4474e-01 1.7778e-01 1.8085e-01 1.5254e-01 2.5352e-01 1.2500e-01 2.0833e-01 2.1154e-01 1.4286e-01 2.4510e-01 2.5269e-01 3.1169e-01 5.4710e-01 1.6000e-01 3.2143e-01 1.4925e-01 8.3333e-02 4.5378e-01 2.1333e-01 4.7619e-02 6.1702e-01 5.3333e-01 7.1429e-02 1.6854e-01 1.4516e-01 3.7000e-01 1.6071e-01 0.0000e+00 2.3404e-01 1.4035e-01 2.2034e-01 1.0256e-01 2.4194e-01
2.3077e-01 1.6667e-01 1.2500e-01 3.3333e-01 6.8317e-01 5.0000e-01 1.0000e+00 0.0000e+00 2.6667e-01 8.4945e-01 1.1111e-01 3.2143e-01 4.3478e-01 0.0000e+00 2.3077e-01 1.0000e+00 1.8182e-01 6.6667e-02 1.2500e-01 3.5714e-01 4.4681e-01 2.5000e-01 1.3333e-01 4.0625e-01 1.3333e-01 2.7273e-01 4.2105e-01 4.4737e-01 5.0000e-01 0.0000e+00 2.6923e-01 3.3333e-01 7.2732e-01 3.8889e-01 6.6667e-01 6.5190e-01 0.0000e+00 1.0000e+00 1.0000e+00 1.0000e+00 0.0000e+00 3.8462e-01 1.0000e+00 4.1026e-01 1.0000e+00 1.1111e-01 4.8387e-01 2.3077e-01 2.8571e-01 1.0000e-01
