1.5000e+01 2.7000e+01 1.6000e+01 2.8000e+01 2.1000e+01 1.7000e+01 1.6000e+01 2.2000e+01 1.8900e+02 9.7700e+03
2.2000e+01 2.6000e+01 2.5000e+01 9.6980e+03 2.4000e+01 2.8000e+01 2.5000e+01 3.1000e+01 1.9000e+01 1.7700e+02
4.8100e+02 1.7000e+01 2.8000e+01 1.9000e+01 9.8090e+03 4.2000e+01 7.0900e+02 2.2000e+01 1.3000e+01 1.9000e+01
2.1000e+01 2.0000e+01 2.9000e+01 2.7000e+01 1.9000e+01 9.7200e+03 1.7000e+01 3.5000e+01 1.4000e+01 2.6000e+01
2.4000e+01 2.2000e+01 9.5840e+03 2.9000e+01 2.2000e+01 2.6000e+01 2.4000e+01 2.1000e+01 2.2000e+01 2.2000e+01
2.5000e+01 2.3000e+01 2.4000e+01 2.4000e+01 1.6000e+01 1.8000e+01 9.1240e+03 1.7000e+01 1.8000e+01 2.3000e+01
9.1160e+03 1.7000e+01 1.5000e+01 1.8000e+01 2.7000e+01 1.9000e+01 2.0000e+01 3.1000e+01 1.8000e+01 1.8000e+01
2.3000e+01 7.8800e+02 3.5000e+01 2.2000e+01 2.0000e+01 1.5000e+01 1.6000e+01 9.7220e+03 2.0000e+01 2.3000e+01
2.4000e+01 2.4000e+01 1.7000e+01 1.5500e+02 2.5000e+01 1.6000e+01 1.9000e+01 2.3000e+01 9.9350e+03 3.2000e+01
1.8000e+01 9.1630e+03 2.2000e+01 2.4000e+01 2.3000e+01 2.2000e+01 1.4000e+01 2.4000e+01 2.0000e+01 2.6000e+01
