1.1000e+01 4.0000e+00 5.0000e+00 2.5000e+01 4.0000e+00 7.0000e+00 5.0000e+00 4.0000e+00 1.7300e+02 9.5110e+03
5.0000e+00 1.5000e+01 1.0000e+00 9.6830e+03 1.4000e+01 6.0000e+00 1.7000e+01 2.0000e+00 0.0000e+00 1.7100e+02
4.6600e+02 7.0000e+00 2.0000e+00 1.0000e+01 7.7210e+03 2.3000e+01 6.9200e+02 1.5000e+01 7.0000e+00 1.0000e+01
2.0000e+01 1.6000e+01 2.7000e+01 1.6000e+01 1.4000e+01 9.4900e+03 1.0000e+00 1.1000e+01 4.0000e+00 1.8000e+01
0.0000e+00 2.0000e+00 8.4210e+03 1.8000e+01 8.0000e+00 6.0000e+00 1.0000e+00 9.0000e+00 6.0000e+00 5.0000e+00
1.6000e+01 1.1000e+01 0.0000e+00 3.0000e+00 6.0000e+00 6.0000e+00 8.8040e+03 1.1000e+01 2.0000e+00 1.7000e+01
7.5430e+03 1.0000e+01 7.0000e+00 6.0000e+00 1.5000e+01 9.0000e+00 8.0000e+00 6.0000e+00 1.1000e+01 1.1000e+01
8.0000e+00 7.6400e+02 3.1000e+01 6.0000e+00 1.0000e+00 4.0000e+00 1.0000e+01 8.1070e+03 1.4000e+01 0.0000e+00
8.0000e+00 8.0000e+00 0.0000e+00 1.1300e+02 8.0000e+00 0.0000e+00 7.0000e+00 1.0000e+01 7.2230e+03 1.9000e+01
0.0000e+00 9.1170e+03 7.0000e+00 4.0000e+00 3.0000e+00 4.0000e+00 3.0000e+00 1.2000e+01 1.0000e+01 1.9000e+01
