4.3420e+03 1.0000e+00 1.0000e+00 4.0000e+00 2.0000e+00 8.0000e+00 1.0000e+00 1.0000e+00 6.2360e+03 5.0000e+00
1.0000e+00 3.0000e+00 1.0000e+00 3.3900e+02 1.0000e+00 1.0000e+00 1.0000e+00 1.0000e+00 1.0000e+00 9.8100e+03
2.6070e+03 0.0000e+00 1.0000e+00 2.0000e+00 1.7000e+01 4.0000e+00 1.3000e+01 1.0103e+04 1.0000e+00 1.0000e+00
2.0000e+00 2.0000e+00 4.0000e+00 1.0000e+00 2.0000e+00 1.0069e+04 1.0000e+00 1.0000e+00 4.0000e+00 5.0000e+00
1.0000e+00 1.0000e+00 5.2030e+03 3.0840e+03 1.0000e+00 1.0000e+00 1.0000e+00 1.0000e+00 1.0000e+00 1.1000e+01
2.6000e+01 1.0000e+00 1.0000e+00 1.0000e+00 1.0000e+00 1.0000e+00 9.9300e+03 5.0000e+00 2.0000e+00 1.0000e+00
2.9750e+03 4.0000e+00 1.0000e+00 8.0000e+00 1.0027e+04 4.0000e+00 2.0000e+00 1.0000e+00 1.0000e+00 8.0000e+00
4.0000e+00 2.5990e+03 4.9220e+03 1.0000e+00 1.0000e+00 1.0000e+00 1.0000e+00 1.0000e+00 3.0000e+00 1.0000e+00
1.0000e+00 2.0000e+00 1.0000e+00 6.3280e+03 2.0000e+00 1.0000e+00 1.0000e+00 1.0000e+00 3.7480e+03 1.0000e+00
1.0000e+00 7.4190e+03 1.0000e+00 1.0000e+00 1.0000e+00 2.0000e+00 1.0000e+00 1.0000e+00 2.0000e+00 4.6000e+01
