8.7629e-01 3.0769e-01 2.0000e-01 7.7686e-01 4.8077e-01 2.7273e-01 2.7273e-01 2.1429e-01 9.0542e-01 9.7155e-01
0.0000e+00 4.7826e-01 2.0000e-01 9.9868e-01 3.0435e-01 4.2105e-01 7.6636e-01 2.1429e-01 1.1111e-01 9.6935e-01
9.7582e-01 4.5000e-01 1.2500e-01 1.0000e+00 7.8929e-01 6.1905e-01 9.7277e-01 7.7927e-01 5.3846e-01 1.0000e+00
1.0000e+00 6.2791e-01 7.8981e-01 1.0000e+00 6.7021e-01 9.7899e-01 2.0000e-01 4.7619e-01 4.0909e-01 1.0000e+00
1.0000e+00 0.0000e+00 8.5827e-01 1.0000e+00 1.8750e-01 1.0000e+00 0.0000e+00 6.2037e-01 1.8182e-01 1.0000e+00
1.0000e+00 2.7273e-01 0.0000e+00 1.0000e+00 5.7282e-01 1.0000e+00 9.6949e-01 7.4514e-01 2.3077e-01 1.0000e+00
1.0000e+00 5.0000e-01 2.0000e-01 1.0000e+00 6.1224e-01 1.0000e+00 1.0000e+00 2.1429e-01 4.4444e-01 1.0000e+00
1.0000e+00 9.6990e-01 9.5693e-01 1.0000e+00 0.0000e+00 1.0000e+00 1.0000e+00 8.3096e-01 4.1667e-01 1.0000e+00
1.0000e+00 4.1176e-01 0.0000e+00 1.0000e+00 4.9153e-01 1.0000e+00 1.0000e+00 4.4444e-01 6.3768e-01 1.0000e+00
1.0000e+00 9.9516e-01 0.0000e+00 1.0000e+00 1.8750e-01 1.0000e+00 1.0000e+00 5.0000e-01 2.8571e-01 1.0000e+00
