7.2000e+01 5.4000e+01 6.3000e+01 8.0000e+01 8.8000e+01 7.7000e+01 7.9000e+01 7.3000e+01 5.3220e+03 5.4790e+03 5.5000e+01 8.2000e+01 6.2000e+01 8.7000e+01 8.4000e+01 6.1000e+01 7.1000e+01 6.5000e+01 8.2700e+02 6.8000e+01 5.7000e+01 7.6000e+01 5.2040e+03 5.4230e+03 7.7000e+01 6.9000e+01 7.5000e+01 8.1000e+01 6.7000e+01 4.5050e+03 7.5000e+01 6.6000e+01 2.2040e+03 7.6000e+01 7.9000e+01 5.8000e+01 7.9000e+01 6.3000e+01 6.6000e+01 8.5000e+01 1.2200e+02 7.6000e+01 6.4000e+01 9.3000e+01 6.2000e+01 6.5000e+01 7.1000e+01 5.9000e+01 6.6000e+01 8.1000e+01
6.1000e+01 7.4000e+01 8.0000e+01 7.7000e+01 7.6000e+01 7.9000e+01 6.1000e+01 8.9000e+01 6.7000e+01 6.6000e+01 6.8000e+01 5.5000e+01 7.5000e+01 8.1000e+01 5.4190e+03 7.3000e+01 6.3000e+01 5.3500e+03 8.2000e+01 6.3000e+01 7.3000e+01 5.4480e+03 6.4000e+01 7.6000e+01 7.4000e+01 6.7000e+01 5.0000e+01 6.5000e+01 7.7000e+01 7.1000e+01 7.2000e+01 7.7000e+01 7.8000e+01 5.4000e+01 6.4000e+01 5.6000e+01 7.1000e+01 6.7000e+01 6.7000e+01 7.0000e+01 7.0000e+01 7.0000e+01 5.3190e+03 6.7000e+01 7.1000e+01 6.5000e+01 6.6000e+01 6.6000e+01 7.2000e+01 6.5000e+01
6.9000e+01 7.8000e+01 3.0790e+03 5.7000e+01 7.1000e+01 7.7000e+01 3.9290e+03 6.5000e+01 7.4000e+01 7.6000e+01 5.5030e+03 7.6000e+01 6.9000e+01 8.1000e+01 7.0000e+01 7.5000e+01 8.4000e+01 6.9000e+01 7.1000e+01 7.6000e+01 6.1000e+01 6.8000e+01 7.9000e+01 7.4000e+01 7.4000e+01 6.2000e+01 8.0000e+01 7.1000e+01 8.8000e+01 6.7000e+01 7.6000e+01 5.2810e+03 3.1780e+03 6.5000e+01 7.5000e+01 8.7000e+01 6.6000e+01 8.2000e+01 8.5000e+01 5.0000e+01 8.1000e+01 6.4000e+01 5.6000e+01 6.8000e+01 7.1000e+01 6.7000e+01 7.0000e+01 5.4140e+03 5.3000e+01 7.2000e+01
6.6000e+01 8.0000e+01 6.8000e+01 8.5000e+01 8.3000e+01 7.2000e+01 7.4000e+01 6.9000e+01 6.4000e+01 5.7000e+01 7.9000e+01 7.5000e+01 8.2000e+01 7.7000e+01 6.9000e+01 7.0000e+01 6.8000e+01 7.0000e+01 7.9000e+01 6.9000e+01 6.6000e+01 6.8000e+01 8.6000e+01 5.7000e+01 5.3260e+03 6.3000e+01 8.3000e+01 5.3190e+03 6.1000e+01 7.1000e+01 5.2980e+03 7.5000e+01 8.3000e+01 8.3000e+01 8.0000e+01 7.7000e+01 6.3000e+01 6.6000e+01 5.4450e+03 6.5000e+01 8.1000e+01 8.1000e+01 7.2000e+01 7.1000e+01 8.8000e+01 5.2900e+03 6.7000e+01 6.8000e+01 7.1000e+01 6.4000e+01
7.7000e+01 8.4000e+01 6.8000e+01 7.1000e+01 7.3000e+01 7.6000e+01 5.8000e+01 8.5000e+01 7.4000e+01 7.6000e+01 6.9000e+01 8.5000e+01 5.4240e+03 7.5000e+01 7.7000e+01 7.3000e+01 5.3790e+03 7.2000e+01 7.8000e+01 5.3950e+03 6.4000e+01 8.5000e+01 6.5000e+01 7.1000e+01 9.7000e+01 7.6000e+01 5.3300e+03 7.3000e+01 9.2000e+01 6.0000e+01 7.7000e+01 6.3000e+01 6.6000e+01 7.3000e+01 5.2240e+03 8.2000e+01 6.0000e+01 6.4000e+01 7.0000e+01 7.1000e+01 8.5000e+01 9.5000e+01 7.8000e+01 7.2000e+01 7.8000e+01 7.4000e+01 6.6000e+01 7.5000e+01 6.3000e+01 7.1000e+01
7.6000e+01 6.2000e+01 6.4000e+01 5.9000e+01 7.5000e+01 6.5000e+01 6.2000e+01 7.6000e+01 6.1000e+01 7.3000e+01 7.1000e+01 9.0000e+01 6.5000e+01 7.6000e+01 8.6000e+01 7.0000e+01 6.4000e+01 7.6000e+01 4.5730e+03 7.4000e+01 7.7000e+01 7.5000e+01 8.5000e+01 6.1000e+01 5.2000e+01 7.7000e+01 7.2000e+01 6.9000e+01 7.2000e+01 6.7000e+01 6.6000e+01 7.7000e+01 6.8000e+01 6.8000e+01 8.0000e+01 7.3000e+01 6.6000e+01 5.3360e+03 8.3000e+01 5.2800e+03 5.3690e+03 5.3130e+03 6.7000e+01 6.4000e+01 5.2920e+03 7.9000e+01 7.5000e+01 8.0000e+01 6.2000e+01 7.2000e+01
5.3230e+03 7.4000e+01 7.8000e+01 7.8000e+01 5.4050e+03 6.8000e+01 1.5310e+03 5.2750e+03 5.5000e+01 6.6000e+01 6.5000e+01 7.2000e+01 7.9000e+01 7.8000e+01 8.6000e+01 5.3060e+03 9.0000e+01 7.0000e+01 8.1000e+01 7.7000e+01 6.7000e+01 7.9000e+01 8.6000e+01 8.2000e+01 7.5000e+01 6.6000e+01 7.7000e+01 6.7000e+01 8.2000e+01 5.9000e+01 7.2000e+01 6.8000e+01 5.8000e+01 5.9000e+01 6.9000e+01 7.6000e+01 7.1000e+01 7.7000e+01 9.5000e+01 8.4000e+01 7.2000e+01 8.4000e+01 6.2000e+01 8.5000e+01 6.2000e+01 7.3000e+01 7.4000e+01 8.3000e+01 5.3150e+03 6.4000e+01
6.8000e+01 8.1000e+01 7.1000e+01 7.3000e+01 8.6000e+01 7.6000e+01 6.1000e+01 6.8000e+01 7.8000e+01 8.1000e+01 6.5000e+01 7.7000e+01 7.2000e+01 5.4730e+03 7.1000e+01 7.4000e+01 7.2000e+01 6.8000e+01 7.3000e+01 6.4000e+01 9.7000e+01 6.7000e+01 6.0000e+01 8.7000e+01 7.0000e+01 7.0000e+01 6.7000e+01 6.5000e+01 5.4450e+03 6.7000e+01 6.4000e+01 8.0000e+01 8.5000e+01 5.3890e+03 7.8000e+01 5.3810e+03 7.1000e+01 7.9000e+01 6.9000e+01 5.6000e+01 7.0000e+01 6.5000e+01 8.1000e+01 6.7000e+01 5.9000e+01 6.8000e+01 7.1000e+01 8.9000e+01 6.3000e+01 5.2520e+03
5.1000e+01 5.2200e+03 7.0000e+01 5.3330e+03 7.0000e+01 9.8000e+01 6.3000e+01 6.3000e+01 6.4000e+01 7.1000e+01 6.0000e+01 7.7000e+01 8.7000e+01 7.5000e+01 6.8000e+01 7.2000e+01 6.9000e+01 7.8000e+01 7.2000e+01 6.9000e+01 7.7000e+01 8.0000e+01 6.7000e+01 6.0000e+01 7.1000e+01 6.2000e+01 7.0000e+01 7.2000e+01 6.7000e+01 8.2500e+02 7.2000e+01 7.7000e+01 6.9000e+01 7.6000e+01 6.0000e+01 7.1000e+01 5.3350e+03 6.6000e+01 6.3000e+01 8.2000e+01 7.1000e+01 6.5000e+01 8.5000e+01 5.3140e+03 8.7000e+01 7.1000e+01 5.4990e+03 6.6000e+01 8.3000e+01 6.1000e+01
7.1000e+01 7.7000e+01 2.2420e+03 7.3000e+01 6.8000e+01 5.3720e+03 6.2000e+01 7.8000e+01 7.8000e+01 7.3000e+01 6.3000e+01 5.4080e+03 5.9000e+01 8.4000e+01 6.9000e+01 9.0000e+01 6.3000e+01 6.4000e+01 7.3000e+01 7.8000e+01 5.4340e+03 6.6000e+01 7.7000e+01 7.1000e+01 7.0000e+01 5.3240e+03 8.3000e+01 6.9000e+01 6.7000e+01 7.4000e+01 6.2000e+01 1.1800e+02 6.2000e+01 7.1000e+01 6.2000e+01 7.5000e+01 6.8000e+01 6.7000e+01 6.2000e+01 6.7000e+01 7.3000e+01 7.3000e+01 8.2000e+01 9.1000e+01 9.3000e+01 7.2000e+01 6.9000e+01 7.6000e+01 7.2000e+01 8.1000e+01
