8.0556e-01 6.2963e-01 8.5484e-01 7.6250e-01 3.2955e-01 6.4935e-02 4.6835e-01 1.7808e-01 9.6970e-01 1.0000e+00 8.3636e-01 9.7561e-01 7.0968e-01 9.1954e-01 7.3810e-01 4.2623e-01 6.9014e-01 4.7692e-01 7.5410e-01 5.8824e-01 6.1404e-01 9.3243e-01 9.6825e-01 1.0000e+00 5.5844e-01 8.8406e-01 8.2667e-01 6.2963e-01 4.6269e-01 8.5526e-01 8.6667e-01 3.9394e-01 9.0141e-01 1.0000e+00 4.5570e-01 4.1379e-01 8.9873e-01 6.9841e-01 4.8485e-01 8.9024e-01 8.7719e-01 3.9474e-01 9.0476e-01 9.7561e-01 4.5161e-01 3.6923e-01 2.8169e-01 4.9153e-01 3.6364e-01 7.6543e-01
1.8033e-01 3.2432e-01 5.2500e-01 3.8961e-02 1.3158e-01 3.7975e-01 8.1967e-02 4.2697e-01 1.4925e-01 3.7879e-01 1.7647e-01 2.3636e-01 2.5333e-01 7.4074e-02 5.4118e-01 5.4795e-02 2.5397e-01 4.4444e-01 3.6585e-01 2.6984e-01 3.8356e-01 5.7333e-01 4.2188e-01 1.8421e-01 3.6486e-01 3.7313e-01 2.6000e-01 2.1538e-01 4.4156e-01 1.9718e-01 4.0278e-01 5.0649e-01 1.0256e-01 1.8519e-01 4.0625e-01 4.1071e-01 2.5352e-01 1.1940e-01 2.5373e-01 1.8571e-01 2.8571e-02 4.2857e-02 5.7534e-01 4.6269e-01 2.2535e-01 2.7692e-01 1.5152e-02 0.0000e+00 8.3333e-02 4.4615e-01
8.6765e-01 6.9231e-01 1.0000e+00 2.4561e-01 1.4085e-01 3.3766e-01 1.0000e+00 5.6923e-01 2.4324e-01 2.6316e-01 9.3151e-01 3.9474e-02 1.3043e-01 8.6420e-02 5.2857e-01 0.0000e+00 1.3095e-01 7.2464e-02 6.0000e-01 5.6579e-01 3.9344e-01 7.3529e-02 5.4430e-01 1.4865e-01 6.4865e-01 5.1613e-01 6.6250e-01 3.5211e-01 9.1667e-01 2.5373e-01 4.8684e-01 1.0000e+00 8.2857e-01 3.2308e-01 2.4000e-01 6.0920e-01 1.3636e-01 6.2195e-01 2.3529e-01 8.1633e-01 1.8519e-01 2.9688e-01 3.5714e-02 5.3731e-01 3.9437e-01 2.8358e-01 4.2857e-02 1.0000e+00 4.9057e-01 8.9855e-01
3.6364e-01 3.7500e-01 8.8235e-02 9.4118e-02 8.4337e-02 6.2500e-01 2.0270e-01 7.2464e-02 1.2500e-01 4.0351e-01 4.1772e-01 4.4000e-01 3.0488e-01 3.8961e-01 8.6957e-02 2.0000e-01 7.3529e-02 2.2857e-01 2.4051e-01 4.3478e-01 7.6562e-01 4.2647e-01 6.5060e-01 6.7273e-01 7.4627e-01 6.9841e-01 8.1159e-01 5.5405e-01 6.0656e-01 4.5070e-01 8.9333e-01 5.4667e-01 5.7831e-01 7.2727e-01 6.6667e-01 5.8442e-01 3.9683e-01 5.4545e-01 7.2464e-01 2.4615e-01 4.0741e-01 5.4321e-01 2.2222e-01 1.8310e-01 6.5789e-01 7.5000e-01 5.7576e-01 3.9706e-01 5.7971e-01 4.6875e-01
5.7143e-01 5.9524e-01 5.7353e-01 4.6479e-01 5.3425e-01 4.4737e-01 3.6207e-01 7.7143e-01 9.4595e-02 4.7368e-01 7.1014e-01 5.5294e-01 7.6712e-01 3.0667e-01 5.7143e-01 3.8356e-01 8.3544e-01 5.2113e-01 5.0000e-01 6.0317e-01 6.4062e-01 5.4118e-01 2.3077e-01 1.8310e-01 3.7113e-01 3.9474e-01 9.0667e-01 5.5072e-01 7.7143e-01 4.0000e-01 4.9351e-01 6.6667e-01 5.3030e-01 3.5616e-01 8.1250e-01 7.6623e-01 6.3333e-01 4.3750e-01 6.2857e-01 4.9296e-01 5.2941e-01 6.5517e-01 3.9744e-01 2.6389e-01 4.3590e-01 4.8649e-01 5.9091e-01 4.2667e-01 6.3492e-01 7.6562e-01
1.0000e+00 1.0000e+00 1.0000e+00 9.8305e-01 8.9333e-01 5.2308e-01 7.0968e-01 9.6053e-01 9.1803e-01 1.0000e+00 5.4930e-01 8.1111e-01 9.8387e-01 7.8947e-01 6.2791e-01 7.1429e-02 7.8125e-01 1.3158e-01 7.9688e-01 1.6216e-01 9.3506e-01 1.0000e+00 1.0000e+00 9.8333e-01 1.0000e+00 6.6234e-01 9.7222e-01 6.0870e-01 9.1667e-01 2.3881e-01 9.5385e-01 8.3117e-01 6.3235e-01 9.4118e-01 9.5000e-01 9.5890e-01 9.2424e-01 9.5890e-01 9.3827e-01 1.0000e+00 9.2754e-01 9.5161e-01 9.2537e-01 9.8438e-01 1.0000e+00 5.8228e-01 3.4667e-01 9.1250e-01 7.2581e-01 5.1389e-01
9.6104e-01 2.9730e-01 8.7179e-01 7.5325e-01 9.1860e-01 2.2059e-01 9.8305e-01 9.3939e-01 2.3636e-01 8.6364e-01 2.1538e-01 8.3333e-02 2.2785e-01 4.1026e-01 2.9070e-01 8.2192e-01 7.5556e-01 1.0000e-01 1.6049e-01 4.8052e-01 7.7612e-01 1.2658e-02 4.5349e-01 3.1707e-01 7.4324e-01 2.8788e-01 0.0000e+00 4.6269e-01 7.3171e-01 2.5424e-01 2.3611e-01 7.7941e-01 3.6207e-01 5.0847e-02 0.0000e+00 8.4000e-01 2.9577e-01 5.1948e-02 5.7895e-01 7.1429e-01 7.8571e-01 2.9762e-01 9.0323e-01 2.7059e-01 1.4516e-01 2.7397e-01 2.7027e-01 9.7959e-01 8.2609e-01 1.4062e-01
3.6765e-01 5.5556e-01 6.6197e-01 2.4658e-01 7.6316e-01 3.5526e-01 2.7869e-01 4.4118e-01 7.5000e-01 6.7901e-01 4.0000e-01 8.3582e-01 3.1944e-01 7.8082e-01 6.4789e-01 4.5946e-01 5.9722e-01 4.7059e-01 1.0959e-01 4.6875e-01 9.0000e-01 4.7761e-01 2.6667e-01 3.3333e-01 3.1429e-01 3.8571e-01 8.7692e-01 4.9231e-01 8.1944e-01 3.1343e-01 5.9375e-01 5.0000e-01 6.8293e-01 8.4000e-01 7.8947e-01 8.2051e-01 7.0423e-02 5.2564e-01 7.0312e-01 5.0000e-01 5.7143e-01 2.7692e-01 2.3457e-01 2.9851e-01 4.2373e-01 7.4627e-01 5.3521e-01 4.2697e-01 5.7143e-01 8.1538e-01
7.0588e-01 9.3151e-01 7.0000e-01 9.5161e-01 7.5714e-01 9.2553e-01 6.1905e-01 4.7619e-01 6.7188e-01 6.6197e-01 6.8333e-01 6.7532e-01 8.1176e-01 8.0822e-01 6.1765e-01 5.0000e-01 5.9420e-01 4.8718e-01 5.6944e-01 4.3478e-01 4.8052e-01 4.7500e-01 8.4848e-01 6.1667e-01 5.9155e-01 6.2903e-01 8.8406e-01 5.9722e-01 7.9104e-01 7.5949e-01 6.3889e-01 7.2727e-01 7.3529e-01 6.0526e-01 8.3051e-01 6.9014e-01 8.9855e-01 5.0000e-01 3.3333e-01 5.1220e-01 7.2464e-01 5.6923e-01 6.5882e-01 9.1860e-01 7.0115e-01 7.0423e-01 8.3607e-01 6.3636e-01 6.2651e-01 6.8852e-01
6.3380e-01 1.1688e-01 7.5806e-01 1.0959e-01 7.3529e-02 7.3770e-01 3.3871e-01 2.1795e-01 1.1538e-01 4.7945e-01 4.9206e-01 7.7333e-01 1.8644e-01 5.0000e-01 1.3043e-01 1.8889e-01 5.5556e-01 4.6875e-01 4.6575e-01 4.9333e-01 8.0682e-01 3.1818e-01 5.1948e-01 3.3803e-01 5.5714e-01 7.9167e-01 7.8205e-01 4.0580e-01 4.9254e-01 5.7143e-01 4.6774e-01 7.5362e-01 9.6774e-02 5.9155e-01 5.8065e-01 2.5333e-01 4.4118e-02 4.0299e-01 5.9677e-01 8.9552e-02 5.9155e-01 4.3836e-01 4.1463e-01 3.1868e-01 5.9783e-01 5.0000e-01 6.1017e-01 6.9333e-01 4.1667e-01 6.8831e-01
