5.8000e+01 3.4000e+01 5.4000e+01 6.1000e+01 2.9000e+01 5.0000e+00 3.7000e+01 1.3000e+01 5.2250e+03 5.4670e+03 4.6000e+01 8.0000e+01 4.4000e+01 8.0000e+01 6.2000e+01 2.6000e+01 4.9000e+01 3.1000e+01 5.6700e+02 4.0000e+01 3.5000e+01 7.1000e+01 4.9620e+03 5.3900e+03 4.3000e+01 6.1000e+01 6.2000e+01 5.1000e+01 3.1000e+01 3.9510e+03 6.5000e+01 2.6000e+01 1.9710e+03 7.6000e+01 3.6000e+01 2.4000e+01 7.1000e+01 4.4000e+01 3.2000e+01 7.6000e+01 1.1000e+02 3.0000e+01 5.8000e+01 9.1000e+01 2.8000e+01 2.4000e+01 2.0000e+01 2.9000e+01 2.4000e+01 6.2000e+01
1.1000e+01 2.4000e+01 4.2000e+01 3.0000e+00 1.0000e+01 3.0000e+01 5.0000e+00 3.8000e+01 1.0000e+01 2.5000e+01 1.2000e+01 1.3000e+01 1.9000e+01 6.0000e+00 2.9290e+03 4.0000e+00 1.6000e+01 2.1090e+03 3.0000e+01 1.7000e+01 2.8000e+01 2.7120e+03 2.7000e+01 1.4000e+01 2.7000e+01 2.5000e+01 1.3000e+01 1.4000e+01 3.4000e+01 1.4000e+01 2.9000e+01 3.9000e+01 8.0000e+00 1.0000e+01 2.6000e+01 2.3000e+01 1.8000e+01 8.0000e+00 1.7000e+01 1.3000e+01 2.0000e+00 3.0000e+00 3.0650e+03 3.1000e+01 1.6000e+01 1.8000e+01 1.0000e+00 0.0000e+00 6.0000e+00 2.9000e+01
6.0000e+01 5.4000e+01 3.0650e+03 1.4000e+01 1.0000e+01 2.6000e+01 3.9290e+03 3.7000e+01 1.8000e+01 2.0000e+01 5.1970e+03 3.0000e+00 9.0000e+00 7.0000e+00 3.7000e+01 0.0000e+00 1.1000e+01 5.0000e+00 4.3000e+01 4.3000e+01 2.4000e+01 5.0000e+00 4.3000e+01 1.1000e+01 4.8000e+01 3.2000e+01 5.3000e+01 2.5000e+01 8.0000e+01 1.7000e+01 3.7000e+01 5.2810e+03 2.5790e+03 2.1000e+01 1.8000e+01 5.3000e+01 9.0000e+00 5.1000e+01 2.0000e+01 4.1000e+01 1.5000e+01 1.9000e+01 2.0000e+00 3.6000e+01 2.8000e+01 1.9000e+01 3.0000e+00 5.3190e+03 2.6000e+01 6.5000e+01
2.4000e+01 3.0000e+01 6.0000e+00 8.0000e+00 7.0000e+00 4.5000e+01 1.5000e+01 5.0000e+00 8.0000e+00 2.3000e+01 3.3000e+01 3.3000e+01 2.5000e+01 3.0000e+01 6.0000e+00 1.4000e+01 5.0000e+00 1.6000e+01 1.9000e+01 3.0000e+01 5.1000e+01 2.9000e+01 5.6000e+01 3.8000e+01 3.8400e+03 4.4000e+01 6.5000e+01 3.3830e+03 3.7000e+01 3.2000e+01 4.4930e+03 4.1000e+01 4.8000e+01 6.0000e+01 5.4000e+01 4.5000e+01 2.5000e+01 3.6000e+01 4.0270e+03 1.6000e+01 3.3000e+01 4.4000e+01 1.6000e+01 1.3000e+01 5.8000e+01 4.0900e+03 3.9000e+01 2.7000e+01 4.0000e+01 3.0000e+01
4.4000e+01 5.0000e+01 3.9000e+01 3.3000e+01 3.9000e+01 3.4000e+01 2.1000e+01 6.6000e+01 7.0000e+00 3.6000e+01 4.9000e+01 4.7000e+01 4.3210e+03 2.3000e+01 4.4000e+01 2.8000e+01 4.3040e+03 3.7000e+01 3.9000e+01 3.2210e+03 4.1000e+01 4.6000e+01 1.5000e+01 1.3000e+01 3.6000e+01 3.0000e+01 4.8430e+03 3.9000e+01 7.3000e+01 2.4000e+01 3.8000e+01 4.2000e+01 3.5000e+01 2.6000e+01 4.7500e+03 6.4000e+01 3.8000e+01 2.8000e+01 4.4000e+01 3.5000e+01 4.5000e+01 6.2000e+01 3.1000e+01 1.9000e+01 3.4000e+01 3.6000e+01 3.9000e+01 3.2000e+01 4.0000e+01 5.5000e+01
7.6000e+01 6.2000e+01 6.4000e+01 5.8000e+01 6.7000e+01 3.4000e+01 4.4000e+01 7.3000e+01 5.6000e+01 7.3000e+01 3.9000e+01 7.3000e+01 6.4000e+01 6.0000e+01 5.4000e+01 5.0000e+00 5.0000e+01 1.0000e+01 3.2530e+03 1.2000e+01 7.2000e+01 7.5000e+01 8.5000e+01 6.0000e+01 5.2000e+01 5.1000e+01 7.0000e+01 4.2000e+01 6.6000e+01 1.6000e+01 6.3000e+01 6.4000e+01 4.3000e+01 6.4000e+01 7.6000e+01 7.0000e+01 6.1000e+01 5.1130e+03 7.8000e+01 5.2430e+03 5.0760e+03 5.0970e+03 6.2000e+01 6.3000e+01 5.2220e+03 4.6000e+01 2.6000e+01 7.3000e+01 4.5000e+01 3.7000e+01
5.1910e+03 2.2000e+01 6.8000e+01 5.9000e+01 4.9770e+03 1.5000e+01 1.5000e+03 5.0930e+03 1.3000e+01 5.7000e+01 1.4000e+01 6.0000e+00 1.8000e+01 3.2000e+01 2.5000e+01 3.9380e+03 6.8000e+01 7.0000e+00 1.3000e+01 3.7000e+01 5.2000e+01 1.0000e+00 3.9000e+01 2.6000e+01 5.6000e+01 1.9000e+01 0.0000e+00 3.1000e+01 6.0000e+01 1.5000e+01 1.7000e+01 5.3000e+01 2.1000e+01 3.0000e+00 0.0000e+00 6.4000e+01 2.1000e+01 4.0000e+00 5.5000e+01 6.0000e+01 5.7000e+01 2.5000e+01 5.6000e+01 2.3000e+01 9.0000e+00 2.0000e+01 2.0000e+01 8.1000e+01 4.2400e+03 9.0000e+00
2.5000e+01 4.5000e+01 4.7000e+01 1.8000e+01 6.7000e+01 2.7000e+01 1.7000e+01 3.0000e+01 5.5000e+01 5.5000e+01 2.6000e+01 6.5000e+01 2.3000e+01 4.2300e+03 4.6000e+01 3.4000e+01 4.3000e+01 3.2000e+01 8.0000e+00 3.0000e+01 8.7000e+01 3.2000e+01 1.6000e+01 2.9000e+01 2.2000e+01 2.7000e+01 5.9000e+01 3.2000e+01 4.4940e+03 2.1000e+01 3.8000e+01 4.0000e+01 5.8000e+01 4.7300e+03 6.1000e+01 4.4100e+03 5.0000e+00 4.2000e+01 4.9000e+01 2.8000e+01 4.0000e+01 1.8000e+01 1.9000e+01 2.0000e+01 2.5000e+01 5.1000e+01 3.8000e+01 3.8000e+01 3.6000e+01 4.1550e+03
3.6000e+01 4.7570e+03 4.9000e+01 5.0670e+03 5.3000e+01 9.1000e+01 3.9000e+01 3.0000e+01 4.3000e+01 4.7000e+01 4.1000e+01 5.2000e+01 7.1000e+01 6.1000e+01 4.2000e+01 3.6000e+01 4.1000e+01 3.8000e+01 4.1000e+01 3.0000e+01 3.7000e+01 3.8000e+01 5.7000e+01 3.7000e+01 4.2000e+01 3.9000e+01 6.1000e+01 4.3000e+01 5.3000e+01 6.7200e+02 4.6000e+01 5.6000e+01 5.0000e+01 4.6000e+01 5.0000e+01 4.9000e+01 4.7590e+03 3.3000e+01 2.1000e+01 4.2000e+01 5.1000e+01 3.7000e+01 5.6000e+01 4.8600e+03 6.1000e+01 5.0000e+01 4.4230e+03 4.2000e+01 5.2000e+01 4.2000e+01
4.5000e+01 9.0000e+00 1.6400e+03 8.0000e+00 5.0000e+00 4.3120e+03 2.1000e+01 1.7000e+01 9.0000e+00 3.5000e+01 3.1000e+01 4.4340e+03 1.1000e+01 4.2000e+01 9.0000e+00 1.7000e+01 3.5000e+01 3.0000e+01 3.4000e+01 3.8000e+01 4.4260e+03 2.1000e+01 4.0000e+01 2.4000e+01 3.9000e+01 4.3620e+03 6.6000e+01 2.8000e+01 3.3000e+01 4.2000e+01 2.9000e+01 7.8000e+01 6.0000e+00 4.2000e+01 3.6000e+01 1.9000e+01 3.0000e+00 2.7000e+01 3.7000e+01 6.0000e+00 4.3000e+01 3.2000e+01 3.4000e+01 2.9000e+01 5.5000e+01 3.6000e+01 4.2000e+01 5.2000e+01 3.0000e+01 5.5000e+01
