8.6527e-01 3.5714e-01 1.2500e-01 5.0000e-01 4.7170e-01 5.1852e-01 4.5000e-01 2.0000e-01 9.0355e-01 9.7193e-01
2.0000e-01 6.7857e-01 0.0000e+00 9.9769e-01 3.8889e-01 1.2500e-01 8.3486e-01 1.5385e-01 0.0000e+00 9.7390e-01
9.7171e-01 4.5000e-01 0.0000e+00 1.0000e+00 7.7791e-01 5.2000e-01 9.7062e-01 7.6346e-01 5.2778e-01 1.0000e+00
6.4583e-01 7.7778e-01 8.0319e-01 1.0000e+00 6.9907e-01 9.7883e-01 1.2500e-01 4.8837e-01 3.6842e-01 1.0000e+00
0.0000e+00 0.0000e+00 8.7117e-01 1.0000e+00 3.8889e-01 1.0000e+00 0.0000e+00 4.5946e-01 1.1111e-01 1.0000e+00
6.7797e-01 3.5714e-01 0.0000e+00 1.0000e+00 5.0746e-01 1.0000e+00 9.5738e-01 7.6689e-01 2.8571e-01 1.0000e+00
8.3761e-01 3.5714e-01 1.2500e-01 1.0000e+00 6.0403e-01 1.0000e+00 4.5000e-01 0.0000e+00 4.4000e-01 1.0000e+00
4.1176e-01 9.6961e-01 9.5585e-01 1.0000e+00 0.0000e+00 1.0000e+00 6.1538e-01 8.2846e-01 3.8095e-01 1.0000e+00
1.2500e-01 1.2500e-01 2.5000e-01 1.0000e+00 3.5484e-01 1.0000e+00 3.5714e-01 5.3448e-01 7.4118e-01 1.0000e+00
1.2500e-01 9.9673e-01 2.5000e-01 1.0000e+00 0.0000e+00 1.0000e+00 3.7500e-01 4.1935e-01 3.3333e-01 1.0000e+00
