2.8900e+02 5.0000e+00 1.0000e+00 1.2000e+01 2.5000e+01 1.4000e+01 9.0000e+00 3.0000e+00 8.7690e+03 7.1330e+03
2.0000e+00 3.8000e+01 0.0000e+00 9.9240e+03 1.4000e+01 1.0000e+00 1.8200e+02 2.0000e+00 0.0000e+00 2.4250e+03
8.9650e+03 9.0000e+00 0.0000e+00 0.0000e+00 7.0930e+03 1.3000e+01 6.5090e+03 5.3900e+02 1.9000e+01 0.0000e+00
3.1000e+01 9.1000e+01 1.5100e+02 0.0000e+00 3.7400e+02 9.8500e+03 1.0000e+00 2.1000e+01 7.0000e+00 0.0000e+00
0.0000e+00 0.0000e+00 4.2600e+02 0.0000e+00 1.4000e+01 0.0000e+00 0.0000e+00 1.7000e+01 1.0000e+00 0.0000e+00
4.0000e+01 5.0000e+00 0.0000e+00 0.0000e+00 3.4000e+01 0.0000e+00 3.0100e+03 5.7900e+02 4.0000e+00 0.0000e+00
1.9600e+02 5.0000e+00 1.0000e+00 0.0000e+00 9.0000e+01 0.0000e+00 9.0000e+00 0.0000e+00 1.1000e+01 0.0000e+00
7.0000e+00 6.0930e+03 8.8120e+03 0.0000e+00 0.0000e+00 0.0000e+00 2.4000e+01 6.9160e+03 8.0000e+00 0.0000e+00
1.0000e+00 1.0000e+00 3.0000e+00 0.0000e+00 1.1000e+01 0.0000e+00 5.0000e+00 3.1000e+01 1.2600e+02 0.0000e+00
1.0000e+00 3.3570e+03 3.0000e+00 0.0000e+00 0.0000e+00 0.0000e+00 6.0000e+00 1.3000e+01 6.0000e+00 0.0000e+00
