1.1000e+02 9.9000e+01 1.0100e+02 1.1900e+02 1.0500e+02 7.9000e+01 9.6000e+01 1.0700e+02 1.2300e+02 8.8300e+03
9.1000e+01 1.0300e+02 8.9000e+01 8.6240e+03 1.0200e+02 9.2000e+01 1.1200e+02 1.1500e+02 1.0600e+02 2.7400e+02
7.3300e+02 9.6000e+01 8.0000e+01 9.1000e+01 9.2190e+03 9.7000e+01 5.7200e+02 7.8400e+02 1.1000e+02 1.0800e+02
1.0100e+02 1.0700e+02 9.1000e+01 8.4000e+01 1.0300e+02 9.0860e+03 9.9000e+01 1.0400e+02 9.1000e+01 1.0800e+02
1.0700e+02 8.5000e+01 8.7690e+03 8.7000e+01 1.0200e+02 1.2600e+02 1.0600e+02 1.1000e+02 1.0200e+02 1.0700e+02
1.0400e+02 9.6000e+01 8.2000e+01 1.0500e+02 1.0000e+02 9.3000e+01 8.7100e+03 1.2600e+02 9.6000e+01 1.0300e+02
8.4510e+03 8.5000e+01 1.1300e+02 8.8000e+01 1.1000e+02 1.0100e+02 1.0200e+02 9.9000e+01 1.0500e+02 8.5000e+01
1.1700e+02 8.6700e+02 5.1400e+02 9.4000e+01 9.3000e+01 1.1600e+02 1.1900e+02 8.5270e+03 1.0600e+02 1.0700e+02
1.0300e+02 9.3000e+01 9.5000e+01 3.6800e+02 1.0600e+02 8.4000e+01 8.7000e+01 8.1000e+01 9.0660e+03 1.0100e+02
1.0900e+02 8.2560e+03 9.8000e+01 8.9000e+01 8.4000e+01 1.1100e+02 1.0900e+02 1.1200e+02 8.8000e+01 1.0400e+02
