8.4762e-01 1.9192e-01 2.5743e-01 7.3950e-01 4.0952e-01 5.7692e-01 2.9167e-01 2.1495e-01 9.1892e-01 9.6154e-01
1.4286e-01 5.5882e-01 2.9213e-01 1.0000e+00 6.0396e-01 2.1739e-01 8.3784e-01 1.7391e-02 8.4906e-02 9.7674e-01
9.8165e-01 5.2083e-01 6.2500e-02 5.7143e-01 8.3721e-01 5.8763e-01 9.9138e-01 8.1905e-01 5.4545e-01 4.8148e-01
7.3267e-01 7.8505e-01 6.7778e-01 5.0000e-01 7.3737e-01 9.9010e-01 1.3131e-01 4.3269e-01 3.7363e-01 7.9630e-01
0.0000e+00 1.1765e-01 8.9247e-01 7.0588e-01 2.8431e-01 3.1746e-01 6.6038e-02 5.5963e-01 2.0588e-01 3.5514e-01
8.0198e-01 4.1667e-01 1.5854e-01 1.4286e-01 4.4000e-01 4.1935e-01 9.4495e-01 7.5000e-01 1.6667e-01 5.3398e-01
7.8022e-01 4.3529e-01 3.0088e-01 4.4318e-01 5.8763e-01 5.5446e-01 5.1961e-01 1.7172e-01 5.3333e-01 5.9524e-01
4.6154e-01 9.8039e-01 9.3333e-01 3.2979e-01 1.0753e-02 4.3103e-01 6.3025e-01 7.5472e-01 4.8113e-01 1.8692e-02
2.6214e-01 4.4086e-01 1.8947e-01 7.7679e-01 4.0952e-01 3.5714e-02 3.9080e-01 4.6914e-01 7.8161e-01 3.9604e-01
1.8349e-02 9.8925e-01 1.5306e-01 2.0225e-01 3.5714e-02 2.0721e-01 1.7431e-01 5.5046e-01 4.4318e-01 5.4808e-01
