9.4000e+01 1.9000e+01 2.6000e+01 8.8000e+01 4.3000e+01 4.5000e+01 2.8000e+01 2.3000e+01 1.1300e+02 8.6010e+03
1.3000e+01 5.7000e+01 2.6000e+01 8.6240e+03 6.2000e+01 2.0000e+01 9.4000e+01 2.0000e+00 9.0000e+00 2.6600e+02
7.1700e+02 5.0000e+01 5.0000e+00 5.2000e+01 7.2490e+03 5.7000e+01 5.6100e+02 6.1200e+02 6.0000e+01 5.2000e+01
7.4000e+01 8.4000e+01 6.2000e+01 4.2000e+01 7.5000e+01 8.9340e+03 1.3000e+01 4.5000e+01 3.4000e+01 8.6000e+01
0.0000e+00 1.0000e+01 7.7390e+03 6.0000e+01 2.9000e+01 4.0000e+01 7.0000e+00 6.2000e+01 2.1000e+01 3.8000e+01
8.3000e+01 4.0000e+01 1.3000e+01 1.5000e+01 4.4000e+01 3.9000e+01 8.4260e+03 9.6000e+01 1.6000e+01 5.5000e+01
7.0230e+03 3.7000e+01 3.4000e+01 3.9000e+01 6.7000e+01 5.6000e+01 5.3000e+01 1.7000e+01 5.6000e+01 5.0000e+01
5.4000e+01 8.4200e+02 4.9200e+02 3.1000e+01 1.0000e+00 5.0000e+01 7.5000e+01 7.0280e+03 5.1000e+01 2.0000e+00
2.7000e+01 4.1000e+01 1.8000e+01 2.8300e+02 4.3000e+01 3.0000e+00 3.4000e+01 3.8000e+01 6.6420e+03 4.0000e+01
2.0000e+00 8.2330e+03 1.5000e+01 1.8000e+01 3.0000e+00 2.3000e+01 1.9000e+01 6.1000e+01 3.9000e+01 5.7000e+01
