5.5000e+01 6.0000e+00 1.1000e+01 9.4000e+01 3.1000e+01 3.8000e+01 1.5000e+01 1.5000e+01 5.7870e+03 4.0610e+03
9.0000e+00 2.1000e+01 4.0000e+00 3.7260e+03 9.1000e+01 9.0000e+00 8.2000e+01 7.0000e+00 1.1000e+01 5.7420e+03
2.5210e+03 1.2000e+01 6.0000e+00 3.3000e+01 6.8750e+03 5.8000e+01 1.0010e+03 5.0400e+02 5.3000e+01 2.2000e+01
2.3000e+01 1.5000e+01 1.3000e+01 1.0000e+01 3.8500e+02 9.7670e+03 4.0000e+00 1.5000e+01 2.3000e+01 2.4000e+01
8.0000e+00 8.0000e+00 8.9270e+03 1.7800e+02 3.3000e+01 1.2000e+01 8.0000e+00 6.1000e+01 1.4000e+01 1.8000e+01
7.8000e+01 1.7000e+01 4.0000e+00 1.0000e+01 5.7000e+01 3.8000e+01 8.8560e+03 4.7800e+02 1.1000e+01 3.8000e+01
7.3190e+03 1.2000e+01 2.9000e+01 1.1000e+01 2.3940e+03 1.4300e+02 5.3000e+01 2.8000e+01 1.1000e+02 1.0300e+02
2.9000e+01 1.0310e+03 7.7300e+02 7.0000e+00 1.3000e+01 3.2000e+01 3.9000e+01 8.5560e+03 3.4000e+01 7.0000e+00
1.7000e+01 4.3000e+01 1.1000e+01 5.8350e+03 2.1800e+02 1.3000e+01 2.4000e+01 1.6500e+02 3.8660e+03 4.0000e+01
9.0000e+00 8.8390e+03 1.3000e+01 9.0000e+00 1.3000e+01 1.9000e+01 1.0000e+01 3.4000e+01 3.0000e+01 3.6000e+01
