5.0000e+01 1.0000e+00 4.0000e+00 7.0000e+01 1.2000e+01 2.1000e+01 6.0000e+00 4.0000e+00 5.2700e+03 3.9350e+03
2.0000e+00 1.2000e+01 0.0000e+00 3.7190e+03 5.1000e+01 1.0000e+00 6.2000e+01 0.0000e+00 2.0000e+00 5.5720e+03
2.4510e+03 5.0000e+00 1.0000e+00 1.8000e+01 5.2910e+03 3.5000e+01 9.6900e+02 3.9300e+02 3.1000e+01 1.0000e+01
2.1000e+01 1.1000e+01 8.0000e+00 5.0000e+00 2.8300e+02 9.5410e+03 0.0000e+00 5.0000e+00 1.1000e+01 1.9000e+01
0.0000e+00 0.0000e+00 7.8210e+03 1.1800e+02 9.0000e+00 1.0000e+00 0.0000e+00 2.8000e+01 2.0000e+00 5.0000e+00
5.6000e+01 8.0000e+00 0.0000e+00 2.0000e+00 2.7000e+01 2.0000e+01 8.5840e+03 3.6900e+02 2.0000e+00 2.2000e+01
5.9760e+03 2.0000e+00 1.2000e+01 1.0000e+00 1.5040e+03 8.3000e+01 2.7000e+01 8.0000e+00 6.0000e+01 6.0000e+01
1.5000e+01 9.9400e+02 7.3300e+02 0.0000e+00 1.0000e+00 1.5000e+01 2.2000e+01 7.1130e+03 1.6000e+01 0.0000e+00
4.0000e+00 2.1000e+01 1.0000e+00 4.5130e+03 1.0800e+02 1.0000e+00 8.0000e+00 9.0000e+01 2.7830e+03 1.7000e+01
1.0000e+00 8.7890e+03 4.0000e+00 1.0000e+00 1.0000e+00 6.0000e+00 2.0000e+00 1.5000e+01 1.3000e+01 1.9000e+01
