2.3000e+01 1.8000e+01 2.4100e+02 1.9000e+01 2.3000e+01 2.5000e+01 3.7000e+01 2.7000e+01 2.0000e+01 2.6000e+01 5.4000e+01 2.9000e+01 2.6000e+01 2.1000e+01 2.5000e+01 2.9000e+01 3.5000e+01 2.2000e+01 3.0000e+01 2.0000e+01 2.1000e+01 1.9000e+01 2.5000e+01 2.4000e+01 2.2000e+01 2.5000e+01 2.0000e+01 3.0000e+01 2.6000e+01 3.0000e+01 2.3000e+01 2.6000e+01 3.9000e+01 2.6000e+01 3.4000e+01 2.5000e+01 2.2000e+01 2.8000e+01 7.5800e+02 1.7000e+01 2.5000e+01 2.4000e+01 3.6240e+03 2.2000e+01 1.6000e+01 2.1000e+01 2.9000e+01 2.8000e+01 2.6000e+01 2.6000e+01
2.7000e+01 2.7000e+01 2.5000e+01 2.8000e+01 1.4000e+01 2.2000e+01 2.0000e+01 1.9000e+01 2.1000e+01 3.0000e+01 2.0000e+01 2.7000e+01 1.9000e+01 2.2000e+01 2.8000e+01 2.0000e+01 2.2000e+01 1.8000e+01 2.1000e+01 2.2000e+01 2.4000e+01 2.1000e+01 2.5000e+01 2.6000e+01 2.4000e+01 2.2000e+01 2.2000e+01 3.5000e+01 1.9000e+01 2.9000e+01 1.9000e+01 1.9210e+03 3.0000e+01 2.7000e+01 2.4250e+03 3.3000e+01 2.5000e+01 2.4000e+01 2.5000e+01 2.6000e+01 3.1000e+01 2.9000e+01 3.5000e+01 3.0000e+01 2.4000e+01 1.9000e+01 2.6000e+01 3.0000e+01 1.8000e+01 3.1000e+01
2.7000e+01 3.4000e+01 2.8000e+01 2.6000e+01 2.8000e+01 1.9000e+01 2.2000e+01 3.2000e+01 2.9000e+01 1.6000e+01 2.6000e+01 2.1000e+01 2.3000e+01 3.1000e+01 2.7000e+01 2.9000e+01 2.6000e+01 2.0000e+01 2.2000e+01 2.0000e+01 2.3000e+01 3.7000e+01 1.9000e+01 2.1000e+01 2.2000e+01 2.3000e+01 2.0000e+01 2.0000e+01 2.4000e+01 4.2540e+03 3.6000e+01 1.7000e+01 2.4000e+01 2.7000e+01 2.3000e+01 2.0000e+01 2.3000e+01 2.4000e+01 2.2000e+01 1.9000e+01 2.7000e+01 1.7000e+01 1.3000e+01 2.1000e+01 2.5000e+01 2.8000e+01 3.0000e+01 2.6000e+01 2.6000e+01 3.2000e+01
3.1000e+01 2.2000e+01 2.2000e+01 2.7000e+01 2.4000e+01 2.6000e+01 3.0000e+01 2.8000e+01 2.4000e+01 1.7000e+01 2.0000e+01 2.7000e+01 2.8000e+01 2.4000e+01 2.9000e+01 3.3000e+01 3.1000e+01 2.2000e+01 2.7000e+01 3.1000e+01 2.4000e+01 2.1000e+01 3.9780e+03 2.6000e+01 2.5000e+01 2.1000e+01 3.0000e+01 2.8000e+01 3.0000e+01 2.4000e+01 2.8000e+01 2.8000e+01 2.6000e+01 3.0000e+01 2.2000e+01 2.1000e+01 2.1000e+01 2.4000e+01 2.3000e+01 2.8000e+01 2.2000e+01 3.5000e+01 3.0000e+01 1.6000e+01 1.9000e+01 1.6000e+01 2.2000e+01 3.2000e+01 2.8000e+01 2.2000e+01
2.5000e+01 2.3000e+01 3.0000e+01 2.6000e+01 1.6000e+01 2.1000e+01 2.5000e+01 2.9000e+01 1.7000e+01 2.2000e+01 2.2000e+01 2.5000e+01 2.6000e+01 2.6000e+01 2.0000e+01 3.1000e+01 2.4000e+01 3.3000e+01 2.9000e+01 2.2000e+01 2.7000e+01 1.3000e+01 1.5000e+01 2.5000e+01 1.9000e+01 2.8000e+01 2.7000e+01 2.1000e+01 4.7900e+03 1.9000e+01 3.4000e+01 2.7000e+01 2.5000e+01 2.9000e+01 2.7000e+01 2.5000e+01 2.5000e+01 2.0000e+01 2.3000e+01 1.6000e+01 1.7000e+01 1.7000e+01 2.5000e+01 2.4000e+01 2.2000e+01 2.6000e+01 2.9000e+01 2.4000e+01 1.7000e+01 3.4000e+01
2.7000e+01 2.3000e+01 1.7000e+01 2.3000e+01 2.5000e+01 2.0000e+01 2.1000e+01 1.9000e+01 1.9000e+01 2.0000e+01 2.4000e+01 2.6000e+01 1.7000e+01 2.8000e+01 2.7000e+01 2.4000e+01 3.4000e+01 2.5000e+01 2.1000e+01 2.3000e+01 2.6000e+01 2.2000e+01 3.1000e+01 1.6000e+01 2.0000e+01 2.9000e+01 2.6000e+01 2.0000e+01 3.7000e+01 2.2000e+01 1.9000e+01 2.4000e+01 2.8000e+01 2.7000e+01 2.8000e+01 2.4000e+01 2.1000e+01 2.6000e+01 2.7000e+01 4.1260e+03 3.4000e+01 2.7000e+01 2.6000e+01 2.7000e+01 2.4000e+01 2.5000e+01 2.2000e+01 2.7000e+01 2.9000e+01 2.0000e+01
4.7790e+03 2.7000e+01 2.3000e+01 1.8000e+01 1.6000e+01 2.6000e+01 2.1000e+01 1.7000e+01 2.7000e+01 2.6000e+01 2.6000e+01 2.8000e+01 2.4000e+01 3.0000e+01 2.7000e+01 2.3000e+01 2.9000e+01 2.8000e+01 2.9000e+01 1.6000e+01 1.9000e+01 2.8000e+01 2.8000e+01 2.5000e+01 3.5000e+01 1.9000e+01 3.1000e+01 2.8000e+01 2.7000e+01 2.0000e+01 2.4000e+01 2.7000e+01 2.6000e+01 2.6000e+01 1.7000e+01 1.4000e+01 2.6000e+01 1.7000e+01 2.1000e+01 2.3000e+01 2.9000e+01 2.0000e+01 2.1000e+01 2.2000e+01 1.8000e+01 3.0000e+01 1.6000e+01 2.7000e+01 2.0000e+01 2.1000e+01
1.9000e+01 1.8000e+01 2.3000e+01 2.7000e+01 2.4000e+01 1.6000e+01 2.7000e+01 2.1000e+01 2.0000e+01 2.1000e+01 2.7000e+01 3.2000e+01 1.8000e+01 2.8000e+01 1.9000e+01 3.4000e+01 2.2000e+01 2.2000e+01 3.3000e+01 2.3000e+01 3.3000e+01 2.5000e+01 2.2000e+01 2.6000e+01 2.4000e+01 2.4000e+01 2.0000e+01 2.4000e+01 2.1000e+01 1.4000e+01 2.6000e+01 1.9000e+01 1.7000e+01 2.3000e+01 3.0000e+01 2.5000e+01 2.1000e+01 2.9000e+01 2.9000e+01 1.6000e+01 1.7000e+01 2.9000e+01 3.0000e+01 3.4000e+01 2.2000e+01 2.7000e+01 3.3000e+01 2.8000e+01 3.1000e+01 2.3000e+01
2.6000e+01 1.7000e+01 2.8000e+01 2.4000e+01 3.3000e+01 2.1000e+01 2.0600e+03 2.1000e+01 3.4000e+01 2.1000e+01 2.1000e+01 2.4000e+01 2.9000e+01 2.8000e+01 2.4000e+01 2.4000e+01 2.5000e+01 2.6000e+01 1.4000e+01 2.0000e+01 2.7000e+01 2.7000e+01 3.0000e+01 2.9000e+01 2.9000e+01 4.6390e+03 2.2000e+01 1.6000e+01 2.8000e+01 2.1000e+01 3.3000e+01 1.6000e+01 2.7000e+01 2.4000e+01 3.1000e+01 2.4000e+01 1.9000e+01 1.9000e+01 2.7000e+01 2.5000e+01 2.5000e+01 1.9000e+01 2.0000e+01 1.7000e+01 2.7000e+01 2.2000e+01 1.8000e+01 3.2000e+01 2.1000e+01 1.8000e+01
1.7000e+01 2.0000e+01 2.4000e+01 2.3000e+01 4.7720e+03 2.3000e+01 2.7000e+01 2.6000e+01 3.1000e+01 2.6000e+01 2.7000e+01 2.5000e+01 1.9000e+01 2.8000e+01 2.8000e+01 2.6000e+01 3.6000e+01 2.7000e+01 1.2000e+01 2.7000e+01 1.9000e+01 2.4000e+01 1.6000e+01 3.2000e+01 1.9000e+01 1.7000e+01 2.6000e+01 2.7000e+01 2.1000e+01 2.7000e+01 1.5000e+01 2.4000e+01 2.7000e+01 1.4000e+01 3.1000e+01 2.5000e+01 2.8000e+01 2.6000e+01 3.8800e+02 2.7000e+01 2.0000e+01 2.0000e+01 3.2000e+01 2.9000e+01 2.2000e+01 3.0000e+01 2.6000e+01 2.0000e+01 2.9000e+01 1.9000e+01
2.6000e+01 2.3000e+01 2.7000e+01 2.4000e+01 1.6000e+01 2.4000e+01 2.5000e+01 2.5000e+01 2.6000e+01 2.3000e+01 2.5000e+01 2.1000e+01 2.2000e+01 1.9000e+01 3.0000e+01 2.9000e+01 1.8000e+01 2.4000e+01 2.2000e+01 2.9000e+01 2.8000e+01 3.2000e+01 2.4000e+01 1.3900e+03 2.0000e+01 1.5000e+01 1.1000e+01 2.7000e+01 1.3000e+01 2.1000e+01 4.8000e+03 2.3000e+01 3.3000e+01 2.0000e+01 3.4000e+01 2.3000e+01 2.7000e+01 2.8000e+01 2.0000e+01 2.6000e+01 1.8000e+01 2.5000e+01 2.5000e+01 1.8000e+01 3.0000e+01 2.3000e+01 2.6000e+01 3.5000e+01 2.7000e+01 2.7000e+01
2.2000e+01 2.9000e+01 2.8000e+01 2.9000e+01 1.6000e+01 4.4960e+03 3.2000e+01 2.7000e+01 3.0000e+01 1.7000e+01 2.4000e+01 2.8000e+01 2.9000e+01 2.1000e+01 2.4000e+01 2.4000e+01 2.0000e+01 2.6000e+01 2.3000e+01 2.7000e+01 2.3000e+01 3.0000e+01 3.1000e+01 2.2000e+01 2.4000e+01 2.8000e+01 2.9000e+01 2.8000e+01 3.7000e+01 2.1000e+01 2.4000e+01 2.4000e+01 3.1000e+01 2.3000e+01 5.6000e+01 2.6000e+01 3.1000e+01 3.2000e+01 2.3000e+01 2.5000e+01 3.6000e+01 2.2000e+01 1.3000e+01 2.7000e+01 2.4000e+01 2.0000e+01 2.4000e+01 2.7000e+01 1.9000e+01 2.3000e+01
2.1000e+01 2.2000e+01 2.5000e+01 2.6000e+01 3.1000e+01 2.8000e+01 2.6000e+01 5.5000e+01 1.9000e+01 2.7000e+01 3.2000e+01 2.2000e+01 2.9000e+01 3.7000e+01 1.6000e+01 2.7000e+01 2.1000e+01 1.6000e+01 2.4000e+01 2.0860e+03 2.7000e+01 2.7000e+01 3.0000e+01 2.0000e+01 2.2000e+01 2.5000e+01 1.7000e+01 2.4000e+01 2.2000e+01 2.4000e+01 2.8000e+01 3.0000e+01 3.3000e+01 2.5000e+01 2.0000e+01 2.2000e+01 2.4000e+01 2.4000e+01 3.4000e+01 2.6000e+01 2.9000e+01 2.5000e+01 1.9000e+01 4.7380e+03 4.4000e+01 2.3000e+01 2.1000e+01 2.8000e+01 3.6000e+01 2.7000e+01
2.4000e+01 2.0000e+01 2.5000e+01 2.8000e+01 3.0000e+01 2.5000e+01 2.4000e+01 2.5000e+01 2.3000e+01 2.4000e+01 2.1000e+01 2.1000e+01 1.7000e+01 1.7000e+01 1.4000e+01 2.6000e+01 2.0000e+01 2.6000e+01 2.1000e+01 2.2000e+01 2.9000e+01 4.8880e+03 2.7000e+01 2.4000e+01 2.7000e+01 2.5000e+01 2.2000e+01 2.5000e+01 1.4000e+01 3.3000e+01 2.4000e+01 1.5000e+01 2.3000e+01 2.9000e+01 2.1000e+01 2.6000e+01 1.5000e+01 1.1400e+02 2.9000e+01 1.7000e+01 2.3000e+01 2.6000e+01 1.9000e+01 2.5000e+01 2.5000e+01 1.7000e+01 2.1000e+01 2.6000e+01 2.2000e+01 1.9000e+01
2.6000e+01 2.8000e+01 2.3000e+01 2.6000e+01 1.7000e+01 3.7000e+01 1.5000e+01 2.3000e+01 2.1000e+01 1.9000e+01 2.7000e+01 3.0000e+01 3.2000e+01 2.7000e+01 2.1000e+01 2.5000e+01 2.0000e+01 2.6000e+01 3.0000e+01 2.5000e+01 2.5000e+01 2.2000e+01 1.9000e+01 1.1200e+02 2.0000e+01 2.3000e+01 2.5000e+01 2.4000e+01 1.8000e+01 1.6000e+01 1.8000e+01 2.7000e+01 2.6000e+01 2.7000e+01 2.8000e+01 2.4000e+01 2.5000e+01 3.5000e+01 2.5000e+01 2.8000e+01 2.8000e+01 2.0000e+01 3.3000e+01 2.6000e+01 2.4000e+01 2.4000e+01 1.3860e+03 2.4000e+01 4.8090e+03 2.8000e+01
2.9000e+01 2.5000e+01 2.4000e+01 2.2000e+01 2.4000e+01 2.5000e+01 2.0000e+01 2.1000e+01 3.0000e+01 2.4000e+01 2.6000e+01 2.1000e+01 2.5000e+01 2.7000e+01 2.0000e+01 1.6000e+01 2.2000e+01 2.3000e+01 2.3000e+01 2.6000e+01 2.3000e+01 3.5000e+01 2.3000e+01 1.5000e+01 2.8000e+01 2.1000e+01 3.1000e+01 1.4000e+01 2.2000e+01 2.5000e+01 2.9000e+01 2.2000e+01 3.3000e+01 3.3000e+01 6.7600e+02 3.0000e+01 3.5000e+01 2.2000e+01 2.7000e+01 2.2000e+01 2.2000e+01 2.3000e+01 3.0000e+01 2.9000e+01 2.1000e+01 2.8000e+01 2.1000e+01 4.3540e+03 2.0000e+01 2.2000e+01
3.3000e+01 2.1000e+01 3.2000e+01 2.4000e+01 2.3000e+01 2.3000e+01 2.9000e+01 2.3000e+01 1.6000e+01 2.3000e+01 1.1810e+03 2.5000e+01 2.3000e+01 2.9000e+01 2.4000e+01 2.1000e+01 2.6000e+01 1.8000e+01 2.8000e+01 3.2000e+01 2.7000e+01 2.4000e+01 2.3000e+01 2.0000e+01 2.6000e+01 2.2000e+01 2.2000e+01 3.1000e+01 2.9000e+01 2.0000e+01 1.4000e+01 3.4000e+01 2.6000e+01 2.1000e+01 1.8000e+01 3.0000e+01 1.8000e+01 3.0000e+01 2.0000e+01 2.4000e+01 2.7000e+01 1.9000e+01 1.7000e+01 2.1000e+01 2.2000e+01 3.2000e+01 2.3000e+01 3.4000e+01 1.6000e+01 3.2000e+01
3.9000e+01 2.0150e+03 2.2000e+01 1.8000e+01 2.7000e+01 2.8000e+01 2.7000e+01 2.4000e+01 2.0000e+01 2.0000e+01 1.9000e+01 2.4000e+01 2.2000e+01 3.3000e+01 1.9000e+01 2.0000e+01 3.5000e+01 3.0000e+01 2.5000e+01 2.7000e+01 3.0000e+01 3.5000e+01 2.5000e+01 2.8000e+01 2.6000e+01 2.5000e+01 1.6000e+01 2.8000e+01 2.0000e+01 1.8000e+01 2.3000e+01 1.6000e+01 2.4000e+01 1.9000e+01 1.9000e+01 2.0000e+01 4.7380e+03 2.2000e+01 2.5000e+01 2.9000e+01 1.8000e+01 2.1000e+01 2.4000e+01 1.9000e+01 1.8000e+01 2.5000e+01 2.5000e+01 2.5000e+01 2.1000e+01 2.4000e+01
1.6000e+01 2.7000e+01 3.1000e+01 2.5000e+01 2.1000e+01 2.6000e+01 2.8000e+01 2.0000e+01 1.9000e+01 2.0000e+01 2.2000e+01 2.2000e+01 2.7000e+01 2.3000e+01 2.4000e+01 2.8890e+03 1.4000e+01 3.2000e+01 2.2000e+01 2.9000e+01 2.6000e+01 2.7000e+01 2.1000e+01 1.6000e+01 2.4000e+01 3.1000e+01 2.7000e+01 1.2000e+01 2.3000e+01 3.0000e+01 2.4000e+01 3.2000e+01 2.4000e+01 2.6000e+01 2.1000e+01 2.8000e+01 2.0000e+01 3.3000e+01 2.2000e+01 2.5000e+01 3.5000e+01 2.6000e+01 2.9000e+01 1.8000e+01 2.5000e+01 3.6000e+01 2.5000e+01 1.8000e+01 2.0000e+01 2.8000e+01
2.8000e+01 2.8000e+01 2.5000e+01 2.3000e+01 2.3000e+01 1.8000e+01 1.5000e+01 2.6000e+01 3.2000e+01 1.6000e+01 1.9000e+01 4.8220e+03 2.8000e+01 2.4000e+01 2.0000e+01 2.1000e+01 2.8000e+01 2.5000e+01 1.4000e+01 2.1000e+01 3.6000e+01 2.8000e+01 3.3000e+01 1.7000e+01 2.4000e+01 2.5000e+01 2.2000e+01 3.9000e+01 3.1000e+01 2.8000e+01 2.2000e+01 2.5000e+01 2.5000e+01 2.6000e+01 2.4000e+01 1.9000e+01 3.1000e+01 2.3000e+01 2.1000e+01 3.8000e+01 2.6000e+01 2.1000e+01 2.5000e+01 2.3000e+01 2.6000e+01 2.1000e+01 2.9000e+01 2.2000e+01 3.1000e+01 2.5000e+01
3.5000e+01 2.8000e+01 2.5000e+01 2.6000e+01 2.1000e+01 2.7000e+01 3.0000e+01 3.0000e+01 1.4000e+01 2.8000e+01 3.0000e+01 1.9000e+01 2.4000e+01 2.5000e+01 2.3000e+01 2.6000e+01 2.6000e+01 1.9000e+01 2.2000e+01 2.5000e+01 2.3000e+01 2.1000e+01 2.0000e+01 2.3000e+01 1.6000e+01 2.7000e+01 1.9000e+01 2.9000e+01 3.6000e+01 2.0000e+01 2.3000e+01 1.9000e+01 2.2000e+01 3.5000e+01 2.3000e+01 1.6000e+01 3.4000e+01 2.5000e+01 2.3000e+01 2.7000e+01 5.3300e+02 4.1000e+01 2.4000e+01 3.0000e+01 2.6000e+01 2.2000e+01 2.4000e+01 2.1000e+01 3.8000e+01 4.7820e+03
1.8000e+01 1.6000e+01 2.2000e+01 2.0000e+01 3.0000e+01 2.1000e+01 2.0000e+01 3.0000e+01 3.1000e+01 2.8000e+01 3.0000e+01 2.7000e+01 2.8000e+01 1.4000e+01 3.1000e+01 1.5000e+01 1.8000e+01 2.4000e+01 3.9000e+01 1.4000e+01 3.1000e+01 2.4000e+01 2.9000e+01 1.9000e+01 2.8000e+01 2.7000e+01 2.7000e+01 2.5000e+01 2.9000e+01 1.7000e+01 3.2000e+01 2.6000e+01 1.2000e+01 4.8030e+03 2.6000e+01 1.8000e+01 2.1000e+01 2.6000e+01 2.4000e+01 3.0000e+01 1.3000e+01 3.1000e+01 2.4000e+01 1.8000e+01 2.6000e+01 2.3000e+01 2.1000e+01 2.2000e+01 2.0000e+01 3.3000e+01
3.2000e+01 3.4000e+01 2.0000e+01 3.1000e+01 3.5000e+01 2.3000e+01 2.7000e+01 2.9000e+01 2.9000e+01 3.3000e+01 3.2000e+01 2.3000e+01 2.5000e+01 1.9000e+01 3.1000e+01 2.7000e+01 4.8240e+03 1.8000e+01 2.3000e+01 3.2000e+01 3.6000e+01 2.3000e+01 3.1000e+01 2.4000e+01 2.3000e+01 2.4000e+01 2.5000e+01 2.3000e+01 2.6000e+01 2.3000e+01 1.8000e+01 2.9030e+03 2.4000e+01 2.4000e+01 2.8000e+01 2.9000e+01 3.0000e+01 2.8000e+01 2.2000e+01 1.9000e+01 3.5000e+01 1.7000e+01 1.7000e+01 2.6000e+01 2.8000e+01 2.8000e+01 2.6000e+01 2.6000e+01 3.2000e+01 2.5000e+01
1.8000e+01 3.0000e+01 2.2000e+01 3.0000e+01 2.4000e+01 2.4000e+01 2.5000e+01 2.4000e+01 2.3000e+01 1.9000e+01 1.8000e+01 2.3000e+01 2.6000e+01 2.2000e+01 3.1000e+01 2.9000e+01 2.9000e+01 2.7000e+01 2.4000e+01 3.0000e+01 2.5000e+01 2.7000e+01 9.0100e+02 2.2000e+01 1.8000e+01 2.9000e+01 3.0000e+01 2.6000e+01 2.3000e+01 2.4000e+01 2.5000e+01 2.6000e+01 2.8000e+01 3.7000e+01 2.9000e+01 4.7470e+03 1.8000e+01 1.6000e+01 3.8000e+01 3.4000e+01 2.2000e+01 2.8000e+01 2.4000e+01 2.7000e+01 2.9000e+01 2.7000e+01 1.6000e+01 3.2000e+01 2.2000e+01 2.7000e+01
2.3000e+01 2.4000e+01 2.6000e+01 2.1000e+01 2.3000e+01 2.6000e+01 3.5000e+01 1.5000e+01 2.2000e+01 1.9000e+01 1.4000e+01 2.6000e+01 2.3000e+01 2.9000e+01 1.3000e+01 2.2000e+01 2.4000e+01 2.3000e+01 2.0000e+01 2.9000e+01 3.3000e+01 2.3000e+01 2.5000e+01 2.2000e+01 2.5000e+01 2.7000e+01 2.5000e+01 1.4900e+02 2.2000e+01 3.1000e+01 3.6000e+01 1.7000e+01 2.5000e+01 1.6000e+01 2.1000e+01 2.1000e+01 2.1000e+01 1.4050e+03 2.3000e+01 2.6000e+01 2.3000e+01 2.4000e+01 2.6000e+01 2.4000e+01 2.6360e+03 2.9000e+01 2.2000e+01 2.5000e+01 2.0000e+01 3.2000e+01
3.1000e+01 3.4000e+01 2.2000e+01 3.6490e+03 4.0000e+01 1.9000e+01 2.6000e+01 3.0000e+01 1.4000e+01 2.2000e+01 3.2000e+01 2.2000e+01 2.8000e+01 2.2000e+01 2.2000e+01 3.0000e+01 2.6000e+01 2.4000e+01 3.3000e+01 1.9000e+01 2.1000e+01 2.5000e+01 2.7000e+01 2.5000e+01 2.2000e+01 2.2000e+01 2.6000e+01 2.9000e+01 2.3000e+01 1.9000e+01 2.5000e+01 2.1000e+01 3.3000e+01 1.9000e+01 2.6000e+01 2.5000e+01 3.8000e+01 1.6090e+03 2.4000e+01 1.8000e+01 2.5000e+01 2.9000e+01 2.4000e+01 1.8000e+01 3.5000e+01 2.0000e+01 1.9000e+01 2.7000e+01 2.0000e+01 1.8000e+01
2.5000e+01 2.3000e+01 1.8000e+01 1.8000e+01 2.0000e+01 2.6000e+01 2.7540e+03 2.6000e+01 2.3000e+01 1.5000e+01 2.3000e+01 2.3000e+01 2.5000e+01 2.1000e+01 2.8000e+01 2.4000e+01 1.8000e+01 1.6000e+01 2.1000e+01 2.6000e+01 2.4000e+01 2.8000e+01 2.1000e+01 1.8000e+01 3.1000e+01 1.6000e+01 2.2000e+01 2.1000e+01 2.5000e+01 2.1000e+01 2.4000e+01 3.4000e+01 2.1000e+01 2.3000e+01 1.4810e+03 3.0000e+01 2.5000e+01 2.5000e+01 3.1000e+01 2.0000e+01 3.7000e+01 3.1000e+01 2.4000e+01 2.0000e+01 2.3000e+01 2.4000e+01 1.7000e+01 2.6000e+01 2.8000e+01 2.4000e+01
2.6000e+01 2.0000e+01 2.5000e+01 2.3000e+01 2.2000e+01 2.9000e+01 2.4000e+01 2.2000e+01 2.4000e+01 2.1000e+01 2.7000e+01 2.1000e+01 2.9000e+01 2.0000e+01 2.2000e+01 2.2000e+01 3.3000e+01 2.4000e+01 2.7000e+01 2.1000e+01 2.4000e+01 3.6000e+01 1.9000e+01 2.7000e+01 2.5000e+01 3.7000e+01 2.3000e+01 2.5000e+01 2.5000e+01 3.0000e+01 2.1000e+01 2.5000e+01 3.6000e+01 3.4000e+01 2.5000e+01 3.1000e+01 1.9000e+01 2.1000e+01 1.9000e+01 4.0000e+01 1.5000e+01 2.7000e+01 2.3000e+01 1.6000e+01 3.3000e+01 2.5000e+01 1.8000e+01 2.3000e+01 1.6000e+01 2.9000e+01
2.5000e+01 2.3000e+01 2.1000e+01 2.4000e+01 2.2000e+01 1.8000e+01 1.7000e+01 2.1000e+01 2.6000e+01 1.6750e+03 1.8000e+01 4.8000e+01 2.6000e+01 1.8000e+01 2.6000e+01 2.5000e+01 2.8000e+01 2.9000e+01 2.5000e+01 2.3000e+03 2.7000e+01 2.2000e+01 2.2000e+01 2.2000e+01 2.5360e+03 2.5000e+01 2.5000e+01 2.9000e+01 2.4000e+01 2.6000e+01 2.1000e+01 1.6000e+01 2.3000e+01 2.5000e+01 2.0000e+01 1.9000e+01 2.1000e+01 2.0000e+01 2.4000e+01 2.5000e+01 2.4000e+01 2.5000e+01 3.1000e+01 2.1000e+01 3.1000e+01 2.8000e+01 2.6000e+01 2.5000e+01 2.5000e+01 2.6000e+01
2.7000e+01 1.6000e+01 2.1000e+01 2.3000e+01 3.0000e+01 2.9000e+01 1.5000e+01 2.4000e+01 2.2280e+03 2.7000e+01 3.5890e+03 2.9000e+01 2.8000e+01 1.8000e+01 2.7000e+01 2.2000e+01 2.2000e+01 2.2000e+01 2.8000e+01 2.6000e+01 1.5000e+01 2.4000e+01 3.3000e+01 2.3000e+01 2.4000e+01 2.0000e+01 2.0000e+01 2.7000e+01 2.1000e+01 1.8000e+01 1.8000e+01 3.0000e+01 1.9000e+01 2.3000e+01 2.6000e+01 2.0000e+01 2.0000e+01 3.4000e+01 2.1000e+01 2.3000e+01 2.3000e+01 1.8000e+01 2.2000e+01 3.2000e+01 5.1000e+01 2.5000e+01 2.1000e+01 3.4000e+01 2.6000e+01 2.0000e+01
2.3000e+01 2.4000e+01 2.4000e+01 3.7000e+01 2.8000e+01 2.5000e+01 2.6000e+01 2.7000e+01 2.2000e+01 1.8000e+01 1.9000e+01 2.1000e+01 2.3000e+01 2.8000e+01 3.2000e+01 3.3000e+01 2.2000e+01 2.6000e+01 1.9000e+01 1.9000e+01 2.3000e+01 2.6000e+01 2.4000e+01 2.3000e+01 2.2530e+03 1.3000e+01 3.0000e+01 2.6000e+01 2.5000e+01 1.9000e+01 2.4000e+01 3.2000e+01 2.3000e+01 2.1000e+01 2.2000e+01 1.7000e+01 3.0000e+01 3.3000e+01 1.7000e+01 2.5000e+01 1.6000e+01 2.6000e+01 2.8000e+01 3.1000e+01 2.3000e+01 2.1000e+01 3.4390e+03 2.9000e+01 2.9000e+01 1.8000e+01
1.8000e+01 1.8000e+01 3.1000e+01 2.1000e+01 2.9000e+01 2.5000e+01 2.9000e+01 2.0000e+01 2.8000e+01 2.3000e+01 2.4000e+01 2.1000e+01 2.3000e+01 2.6000e+01 2.0000e+01 2.0720e+03 2.0000e+01 2.7000e+01 2.1000e+01 1.9000e+01 2.9000e+01 2.4000e+01 2.6000e+01 2.1000e+01 2.9000e+01 3.3000e+01 2.3000e+01 2.6000e+01 2.2000e+01 4.9500e+02 2.9000e+01 3.1000e+01 1.7000e+01 5.0000e+01 1.7000e+01 2.8000e+01 2.8000e+01 1.7090e+03 2.3000e+01 2.9000e+01 2.8000e+01 2.0000e+01 2.5000e+01 1.9000e+01 3.2000e+01 1.6000e+01 2.3000e+01 2.6000e+01 2.2000e+01 1.4000e+01
2.2000e+01 3.0000e+01 2.6000e+01 2.2000e+01 2.0000e+01 2.0000e+01 2.1000e+01 3.2000e+01 2.6000e+01 1.8000e+01 2.8000e+01 2.9000e+01 2.1000e+01 2.5000e+01 2.0000e+01 2.3000e+01 3.4000e+01 2.6000e+01 2.4000e+01 2.1000e+01 2.1000e+01 2.2000e+01 2.4000e+01 2.0000e+01 2.5000e+01 2.6000e+01 2.0000e+01 2.6000e+01 1.8000e+01 2.8000e+01 2.9000e+01 2.8000e+01 2.5000e+01 3.2000e+01 3.9000e+01 2.5000e+01 2.6000e+01 1.9000e+01 3.7650e+03 3.0000e+01 2.9000e+01 2.1000e+01 1.7000e+01 2.4000e+01 2.3000e+01 1.9000e+01 3.0000e+01 2.5000e+01 1.8000e+01 2.1000e+01
2.1000e+01 1.9000e+01 2.5000e+01 2.5000e+01 2.7000e+01 2.9000e+01 1.7000e+01 4.7780e+03 2.5790e+03 3.1000e+01 3.2000e+01 2.1000e+01 2.5000e+01 2.9000e+01 1.7000e+01 3.3000e+01 2.5000e+01 2.5000e+01 3.6000e+01 2.2000e+01 1.8000e+01 2.5000e+01 2.7000e+01 2.5000e+01 3.1000e+01 1.9000e+01 3.0000e+01 2.6000e+01 2.6000e+01 2.6000e+01 2.7000e+01 1.7000e+01 2.5000e+01 2.6000e+01 2.2000e+01 2.0000e+01 3.0000e+01 3.1000e+01 2.0000e+01 2.3000e+01 2.7000e+01 3.2000e+01 2.2000e+01 2.7000e+01 3.1000e+01 2.0000e+01 3.3000e+01 2.6000e+01 2.8000e+01 2.4000e+01
2.8000e+01 2.9000e+01 2.9000e+01 1.7000e+01 2.7000e+01 3.3000e+01 1.9000e+01 2.2000e+01 2.2000e+01 2.9000e+01 2.3000e+01 2.9000e+01 2.2000e+01 2.3000e+01 2.4000e+01 3.3000e+01 2.3000e+01 1.8000e+01 2.1000e+01 2.9000e+01 2.1000e+01 2.0000e+01 2.3000e+01 1.3000e+01 2.8000e+01 2.6000e+01 2.7000e+01 3.0000e+01 3.2000e+01 2.3000e+01 2.0000e+01 2.0000e+01 2.4000e+01 3.2000e+01 2.2000e+01 2.4000e+01 3.1000e+01 2.3000e+01 2.3000e+01 2.8000e+01 2.3000e+01 1.7000e+01 2.4000e+01 2.9000e+01 2.6000e+01 2.3000e+01 3.2000e+01 2.7000e+01 3.1000e+01 2.6000e+01
2.5000e+01 2.4000e+01 1.8000e+01 3.4000e+01 2.0000e+01 1.8000e+01 1.7000e+01 2.9000e+01 2.2000e+01 2.4000e+01 2.1000e+01 2.8000e+01 9.3600e+02 3.2000e+01 1.3000e+01 2.1000e+01 2.9000e+01 2.6000e+01 4.7790e+03 5.0100e+02 2.8000e+01 2.2000e+01 1.9000e+01 1.9000e+01 2.6000e+01 2.2000e+01 1.8000e+01 3.0000e+01 2.8000e+01 2.3000e+01 2.9000e+01 2.8000e+01 2.6000e+01 2.2000e+01 2.0000e+01 2.2000e+01 2.9000e+01 1.4000e+01 2.0000e+01 2.5000e+01 1.9000e+01 3.1000e+01 2.7000e+01 2.9000e+01 2.7000e+01 3.2000e+01 2.6000e+01 2.2000e+01 1.9000e+01 1.7000e+01
3.2000e+01 3.3000e+01 1.6000e+01 3.6000e+01 3.2000e+01 2.8000e+01 2.0000e+01 2.3000e+01 2.9000e+01 2.1000e+01 1.9000e+01 3.0000e+01 2.4000e+01 2.3000e+01 2.3000e+01 2.3000e+01 2.5000e+01 2.6000e+01 2.0000e+01 1.7000e+01 1.5000e+01 3.1000e+01 2.3000e+01 2.3000e+01 2.3000e+01 2.5000e+01 2.3000e+01 2.3000e+01 3.1000e+01 1.6000e+01 2.6000e+01 2.0000e+01 2.5000e+01 2.7000e+01 2.9000e+01 1.7000e+01 2.2000e+01 2.8000e+01 2.4000e+01 3.0000e+01 2.2000e+01 4.8070e+03 3.5000e+01 2.8000e+01 2.2560e+03 3.3000e+01 3.3000e+01 2.1000e+01 3.0000e+01 2.9000e+01
2.9000e+01 2.6000e+01 2.6000e+01 1.9000e+01 1.9000e+01 2.8600e+02 2.6000e+01 2.1000e+01 3.2000e+01 2.6000e+01 2.7000e+01 3.4000e+01 2.0000e+01 2.2000e+01 2.7000e+01 1.9000e+01 2.1000e+01 2.6000e+01 3.0000e+01 3.1000e+01 2.4000e+01 3.1000e+01 2.2000e+01 3.2870e+03 1.7000e+01 2.2000e+01 2.7000e+01 2.4000e+01 2.0000e+01 2.3000e+01 1.7000e+01 1.7000e+01 1.8000e+01 2.7000e+01 1.8000e+01 2.0000e+01 2.2000e+01 2.2000e+01 2.6000e+01 2.9000e+01 3.4000e+01 2.4000e+01 1.2550e+03 2.6000e+01 2.1000e+01 2.9000e+01 1.5000e+01 2.5000e+01 3.5000e+01 2.9000e+01
2.0000e+01 2.9200e+03 3.3000e+01 2.9000e+01 2.6000e+01 2.5000e+01 3.2000e+01 2.1000e+01 3.4000e+01 2.2000e+01 2.2000e+01 2.3000e+01 3.9440e+03 2.1000e+01 2.5000e+01 2.1000e+01 1.9000e+01 3.4000e+01 2.7000e+01 3.1000e+01 2.2000e+01 3.8000e+01 1.6000e+01 1.9000e+01 1.7000e+01 1.6000e+01 2.7000e+01 2.7000e+01 3.1000e+01 2.5000e+01 2.2000e+01 2.9000e+01 2.6000e+01 2.9000e+01 2.1000e+01 2.4000e+01 1.8000e+01 2.0000e+01 2.3000e+01 2.9000e+01 2.4000e+01 2.0000e+01 2.8000e+01 2.7000e+01 3.7000e+01 2.3000e+01 1.9000e+01 2.6000e+01 1.9000e+01 2.0000e+01
2.9000e+01 2.2000e+01 4.6070e+03 1.8000e+01 3.1000e+01 2.2000e+01 2.2000e+01 2.4000e+01 2.5000e+01 1.9000e+01 2.2000e+01 2.9000e+01 3.1000e+01 3.4000e+01 3.0000e+01 2.3000e+01 2.2000e+01 3.1000e+01 1.9000e+01 2.3000e+01 2.1000e+01 2.4000e+01 1.5000e+01 3.0000e+01 2.2000e+01 2.2000e+01 2.2000e+01 2.6690e+03 1.8000e+01 2.5000e+01 3.2000e+01 2.2000e+01 2.4000e+01 2.7000e+01 1.8000e+01 1.9000e+01 3.0000e+01 1.7000e+01 1.6000e+01 1.8000e+01 2.8000e+01 3.1000e+01 2.7000e+01 1.8000e+01 2.4000e+01 2.3000e+01 1.9000e+01 2.1000e+01 2.7000e+01 1.8000e+01
6.1000e+01 2.4000e+01 3.0000e+01 2.5000e+01 2.3000e+01 2.2000e+01 3.4000e+01 2.2000e+01 2.3000e+01 1.6000e+01 3.1000e+01 1.9000e+01 2.9000e+01 2.7000e+01 2.5000e+01 2.4000e+01 1.8000e+01 2.4000e+01 2.9000e+01 1.7000e+01 4.7910e+03 2.8000e+01 2.1000e+01 2.4000e+01 2.4000e+01 2.5000e+01 2.1000e+01 2.4000e+01 2.5000e+01 3.1000e+01 2.0000e+01 2.7000e+01 2.4000e+01 1.9000e+01 2.6000e+01 3.4000e+01 2.6000e+01 2.6000e+01 2.4000e+01 2.2000e+01 3.2000e+01 2.6000e+01 2.4000e+01 2.2000e+01 1.6000e+01 2.7000e+01 2.5000e+01 4.0300e+02 3.6000e+01 2.3000e+01
2.3000e+01 2.9000e+01 2.0000e+01 2.8000e+01 3.8000e+01 2.5000e+01 2.2000e+01 3.1000e+01 6.4000e+01 1.7000e+01 3.1000e+01 2.7000e+01 2.6000e+01 4.7060e+03 2.9000e+01 2.9000e+01 2.2000e+01 1.9000e+01 2.3000e+01 2.4000e+01 3.2000e+01 2.9000e+01 2.6000e+01 2.2000e+01 2.5000e+01 2.3000e+01 2.1000e+01 2.1360e+03 2.8000e+01 2.4000e+01 2.4000e+01 2.8000e+01 2.3000e+01 2.4000e+01 2.8000e+01 2.7000e+01 3.0000e+01 2.6000e+01 1.5000e+01 2.0000e+01 1.0100e+02 1.4000e+01 2.0000e+01 1.9000e+01 2.6000e+01 2.8000e+01 1.5000e+01 2.9000e+01 1.2000e+01 3.1000e+01
2.9000e+01 2.4000e+01 2.6000e+01 3.0000e+01 1.9000e+01 2.1000e+01 2.6000e+01 3.0000e+01 2.7000e+01 2.3000e+01 2.5000e+01 3.0000e+01 2.4000e+01 1.8000e+01 1.7000e+01 3.4000e+01 1.5000e+01 1.9000e+01 2.3000e+01 1.9000e+01 2.2000e+01 2.9000e+01 1.9000e+01 2.6000e+01 2.5000e+01 2.5000e+01 2.9000e+01 2.7000e+01 3.4000e+01 2.4000e+01 2.4000e+01 1.9000e+01 2.0000e+01 2.1000e+01 2.4000e+01 2.2000e+01 1.9000e+01 2.0000e+01 1.8000e+01 2.8000e+01 2.1000e+01 2.0000e+01 2.1000e+01 1.5000e+01 2.6000e+01 2.7000e+01 2.1000e+01 2.5000e+01 2.2000e+01 1.8000e+01
2.6000e+01 1.6000e+01 2.1000e+01 1.7000e+01 3.0000e+01 2.6000e+01 3.1000e+01 1.5000e+01 1.7000e+01 2.3000e+01 3.2000e+01 2.4000e+01 2.9000e+01 2.1000e+01 1.1000e+01 1.5000e+01 2.2000e+01 4.7810e+03 2.1000e+01 2.4000e+01 2.6000e+01 2.6000e+01 2.8000e+01 2.7000e+01 2.5000e+01 2.6000e+01 2.7000e+01 2.9000e+01 2.4000e+01 2.7000e+01 3.3000e+01 2.0000e+01 7.0000e+00 2.3000e+01 1.9000e+01 2.0000e+01 2.5000e+01 2.7000e+01 1.7000e+01 7.0800e+02 2.0000e+01 2.6000e+01 2.1000e+01 2.3000e+01 2.0000e+01 2.4000e+01 1.7000e+01 2.5000e+01 1.7000e+01 3.6000e+01
2.0000e+01 2.3000e+01 1.9000e+01 2.6000e+01 2.4000e+01 2.3000e+01 2.1000e+01 3.0000e+01 3.0000e+01 2.2000e+01 1.9000e+01 2.4000e+01 2.5000e+01 3.1000e+01 2.2000e+01 2.8000e+01 2.4000e+01 2.6000e+01 2.7000e+01 2.8000e+01 1.6000e+01 2.1000e+01 2.0000e+01 2.5000e+01 2.3000e+01 2.0000e+01 3.2000e+01 2.4000e+01 3.8000e+01 2.9000e+01 1.3000e+01 3.3000e+01 1.9000e+01 2.6000e+01 2.8000e+01 3.4000e+01 2.8000e+01 2.3000e+01 3.1000e+01 2.7000e+01 2.9000e+01 2.5000e+01 2.4000e+01 2.1000e+01 2.4000e+01 4.8250e+03 1.7000e+01 2.9000e+01 1.8000e+01 3.6000e+01
2.3000e+01 1.7000e+01 2.3000e+01 2.5000e+01 2.3000e+01 1.8000e+01 2.3000e+01 1.9000e+01 2.9000e+01 2.6000e+01 2.4000e+01 1.8000e+01 2.3000e+01 2.5000e+01 2.9000e+01 2.7000e+01 2.3000e+01 3.6000e+01 2.4000e+01 2.6000e+01 2.2000e+01 1.7000e+01 3.2000e+01 1.9000e+01 3.1000e+01 2.4000e+01 4.8600e+03 2.3000e+01 1.9000e+01 2.1000e+01 3.0000e+01 2.3000e+01 1.8660e+03 1.9000e+01 3.3000e+01 3.1000e+01 3.0000e+01 3.8000e+01 2.0000e+01 1.4000e+01 3.2000e+01 2.1000e+01 2.3000e+01 2.3000e+01 2.5000e+01 2.9000e+01 2.3000e+01 2.8000e+01 2.2000e+01 1.9000e+01
1.6000e+01 2.4000e+01 2.8000e+01 1.9000e+01 3.3000e+01 2.5000e+01 3.2000e+01 2.2000e+01 2.5000e+01 2.5000e+01 2.2000e+01 1.3000e+01 1.8000e+01 2.6000e+01 2.5000e+01 2.1000e+01 2.4000e+01 2.3000e+01 1.7000e+01 2.3000e+01 1.9000e+01 1.9000e+01 2.8000e+01 2.4000e+01 2.1000e+01 3.1000e+01 2.5000e+01 2.1000e+01 2.5000e+01 3.2000e+01 3.0000e+01 3.4000e+01 2.6000e+01 1.6000e+01 2.6000e+01 1.9000e+01 2.9000e+01 2.8000e+01 2.9000e+01 9.0000e+00 2.9000e+01 1.9000e+01 1.6000e+01 2.7000e+01 1.6000e+01 1.9000e+01 2.3000e+01 2.9000e+01 3.1000e+01 2.1000e+01
3.3000e+01 2.3000e+01 1.8000e+01 1.2670e+03 2.7000e+01 2.1000e+01 1.6000e+01 2.8000e+01 2.8000e+01 2.6000e+01 2.2000e+01 2.4000e+01 6.2000e+01 2.8000e+01 2.9000e+01 3.2000e+01 2.7000e+01 2.6000e+01 2.0000e+01 1.9000e+01 2.9000e+01 2.2000e+01 1.9000e+01 2.6000e+01 3.2000e+01 2.3000e+01 3.0000e+01 3.1000e+01 3.0000e+01 1.8000e+01 1.6000e+01 2.6000e+01 1.7000e+01 1.6000e+01 2.8000e+01 3.8000e+01 3.4000e+01 2.8000e+01 3.1000e+01 2.5000e+01 4.1640e+03 2.6000e+01 2.6000e+01 2.5000e+01 2.5000e+01 2.0000e+01 2.7000e+01 2.3000e+01 1.9000e+01 2.8000e+01
2.3000e+01 2.5000e+01 2.5000e+01 2.1000e+01 2.4000e+01 2.7000e+01 3.0000e+01 2.4000e+01 2.4000e+01 2.7000e+01 2.0000e+01 2.0000e+01 2.4000e+01 2.9000e+01 4.7240e+03 2.9000e+01 2.4000e+01 1.9000e+01 2.9000e+01 2.1000e+01 2.6000e+01 3.4000e+01 1.8000e+01 2.0000e+01 2.3000e+01 3.5000e+01 2.4000e+01 2.5000e+01 2.6000e+01 2.2000e+01 1.5000e+01 2.5000e+01 1.8000e+01 2.1000e+01 2.7000e+01 1.6000e+01 2.2000e+01 2.2000e+01 2.8000e+01 2.3000e+01 2.5000e+01 1.8000e+01 2.3000e+01 2.3000e+01 2.3000e+01 2.3000e+01 1.9000e+01 3.2000e+01 2.5000e+01 2.6000e+01
3.1000e+01 2.6000e+01 1.6000e+01 2.4000e+01 2.7000e+01 2.4000e+01 2.8000e+01 2.5000e+01 3.2000e+01 3.1730e+03 2.4000e+01 3.3000e+01 3.3000e+01 3.0000e+01 2.9000e+01 2.5000e+01 2.5000e+01 2.0000e+01 1.1000e+01 2.4000e+01 2.4000e+01 2.6000e+01 2.5000e+01 2.2000e+01 2.8000e+01 1.5000e+01 2.5000e+01 3.9000e+01 2.6000e+01 2.7000e+01 2.6000e+01 2.6000e+01 3.0230e+03 2.6000e+01 2.3000e+01 2.2000e+01 1.6000e+01 2.3000e+01 2.5000e+01 3.0000e+01 2.2000e+01 2.9000e+01 2.9000e+01 2.5000e+01 2.4000e+01 2.3000e+01 2.9000e+01 2.7000e+01 2.5000e+01 2.5000e+01
