1.0000e+00 1.0000e+00 3.0000e+00 2.0000e+00 1.0000e+00 0.0000e+00 1.0000e+00 0.0000e+00 6.0180e+03 3.0000e+00 5.9470e+03 2.0000e+00 4.0000e+00 2.0000e+00 8.6000e+01 1.2000e+01 1.0000e+00 5.9600e+03 5.9270e+03 1.0000e+00 2.0000e+00 6.0000e+00 1.6000e+01 5.7970e+03 2.0000e+00 3.0000e+00 2.0000e+00 2.0000e+00 0.0000e+00 2.0000e+00 1.0000e+00 2.0000e+00 1.1400e+02 7.0000e+00 1.0000e+00 2.0000e+00 2.0000e+00 3.0000e+02 0.0000e+00 1.1000e+01 5.9700e+03 1.0000e+00 3.0000e+00 5.6230e+03 4.0000e+00 0.0000e+00 1.0000e+00 1.0000e+00 1.0000e+00 1.0000e+00
1.0000e+00 3.0000e+00 1.0000e+00 1.0000e+00 1.0000e+00 1.0000e+00 1.0000e+00 3.0000e+00 1.0000e+00 1.0000e+00 1.0000e+00 1.0000e+00 1.0000e+00 3.0000e+00 1.0000e+00 1.0000e+00 5.0000e+00 1.0000e+00 4.0000e+00 1.0000e+00 3.0000e+00 1.0000e+00 1.0000e+00 1.1000e+01 1.0000e+00 1.7620e+03 1.0000e+00 1.0000e+00 2.0000e+00 1.0000e+00 1.0000e+00 1.0000e+00 1.0000e+00 7.0000e+00 1.0000e+00 1.0000e+00 1.0000e+00 1.0000e+00 1.0000e+00 1.0000e+00 1.0000e+00 1.0000e+00 7.0000e+00 3.0000e+00 9.0000e+00 7.0000e+00 1.0000e+00 1.0000e+00 1.0000e+00 3.0000e+00
3.0000e+00 1.0000e+00 5.9920e+03 1.0000e+00 1.0000e+00 3.0000e+00 5.9840e+03 1.0000e+00 1.0000e+00 1.0000e+00 1.0000e+00 1.0000e+00 4.0000e+00 1.0000e+00 1.0000e+00 1.0000e+00 2.0000e+00 1.0000e+00 1.0000e+00 8.0000e+01 1.0000e+00 1.0000e+00 1.0000e+00 1.0000e+00 4.0000e+00 1.0000e+00 5.0000e+00 1.0000e+00 6.0150e+03 1.0000e+00 3.0000e+00 5.9700e+03 6.0000e+00 1.0000e+00 1.0000e+00 1.0000e+00 1.0000e+00 1.0000e+00 1.0000e+00 2.0000e+00 2.0000e+00 1.0000e+00 1.0000e+00 2.0000e+00 1.0000e+00 1.0000e+00 1.0000e+00 1.0000e+00 2.0000e+00 4.0000e+00
1.0000e+00 2.0000e+00 1.0000e+00 1.0000e+00 2.0000e+00 3.0000e+00 1.0000e+00 1.0000e+00 3.0000e+00 1.0000e+00 7.0000e+00 1.0000e+00 1.0000e+00 1.0000e+00 1.0000e+00 1.0000e+00 1.0000e+00 1.0000e+00 1.0000e+00 1.0000e+00 1.0000e+00 1.0000e+00 2.4000e+01 1.0000e+00 4.0000e+00 1.0000e+00 7.0000e+00 1.3000e+01 1.0000e+00 5.0000e+00 5.9750e+03 1.0000e+00 1.0000e+00 6.0160e+03 2.0000e+00 1.0000e+00 2.0000e+00 1.7000e+01 5.9260e+03 1.0000e+00 1.0000e+00 2.0000e+00 1.0000e+00 3.0000e+00 1.0000e+00 6.0080e+03 2.0000e+00 1.0000e+00 5.9630e+03 1.0000e+00
3.0000e+00 3.0000e+00 1.0000e+00 1.0000e+00 1.0000e+01 1.0000e+00 1.0000e+00 2.7000e+01 1.0000e+00 1.0000e+00 2.0000e+00 5.0000e+00 1.0000e+00 1.0000e+00 1.0000e+00 1.0000e+00 5.9980e+03 1.0000e+00 1.0000e+00 1.0000e+00 3.0000e+00 1.0000e+00 1.0000e+00 4.0000e+00 1.0000e+00 1.0000e+00 5.9900e+03 1.0000e+00 5.0000e+00 6.0000e+00 1.0000e+00 1.0000e+01 2.0000e+00 1.0000e+00 5.7390e+03 1.0000e+00 1.0000e+00 1.0000e+00 2.0000e+00 1.0000e+00 1.0000e+00 5.7310e+03 2.0000e+00 1.0000e+00 1.0000e+00 3.0000e+00 1.0000e+01 2.0000e+00 2.0000e+00 5.9640e+03
2.0000e+00 2.0000e+00 0.0000e+00 1.6000e+01 7.0000e+00 0.0000e+00 1.0000e+00 1.0000e+00 1.0000e+00 3.0000e+00 1.0000e+00 1.0000e+00 6.0920e+03 1.0000e+00 1.0000e+00 1.0000e+00 1.0000e+00 1.0000e+00 9.0000e+00 1.0000e+00 8.0000e+00 6.1370e+03 4.7700e+02 3.2000e+01 5.9380e+03 1.1000e+01 1.0000e+00 1.0000e+00 3.0000e+00 2.0000e+00 1.0000e+00 1.0000e+00 1.5000e+01 8.0000e+00 1.0000e+00 1.0000e+00 2.0000e+00 5.6520e+03 3.0000e+00 5.9960e+03 5.0000e+00 2.1400e+02 1.0000e+00 2.6100e+02 6.0990e+03 0.0000e+00 1.0000e+00 1.0000e+00 1.0000e+00 2.0000e+00
6.0410e+03 1.0000e+00 2.0000e+00 1.0000e+00 2.0000e+00 1.0000e+00 4.0000e+00 5.9640e+03 2.0000e+00 3.4560e+03 1.0000e+00 1.0000e+00 1.0000e+00 1.0000e+00 1.0000e+00 1.0000e+00 1.0000e+00 1.0000e+00 1.0000e+00 1.0000e+00 4.0000e+00 1.0000e+00 2.0000e+00 1.0000e+00 1.0000e+00 3.0000e+00 1.0000e+00 6.1450e+03 2.0000e+00 5.0000e+00 1.0000e+00 2.0000e+00 4.0000e+00 1.0000e+00 1.0000e+00 1.4000e+01 1.0000e+00 1.0000e+00 1.0000e+00 2.0000e+00 1.0000e+00 1.0000e+00 6.0220e+03 1.0000e+00 1.0000e+00 4.0000e+00 1.0000e+00 6.0160e+03 4.0000e+00 1.0000e+00
1.0000e+00 2.0000e+00 1.0000e+00 2.0000e+00 5.9710e+03 1.0000e+00 1.0000e+00 2.0000e+00 1.0000e+00 1.0000e+00 1.0000e+00 4.0000e+00 1.0000e+00 5.9210e+03 1.0000e+00 6.1530e+03 1.0000e+00 1.0000e+00 1.0000e+00 1.0000e+00 5.9810e+03 1.0000e+00 1.0000e+00 4.0000e+00 1.0000e+00 2.0000e+00 3.1000e+01 1.0000e+00 1.0000e+00 1.0000e+00 1.0000e+00 2.0000e+00 5.9120e+03 1.0000e+00 9.0000e+00 5.8930e+03 1.0000e+00 5.0000e+00 2.0000e+00 1.0000e+00 1.0000e+00 2.0000e+00 1.0000e+00 1.0000e+00 1.0000e+00 2.0000e+00 1.0000e+00 1.0000e+00 2.2000e+01 2.0000e+00
3.0000e+00 6.0750e+03 1.0000e+00 6.0650e+03 1.0000e+00 4.0000e+00 1.0000e+00 2.0000e+00 1.0000e+00 1.0000e+00 1.0000e+00 0.0000e+00 1.0000e+00 3.0000e+00 5.7970e+03 1.0000e+00 6.0000e+00 1.0000e+00 4.0000e+00 1.0400e+02 1.0000e+00 1.0000e+00 5.5040e+03 2.0000e+00 2.0000e+00 2.0000e+00 5.0000e+00 2.0000e+00 2.0000e+00 2.0000e+00 6.0000e+00 1.0000e+00 1.0000e+01 2.0000e+00 1.0000e+01 4.0000e+00 5.9550e+03 2.0000e+00 1.0000e+00 1.0000e+00 1.0000e+00 7.0000e+00 4.0000e+00 3.0000e+00 2.0000e+00 1.0000e+00 5.9280e+03 1.0000e+00 1.0000e+00 2.0000e+00
1.0000e+00 1.0000e+00 4.0000e+00 1.0000e+00 1.0000e+00 5.9200e+03 1.0000e+00 1.0000e+00 1.0000e+00 2.4660e+03 1.0000e+00 6.0420e+03 1.0000e+00 1.0000e+00 1.0000e+00 6.0000e+00 4.0000e+00 5.0000e+00 3.0000e+00 5.8170e+03 1.0000e+00 2.0000e+00 1.0000e+00 1.0000e+00 2.0000e+00 4.0260e+03 6.0000e+00 3.0000e+00 1.0000e+00 5.8580e+03 2.0000e+00 9.0000e+00 1.0000e+00 1.0000e+00 1.5000e+01 1.0000e+00 1.0000e+00 6.0000e+00 9.6000e+01 1.0000e+00 1.0000e+00 2.9000e+01 2.0000e+00 1.0000e+00 2.0000e+00 2.0000e+00 1.0000e+00 1.0000e+00 1.0000e+00 1.6000e+01
