0.0000e+00 0.0000e+00 1.0000e+00 5.0000e-01 0.0000e+00 1.0000e+00 0.0000e+00 1.0000e+00 9.7823e-01 1.0000e+00 8.7389e-01 1.0000e+00 7.5000e-01 5.0000e-01 6.9767e-01 5.8333e-01 1.0000e+00 4.8289e-01 6.8821e-01 0.0000e+00 5.0000e-01 8.3333e-01 9.3750e-01 9.9362e-01 5.0000e-01 6.6667e-01 5.0000e-01 5.0000e-01 1.0000e+00 5.0000e-01 1.0000e+00 5.0000e-01 8.7719e-01 1.0000e+00 0.0000e+00 5.0000e-01 1.0000e+00 6.7000e-01 1.0000e+00 9.0909e-01 9.2697e-01 0.0000e+00 1.0000e+00 9.8328e-01 7.5000e-01 1.0000e+00 0.0000e+00 0.0000e+00 0.0000e+00 0.0000e+00
0.0000e+00 3.3333e-01 0.0000e+00 0.0000e+00 0.0000e+00 0.0000e+00 0.0000e+00 3.3333e-01 0.0000e+00 0.0000e+00 0.0000e+00 0.0000e+00 0.0000e+00 3.3333e-01 0.0000e+00 0.0000e+00 4.0000e-01 0.0000e+00 2.5000e-01 0.0000e+00 3.3333e-01 0.0000e+00 0.0000e+00 3.6364e-01 0.0000e+00 4.2111e-01 0.0000e+00 0.0000e+00 5.0000e-01 0.0000e+00 0.0000e+00 0.0000e+00 0.0000e+00 4.2857e-01 0.0000e+00 0.0000e+00 0.0000e+00 0.0000e+00 0.0000e+00 0.0000e+00 0.0000e+00 0.0000e+00 4.2857e-01 3.3333e-01 3.3333e-01 4.2857e-01 0.0000e+00 0.0000e+00 0.0000e+00 3.3333e-01
6.6667e-01 0.0000e+00 9.9483e-01 0.0000e+00 0.0000e+00 6.6667e-01 1.0000e+00 0.0000e+00 0.0000e+00 0.0000e+00 0.0000e+00 0.0000e+00 5.0000e-01 0.0000e+00 0.0000e+00 0.0000e+00 5.0000e-01 0.0000e+00 0.0000e+00 5.1250e-01 0.0000e+00 0.0000e+00 0.0000e+00 0.0000e+00 5.0000e-01 0.0000e+00 8.0000e-01 0.0000e+00 9.0424e-01 0.0000e+00 6.6667e-01 1.0000e+00 5.0000e-01 0.0000e+00 0.0000e+00 0.0000e+00 0.0000e+00 0.0000e+00 0.0000e+00 5.0000e-01 5.0000e-01 0.0000e+00 0.0000e+00 5.0000e-01 0.0000e+00 0.0000e+00 0.0000e+00 0.0000e+00 5.0000e-01 7.5000e-01
0.0000e+00 5.0000e-01 0.0000e+00 0.0000e+00 5.0000e-01 6.6667e-01 0.0000e+00 0.0000e+00 3.3333e-01 0.0000e+00 4.2857e-01 0.0000e+00 0.0000e+00 0.0000e+00 0.0000e+00 0.0000e+00 0.0000e+00 0.0000e+00 0.0000e+00 0.0000e+00 0.0000e+00 0.0000e+00 5.4167e-01 0.0000e+00 5.0000e-01 0.0000e+00 7.1429e-01 3.8462e-01 0.0000e+00 4.0000e-01 8.4803e-01 0.0000e+00 0.0000e+00 7.5698e-01 5.0000e-01 0.0000e+00 5.0000e-01 3.5294e-01 7.4806e-01 0.0000e+00 0.0000e+00 5.0000e-01 0.0000e+00 3.3333e-01 0.0000e+00 7.8196e-01 5.0000e-01 0.0000e+00 5.4687e-01 0.0000e+00
6.6667e-01 6.6667e-01 0.0000e+00 0.0000e+00 6.0000e-01 0.0000e+00 0.0000e+00 7.4074e-01 0.0000e+00 0.0000e+00 5.0000e-01 8.0000e-01 0.0000e+00 0.0000e+00 0.0000e+00 0.0000e+00 8.0110e-01 0.0000e+00 0.0000e+00 0.0000e+00 6.6667e-01 0.0000e+00 0.0000e+00 5.0000e-01 0.0000e+00 0.0000e+00 9.1352e-01 0.0000e+00 8.0000e-01 5.0000e-01 0.0000e+00 9.0000e-01 5.0000e-01 0.0000e+00 9.1340e-01 0.0000e+00 0.0000e+00 0.0000e+00 5.0000e-01 0.0000e+00 0.0000e+00 6.3287e-01 5.0000e-01 0.0000e+00 0.0000e+00 6.6667e-01 6.0000e-01 5.0000e-01 5.0000e-01 8.5580e-01
1.0000e+00 1.0000e+00 1.0000e+00 9.3750e-01 1.0000e+00 1.0000e+00 0.0000e+00 1.0000e+00 0.0000e+00 1.0000e+00 0.0000e+00 1.0000e+00 9.6832e-01 0.0000e+00 0.0000e+00 0.0000e+00 1.0000e+00 0.0000e+00 6.6667e-01 0.0000e+00 1.0000e+00 9.9511e-01 9.9581e-01 9.3750e-01 1.0000e+00 9.0909e-01 1.0000e+00 0.0000e+00 6.6667e-01 5.0000e-01 1.0000e+00 1.0000e+00 8.0000e-01 1.0000e+00 1.0000e+00 1.0000e+00 1.0000e+00 9.6709e-01 1.0000e+00 9.9416e-01 8.0000e-01 9.2523e-01 1.0000e+00 9.8084e-01 9.8869e-01 1.0000e+00 0.0000e+00 1.0000e+00 0.0000e+00 5.0000e-01
9.7765e-01 0.0000e+00 1.0000e+00 0.0000e+00 5.0000e-01 0.0000e+00 1.0000e+00 9.6512e-01 5.0000e-01 9.1551e-01 0.0000e+00 0.0000e+00 0.0000e+00 0.0000e+00 0.0000e+00 0.0000e+00 0.0000e+00 0.0000e+00 0.0000e+00 0.0000e+00 7.5000e-01 0.0000e+00 5.0000e-01 0.0000e+00 0.0000e+00 6.6667e-01 0.0000e+00 5.9919e-01 5.0000e-01 6.0000e-01 0.0000e+00 5.0000e-01 5.0000e-01 0.0000e+00 0.0000e+00 8.5714e-01 0.0000e+00 0.0000e+00 0.0000e+00 5.0000e-01 0.0000e+00 0.0000e+00 9.4985e-01 0.0000e+00 0.0000e+00 7.5000e-01 0.0000e+00 9.8221e-01 5.0000e-01 0.0000e+00
0.0000e+00 5.0000e-01 0.0000e+00 5.0000e-01 7.4276e-01 0.0000e+00 0.0000e+00 5.0000e-01 0.0000e+00 0.0000e+00 0.0000e+00 7.5000e-01 0.0000e+00 7.6693e-01 0.0000e+00 4.7798e-01 0.0000e+00 0.0000e+00 0.0000e+00 0.0000e+00 8.1976e-01 0.0000e+00 0.0000e+00 5.0000e-01 0.0000e+00 5.0000e-01 8.7097e-01 0.0000e+00 0.0000e+00 0.0000e+00 0.0000e+00 5.0000e-01 6.7591e-01 0.0000e+00 7.7778e-01 8.0791e-01 0.0000e+00 4.0000e-01 5.0000e-01 0.0000e+00 0.0000e+00 5.0000e-01 0.0000e+00 0.0000e+00 0.0000e+00 5.0000e-01 0.0000e+00 0.0000e+00 5.9091e-01 5.0000e-01
6.6667e-01 9.0996e-01 1.0000e+00 9.4740e-01 0.0000e+00 7.5000e-01 1.0000e+00 5.0000e-01 0.0000e+00 0.0000e+00 0.0000e+00 1.0000e+00 0.0000e+00 6.6667e-01 6.5810e-01 0.0000e+00 8.3333e-01 0.0000e+00 5.0000e-01 6.3462e-01 0.0000e+00 0.0000e+00 8.1650e-01 5.0000e-01 5.0000e-01 5.0000e-01 8.0000e-01 5.0000e-01 1.0000e+00 5.0000e-01 8.3333e-01 1.0000e+00 6.0000e-01 5.0000e-01 9.0000e-01 7.5000e-01 8.9370e-01 5.0000e-01 0.0000e+00 0.0000e+00 0.0000e+00 7.1429e-01 7.5000e-01 6.6667e-01 5.0000e-01 0.0000e+00 8.0634e-01 0.0000e+00 0.0000e+00 5.0000e-01
0.0000e+00 0.0000e+00 7.5000e-01 0.0000e+00 0.0000e+00 7.9848e-01 0.0000e+00 0.0000e+00 0.0000e+00 6.4152e-01 0.0000e+00 8.2357e-01 0.0000e+00 0.0000e+00 0.0000e+00 3.3333e-01 5.0000e-01 2.0000e-01 3.3333e-01 5.0593e-01 0.0000e+00 5.0000e-01 0.0000e+00 0.0000e+00 5.0000e-01 8.3458e-01 6.6667e-01 3.3333e-01 0.0000e+00 5.7835e-01 5.0000e-01 7.7778e-01 0.0000e+00 0.0000e+00 6.6667e-01 0.0000e+00 0.0000e+00 3.3333e-01 6.7708e-01 0.0000e+00 0.0000e+00 4.8276e-01 5.0000e-01 0.0000e+00 5.0000e-01 5.0000e-01 0.0000e+00 0.0000e+00 0.0000e+00 6.8750e-01
