0.0000e+00 0.0000e+00 3.0000e+00 1.0000e+00 0.0000e+00 0.0000e+00 0.0000e+00 0.0000e+00 5.8870e+03 3.0000e+00 5.1970e+03 2.0000e+00 3.0000e+00 1.0000e+00 6.0000e+01 7.0000e+00 1.0000e+00 2.8780e+03 4.0790e+03 0.0000e+00 1.0000e+00 5.0000e+00 1.5000e+01 5.7600e+03 1.0000e+00 2.0000e+00 1.0000e+00 1.0000e+00 0.0000e+00 1.0000e+00 1.0000e+00 1.0000e+00 1.0000e+02 7.0000e+00 0.0000e+00 1.0000e+00 2.0000e+00 2.0100e+02 0.0000e+00 1.0000e+01 5.5340e+03 0.0000e+00 3.0000e+00 5.5290e+03 3.0000e+00 0.0000e+00 0.0000e+00 0.0000e+00 0.0000e+00 0.0000e+00
0.0000e+00 1.0000e+00 0.0000e+00 0.0000e+00 0.0000e+00 0.0000e+00 0.0000e+00 1.0000e+00 0.0000e+00 0.0000e+00 0.0000e+00 0.0000e+00 0.0000e+00 1.0000e+00 0.0000e+00 0.0000e+00 2.0000e+00 0.0000e+00 1.0000e+00 0.0000e+00 1.0000e+00 0.0000e+00 0.0000e+00 4.0000e+00 0.0000e+00 7.4200e+02 0.0000e+00 0.0000e+00 1.0000e+00 0.0000e+00 0.0000e+00 0.0000e+00 0.0000e+00 3.0000e+00 0.0000e+00 0.0000e+00 0.0000e+00 0.0000e+00 0.0000e+00 0.0000e+00 0.0000e+00 0.0000e+00 3.0000e+00 1.0000e+00 3.0000e+00 3.0000e+00 0.0000e+00 0.0000e+00 0.0000e+00 1.0000e+00
2.0000e+00 0.0000e+00 5.9610e+03 0.0000e+00 0.0000e+00 2.0000e+00 5.9840e+03 0.0000e+00 0.0000e+00 0.0000e+00 0.0000e+00 0.0000e+00 2.0000e+00 0.0000e+00 0.0000e+00 0.0000e+00 1.0000e+00 0.0000e+00 0.0000e+00 4.1000e+01 0.0000e+00 0.0000e+00 0.0000e+00 0.0000e+00 2.0000e+00 0.0000e+00 4.0000e+00 0.0000e+00 5.4390e+03 0.0000e+00 2.0000e+00 5.9700e+03 3.0000e+00 0.0000e+00 0.0000e+00 0.0000e+00 0.0000e+00 0.0000e+00 0.0000e+00 1.0000e+00 1.0000e+00 0.0000e+00 0.0000e+00 1.0000e+00 0.0000e+00 0.0000e+00 0.0000e+00 0.0000e+00 1.0000e+00 3.0000e+00
0.0000e+00 1.0000e+00 0.0000e+00 0.0000e+00 1.0000e+00 2.0000e+00 0.0000e+00 0.0000e+00 1.0000e+00 0.0000e+00 3.0000e+00 0.0000e+00 0.0000e+00 0.0000e+00 0.0000e+00 0.0000e+00 0.0000e+00 0.0000e+00 0.0000e+00 0.0000e+00 0.0000e+00 0.0000e+00 1.3000e+01 0.0000e+00 2.0000e+00 0.0000e+00 5.0000e+00 5.0000e+00 0.0000e+00 2.0000e+00 5.0670e+03 0.0000e+00 0.0000e+00 4.5540e+03 1.0000e+00 0.0000e+00 1.0000e+00 6.0000e+00 4.4330e+03 0.0000e+00 0.0000e+00 1.0000e+00 0.0000e+00 1.0000e+00 0.0000e+00 4.6980e+03 1.0000e+00 0.0000e+00 3.2610e+03 0.0000e+00
2.0000e+00 2.0000e+00 0.0000e+00 0.0000e+00 6.0000e+00 0.0000e+00 0.0000e+00 2.0000e+01 0.0000e+00 0.0000e+00 1.0000e+00 4.0000e+00 0.0000e+00 0.0000e+00 0.0000e+00 0.0000e+00 4.8050e+03 0.0000e+00 0.0000e+00 0.0000e+00 2.0000e+00 0.0000e+00 0.0000e+00 2.0000e+00 0.0000e+00 0.0000e+00 5.4720e+03 0.0000e+00 4.0000e+00 3.0000e+00 0.0000e+00 9.0000e+00 1.0000e+00 0.0000e+00 5.2420e+03 0.0000e+00 0.0000e+00 0.0000e+00 1.0000e+00 0.0000e+00 0.0000e+00 3.6270e+03 1.0000e+00 0.0000e+00 0.0000e+00 2.0000e+00 6.0000e+00 1.0000e+00 1.0000e+00 5.1040e+03
2.0000e+00 2.0000e+00 0.0000e+00 1.5000e+01 7.0000e+00 0.0000e+00 0.0000e+00 1.0000e+00 0.0000e+00 3.0000e+00 0.0000e+00 1.0000e+00 5.8990e+03 0.0000e+00 0.0000e+00 0.0000e+00 1.0000e+00 0.0000e+00 6.0000e+00 0.0000e+00 8.0000e+00 6.1070e+03 4.7500e+02 3.0000e+01 5.9380e+03 1.0000e+01 1.0000e+00 0.0000e+00 2.0000e+00 1.0000e+00 1.0000e+00 1.0000e+00 1.2000e+01 8.0000e+00 1.0000e+00 1.0000e+00 2.0000e+00 5.4660e+03 3.0000e+00 5.9610e+03 4.0000e+00 1.9800e+02 1.0000e+00 2.5600e+02 6.0300e+03 0.0000e+00 0.0000e+00 1.0000e+00 0.0000e+00 1.0000e+00
5.9060e+03 0.0000e+00 2.0000e+00 0.0000e+00 1.0000e+00 0.0000e+00 4.0000e+00 5.7560e+03 1.0000e+00 3.1640e+03 0.0000e+00 0.0000e+00 0.0000e+00 0.0000e+00 0.0000e+00 0.0000e+00 0.0000e+00 0.0000e+00 0.0000e+00 0.0000e+00 3.0000e+00 0.0000e+00 1.0000e+00 0.0000e+00 0.0000e+00 2.0000e+00 0.0000e+00 3.6820e+03 1.0000e+00 3.0000e+00 0.0000e+00 1.0000e+00 2.0000e+00 0.0000e+00 0.0000e+00 1.2000e+01 0.0000e+00 0.0000e+00 0.0000e+00 1.0000e+00 0.0000e+00 0.0000e+00 5.7200e+03 0.0000e+00 0.0000e+00 3.0000e+00 0.0000e+00 5.9090e+03 2.0000e+00 0.0000e+00
0.0000e+00 1.0000e+00 0.0000e+00 1.0000e+00 4.4350e+03 0.0000e+00 0.0000e+00 1.0000e+00 0.0000e+00 0.0000e+00 0.0000e+00 3.0000e+00 0.0000e+00 4.5410e+03 0.0000e+00 2.9410e+03 0.0000e+00 0.0000e+00 0.0000e+00 0.0000e+00 4.9030e+03 0.0000e+00 0.0000e+00 2.0000e+00 0.0000e+00 1.0000e+00 2.7000e+01 0.0000e+00 0.0000e+00 0.0000e+00 0.0000e+00 1.0000e+00 3.9960e+03 0.0000e+00 7.0000e+00 4.7610e+03 0.0000e+00 2.0000e+00 1.0000e+00 0.0000e+00 0.0000e+00 1.0000e+00 0.0000e+00 0.0000e+00 0.0000e+00 1.0000e+00 0.0000e+00 0.0000e+00 1.3000e+01 1.0000e+00
2.0000e+00 5.5280e+03 1.0000e+00 5.7460e+03 0.0000e+00 3.0000e+00 1.0000e+00 1.0000e+00 0.0000e+00 0.0000e+00 0.0000e+00 0.0000e+00 0.0000e+00 2.0000e+00 3.8150e+03 0.0000e+00 5.0000e+00 0.0000e+00 2.0000e+00 6.6000e+01 0.0000e+00 0.0000e+00 4.4940e+03 1.0000e+00 1.0000e+00 1.0000e+00 4.0000e+00 1.0000e+00 2.0000e+00 1.0000e+00 5.0000e+00 1.0000e+00 6.0000e+00 1.0000e+00 9.0000e+00 3.0000e+00 5.3220e+03 1.0000e+00 0.0000e+00 0.0000e+00 0.0000e+00 5.0000e+00 3.0000e+00 2.0000e+00 1.0000e+00 0.0000e+00 4.7800e+03 0.0000e+00 0.0000e+00 1.0000e+00
0.0000e+00 0.0000e+00 3.0000e+00 0.0000e+00 0.0000e+00 4.7270e+03 0.0000e+00 0.0000e+00 0.0000e+00 1.5820e+03 0.0000e+00 4.9760e+03 0.0000e+00 0.0000e+00 0.0000e+00 2.0000e+00 2.0000e+00 1.0000e+00 1.0000e+00 2.9430e+03 0.0000e+00 1.0000e+00 0.0000e+00 0.0000e+00 1.0000e+00 3.3600e+03 4.0000e+00 1.0000e+00 0.0000e+00 3.3880e+03 1.0000e+00 7.0000e+00 0.0000e+00 0.0000e+00 1.0000e+01 0.0000e+00 0.0000e+00 2.0000e+00 6.5000e+01 0.0000e+00 0.0000e+00 1.4000e+01 1.0000e+00 0.0000e+00 1.0000e+00 1.0000e+00 0.0000e+00 0.0000e+00 0.0000e+00 1.1000e+01
