1.1000e+01 3.7000e+01 1.2900e+02 9.0000e+00 1.2800e+02 6.7000e+01 2.5000e+01 3.8400e+02 3.8000e+02 4.4000e+01 3.9000e+01 7.0000e+00 1.7000e+01 6.0000e+00 1.2000e+01 1.0000e+00 3.0000e+00 2.0000e+00 3.0000e+00 7.0000e+00 9.0000e+00 3.0000e+00 2.3000e+01 6.0000e+00 7.0000e+00 2.0000e+00 3.7000e+01 1.1000e+01 7.8000e+02 7.7000e+01 3.6880e+03 5.7000e+02 4.4000e+01 9.4000e+01 1.2000e+01 3.0000e+00 1.3000e+01 3.3000e+01 1.0000e+00 3.2000e+01 5.7000e+01 0.0000e+00 1.0000e+00 3.1000e+01 5.8000e+01 2.0000e+00 1.5000e+01 4.2000e+01 1.0000e+00 6.4000e+01
2.0000e+00 1.3000e+01 0.0000e+00 0.0000e+00 2.7300e+03 0.0000e+00 0.0000e+00 2.6000e+01 3.0000e+00 0.0000e+00 0.0000e+00 0.0000e+00 2.0000e+00 0.0000e+00 4.0000e+00 7.0000e+01 1.0000e+00 0.0000e+00 7.0000e+00 1.6000e+01 4.0000e+00 1.4000e+01 1.0900e+02 0.0000e+00 3.0000e+00 5.0000e+00 2.0000e+00 0.0000e+00 1.2600e+02 5.4900e+02 4.0000e+00 0.0000e+00 0.0000e+00 1.2000e+01 8.0000e+00 3.0000e+00 6.0000e+00 0.0000e+00 9.0000e+00 0.0000e+00 0.0000e+00 4.0000e+00 1.0000e+00 3.0000e+00 5.8630e+03 3.2000e+01 0.0000e+00 3.0000e+00 9.0000e+00 0.0000e+00
0.0000e+00 2.6000e+01 1.7000e+01 1.0200e+02 1.7000e+01 6.0000e+01 8.0000e+00 1.8000e+01 1.8700e+02 7.3000e+01 3.8390e+03 5.0000e+00 1.0100e+02 2.5900e+02 2.0000e+00 1.0300e+02 1.3000e+02 9.0000e+00 1.2000e+01 8.0000e+00 7.2000e+01 9.0000e+00 1.6000e+01 5.3000e+01 3.6910e+03 1.4000e+01 1.4000e+01 2.4000e+01 2.7100e+02 7.5000e+01 4.7000e+01 2.3000e+01 2.1000e+01 3.5000e+01 7.0700e+02 2.0000e+00 6.6000e+01 1.1000e+01 1.8000e+01 1.4000e+01 8.2000e+01 1.6000e+01 2.3600e+02 1.6000e+01 0.0000e+00 2.0000e+00 1.0000e+00 2.0000e+00 4.2000e+01 8.0000e+00
5.9510e+03 7.0000e+00 5.2570e+03 4.3930e+03 1.7000e+01 4.7620e+03 5.9950e+03 2.0100e+02 3.3030e+03 5.2110e+03 7.0000e+00 4.8430e+03 4.2740e+03 3.6440e+03 2.0000e+00 2.9220e+03 1.1000e+01 2.5500e+02 8.4200e+02 1.0000e+00 5.4280e+03 5.2450e+03 1.0000e+00 5.7670e+03 0.0000e+00 2.1460e+03 3.3490e+03 5.2000e+01 1.3000e+01 2.0270e+03 2.0000e+00 1.1900e+02 1.1400e+02 1.0000e+00 1.6000e+01 0.0000e+00 2.3160e+03 4.9350e+03 2.3000e+01 1.0000e+00 5.0300e+03 4.0420e+03 3.0000e+00 7.7500e+02 0.0000e+00 5.8700e+03 5.0670e+03 4.7260e+03 5.5040e+03 4.0000e+00
0.0000e+00 3.0000e+00 0.0000e+00 0.0000e+00 6.0000e+00 0.0000e+00 0.0000e+00 0.0000e+00 0.0000e+00 0.0000e+00 1.0000e+00 0.0000e+00 0.0000e+00 0.0000e+00 0.0000e+00 2.3000e+01 5.0000e+00 2.0000e+00 3.0000e+00 5.0000e+00 1.0000e+01 1.0000e+00 2.8000e+01 0.0000e+00 1.0000e+00 0.0000e+00 0.0000e+00 0.0000e+00 3.0000e+00 1.0000e+00 0.0000e+00 1.0000e+00 0.0000e+00 1.0000e+00 9.0000e+00 0.0000e+00 0.0000e+00 0.0000e+00 1.0800e+03 0.0000e+00 1.0000e+00 0.0000e+00 2.0000e+00 0.0000e+00 0.0000e+00 0.0000e+00 1.0000e+00 9.4000e+01 0.0000e+00 0.0000e+00
0.0000e+00 4.0000e+00 1.0000e+00 1.0000e+00 0.0000e+00 1.3000e+01 0.0000e+00 0.0000e+00 0.0000e+00 1.0000e+00 3.8000e+01 4.0000e+00 1.0000e+00 4.0000e+00 1.9000e+01 1.4600e+02 1.0000e+00 0.0000e+00 2.0000e+00 3.0000e+00 2.0000e+00 0.0000e+00 0.0000e+00 0.0000e+00 6.0000e+00 0.0000e+00 0.0000e+00 0.0000e+00 1.4000e+01 1.5390e+03 0.0000e+00 5.0000e+00 1.0000e+00 0.0000e+00 2.8000e+01 1.0000e+00 1.0000e+00 9.2100e+02 4.6230e+03 0.0000e+00 2.0000e+00 2.0000e+00 5.6910e+03 0.0000e+00 0.0000e+00 0.0000e+00 2.0000e+00 2.0000e+00 0.0000e+00 0.0000e+00
0.0000e+00 1.0000e+00 1.1000e+01 3.0000e+00 9.0000e+00 1.0000e+00 0.0000e+00 0.0000e+00 0.0000e+00 2.0000e+00 0.0000e+00 0.0000e+00 0.0000e+00 2.0000e+00 2.0000e+00 3.0500e+02 1.0000e+00 1.0000e+00 3.0000e+00 2.0000e+00 0.0000e+00 3.0000e+00 2.1000e+01 0.0000e+00 1.0000e+00 0.0000e+00 0.0000e+00 0.0000e+00 1.0000e+00 1.1200e+02 3.0000e+00 3.0000e+00 1.0000e+00 1.0000e+00 1.0000e+00 0.0000e+00 0.0000e+00 0.0000e+00 0.0000e+00 0.0000e+00 3.0000e+00 4.0000e+00 0.0000e+00 0.0000e+00 0.0000e+00 0.0000e+00 0.0000e+00 9.0000e+00 0.0000e+00 1.0000e+00
0.0000e+00 1.5800e+02 1.0000e+00 8.0000e+00 5.0000e+00 2.0000e+01 0.0000e+00 1.4000e+01 1.2100e+02 1.8000e+01 2.0000e+00 2.0000e+00 1.1000e+01 1.3000e+01 1.2300e+02 2.1200e+02 2.6400e+02 1.2800e+02 8.0000e+00 9.4000e+01 1.5000e+01 4.0000e+00 2.9090e+03 0.0000e+00 4.2000e+01 1.5280e+03 8.0000e+00 3.2550e+03 3.6400e+02 9.0000e+00 5.9000e+01 2.6000e+01 1.0000e+00 1.0000e+00 1.3800e+02 3.0000e+01 9.0000e+00 0.0000e+00 0.0000e+00 5.8600e+02 4.0000e+00 5.5000e+01 0.0000e+00 4.0000e+00 0.0000e+00 0.0000e+00 3.8000e+01 2.2500e+02 2.0000e+00 1.6000e+01
0.0000e+00 1.0000e+00 3.0000e+00 2.4000e+01 4.8000e+01 2.0000e+00 0.0000e+00 7.0000e+00 4.0000e+00 0.0000e+00 3.0000e+00 9.0000e+00 1.0000e+00 2.0000e+00 2.0000e+00 1.1100e+02 1.1000e+01 5.0000e+00 6.0000e+00 1.0000e+00 0.0000e+00 1.0000e+01 1.0000e+00 0.0000e+00 1.2000e+01 2.3000e+01 6.0000e+00 0.0000e+00 1.0000e+00 5.4000e+01 8.0000e+00 4.0000e+00 5.0000e+00 0.0000e+00 1.2500e+02 1.4000e+01 0.0000e+00 0.0000e+00 0.0000e+00 1.0000e+01 5.0000e+00 4.0000e+00 0.0000e+00 5.0000e+00 0.0000e+00 0.0000e+00 1.2200e+02 0.0000e+00 3.0000e+00 6.0000e+00
0.0000e+00 3.7680e+03 2.0000e+00 9.0000e+00 1.2210e+03 4.6700e+02 0.0000e+00 4.1090e+03 3.7000e+01 6.0000e+00 4.8000e+01 4.9400e+02 1.6300e+02 3.0500e+02 3.9010e+03 5.0000e+00 3.6490e+03 4.6660e+03 3.1250e+03 4.6300e+03 4.3000e+01 3.0000e+00 8.0000e+00 0.0000e+00 6.2000e+01 1.2600e+02 7.5400e+02 7.0000e+00 2.7860e+03 8.0000e+00 7.0000e+00 3.8590e+03 4.7270e+03 4.5590e+03 2.8060e+03 5.3330e+03 2.9240e+03 0.0000e+00 0.0000e+00 3.0880e+03 6.0000e+00 1.0000e+01 0.0000e+00 3.7190e+03 0.0000e+00 0.0000e+00 2.4500e+02 1.0000e+00 1.0000e+00 4.9780e+03
