3.1000e+01 1.0000e+00 2.0000e+00 5.6000e+01 3.0000e+01 1.4000e+01 5.0000e+00 6.0000e+00 3.5370e+03 5.7160e+03
0.0000e+00 9.0000e+00 1.0000e+00 5.6820e+03 3.1000e+01 2.0000e+00 7.9000e+01 0.0000e+00 0.0000e+00 3.6560e+03
1.4350e+03 5.0000e+00 1.0000e+00 6.4000e+01 6.3400e+03 2.3000e+01 9.5900e+02 2.9400e+02 4.0000e+00 2.0000e+00
1.0000e+01 6.0000e+00 6.0000e+00 4.0000e+00 2.2200e+02 9.5220e+03 2.0000e+00 1.6000e+01 6.0000e+00 4.0000e+00
0.0000e+00 3.0000e+00 7.9580e+03 5.8000e+01 1.0000e+01 1.0000e+00 2.0000e+00 4.1000e+01 0.0000e+00 6.0000e+00
9.1000e+01 0.0000e+00 0.0000e+00 1.0000e+00 4.5000e+01 4.0000e+00 8.3840e+03 4.4300e+02 3.0000e+00 5.3000e+01
6.8960e+03 1.2000e+01 2.0000e+00 9.0000e+00 7.5000e+02 3.7000e+01 7.0000e+00 4.0000e+00 3.8000e+01 1.1500e+02
1.0000e+01 9.5300e+02 6.7900e+02 9.0000e+00 0.0000e+00 1.2000e+01 4.2000e+01 7.2400e+03 6.0000e+00 0.0000e+00
1.0000e+00 1.7000e+01 0.0000e+00 3.0300e+03 1.0900e+02 0.0000e+00 1.4000e+01 3.2000e+01 4.4140e+03 2.1000e+01
0.0000e+00 8.9190e+03 2.0000e+00 6.0000e+00 1.0000e+00 2.0000e+00 6.0000e+00 3.0000e+00 4.0000e+00 1.1000e+01
