2.9000e+01 4.0000e+00 6.0000e+00 1.3700e+02 3.8000e+01 6.2000e+01 6.0000e+00 1.7000e+01 3.7080e+03 6.1240e+03
9.0000e+00 4.0000e+00 4.0000e+00 5.8450e+03 6.5000e+01 1.7000e+01 5.7000e+01 7.0000e+00 9.0000e+00 3.6700e+03
1.1830e+03 1.0000e+01 4.0000e+00 4.8000e+01 8.2330e+03 1.1800e+02 1.0610e+03 4.7600e+02 5.9000e+01 1.4000e+01
2.6000e+01 2.5000e+01 2.0000e+01 1.8000e+01 4.1300e+02 9.5810e+03 6.0000e+00 9.0000e+00 1.8000e+01 3.7000e+01
8.0000e+00 1.1000e+01 9.0540e+03 1.1400e+02 5.3000e+01 3.4000e+01 8.0000e+00 1.2200e+02 2.3000e+01 1.8000e+01
7.1000e+01 7.0000e+00 7.0000e+00 7.0000e+00 8.5000e+01 3.4000e+01 8.8960e+03 4.2900e+02 1.0000e+01 1.7000e+01
8.5410e+03 2.6000e+01 3.9000e+01 2.6000e+01 7.0300e+02 1.2300e+02 1.8000e+01 2.4000e+01 5.7000e+01 1.5200e+02
2.2000e+01 8.1300e+02 7.6900e+02 1.1000e+01 9.0000e+00 1.3000e+01 4.0000e+01 8.8210e+03 4.1000e+01 7.0000e+00
1.1000e+01 6.3000e+01 1.1000e+01 3.7330e+03 3.9700e+02 1.7000e+01 6.0000e+01 5.3000e+01 6.0170e+03 2.7000e+01
6.0000e+00 9.0020e+03 1.6000e+01 1.1000e+01 1.2000e+01 1.9000e+01 6.0000e+00 2.8000e+01 2.5000e+01 4.6000e+01
