7.9310e-01 0.0000e+00 1.6667e-01 7.8832e-01 4.4737e-01 6.6129e-01 1.6667e-01 2.9412e-01 9.0534e-01 9.7028e-01
3.3333e-01 0.0000e+00 0.0000e+00 9.9846e-01 5.3846e-01 3.5294e-01 8.0702e-01 0.0000e+00 1.1111e-01 9.7057e-01
9.8225e-01 3.0000e-01 0.0000e+00 6.0417e-01 7.8368e-01 7.0339e-01 9.7267e-01 7.6261e-01 5.9322e-01 2.8571e-01
8.0769e-01 6.8000e-01 8.0000e-01 6.6667e-01 7.4818e-01 9.7746e-01 1.6667e-01 1.1111e-01 3.8889e-01 8.6486e-01
0.0000e+00 1.8182e-01 8.8248e-01 6.3158e-01 3.9623e-01 4.1176e-01 0.0000e+00 5.6557e-01 3.0435e-01 2.7778e-01
7.0423e-01 1.4286e-01 1.4286e-01 0.0000e+00 5.4118e-01 5.0000e-01 9.6853e-01 7.5058e-01 1.0000e-01 3.5294e-01
8.2824e-01 3.8462e-01 4.6154e-01 3.4615e-01 6.0028e-01 5.7724e-01 2.7778e-01 2.5000e-01 4.5614e-01 6.2500e-01
4.5455e-01 9.6925e-01 9.5579e-01 1.8182e-01 0.0000e+00 2.3077e-01 6.0000e-01 8.3891e-01 5.1220e-01 0.0000e+00
9.0909e-02 5.3968e-01 9.0909e-02 7.6185e-01 5.5164e-01 1.7647e-01 5.1667e-01 3.9623e-01 7.2711e-01 3.3333e-01
0.0000e+00 9.9522e-01 3.7500e-01 1.8182e-01 8.3333e-02 3.6842e-01 0.0000e+00 3.9286e-01 4.0000e-01 5.8696e-01
