2.0000e+00 1.0000e+00 1.0000e+00 1.0000e+00 1.0000e+00 1.0000e+00 1.0000e+00 2.0000e+00 9.8490e+03 5.2800e+02
1.0000e+00 1.0000e+00 1.0000e+00 9.9650e+03 4.0000e+00 1.0000e+00 3.0000e+00 3.0000e+00 1.0000e+00 1.1600e+02
7.5730e+03 3.0000e+00 1.0000e+00 1.0000e+00 2.7600e+02 1.0000e+00 1.1390e+03 1.0000e+00 1.0000e+00 1.0000e+00
3.2200e+02 3.0000e+00 1.0000e+00 4.0000e+00 1.0000e+00 1.0000e+00 1.0000e+00 1.0000e+00 1.0000e+00 9.2790e+03
1.0000e+00 1.0000e+00 9.3610e+03 2.0000e+00 1.0000e+00 1.0000e+00 1.0000e+00 3.0000e+00 1.0000e+00 7.0000e+00
2.0000e+00 2.0000e+00 1.0000e+00 1.0000e+00 2.0000e+00 6.0000e+00 8.9290e+03 1.6000e+01 1.0000e+00 3.0000e+01
2.1250e+03 2.0000e+00 1.0000e+00 2.0000e+00 4.0000e+00 1.0043e+04 4.0000e+00 1.0000e+00 1.0000e+00 4.1000e+01
4.0000e+00 4.0000e+00 6.7400e+02 1.0000e+00 1.0000e+00 1.0000e+00 2.0000e+00 9.8890e+03 1.0000e+00 1.0000e+00
1.0000e+00 4.5000e+01 1.0000e+00 1.0000e+00 9.6750e+03 1.0000e+00 1.0000e+00 1.0000e+00 3.0000e+00 1.0000e+00
1.0000e+00 9.9860e+03 1.0000e+00 1.0000e+00 1.0000e+00 9.0000e+00 1.0000e+00 2.0000e+00 1.0000e+00 2.0000e+00
