5.5556e-01 2.7273e-01 1.0000e+00 6.7347e-01 2.2222e-01 0.0000e+00 3.0000e-01 3.8462e-01 9.7799e-01 1.0000e+00 1.0000e+00 1.0000e+00 7.5000e-01 8.8752e-01 8.0000e-01 3.4483e-01 5.9459e-01 5.3922e-01 7.0210e-01 2.5926e-01 5.0000e-01 9.7730e-01 9.5195e-01 9.9600e-01 5.5882e-01 9.1667e-01 6.3636e-01 5.4386e-01 7.1429e-01 8.7613e-01 9.0000e-01 5.0000e-01 8.9822e-01 1.0000e+00 3.6364e-01 5.4545e-01 8.7050e-01 7.2340e-01 5.7895e-01 9.2936e-01 9.2245e-01 4.2857e-01 9.7059e-01 9.8551e-01 1.1111e-01 4.2857e-01 2.9412e-01 4.1667e-01 4.6154e-01 7.5000e-01
2.3077e-01 3.7826e-01 5.3839e-01 1.2121e-01 1.8750e-01 2.3636e-01 1.0345e-01 4.2188e-01 6.8966e-02 3.9860e-01 1.7073e-01 2.5000e-01 2.0690e-01 6.8966e-02 5.4805e-01 5.0000e-02 1.8367e-01 3.9333e-01 3.7510e-01 9.2308e-02 3.2584e-01 4.8609e-01 3.9365e-01 1.3158e-01 4.0674e-01 3.4000e-01 2.3913e-01 1.3208e-01 4.9061e-01 1.5094e-01 1.8182e-01 4.7387e-01 1.8333e-01 8.3333e-02 4.6014e-01 4.7417e-01 1.4286e-01 3.8462e-02 2.3529e-01 1.5556e-01 0.0000e+00 1.8519e-01 5.8202e-01 4.2500e-01 1.1111e-01 2.8000e-01 7.8947e-02 0.0000e+00 6.4516e-02 4.9093e-01
8.8561e-01 5.9649e-01 9.9486e-01 3.1250e-01 0.0000e+00 5.6757e-01 1.0000e+00 6.1702e-01 1.0000e-01 1.8182e-01 9.4331e-01 0.0000e+00 2.3077e-01 0.0000e+00 5.9524e-01 0.0000e+00 1.0000e-01 1.8182e-01 5.8934e-01 5.1596e-01 2.2222e-01 1.0000e-01 4.2308e-01 1.6667e-01 7.2050e-01 5.2174e-01 6.2500e-01 4.3182e-01 9.1314e-01 1.5385e-01 0.0000e+00 1.0000e+00 8.0645e-01 5.0000e-01 1.4286e-01 6.1224e-01 0.0000e+00 6.5957e-01 1.0000e-01 8.1788e-01 2.9412e-01 1.0000e-01 1.4286e-01 5.3488e-01 4.6875e-01 0.0000e+00 8.3333e-02 9.8343e-01 3.1579e-01 8.9744e-01
2.2222e-01 3.3333e-01 8.3333e-02 2.1053e-01 0.0000e+00 5.4321e-01 3.0435e-01 0.0000e+00 0.0000e+00 4.3860e-01 3.9474e-01 5.0847e-01 3.1250e-01 1.6667e-01 8.3333e-02 5.2632e-02 0.0000e+00 3.4091e-01 3.4066e-01 4.9007e-01 7.1875e-01 4.7222e-01 5.3968e-01 5.5944e-01 7.2139e-01 6.9395e-01 7.0000e-01 6.4699e-01 4.4444e-01 5.0000e-01 8.5429e-01 5.2857e-01 5.2795e-01 7.6873e-01 6.9192e-01 5.3012e-01 2.6923e-01 4.8193e-01 7.3592e-01 1.2500e-01 4.7561e-01 6.1356e-01 9.0909e-02 7.6923e-02 5.5921e-01 7.8063e-01 6.2884e-01 4.2500e-01 5.2518e-01 4.9153e-01
6.3218e-01 5.3731e-01 7.0000e-01 5.2000e-01 6.4000e-01 5.6897e-01 3.7500e-01 7.8571e-01 0.0000e+00 5.0000e-01 7.3260e-01 6.8595e-01 8.0434e-01 2.6316e-01 4.7222e-01 3.8462e-01 8.1575e-01 4.4094e-01 4.9787e-01 5.9065e-01 6.7327e-01 5.4054e-01 2.8571e-01 3.0435e-01 4.3902e-01 3.1579e-01 9.0208e-01 4.7826e-01 8.3934e-01 3.5897e-01 5.5263e-01 7.3913e-01 5.2273e-01 4.1667e-01 9.1774e-01 7.7419e-01 6.5482e-01 5.5000e-01 5.4286e-01 4.8077e-01 5.2113e-01 4.8148e-01 0.0000e+00 0.0000e+00 4.2105e-01 4.1379e-01 6.0536e-01 5.0000e-01 6.4463e-01 8.6530e-01
1.0000e+00 1.0000e+00 1.0000e+00 9.7183e-01 8.4615e-01 6.1538e-01 6.6667e-01 1.0000e+00 8.4942e-01 1.0000e+00 6.5000e-01 8.7500e-01 9.5222e-01 8.3521e-01 3.8462e-01 0.0000e+00 7.2581e-01 1.7647e-01 7.1883e-01 1.2500e-01 1.0000e+00 9.8701e-01 9.9469e-01 9.9023e-01 1.0000e+00 8.8889e-01 8.5714e-01 6.6667e-01 8.5714e-01 0.0000e+00 1.0000e+00 8.5714e-01 5.2778e-01 5.0000e-01 1.0000e+00 8.7500e-01 9.1304e-01 9.6324e-01 9.5961e-01 9.9446e-01 9.4352e-01 9.6149e-01 1.0000e+00 1.0000e+00 9.9051e-01 4.2857e-01 4.2857e-01 1.0000e+00 4.0000e-01 3.3333e-01
9.7418e-01 1.0000e-01 7.2727e-01 6.7105e-01 9.2267e-01 0.0000e+00 9.7378e-01 9.6253e-01 1.0000e-01 9.0828e-01 1.1111e-01 0.0000e+00 2.6667e-01 4.6667e-01 2.5000e-01 7.3552e-01 7.7021e-01 6.6667e-02 6.6667e-02 5.2968e-01 7.5000e-01 1.0000e-01 5.8621e-01 3.5000e-01 7.9810e-01 4.1667e-01 0.0000e+00 6.1039e-01 5.9524e-01 1.5385e-01 2.2222e-01 7.2289e-01 3.0000e-01 1.4286e-01 0.0000e+00 8.5744e-01 4.0000e-01 2.1429e-01 6.4557e-01 6.9531e-01 7.6109e-01 1.0000e-01 9.4355e-01 0.0000e+00 2.6667e-01 4.3478e-01 2.2222e-01 9.7611e-01 7.9452e-01 1.1111e-01
3.6000e-01 5.4545e-01 5.5385e-01 1.4286e-01 7.5641e-01 4.2857e-01 3.1818e-01 3.3333e-01 6.3801e-01 6.3333e-01 2.0000e-01 7.9657e-01 3.9474e-01 7.7308e-01 6.4516e-01 3.2075e-01 4.8333e-01 2.5581e-01 1.2000e-01 4.5818e-01 8.1747e-01 3.8889e-01 2.1053e-01 2.9167e-01 4.0000e-01 4.3750e-01 8.2207e-01 4.5161e-01 8.2069e-01 2.5926e-01 3.9130e-01 4.6154e-01 6.8275e-01 8.8070e-01 8.0282e-01 8.0888e-01 7.6923e-02 4.8485e-01 5.5208e-01 4.8438e-01 5.9236e-01 2.3810e-01 1.0000e-01 2.7273e-01 2.3810e-01 6.7347e-01 5.3165e-01 3.0000e-01 7.4451e-01 7.8741e-01
8.8889e-01 9.1474e-01 8.5714e-01 9.4582e-01 7.2727e-01 9.3333e-01 7.6471e-01 3.0000e-01 4.1667e-01 5.5000e-01 4.3478e-01 9.2308e-01 8.1234e-01 7.7941e-01 6.4706e-01 4.3636e-01 4.8387e-01 5.0450e-01 6.3060e-01 5.9161e-01 7.5000e-01 4.6429e-01 7.9532e-01 4.1667e-01 5.9649e-01 3.7500e-01 8.0000e-01 6.0484e-01 6.6667e-01 8.0982e-01 5.7143e-01 5.4545e-01 7.0109e-01 7.0000e-01 9.3750e-01 6.6667e-01 8.9900e-01 6.3514e-01 3.1250e-01 3.3333e-01 7.0000e-01 5.2500e-01 6.9697e-01 9.1490e-01 6.9565e-01 4.0000e-01 8.1175e-01 8.1818e-01 5.9701e-01 1.0000e+00
5.7895e-01 0.0000e+00 7.1926e-01 0.0000e+00 1.7647e-01 8.0223e-01 1.8750e-01 2.8571e-01 2.0000e-01 5.7252e-01 4.6000e-01 8.1553e-01 7.6923e-02 4.3860e-01 8.3333e-02 2.9412e-01 6.0326e-01 4.8433e-01 4.7352e-01 4.9869e-01 8.2313e-01 3.3333e-01 4.7945e-01 2.0000e-01 5.2830e-01 8.2381e-01 8.3541e-01 5.5183e-01 5.4054e-01 6.0044e-01 4.8649e-01 5.6098e-01 1.1765e-01 5.0000e-01 3.4783e-01 2.5000e-01 1.6667e-01 4.9383e-01 6.3934e-01 1.6667e-01 5.9135e-01 4.2593e-01 3.1818e-01 3.2258e-01 6.3000e-01 4.2857e-01 5.4274e-01 6.5385e-01 3.8776e-01 6.9149e-01
