8.5000e+01 7.6000e+01 7.9000e+01 6.3000e+01 7.2000e+01 8.0000e+01 7.0000e+01 6.6000e+01 5.3430e+03 3.1310e+03 7.2000e+01 7.5000e+01 5.9000e+01 6.0000e+01 8.6000e+01 7.2000e+01 6.7000e+01 7.2000e+01 8.0000e+01 6.3000e+01 7.2000e+01 6.8000e+01 5.9000e+01 5.4030e+03 8.0000e+01 7.1000e+01 8.0000e+01 6.4000e+01 7.6000e+01 5.2690e+03 7.7000e+01 8.0000e+01 6.5100e+02 7.5000e+01 7.4000e+01 7.9000e+01 8.3000e+01 6.9000e+01 9.1000e+01 3.1600e+03 5.3010e+03 7.6000e+01 8.2000e+01 6.7000e+01 5.9000e+01 7.8000e+01 7.6000e+01 7.5000e+01 6.8000e+01 7.3000e+01
7.9000e+01 7.1000e+01 6.4000e+01 5.9000e+01 7.4000e+01 6.9000e+01 6.6000e+01 7.1000e+01 6.7000e+01 5.9000e+01 7.6000e+01 6.2000e+01 6.6000e+01 6.9000e+01 5.3410e+03 7.0000e+01 7.3000e+01 5.1000e+01 8.7000e+01 7.3000e+01 6.7000e+01 6.6400e+02 8.9000e+01 6.5000e+01 5.3150e+03 7.3000e+01 6.1000e+01 7.4000e+01 7.8000e+01 7.1000e+01 7.1000e+01 8.2000e+01 6.4000e+01 6.6000e+01 7.2000e+01 7.3000e+01 6.2000e+01 6.6000e+01 7.2000e+01 7.8000e+01 6.8000e+01 8.6000e+01 5.2560e+03 6.0000e+01 5.5000e+01 5.0000e+01 8.4000e+01 7.5000e+01 6.0000e+01 7.6000e+01
6.3000e+01 5.7000e+01 5.3050e+03 6.7000e+01 7.4000e+01 6.8000e+01 5.2170e+03 5.7000e+01 6.6000e+01 8.3000e+01 5.4370e+03 6.9000e+01 7.1000e+01 7.1000e+01 5.5000e+01 8.4000e+01 7.7000e+01 7.5000e+01 7.4000e+01 7.9000e+01 8.0000e+01 6.5000e+01 6.3000e+01 7.0000e+01 7.6000e+01 7.7000e+01 7.2000e+01 7.0000e+01 6.3000e+01 7.6000e+01 7.3000e+01 5.3340e+03 4.8690e+03 6.8000e+01 6.0000e+01 7.4000e+01 5.3000e+01 8.8000e+01 6.8000e+01 7.2000e+01 7.0000e+01 5.7000e+01 7.2000e+01 8.5000e+01 7.4000e+01 8.9000e+01 6.6000e+01 1.5900e+02 8.6000e+01 7.5000e+01
7.9000e+01 7.2000e+01 7.6000e+01 7.4000e+01 6.8000e+01 5.9000e+01 8.9000e+01 6.5000e+01 6.0000e+01 7.5000e+01 8.7000e+01 7.0000e+01 7.0000e+01 6.6000e+01 7.0000e+01 8.1000e+01 6.6000e+01 5.1540e+03 8.2000e+01 8.9000e+01 7.5000e+01 7.5000e+01 6.5000e+01 6.4000e+01 8.4000e+01 8.4000e+01 6.7000e+01 5.3940e+03 7.4000e+01 6.8000e+01 5.3080e+03 6.3000e+01 6.7000e+01 8.0000e+01 8.5000e+01 7.1000e+01 6.6000e+01 7.1000e+01 5.4360e+03 6.7000e+01 7.1000e+01 8.0000e+01 7.8000e+01 7.2000e+01 7.3000e+01 5.2100e+03 4.9530e+03 7.3000e+01 7.7000e+01 6.0000e+01
7.9000e+01 6.0000e+01 5.8000e+01 6.7000e+01 6.4000e+01 6.7000e+01 7.4000e+01 9.4000e+01 6.8000e+01 6.9000e+01 7.3000e+01 6.9000e+01 4.7950e+03 6.8000e+01 7.7000e+01 8.1000e+01 5.2010e+03 6.1000e+01 8.1000e+01 7.4000e+01 8.8000e+01 6.9000e+01 9.5000e+01 7.7000e+01 8.7000e+01 5.5000e+01 2.2400e+02 8.7000e+01 5.3160e+03 6.5000e+01 7.2000e+01 7.2000e+01 7.3000e+01 9.1000e+01 5.4910e+03 7.8000e+01 7.7000e+01 6.8000e+01 7.0000e+01 7.3000e+01 6.2000e+01 7.1000e+01 5.9000e+01 8.2000e+01 6.5000e+01 6.2000e+01 6.3000e+01 6.0000e+01 8.0000e+01 5.3150e+03
6.3000e+01 6.0000e+01 6.5000e+01 6.8000e+01 6.0000e+01 6.4000e+01 7.2000e+01 5.7000e+01 7.2000e+01 7.7000e+01 7.3000e+01 7.5000e+01 6.4900e+02 7.2000e+01 7.1000e+01 7.3000e+01 7.3000e+01 6.1000e+01 8.3000e+01 7.6000e+01 6.9000e+01 4.7460e+03 4.6350e+03 6.9000e+01 7.1000e+01 6.0000e+01 6.8000e+01 6.3000e+01 7.4000e+01 6.1000e+01 7.8000e+01 6.9000e+01 7.1000e+01 7.6000e+01 6.5000e+01 7.5000e+01 6.5000e+01 5.3740e+03 9.1000e+01 2.3060e+03 7.5000e+01 5.4620e+03 8.0000e+01 6.3000e+01 5.3450e+03 7.4000e+01 7.4000e+01 7.9000e+01 7.9000e+01 8.0000e+01
5.2430e+03 6.8000e+01 7.3000e+01 6.5000e+01 7.6000e+01 5.7000e+01 1.1100e+02 5.3810e+03 7.7000e+01 1.2700e+02 8.8000e+01 6.9000e+01 8.6000e+01 6.9000e+01 7.2000e+01 5.3580e+03 7.4000e+01 7.0000e+01 8.0000e+01 5.3250e+03 5.9000e+01 8.7000e+01 5.6000e+01 7.2000e+01 7.8000e+01 7.5000e+01 6.3000e+01 7.4000e+01 6.8000e+01 7.3000e+01 7.1000e+01 8.1000e+01 7.1000e+01 7.7000e+01 7.8000e+01 8.3000e+01 7.0000e+01 9.0000e+01 6.5000e+01 8.8000e+01 9.9000e+01 7.1000e+01 7.8000e+01 7.1000e+01 7.2000e+01 7.3000e+01 6.9000e+01 5.3300e+03 1.9330e+03 7.7000e+01
7.0000e+01 6.7000e+01 6.2000e+01 8.1000e+01 5.4120e+03 6.7000e+01 6.4000e+01 5.8000e+01 6.5000e+01 2.1770e+03 7.2000e+01 7.8000e+01 6.6000e+01 5.3730e+03 6.8000e+01 7.2000e+01 7.6000e+01 7.0000e+01 7.4000e+01 5.5000e+01 7.8000e+01 6.5000e+01 6.3000e+01 8.3000e+01 7.2000e+01 5.9000e+01 8.1000e+01 7.8000e+01 6.3000e+01 6.6000e+01 6.1000e+01 6.0000e+01 6.8000e+01 5.5320e+03 7.9000e+01 5.3150e+03 5.6000e+01 6.2000e+01 7.4000e+01 6.0000e+01 7.2000e+01 6.4000e+01 7.9000e+01 6.2000e+01 5.5000e+01 9.4000e+01 6.7000e+01 7.4000e+01 3.5590e+03 7.3000e+01
7.0000e+01 5.3810e+03 7.0000e+01 5.4530e+03 7.3000e+01 6.8000e+01 7.9000e+01 7.1000e+01 6.6000e+01 7.1000e+01 7.5000e+01 7.8000e+01 7.5000e+01 6.7000e+01 8.9000e+01 6.6000e+01 6.3000e+01 7.1000e+01 5.3360e+03 5.8000e+01 7.1000e+01 6.1000e+01 7.9300e+02 5.4000e+01 6.5000e+01 7.5000e+01 7.9000e+01 8.0000e+01 8.3000e+01 8.2000e+01 6.5000e+01 6.7000e+01 7.6000e+01 6.2000e+01 7.3000e+01 7.4000e+01 5.3430e+03 7.1000e+01 7.2000e+01 8.1000e+01 6.4000e+01 8.5000e+01 7.8000e+01 5.3830e+03 8.9000e+01 6.5000e+01 5.2600e+02 7.4000e+01 6.7000e+01 8.6000e+01
6.7000e+01 6.4000e+01 6.0000e+01 6.7000e+01 7.0000e+01 5.4680e+03 7.2000e+01 7.2000e+01 7.3000e+01 7.3000e+01 7.6000e+01 5.2120e+03 7.9000e+01 9.0000e+01 6.3000e+01 7.5000e+01 5.6000e+01 1.9600e+02 7.5000e+01 8.8000e+01 5.3270e+03 7.9000e+01 6.9000e+01 6.5000e+01 7.2000e+01 5.3730e+03 5.1680e+03 6.4000e+01 7.7000e+01 8.0000e+01 7.3000e+01 7.9000e+01 7.1000e+01 6.7000e+01 8.3000e+01 7.9000e+01 6.1000e+01 7.1000e+01 7.6000e+01 6.7000e+01 7.5000e+01 7.3000e+01 7.2000e+01 8.0000e+01 8.1000e+01 7.0000e+01 7.2000e+01 7.9000e+01 6.8000e+01 9.6000e+01
