7.6471e-01 4.6053e-01 7.7215e-01 8.0952e-01 4.0278e-01 2.5000e-02 4.7143e-01 2.7273e-01 9.8810e-01 1.0000e+00 8.7324e-01 9.7333e-01 7.4576e-01 9.1667e-01 8.0000e-01 4.5833e-01 7.7612e-01 5.1389e-01 6.3750e-01 4.4444e-01 6.6667e-01 9.1176e-01 9.4231e-01 1.0000e+00 5.0000e-01 8.7143e-01 8.2500e-01 5.9375e-01 4.7368e-01 9.2063e-01 8.8312e-01 4.6250e-01 9.4030e-01 9.8649e-01 4.3243e-01 5.0633e-01 9.0000e-01 6.6667e-01 4.6154e-01 9.5652e-01 9.2308e-01 3.8158e-01 9.8734e-01 9.8305e-01 2.3729e-01 2.8205e-01 2.1053e-01 5.0667e-01 5.1471e-01 6.4384e-01
1.5190e-01 4.0845e-01 5.0000e-01 1.6949e-02 1.0811e-01 2.4638e-01 6.0606e-02 4.6479e-01 2.2388e-01 4.7458e-01 1.3158e-01 3.0645e-01 2.8788e-01 5.7971e-02 4.6512e-01 5.7143e-02 3.2877e-01 3.0000e-01 3.5632e-01 1.9178e-01 2.5373e-01 4.9231e-01 3.7079e-01 9.2308e-02 5.0769e-01 3.2877e-01 2.1311e-01 2.4324e-01 5.3947e-01 1.6901e-01 2.3944e-01 4.7561e-01 1.4062e-01 1.9697e-01 4.1667e-01 5.1389e-01 1.6129e-01 1.5152e-01 2.0833e-01 1.1538e-01 2.9412e-02 1.2791e-01 5.5844e-01 4.5000e-01 3.2727e-01 3.6000e-01 2.3810e-02 0.0000e+00 6.6667e-02 4.7368e-01
8.7097e-01 7.8571e-01 1.0000e+00 2.2388e-01 5.4054e-02 4.8529e-01 1.0000e+00 6.1404e-01 1.6667e-01 2.7711e-01 9.2308e-01 1.4493e-01 1.6901e-01 1.4085e-01 5.8182e-01 0.0000e+00 1.4286e-01 1.0667e-01 5.4054e-01 4.5570e-01 2.7500e-01 1.8462e-01 5.0794e-01 1.1429e-01 7.1053e-01 5.7143e-01 6.2500e-01 3.0000e-01 8.5714e-01 3.1579e-01 5.4795e-01 1.0000e+00 8.8406e-01 1.7647e-01 1.8333e-01 6.2162e-01 1.6981e-01 6.7045e-01 1.9118e-01 8.0000e-01 1.8571e-01 3.8596e-01 4.1667e-02 5.0588e-01 3.1081e-01 3.7079e-01 3.0303e-02 1.0000e+00 5.3488e-01 9.6000e-01
3.1646e-01 4.0278e-01 2.6316e-02 8.1081e-02 7.3529e-02 4.2373e-01 2.6966e-01 6.1538e-02 1.3333e-01 3.3333e-01 4.0230e-01 5.4286e-01 2.2857e-01 5.7576e-01 5.7143e-02 1.8519e-01 6.0606e-02 4.6479e-01 3.0488e-01 4.8193e-01 7.4667e-01 5.2000e-01 5.2308e-01 5.7812e-01 7.1429e-01 6.4286e-01 7.9104e-01 6.2903e-01 5.8108e-01 5.0000e-01 8.3333e-01 6.1290e-01 4.6269e-01 7.8378e-01 6.9412e-01 5.2113e-01 2.5758e-01 4.2254e-01 7.9032e-01 2.6866e-01 4.9296e-01 6.2025e-01 2.4359e-01 1.6667e-01 5.9722e-01 7.4026e-01 7.4545e-01 5.0685e-01 6.1842e-01 4.6667e-01
5.4430e-01 7.2414e-01 7.7586e-01 3.8806e-01 4.6875e-01 5.6716e-01 5.0000e-01 8.7838e-01 1.0294e-01 4.3478e-01 6.9444e-01 5.6522e-01 7.7586e-01 3.9706e-01 4.0260e-01 4.0741e-01 7.6000e-01 4.0984e-01 6.0000e-01 5.1351e-01 6.8182e-01 5.6522e-01 2.7368e-01 3.7662e-01 3.4483e-01 3.8182e-01 8.8136e-01 4.3678e-01 8.9855e-01 4.3077e-01 5.2778e-01 7.6389e-01 4.9315e-01 2.8571e-01 9.2771e-01 8.5075e-01 6.2338e-01 5.7353e-01 4.5714e-01 4.6575e-01 7.0492e-01 6.3380e-01 4.4068e-01 3.0488e-01 5.6923e-01 5.1613e-01 7.3770e-01 3.8333e-01 6.7500e-01 9.4118e-01
1.0000e+00 1.0000e+00 1.0000e+00 9.3333e-01 8.5000e-01 5.0000e-01 7.3611e-01 9.6491e-01 9.0278e-01 9.8701e-01 6.8493e-01 8.5333e-01 9.7333e-01 8.8889e-01 5.7746e-01 4.1096e-02 6.8493e-01 1.3115e-01 6.9880e-01 7.8947e-02 9.8551e-01 1.0000e+00 1.0000e+00 1.0000e+00 1.0000e+00 6.6667e-01 9.2647e-01 6.8254e-01 9.1892e-01 2.1311e-01 9.7436e-01 8.2609e-01 6.0563e-01 8.4211e-01 9.5312e-01 9.6000e-01 8.7692e-01 9.6104e-01 1.0000e+00 1.0000e+00 9.1781e-01 9.1803e-01 9.5000e-01 1.0000e+00 9.5455e-01 6.3514e-01 3.5135e-01 8.8608e-01 5.8228e-01 4.8750e-01
9.8667e-01 2.7941e-01 8.2192e-01 6.6154e-01 8.2667e-01 2.9825e-01 9.5506e-01 9.8611e-01 2.2078e-01 9.0000e-01 2.2727e-01 1.0145e-01 2.3256e-01 3.9130e-01 4.1667e-01 7.1186e-01 7.4324e-01 4.2857e-02 3.7500e-02 6.2319e-01 8.1356e-01 3.4483e-02 5.3571e-01 2.2222e-01 7.8205e-01 3.6000e-01 1.5873e-02 5.1351e-01 7.2059e-01 3.4247e-01 3.9437e-01 7.8750e-01 2.9577e-01 1.2987e-02 3.8462e-02 9.0244e-01 2.8571e-01 1.1111e-01 5.5385e-01 7.2727e-01 8.2857e-01 2.9577e-01 9.5946e-01 2.5352e-01 2.2222e-01 3.8356e-01 3.1884e-01 9.7183e-01 8.0000e-01 1.2987e-01
2.8571e-01 5.3731e-01 6.1290e-01 2.4691e-01 7.5385e-01 4.1791e-01 4.0625e-01 4.3103e-01 6.8750e-01 7.9688e-01 3.6111e-01 8.0822e-01 2.5758e-01 8.6765e-01 6.5152e-01 4.5070e-01 5.9211e-01 4.5588e-01 2.1622e-01 4.7273e-01 7.6923e-01 4.4615e-01 3.1746e-01 3.6585e-01 3.3333e-01 3.7288e-01 8.1013e-01 4.8052e-01 7.3016e-01 2.5758e-01 6.0656e-01 4.6667e-01 6.4706e-01 8.6667e-01 7.7215e-01 8.4932e-01 1.6071e-01 4.0323e-01 6.2162e-01 5.4237e-01 5.6944e-01 2.8125e-01 1.8987e-01 2.4194e-01 3.2727e-01 7.1739e-01 5.8209e-01 3.2432e-01 7.0732e-01 8.3333e-01
6.5714e-01 9.3421e-01 7.7143e-01 8.4722e-01 7.9452e-01 8.5075e-01 6.2821e-01 5.7746e-01 5.7576e-01 5.4930e-01 6.4000e-01 7.8205e-01 8.1690e-01 6.7164e-01 7.0115e-01 5.0000e-01 5.0794e-01 4.2254e-01 7.1014e-01 5.3448e-01 4.3662e-01 5.4098e-01 8.6301e-01 5.3704e-01 5.6923e-01 8.4932e-01 8.4810e-01 5.5000e-01 8.7952e-01 8.0769e-01 4.9231e-01 7.3134e-01 7.2000e-01 6.1290e-01 7.8082e-01 6.7568e-01 8.6111e-01 5.6338e-01 3.8889e-01 4.0741e-01 7.1875e-01 5.0588e-01 8.7179e-01 9.3590e-01 7.0787e-01 7.8125e-01 8.5915e-01 6.2162e-01 6.5672e-01 8.2558e-01
7.1212e-01 9.3750e-02 7.0000e-01 8.9552e-02 1.5714e-01 7.7941e-01 1.5278e-01 3.3333e-01 1.3699e-01 6.7123e-01 5.9211e-01 8.4127e-01 1.7722e-01 4.5556e-01 1.4286e-01 1.7333e-01 6.1111e-01 4.7692e-01 4.4000e-01 4.9412e-01 8.4507e-01 3.4177e-01 4.7826e-01 2.9231e-01 4.5833e-01 8.3824e-01 8.7097e-01 5.1562e-01 4.5455e-01 5.4430e-01 4.7945e-01 5.8228e-01 7.0423e-02 4.4776e-01 4.4578e-01 2.5316e-01 6.5574e-02 4.6479e-01 6.4474e-01 1.7910e-01 6.2162e-01 3.4247e-01 4.3056e-01 2.6250e-01 6.3636e-01 5.0000e-01 6.5278e-01 7.4026e-01 5.7353e-01 7.3684e-01
