8.6207e-01 1.3636e-01 3.1579e-01 7.0833e-01 5.4545e-01 4.7368e-01 5.0000e-01 1.4286e-01 9.1142e-01 9.7643e-01
2.6316e-01 5.6000e-01 1.3636e-01 9.9803e-01 4.6154e-01 4.2105e-01 6.6667e-01 0.0000e+00 1.0526e-01 9.6848e-01
9.7100e-01 4.7368e-01 1.3043e-01 6.0000e-01 7.1429e-01 5.8333e-01 9.8073e-01 6.0000e-01 4.3478e-01 3.4483e-01
7.6000e-01 7.5000e-01 8.1818e-01 7.0833e-01 8.0282e-01 9.7822e-01 1.6000e-01 4.0000e-01 4.0000e-01 8.0769e-01
0.0000e+00 4.5455e-02 8.7948e-01 5.4545e-01 3.0769e-01 2.3810e-01 4.3478e-02 5.9259e-01 4.7619e-02 1.7647e-01
7.6744e-01 5.2632e-01 1.8182e-01 1.0000e-01 5.0000e-01 3.4615e-01 9.6395e-01 7.2000e-01 2.9167e-01 6.9231e-01
8.2719e-01 4.6429e-01 4.0909e-01 5.2381e-01 6.2755e-01 5.1852e-01 3.1250e-01 2.0833e-01 4.2857e-01 6.5217e-01
3.9130e-01 9.7959e-01 9.6325e-01 2.1053e-01 0.0000e+00 4.8000e-01 8.2353e-01 8.3256e-01 3.6842e-01 0.0000e+00
1.5789e-01 4.4000e-01 1.5000e-01 7.6948e-01 5.0000e-01 0.0000e+00 3.6364e-01 4.1176e-01 6.1538e-01 5.0000e-01
8.6957e-02 9.9289e-01 3.1579e-01 2.0000e-01 2.1053e-01 3.0435e-01 9.3750e-02 6.4706e-01 2.4000e-01 3.9130e-01
