7.8350e+03 1.0000e+00 1.0000e+00 3.0000e+00 1.0000e+01 1.0000e+00 1.0000e+00 4.0000e+00 2.0000e+00 1.8500e+03
1.0000e+00 3.0000e+00 1.0000e+00 1.8550e+03 1.0000e+00 1.0000e+00 8.0000e+00 1.0000e+00 1.0000e+00 6.9610e+03
2.0740e+03 1.0000e+00 1.0000e+00 2.0000e+00 9.6490e+03 2.0000e+00 1.1300e+02 5.0000e+00 1.0000e+00 1.0000e+00
6.0000e+00 5.0000e+00 1.2000e+01 1.0000e+00 5.0000e+00 9.8380e+03 1.0000e+00 1.0000e+00 1.0000e+00 0.0000e+00
1.0000e+00 1.0000e+00 2.0000e+00 5.0000e+00 1.0000e+00 1.0000e+00 2.0000e+00 9.9300e+03 1.0000e+00 1.0000e+00
1.0000e+00 2.0000e+00 1.0000e+00 1.0000e+00 9.0000e+00 1.9000e+01 9.9060e+03 4.0000e+00 1.0000e+00 1.0000e+00
1.0000e+00 1.1000e+01 1.0000e+00 1.0000e+00 1.0000e+00 1.0000e+00 1.0000e+00 1.0000e+00 9.8150e+03 1.1690e+03
1.0000e+00 3.0000e+01 1.0177e+04 1.0000e+00 1.0000e+00 1.0000e+00 3.0000e+00 2.0000e+00 1.0000e+00 1.0000e+00
1.0000e+00 2.0000e+00 1.0000e+00 8.2440e+03 4.7200e+02 1.0000e+00 1.0000e+00 1.0000e+00 1.0000e+00 2.0000e+00
1.0000e+00 9.8810e+03 1.0000e+00 1.0000e+00 1.0000e+00 2.0000e+00 1.0000e+00 1.0000e+00 1.2000e+01 3.0000e+00
