0.0000e+00 1.0000e+00 1.0000e+00 0.0000e+00 0.0000e+00 3.8760e+03 9.0000e+00 1.0000e+00 0.0000e+00 1.0000e+00 0.0000e+00 0.0000e+00 1.0000e+00 2.0000e+00 1.0000e+00 0.0000e+00 0.0000e+00 0.0000e+00 0.0000e+00 1.0000e+00 0.0000e+00 0.0000e+00 0.0000e+00 1.0000e+00 0.0000e+00 0.0000e+00 3.3860e+03 0.0000e+00 1.0000e+00 1.0000e+00 3.9310e+03 4.3830e+03 3.7020e+03 3.6370e+03 0.0000e+00 0.0000e+00 2.0000e+00 0.0000e+00 0.0000e+00 0.0000e+00 2.0000e+00 0.0000e+00 1.0000e+00 0.0000e+00 2.0000e+00 0.0000e+00 0.0000e+00 8.0000e+00 0.0000e+00 3.4600e+03
0.0000e+00 1.0000e+00 0.0000e+00 0.0000e+00 4.3640e+03 0.0000e+00 0.0000e+00 0.0000e+00 0.0000e+00 0.0000e+00 0.0000e+00 0.0000e+00 0.0000e+00 0.0000e+00 0.0000e+00 0.0000e+00 0.0000e+00 0.0000e+00 1.0000e+00 4.0000e+00 0.0000e+00 0.0000e+00 0.0000e+00 0.0000e+00 0.0000e+00 0.0000e+00 0.0000e+00 0.0000e+00 3.5960e+03 0.0000e+00 0.0000e+00 0.0000e+00 0.0000e+00 1.0000e+00 0.0000e+00 0.0000e+00 0.0000e+00 1.0000e+00 2.0000e+00 0.0000e+00 0.0000e+00 0.0000e+00 0.0000e+00 0.0000e+00 5.9370e+03 4.0720e+03 0.0000e+00 0.0000e+00 0.0000e+00 0.0000e+00
0.0000e+00 0.0000e+00 1.0000e+00 9.0000e+00 0.0000e+00 0.0000e+00 1.0000e+00 0.0000e+00 1.3000e+01 3.7640e+03 0.0000e+00 1.0000e+00 3.5310e+03 3.8580e+03 0.0000e+00 4.0000e+00 3.2130e+03 0.0000e+00 0.0000e+00 1.0000e+00 1.0000e+00 0.0000e+00 2.0000e+00 7.7000e+01 3.9350e+03 0.0000e+00 4.0000e+00 2.1040e+03 1.0000e+00 0.0000e+00 0.0000e+00 3.0000e+00 1.0000e+00 0.0000e+00 3.7450e+03 0.0000e+00 1.0000e+00 0.0000e+00 1.0000e+00 8.0000e+00 1.0000e+00 1.0000e+00 1.0000e+00 0.0000e+00 0.0000e+00 1.0000e+00 0.0000e+00 0.0000e+00 0.0000e+00 0.0000e+00
5.9800e+03 1.0000e+00 5.5030e+03 2.0000e+00 0.0000e+00 2.1000e+01 3.5700e+02 5.0000e+00 3.0000e+00 2.0000e+00 2.5000e+01 1.0000e+00 1.0000e+00 2.0000e+00 0.0000e+00 3.0000e+00 1.0000e+00 1.3100e+02 2.7000e+01 0.0000e+00 5.6780e+03 5.3110e+03 0.0000e+00 1.0000e+00 0.0000e+00 1.0000e+00 1.0000e+00 0.0000e+00 0.0000e+00 0.0000e+00 0.0000e+00 0.0000e+00 1.0000e+00 0.0000e+00 1.0000e+00 0.0000e+00 5.0000e+00 0.0000e+00 0.0000e+00 0.0000e+00 5.2810e+03 4.2390e+03 0.0000e+00 8.0000e+00 0.0000e+00 0.0000e+00 2.0000e+00 0.0000e+00 5.6350e+03 0.0000e+00
0.0000e+00 0.0000e+00 0.0000e+00 0.0000e+00 0.0000e+00 0.0000e+00 2.0000e+00 0.0000e+00 0.0000e+00 0.0000e+00 0.0000e+00 0.0000e+00 0.0000e+00 0.0000e+00 0.0000e+00 0.0000e+00 0.0000e+00 0.0000e+00 0.0000e+00 0.0000e+00 0.0000e+00 1.0000e+01 0.0000e+00 0.0000e+00 0.0000e+00 0.0000e+00 0.0000e+00 0.0000e+00 0.0000e+00 0.0000e+00 1.0000e+00 0.0000e+00 0.0000e+00 0.0000e+00 0.0000e+00 0.0000e+00 0.0000e+00 0.0000e+00 5.3420e+03 0.0000e+00 1.0000e+00 0.0000e+00 0.0000e+00 0.0000e+00 0.0000e+00 0.0000e+00 2.0000e+00 4.3320e+03 0.0000e+00 0.0000e+00
0.0000e+00 3.0000e+00 1.0000e+00 0.0000e+00 0.0000e+00 0.0000e+00 0.0000e+00 0.0000e+00 0.0000e+00 0.0000e+00 0.0000e+00 0.0000e+00 0.0000e+00 0.0000e+00 0.0000e+00 0.0000e+00 0.0000e+00 0.0000e+00 0.0000e+00 0.0000e+00 0.0000e+00 0.0000e+00 0.0000e+00 0.0000e+00 2.0000e+00 0.0000e+00 0.0000e+00 0.0000e+00 2.0000e+00 4.5840e+03 0.0000e+00 0.0000e+00 0.0000e+00 0.0000e+00 0.0000e+00 0.0000e+00 0.0000e+00 6.1180e+03 8.9000e+01 0.0000e+00 0.0000e+00 0.0000e+00 6.0010e+03 0.0000e+00 0.0000e+00 0.0000e+00 0.0000e+00 0.0000e+00 0.0000e+00 0.0000e+00
1.0000e+00 0.0000e+00 0.0000e+00 0.0000e+00 0.0000e+00 0.0000e+00 1.0000e+00 0.0000e+00 0.0000e+00 0.0000e+00 1.0000e+00 0.0000e+00 0.0000e+00 0.0000e+00 1.0000e+00 1.0000e+00 0.0000e+00 0.0000e+00 1.0000e+00 0.0000e+00 0.0000e+00 2.0000e+00 0.0000e+00 0.0000e+00 0.0000e+00 0.0000e+00 0.0000e+00 0.0000e+00 0.0000e+00 5.1000e+01 0.0000e+00 0.0000e+00 0.0000e+00 0.0000e+00 2.0000e+00 0.0000e+00 0.0000e+00 0.0000e+00 2.0000e+00 0.0000e+00 0.0000e+00 0.0000e+00 0.0000e+00 0.0000e+00 0.0000e+00 0.0000e+00 0.0000e+00 1.0000e+00 0.0000e+00 0.0000e+00
0.0000e+00 3.0000e+00 0.0000e+00 1.0000e+00 0.0000e+00 0.0000e+00 0.0000e+00 2.5430e+03 3.7480e+03 5.0000e+00 0.0000e+00 0.0000e+00 0.0000e+00 0.0000e+00 3.2840e+03 1.0000e+00 0.0000e+00 4.2370e+03 1.0000e+00 3.7460e+03 0.0000e+00 0.0000e+00 0.0000e+00 4.4580e+03 0.0000e+00 3.9480e+03 0.0000e+00 0.0000e+00 0.0000e+00 0.0000e+00 1.0000e+00 0.0000e+00 1.0000e+00 0.0000e+00 1.2100e+02 0.0000e+00 1.0000e+00 1.0000e+00 0.0000e+00 1.0000e+00 0.0000e+00 3.0000e+00 0.0000e+00 1.0000e+00 1.0000e+00 8.0000e+00 0.0000e+00 2.0000e+00 0.0000e+00 1.0000e+00
0.0000e+00 0.0000e+00 0.0000e+00 3.1250e+03 2.0000e+00 0.0000e+00 2.3200e+03 0.0000e+00 0.0000e+00 0.0000e+00 0.0000e+00 0.0000e+00 0.0000e+00 0.0000e+00 0.0000e+00 3.0670e+03 6.0000e+00 0.0000e+00 0.0000e+00 0.0000e+00 0.0000e+00 0.0000e+00 1.7250e+03 1.0000e+00 1.0000e+00 0.0000e+00 0.0000e+00 0.0000e+00 0.0000e+00 0.0000e+00 0.0000e+00 1.0000e+00 0.0000e+00 0.0000e+00 0.0000e+00 0.0000e+00 0.0000e+00 0.0000e+00 2.0000e+00 0.0000e+00 0.0000e+00 0.0000e+00 0.0000e+00 4.0000e+00 0.0000e+00 0.0000e+00 4.3730e+03 0.0000e+00 0.0000e+00 0.0000e+00
1.0000e+00 4.1180e+03 0.0000e+00 2.0000e+00 0.0000e+00 8.4000e+01 0.0000e+00 0.0000e+00 3.0000e+00 1.0000e+00 2.0820e+03 5.1750e+03 0.0000e+00 3.0000e+00 1.1000e+01 0.0000e+00 3.0000e+00 2.0000e+00 4.1270e+03 1.0000e+00 2.0000e+00 0.0000e+00 0.0000e+00 2.0000e+00 0.0000e+00 4.0000e+00 1.0000e+00 0.0000e+00 1.0000e+00 0.0000e+00 0.0000e+00 8.0000e+00 0.0000e+00 6.5000e+01 1.0000e+00 5.4640e+03 5.4050e+03 0.0000e+00 0.0000e+00 3.8370e+03 1.0000e+00 1.0000e+00 0.0000e+00 4.6680e+03 0.0000e+00 0.0000e+00 1.0000e+00 0.0000e+00 0.0000e+00 3.3700e+02
