4.2000e+01 6.0000e+00 9.0000e+00 3.1000e+01 5.3000e+01 4.8000e+01 5.0000e+00 1.5000e+01 3.2270e+03 6.6460e+03
6.0000e+00 1.9000e+01 4.0000e+00 6.4530e+03 6.5000e+01 1.7000e+01 6.4000e+01 9.0000e+00 7.0000e+00 3.0330e+03
1.5520e+03 1.1000e+01 4.0000e+00 3.7000e+01 7.9510e+03 3.9000e+01 5.7600e+02 9.4300e+02 5.9000e+01 2.1000e+01
1.9000e+01 1.1000e+01 2.2000e+01 1.6000e+01 3.4100e+02 9.6890e+03 8.0000e+00 2.2000e+01 1.5000e+01 1.4000e+01
8.0000e+00 1.3000e+01 9.0400e+03 6.5000e+01 6.0000e+01 2.8000e+01 8.0000e+00 6.6000e+01 1.4000e+01 3.1000e+01
7.1000e+01 1.0000e+01 6.0000e+00 7.0000e+00 1.8000e+01 3.4000e+01 9.0020e+03 3.7300e+02 1.1000e+01 5.6000e+01
8.3100e+03 2.7000e+01 1.4000e+01 1.7000e+01 1.2050e+03 8.3000e+01 4.6000e+01 1.5000e+01 6.9000e+01 1.1500e+02
2.9000e+01 9.7100e+02 7.8500e+02 7.0000e+00 1.4000e+01 2.1000e+01 4.4000e+01 8.5760e+03 1.0700e+02 7.0000e+00
1.3000e+01 1.4000e+01 1.1000e+01 3.3740e+03 1.9200e+02 1.2000e+01 4.0000e+01 1.9300e+02 6.5290e+03 3.4000e+01
7.0000e+00 8.9700e+03 1.0000e+01 7.0000e+00 1.2000e+01 1.1000e+01 7.0000e+00 3.2000e+01 1.5000e+01 2.5000e+01
