8.5714e-01 1.6667e-01 3.3333e-01 5.4839e-01 5.0943e-01 6.0417e-01 0.0000e+00 2.6667e-01 9.0425e-01 9.7201e-01
1.6667e-01 5.2632e-01 0.0000e+00 9.9783e-01 5.3846e-01 3.5294e-01 7.8125e-01 1.1111e-01 0.0000e+00 9.7263e-01
9.8067e-01 5.4545e-01 0.0000e+00 5.6757e-01 7.8581e-01 5.3846e-01 9.8438e-01 8.0488e-01 5.9322e-01 4.2857e-01
8.4211e-01 8.1818e-01 8.6364e-01 7.5000e-01 7.3314e-01 9.7833e-01 2.5000e-01 4.0909e-01 3.3333e-01 9.2857e-01
0.0000e+00 2.3077e-01 8.7998e-01 5.5385e-01 4.0000e-01 3.5714e-01 0.0000e+00 4.8485e-01 1.4286e-01 4.1935e-01
7.0423e-01 3.0000e-01 1.6667e-01 0.0000e+00 2.2222e-01 5.0000e-01 9.6556e-01 7.5067e-01 1.8182e-01 6.2500e-01
8.2924e-01 4.0741e-01 2.1429e-01 2.3529e-01 6.2490e-01 5.3012e-01 5.0000e-01 1.3333e-01 4.9275e-01 6.0000e-01
5.1724e-01 9.7322e-01 9.5032e-01 0.0000e+00 1.4286e-01 3.8095e-01 6.1364e-01 8.3815e-01 6.5421e-01 0.0000e+00
1.5385e-01 2.1429e-01 9.0909e-02 7.6526e-01 5.0521e-01 8.3333e-02 4.5000e-01 5.6477e-01 7.3733e-01 3.8235e-01
0.0000e+00 9.9376e-01 2.0000e-01 0.0000e+00 8.3333e-02 1.8182e-01 0.0000e+00 4.3750e-01 2.6667e-01 4.4000e-01
