9.2000e+01 9.8000e+01 1.1300e+02 9.2000e+01 1.0100e+02 1.0400e+02 1.1800e+02 1.0400e+02 1.2600e+02 9.0610e+03
9.6000e+01 1.1900e+02 7.9000e+01 8.9700e+03 1.1300e+02 1.3400e+02 1.0000e+02 1.0100e+02 1.0700e+02 1.0500e+02
9.6900e+02 9.8000e+01 8.4000e+01 9.3000e+01 8.8150e+03 1.0200e+02 5.5300e+02 9.5000e+01 1.1500e+02 1.0100e+02
1.0900e+02 1.0400e+02 1.1800e+02 9.8000e+01 8.4000e+01 9.1100e+03 1.1400e+02 9.6000e+01 1.0700e+02 1.1200e+02
1.0500e+02 9.0000e+01 8.7300e+03 1.2400e+02 9.5000e+01 1.0100e+02 1.0400e+02 8.8000e+01 9.0000e+01 1.0000e+02
1.1500e+02 9.0000e+01 1.0800e+02 1.1900e+02 1.0300e+02 1.0000e+02 8.5500e+03 1.1500e+02 9.8000e+01 1.0400e+02
8.1930e+03 9.7000e+01 1.0300e+02 1.0500e+02 3.2500e+02 8.6000e+01 8.8000e+01 9.3000e+01 9.8000e+01 9.1000e+01
1.1000e+02 4.9000e+02 3.9900e+02 9.4000e+01 9.0000e+01 1.0300e+02 1.1900e+02 9.2810e+03 1.0000e+02 7.9000e+01
1.0700e+02 9.8000e+01 9.6000e+01 2.9900e+02 1.0100e+02 9.6000e+01 1.1200e+02 1.0100e+02 9.1650e+03 9.2000e+01
9.0000e+01 8.6260e+03 8.0000e+01 9.6000e+01 8.4000e+01 8.2000e+01 1.1000e+02 9.1000e+01 9.4000e+01 9.7000e+01
