8.2609e-01 1.3265e-01 2.9204e-01 6.5217e-01 6.4356e-01 5.4808e-01 2.7966e-01 1.1538e-01 8.8889e-01 9.4737e-01
1.7708e-01 6.0504e-01 1.7722e-01 1.0000e+00 5.6637e-01 2.3881e-01 7.8000e-01 5.9406e-02 6.5421e-02 9.4444e-01
9.9029e-01 5.4082e-01 4.7619e-02 6.2366e-01 7.7551e-01 5.2941e-01 9.9180e-01 7.3404e-01 5.9130e-01 5.2475e-01
7.7064e-01 7.7885e-01 7.4576e-01 6.5306e-01 7.1605e-01 1.0000e+00 1.9298e-01 4.2708e-01 3.2710e-01 8.0180e-01
0.0000e+00 1.4444e-01 9.1667e-01 6.9167e-01 2.6316e-01 3.2673e-01 2.8846e-02 6.5823e-01 1.6667e-01 3.4000e-01
7.3913e-01 4.7778e-01 1.2037e-01 1.5966e-01 5.0485e-01 3.5000e-01 1.0000e+00 7.3832e-01 1.7347e-01 5.7692e-01
8.2759e-01 3.9175e-01 3.0097e-01 4.1905e-01 6.4444e-01 6.5116e-01 4.2045e-01 2.7957e-01 4.6939e-01 6.0440e-01
4.7273e-01 9.5604e-01 9.8969e-01 2.9787e-01 0.0000e+00 4.8544e-01 6.5546e-01 8.6957e-01 6.5657e-01 1.2658e-02
2.3364e-01 4.1837e-01 1.2500e-01 7.6415e-01 4.9505e-01 0.0000e+00 5.1786e-01 5.2475e-01 7.7419e-01 3.6957e-01
3.3333e-02 9.8851e-01 1.2500e-01 2.6042e-01 1.1905e-01 2.3171e-01 2.0909e-01 4.1758e-01 4.2553e-01 5.9574e-01
