7.6000e+01 1.3000e+01 3.3000e+01 6.0000e+01 6.5000e+01 5.7000e+01 3.3000e+01 1.2000e+01 1.1400e+02 8.8020e+03
1.7000e+01 7.2000e+01 1.4000e+01 8.9700e+03 6.4000e+01 3.2000e+01 7.8000e+01 6.0000e+00 7.0000e+00 9.9000e+01
9.5200e+02 5.3000e+01 4.0000e+00 5.8000e+01 6.9550e+03 5.4000e+01 5.4100e+02 7.0000e+01 6.8000e+01 5.3000e+01
8.4000e+01 8.1000e+01 8.8000e+01 6.4000e+01 6.0000e+01 8.9380e+03 2.2000e+01 4.1000e+01 3.5000e+01 9.0000e+01
0.0000e+00 1.3000e+01 7.6910e+03 8.5000e+01 2.5000e+01 3.3000e+01 3.0000e+00 5.7000e+01 1.5000e+01 3.4000e+01
8.5000e+01 4.3000e+01 1.3000e+01 1.9000e+01 5.2000e+01 3.5000e+01 8.2640e+03 8.7000e+01 1.7000e+01 6.0000e+01
6.7460e+03 3.8000e+01 3.1000e+01 4.4000e+01 2.1700e+02 5.6000e+01 3.7000e+01 2.6000e+01 4.6000e+01 5.5000e+01
5.2000e+01 4.7600e+02 3.8600e+02 2.8000e+01 0.0000e+00 5.0000e+01 7.8000e+01 7.6590e+03 6.6000e+01 1.0000e+00
2.5000e+01 4.1000e+01 1.2000e+01 2.2900e+02 5.0000e+01 0.0000e+00 5.8000e+01 5.3000e+01 6.7390e+03 3.4000e+01
3.0000e+00 8.5910e+03 1.0000e+01 2.5000e+01 1.0000e+01 1.9000e+01 2.3000e+01 3.8000e+01 4.0000e+01 5.8000e+01
