8.2955e-01 1.6842e-01 2.1875e-01 7.3684e-01 5.5814e-01 5.3922e-01 2.9412e-01 2.3364e-01 9.0361e-01 9.8361e-01
1.6484e-01 6.0194e-01 2.1978e-01 1.0000e+00 5.5357e-01 3.1313e-01 7.9048e-01 5.1020e-02 1.0204e-01 9.4393e-01
9.8864e-01 3.9655e-01 6.9565e-02 6.0952e-01 7.7778e-01 5.4464e-01 9.8131e-01 8.0198e-01 4.8000e-01 4.9587e-01
7.7108e-01 7.7358e-01 8.0952e-01 5.0588e-01 5.8427e-01 9.5349e-01 1.7391e-01 4.7423e-01 2.9545e-01 7.4074e-01
0.0000e+00 1.5625e-01 9.2771e-01 7.1579e-01 1.7391e-01 2.6852e-01 5.1020e-02 5.6911e-01 1.7857e-01 3.8144e-01
7.1845e-01 4.3860e-01 1.2871e-01 1.3725e-01 5.0562e-01 4.3678e-01 9.8980e-01 7.8431e-01 2.3469e-01 6.0825e-01
8.5227e-01 4.6729e-01 3.1633e-01 2.7723e-01 7.2941e-01 5.9794e-01 4.8980e-01 2.0202e-01 5.0962e-01 6.7677e-01
5.3125e-01 9.6226e-01 9.5146e-01 2.8099e-01 1.0204e-02 5.0538e-01 5.4902e-01 8.2000e-01 5.3226e-01 1.0989e-02
2.0755e-01 4.9573e-01 1.4634e-01 7.6923e-01 5.4286e-01 6.3063e-02 4.0777e-01 5.1485e-01 6.9663e-01 4.1935e-01
1.0000e-02 9.8958e-01 2.5472e-01 1.3333e-01 9.6154e-02 2.5806e-01 1.6346e-01 5.0962e-01 4.1584e-01 6.3736e-01
