9.7674e-01 7.6923e-02 3.7500e-01 6.8182e-01 5.2381e-01 5.2632e-01 4.3750e-01 1.1111e-01 9.4444e-01 9.7153e-01
1.7391e-01 5.7895e-01 2.1739e-01 9.9867e-01 5.0000e-01 2.2857e-01 7.8947e-01 1.2500e-01 7.6923e-02 9.7468e-01
9.7452e-01 4.5833e-01 8.0000e-02 5.9091e-01 7.8889e-01 6.1905e-01 9.7421e-01 8.0000e-01 5.4545e-01 4.4000e-01
9.0476e-01 7.6190e-01 8.4000e-01 2.5000e-01 5.0000e-01 9.7924e-01 2.5000e-01 4.0909e-01 1.5789e-01 6.2500e-01
3.2258e-02 1.1765e-01 8.7611e-01 6.3636e-01 1.7857e-01 3.7931e-01 0.0000e+00 5.8333e-01 1.6667e-01 4.1667e-01
7.3913e-01 4.5000e-01 1.2000e-01 1.4286e-01 3.1579e-01 1.8182e-01 9.6672e-01 6.8421e-01 3.5000e-01 6.0714e-01
8.3536e-01 5.9091e-01 2.4138e-01 2.4138e-01 4.4444e-01 5.0000e-01 4.0000e-01 2.3077e-01 4.5455e-01 6.9231e-01
3.3333e-01 9.6591e-01 9.6311e-01 1.7143e-01 3.7037e-02 4.1667e-01 5.5000e-01 8.2909e-01 5.2000e-01 0.0000e+00
2.4138e-01 3.6000e-01 1.6000e-01 6.8750e-01 5.3846e-01 2.0000e-01 2.3529e-01 5.7895e-01 7.3074e-01 6.6667e-01
4.3478e-02 9.9305e-01 2.5000e-01 4.7619e-02 1.2121e-01 3.6364e-01 7.6923e-02 5.4167e-01 5.0000e-01 6.2963e-01
