4.2000e+01 1.0000e+00 9.0000e+00 1.5000e+01 1.1000e+01 1.0000e+01 7.0000e+00 2.0000e+00 5.1000e+01 9.4870e+03
4.0000e+00 1.1000e+01 5.0000e+00 9.7260e+03 1.0000e+01 8.0000e+00 1.5000e+01 2.0000e+00 1.0000e+00 7.7000e+01
6.1200e+02 1.1000e+01 2.0000e+00 1.3000e+01 7.6980e+03 1.3000e+01 6.8000e+02 1.2000e+01 1.2000e+01 1.1000e+01
1.9000e+01 1.6000e+01 2.1000e+01 5.0000e+00 8.0000e+00 9.6720e+03 4.0000e+00 9.0000e+00 3.0000e+00 1.0000e+01
1.0000e+00 2.0000e+00 8.2030e+03 1.4000e+01 5.0000e+00 1.1000e+01 0.0000e+00 1.4000e+01 4.0000e+00 1.0000e+01
1.7000e+01 9.0000e+00 3.0000e+00 3.0000e+00 6.0000e+00 2.0000e+00 8.9170e+03 1.3000e+01 7.0000e+00 1.7000e+01
7.6770e+03 1.3000e+01 7.0000e+00 7.0000e+00 8.0000e+00 1.2000e+01 1.0000e+01 6.0000e+00 1.0000e+01 9.0000e+00
7.0000e+00 5.1000e+02 4.7000e+02 6.0000e+00 1.0000e+00 5.0000e+00 1.1000e+01 8.0720e+03 1.3000e+01 0.0000e+00
7.0000e+00 9.0000e+00 4.0000e+00 3.3000e+01 1.4000e+01 3.0000e+00 4.0000e+00 1.1000e+01 7.0480e+03 8.0000e+00
1.0000e+00 9.2940e+03 4.0000e+00 1.0000e+00 4.0000e+00 8.0000e+00 2.0000e+00 1.3000e+01 8.0000e+00 1.7000e+01
