6.2000e+01 2.5000e+01 1.9100e+02 9.4000e+01 2.0000e+01 8.0000e+00 3.3000e+01 1.2000e+01 6.0300e+03 5.9340e+03 8.1300e+02 6.0580e+03 7.4000e+01 4.7120e+03 4.4590e+03 9.0000e+01 6.6700e+02 1.0750e+03 1.0520e+03 9.3000e+01 2.4000e+01 6.1520e+03 2.7580e+03 5.8540e+03 3.0000e+01 4.9970e+03 1.0100e+02 5.9100e+02 4.1000e+01 4.9880e+03 3.4900e+02 1.9000e+01 4.5380e+03 6.0450e+03 1.8000e+01 4.4000e+01 1.3750e+03 8.3000e+01 1.0000e+01 1.5980e+03 1.8990e+03 1.5000e+01 6.0440e+03 5.8990e+03 1.8000e+01 4.4000e+01 3.3000e+01 1.5000e+01 2.3000e+01 7.1000e+01
1.2000e+01 1.4000e+01 2.6000e+01 7.0000e+00 9.0000e+00 1.6000e+01 9.0000e+00 2.1000e+01 0.0000e+00 0.0000e+00 7.0000e+00 0.0000e+00 1.2000e+01 8.0000e+00 5.7000e+01 1.6000e+01 1.8000e+01 7.0400e+02 4.9000e+01 4.4000e+01 1.2000e+01 0.0000e+00 1.7000e+01 0.0000e+00 1.9000e+01 1.6000e+01 1.5000e+01 5.1000e+01 9.0000e+00 1.7000e+01 1.2000e+01 3.9000e+01 1.6000e+01 0.0000e+00 1.4000e+01 2.2000e+01 1.8000e+01 9.0000e+00 1.0000e+01 1.0000e+01 9.0000e+00 1.1000e+01 0.0000e+00 0.0000e+00 1.0000e+01 2.9000e+01 1.2000e+01 7.0000e+00 1.0000e+01 1.3000e+01
3.4900e+02 4.7000e+01 5.7890e+03 2.0000e+01 1.3000e+01 5.0000e+01 5.9540e+03 4.4000e+01 0.0000e+00 0.0000e+00 4.7680e+03 0.0000e+00 1.0000e+01 1.0000e+01 9.7000e+01 1.1000e+01 1.2000e+01 3.1000e+01 2.4600e+02 4.0100e+02 1.2000e+01 0.0000e+00 4.8000e+01 0.0000e+00 6.2000e+01 2.5000e+01 8.3000e+01 7.2000e+01 2.1000e+03 1.0000e+01 1.9000e+01 5.9410e+03 1.0830e+03 0.0000e+00 7.0000e+00 5.4000e+01 9.0000e+00 5.1000e+01 9.0000e+00 8.1000e+01 1.1000e+01 1.2000e+01 0.0000e+00 0.0000e+00 3.1000e+01 2.0000e+01 1.4000e+01 6.0040e+03 2.8000e+01 4.2510e+03
9.0000e+00 1.2000e+01 0.0000e+00 9.0000e+00 9.0000e+00 2.8000e+01 0.0000e+00 1.2000e+01 0.0000e+00 0.0000e+00 1.2000e+01 0.0000e+00 7.0000e+00 5.2000e+01 1.1000e+01 1.1000e+01 9.0000e+00 2.0000e+02 4.3000e+01 4.1300e+02 9.4000e+01 0.0000e+00 3.9000e+01 0.0000e+00 1.1900e+02 9.3000e+01 1.6200e+02 1.9170e+03 2.1000e+01 2.3000e+01 3.3800e+02 0.0000e+00 3.8000e+01 0.0000e+00 6.2000e+01 3.9000e+01 1.6000e+01 2.6000e+01 9.3000e+01 1.4000e+01 2.4000e+01 5.9000e+01 0.0000e+00 0.0000e+00 2.9000e+01 4.9010e+03 1.8600e+02 0.0000e+00 4.3000e+01 2.0000e+01
4.5000e+01 5.3000e+01 0.0000e+00 2.1000e+01 7.2000e+01 5.2000e+01 0.0000e+00 1.2200e+02 0.0000e+00 0.0000e+00 7.3000e+01 0.0000e+00 1.7700e+02 1.3000e+01 7.1000e+01 3.7000e+01 3.4240e+03 2.6270e+03 6.5000e+01 1.9910e+03 5.8000e+01 0.0000e+00 7.0000e+00 0.0000e+00 2.8000e+01 1.6000e+01 7.3200e+02 2.6400e+02 3.0800e+02 1.7000e+01 2.9000e+01 0.0000e+00 4.0000e+01 0.0000e+00 7.8800e+02 6.9000e+01 8.0000e+01 5.4000e+01 3.3000e+01 1.0000e+01 2.3000e+01 5.1000e+01 0.0000e+00 0.0000e+00 1.8000e+01 3.9000e+01 6.3000e+01 0.0000e+00 1.3900e+02 1.2270e+03
5.5800e+03 5.9400e+03 0.0000e+00 3.4110e+03 1.3850e+03 3.6000e+01 0.0000e+00 1.8100e+03 0.0000e+00 0.0000e+00 9.3000e+01 0.0000e+00 5.8270e+03 7.1500e+02 1.4000e+02 1.1000e+01 1.9500e+02 3.4000e+01 4.1710e+03 3.2000e+01 5.2490e+03 0.0000e+00 3.1590e+03 0.0000e+00 5.6980e+03 7.7000e+01 4.9560e+03 1.5890e+03 2.5980e+03 1.2000e+01 5.2450e+03 0.0000e+00 4.6000e+01 0.0000e+00 4.8910e+03 5.6910e+03 3.3720e+03 5.6280e+03 5.6860e+03 4.3040e+03 3.7430e+03 5.7550e+03 0.0000e+00 0.0000e+00 6.0150e+03 3.5200e+02 5.1000e+01 0.0000e+00 4.7000e+01 5.2000e+01
0.0000e+00 0.0000e+00 0.0000e+00 5.3000e+01 4.2690e+03 1.5000e+01 0.0000e+00 3.9810e+03 0.0000e+00 0.0000e+00 1.2000e+01 0.0000e+00 0.0000e+00 2.3000e+01 2.7000e+01 5.8480e+03 1.4150e+03 3.1000e+01 1.1000e+01 8.0400e+02 1.8300e+02 0.0000e+00 0.0000e+00 0.0000e+00 0.0000e+00 1.5000e+01 0.0000e+00 5.8000e+02 9.5000e+01 1.9000e+01 0.0000e+00 0.0000e+00 1.7000e+01 0.0000e+00 0.0000e+00 0.0000e+00 2.1000e+01 7.0000e+00 5.9000e+01 0.0000e+00 1.3300e+02 2.1000e+01 0.0000e+00 0.0000e+00 0.0000e+00 1.6000e+01 1.6000e+01 0.0000e+00 5.2230e+03 8.0000e+00
0.0000e+00 0.0000e+00 0.0000e+00 1.0000e+01 9.3000e+01 1.3000e+01 0.0000e+00 0.0000e+00 0.0000e+00 0.0000e+00 9.0000e+00 0.0000e+00 0.0000e+00 2.8000e+02 3.2700e+02 9.3000e+01 7.3000e+01 3.7100e+02 1.4000e+01 1.8400e+02 2.1400e+02 0.0000e+00 0.0000e+00 0.0000e+00 0.0000e+00 2.8000e+01 0.0000e+00 1.2600e+02 3.5300e+02 1.9000e+01 0.0000e+00 0.0000e+00 9.5000e+01 0.0000e+00 0.0000e+00 0.0000e+00 7.0000e+00 3.5000e+01 3.4000e+01 0.0000e+00 1.5000e+01 1.5000e+01 0.0000e+00 0.0000e+00 0.0000e+00 2.8300e+02 9.3000e+01 0.0000e+00 3.5100e+02 1.5600e+02
0.0000e+00 0.0000e+00 0.0000e+00 2.4590e+03 1.1800e+02 5.3170e+03 0.0000e+00 0.0000e+00 0.0000e+00 0.0000e+00 1.5200e+02 0.0000e+00 0.0000e+00 1.0100e+02 6.9100e+02 4.8000e+01 1.0700e+02 6.6200e+02 2.4600e+02 1.2470e+03 3.6000e+01 0.0000e+00 0.0000e+00 0.0000e+00 0.0000e+00 1.5500e+02 0.0000e+00 8.6300e+02 4.5900e+02 7.4100e+02 0.0000e+00 0.0000e+00 1.8300e+02 0.0000e+00 0.0000e+00 0.0000e+00 1.0580e+03 7.5000e+01 1.4000e+01 0.0000e+00 7.5000e+01 2.4000e+01 0.0000e+00 0.0000e+00 0.0000e+00 3.0300e+02 5.3900e+03 0.0000e+00 9.1000e+01 1.1200e+02
0.0000e+00 0.0000e+00 0.0000e+00 7.0000e+00 9.0000e+00 3.9900e+02 0.0000e+00 0.0000e+00 0.0000e+00 0.0000e+00 2.4000e+01 0.0000e+00 0.0000e+00 2.1000e+01 1.1000e+01 1.3000e+01 1.0000e+02 2.3800e+02 5.5000e+01 7.9900e+02 1.2300e+02 0.0000e+00 0.0000e+00 0.0000e+00 0.0000e+00 3.9000e+02 0.0000e+00 1.1700e+02 4.8000e+01 3.7000e+01 0.0000e+00 0.0000e+00 1.0000e+01 0.0000e+00 0.0000e+00 0.0000e+00 1.1000e+01 1.8000e+01 8.5000e+01 0.0000e+00 5.2000e+01 2.6000e+01 0.0000e+00 0.0000e+00 0.0000e+00 4.1000e+01 8.9000e+01 0.0000e+00 4.3000e+01 8.6000e+01
