4.2000e+01 1.2000e+01 1.5600e+02 6.9000e+01 8.0000e+00 0.0000e+00 1.8000e+01 3.0000e+00 5.8990e+03 5.9210e+03 7.2500e+02 5.8780e+03 5.2000e+01 4.2290e+03 3.3680e+03 4.6000e+01 4.9700e+02 5.1300e+02 7.1500e+02 3.5000e+01 1.1000e+01 5.9580e+03 2.6260e+03 5.8160e+03 1.6000e+01 4.5860e+03 7.5000e+01 3.4400e+02 2.3000e+01 4.3900e+03 3.0200e+02 8.0000e+00 3.9830e+03 5.9730e+03 7.0000e+00 2.7000e+01 1.2210e+03 6.0000e+01 2.0000e+00 1.4970e+03 1.7630e+03 5.0000e+00 5.8550e+03 5.7980e+03 7.0000e+00 1.9000e+01 1.3000e+01 5.0000e+00 7.0000e+00 4.5000e+01
3.0000e+00 4.0000e+00 1.3000e+01 0.0000e+00 1.0000e+00 5.0000e+00 1.0000e+00 9.0000e+00 0.0000e+00 0.0000e+00 0.0000e+00 0.0000e+00 3.0000e+00 0.0000e+00 2.6000e+01 2.0000e+00 4.0000e+00 3.2300e+02 1.9000e+01 1.1000e+01 3.0000e+00 0.0000e+00 6.0000e+00 0.0000e+00 8.0000e+00 5.0000e+00 5.0000e+00 1.7000e+01 1.0000e+00 5.0000e+00 3.0000e+00 2.3000e+01 4.0000e+00 0.0000e+00 4.0000e+00 1.0000e+01 6.0000e+00 1.0000e+00 2.0000e+00 2.0000e+00 1.0000e+00 2.0000e+00 0.0000e+00 0.0000e+00 2.0000e+00 1.0000e+01 1.0000e+00 0.0000e+00 0.0000e+00 3.0000e+00
3.0200e+02 2.9000e+01 5.7580e+03 8.0000e+00 3.0000e+00 2.9000e+01 5.9540e+03 2.7000e+01 0.0000e+00 0.0000e+00 4.5050e+03 0.0000e+00 2.0000e+00 1.0000e+00 5.2000e+01 0.0000e+00 1.0000e+00 3.0000e+00 1.4700e+02 2.0500e+02 3.0000e+00 0.0000e+00 3.0000e+01 0.0000e+00 4.2000e+01 1.1000e+01 6.0000e+01 2.8000e+01 1.8920e+03 1.0000e+00 8.0000e+00 5.9410e+03 9.0800e+02 0.0000e+00 0.0000e+00 3.5000e+01 1.0000e+00 3.3000e+01 1.0000e+00 5.8000e+01 2.0000e+00 3.0000e+00 0.0000e+00 0.0000e+00 1.7000e+01 5.0000e+00 2.0000e+00 5.9130e+03 1.0000e+01 3.8290e+03
1.0000e+00 3.0000e+00 0.0000e+00 1.0000e+00 1.0000e+00 1.3000e+01 0.0000e+00 3.0000e+00 0.0000e+00 0.0000e+00 3.0000e+00 0.0000e+00 0.0000e+00 3.0000e+01 0.0000e+00 0.0000e+00 0.0000e+00 7.5000e+01 1.6000e+01 2.1200e+02 6.9000e+01 0.0000e+00 2.3000e+01 0.0000e+00 9.1000e+01 6.4000e+01 1.3000e+02 1.2040e+03 8.0000e+00 9.0000e+00 2.9100e+02 0.0000e+00 1.9000e+01 0.0000e+00 4.2000e+01 2.3000e+01 5.0000e+00 1.3000e+01 6.8000e+01 4.0000e+00 1.1000e+01 3.9000e+01 0.0000e+00 0.0000e+00 1.5000e+01 3.8370e+03 1.2200e+02 0.0000e+00 1.9000e+01 7.0000e+00
2.8000e+01 3.4000e+01 0.0000e+00 9.0000e+00 4.8000e+01 3.1000e+01 0.0000e+00 9.4000e+01 0.0000e+00 0.0000e+00 5.0000e+01 0.0000e+00 1.4300e+02 3.0000e+00 3.5000e+01 1.3000e+01 2.7400e+03 1.3310e+03 2.9000e+01 1.1570e+03 3.8000e+01 0.0000e+00 0.0000e+00 0.0000e+00 1.4000e+01 5.0000e+00 6.6400e+02 1.4000e+02 2.5000e+02 5.0000e+00 1.5000e+01 0.0000e+00 2.0000e+01 0.0000e+00 7.1700e+02 4.8000e+01 5.4000e+01 3.5000e+01 1.8000e+01 2.0000e+00 1.0000e+01 3.2000e+01 0.0000e+00 0.0000e+00 7.0000e+00 1.6000e+01 3.3000e+01 0.0000e+00 8.6000e+01 1.0630e+03
5.5620e+03 5.9400e+03 0.0000e+00 3.2490e+03 1.2440e+03 1.9000e+01 0.0000e+00 1.7030e+03 0.0000e+00 0.0000e+00 6.7000e+01 0.0000e+00 5.6420e+03 6.0200e+02 8.1000e+01 0.0000e+00 1.2900e+02 4.0000e+00 3.0010e+03 6.0000e+00 5.0440e+03 0.0000e+00 3.1450e+03 0.0000e+00 5.6980e+03 5.1000e+01 4.8110e+03 9.8900e+02 2.3540e+03 2.0000e+00 5.1600e+03 0.0000e+00 2.5000e+01 0.0000e+00 4.7680e+03 5.5330e+03 3.0770e+03 5.4390e+03 5.4640e+03 4.2820e+03 3.5360e+03 5.5280e+03 0.0000e+00 0.0000e+00 5.9470e+03 2.4100e+02 2.5000e+01 0.0000e+00 2.2000e+01 3.0000e+01
0.0000e+00 0.0000e+00 0.0000e+00 3.4000e+01 3.9600e+03 4.0000e+00 0.0000e+00 3.8390e+03 0.0000e+00 0.0000e+00 3.0000e+00 0.0000e+00 0.0000e+00 9.0000e+00 8.0000e+00 4.3710e+03 1.0970e+03 3.0000e+00 0.0000e+00 4.4100e+02 1.4800e+02 0.0000e+00 0.0000e+00 0.0000e+00 0.0000e+00 4.0000e+00 0.0000e+00 3.3700e+02 6.6000e+01 6.0000e+00 0.0000e+00 0.0000e+00 5.0000e+00 0.0000e+00 0.0000e+00 0.0000e+00 8.0000e+00 0.0000e+00 3.9000e+01 0.0000e+00 1.0200e+02 9.0000e+00 0.0000e+00 0.0000e+00 0.0000e+00 3.0000e+00 3.0000e+00 0.0000e+00 4.1830e+03 0.0000e+00
0.0000e+00 0.0000e+00 0.0000e+00 2.0000e+00 6.5000e+01 3.0000e+00 0.0000e+00 0.0000e+00 0.0000e+00 0.0000e+00 1.0000e+00 0.0000e+00 0.0000e+00 2.1900e+02 2.1300e+02 4.8000e+01 4.0000e+01 1.5700e+02 1.0000e+00 8.3000e+01 1.7600e+02 0.0000e+00 0.0000e+00 0.0000e+00 0.0000e+00 1.3000e+01 0.0000e+00 5.8000e+01 2.9000e+02 6.0000e+00 0.0000e+00 0.0000e+00 6.2000e+01 0.0000e+00 0.0000e+00 0.0000e+00 0.0000e+00 2.0000e+01 1.9000e+01 0.0000e+00 5.0000e+00 5.0000e+00 0.0000e+00 0.0000e+00 0.0000e+00 1.8900e+02 5.4000e+01 0.0000e+00 2.4600e+02 1.1500e+02
0.0000e+00 0.0000e+00 0.0000e+00 2.3230e+03 8.6000e+01 4.8600e+03 0.0000e+00 0.0000e+00 0.0000e+00 0.0000e+00 1.1800e+02 0.0000e+00 0.0000e+00 6.9000e+01 4.8100e+02 2.0000e+01 6.4000e+01 3.0200e+02 1.4700e+02 7.0600e+02 2.0000e+01 0.0000e+00 0.0000e+00 0.0000e+00 0.0000e+00 1.1600e+02 0.0000e+00 5.1900e+02 3.8400e+02 6.1000e+02 0.0000e+00 0.0000e+00 1.3300e+02 0.0000e+00 0.0000e+00 0.0000e+00 9.3100e+02 5.3000e+01 4.0000e+00 0.0000e+00 5.2000e+01 1.1000e+01 0.0000e+00 0.0000e+00 0.0000e+00 2.0400e+02 4.3590e+03 0.0000e+00 5.2000e+01 7.8000e+01
0.0000e+00 0.0000e+00 0.0000e+00 0.0000e+00 1.0000e+00 3.2800e+02 0.0000e+00 0.0000e+00 0.0000e+00 0.0000e+00 1.1000e+01 0.0000e+00 0.0000e+00 8.0000e+00 0.0000e+00 1.0000e+00 5.9000e+01 9.3000e+01 2.3000e+01 4.3800e+02 9.4000e+01 0.0000e+00 0.0000e+00 0.0000e+00 0.0000e+00 3.2100e+02 0.0000e+00 5.3000e+01 2.8000e+01 1.8000e+01 0.0000e+00 0.0000e+00 1.0000e+00 0.0000e+00 0.0000e+00 0.0000e+00 2.0000e+00 7.0000e+00 6.1000e+01 0.0000e+00 3.3000e+01 1.3000e+01 0.0000e+00 0.0000e+00 0.0000e+00 1.7000e+01 5.1000e+01 0.0000e+00 1.9000e+01 5.7000e+01
