8.6640e-01 1.2976e-01 2.3892e-01 7.4727e-01 5.4057e-01 5.2568e-01 3.4873e-01 1.9243e-01 9.0566e-01 9.6610e-01
1.4538e-01 5.8454e-01 2.2786e-01 1.0000e+00 5.4499e-01 2.9448e-01 7.6703e-01 6.1430e-02 9.2593e-02 9.6928e-01
9.6816e-01 4.2315e-01 6.0664e-02 6.1101e-01 8.0648e-01 5.8410e-01 9.7846e-01 7.7725e-01 5.6780e-01 4.8426e-01
7.7152e-01 7.7855e-01 7.7994e-01 5.3870e-01 7.0424e-01 9.8359e-01 1.5127e-01 4.5065e-01 3.5685e-01 7.9560e-01
3.9487e-03 1.5565e-01 8.5925e-01 6.9670e-01 2.9924e-01 2.8984e-01 5.8989e-02 5.6775e-01 1.5512e-01 3.4420e-01
7.0654e-01 4.0430e-01 1.1685e-01 1.3604e-01 4.8610e-01 3.9981e-01 9.5469e-01 7.5133e-01 2.0020e-01 5.9095e-01
8.2235e-01 4.2927e-01 2.8852e-01 3.0792e-01 6.5088e-01 5.3649e-01 5.1039e-01 2.2956e-01 4.8882e-01 5.8829e-01
5.1255e-01 9.7115e-01 9.5050e-01 2.7459e-01 1.6346e-02 4.1092e-01 5.9252e-01 8.1518e-01 5.0198e-01 1.1940e-02
2.5941e-01 4.6006e-01 1.4300e-01 7.7523e-01 5.0252e-01 6.0207e-02 4.2034e-01 5.3611e-01 7.2921e-01 4.4076e-01
3.4021e-02 9.9419e-01 2.2708e-01 1.8264e-01 1.1553e-01 2.6761e-01 2.0157e-01 4.7804e-01 4.3461e-01 5.7884e-01
