8.5185e-01 0.0000e+00 0.0000e+00 7.9104e-01 5.3247e-01 4.7619e-01 2.7273e-01 1.5385e-01 9.0825e-01 9.7240e-01
3.7500e-01 4.7619e-01 2.5000e-01 9.9848e-01 5.3750e-01 2.7273e-01 7.6190e-01 0.0000e+00 1.1111e-01 9.7220e-01
9.7477e-01 5.8333e-01 0.0000e+00 1.0000e+00 7.8115e-01 4.5000e-01 9.7258e-01 7.5323e-01 5.3846e-01 1.0000e+00
7.7778e-01 7.6636e-01 7.9775e-01 1.0000e+00 7.0515e-01 9.7842e-01 0.0000e+00 2.0000e-01 4.1667e-01 1.0000e+00
1.2500e-01 0.0000e+00 8.8235e-01 1.0000e+00 3.0435e-01 1.0000e+00 0.0000e+00 6.3115e-01 0.0000e+00 1.0000e+00
5.7143e-01 3.0769e-01 2.5000e-01 1.0000e+00 4.7170e-01 1.0000e+00 9.6804e-01 7.0567e-01 0.0000e+00 1.0000e+00
8.2927e-01 5.4839e-01 1.2500e-01 1.0000e+00 6.3452e-01 1.0000e+00 1.0000e+00 2.0000e-01 5.0000e-01 1.0000e+00
5.5172e-01 9.7221e-01 9.5573e-01 1.0000e+00 0.0000e+00 1.0000e+00 1.0000e+00 8.2430e-01 4.8276e-01 1.0000e+00
0.0000e+00 3.5714e-01 1.2500e-01 1.0000e+00 4.9153e-01 1.0000e+00 1.0000e+00 5.4688e-01 7.8491e-01 1.0000e+00
0.0000e+00 9.9739e-01 0.0000e+00 1.0000e+00 0.0000e+00 1.0000e+00 1.0000e+00 5.9341e-01 4.6154e-01 1.0000e+00
