2.9000e+01 2.6000e+01 2.9000e+01 2.0000e+01 1.9000e+01 2.3000e+01 2.5000e+01 2.2000e+01 3.3000e+01 9.5680e+03
1.2000e+01 2.1000e+01 1.8000e+01 9.3830e+03 4.2000e+01 2.3000e+01 2.8000e+01 2.6000e+01 1.5000e+01 8.2000e+01
5.4600e+02 1.8000e+01 2.4000e+01 3.3000e+01 9.8580e+03 1.3000e+01 7.9100e+02 2.3000e+01 2.3000e+01 3.5000e+01
2.7000e+01 2.1000e+01 2.5000e+01 2.2000e+01 2.1000e+01 9.7890e+03 2.4000e+01 1.8000e+01 2.2000e+01 3.0000e+01
1.8000e+01 2.5000e+01 9.3000e+03 1.5000e+01 2.2000e+01 1.4000e+01 2.2000e+01 1.6000e+01 1.6000e+01 2.7000e+01
2.8000e+01 2.4000e+01 1.8000e+01 2.4000e+01 2.2000e+01 2.8000e+01 9.2890e+03 2.2000e+01 2.6000e+01 2.1000e+01
9.2480e+03 2.5000e+01 2.5000e+01 2.7000e+01 2.7000e+01 2.0000e+01 1.5000e+01 1.6000e+01 3.1000e+01 1.6000e+01
1.5000e+01 4.8300e+02 5.4700e+02 1.6000e+01 2.1000e+01 2.0000e+01 1.5000e+01 9.6930e+03 2.0000e+01 2.3000e+01
1.4000e+01 2.0000e+01 1.8000e+01 5.5200e+02 2.5000e+01 2.1000e+01 2.3000e+01 2.5000e+01 9.8040e+03 1.6000e+01
2.1000e+01 9.2310e+03 1.8000e+01 1.9000e+01 1.8000e+01 1.4000e+01 1.9000e+01 1.4000e+01 2.0000e+01 2.1000e+01
