9.7800e+02 1.0250e+03 9.6900e+02 1.0010e+03 1.0280e+03 1.0150e+03 1.0180e+03 9.5100e+02 1.0290e+03 9.8200e+02
1.0140e+03 9.9100e+02 9.7600e+02 1.0200e+03 1.0430e+03 1.0090e+03 1.0140e+03 9.8600e+02 1.0310e+03 1.0190e+03
1.0400e+03 1.0550e+03 1.0210e+03 9.9500e+02 1.0080e+03 1.0200e+03 1.0490e+03 9.4600e+02 1.0050e+03 9.5900e+02
9.8300e+02 9.6300e+02 9.9100e+02 9.4300e+02 9.7100e+02 9.6100e+02 1.0280e+03 9.5000e+02 1.0330e+03 1.0420e+03
1.0250e+03 9.8200e+02 9.5200e+02 9.7200e+02 9.7600e+02 9.7100e+02 9.9700e+02 9.7000e+02 1.0300e+03 1.0330e+03
1.0090e+03 9.5900e+02 9.5800e+02 1.0000e+03 9.9100e+02 9.8000e+02 9.8900e+02 1.0490e+03 9.3200e+02 1.0060e+03
1.0530e+03 1.0270e+03 1.0050e+03 1.0490e+03 1.0320e+03 1.0070e+03 9.6700e+02 1.0520e+03 9.5500e+02 9.7000e+02
1.0260e+03 1.0330e+03 1.0270e+03 9.7400e+02 9.7200e+02 1.0710e+03 9.9800e+02 9.6200e+02 1.0160e+03 1.0310e+03
9.4700e+02 9.8300e+02 9.6400e+02 9.3100e+02 1.0150e+03 1.0760e+03 1.0200e+03 9.8400e+02 9.3500e+02 1.0040e+03
9.9300e+02 9.8600e+02 9.2800e+02 1.0280e+03 1.0740e+03 1.0190e+03 1.0120e+03 1.0130e+03 9.7300e+02 1.0450e+03
