8.4791e-01 1.2500e-01 3.7500e-01 7.7869e-01 5.8678e-01 5.1852e-01 0.0000e+00 2.0000e-01 9.0348e-01 9.7221e-01
2.7273e-01 4.5000e-01 3.7500e-01 9.9771e-01 5.0000e-01 5.0000e-01 7.6000e-01 1.5385e-01 0.0000e+00 9.6790e-01
9.7361e-01 0.0000e+00 0.0000e+00 1.0000e+00 7.8516e-01 4.1176e-01 9.6887e-01 7.4955e-01 6.3235e-01 1.0000e+00
7.6991e-01 7.3810e-01 7.4545e-01 1.0000e+00 7.2575e-01 9.7591e-01 2.7273e-01 4.1935e-01 0.0000e+00 1.0000e+00
0.0000e+00 0.0000e+00 8.5131e-01 1.0000e+00 3.2000e-01 1.2500e-01 1.2500e-01 5.3333e-01 0.0000e+00 1.0000e+00
7.0149e-01 2.0000e-01 2.0000e-01 1.0000e+00 5.4217e-01 4.7619e-01 9.6459e-01 7.6537e-01 3.8095e-01 1.0000e+00
8.0263e-01 2.0000e-01 0.0000e+00 1.0000e+00 5.5172e-01 3.5714e-01 1.0000e+00 3.0000e-01 4.0909e-01 1.0000e+00
4.2105e-01 9.6853e-01 9.5775e-01 1.0000e+00 0.0000e+00 5.1852e-01 1.0000e+00 8.2550e-01 4.0909e-01 1.0000e+00
2.0000e-01 3.5714e-01 0.0000e+00 1.0000e+00 4.4186e-01 1.2500e-01 1.0000e+00 4.2857e-01 7.0732e-01 1.0000e+00
0.0000e+00 9.9388e-01 0.0000e+00 1.0000e+00 8.3333e-02 1.2500e-01 1.0000e+00 3.9286e-01 4.4000e-01 1.0000e+00
