5.1000e+01 8.0000e+00 8.0000e+00 5.2000e+01 5.2000e+01 1.7000e+01 1.9000e+01 1.3000e+01 5.6370e+03 4.3270e+03
5.0000e+00 1.1000e+01 6.0000e+00 4.1660e+03 8.9000e+01 9.0000e+00 2.5000e+01 7.0000e+00 7.0000e+00 5.4170e+03
1.6680e+03 1.1000e+01 4.0000e+00 2.8000e+01 7.6230e+03 1.0200e+02 9.1900e+02 7.2800e+02 3.9000e+01 2.8000e+01
1.6000e+01 1.7000e+01 2.1000e+01 4.0000e+00 3.3800e+02 9.7040e+03 6.0000e+00 2.2000e+01 1.7000e+01 7.0000e+00
8.0000e+00 1.0000e+01 8.9970e+03 1.0400e+02 4.7000e+01 2.6000e+01 8.0000e+00 1.1200e+02 1.2000e+01 2.7000e+01
2.7000e+01 1.1000e+01 6.0000e+00 1.2000e+01 4.9000e+01 1.5000e+01 8.8470e+03 4.9000e+02 1.2000e+01 3.3000e+01
8.0290e+03 2.3000e+01 1.4000e+01 3.5000e+01 1.5710e+03 6.5000e+01 4.8000e+01 1.6000e+01 2.5000e+01 9.9000e+01
1.5000e+01 1.1440e+03 8.4800e+02 1.1000e+01 1.0000e+01 5.0000e+01 4.5000e+01 8.3540e+03 2.5000e+01 9.0000e+00
1.5000e+01 3.3000e+01 1.5000e+01 5.7700e+03 1.5000e+02 1.2000e+01 4.3000e+01 1.2400e+02 4.2150e+03 2.3000e+01
1.0000e+01 8.8910e+03 1.4000e+01 9.0000e+00 1.2000e+01 1.3000e+01 6.0000e+00 4.5000e+01 3.6000e+01 4.7000e+01
