4.6000e+01 2.0000e+00 2.0000e+00 3.4000e+01 2.6000e+01 6.0000e+00 1.0000e+01 3.0000e+00 5.1120e+03 4.2040e+03
0.0000e+00 4.0000e+00 1.0000e+00 4.1610e+03 5.2000e+01 1.0000e+00 1.4000e+01 0.0000e+00 0.0000e+00 5.2360e+03
1.6330e+03 5.0000e+00 0.0000e+00 1.4000e+01 5.9450e+03 7.0000e+01 8.9600e+02 5.7000e+02 2.0000e+01 1.4000e+01
1.2000e+01 1.4000e+01 1.7000e+01 2.0000e+00 2.4600e+02 9.4770e+03 1.0000e+00 9.0000e+00 6.0000e+00 6.0000e+00
0.0000e+00 1.0000e+00 7.9340e+03 6.4000e+01 1.7000e+01 9.0000e+00 0.0000e+00 6.1000e+01 1.0000e+00 1.0000e+01
1.4000e+01 4.0000e+00 1.0000e+00 3.0000e+00 2.2000e+01 4.0000e+00 8.5460e+03 3.7000e+02 2.0000e+00 1.7000e+01
6.6620e+03 8.0000e+00 3.0000e+00 1.4000e+01 9.8900e+02 3.2000e+01 2.4000e+01 2.0000e+00 7.0000e+00 5.7000e+01
5.0000e+00 1.1190e+03 8.1100e+02 2.0000e+00 0.0000e+00 2.8000e+01 2.7000e+01 6.9480e+03 1.0000e+01 1.0000e+00
3.0000e+00 1.4000e+01 3.0000e+00 4.4720e+03 7.2000e+01 1.0000e+00 2.0000e+01 6.4000e+01 3.0420e+03 7.0000e+00
2.0000e+00 8.8330e+03 5.0000e+00 1.0000e+00 1.0000e+00 3.0000e+00 0.0000e+00 2.2000e+01 1.7000e+01 2.7000e+01
