3.1800e+02 6.0000e+00 6.0000e+00 9.0000e+01 4.7000e+01 3.9000e+01 1.0000e+01 1.1000e+01 9.7130e+03 8.1660e+03
8.0000e+00 8.0000e+00 1.2000e+01 9.9610e+03 1.1100e+02 8.0000e+00 1.3300e+02 1.1000e+01 7.0000e+00 1.7350e+03
9.3060e+03 1.3000e+01 6.0000e+00 0.0000e+00 9.1290e+03 6.2000e+01 8.3620e+03 7.2100e+02 2.8000e+01 0.0000e+00
1.3900e+02 1.4600e+02 1.7100e+02 0.0000e+00 3.1300e+02 9.8200e+03 8.0000e+00 3.3000e+01 1.1000e+01 0.0000e+00
6.0000e+00 8.0000e+00 3.5200e+02 0.0000e+00 2.0000e+01 0.0000e+00 6.0000e+00 4.6000e+01 1.8000e+01 0.0000e+00
2.9000e+01 2.0000e+01 8.0000e+00 0.0000e+00 4.0000e+01 0.0000e+00 1.5490e+03 7.0900e+02 7.0000e+00 0.0000e+00
1.4200e+02 1.4000e+01 1.8000e+01 0.0000e+00 1.5700e+02 0.0000e+00 0.0000e+00 1.4000e+01 3.6000e+01 0.0000e+00
4.7000e+01 6.1900e+03 9.4980e+03 0.0000e+00 1.2000e+01 0.0000e+00 0.0000e+00 8.3440e+03 3.5000e+01 0.0000e+00
8.0000e+00 2.5000e+01 6.0000e+00 0.0000e+00 1.0400e+02 0.0000e+00 0.0000e+00 6.4000e+01 1.4800e+02 0.0000e+00
8.0000e+00 3.5620e+03 8.0000e+00 0.0000e+00 1.2000e+01 0.0000e+00 0.0000e+00 4.9000e+01 1.3000e+01 0.0000e+00
