0.0000e+00 0.0000e+00 3.3333e-01 5.0000e-01 0.0000e+00 5.0000e-01 9.0436e-01 0.0000e+00 3.3333e-01 0.0000e+00 5.0000e-01 3.3333e-01 0.0000e+00 0.0000e+00 5.0000e-01 6.6667e-01 0.0000e+00 0.0000e+00 0.0000e+00 0.0000e+00 3.8636e-01 6.0000e-01 0.0000e+00 5.0000e-01 0.0000e+00 0.0000e+00 5.0000e-01 0.0000e+00 0.0000e+00 7.0000e-01 3.3333e-01 0.0000e+00 0.0000e+00 0.0000e+00 0.0000e+00 0.0000e+00 3.3333e-01 5.0000e-01 8.8636e-01 0.0000e+00 0.0000e+00 0.0000e+00 7.5000e-01 0.0000e+00 0.0000e+00 0.0000e+00 5.0000e-01 6.6667e-01 0.0000e+00 0.0000e+00
0.0000e+00 0.0000e+00 0.0000e+00 5.0000e-01 0.0000e+00 0.0000e+00 0.0000e+00 0.0000e+00 0.0000e+00 5.0000e-01 0.0000e+00 0.0000e+00 0.0000e+00 0.0000e+00 0.0000e+00 8.5714e-01 6.1885e-01 0.0000e+00 0.0000e+00 0.0000e+00 0.0000e+00 0.0000e+00 0.0000e+00 0.0000e+00 0.0000e+00 5.0000e-01 5.0000e-01 4.0000e-01 0.0000e+00 0.0000e+00 0.0000e+00 8.9344e-01 5.0000e-01 0.0000e+00 1.0000e+00 5.0000e-01 0.0000e+00 6.6667e-01 1.0000e+00 5.0000e-01 0.0000e+00 3.3333e-01 6.6667e-01 0.0000e+00 8.2759e-01 0.0000e+00 0.0000e+00 5.0000e-01 0.0000e+00 0.0000e+00
5.0000e-01 0.0000e+00 0.0000e+00 0.0000e+00 0.0000e+00 0.0000e+00 5.0000e-01 2.5000e-01 0.0000e+00 0.0000e+00 4.0000e-01 0.0000e+00 0.0000e+00 2.5000e-01 0.0000e+00 0.0000e+00 0.0000e+00 0.0000e+00 0.0000e+00 0.0000e+00 0.0000e+00 4.0000e-01 0.0000e+00 0.0000e+00 0.0000e+00 0.0000e+00 0.0000e+00 0.0000e+00 0.0000e+00 5.0000e-01 0.0000e+00 0.0000e+00 0.0000e+00 0.0000e+00 0.0000e+00 0.0000e+00 0.0000e+00 0.0000e+00 6.8905e-01 0.0000e+00 0.0000e+00 0.0000e+00 5.8968e-01 0.0000e+00 4.6154e-01 0.0000e+00 0.0000e+00 0.0000e+00 0.0000e+00 0.0000e+00
3.3333e-01 0.0000e+00 0.0000e+00 0.0000e+00 0.0000e+00 0.0000e+00 5.0000e-01 0.0000e+00 0.0000e+00 0.0000e+00 0.0000e+00 0.0000e+00 0.0000e+00 0.0000e+00 0.0000e+00 0.0000e+00 0.0000e+00 0.0000e+00 0.0000e+00 0.0000e+00 0.0000e+00 0.0000e+00 0.0000e+00 3.3333e-01 0.0000e+00 0.0000e+00 0.0000e+00 0.0000e+00 0.0000e+00 0.0000e+00 0.0000e+00 0.0000e+00 0.0000e+00 4.0000e-01 0.0000e+00 0.0000e+00 0.0000e+00 0.0000e+00 5.0000e-01 5.0000e-01 0.0000e+00 0.0000e+00 4.2222e-01 0.0000e+00 0.0000e+00 0.0000e+00 0.0000e+00 3.3333e-01 0.0000e+00 0.0000e+00
5.0000e-01 0.0000e+00 0.0000e+00 0.0000e+00 3.3333e-01 5.0000e-01 1.0000e+00 0.0000e+00 0.0000e+00 0.0000e+00 5.0000e-01 5.0000e-01 0.0000e+00 0.0000e+00 0.0000e+00 0.0000e+00 0.0000e+00 0.0000e+00 3.3333e-01 0.0000e+00 0.0000e+00 5.0000e-01 3.3333e-01 0.0000e+00 0.0000e+00 0.0000e+00 0.0000e+00 3.3333e-01 7.8727e-01 0.0000e+00 0.0000e+00 0.0000e+00 0.0000e+00 0.0000e+00 5.0000e-01 0.0000e+00 0.0000e+00 0.0000e+00 1.0000e+00 0.0000e+00 0.0000e+00 4.4444e-01 0.0000e+00 0.0000e+00 0.0000e+00 0.0000e+00 5.0000e-01 0.0000e+00 0.0000e+00 5.0000e-01
0.0000e+00 0.0000e+00 0.0000e+00 0.0000e+00 0.0000e+00 0.0000e+00 0.0000e+00 0.0000e+00 3.0769e-01 0.0000e+00 0.0000e+00 0.0000e+00 0.0000e+00 0.0000e+00 0.0000e+00 0.0000e+00 0.0000e+00 0.0000e+00 0.0000e+00 0.0000e+00 0.0000e+00 0.0000e+00 0.0000e+00 0.0000e+00 0.0000e+00 0.0000e+00 0.0000e+00 0.0000e+00 5.0000e-01 0.0000e+00 0.0000e+00 0.0000e+00 0.0000e+00 0.0000e+00 0.0000e+00 0.0000e+00 0.0000e+00 0.0000e+00 0.0000e+00 8.1091e-01 0.0000e+00 0.0000e+00 0.0000e+00 0.0000e+00 0.0000e+00 0.0000e+00 0.0000e+00 0.0000e+00 0.0000e+00 0.0000e+00
4.2857e-01 0.0000e+00 0.0000e+00 0.0000e+00 0.0000e+00 3.2456e-01 0.0000e+00 0.0000e+00 0.0000e+00 0.0000e+00 0.0000e+00 0.0000e+00 0.0000e+00 0.0000e+00 0.0000e+00 0.0000e+00 0.0000e+00 0.0000e+00 0.0000e+00 0.0000e+00 0.0000e+00 0.0000e+00 0.0000e+00 0.0000e+00 0.0000e+00 0.0000e+00 0.0000e+00 0.0000e+00 0.0000e+00 0.0000e+00 0.0000e+00 0.0000e+00 0.0000e+00 3.3333e-01 0.0000e+00 0.0000e+00 0.0000e+00 0.0000e+00 0.0000e+00 0.0000e+00 0.0000e+00 0.0000e+00 0.0000e+00 0.0000e+00 0.0000e+00 0.0000e+00 0.0000e+00 0.0000e+00 0.0000e+00 0.0000e+00
0.0000e+00 0.0000e+00 2.8571e-01 0.0000e+00 0.0000e+00 0.0000e+00 0.0000e+00 0.0000e+00 0.0000e+00 0.0000e+00 0.0000e+00 0.0000e+00 0.0000e+00 0.0000e+00 0.0000e+00 0.0000e+00 0.0000e+00 0.0000e+00 0.0000e+00 2.5000e-01 0.0000e+00 0.0000e+00 0.0000e+00 0.0000e+00 0.0000e+00 0.0000e+00 0.0000e+00 0.0000e+00 0.0000e+00 3.8095e-01 0.0000e+00 0.0000e+00 0.0000e+00 0.0000e+00 0.0000e+00 0.0000e+00 0.0000e+00 0.0000e+00 5.0000e-01 0.0000e+00 0.0000e+00 0.0000e+00 0.0000e+00 0.0000e+00 0.0000e+00 0.0000e+00 0.0000e+00 0.0000e+00 0.0000e+00 0.0000e+00
3.7500e-01 2.5000e-01 0.0000e+00 0.0000e+00 0.0000e+00 0.0000e+00 0.0000e+00 0.0000e+00 0.0000e+00 0.0000e+00 0.0000e+00 0.0000e+00 0.0000e+00 0.0000e+00 0.0000e+00 0.0000e+00 0.0000e+00 0.0000e+00 0.0000e+00 0.0000e+00 0.0000e+00 3.3333e-01 0.0000e+00 3.3333e-01 0.0000e+00 0.0000e+00 0.0000e+00 2.3013e-01 0.0000e+00 4.0000e-01 0.0000e+00 0.0000e+00 0.0000e+00 0.0000e+00 4.0000e-01 0.0000e+00 2.0000e-01 0.0000e+00 0.0000e+00 0.0000e+00 0.0000e+00 0.0000e+00 0.0000e+00 0.0000e+00 3.3333e-01 0.0000e+00 0.0000e+00 0.0000e+00 0.0000e+00 0.0000e+00
4.2857e-01 0.0000e+00 0.0000e+00 3.7037e-01 0.0000e+00 2.5000e-01 5.0000e-01 2.5000e-01 0.0000e+00 0.0000e+00 0.0000e+00 0.0000e+00 0.0000e+00 0.0000e+00 0.0000e+00 0.0000e+00 0.0000e+00 0.0000e+00 0.0000e+00 0.0000e+00 0.0000e+00 3.3333e-01 0.0000e+00 0.0000e+00 0.0000e+00 0.0000e+00 0.0000e+00 0.0000e+00 0.0000e+00 0.0000e+00 0.0000e+00 0.0000e+00 0.0000e+00 0.0000e+00 4.2857e-01 0.0000e+00 0.0000e+00 0.0000e+00 0.0000e+00 5.0000e-01 0.0000e+00 0.0000e+00 0.0000e+00 0.0000e+00 0.0000e+00 3.3333e-01 2.7273e-01 0.0000e+00 0.0000e+00 2.7273e-01
9.0909e-01 0.0000e+00 5.7143e-01 8.8235e-01 5.0000e-01 0.0000e+00 1.0000e+00 0.0000e+00 0.0000e+00 0.0000e+00 0.0000e+00 0.0000e+00 0.0000e+00 0.0000e+00 8.7500e-01 0.0000e+00 0.0000e+00 5.5556e-01 5.0000e-01 0.0000e+00 0.0000e+00 7.5000e-01 0.0000e+00 8.7935e-01 0.0000e+00 0.0000e+00 0.0000e+00 0.0000e+00 0.0000e+00 0.0000e+00 7.0570e-01 1.0000e+00 0.0000e+00 0.0000e+00 5.0000e-01 0.0000e+00 5.0000e-01 0.0000e+00 1.0000e+00 1.0000e+00 0.0000e+00 0.0000e+00 0.0000e+00 5.1351e-01 1.0000e+00 7.9310e-01 6.6667e-01 5.0000e-01 0.0000e+00 0.0000e+00
0.0000e+00 0.0000e+00 0.0000e+00 0.0000e+00 0.0000e+00 3.3333e-01 0.0000e+00 0.0000e+00 0.0000e+00 0.0000e+00 0.0000e+00 0.0000e+00 0.0000e+00 0.0000e+00 0.0000e+00 6.3055e-01 0.0000e+00 0.0000e+00 2.5000e-01 0.0000e+00 0.0000e+00 0.0000e+00 0.0000e+00 0.0000e+00 0.0000e+00 0.0000e+00 0.0000e+00 0.0000e+00 0.0000e+00 3.3333e-01 0.0000e+00 0.0000e+00 0.0000e+00 0.0000e+00 0.0000e+00 3.3333e-01 0.0000e+00 5.4237e-01 0.0000e+00 0.0000e+00 0.0000e+00 2.5000e-01 0.0000e+00 0.0000e+00 0.0000e+00 0.0000e+00 0.0000e+00 3.3333e-01 3.8889e-01 0.0000e+00
5.0000e-01 0.0000e+00 7.4157e-01 0.0000e+00 6.6166e-01 0.0000e+00 1.0000e+00 6.6667e-01 5.0000e-01 5.0000e-01 6.6667e-01 5.0000e-01 5.0000e-01 7.6158e-01 5.0000e-01 1.0000e+00 5.0000e-01 0.0000e+00 5.0000e-01 5.0000e-01 6.5074e-01 0.0000e+00 0.0000e+00 5.0000e-01 6.6667e-01 8.0596e-01 0.0000e+00 0.0000e+00 5.0000e-01 1.0000e+00 0.0000e+00 1.0000e+00 7.5000e-01 0.0000e+00 1.0000e+00 0.0000e+00 5.0000e-01 1.0000e+00 1.0000e+00 0.0000e+00 6.6667e-01 0.0000e+00 1.0000e+00 0.0000e+00 1.0000e+00 0.0000e+00 0.0000e+00 0.0000e+00 6.6667e-01 6.9231e-01
0.0000e+00 0.0000e+00 0.0000e+00 0.0000e+00 3.3333e-01 0.0000e+00 0.0000e+00 0.0000e+00 0.0000e+00 3.3333e-01 0.0000e+00 3.3333e-01 0.0000e+00 0.0000e+00 0.0000e+00 5.0000e-01 0.0000e+00 0.0000e+00 0.0000e+00 0.0000e+00 0.0000e+00 6.5525e-01 3.3333e-01 0.0000e+00 0.0000e+00 0.0000e+00 0.0000e+00 2.8571e-01 5.0000e-01 6.0000e-01 4.0000e-01 0.0000e+00 0.0000e+00 0.0000e+00 0.0000e+00 0.0000e+00 0.0000e+00 6.1538e-01 7.9790e-01 7.3118e-01 0.0000e+00 0.0000e+00 0.0000e+00 0.0000e+00 5.0000e-01 0.0000e+00 3.3333e-01 0.0000e+00 0.0000e+00 0.0000e+00
0.0000e+00 0.0000e+00 0.0000e+00 0.0000e+00 2.5000e-01 0.0000e+00 6.6667e-01 0.0000e+00 0.0000e+00 0.0000e+00 5.0000e-01 0.0000e+00 3.3333e-01 4.3818e-01 0.0000e+00 0.0000e+00 0.0000e+00 3.0769e-01 0.0000e+00 0.0000e+00 0.0000e+00 0.0000e+00 0.0000e+00 0.0000e+00 4.0000e-01 3.3333e-01 0.0000e+00 2.5000e-01 0.0000e+00 0.0000e+00 0.0000e+00 5.0000e-01 3.3333e-01 0.0000e+00 0.0000e+00 0.0000e+00 0.0000e+00 0.0000e+00 0.0000e+00 0.0000e+00 0.0000e+00 0.0000e+00 0.0000e+00 0.0000e+00 0.0000e+00 0.0000e+00 4.0000e-01 0.0000e+00 5.9026e-01 3.3333e-01
0.0000e+00 0.0000e+00 0.0000e+00 0.0000e+00 0.0000e+00 0.0000e+00 0.0000e+00 0.0000e+00 0.0000e+00 0.0000e+00 0.0000e+00 0.0000e+00 0.0000e+00 0.0000e+00 5.1852e-01 0.0000e+00 0.0000e+00 0.0000e+00 0.0000e+00 0.0000e+00 3.4807e-01 0.0000e+00 0.0000e+00 0.0000e+00 0.0000e+00 0.0000e+00 0.0000e+00 0.0000e+00 0.0000e+00 0.0000e+00 0.0000e+00 0.0000e+00 0.0000e+00 0.0000e+00 6.6667e-01 4.0000e-01 0.0000e+00 0.0000e+00 0.0000e+00 0.0000e+00 0.0000e+00 0.0000e+00 0.0000e+00 0.0000e+00 5.0000e-01 0.0000e+00 0.0000e+00 7.0649e-01 0.0000e+00 4.0000e-01
0.0000e+00 0.0000e+00 0.0000e+00 0.0000e+00 0.0000e+00 0.0000e+00 0.0000e+00 0.0000e+00 0.0000e+00 0.0000e+00 5.1461e-01 0.0000e+00 0.0000e+00 0.0000e+00 0.0000e+00 0.0000e+00 0.0000e+00 0.0000e+00 0.0000e+00 0.0000e+00 2.5000e-01 0.0000e+00 0.0000e+00 0.0000e+00 0.0000e+00 0.0000e+00 0.0000e+00 0.0000e+00 0.0000e+00 0.0000e+00 0.0000e+00 3.3333e-01 0.0000e+00 0.0000e+00 4.0000e-01 0.0000e+00 0.0000e+00 0.0000e+00 5.5556e-01 0.0000e+00 0.0000e+00 0.0000e+00 0.0000e+00 0.0000e+00 0.0000e+00 0.0000e+00 0.0000e+00 0.0000e+00 0.0000e+00 0.0000e+00
6.6667e-01 8.4355e-01 6.6667e-01 8.0000e-01 6.0000e-01 6.6667e-01 0.0000e+00 8.0323e-01 0.0000e+00 0.0000e+00 7.7778e-01 0.0000e+00 5.0000e-01 0.0000e+00 0.0000e+00 1.0000e+00 0.0000e+00 0.0000e+00 0.0000e+00 0.0000e+00 0.0000e+00 5.0000e-01 0.0000e+00 0.0000e+00 6.6667e-01 6.6667e-01 0.0000e+00 5.0000e-01 5.0000e-01 1.0000e+00 0.0000e+00 5.0000e-01 0.0000e+00 0.0000e+00 1.0000e+00 0.0000e+00 5.0000e-01 0.0000e+00 1.0000e+00 0.0000e+00 0.0000e+00 0.0000e+00 0.0000e+00 0.0000e+00 1.0000e+00 0.0000e+00 5.0000e-01 1.0000e+00 0.0000e+00 5.0000e-01
0.0000e+00 0.0000e+00 0.0000e+00 0.0000e+00 0.0000e+00 0.0000e+00 0.0000e+00 0.0000e+00 0.0000e+00 0.0000e+00 0.0000e+00 0.0000e+00 0.0000e+00 0.0000e+00 0.0000e+00 0.0000e+00 0.0000e+00 0.0000e+00 0.0000e+00 0.0000e+00 0.0000e+00 0.0000e+00 0.0000e+00 0.0000e+00 0.0000e+00 0.0000e+00 0.0000e+00 0.0000e+00 0.0000e+00 0.0000e+00 0.0000e+00 0.0000e+00 0.0000e+00 0.0000e+00 0.0000e+00 2.5000e-01 0.0000e+00 3.3333e-01 0.0000e+00 0.0000e+00 0.0000e+00 0.0000e+00 0.0000e+00 0.0000e+00 0.0000e+00 0.0000e+00 0.0000e+00 3.3333e-01 0.0000e+00 0.0000e+00
0.0000e+00 0.0000e+00 0.0000e+00 0.0000e+00 0.0000e+00 0.0000e+00 5.0000e-01 0.0000e+00 0.0000e+00 0.0000e+00 0.0000e+00 2.5000e-01 0.0000e+00 0.0000e+00 3.3333e-01 0.0000e+00 0.0000e+00 0.0000e+00 0.0000e+00 0.0000e+00 0.0000e+00 0.0000e+00 0.0000e+00 0.0000e+00 0.0000e+00 3.0000e-01 0.0000e+00 0.0000e+00 3.3333e-01 0.0000e+00 2.8571e-01 0.0000e+00 0.0000e+00 3.3333e-01 0.0000e+00 0.0000e+00 0.0000e+00 0.0000e+00 0.0000e+00 0.0000e+00 0.0000e+00 2.0000e-01 0.0000e+00 0.0000e+00 0.0000e+00 0.0000e+00 0.0000e+00 0.0000e+00 0.0000e+00 0.0000e+00
3.3333e-01 0.0000e+00 3.3333e-01 0.0000e+00 0.0000e+00 4.0000e-01 0.0000e+00 0.0000e+00 0.0000e+00 0.0000e+00 0.0000e+00 0.0000e+00 0.0000e+00 0.0000e+00 0.0000e+00 0.0000e+00 0.0000e+00 3.0000e-01 0.0000e+00 0.0000e+00 0.0000e+00 0.0000e+00 0.0000e+00 0.0000e+00 0.0000e+00 0.0000e+00 0.0000e+00 0.0000e+00 0.0000e+00 3.3333e-01 0.0000e+00 0.0000e+00 0.0000e+00 0.0000e+00 5.0000e-01 0.0000e+00 0.0000e+00 0.0000e+00 5.0000e-01 0.0000e+00 0.0000e+00 0.0000e+00 0.0000e+00 4.0589e-01 0.0000e+00 0.0000e+00 3.3333e-01 0.0000e+00 0.0000e+00 7.5714e-01
6.6667e-01 5.0000e-01 0.0000e+00 6.6667e-01 4.7368e-01 0.0000e+00 0.0000e+00 0.0000e+00 0.0000e+00 0.0000e+00 0.0000e+00 0.0000e+00 0.0000e+00 0.0000e+00 0.0000e+00 0.0000e+00 0.0000e+00 3.3333e-01 0.0000e+00 0.0000e+00 0.0000e+00 0.0000e+00 0.0000e+00 0.0000e+00 0.0000e+00 0.0000e+00 0.0000e+00 0.0000e+00 0.0000e+00 0.0000e+00 0.0000e+00 5.0000e-01 0.0000e+00 1.0000e+00 0.0000e+00 5.0000e-01 0.0000e+00 0.0000e+00 5.0000e-01 0.0000e+00 5.0000e-01 0.0000e+00 0.0000e+00 0.0000e+00 6.6667e-01 0.0000e+00 0.0000e+00 0.0000e+00 0.0000e+00 0.0000e+00
0.0000e+00 0.0000e+00 0.0000e+00 5.0000e-01 0.0000e+00 0.0000e+00 0.0000e+00 0.0000e+00 0.0000e+00 0.0000e+00 0.0000e+00 0.0000e+00 0.0000e+00 0.0000e+00 0.0000e+00 6.6667e-01 0.0000e+00 0.0000e+00 0.0000e+00 3.3333e-01 0.0000e+00 5.0000e-01 0.0000e+00 5.0000e-01 4.0000e-01 0.0000e+00 0.0000e+00 0.0000e+00 0.0000e+00 5.0000e-01 0.0000e+00 7.0848e-01 0.0000e+00 0.0000e+00 0.0000e+00 4.2500e-01 0.0000e+00 5.0000e-01 0.0000e+00 0.0000e+00 0.0000e+00 0.0000e+00 0.0000e+00 0.0000e+00 5.0000e-01 0.0000e+00 0.0000e+00 0.0000e+00 0.0000e+00 0.0000e+00
6.6667e-01 0.0000e+00 0.0000e+00 0.0000e+00 0.0000e+00 5.0000e-01 5.0000e-01 0.0000e+00 0.0000e+00 0.0000e+00 0.0000e+00 0.0000e+00 0.0000e+00 0.0000e+00 7.5000e-01 0.0000e+00 5.0000e-01 0.0000e+00 5.0000e-01 5.4545e-01 5.0000e-01 0.0000e+00 6.3281e-01 0.0000e+00 0.0000e+00 7.0723e-01 5.0000e-01 0.0000e+00 0.0000e+00 5.0000e-01 0.0000e+00 5.0000e-01 0.0000e+00 0.0000e+00 0.0000e+00 0.0000e+00 0.0000e+00 0.0000e+00 1.0000e+00 5.0000e-01 0.0000e+00 0.0000e+00 0.0000e+00 0.0000e+00 0.0000e+00 0.0000e+00 5.0000e-01 0.0000e+00 0.0000e+00 0.0000e+00
0.0000e+00 0.0000e+00 0.0000e+00 0.0000e+00 0.0000e+00 0.0000e+00 0.0000e+00 0.0000e+00 0.0000e+00 5.0000e-01 5.0000e-01 0.0000e+00 5.0000e-01 0.0000e+00 0.0000e+00 0.0000e+00 0.0000e+00 0.0000e+00 5.0000e-01 0.0000e+00 0.0000e+00 0.0000e+00 0.0000e+00 5.0000e-01 0.0000e+00 0.0000e+00 0.0000e+00 0.0000e+00 0.0000e+00 0.0000e+00 0.0000e+00 0.0000e+00 0.0000e+00 0.0000e+00 8.5714e-01 5.0000e-01 0.0000e+00 9.8830e-01 1.0000e+00 0.0000e+00 0.0000e+00 0.0000e+00 8.7500e-01 0.0000e+00 1.0000e+00 0.0000e+00 5.0000e-01 0.0000e+00 0.0000e+00 0.0000e+00
0.0000e+00 0.0000e+00 0.0000e+00 6.6667e-01 5.0000e-01 5.0000e-01 0.0000e+00 0.0000e+00 0.0000e+00 6.5176e-01 0.0000e+00 6.7660e-01 0.0000e+00 0.0000e+00 5.0000e-01 8.0000e-01 0.0000e+00 0.0000e+00 0.0000e+00 0.0000e+00 0.0000e+00 0.0000e+00 5.0000e-01 0.0000e+00 0.0000e+00 0.0000e+00 0.0000e+00 0.0000e+00 0.0000e+00 0.0000e+00 5.0000e-01 8.3333e-01 5.0000e-01 0.0000e+00 0.0000e+00 5.7143e-01 0.0000e+00 9.4304e-01 1.0000e+00 5.0000e-01 0.0000e+00 0.0000e+00 6.6667e-01 0.0000e+00 8.7500e-01 0.0000e+00 0.0000e+00 8.0000e-01 0.0000e+00 0.0000e+00
3.3333e-01 0.0000e+00 0.0000e+00 0.0000e+00 0.0000e+00 0.0000e+00 5.0000e-01 0.0000e+00 0.0000e+00 0.0000e+00 0.0000e+00 0.0000e+00 0.0000e+00 0.0000e+00 0.0000e+00 3.3333e-01 0.0000e+00 0.0000e+00 0.0000e+00 0.0000e+00 0.0000e+00 0.0000e+00 0.0000e+00 0.0000e+00 3.3333e-01 0.0000e+00 0.0000e+00 0.0000e+00 0.0000e+00 0.0000e+00 0.0000e+00 0.0000e+00 0.0000e+00 0.0000e+00 0.0000e+00 0.0000e+00 0.0000e+00 5.0538e-01 0.0000e+00 0.0000e+00 0.0000e+00 3.1097e-01 4.5455e-01 0.0000e+00 0.0000e+00 3.3333e-01 0.0000e+00 3.3333e-01 0.0000e+00 0.0000e+00
0.0000e+00 0.0000e+00 0.0000e+00 0.0000e+00 2.5000e-01 0.0000e+00 0.0000e+00 0.0000e+00 0.0000e+00 0.0000e+00 0.0000e+00 0.0000e+00 0.0000e+00 0.0000e+00 0.0000e+00 3.3333e-01 0.0000e+00 0.0000e+00 0.0000e+00 2.5000e-01 0.0000e+00 0.0000e+00 0.0000e+00 0.0000e+00 0.0000e+00 0.0000e+00 0.0000e+00 0.0000e+00 0.0000e+00 0.0000e+00 0.0000e+00 0.0000e+00 0.0000e+00 0.0000e+00 3.3333e-01 0.0000e+00 0.0000e+00 0.0000e+00 0.0000e+00 0.0000e+00 2.6667e-01 0.0000e+00 0.0000e+00 2.0000e-01 3.3333e-01 5.1146e-01 2.5000e-01 3.3333e-01 0.0000e+00 0.0000e+00
6.6667e-01 0.0000e+00 0.0000e+00 6.8728e-01 3.3333e-01 0.0000e+00 8.5668e-01 0.0000e+00 3.3333e-01 0.0000e+00 6.2500e-01 0.0000e+00 0.0000e+00 0.0000e+00 5.7143e-01 5.0000e-01 0.0000e+00 3.7143e-01 0.0000e+00 0.0000e+00 3.7179e-01 0.0000e+00 0.0000e+00 0.0000e+00 0.0000e+00 0.0000e+00 5.0000e-01 0.0000e+00 0.0000e+00 0.0000e+00 0.0000e+00 6.6667e-01 4.2857e-01 0.0000e+00 6.6667e-01 3.3333e-01 3.3333e-01 0.0000e+00 0.0000e+00 0.0000e+00 5.0000e-01 0.0000e+00 0.0000e+00 0.0000e+00 5.0000e-01 0.0000e+00 0.0000e+00 0.0000e+00 5.0000e-01 0.0000e+00
0.0000e+00 0.0000e+00 0.0000e+00 0.0000e+00 3.0000e-01 3.3333e-01 5.0000e-01 0.0000e+00 0.0000e+00 0.0000e+00 4.9351e-01 0.0000e+00 0.0000e+00 0.0000e+00 0.0000e+00 0.0000e+00 0.0000e+00 0.0000e+00 0.0000e+00 0.0000e+00 0.0000e+00 5.0000e-01 0.0000e+00 0.0000e+00 0.0000e+00 0.0000e+00 0.0000e+00 0.0000e+00 0.0000e+00 0.0000e+00 0.0000e+00 0.0000e+00 0.0000e+00 0.0000e+00 6.9615e-01 3.3333e-01 0.0000e+00 0.0000e+00 7.0950e-01 0.0000e+00 0.0000e+00 0.0000e+00 0.0000e+00 0.0000e+00 5.8056e-01 0.0000e+00 0.0000e+00 5.0000e-01 0.0000e+00 0.0000e+00
0.0000e+00 0.0000e+00 0.0000e+00 0.0000e+00 0.0000e+00 5.0000e-01 0.0000e+00 0.0000e+00 0.0000e+00 5.0000e-01 5.0000e-01 5.0000e-01 0.0000e+00 0.0000e+00 0.0000e+00 0.0000e+00 0.0000e+00 0.0000e+00 0.0000e+00 3.3333e-01 0.0000e+00 0.0000e+00 0.0000e+00 0.0000e+00 7.1320e-01 5.0000e-01 5.0000e-01 0.0000e+00 0.0000e+00 5.0000e-01 0.0000e+00 0.0000e+00 5.0000e-01 0.0000e+00 8.0000e-01 0.0000e+00 0.0000e+00 8.1818e-01 8.0000e-01 7.5000e-01 0.0000e+00 0.0000e+00 8.8889e-01 3.3333e-01 8.3333e-01 0.0000e+00 7.1833e-01 8.3333e-01 0.0000e+00 5.0000e-01
0.0000e+00 0.0000e+00 5.0000e-01 0.0000e+00 0.0000e+00 5.7143e-01 7.5000e-01 3.3333e-01 0.0000e+00 5.0000e-01 0.0000e+00 5.0000e-01 0.0000e+00 3.3333e-01 7.5978e-01 8.4211e-01 0.0000e+00 0.0000e+00 0.0000e+00 0.0000e+00 0.0000e+00 0.0000e+00 0.0000e+00 0.0000e+00 5.0000e-01 0.0000e+00 0.0000e+00 0.0000e+00 6.6667e-01 7.1429e-01 0.0000e+00 6.6667e-01 0.0000e+00 5.0000e-01 8.3333e-01 6.0535e-01 0.0000e+00 8.0000e-01 1.0000e+00 0.0000e+00 0.0000e+00 0.0000e+00 8.3824e-01 0.0000e+00 0.0000e+00 0.0000e+00 5.0000e-01 6.6667e-01 0.0000e+00 3.3333e-01
0.0000e+00 0.0000e+00 0.0000e+00 3.7500e-01 0.0000e+00 0.0000e+00 0.0000e+00 0.0000e+00 0.0000e+00 0.0000e+00 3.7500e-01 2.8571e-01 0.0000e+00 0.0000e+00 0.0000e+00 3.3333e-01 0.0000e+00 0.0000e+00 0.0000e+00 0.0000e+00 0.0000e+00 0.0000e+00 2.5000e-01 3.3333e-01 0.0000e+00 2.8571e-01 0.0000e+00 2.0000e-01 0.0000e+00 0.0000e+00 2.8571e-01 0.0000e+00 0.0000e+00 0.0000e+00 0.0000e+00 0.0000e+00 0.0000e+00 0.0000e+00 5.0000e-01 5.0000e-01 2.8571e-01 0.0000e+00 0.0000e+00 0.0000e+00 0.0000e+00 3.7500e-01 2.5000e-01 0.0000e+00 0.0000e+00 0.0000e+00
1.0000e+00 5.0000e-01 7.5000e-01 1.0000e+00 7.4483e-01 0.0000e+00 0.0000e+00 8.5452e-01 6.0938e-01 7.5000e-01 1.0000e+00 8.0000e-01 7.9134e-01 0.0000e+00 1.0000e+00 1.0000e+00 6.6667e-01 0.0000e+00 0.0000e+00 5.0000e-01 0.0000e+00 5.0000e-01 0.0000e+00 0.0000e+00 8.0000e-01 0.0000e+00 0.0000e+00 6.0000e-01 1.0000e+00 1.0000e+00 5.0000e-01 0.0000e+00 6.6667e-01 1.0000e+00 1.0000e+00 6.6667e-01 5.7143e-01 1.0000e+00 1.0000e+00 1.0000e+00 5.0000e-01 5.0000e-01 0.0000e+00 7.2372e-01 1.0000e+00 5.0000e-01 8.3333e-01 1.0000e+00 0.0000e+00 0.0000e+00
0.0000e+00 0.0000e+00 0.0000e+00 0.0000e+00 0.0000e+00 0.0000e+00 0.0000e+00 0.0000e+00 0.0000e+00 0.0000e+00 0.0000e+00 0.0000e+00 0.0000e+00 0.0000e+00 0.0000e+00 0.0000e+00 0.0000e+00 0.0000e+00 0.0000e+00 0.0000e+00 0.0000e+00 3.6364e-01 0.0000e+00 0.0000e+00 0.0000e+00 0.0000e+00 0.0000e+00 0.0000e+00 0.0000e+00 0.0000e+00 2.8571e-01 0.0000e+00 0.0000e+00 0.0000e+00 0.0000e+00 0.0000e+00 0.0000e+00 0.0000e+00 0.0000e+00 0.0000e+00 0.0000e+00 0.0000e+00 0.0000e+00 0.0000e+00 0.0000e+00 0.0000e+00 0.0000e+00 3.3333e-01 0.0000e+00 0.0000e+00
1.0000e+00 8.0000e-01 1.0000e+00 0.0000e+00 1.0000e+00 1.0000e+00 1.0000e+00 6.6667e-01 5.0000e-01 1.0000e+00 1.0000e+00 1.0000e+00 8.5714e-01 1.0000e+00 1.0000e+00 1.0000e+00 8.6667e-01 5.0000e-01 1.0000e+00 9.2308e-01 1.0000e+00 1.0000e+00 1.0000e+00 1.0000e+00 1.0000e+00 1.0000e+00 0.0000e+00 8.3333e-01 1.0000e+00 1.0000e+00 1.0000e+00 1.0000e+00 1.0000e+00 1.0000e+00 1.0000e+00 1.0000e+00 9.1571e-01 1.0000e+00 1.0000e+00 1.0000e+00 0.0000e+00 8.9091e-01 1.0000e+00 5.0000e-01 1.0000e+00 1.0000e+00 1.0000e+00 1.0000e+00 8.3333e-01 1.0000e+00
0.0000e+00 0.0000e+00 0.0000e+00 0.0000e+00 0.0000e+00 2.5000e-01 5.0000e-01 0.0000e+00 0.0000e+00 3.3528e-01 0.0000e+00 0.0000e+00 0.0000e+00 0.0000e+00 3.3333e-01 0.0000e+00 2.5000e-01 0.0000e+00 0.0000e+00 2.5000e-01 0.0000e+00 0.0000e+00 0.0000e+00 0.0000e+00 0.0000e+00 0.0000e+00 0.0000e+00 0.0000e+00 0.0000e+00 0.0000e+00 0.0000e+00 0.0000e+00 0.0000e+00 0.0000e+00 0.0000e+00 2.8571e-01 0.0000e+00 0.0000e+00 0.0000e+00 0.0000e+00 0.0000e+00 2.5000e-01 4.2857e-01 0.0000e+00 0.0000e+00 0.0000e+00 3.4895e-01 0.0000e+00 0.0000e+00 0.0000e+00
0.0000e+00 0.0000e+00 3.3333e-01 0.0000e+00 0.0000e+00 8.0297e-01 5.0000e-01 0.0000e+00 0.0000e+00 0.0000e+00 0.0000e+00 3.3333e-01 0.0000e+00 0.0000e+00 6.0714e-01 0.0000e+00 3.3333e-01 0.0000e+00 0.0000e+00 0.0000e+00 0.0000e+00 5.4167e-01 0.0000e+00 5.0000e-01 4.0000e-01 3.3333e-01 0.0000e+00 0.0000e+00 0.0000e+00 0.0000e+00 0.0000e+00 0.0000e+00 0.0000e+00 0.0000e+00 6.6667e-01 0.0000e+00 0.0000e+00 0.0000e+00 8.7500e-01 7.6923e-01 4.0000e-01 3.3333e-01 8.0608e-01 3.3333e-01 6.2500e-01 0.0000e+00 0.0000e+00 0.0000e+00 0.0000e+00 3.3333e-01
1.0000e+00 0.0000e+00 9.3750e-01 5.0000e-01 0.0000e+00 5.0000e-01 5.0000e-01 0.0000e+00 7.2727e-01 5.0000e-01 0.0000e+00 6.6667e-01 6.6667e-01 8.7879e-01 1.0000e+00 1.0000e+00 0.0000e+00 8.6403e-01 0.0000e+00 8.6840e-01 0.0000e+00 0.0000e+00 0.0000e+00 1.0000e+00 9.5238e-01 0.0000e+00 7.1429e-01 6.6667e-01 1.0000e+00 0.0000e+00 0.0000e+00 1.0000e+00 0.0000e+00 0.0000e+00 1.0000e+00 9.7938e-01 0.0000e+00 0.0000e+00 1.0000e+00 1.0000e+00 0.0000e+00 0.0000e+00 1.0000e+00 0.0000e+00 1.0000e+00 0.0000e+00 8.8889e-01 1.0000e+00 0.0000e+00 0.0000e+00
1.0000e+00 0.0000e+00 9.3825e-01 1.0000e+00 0.0000e+00 9.1667e-01 0.0000e+00 5.0000e-01 0.0000e+00 5.0000e-01 5.0000e-01 0.0000e+00 0.0000e+00 8.3333e-01 0.0000e+00 1.0000e+00 0.0000e+00 7.0000e-01 0.0000e+00 5.0000e-01 7.1429e-01 1.0000e+00 6.6667e-01 1.0000e+00 5.0000e-01 7.5000e-01 8.3333e-01 0.0000e+00 1.0000e+00 0.0000e+00 9.8321e-01 5.0000e-01 9.0000e-01 1.0000e+00 1.0000e+00 0.0000e+00 0.0000e+00 1.0000e+00 1.0000e+00 1.0000e+00 5.0000e-01 7.1429e-01 6.6667e-01 5.0000e-01 0.0000e+00 9.2308e-01 0.0000e+00 1.0000e+00 5.0000e-01 8.0000e-01
6.9947e-01 0.0000e+00 0.0000e+00 0.0000e+00 0.0000e+00 0.0000e+00 0.0000e+00 3.3333e-01 0.0000e+00 0.0000e+00 5.0000e-01 0.0000e+00 0.0000e+00 3.3333e-01 0.0000e+00 0.0000e+00 0.0000e+00 3.3333e-01 3.3333e-01 0.0000e+00 0.0000e+00 0.0000e+00 0.0000e+00 0.0000e+00 3.3333e-01 0.0000e+00 0.0000e+00 0.0000e+00 0.0000e+00 5.0000e-01 4.2857e-01 0.0000e+00 0.0000e+00 0.0000e+00 6.6667e-01 0.0000e+00 0.0000e+00 0.0000e+00 0.0000e+00 0.0000e+00 0.0000e+00 0.0000e+00 0.0000e+00 2.5000e-01 6.0000e-01 0.0000e+00 3.3333e-01 0.0000e+00 0.0000e+00 4.0909e-01
1.0000e+00 1.0000e+00 1.0000e+00 1.0000e+00 5.0000e-01 1.0000e+00 1.0000e+00 5.0000e-01 9.6617e-01 1.0000e+00 1.0000e+00 1.0000e+00 9.0909e-01 1.0000e+00 1.0000e+00 1.0000e+00 6.6667e-01 8.0000e-01 8.5714e-01 1.0000e+00 8.7500e-01 1.0000e+00 1.0000e+00 1.0000e+00 1.0000e+00 1.0000e+00 1.0000e+00 9.8049e-01 1.0000e+00 1.0000e+00 1.0000e+00 1.0000e+00 1.0000e+00 0.0000e+00 1.0000e+00 1.0000e+00 8.8148e-01 1.0000e+00 1.0000e+00 1.0000e+00 1.0000e+00 8.3333e-01 1.0000e+00 9.3704e-01 1.0000e+00 1.0000e+00 1.0000e+00 1.0000e+00 1.0000e+00 1.0000e+00
0.0000e+00 0.0000e+00 0.0000e+00 0.0000e+00 2.5000e-01 0.0000e+00 0.0000e+00 0.0000e+00 0.0000e+00 0.0000e+00 0.0000e+00 0.0000e+00 0.0000e+00 2.7273e-01 0.0000e+00 0.0000e+00 0.0000e+00 0.0000e+00 0.0000e+00 2.5000e-01 0.0000e+00 0.0000e+00 0.0000e+00 0.0000e+00 2.5000e-01 0.0000e+00 0.0000e+00 0.0000e+00 0.0000e+00 0.0000e+00 0.0000e+00 0.0000e+00 0.0000e+00 0.0000e+00 0.0000e+00 2.5000e-01 0.0000e+00 0.0000e+00 5.0000e-01 0.0000e+00 0.0000e+00 0.0000e+00 3.3333e-01 0.0000e+00 0.0000e+00 0.0000e+00 0.0000e+00 3.3333e-01 0.0000e+00 0.0000e+00
0.0000e+00 0.0000e+00 0.0000e+00 0.0000e+00 0.0000e+00 0.0000e+00 0.0000e+00 0.0000e+00 0.0000e+00 0.0000e+00 3.3333e-01 0.0000e+00 0.0000e+00 0.0000e+00 0.0000e+00 0.0000e+00 0.0000e+00 0.0000e+00 0.0000e+00 0.0000e+00 0.0000e+00 0.0000e+00 2.7302e-01 0.0000e+00 0.0000e+00 0.0000e+00 0.0000e+00 0.0000e+00 0.0000e+00 3.3333e-01 0.0000e+00 0.0000e+00 0.0000e+00 0.0000e+00 0.0000e+00 0.0000e+00 0.0000e+00 4.0000e-01 0.0000e+00 5.0000e-01 0.0000e+00 0.0000e+00 3.3333e-01 2.0000e-01 0.0000e+00 0.0000e+00 0.0000e+00 0.0000e+00 0.0000e+00 0.0000e+00
3.3333e-01 0.0000e+00 0.0000e+00 0.0000e+00 0.0000e+00 0.0000e+00 0.0000e+00 0.0000e+00 0.0000e+00 0.0000e+00 3.3333e-01 0.0000e+00 0.0000e+00 0.0000e+00 0.0000e+00 3.3333e-01 2.5000e-01 0.0000e+00 2.5000e-01 0.0000e+00 0.0000e+00 3.3333e-01 0.0000e+00 3.3333e-01 3.3333e-01 2.5000e-01 0.0000e+00 0.0000e+00 0.0000e+00 6.1759e-01 0.0000e+00 0.0000e+00 0.0000e+00 0.0000e+00 4.2857e-01 0.0000e+00 0.0000e+00 0.0000e+00 0.0000e+00 0.0000e+00 2.5000e-01 0.0000e+00 4.0000e-01 0.0000e+00 0.0000e+00 3.3333e-01 2.8571e-01 0.0000e+00 0.0000e+00 0.0000e+00
5.0000e-01 0.0000e+00 3.0000e-01 0.0000e+00 0.0000e+00 0.0000e+00 5.0000e-01 2.5000e-01 0.0000e+00 0.0000e+00 0.0000e+00 0.0000e+00 0.0000e+00 2.8571e-01 0.0000e+00 0.0000e+00 0.0000e+00 0.0000e+00 2.5000e-01 0.0000e+00 0.0000e+00 0.0000e+00 2.8571e-01 0.0000e+00 0.0000e+00 0.0000e+00 5.1230e-01 0.0000e+00 0.0000e+00 0.0000e+00 0.0000e+00 0.0000e+00 2.8571e-01 0.0000e+00 0.0000e+00 2.5000e-01 0.0000e+00 0.0000e+00 0.0000e+00 5.0000e-01 0.0000e+00 0.0000e+00 5.0000e-01 0.0000e+00 4.4444e-01 5.0000e-01 3.5294e-01 0.0000e+00 4.0000e-01 0.0000e+00
0.0000e+00 0.0000e+00 0.0000e+00 0.0000e+00 2.5000e-01 0.0000e+00 0.0000e+00 0.0000e+00 2.0000e-01 0.0000e+00 0.0000e+00 0.0000e+00 0.0000e+00 2.5000e-01 0.0000e+00 3.3333e-01 0.0000e+00 0.0000e+00 0.0000e+00 0.0000e+00 0.0000e+00 0.0000e+00 0.0000e+00 0.0000e+00 0.0000e+00 0.0000e+00 0.0000e+00 0.0000e+00 0.0000e+00 3.3333e-01 0.0000e+00 0.0000e+00 0.0000e+00 0.0000e+00 0.0000e+00 2.5000e-01 0.0000e+00 0.0000e+00 0.0000e+00 0.0000e+00 0.0000e+00 0.0000e+00 0.0000e+00 0.0000e+00 0.0000e+00 0.0000e+00 0.0000e+00 0.0000e+00 0.0000e+00 0.0000e+00
6.6667e-01 0.0000e+00 0.0000e+00 6.3636e-01 0.0000e+00 0.0000e+00 0.0000e+00 0.0000e+00 0.0000e+00 0.0000e+00 0.0000e+00 0.0000e+00 0.0000e+00 0.0000e+00 0.0000e+00 5.0000e-01 0.0000e+00 0.0000e+00 3.5294e-01 0.0000e+00 0.0000e+00 6.6316e-01 0.0000e+00 0.0000e+00 0.0000e+00 0.0000e+00 0.0000e+00 0.0000e+00 0.0000e+00 7.0000e-01 0.0000e+00 6.0000e-01 0.0000e+00 5.0000e-01 0.0000e+00 4.0000e-01 0.0000e+00 0.0000e+00 8.2857e-01 0.0000e+00 5.3664e-01 3.3333e-01 6.0000e-01 0.0000e+00 0.0000e+00 5.0000e-01 0.0000e+00 6.6667e-01 0.0000e+00 0.0000e+00
0.0000e+00 0.0000e+00 0.0000e+00 0.0000e+00 0.0000e+00 0.0000e+00 0.0000e+00 0.0000e+00 2.0000e-01 0.0000e+00 4.0000e-01 2.8788e-01 0.0000e+00 0.0000e+00 4.1260e-01 0.0000e+00 0.0000e+00 0.0000e+00 0.0000e+00 0.0000e+00 0.0000e+00 3.3333e-01 0.0000e+00 0.0000e+00 3.0000e-01 0.0000e+00 0.0000e+00 0.0000e+00 3.6364e-01 3.3333e-01 0.0000e+00 0.0000e+00 0.0000e+00 3.3333e-01 0.0000e+00 0.0000e+00 0.0000e+00 0.0000e+00 6.0340e-01 0.0000e+00 0.0000e+00 0.0000e+00 0.0000e+00 0.0000e+00 0.0000e+00 4.0000e-01 0.0000e+00 0.0000e+00 0.0000e+00 0.0000e+00
5.0000e-01 0.0000e+00 0.0000e+00 0.0000e+00 6.2124e-01 5.0000e-01 1.0000e+00 0.0000e+00 0.0000e+00 6.6667e-01 0.0000e+00 0.0000e+00 5.0000e-01 0.0000e+00 7.5000e-01 0.0000e+00 0.0000e+00 5.0000e-01 0.0000e+00 0.0000e+00 0.0000e+00 7.5000e-01 0.0000e+00 6.0000e-01 0.0000e+00 0.0000e+00 0.0000e+00 5.0000e-01 5.0000e-01 5.0000e-01 0.0000e+00 0.0000e+00 7.3000e-01 6.6667e-01 8.0000e-01 0.0000e+00 0.0000e+00 1.0000e+00 1.0000e+00 0.0000e+00 0.0000e+00 5.0000e-01 8.3333e-01 0.0000e+00 0.0000e+00 5.0000e-01 0.0000e+00 0.0000e+00 0.0000e+00 0.0000e+00
