7.5000e-01 5.7143e-01 1.0000e+00 7.2059e-01 3.0000e-01 0.0000e+00 4.6667e-01 2.5000e-01 9.7749e-01 1.0000e+00 8.8889e-01 9.2308e-01 7.3469e-01 8.9607e-01 2.0000e-01 4.6939e-01 7.8862e-01 5.0685e-01 6.8197e-01 4.8936e-01 5.7143e-01 9.7316e-01 9.5777e-01 9.9511e-01 5.1613e-01 1.0000e+00 7.6923e-01 5.3226e-01 6.0000e-01 8.7466e-01 7.6000e-01 2.8571e-01 8.8339e-01 9.2308e-01 1.4286e-01 6.0000e-01 8.9349e-01 7.4074e-01 5.8065e-01 9.1387e-01 9.2196e-01 2.5000e-01 1.0000e+00 1.0000e+00 3.3333e-01 2.2222e-01 2.5000e-01 1.4286e-01 3.6842e-01 7.0000e-01
2.2000e-01 2.3529e-01 5.1414e-01 1.3889e-01 9.6774e-02 2.7273e-01 0.0000e+00 4.6089e-01 9.3750e-02 2.8261e-01 1.0000e-01 2.5000e-01 2.1053e-01 0.0000e+00 5.3559e-01 2.8571e-02 3.2867e-01 4.0188e-01 4.1157e-01 1.4286e-01 3.8519e-01 4.8323e-01 3.7229e-01 9.3750e-02 4.1475e-01 3.7903e-01 2.5532e-01 2.2523e-01 4.8613e-01 1.9718e-01 3.3333e-01 5.0179e-01 1.3043e-01 2.2727e-01 4.1718e-01 4.7493e-01 2.5316e-01 3.8462e-02 1.8750e-01 1.1111e-01 3.8462e-02 3.8462e-02 5.7279e-01 4.2228e-01 9.0909e-02 3.4127e-01 0.0000e+00 4.3478e-02 1.1905e-01 4.9132e-01
8.5799e-01 7.2388e-01 9.9546e-01 1.1111e-01 0.0000e+00 2.7273e-01 1.0000e+00 5.7895e-01 2.6667e-01 2.3077e-01 9.4639e-01 1.4286e-01 1.0000e-01 0.0000e+00 4.3478e-01 0.0000e+00 2.3077e-01 1.5789e-01 5.5797e-01 4.2857e-01 1.4286e-01 2.3077e-01 5.3659e-01 1.0000e-01 6.4634e-01 0.0000e+00 8.2500e-01 3.3333e-01 9.0909e-01 2.3529e-01 4.0000e-01 1.0000e+00 8.1699e-01 3.3333e-01 0.0000e+00 3.8889e-01 0.0000e+00 7.5652e-01 1.8182e-01 7.6400e-01 1.0000e-01 2.6667e-01 0.0000e+00 4.1667e-01 5.2381e-01 2.5000e-01 0.0000e+00 9.8277e-01 5.5932e-01 8.8235e-01
4.5833e-01 1.6667e-01 8.3333e-02 3.2143e-01 1.3333e-01 5.5000e-01 1.4286e-01 0.0000e+00 1.2500e-01 4.0426e-01 2.9167e-01 4.9020e-01 2.5000e-01 4.6269e-01 0.0000e+00 2.5000e-01 7.6923e-02 4.0310e-01 2.4390e-01 4.8160e-01 7.5908e-01 3.4286e-01 5.1515e-01 5.9278e-01 7.1841e-01 6.9268e-01 7.6267e-01 6.3034e-01 5.7547e-01 5.0649e-01 8.4394e-01 4.8148e-01 4.8148e-01 7.7434e-01 7.1239e-01 5.5319e-01 3.0000e-01 4.4262e-01 7.5796e-01 3.6585e-01 4.8864e-01 6.5318e-01 2.0000e-01 2.1053e-01 5.2991e-01 7.7710e-01 6.1882e-01 5.2778e-01 5.0400e-01 4.3902e-01
5.7576e-01 6.0169e-01 7.4351e-01 1.5385e-01 5.0877e-01 5.6140e-01 5.9740e-01 7.9456e-01 0.0000e+00 4.3590e-01 7.2241e-01 6.1644e-01 7.9924e-01 4.2500e-01 4.6154e-01 4.4444e-01 7.9803e-01 4.7619e-01 5.1232e-01 5.7839e-01 6.4103e-01 5.3947e-01 2.2222e-01 3.6667e-01 3.4483e-01 5.2500e-01 9.0844e-01 4.9630e-01 8.0143e-01 2.8571e-01 3.1250e-01 7.5616e-01 7.6923e-02 2.3077e-01 9.1320e-01 7.5966e-01 6.4171e-01 5.1471e-01 4.1176e-01 2.2222e-01 5.0000e-01 5.2703e-01 3.9130e-01 1.4286e-01 5.0000e-01 4.4118e-01 6.0909e-01 5.4545e-01 6.0215e-01 8.6064e-01
1.0000e+00 1.0000e+00 1.0000e+00 9.7590e-01 9.2593e-01 5.2174e-01 6.0000e-01 1.0000e+00 7.9866e-01 1.0000e+00 4.6667e-01 8.3333e-01 9.7183e-01 8.1522e-01 6.6038e-01 0.0000e+00 5.2174e-01 8.3333e-02 6.7829e-01 2.1739e-01 8.8889e-01 1.0000e+00 1.0000e+00 9.9170e-01 1.0000e+00 7.0000e-01 1.0000e+00 6.1538e-01 7.1429e-01 2.9412e-01 9.3548e-01 8.8889e-01 5.0000e-01 8.5714e-01 1.0000e+00 1.0000e+00 9.0346e-01 9.6253e-01 9.5522e-01 9.9478e-01 9.4533e-01 9.6170e-01 1.0000e+00 1.0000e+00 9.8964e-01 6.5116e-01 4.5161e-01 9.3333e-01 5.1429e-01 7.5000e-01
9.6696e-01 1.8182e-01 8.2609e-01 7.4138e-01 9.2562e-01 2.0000e-01 9.6899e-01 9.6385e-01 1.6667e-01 9.1314e-01 4.0000e-01 1.4286e-01 2.3077e-01 3.8095e-01 5.0000e-01 7.5580e-01 7.9878e-01 7.1429e-02 0.0000e+00 5.6289e-01 8.2143e-01 0.0000e+00 4.1667e-01 2.6667e-01 7.5877e-01 3.3333e-01 0.0000e+00 6.4050e-01 6.7857e-01 2.8571e-01 3.3333e-01 7.4227e-01 4.2424e-01 0.0000e+00 0.0000e+00 8.4545e-01 4.6667e-01 0.0000e+00 5.1429e-01 6.9919e-01 7.8042e-01 1.6667e-01 1.0000e+00 4.0909e-01 0.0000e+00 1.8182e-01 2.6316e-01 9.8134e-01 8.0887e-01 0.0000e+00
2.6316e-01 5.5789e-01 6.7262e-01 3.7931e-01 7.5064e-01 4.4118e-01 3.7037e-01 5.6757e-01 6.8108e-01 5.8678e-01 2.8571e-01 8.1847e-01 8.3333e-02 7.7497e-01 5.9375e-01 4.2708e-01 5.5670e-01 4.0777e-01 1.8519e-01 4.9689e-01 8.0034e-01 4.3182e-01 4.2222e-01 2.7273e-01 2.1053e-01 2.1429e-01 8.2765e-01 4.1250e-01 8.2446e-01 3.2432e-01 3.6364e-01 4.6341e-01 6.7277e-01 8.8557e-01 8.0370e-01 8.1673e-01 1.7647e-01 5.7143e-01 5.5814e-01 5.2941e-01 3.7143e-01 2.3810e-01 0.0000e+00 1.4286e-01 2.1053e-01 6.7488e-01 5.8305e-01 3.0000e-01 7.3163e-01 7.4874e-01
7.4227e-01 9.0997e-01 7.4257e-01 9.4415e-01 7.5776e-01 9.5652e-01 6.8657e-01 6.8657e-01 4.1667e-01 1.8182e-01 6.0417e-01 8.4211e-01 7.9883e-01 7.6623e-01 7.3077e-01 5.1685e-01 6.1905e-01 4.9462e-01 5.4762e-01 5.9786e-01 5.5556e-01 5.2632e-01 7.6763e-01 5.2500e-01 5.3488e-01 8.1250e-01 9.0000e-01 5.0649e-01 8.5390e-01 8.0144e-01 5.8065e-01 6.9444e-01 7.0485e-01 7.6471e-01 7.8571e-01 6.7647e-01 8.9159e-01 5.2500e-01 1.8182e-01 5.4545e-01 6.9630e-01 5.6604e-01 6.6667e-01 9.1965e-01 6.8468e-01 7.5200e-01 8.0339e-01 6.1364e-01 6.7376e-01 8.0000e-01
6.0000e-01 0.0000e+00 6.9072e-01 1.7647e-01 7.6923e-02 8.0018e-01 3.0769e-01 8.3333e-02 2.6923e-01 5.7051e-01 5.1316e-01 8.0499e-01 0.0000e+00 3.0000e-01 1.3333e-01 2.2222e-01 6.0262e-01 4.4444e-01 4.7257e-01 4.9743e-01 8.1888e-01 2.5000e-01 4.6479e-01 2.0000e-01 5.5172e-01 8.2892e-01 8.3812e-01 3.6486e-01 4.8276e-01 6.0423e-01 5.4098e-01 5.0000e-01 6.6667e-02 5.0000e-01 6.1290e-01 1.7647e-01 7.1429e-02 4.4615e-01 6.3823e-01 7.1429e-02 6.3453e-01 5.3435e-01 2.3529e-01 3.2258e-01 6.1053e-01 5.3933e-01 5.4064e-01 6.3684e-01 5.1408e-01 6.2252e-01
