1.8000e+01 2.7000e+01 2.3000e+01 1.9000e+01 2.9000e+01 1.3830e+03 7.0700e+02 1.5000e+01 1.8000e+01 2.0000e+01 1.9000e+01 2.5000e+01 2.2000e+01 2.3000e+01 1.6000e+01 2.9000e+01 2.7000e+01 2.1000e+01 2.9000e+01 1.7000e+01 3.0000e+01 1.6000e+01 2.6000e+01 2.7000e+01 2.1000e+01 2.8000e+01 1.8000e+01 1.8000e+01 1.9000e+01 3.2000e+01 3.1000e+01 2.3000e+01 2.0000e+01 2.8000e+01 2.5000e+01 3.8000e+01 2.1000e+01 2.2000e+01 3.3000e+01 2.0000e+01 2.5000e+01 2.4000e+01 1.9000e+01 3.1000e+01 1.9000e+01 1.7000e+01 3.5880e+03 2.0000e+01 3.0000e+01 1.3000e+01
1.9000e+01 2.0000e+01 2.4000e+01 2.6000e+01 2.3000e+01 2.6000e+01 2.1000e+01 1.4000e+01 2.2000e+01 1.7000e+01 2.6000e+01 2.8000e+01 3.0000e+01 2.6000e+01 1.6000e+01 3.0000e+01 3.4000e+01 2.4000e+01 3.2000e+01 2.5000e+01 1.9000e+01 2.2000e+01 1.9000e+01 2.4000e+01 2.8000e+01 3.2000e+01 2.3000e+01 1.9000e+01 2.8000e+01 2.9000e+01 2.6000e+01 4.6340e+03 2.4000e+01 2.6000e+01 2.9000e+01 1.8000e+01 3.3000e+01 1.6000e+01 3.3000e+01 2.7000e+01 2.7000e+01 2.2000e+01 2.2000e+01 2.8000e+01 2.0000e+01 2.6000e+01 2.6000e+01 2.4000e+01 2.9000e+01 1.8000e+01
1.1270e+03 2.8000e+01 2.8000e+01 2.5000e+01 2.8000e+01 2.6000e+01 2.8000e+01 2.9000e+01 1.9000e+01 2.4000e+01 2.0000e+01 2.4000e+01 2.0000e+01 2.9000e+01 4.0000e+01 2.3000e+01 2.7000e+01 2.7000e+01 2.0000e+01 2.0000e+01 1.7000e+01 4.8850e+03 2.8000e+01 2.3000e+01 2.7000e+01 2.5000e+01 2.4000e+01 2.9000e+01 2.5000e+01 5.8600e+02 2.5000e+01 2.2000e+01 2.7000e+01 2.0000e+01 2.4000e+01 2.1000e+01 2.2000e+01 2.8000e+01 2.4000e+01 2.8000e+01 1.8000e+01 1.3000e+01 2.6000e+01 3.1000e+01 2.2000e+01 2.6000e+01 1.9000e+01 2.3000e+01 2.6000e+01 1.8000e+01
2.7000e+01 2.4000e+01 2.6000e+01 2.4000e+01 1.8000e+01 2.7000e+01 3.0000e+01 3.0000e+01 2.4000e+01 3.0000e+01 2.1000e+01 1.6000e+01 2.6000e+01 2.3000e+01 2.3000e+01 2.7000e+01 2.4000e+01 2.5000e+01 2.9000e+01 3.1000e+01 3.1000e+01 2.6000e+01 2.7000e+01 2.7000e+01 2.5000e+01 2.7000e+01 2.1000e+01 2.1000e+01 2.6000e+01 3.1000e+01 1.8000e+01 2.9000e+01 2.9000e+01 2.2000e+01 2.4900e+02 3.0000e+01 2.4000e+01 2.6000e+01 3.2000e+01 2.2000e+01 2.1000e+01 1.8000e+01 2.6000e+01 3.1000e+01 1.9000e+01 1.9000e+01 2.3000e+01 1.9000e+01 2.6000e+01 3.0000e+01
2.7000e+01 1.8000e+01 1.9000e+01 2.8000e+01 2.6000e+01 2.7000e+01 2.8000e+01 1.9000e+01 2.4000e+01 1.9000e+01 2.6000e+01 3.2000e+01 2.8000e+01 3.9000e+01 2.4000e+01 3.2000e+01 1.8000e+01 3.2000e+01 2.5000e+01 2.2000e+01 2.4000e+01 2.2000e+01 2.6000e+01 1.8000e+01 2.5000e+01 3.3000e+01 2.2000e+01 2.7000e+01 4.9400e+03 2.2000e+01 2.3000e+01 2.7000e+01 2.0000e+01 2.1000e+01 2.3000e+01 2.5000e+01 2.3000e+01 1.6000e+01 3.0000e+01 1.8000e+01 1.9000e+01 2.4000e+01 2.4000e+01 2.4000e+01 2.4000e+01 2.0000e+01 2.2000e+01 2.4000e+01 2.1000e+01 2.4000e+01
1.9000e+01 2.6000e+01 2.5000e+01 1.9000e+01 2.3000e+01 2.3000e+01 2.2000e+01 2.7000e+01 2.5000e+01 2.0000e+01 2.0000e+01 3.2000e+01 1.8000e+01 3.1000e+01 2.4000e+01 2.3000e+01 2.7000e+01 1.8000e+01 3.1000e+01 3.2000e+01 1.8000e+01 2.6000e+01 2.5000e+01 2.8000e+01 2.6000e+01 1.6000e+01 2.5000e+01 2.6000e+01 2.7000e+01 2.4000e+01 3.2000e+01 2.6000e+01 1.8000e+01 2.3000e+01 2.4000e+01 4.8340e+03 1.8000e+01 2.5000e+01 3.4000e+01 8.0800e+02 3.1000e+01 2.6000e+01 2.7000e+01 2.4000e+01 2.2000e+01 2.3000e+01 2.1000e+01 2.4000e+01 1.9000e+01 2.1000e+01
3.1000e+01 2.7000e+01 2.7000e+01 2.3000e+01 2.7000e+01 1.9000e+01 2.0000e+01 2.8000e+01 2.6000e+01 1.6000e+01 2.6000e+01 3.0000e+01 1.8000e+01 2.9000e+01 2.0000e+01 1.8000e+01 2.2000e+01 2.9000e+01 2.8000e+01 2.3000e+01 2.0000e+01 1.8000e+01 2.8000e+01 2.6000e+01 2.8000e+01 2.6000e+01 2.7000e+01 2.4000e+01 2.5000e+01 2.3000e+01 2.3000e+01 2.0000e+01 2.5000e+01 2.6000e+01 1.7000e+01 3.3000e+01 2.0000e+01 2.0000e+01 2.3000e+01 1.8000e+01 2.2000e+01 1.9000e+01 2.1000e+01 2.7000e+01 2.1000e+01 2.3000e+01 2.8000e+01 2.1000e+01 2.0000e+01 2.0000e+01
2.1000e+01 2.9000e+01 2.4000e+01 2.2000e+01 3.2000e+01 2.1000e+01 2.1000e+01 2.4000e+01 2.3000e+01 2.7000e+01 1.9000e+01 3.4000e+01 2.6000e+01 2.6000e+01 2.3000e+01 2.2000e+01 2.4000e+01 1.5000e+01 2.5000e+01 1.7000e+01 3.2000e+01 3.2000e+01 2.2000e+01 2.2000e+01 2.5000e+01 2.6000e+01 3.8000e+01 2.9000e+01 2.9000e+01 1.8000e+01 2.1000e+01 1.9000e+01 2.3000e+01 3.0000e+01 3.0000e+01 2.7000e+01 2.7000e+01 2.5000e+01 2.4000e+01 1.7000e+01 3.1000e+01 2.9000e+01 2.6000e+01 2.7000e+01 2.6000e+01 4.3000e+01 3.1000e+01 2.5000e+01 2.4000e+01 1.7000e+01
3.5000e+01 2.9000e+01 2.3000e+01 3.5000e+01 2.6000e+01 2.8000e+01 3.1000e+01 2.8000e+01 2.1000e+01 2.5000e+01 2.7000e+01 2.7000e+01 2.7000e+01 2.4000e+01 2.3000e+01 4.7530e+03 2.2000e+01 2.1000e+01 3.0000e+01 2.4000e+01 2.2000e+01 2.4000e+01 1.7000e+01 2.1000e+01 2.7000e+01 1.7000e+01 2.5000e+01 1.9000e+01 2.2000e+01 2.0000e+01 2.1000e+01 2.1000e+01 2.5000e+01 2.2000e+01 2.8000e+01 2.9000e+01 2.4000e+01 3.4000e+01 2.2000e+01 2.7000e+01 2.7000e+01 2.8000e+01 1.5000e+01 2.9000e+01 9.2900e+02 1.6000e+01 2.1000e+01 2.4000e+01 2.1000e+01 1.6000e+01
2.4000e+01 2.4000e+01 2.8000e+01 2.4000e+01 4.7740e+03 2.0000e+01 2.3000e+01 1.7000e+01 2.8000e+01 2.7000e+01 2.1000e+01 2.6000e+01 2.6000e+01 2.7000e+01 1.6000e+01 3.1000e+01 2.2000e+01 2.5000e+01 1.9000e+01 1.3330e+03 1.7000e+01 3.4000e+01 2.5000e+01 1.3000e+01 2.3000e+01 2.9000e+01 3.4000e+01 2.7000e+01 3.4000e+01 3.0000e+01 2.9000e+01 2.6000e+01 2.7000e+01 1.9000e+01 1.5000e+01 2.7000e+01 2.5000e+01 2.3000e+01 2.3000e+01 2.6000e+01 3.6000e+01 2.4000e+01 2.3000e+01 2.9000e+01 3.0000e+01 2.4000e+01 2.6000e+01 2.4000e+01 2.6000e+01 2.5000e+01
3.7150e+03 2.6000e+01 2.7000e+01 3.0000e+01 2.5000e+01 2.2000e+01 2.2000e+01 2.6000e+01 2.2000e+01 2.8000e+01 2.7000e+01 2.6000e+01 2.0000e+01 2.1000e+01 3.5000e+01 2.7000e+01 1.6000e+01 2.6000e+01 2.6000e+01 2.0000e+01 1.9000e+01 2.5000e+01 1.5000e+01 3.1000e+01 2.2000e+01 2.4000e+01 2.6000e+01 3.6000e+01 2.2000e+01 2.6000e+01 3.0460e+03 2.9000e+01 2.2000e+01 3.2000e+01 3.0000e+01 2.0000e+01 2.9000e+01 2.0000e+01 2.7000e+01 2.8000e+01 2.1000e+01 2.4000e+01 2.9000e+01 1.7000e+01 2.2000e+01 2.5000e+01 2.5000e+01 2.6000e+01 2.3000e+01 2.6000e+01
1.6000e+01 2.8000e+01 2.7000e+01 4.2000e+01 2.7000e+01 3.7000e+01 2.1000e+01 2.0000e+01 2.4000e+01 2.7000e+01 2.9000e+01 2.4000e+01 2.0000e+01 2.5000e+01 2.8000e+01 2.4000e+01 2.3000e+01 2.4000e+01 2.1000e+01 3.0000e+01 2.3000e+01 2.9000e+01 5.3000e+01 2.1000e+01 2.9000e+01 2.3000e+01 2.6000e+01 1.9000e+01 2.9000e+01 2.1000e+01 2.6000e+01 2.5000e+01 1.7000e+01 2.7000e+01 2.8000e+01 2.5000e+01 1.4000e+01 2.1000e+01 1.1130e+03 2.3000e+01 2.1000e+01 2.5000e+01 2.2000e+01 2.2000e+01 2.6000e+01 2.7000e+01 2.3000e+01 3.1000e+01 2.2000e+01 3.0000e+01
2.6000e+01 2.0000e+01 2.6000e+01 2.3000e+01 3.7000e+01 2.2000e+01 2.3000e+01 3.4000e+01 2.9000e+01 2.1000e+01 2.7000e+01 3.6000e+01 3.8000e+01 3.7000e+01 2.1000e+01 3.3000e+01 2.0000e+01 1.9000e+01 3.4700e+02 2.7000e+01 3.1000e+01 2.0000e+01 2.1000e+01 2.2000e+01 2.2000e+01 4.9430e+03 2.9000e+01 3.3000e+01 2.5000e+01 2.7000e+01 1.7350e+03 2.8000e+01 2.6000e+01 2.0000e+01 2.0000e+01 1.6000e+01 2.5000e+01 2.4000e+01 2.4000e+01 2.5000e+01 2.7000e+01 2.6000e+01 1.7000e+01 2.6000e+01 2.2000e+01 2.2000e+01 2.8000e+01 2.2000e+01 2.1000e+01 1.9000e+01
2.0000e+01 3.6000e+01 3.0000e+01 4.5100e+02 2.5000e+01 2.4000e+01 2.4000e+01 2.7000e+01 2.3000e+01 2.2000e+01 3.0000e+01 2.2000e+01 2.7000e+01 3.0000e+01 2.8000e+01 3.0000e+01 2.4000e+01 3.0000e+01 2.7000e+01 1.9000e+01 1.8000e+01 3.6000e+01 2.0000e+01 2.4000e+01 3.0000e+01 2.6000e+01 2.4000e+01 2.9000e+01 2.7000e+01 1.8000e+01 2.0000e+01 2.5000e+01 2.8000e+01 2.2000e+01 2.6000e+01 1.8000e+01 2.5000e+01 2.3000e+01 3.7490e+03 3.3000e+01 2.2000e+01 1.9000e+01 2.1000e+01 2.6000e+01 3.3000e+01 2.5000e+01 3.6000e+01 2.3000e+01 2.2000e+01 1.9000e+01
2.9000e+01 4.0000e+01 3.5000e+01 2.4000e+01 2.7000e+01 1.6000e+01 1.8000e+01 2.1000e+01 2.9000e+01 2.8000e+01 2.3000e+01 3.3000e+01 4.1000e+01 2.9000e+01 2.6000e+01 2.2000e+01 2.6000e+01 2.5000e+01 2.6000e+01 2.7000e+01 2.2000e+01 2.3000e+01 1.8000e+01 3.3000e+01 2.2000e+01 2.5000e+01 2.2000e+01 2.6000e+01 2.8000e+01 2.3000e+01 3.1000e+01 1.9000e+01 2.4000e+01 2.5000e+01 2.5000e+01 3.7000e+01 3.3000e+01 2.2000e+01 2.3000e+01 2.3000e+01 3.0000e+01 2.3000e+01 1.9000e+01 2.2000e+01 8.3700e+02 2.0000e+01 2.1000e+01 2.3000e+01 4.6560e+03 2.6000e+01
2.1000e+01 2.2000e+01 2.0000e+01 2.2000e+01 2.1000e+01 2.6000e+01 1.9000e+01 2.1000e+01 2.8000e+01 3.0000e+01 2.2000e+01 3.2000e+01 2.3000e+01 3.0000e+01 1.8000e+01 2.5000e+01 2.6000e+01 2.9000e+01 2.4000e+01 2.9000e+01 3.4000e+01 2.8000e+01 2.1000e+01 2.0000e+01 3.0000e+01 2.3000e+01 2.2000e+01 2.3000e+01 2.6000e+01 2.8000e+01 2.2000e+01 1.9000e+01 2.3000e+01 2.8000e+01 1.7320e+03 2.4000e+01 2.7000e+01 2.5000e+01 2.9000e+01 2.6000e+01 2.2000e+01 2.2000e+01 2.3000e+01 2.5000e+01 2.7000e+01 2.2000e+01 1.9000e+01 2.3950e+03 2.4000e+01 3.8000e+01
2.7000e+01 3.6000e+01 2.0000e+01 2.9000e+01 1.7000e+01 4.0000e+01 2.1000e+01 1.6000e+01 3.0000e+01 1.9000e+01 4.7720e+03 2.2000e+01 2.6000e+01 2.8000e+01 2.4000e+01 2.3000e+01 2.0000e+01 2.0000e+01 2.9000e+01 2.2000e+01 2.9000e+01 2.5000e+01 2.0000e+01 1.7000e+01 2.4000e+01 1.8000e+01 3.0000e+01 1.8000e+01 2.2000e+01 2.1000e+01 2.2000e+01 2.1000e+01 2.3000e+01 1.8000e+01 2.4000e+01 2.8000e+01 1.8000e+01 2.8000e+01 1.8000e+01 2.7000e+01 3.4000e+01 2.3000e+01 2.2000e+01 2.7000e+01 3.1000e+01 2.6000e+01 3.2000e+01 3.5000e+01 2.7000e+01 2.4000e+01
2.2000e+01 1.9610e+03 2.1000e+01 2.2000e+01 2.8000e+01 2.8000e+01 1.8000e+01 4.7640e+03 2.6000e+01 2.1000e+01 3.2000e+01 2.2000e+01 2.7000e+01 2.1000e+01 2.2000e+01 2.7000e+01 3.6000e+01 1.3000e+01 2.7000e+01 2.8000e+01 3.2000e+01 2.7000e+01 2.6000e+01 2.8000e+01 3.1000e+01 3.8000e+01 2.9000e+01 2.3000e+01 2.5000e+01 2.6000e+01 1.9000e+01 3.0000e+01 2.3000e+01 2.0000e+01 2.6000e+01 2.0000e+01 1.7000e+01 2.5000e+01 2.8000e+01 2.1000e+01 1.8000e+01 1.8000e+01 2.0000e+01 2.1000e+01 2.6000e+01 2.4000e+01 3.1000e+01 2.4000e+01 2.6000e+01 1.9000e+01
2.6000e+01 2.4000e+01 2.7000e+01 2.2000e+01 3.2000e+01 2.8000e+01 2.9000e+01 2.1000e+01 3.1000e+01 2.0000e+01 2.1000e+01 2.1000e+01 1.8000e+01 3.0000e+01 2.8000e+01 3.0000e+01 2.7000e+01 3.2000e+01 2.9000e+01 1.8000e+01 2.3000e+01 2.8000e+01 2.4000e+01 2.7000e+01 2.6000e+01 2.0000e+01 2.2000e+01 1.7000e+01 2.4000e+01 2.1000e+01 2.1000e+01 1.6000e+01 3.0000e+01 2.2000e+01 3.0000e+01 2.1000e+01 1.8000e+01 2.7000e+01 1.8000e+01 2.2000e+01 2.6000e+01 3.0000e+01 2.2000e+01 2.2000e+01 2.0000e+01 2.8000e+01 2.6000e+01 2.8000e+01 1.9000e+01 2.9000e+01
2.1000e+01 2.2000e+01 2.2000e+01 2.0000e+01 2.7000e+01 2.3000e+01 2.4000e+01 3.1000e+01 2.3000e+01 2.0000e+01 2.9000e+01 2.4000e+01 2.6000e+01 2.7000e+01 1.7000e+01 2.8000e+01 2.9000e+01 2.4000e+01 2.7000e+01 2.7000e+01 2.0000e+01 2.7000e+01 2.5000e+01 1.9000e+01 2.8000e+01 2.4000e+01 2.6000e+01 2.7000e+01 2.9000e+01 2.8000e+01 1.8000e+01 2.2000e+01 2.3000e+01 2.1000e+01 3.0000e+01 3.0000e+01 2.2000e+01 1.3000e+01 1.7000e+01 2.6000e+01 2.5000e+01 2.2000e+01 2.2000e+01 1.4000e+01 2.4000e+01 2.0000e+01 3.5000e+01 3.3000e+01 1.8000e+01 1.9000e+01
1.9000e+01 2.1000e+01 2.9000e+01 2.4000e+01 3.0000e+01 2.9000e+01 3.0000e+01 3.5000e+01 3.2000e+01 2.8000e+01 3.0000e+01 2.3000e+01 3.0000e+01 3.1000e+01 2.7000e+01 2.0000e+01 2.9000e+01 2.6000e+01 2.8000e+01 2.6000e+01 2.4000e+01 2.3000e+01 2.4000e+01 2.6000e+01 1.3000e+01 2.6000e+01 1.5000e+01 2.7000e+01 3.1000e+01 2.5000e+01 3.0000e+01 2.5000e+01 2.4000e+01 2.5000e+01 2.8000e+01 2.8000e+01 2.2000e+01 2.6000e+01 2.8000e+01 2.5000e+01 2.6000e+01 3.2000e+01 2.3000e+01 1.8000e+01 2.5000e+01 2.8000e+01 3.8000e+01 3.6000e+01 2.6000e+01 4.8490e+03
2.0000e+01 3.0000e+01 2.3000e+01 2.2000e+01 1.9000e+01 1.9000e+01 2.8000e+01 1.9000e+01 3.3000e+01 1.6000e+01 1.9000e+01 2.1000e+01 2.8000e+01 2.7000e+01 3.2000e+01 2.0000e+01 1.8000e+01 1.4000e+01 2.5000e+01 2.7000e+01 1.6000e+01 2.6000e+01 2.8000e+01 4.2000e+01 3.3000e+01 2.1000e+01 1.8000e+01 2.7000e+01 2.1000e+01 2.5000e+01 2.1000e+01 2.7000e+01 2.3000e+01 4.8430e+03 2.4000e+01 2.8000e+01 2.6000e+01 3.4000e+01 2.6000e+01 1.9000e+01 2.5000e+01 2.0000e+01 3.6000e+01 1.8000e+01 2.3000e+01 2.4000e+01 2.0000e+01 2.2000e+01 2.8000e+01 2.1000e+01
2.1000e+01 2.1000e+01 3.1000e+01 2.3000e+01 2.7000e+01 3.0000e+01 3.1000e+01 2.9000e+01 2.1000e+01 3.2000e+01 1.7000e+01 2.6000e+01 2.0000e+01 3.2000e+01 2.0000e+01 3.3000e+01 2.1000e+01 2.1000e+01 2.4000e+01 3.9000e+01 1.5000e+01 3.1000e+01 2.1000e+01 1.9510e+03 3.3000e+01 2.8000e+01 2.6000e+01 2.4000e+01 2.8000e+01 2.9000e+01 2.4000e+01 8.5000e+01 4.3470e+03 2.1000e+01 3.0000e+01 2.4000e+01 1.4000e+01 2.7000e+01 2.6000e+01 1.7000e+01 2.9000e+01 3.0000e+01 2.0000e+01 1.9000e+01 2.8000e+01 2.4000e+01 2.5000e+01 3.4000e+01 2.7000e+01 3.5000e+01
2.1000e+01 2.4000e+01 2.5000e+01 2.1000e+01 3.2000e+01 1.8000e+01 2.2000e+01 2.6000e+01 2.1000e+01 2.5000e+01 1.6000e+01 1.9000e+01 2.2000e+01 3.1000e+01 1.7000e+01 2.5000e+01 2.4810e+03 2.1000e+01 1.7000e+01 3.3000e+01 2.3000e+01 2.7000e+01 4.7820e+03 2.8000e+01 2.2000e+01 2.5000e+01 1.0000e+01 2.6000e+01 2.3000e+01 3.3000e+01 1.8000e+01 2.6000e+01 2.8000e+01 2.3000e+01 2.2000e+01 2.6000e+01 2.3000e+01 2.6000e+01 1.8000e+01 2.3000e+01 2.2000e+01 3.0000e+01 2.7000e+01 3.1000e+01 1.7000e+01 2.6000e+01 3.5000e+01 3.2000e+01 2.2000e+01 2.1000e+01
1.9000e+01 1.2000e+01 3.1000e+01 2.4000e+01 2.1000e+01 2.3000e+01 2.7000e+01 2.5000e+01 3.2000e+01 2.3000e+01 3.4000e+01 2.4000e+01 2.6000e+01 2.9000e+01 2.6000e+01 2.2000e+01 1.9000e+01 1.4000e+01 1.9000e+01 1.9000e+01 3.0000e+01 2.4000e+01 2.6000e+01 1.8000e+01 2.3000e+01 1.9000e+01 3.4000e+01 2.0910e+03 2.3000e+01 3.0000e+01 1.6000e+01 1.8000e+01 1.7000e+01 2.8000e+01 2.8000e+01 1.9000e+01 2.2000e+01 3.7000e+01 2.6000e+01 2.0000e+01 2.5000e+01 3.1000e+01 1.6000e+01 2.5000e+01 3.1170e+03 3.3000e+01 2.9000e+01 2.4000e+01 2.3000e+01 2.9000e+01
2.0000e+01 2.9000e+01 2.3000e+01 2.2000e+01 2.0000e+01 1.6000e+01 2.1000e+01 2.5000e+01 2.7000e+01 2.5000e+01 3.3000e+01 2.4000e+01 2.2000e+01 2.7000e+01 2.9000e+01 2.5000e+01 2.7000e+01 2.6000e+01 3.3000e+01 2.2000e+01 2.5000e+01 1.9000e+01 2.7000e+01 2.9780e+03 1.5000e+01 2.3000e+01 2.1000e+01 3.3000e+01 2.3000e+01 2.1000e+01 2.4000e+01 2.4000e+01 2.6000e+01 2.9000e+01 1.9000e+01 1.8000e+01 2.4000e+01 3.5000e+02 2.2000e+01 2.7000e+01 2.9000e+01 2.2000e+01 3.2000e+01 2.7000e+01 1.3000e+01 2.5000e+01 2.8000e+01 2.3210e+03 2.1000e+01 2.7000e+01
1.5000e+01 2.3000e+01 2.5000e+01 2.8000e+01 2.4000e+01 2.6000e+01 4.0570e+03 2.7000e+01 1.9000e+01 2.5000e+01 2.3000e+01 2.4000e+01 2.7000e+01 1.5000e+01 2.3000e+01 2.0000e+01 2.7000e+01 2.4000e+01 2.2000e+01 1.9000e+01 2.5000e+01 2.7000e+01 2.4000e+01 3.4000e+01 3.3000e+01 3.1000e+01 1.2000e+01 1.7000e+01 1.7000e+01 2.5000e+01 2.4000e+01 1.9000e+01 2.1000e+01 2.3000e+01 1.5000e+01 2.5000e+01 2.3000e+01 2.8000e+01 2.4000e+01 2.5000e+01 2.3000e+01 1.6000e+01 3.0000e+01 1.8000e+01 2.1000e+01 1.9000e+01 2.6000e+01 2.3000e+01 2.3000e+01 3.4000e+01
2.3000e+01 2.1000e+01 3.2000e+01 2.0000e+01 2.2000e+01 2.3000e+01 2.4000e+01 2.4000e+01 1.8000e+01 3.0000e+01 3.1000e+01 2.4000e+01 2.5000e+01 2.9000e+01 3.1000e+01 1.8000e+01 1.7000e+01 2.4000e+01 2.0000e+01 3.4000e+01 1.6000e+01 2.6000e+01 3.5000e+01 2.4000e+01 1.3000e+01 2.8000e+01 2.9000e+01 1.9000e+01 1.6000e+01 2.6000e+01 2.4000e+01 2.7000e+01 2.8000e+01 2.9000e+01 1.6000e+01 1.5000e+01 3.1000e+01 2.7000e+01 2.3000e+01 2.2000e+01 2.2000e+01 1.9000e+01 2.9000e+01 3.1000e+01 2.4000e+01 4.9030e+03 2.5000e+01 2.6000e+01 3.2000e+01 3.5000e+01
6.1000e+01 3.8000e+01 2.3000e+01 2.5000e+01 2.8000e+01 2.4000e+01 3.1000e+01 2.9000e+01 2.7000e+01 3.0000e+01 1.8000e+01 3.4000e+01 2.6000e+01 2.4000e+01 2.3570e+03 2.2000e+01 2.2020e+03 2.1000e+01 2.7000e+01 2.2100e+03 2.2000e+01 3.0000e+01 3.1000e+01 1.2000e+01 3.4000e+01 2.9000e+01 2.7000e+01 2.0000e+01 2.3000e+01 3.7000e+01 3.2000e+01 2.0000e+01 2.6000e+01 2.7000e+01 2.5000e+01 2.1000e+01 2.6000e+01 2.2000e+01 2.3000e+01 2.0000e+01 2.0000e+01 2.6000e+01 2.6000e+01 2.5000e+01 2.5000e+01 3.0000e+01 2.5000e+01 2.0000e+01 2.7000e+01 2.0000e+01
2.2000e+01 1.9000e+01 2.2000e+01 3.1000e+01 2.6000e+01 2.6000e+01 1.3000e+01 2.8000e+01 4.3000e+01 2.3000e+01 2.7000e+01 2.0000e+01 2.7000e+01 1.7000e+01 1.9000e+01 1.6000e+01 2.7000e+01 2.4000e+01 1.7000e+01 2.4000e+01 2.9000e+01 2.7000e+01 3.0000e+01 2.2000e+01 2.0000e+01 2.3000e+01 1.6000e+01 3.2000e+01 2.1000e+01 2.4180e+03 2.6000e+01 1.8000e+01 1.8000e+01 2.4000e+01 2.7260e+03 2.0000e+01 2.5000e+01 2.7000e+01 2.4000e+01 1.7000e+01 2.5000e+01 2.3000e+01 3.0000e+01 2.2000e+01 2.9000e+01 2.9000e+01 2.5000e+01 2.5000e+01 1.5000e+01 2.1000e+01
2.7000e+01 2.1000e+01 2.4000e+01 2.3000e+01 2.7000e+01 3.0000e+01 2.2000e+01 1.4000e+01 1.8000e+01 3.0000e+01 1.9000e+01 3.0000e+01 2.4000e+01 1.7000e+01 1.1840e+03 3.4000e+01 2.3000e+01 2.6000e+01 3.5000e+01 2.6000e+01 4.9630e+03 2.2000e+01 1.9000e+01 2.1000e+01 3.4000e+01 1.7000e+01 2.7000e+01 3.0000e+01 2.5000e+01 1.5000e+01 2.1000e+01 2.8000e+01 2.9000e+01 3.4000e+01 2.0000e+01 2.4000e+01 2.1000e+01 1.9000e+01 2.2000e+01 3.0000e+01 3.0000e+01 2.7000e+01 2.8000e+01 2.6000e+01 2.4000e+01 2.9000e+01 2.5000e+01 2.1000e+01 2.5000e+01 2.5000e+01
1.7000e+01 2.3000e+01 2.2000e+01 2.2000e+01 2.1000e+01 2.6000e+01 3.0000e+01 2.9000e+01 2.7000e+01 2.8000e+01 3.9000e+01 4.7910e+03 1.8000e+01 2.8000e+01 1.2560e+03 2.2000e+01 2.5000e+01 3.1000e+01 2.0000e+01 2.9000e+01 2.3000e+01 1.8000e+01 2.6000e+01 2.2000e+01 2.8000e+01 3.7000e+01 2.2000e+01 1.7000e+01 2.4000e+01 2.7000e+01 3.1000e+01 2.7000e+01 2.4000e+01 2.8000e+01 2.0000e+01 2.5000e+01 2.2000e+01 1.9000e+01 3.2000e+01 4.2000e+01 2.3000e+01 3.3000e+01 5.9000e+01 2.9000e+01 3.1000e+01 2.1000e+01 2.9000e+01 3.7000e+01 2.3000e+01 2.6000e+01
2.5000e+01 1.9000e+01 2.4000e+01 2.7000e+01 2.5000e+01 3.4420e+03 2.3000e+01 2.4000e+01 2.3000e+01 2.7000e+01 1.3000e+01 2.0000e+01 1.6000e+01 2.6000e+01 1.6000e+01 3.6000e+01 1.7000e+01 2.1000e+01 2.6000e+01 1.8000e+01 2.3000e+01 2.1000e+01 2.3000e+01 2.2000e+01 2.2000e+01 3.0000e+01 3.0000e+01 2.8000e+01 2.5000e+01 1.7860e+03 1.6000e+01 2.1000e+01 2.4000e+01 1.5000e+01 2.6000e+01 3.2000e+01 2.3000e+01 3.2000e+01 2.1000e+01 3.2000e+01 2.2000e+01 3.0000e+01 2.4000e+01 2.8000e+01 2.0000e+01 1.5000e+01 2.3000e+01 1.9000e+01 2.8000e+01 2.9000e+01
2.4000e+01 1.9000e+01 2.2000e+01 2.1000e+01 2.0000e+01 3.4000e+01 2.1000e+01 1.1400e+02 3.6130e+03 2.3000e+01 2.6000e+01 2.5000e+01 1.8200e+03 2.1000e+01 1.8000e+01 2.2000e+01 1.7000e+01 2.8000e+01 2.2000e+01 1.5000e+01 1.9000e+01 2.3000e+01 2.9000e+01 1.9000e+01 2.3000e+01 1.9000e+01 2.5000e+01 2.5000e+01 2.5000e+01 2.2000e+01 2.4000e+01 1.8000e+01 1.7000e+01 2.6000e+01 2.8000e+01 2.8000e+01 1.6000e+01 1.8000e+01 1.9000e+01 1.4000e+01 2.7690e+03 1.5000e+01 1.9000e+01 2.4000e+01 2.1000e+01 2.6000e+01 2.0000e+01 2.6000e+01 2.2000e+01 2.5000e+01
2.3000e+01 2.1000e+01 2.6000e+01 2.9000e+01 1.9000e+01 2.4000e+01 2.1000e+01 2.3000e+01 2.3000e+01 1.9000e+01 2.3000e+01 2.8000e+01 2.5000e+01 2.2000e+01 1.7000e+01 3.4000e+01 2.6000e+01 1.9000e+01 1.4000e+01 2.5000e+01 3.1000e+01 1.7000e+01 1.8000e+01 2.3000e+01 2.1000e+01 1.9000e+01 3.1000e+01 2.4000e+01 2.5000e+01 2.3000e+01 2.4000e+01 2.6000e+01 2.1000e+01 2.0000e+01 2.3000e+01 2.2000e+01 1.7000e+01 1.7000e+01 2.8000e+01 2.0000e+01 2.3000e+01 2.6000e+01 1.7000e+01 3.6020e+03 1.9000e+01 2.4000e+01 2.4000e+01 2.6000e+01 2.6000e+01 2.3000e+01
2.1000e+01 2.7000e+01 2.6000e+01 2.4000e+01 3.0000e+01 2.5000e+01 1.9000e+01 2.1000e+01 2.7000e+01 3.5000e+01 2.4000e+01 2.4000e+01 2.5000e+01 2.1000e+01 2.3000e+01 2.3000e+01 2.7000e+01 2.2000e+01 2.7090e+03 3.5000e+01 2.2000e+01 2.5000e+01 2.7000e+01 2.2000e+01 3.5000e+01 2.1000e+01 2.4000e+01 2.7000e+01 1.6000e+01 2.5000e+01 2.2000e+01 2.6000e+01 2.4000e+01 3.1000e+01 2.3000e+01 1.7000e+01 4.7580e+03 2.7000e+01 2.0000e+01 2.9000e+01 2.4000e+01 3.0000e+01 2.8000e+01 2.6000e+01 2.6000e+01 3.2000e+01 2.2000e+01 3.0000e+01 1.9000e+01 2.5000e+01
2.4000e+01 3.4000e+01 3.1000e+01 2.1000e+01 2.3000e+01 2.6000e+01 2.8000e+01 1.6000e+01 2.8000e+01 3.3000e+01 2.7000e+01 2.8000e+01 3.0000e+01 1.5000e+01 3.4000e+01 2.7000e+01 2.7000e+01 2.5770e+03 2.0000e+01 1.9000e+01 3.0000e+01 1.9000e+01 2.4000e+01 2.0000e+01 1.3000e+01 1.8000e+01 4.4000e+01 2.4000e+01 2.1000e+01 2.2000e+01 2.4000e+01 2.0000e+01 2.2000e+01 2.7000e+01 2.7000e+01 1.9000e+01 2.6000e+01 2.2000e+01 2.6000e+01 2.7000e+01 2.6000e+01 4.7620e+03 2.3000e+01 2.5000e+01 3.1000e+01 1.8000e+01 1.2170e+03 2.7000e+01 1.6000e+01 1.6000e+01
2.9000e+01 3.4000e+01 2.5000e+01 2.1000e+01 3.1000e+01 1.0100e+02 3.0000e+01 2.7000e+01 2.3000e+01 2.8000e+01 2.3000e+01 2.5000e+01 2.3000e+01 2.4000e+01 2.5000e+01 2.6000e+01 2.5000e+01 2.3000e+01 2.1000e+01 2.8000e+01 2.1000e+01 1.9000e+01 2.5000e+01 2.2000e+01 2.6000e+01 1.9000e+01 2.3000e+01 3.0000e+01 2.6000e+01 2.0000e+01 2.1000e+01 2.3000e+01 1.8000e+01 3.2000e+01 2.7000e+01 2.7000e+01 2.8000e+01 2.5000e+01 2.5000e+01 2.3000e+01 2.3000e+01 3.1000e+01 4.7570e+03 2.3000e+01 2.2000e+01 2.5000e+01 2.7000e+01 1.8000e+01 2.8000e+01 2.5000e+01
2.5000e+01 2.7920e+03 2.2000e+01 2.2000e+01 3.1000e+01 2.2000e+01 1.9000e+01 2.2000e+01 3.1000e+01 1.9000e+01 1.6000e+01 2.8000e+01 1.9000e+01 2.0540e+03 2.2000e+01 2.0000e+01 3.1000e+01 7.1600e+02 2.0000e+01 1.1760e+03 2.5000e+01 2.6000e+01 2.2000e+01 1.4000e+01 2.8000e+01 1.5000e+01 2.8000e+01 3.1000e+01 2.6000e+01 2.9000e+01 3.0000e+01 3.9000e+01 2.5000e+01 2.4000e+01 2.4000e+01 2.7000e+01 2.8000e+01 1.6000e+01 2.7000e+01 2.2000e+01 3.2000e+01 2.5000e+01 2.0000e+01 1.7000e+01 2.0000e+01 2.1000e+01 2.2000e+01 2.3000e+01 2.7000e+01 2.8000e+01
2.1000e+01 1.9000e+01 4.7350e+03 2.0000e+01 2.3000e+01 3.0000e+01 2.7000e+01 2.3000e+01 2.2000e+01 3.2000e+01 2.8000e+01 1.4000e+01 3.1000e+03 2.1000e+01 3.0000e+01 2.9000e+01 2.7000e+01 2.8000e+01 2.5000e+01 2.3000e+01 2.0000e+01 2.4000e+01 1.7000e+01 1.6000e+01 2.8000e+01 2.2000e+01 2.8000e+01 2.1000e+01 2.8000e+01 2.6000e+01 3.3000e+01 2.9000e+01 2.5000e+01 1.9000e+01 3.0000e+01 2.1000e+01 3.2000e+01 1.8000e+01 2.7000e+01 2.0000e+01 3.0000e+01 2.2000e+01 3.4000e+01 2.1000e+01 2.1000e+01 2.3000e+01 1.5000e+01 2.1000e+01 1.8000e+01 2.5000e+01
2.3000e+01 2.4000e+01 2.8000e+01 3.4000e+01 2.8000e+01 2.4000e+01 2.1000e+01 2.2000e+01 2.3000e+01 2.3000e+01 1.7000e+01 2.7000e+01 2.6000e+01 2.6900e+03 2.0000e+01 2.7000e+01 3.8000e+01 2.0000e+01 2.4000e+01 2.4000e+01 2.4000e+01 2.0000e+01 2.3000e+01 2.1000e+01 4.7630e+03 3.3000e+01 2.7000e+01 3.5000e+01 2.2000e+01 1.7000e+01 2.4000e+01 3.1000e+01 2.6000e+01 2.5000e+01 1.4000e+01 2.3000e+01 1.7000e+01 2.4000e+01 2.1000e+01 1.8000e+01 2.0000e+01 2.8000e+01 2.1000e+01 2.6000e+01 3.8000e+01 2.9000e+01 2.6000e+01 7.3000e+01 2.4000e+01 2.9000e+01
3.1000e+01 3.1000e+01 2.3000e+01 3.3000e+01 2.1000e+01 3.2000e+01 2.2000e+01 3.4000e+01 1.1450e+03 2.6000e+01 2.6000e+01 2.0000e+01 2.8000e+01 2.3000e+01 2.7000e+01 3.1000e+01 2.4000e+01 1.5590e+03 1.7920e+03 3.1000e+01 2.3000e+01 2.5000e+01 2.4000e+01 2.0000e+01 2.5000e+01 3.1000e+01 2.7000e+01 2.6740e+03 2.8000e+01 2.4000e+01 2.8000e+01 3.3000e+01 2.8000e+01 3.0000e+01 3.3000e+01 2.5000e+01 9.1000e+01 2.7000e+01 2.1000e+01 3.2000e+01 1.9000e+01 2.9000e+01 1.7000e+01 2.0000e+01 2.3000e+01 1.7000e+01 3.0000e+01 2.4000e+01 3.4000e+01 3.0000e+01
2.5000e+01 2.9000e+01 2.1000e+01 2.5000e+01 1.5000e+01 3.5000e+01 3.0000e+01 2.4000e+01 2.2000e+01 2.4000e+01 2.3000e+01 1.9000e+01 2.9000e+01 3.4000e+01 4.3000e+01 1.3000e+01 2.3000e+01 2.3000e+01 2.3000e+01 2.5000e+01 3.3000e+01 2.1000e+01 3.3000e+01 2.9000e+01 1.8000e+01 2.3000e+01 2.8000e+01 2.1000e+01 1.9000e+01 2.5000e+01 1.7000e+01 1.5000e+01 3.1000e+01 3.0000e+01 3.5000e+01 2.4000e+01 1.6000e+01 1.9000e+01 3.4000e+01 2.7000e+01 2.6000e+01 2.2000e+01 1.6000e+01 2.7000e+01 1.5000e+01 2.4000e+01 2.2000e+01 1.8000e+01 2.5000e+01 1.9000e+01
2.2000e+01 1.7000e+01 2.5000e+01 1.4000e+01 2.2000e+01 2.2000e+01 2.1000e+01 3.0000e+01 1.6000e+01 1.6000e+01 3.1000e+01 1.9000e+01 1.5000e+01 2.5000e+01 3.0000e+01 2.7000e+01 2.4000e+01 2.4000e+01 2.2000e+01 3.3000e+01 3.2000e+01 2.4000e+01 3.2000e+01 2.1000e+01 3.1000e+01 3.1000e+01 1.8000e+01 2.4000e+01 2.3000e+01 2.8000e+01 2.4000e+01 2.4000e+01 2.1000e+01 1.8000e+01 2.4000e+01 2.1000e+01 2.7000e+01 3.0000e+01 3.0000e+01 4.0520e+03 2.5000e+01 2.7000e+01 2.2000e+01 2.4000e+01 2.6000e+01 3.3000e+01 3.0000e+01 2.6000e+01 2.9000e+01 2.4000e+01
2.8000e+01 2.0000e+01 2.0000e+01 2.9000e+01 2.9000e+01 3.3000e+01 2.8000e+01 1.9000e+01 2.1000e+01 2.9000e+01 2.1000e+01 2.8000e+01 3.0000e+01 2.8000e+01 2.4000e+01 1.9000e+01 2.7000e+01 2.7000e+01 2.5000e+01 2.4000e+01 2.8000e+01 2.7000e+01 3.0000e+01 3.0000e+01 2.4000e+01 2.1000e+01 2.3000e+01 2.6000e+01 3.2000e+01 2.7000e+01 3.3000e+01 3.0000e+01 2.5000e+01 2.3000e+01 3.1000e+01 1.8000e+01 1.4000e+01 2.6000e+01 2.6000e+01 2.0000e+01 2.7000e+01 1.5000e+01 3.2000e+01 2.3000e+01 1.8000e+01 2.8000e+01 2.2000e+01 2.6000e+01 2.5000e+01 2.1000e+01
1.8000e+01 2.5000e+01 2.2000e+01 2.3000e+01 1.9000e+01 3.0000e+01 2.9000e+01 3.3000e+01 2.8000e+01 2.7000e+01 1.9000e+01 2.1000e+01 3.2000e+01 2.5000e+01 2.1000e+01 2.8000e+01 2.8000e+01 2.8000e+01 1.9000e+01 2.1000e+01 2.6000e+01 2.1000e+01 3.1000e+01 2.9000e+01 2.2000e+01 2.9000e+01 4.8330e+03 2.3000e+01 2.8000e+01 3.0000e+01 2.2000e+01 3.2000e+01 2.2000e+01 3.1000e+01 2.6000e+01 1.7000e+01 2.6000e+01 1.9000e+01 2.4000e+01 2.5000e+01 1.9000e+01 2.8000e+01 2.2000e+01 1.2880e+03 1.7000e+01 2.3000e+01 2.0000e+01 1.9000e+01 2.2000e+01 2.9000e+01
2.5000e+01 2.6000e+01 3.3000e+01 2.2000e+01 3.5000e+01 2.3000e+01 2.4000e+01 2.3000e+01 2.2000e+01 2.7000e+01 2.9000e+01 3.2000e+01 2.1000e+01 3.2000e+01 3.2000e+01 2.6000e+01 2.6000e+01 3.3000e+01 2.8000e+01 2.7000e+01 3.0000e+01 1.8000e+01 3.0000e+01 2.5000e+01 1.4000e+01 2.5000e+01 2.1000e+01 2.3000e+01 2.0000e+01 2.1000e+01 2.9000e+01 2.8000e+01 2.2000e+01 1.4000e+01 2.2000e+01 2.2000e+01 2.5000e+01 1.3000e+01 1.6000e+01 2.5000e+01 2.5000e+01 2.9000e+01 2.5000e+01 2.7000e+01 3.3000e+01 2.7000e+01 2.6000e+01 1.5000e+01 2.7000e+01 2.5000e+01
2.6000e+01 2.6000e+01 1.8000e+01 4.3000e+03 1.9000e+01 3.0000e+01 2.4000e+01 2.0000e+01 3.3000e+01 2.0000e+01 2.4000e+01 2.3000e+01 3.9000e+01 1.6000e+01 2.6000e+01 2.6000e+01 2.4000e+01 2.4000e+01 2.1000e+01 1.7000e+01 2.1000e+01 2.0000e+01 1.8000e+01 3.4000e+01 2.6000e+01 1.5000e+01 2.6000e+01 3.9000e+01 1.8000e+01 2.7000e+01 2.1000e+01 2.9000e+01 3.7000e+01 1.8000e+01 1.5000e+01 2.2000e+01 1.5000e+01 3.2000e+01 2.0000e+01 2.2000e+01 1.9930e+03 2.8000e+01 2.6000e+01 2.5000e+01 2.2000e+01 2.1000e+01 2.9000e+01 2.3000e+01 2.4000e+01 1.4000e+01
2.8000e+01 2.0000e+01 1.6000e+01 2.8000e+01 2.2000e+01 2.4000e+01 2.1000e+01 2.6000e+01 1.6000e+01 2.1000e+01 2.8000e+01 2.7000e+01 2.4000e+01 2.5000e+01 3.2000e+01 2.3000e+01 2.2000e+01 2.7000e+01 3.0000e+01 2.3000e+01 2.6000e+01 3.4000e+01 2.0000e+01 2.2000e+01 2.6000e+01 2.1000e+01 2.9000e+01 2.2000e+01 2.0000e+01 2.4000e+01 3.5000e+01 3.3000e+01 2.8000e+01 2.4000e+01 2.2000e+01 1.8000e+01 2.4000e+01 4.5030e+03 2.0000e+01 2.1000e+01 2.8000e+01 1.8000e+01 3.1000e+01 2.8000e+01 2.4000e+01 2.0000e+01 3.4000e+01 2.2000e+01 2.1000e+01 3.4000e+01
2.4000e+01 2.2000e+01 2.1000e+01 2.2000e+01 2.0000e+01 3.3000e+01 2.1000e+01 1.8000e+01 2.6000e+01 4.9310e+03 1.4000e+01 2.0000e+01 2.9000e+01 2.1000e+01 2.3000e+01 2.6000e+01 3.0000e+01 2.6000e+01 3.9000e+01 2.3000e+01 3.0000e+01 2.2000e+01 1.7000e+01 2.4000e+01 3.2000e+01 2.7000e+01 2.8000e+01 2.2000e+01 2.2000e+01 2.2000e+01 1.5000e+01 1.3000e+01 4.8200e+02 1.9000e+01 1.8000e+01 3.4000e+01 2.6000e+01 2.6000e+01 2.5000e+01 2.0000e+01 2.6000e+01 2.7000e+01 2.7000e+01 2.3000e+01 1.6000e+01 2.0000e+01 1.1000e+01 1.3000e+01 2.5000e+01 2.5000e+01
