8.0200e-10 0.0000e+00 1.9143e-09 1.1908e-09 0.0000e+00 0.0000e+00 0.0000e+00 0.0000e+00 2.0000e-02 2.0000e-02 3.8266e-09 1.1872e-08 3.0293e-09 2.7679e-08 8.1618e-10 6.8278e-10 3.5688e-09 8.8081e-10 6.0411e-09 2.1057e-09 0.0000e+00 2.2588e-07 4.2180e-08 2.0000e-02 3.3796e-11 5.0345e-09 1.2429e-09 1.0388e-09 0.0000e+00 1.9138e-02 1.1079e-09 0.0000e+00 4.0334e-03 9.4942e-09 0.0000e+00 1.3268e-10 8.0745e-09 1.8916e-09 0.0000e+00 1.5555e-08 2.0000e-02 0.0000e+00 3.2130e-09 5.3762e-08 0.0000e+00 0.0000e+00 0.0000e+00 0.0000e+00 6.4611e-11 1.2512e-09
0.0000e+00 7.2866e-10 2.2741e-03 0.0000e+00 0.0000e+00 2.4001e-10 0.0000e+00 6.4150e-09 0.0000e+00 3.7451e-09 0.0000e+00 0.0000e+00 2.3061e-10 0.0000e+00 2.0000e-02 0.0000e+00 1.3261e-09 2.0000e-02 2.0000e-02 1.2352e-09 9.1521e-10 2.0000e-02 2.7448e-09 0.0000e+00 3.1716e-09 1.7289e-09 0.0000e+00 2.5779e-10 2.0094e-08 0.0000e+00 0.0000e+00 7.8883e-09 0.0000e+00 0.0000e+00 3.0613e-09 7.6708e-08 0.0000e+00 0.0000e+00 0.0000e+00 0.0000e+00 0.0000e+00 0.0000e+00 2.0000e-02 3.3602e-09 0.0000e+00 0.0000e+00 0.0000e+00 0.0000e+00 0.0000e+00 3.0226e-08
5.9550e-09 1.5601e-09 1.7726e-02 0.0000e+00 0.0000e+00 0.0000e+00 2.0000e-02 3.1265e-10 0.0000e+00 0.0000e+00 2.0000e-02 0.0000e+00 0.0000e+00 0.0000e+00 0.0000e+00 0.0000e+00 0.0000e+00 0.0000e+00 2.9213e-09 4.9083e-09 0.0000e+00 0.0000e+00 6.4517e-10 0.0000e+00 2.5951e-09 1.6228e-12 1.1876e-09 0.0000e+00 5.6612e-08 0.0000e+00 0.0000e+00 2.0000e-02 1.5967e-02 0.0000e+00 0.0000e+00 7.4191e-10 0.0000e+00 2.6879e-09 0.0000e+00 9.8928e-09 0.0000e+00 0.0000e+00 0.0000e+00 2.7027e-10 1.7524e-11 0.0000e+00 0.0000e+00 1.2127e-03 7.6380e-10 5.5426e-08
0.0000e+00 0.0000e+00 0.0000e+00 0.0000e+00 0.0000e+00 9.5776e-10 0.0000e+00 0.0000e+00 0.0000e+00 2.4409e-10 0.0000e+00 7.2284e-10 0.0000e+00 1.5225e-09 0.0000e+00 0.0000e+00 0.0000e+00 1.0196e-09 7.2684e-10 1.9287e-06 1.5293e-08 4.3155e-10 1.1364e-09 2.4485e-09 1.6951e-02 4.9419e-09 1.0663e-07 2.0000e-02 2.0390e-09 2.5359e-09 2.0000e-02 6.6618e-10 2.3355e-09 2.4072e-08 6.3043e-09 2.2143e-09 0.0000e+00 6.3170e-10 2.0000e-02 0.0000e+00 8.5184e-10 4.5456e-09 0.0000e+00 0.0000e+00 3.7144e-09 2.0000e-02 1.5779e-08 4.3387e-10 4.0264e-09 1.0076e-09
3.9689e-10 1.0820e-09 7.3802e-10 0.0000e+00 5.7366e-10 6.0301e-10 0.0000e+00 3.8016e-09 0.0000e+00 0.0000e+00 2.4603e-09 8.4990e-10 1.9885e-02 0.0000e+00 0.0000e+00 7.1759e-10 2.0000e-02 2.0495e-09 1.7078e-09 1.9998e-02 1.1512e-09 7.1218e-10 0.0000e+00 0.0000e+00 0.0000e+00 0.0000e+00 5.7095e-03 1.2757e-09 1.5956e-08 0.0000e+00 0.0000e+00 1.7990e-09 7.0659e-10 0.0000e+00 2.0000e-02 8.3931e-09 1.8853e-09 8.6862e-10 4.9440e-10 0.0000e+00 1.0690e-09 2.3006e-09 0.0000e+00 0.0000e+00 3.5955e-10 0.0000e+00 3.3611e-09 0.0000e+00 3.7325e-09 2.0000e-02
7.6859e-09 2.9731e-08 5.9208e-09 5.9145e-09 5.3149e-09 1.1136e-12 3.3010e-10 4.7513e-09 3.2298e-09 1.8109e-08 7.6573e-10 2.0547e-09 1.1527e-04 6.2507e-09 0.0000e+00 0.0000e+00 1.9285e-09 0.0000e+00 6.7686e-09 0.0000e+00 6.6326e-09 2.3777e-07 2.0000e-02 2.2343e-08 3.0486e-03 9.7738e-10 6.5670e-09 1.3310e-09 5.8864e-09 0.0000e+00 2.5662e-09 1.7752e-09 6.5006e-10 2.7011e-09 6.8235e-09 1.9209e-08 7.1333e-09 2.0000e-02 8.5839e-09 2.0000e-02 1.2290e-07 2.0000e-02 2.0703e-09 2.2276e-08 2.0000e-02 2.4269e-10 0.0000e+00 2.8225e-09 7.9841e-10 0.0000e+00
2.0000e-02 0.0000e+00 3.0721e-09 1.4765e-09 2.0000e-02 0.0000e+00 2.6915e-08 2.0000e-02 0.0000e+00 7.1356e-08 0.0000e+00 0.0000e+00 0.0000e+00 0.0000e+00 0.0000e+00 2.0000e-02 8.1556e-09 0.0000e+00 0.0000e+00 8.3289e-09 2.9012e-09 0.0000e+00 1.1406e-10 0.0000e+00 4.5324e-09 0.0000e+00 0.0000e+00 2.1248e-09 3.0151e-09 0.0000e+00 0.0000e+00 1.3432e-09 0.0000e+00 0.0000e+00 0.0000e+00 1.3555e-08 0.0000e+00 0.0000e+00 5.9073e-10 3.3334e-09 9.8529e-09 0.0000e+00 6.1015e-09 0.0000e+00 0.0000e+00 0.0000e+00 0.0000e+00 1.8787e-02 2.2641e-08 0.0000e+00
0.0000e+00 1.2917e-09 9.3004e-10 0.0000e+00 5.8894e-09 0.0000e+00 0.0000e+00 6.3864e-11 3.3826e-09 1.6042e-09 0.0000e+00 1.3324e-08 0.0000e+00 2.0000e-02 1.0289e-09 1.9790e-09 1.1001e-09 9.0122e-10 0.0000e+00 1.0583e-08 1.5336e-08 6.4043e-11 0.0000e+00 0.0000e+00 0.0000e+00 0.0000e+00 1.2151e-08 1.2321e-09 2.0000e-02 0.0000e+00 0.0000e+00 5.3609e-11 6.8810e-09 2.0000e-02 8.2684e-09 2.0000e-02 0.0000e+00 9.6368e-10 1.1961e-09 2.8904e-10 1.8529e-09 0.0000e+00 0.0000e+00 0.0000e+00 0.0000e+00 2.1218e-09 2.5627e-09 0.0000e+00 2.0000e-02 2.2173e-08
9.4972e-10 2.0000e-02 1.0630e-09 2.0000e-02 2.7381e-09 6.3034e-08 4.9435e-10 2.0110e-10 4.6748e-10 3.7970e-10 1.5532e-09 1.4025e-09 9.4372e-09 7.1374e-09 5.1764e-10 1.2103e-09 1.1010e-09 1.0250e-09 6.2518e-09 1.3785e-08 2.6615e-10 2.4998e-10 8.0987e-09 2.5316e-10 1.4546e-09 2.4234e-09 6.0343e-09 1.9478e-09 1.1386e-08 8.6183e-04 0.0000e+00 9.6725e-10 5.5546e-09 6.5047e-10 4.0003e-09 1.6765e-09 2.0000e-02 1.5111e-09 0.0000e+00 4.3559e-10 2.5823e-09 9.5413e-10 6.6529e-10 2.0000e-02 1.9805e-09 1.2332e-09 2.0000e-02 4.7116e-10 2.8481e-09 3.7032e-09
1.3487e-09 0.0000e+00 3.2714e-09 0.0000e+00 0.0000e+00 2.0000e-02 0.0000e+00 0.0000e+00 0.0000e+00 2.4096e-09 1.0660e-09 2.0000e-02 0.0000e+00 8.7999e-10 0.0000e+00 0.0000e+00 3.2336e-09 1.9320e-09 1.9481e-09 1.6048e-08 2.0000e-02 0.0000e+00 8.7897e-10 0.0000e+00 7.0684e-10 2.0000e-02 1.4290e-02 1.5157e-09 2.6126e-10 3.6487e-09 0.0000e+00 1.0024e-09 0.0000e+00 8.5271e-11 3.8612e-10 0.0000e+00 0.0000e+00 8.1497e-10 3.0772e-09 0.0000e+00 3.2592e-09 1.3195e-09 0.0000e+00 0.0000e+00 2.4013e-09 1.6286e-11 2.3529e-09 2.1877e-09 1.3604e-09 3.6600e-09
