4.3000e+01 8.0000e+00 9.0000e+00 8.8000e+01 3.3000e+01 2.1000e+01 9.0000e+00 1.0000e+01 3.1810e+03 6.5880e+03
7.0000e+00 2.0000e+01 1.4000e+01 6.2870e+03 4.7000e+01 7.0000e+00 7.3000e+01 8.0000e+00 9.0000e+00 3.1310e+03
1.3620e+03 1.7000e+01 4.0000e+00 2.5000e+01 8.5080e+03 4.6000e+01 6.7500e+02 6.8500e+02 2.7000e+01 1.6000e+01
1.1000e+01 2.0000e+00 9.0000e+00 6.0000e+00 2.2600e+02 9.7280e+03 3.0000e+00 2.1000e+01 7.0000e+00 1.4000e+01
8.0000e+00 1.3000e+01 9.0940e+03 2.1800e+02 3.2000e+01 2.0000e+01 8.0000e+00 3.5000e+01 1.1000e+01 2.3000e+01
5.8000e+01 1.1000e+01 5.0000e+00 9.0000e+00 7.7000e+01 1.3000e+01 9.0580e+03 3.4400e+02 1.8000e+01 3.4000e+01
8.5890e+03 2.6000e+01 1.6000e+01 1.1000e+01 9.0100e+02 8.5000e+01 3.6000e+01 1.3000e+01 1.0000e+02 1.1500e+02
2.9000e+01 8.1000e+02 7.4000e+02 2.7000e+01 1.0000e+01 1.1000e+01 6.2000e+01 8.8420e+03 3.6000e+01 7.0000e+00
9.0000e+00 4.4000e+01 1.5000e+01 3.4550e+03 1.6000e+02 1.0000e+01 3.4000e+01 4.6000e+01 6.4400e+03 4.8000e+01
6.0000e+00 9.0390e+03 8.0000e+00 1.1000e+01 1.2000e+01 1.4000e+01 6.0000e+00 3.7000e+01 2.3000e+01 4.3000e+01
