1.4000e+01 2.2000e+01 1.7000e+01 2.3000e+01 1.9000e+01 1.2000e+01 1.7000e+01 2.4000e+01 4.1000e+01 9.7140e+03
1.9000e+01 1.8000e+01 2.2000e+01 9.7220e+03 2.1000e+01 2.7000e+01 1.4000e+01 2.8000e+01 2.1000e+01 6.5000e+01
5.8000e+02 1.8000e+01 1.9000e+01 2.5000e+01 9.7860e+03 1.5000e+01 7.2600e+02 2.4000e+01 1.5000e+01 1.4000e+01
2.5000e+01 2.2000e+01 1.7000e+01 1.6000e+01 3.1000e+01 9.9450e+03 1.3000e+01 1.9000e+01 1.9000e+01 2.1000e+01
2.5000e+01 2.4000e+01 9.2280e+03 2.9000e+01 1.6000e+01 1.9000e+01 2.5000e+01 3.0000e+01 1.1000e+01 2.6000e+01
2.6000e+01 1.9000e+01 1.9000e+01 2.1000e+01 2.1000e+01 1.9000e+01 9.1510e+03 2.1000e+01 3.6000e+01 2.2000e+01
9.1320e+03 2.4000e+01 1.9000e+01 1.9000e+01 3.0000e+01 2.9000e+01 1.7000e+01 2.5000e+01 1.3000e+01 2.8000e+01
1.8000e+01 4.1200e+02 5.4600e+02 2.4000e+01 2.5000e+01 2.2000e+01 1.8000e+01 9.8450e+03 2.8000e+01 2.4000e+01
1.8000e+01 2.9000e+01 2.4000e+01 4.9000e+01 2.2000e+01 3.5000e+01 2.1000e+01 2.0000e+01 9.8510e+03 2.8000e+01
2.0000e+01 9.4150e+03 1.8000e+01 2.5000e+01 2.4000e+01 2.0000e+01 2.2000e+01 1.6000e+01 2.2000e+01 2.5000e+01
