3.2000e+01 8.0000e+00 4.0000e+00 1.0000e+02 7.4000e+01 3.4000e+01 1.3000e+01 1.0000e+01 5.0760e+03 4.7290e+03
7.0000e+00 1.5000e+01 5.0000e+00 4.3400e+03 5.3000e+01 1.8000e+01 5.8000e+01 8.0000e+00 7.0000e+00 5.1730e+03
1.9720e+03 3.0000e+00 6.0000e+00 2.1000e+01 7.5510e+03 6.1000e+01 9.3200e+02 4.9200e+02 7.9000e+01 2.2000e+01
1.4000e+01 8.0000e+00 1.8000e+01 1.6000e+01 1.8700e+02 9.6220e+03 6.0000e+00 3.0000e+01 2.1000e+01 3.0000e+01
8.0000e+00 8.0000e+00 8.8030e+03 1.6800e+02 4.6000e+01 2.4000e+01 8.0000e+00 2.9400e+02 9.0000e+00 1.8000e+01
1.1800e+02 1.4000e+01 4.0000e+00 1.4000e+01 9.2000e+01 1.4000e+01 8.7180e+03 6.5000e+02 1.1000e+01 5.4000e+01
7.8860e+03 1.6000e+01 1.2000e+01 1.5000e+01 1.9290e+03 6.9000e+01 1.6000e+01 3.9000e+01 2.8000e+01 9.9000e+01
2.2000e+01 9.4700e+02 1.0740e+03 1.4000e+01 1.0000e+01 4.5000e+01 1.4000e+01 8.3620e+03 4.9000e+01 7.0000e+00
2.6000e+01 6.5000e+01 1.3000e+01 5.1880e+03 1.4100e+02 1.2000e+01 1.7000e+01 1.2800e+02 4.6530e+03 3.8000e+01
7.0000e+00 8.9720e+03 1.0000e+01 1.2000e+01 1.5000e+01 1.1000e+01 1.0000e+01 2.8000e+01 2.9000e+01 4.2000e+01
