8.3333e-01 5.0000e-01 1.0000e+00 7.5000e-01 0.0000e+00 0.0000e+00 1.0000e+00 1.0000e+00 9.7143e-01 9.9814e-01 1.0000e+00 1.0000e+00 5.0000e-01 9.2941e-01 0.0000e+00 5.0000e-01 8.0000e-01 5.0000e-01 5.0000e-01 0.0000e+00 1.0000e+00 1.0000e+00 9.5493e-01 9.9550e-01 6.6667e-01 1.0000e+00 1.0000e+00 0.0000e+00 0.0000e+00 8.8889e-01 1.0000e+00 1.0000e+00 9.0000e-01 8.3333e-01 0.0000e+00 7.5000e-01 8.8492e-01 0.0000e+00 8.0000e-01 9.2759e-01 9.2454e-01 8.3333e-01 1.0000e+00 8.0000e-01 6.6667e-01 5.0000e-01 5.0000e-01 1.0000e+00 0.0000e+00 5.0000e-01
3.3333e-01 3.3333e-01 5.0000e-01 0.0000e+00 0.0000e+00 4.0000e-01 0.0000e+00 5.0000e-01 0.0000e+00 4.1860e-01 0.0000e+00 0.0000e+00 0.0000e+00 0.0000e+00 5.5310e-01 0.0000e+00 0.0000e+00 0.0000e+00 0.0000e+00 3.0769e-01 4.0000e-01 4.9177e-01 0.0000e+00 0.0000e+00 0.0000e+00 5.0000e-01 0.0000e+00 0.0000e+00 4.5833e-01 0.0000e+00 0.0000e+00 0.0000e+00 0.0000e+00 0.0000e+00 0.0000e+00 0.0000e+00 0.0000e+00 0.0000e+00 3.3333e-01 0.0000e+00 0.0000e+00 0.0000e+00 5.0000e-01 0.0000e+00 0.0000e+00 4.2857e-01 0.0000e+00 0.0000e+00 0.0000e+00 0.0000e+00
6.6667e-01 0.0000e+00 9.9469e-01 5.0000e-01 0.0000e+00 0.0000e+00 1.0000e+00 6.6667e-01 0.0000e+00 5.0000e-01 9.4427e-01 5.0000e-01 0.0000e+00 0.0000e+00 0.0000e+00 0.0000e+00 5.0000e-01 5.0000e-01 5.6255e-01 0.0000e+00 6.6667e-01 0.0000e+00 6.6667e-01 0.0000e+00 6.6667e-01 0.0000e+00 8.5714e-01 0.0000e+00 5.0000e-01 0.0000e+00 0.0000e+00 1.0000e+00 8.2156e-01 0.0000e+00 0.0000e+00 0.0000e+00 0.0000e+00 0.0000e+00 0.0000e+00 0.0000e+00 0.0000e+00 5.0000e-01 0.0000e+00 0.0000e+00 5.0000e-01 0.0000e+00 0.0000e+00 9.9160e-01 5.0000e-01 5.0000e-01
0.0000e+00 0.0000e+00 0.0000e+00 0.0000e+00 0.0000e+00 0.0000e+00 0.0000e+00 0.0000e+00 0.0000e+00 5.0000e-01 6.6667e-01 0.0000e+00 0.0000e+00 6.2500e-01 5.0000e-01 5.0000e-01 0.0000e+00 0.0000e+00 0.0000e+00 0.0000e+00 7.3016e-01 5.0000e-01 0.0000e+00 6.0000e-01 0.0000e+00 5.0000e-01 8.0000e-01 6.2712e-01 5.0000e-01 6.2500e-01 8.4964e-01 0.0000e+00 5.0000e-01 7.6812e-01 0.0000e+00 0.0000e+00 0.0000e+00 0.0000e+00 7.3702e-01 0.0000e+00 5.0000e-01 0.0000e+00 0.0000e+00 0.0000e+00 0.0000e+00 7.8812e-01 5.0000e-01 6.6667e-01 5.0000e-01 0.0000e+00
5.0000e-01 0.0000e+00 5.0000e-01 0.0000e+00 0.0000e+00 0.0000e+00 6.6667e-01 0.0000e+00 5.0000e-01 0.0000e+00 0.0000e+00 0.0000e+00 8.1584e-01 0.0000e+00 0.0000e+00 0.0000e+00 5.0000e-01 4.9950e-01 3.3333e-01 5.9129e-01 7.5000e-01 0.0000e+00 0.0000e+00 0.0000e+00 0.0000e+00 0.0000e+00 9.0957e-01 0.0000e+00 8.2470e-01 0.0000e+00 0.0000e+00 6.6667e-01 5.0000e-01 0.0000e+00 9.1397e-01 0.0000e+00 5.0000e-01 0.0000e+00 5.0000e-01 6.0000e-01 5.7143e-01 5.7143e-01 5.0000e-01 5.0000e-01 0.0000e+00 0.0000e+00 0.0000e+00 0.0000e+00 0.0000e+00 7.3333e-01
9.9735e-01 1.0000e+00 1.0000e+00 1.0000e+00 1.0000e+00 5.0000e-01 0.0000e+00 1.0000e+00 1.0000e+00 1.0000e+00 1.0000e+00 1.0000e+00 1.0000e+00 0.0000e+00 8.0000e-01 0.0000e+00 6.6667e-01 0.0000e+00 0.0000e+00 0.0000e+00 1.0000e+00 1.0000e+00 9.7436e-01 1.0000e+00 1.0000e+00 1.0000e+00 1.0000e+00 0.0000e+00 1.0000e+00 0.0000e+00 1.0000e+00 5.0000e-01 5.0000e-01 1.0000e+00 1.0000e+00 1.0000e+00 6.6667e-01 9.6197e-01 1.0000e+00 9.9711e-01 9.8182e-01 9.6206e-01 1.0000e+00 1.0000e+00 9.8939e-01 1.0000e+00 6.6667e-01 1.0000e+00 1.0000e+00 0.0000e+00
5.0000e-01 5.0000e-01 0.0000e+00 7.5000e-01 9.1985e-01 0.0000e+00 9.7306e-01 9.6009e-01 6.6667e-01 5.0000e-01 5.0000e-01 0.0000e+00 0.0000e+00 0.0000e+00 6.6667e-01 7.4988e-01 0.0000e+00 0.0000e+00 0.0000e+00 5.0000e-01 5.0000e-01 0.0000e+00 0.0000e+00 5.0000e-01 6.6667e-01 0.0000e+00 0.0000e+00 0.0000e+00 6.6667e-01 0.0000e+00 0.0000e+00 8.5714e-01 0.0000e+00 0.0000e+00 0.0000e+00 8.1250e-01 0.0000e+00 0.0000e+00 6.6667e-01 0.0000e+00 5.0000e-01 5.0000e-01 9.5086e-01 5.0000e-01 0.0000e+00 0.0000e+00 0.0000e+00 9.8399e-01 5.0000e-01 0.0000e+00
5.8333e-01 0.0000e+00 7.5000e-01 0.0000e+00 0.0000e+00 0.0000e+00 0.0000e+00 0.0000e+00 6.7572e-01 6.0000e-01 0.0000e+00 8.0451e-01 0.0000e+00 5.0000e-01 8.0000e-01 5.7143e-01 6.3636e-01 0.0000e+00 0.0000e+00 5.0857e-01 8.1635e-01 0.0000e+00 5.0000e-01 5.0000e-01 5.0000e-01 0.0000e+00 7.5000e-01 0.0000e+00 0.0000e+00 5.0000e-01 0.0000e+00 7.5000e-01 6.0000e-01 6.6667e-01 6.6667e-01 8.1194e-01 0.0000e+00 5.0000e-01 0.0000e+00 5.0000e-01 5.7143e-01 0.0000e+00 0.0000e+00 0.0000e+00 0.0000e+00 0.0000e+00 5.7895e-01 0.0000e+00 7.3679e-01 7.5000e-01
6.6667e-01 6.6667e-01 0.0000e+00 9.4768e-01 6.6667e-01 9.1500e-01 6.6667e-01 0.0000e+00 6.6667e-01 0.0000e+00 5.0000e-01 0.0000e+00 0.0000e+00 7.5994e-01 8.3333e-01 0.0000e+00 0.0000e+00 5.0000e-01 4.5455e-01 5.5102e-01 5.0000e-01 0.0000e+00 5.0000e-01 6.6667e-01 0.0000e+00 1.0000e+00 5.0000e-01 6.6667e-01 7.5000e-01 8.0263e-01 0.0000e+00 0.0000e+00 0.0000e+00 0.0000e+00 5.0000e-01 5.0000e-01 6.6667e-01 0.0000e+00 5.0000e-01 0.0000e+00 7.0000e-01 5.0000e-01 8.3333e-01 9.2176e-01 6.6667e-01 0.0000e+00 8.0027e-01 0.0000e+00 5.0000e-01 7.5000e-01
0.0000e+00 0.0000e+00 0.0000e+00 0.0000e+00 0.0000e+00 5.0000e-01 0.0000e+00 0.0000e+00 0.0000e+00 5.0000e-01 5.7143e-01 5.0000e-01 0.0000e+00 0.0000e+00 0.0000e+00 3.3333e-01 6.0401e-01 0.0000e+00 0.0000e+00 0.0000e+00 5.0000e-01 5.0000e-01 5.0000e-01 0.0000e+00 0.0000e+00 8.2474e-01 8.2406e-01 5.0000e-01 0.0000e+00 5.8516e-01 0.0000e+00 0.0000e+00 0.0000e+00 0.0000e+00 6.3158e-01 0.0000e+00 0.0000e+00 0.0000e+00 5.0000e-01 0.0000e+00 0.0000e+00 4.6154e-01 5.0000e-01 5.0000e-01 0.0000e+00 0.0000e+00 5.6209e-01 6.2319e-01 5.0000e-01 6.6158e-01
