5.0000e+00 1.0000e+00 1.0000e+00 3.0000e+00 0.0000e+00 0.0000e+00 1.0000e+00 1.0000e+00 2.0400e+02 5.9170e+03 0.0000e+00 0.0000e+00 1.0000e+00 7.9000e+01 0.0000e+00 1.0000e+00 4.0000e+00 1.0000e+00 1.0000e+00 0.0000e+00 2.0000e+00 5.0000e+00 5.6150e+03 5.9790e+03 2.0000e+00 9.0000e+00 0.0000e+00 0.0000e+00 0.0000e+00 8.0000e+00 3.0000e+00 1.0000e+00 1.8000e+01 5.0000e+00 0.0000e+00 3.0000e+00 5.2830e+03 0.0000e+00 4.0000e+00 4.8810e+03 5.4400e+03 5.0000e+00 2.0000e+00 4.0000e+00 2.0000e+00 1.0000e+00 1.0000e+00 0.0000e+00 0.0000e+00 1.0000e+00
2.0000e+00 1.0000e+00 2.0000e+00 0.0000e+00 0.0000e+00 2.0000e+00 0.0000e+00 1.0000e+00 0.0000e+00 1.8000e+01 0.0000e+00 0.0000e+00 0.0000e+00 0.0000e+00 3.3230e+03 0.0000e+00 0.0000e+00 0.0000e+00 0.0000e+00 4.0000e+00 2.0000e+00 2.9860e+03 0.0000e+00 0.0000e+00 0.0000e+00 1.0000e+00 0.0000e+00 0.0000e+00 1.1000e+01 0.0000e+00 0.0000e+00 0.0000e+00 0.0000e+00 0.0000e+00 0.0000e+00 0.0000e+00 0.0000e+00 0.0000e+00 1.0000e+00 0.0000e+00 0.0000e+00 0.0000e+00 1.0000e+00 0.0000e+00 0.0000e+00 3.0000e+00 0.0000e+00 0.0000e+00 0.0000e+00 0.0000e+00
2.0000e+00 0.0000e+00 6.0000e+03 1.0000e+00 0.0000e+00 0.0000e+00 4.0450e+03 2.0000e+00 0.0000e+00 1.0000e+00 5.6250e+03 1.0000e+00 0.0000e+00 0.0000e+00 0.0000e+00 0.0000e+00 1.0000e+00 1.0000e+00 3.3590e+03 0.0000e+00 2.0000e+00 0.0000e+00 2.0000e+00 0.0000e+00 2.0000e+00 0.0000e+00 6.0000e+00 0.0000e+00 1.0000e+00 0.0000e+00 0.0000e+00 5.8950e+03 4.8160e+03 0.0000e+00 0.0000e+00 0.0000e+00 0.0000e+00 0.0000e+00 0.0000e+00 0.0000e+00 0.0000e+00 1.0000e+00 0.0000e+00 0.0000e+00 1.0000e+00 0.0000e+00 0.0000e+00 1.1800e+02 1.0000e+00 1.0000e+00
0.0000e+00 0.0000e+00 0.0000e+00 0.0000e+00 0.0000e+00 0.0000e+00 0.0000e+00 0.0000e+00 0.0000e+00 1.0000e+00 2.0000e+00 0.0000e+00 0.0000e+00 5.0000e+00 1.0000e+00 1.0000e+00 0.0000e+00 0.0000e+00 0.0000e+00 0.0000e+00 4.6000e+01 1.0000e+00 0.0000e+00 3.0000e+00 0.0000e+00 1.0000e+00 4.0000e+00 3.6680e+03 1.0000e+00 5.0000e+00 5.0120e+03 0.0000e+00 1.0000e+00 4.5780e+03 0.0000e+00 0.0000e+00 0.0000e+00 0.0000e+00 4.4700e+03 0.0000e+00 2.0000e+00 0.0000e+00 0.0000e+00 0.0000e+00 0.0000e+00 4.6720e+03 1.0000e+00 2.0000e+00 1.0000e+00 0.0000e+00
2.0000e+00 0.0000e+00 1.0000e+00 0.0000e+00 0.0000e+00 0.0000e+00 2.0000e+00 0.0000e+00 1.0000e+00 0.0000e+00 0.0000e+00 0.0000e+00 4.9040e+03 0.0000e+00 0.0000e+00 0.0000e+00 1.0000e+00 2.9930e+03 1.0000e+00 3.3550e+03 3.0000e+00 0.0000e+00 0.0000e+00 0.0000e+00 0.0000e+00 0.0000e+00 6.9400e+02 0.0000e+00 5.0010e+03 0.0000e+00 0.0000e+00 2.0000e+00 1.0000e+00 0.0000e+00 5.4610e+03 0.0000e+00 1.0000e+00 0.0000e+00 1.0000e+00 3.0000e+00 4.0000e+00 8.0000e+00 1.0000e+00 1.0000e+00 0.0000e+00 0.0000e+00 0.0000e+00 0.0000e+00 0.0000e+00 1.1000e+01
6.0240e+03 5.9900e+03 2.0000e+00 2.0000e+00 2.0000e+00 1.0000e+00 0.0000e+00 0.0000e+00 3.0000e+00 5.0000e+00 1.0000e+00 3.0000e+00 7.0000e+00 0.0000e+00 4.0000e+00 0.0000e+00 2.0000e+00 0.0000e+00 0.0000e+00 0.0000e+00 0.0000e+00 3.0000e+00 3.8000e+01 3.0000e+00 5.9380e+03 4.0000e+00 0.0000e+00 0.0000e+00 2.0000e+00 0.0000e+00 4.0000e+00 1.0000e+00 1.0000e+00 9.0000e+00 1.0000e+00 5.0000e+00 2.0000e+00 5.6160e+03 6.0000e+00 6.9100e+02 5.4000e+01 5.6550e+03 1.0000e+00 8.0000e+00 5.9670e+03 4.0000e+00 2.0000e+00 0.0000e+00 1.0000e+00 0.0000e+00
1.0000e+00 1.0000e+00 0.0000e+00 3.0000e+00 5.5550e+03 0.0000e+00 1.7700e+03 5.6290e+03 2.0000e+00 1.0000e+00 1.0000e+00 0.0000e+00 0.0000e+00 0.0000e+00 2.0000e+00 4.5270e+03 0.0000e+00 0.0000e+00 0.0000e+00 1.0000e+00 1.0000e+00 0.0000e+00 0.0000e+00 1.0000e+00 2.0000e+00 0.0000e+00 0.0000e+00 0.0000e+00 2.0000e+00 0.0000e+00 0.0000e+00 6.0000e+00 0.0000e+00 0.0000e+00 0.0000e+00 1.3000e+01 0.0000e+00 0.0000e+00 2.0000e+00 0.0000e+00 1.0000e+00 1.0000e+00 5.7080e+03 1.0000e+00 0.0000e+00 0.0000e+00 0.0000e+00 5.7160e+03 1.0000e+00 0.0000e+00
7.0000e+00 0.0000e+00 9.0000e+00 0.0000e+00 0.0000e+00 0.0000e+00 0.0000e+00 0.0000e+00 3.8550e+03 6.0000e+00 0.0000e+00 4.8520e+03 0.0000e+00 1.0000e+00 4.0000e+00 4.0000e+00 7.0000e+00 0.0000e+00 0.0000e+00 8.9000e+01 4.8320e+03 0.0000e+00 1.0000e+00 1.0000e+00 2.0000e+00 0.0000e+00 6.0000e+00 0.0000e+00 0.0000e+00 1.0000e+00 0.0000e+00 3.0000e+00 3.0000e+00 2.0000e+00 2.0000e+00 4.8960e+03 0.0000e+00 1.0000e+00 0.0000e+00 2.0000e+00 4.0000e+00 0.0000e+00 0.0000e+00 0.0000e+00 0.0000e+00 0.0000e+00 1.1000e+01 0.0000e+00 4.4620e+03 9.0000e+00
4.0000e+00 2.0000e+00 0.0000e+00 5.5970e+03 2.0000e+00 5.6300e+03 2.0000e+00 0.0000e+00 2.0000e+00 0.0000e+00 1.0000e+00 0.0000e+00 0.0000e+00 4.4730e+03 5.0000e+00 0.0000e+00 0.0000e+00 2.0000e+00 5.0000e+00 1.0800e+02 1.0000e+00 0.0000e+00 1.0000e+00 2.0000e+00 0.0000e+00 3.0000e+00 1.0000e+00 1.0000e+01 3.0000e+00 1.0370e+03 0.0000e+00 0.0000e+00 0.0000e+00 0.0000e+00 1.0000e+00 1.0000e+00 2.0000e+00 0.0000e+00 1.0000e+00 0.0000e+00 7.0000e+00 1.0000e+00 5.0000e+00 5.5370e+03 8.0000e+00 0.0000e+00 4.7160e+03 0.0000e+00 1.0000e+00 3.0000e+00
0.0000e+00 0.0000e+00 0.0000e+00 0.0000e+00 0.0000e+00 1.0000e+00 0.0000e+00 0.0000e+00 0.0000e+00 1.0000e+00 4.0000e+00 1.0000e+00 0.0000e+00 0.0000e+00 0.0000e+00 1.0000e+00 3.5860e+03 0.0000e+00 0.0000e+00 0.0000e+00 1.0000e+00 1.0000e+00 1.0000e+00 0.0000e+00 0.0000e+00 4.9740e+03 4.3090e+03 1.0000e+00 0.0000e+00 2.7830e+03 0.0000e+00 0.0000e+00 0.0000e+00 0.0000e+00 1.2000e+01 0.0000e+00 0.0000e+00 0.0000e+00 1.0000e+00 0.0000e+00 0.0000e+00 6.0000e+00 2.0000e+00 1.0000e+00 0.0000e+00 0.0000e+00 8.6000e+01 4.3000e+01 2.0000e+00 3.9430e+03
