2.1700e+02 4.0000e+00 4.0000e+00 2.9000e+01 3.4000e+01 4.0000e+01 1.5000e+01 7.0000e+00 4.4980e+03 5.3200e+03
9.0000e+00 4.0000e+00 4.0000e+00 4.8670e+03 3.8000e+01 1.4000e+01 8.3000e+01 7.0000e+00 7.0000e+00 4.6680e+03
9.3400e+02 1.1000e+01 4.0000e+00 5.3000e+01 8.4540e+03 8.7000e+01 9.2600e+02 6.9900e+02 7.6000e+01 1.8000e+01
1.3000e+01 4.0000e+00 2.4000e+01 8.0000e+00 4.1200e+02 9.6770e+03 6.0000e+00 9.0000e+00 1.0000e+01 1.0000e+01
8.0000e+00 1.2000e+01 8.9790e+03 2.0500e+02 2.8000e+01 1.6000e+01 1.0000e+01 9.6000e+01 1.0000e+01 2.0000e+01
6.8000e+01 6.0000e+00 4.0000e+00 9.0000e+00 1.6600e+02 2.1000e+01 8.7720e+03 5.0400e+02 1.0000e+01 5.7000e+01
8.6780e+03 3.9000e+01 1.2000e+01 2.1000e+01 7.5500e+02 8.2000e+01 4.6000e+01 1.8000e+01 7.3000e+01 6.8000e+01
2.5000e+01 9.2100e+02 1.0450e+03 1.6000e+01 1.0000e+01 1.7000e+01 2.9000e+01 8.4110e+03 4.4000e+01 7.0000e+00
1.7000e+01 4.6000e+01 1.6000e+01 4.8140e+03 5.8000e+01 1.0000e+01 1.5000e+01 1.4500e+02 5.1460e+03 2.0000e+01
8.0000e+00 8.8910e+03 1.1000e+01 1.4000e+01 1.2000e+01 7.0000e+00 1.6000e+01 5.5000e+01 4.0000e+01 3.7000e+01
