8.4793e-01 0.0000e+00 0.0000e+00 5.5172e-01 4.1176e-01 5.7500e-01 4.0000e-01 0.0000e+00 9.0685e-01 9.7049e-01
2.2222e-01 0.0000e+00 0.0000e+00 9.9938e-01 4.4737e-01 2.8571e-01 7.4699e-01 0.0000e+00 0.0000e+00 9.7237e-01
9.6788e-01 4.5455e-01 0.0000e+00 6.2264e-01 7.8200e-01 6.6667e-01 9.7624e-01 7.8827e-01 6.3158e-01 3.8889e-01
7.6923e-01 1.0000e+00 8.7500e-01 2.5000e-01 7.4757e-01 9.7789e-01 1.6667e-01 1.1111e-01 2.0000e-01 9.0000e-01
0.0000e+00 1.6667e-01 8.7293e-01 6.7317e-01 2.5000e-01 1.8750e-01 1.0000e-01 5.2083e-01 0.0000e+00 3.0000e-01
6.9118e-01 1.6667e-01 0.0000e+00 1.1111e-01 6.0843e-01 3.8095e-01 9.6295e-01 7.6190e-01 1.0000e-01 6.3158e-01
8.2957e-01 4.8718e-01 1.6667e-01 2.8571e-01 6.0132e-01 5.2439e-01 5.0000e-01 1.6667e-01 4.9315e-01 5.2941e-01
4.8000e-01 9.7937e-01 9.6172e-01 3.1250e-01 0.0000e+00 2.9412e-01 5.1724e-01 8.3367e-01 5.2273e-01 0.0000e+00
2.3529e-01 5.0000e-01 2.5000e-01 7.7649e-01 3.6207e-01 0.0000e+00 2.0000e-01 5.3793e-01 7.3028e-01 2.5000e-01
1.2500e-01 9.9460e-01 2.7273e-01 2.8571e-01 8.3333e-02 0.0000e+00 3.7500e-01 5.2727e-01 5.0000e-01 5.4054e-01
