1.8400e+02 0.0000e+00 0.0000e+00 1.6000e+01 1.4000e+01 2.3000e+01 6.0000e+00 0.0000e+00 4.0790e+03 5.1630e+03
2.0000e+00 0.0000e+00 0.0000e+00 4.8640e+03 1.7000e+01 4.0000e+00 6.2000e+01 0.0000e+00 0.0000e+00 4.5390e+03
9.0400e+02 5.0000e+00 0.0000e+00 3.3000e+01 6.6110e+03 5.8000e+01 9.0400e+02 5.5100e+02 4.8000e+01 7.0000e+00
1.0000e+01 4.0000e+00 2.1000e+01 2.0000e+00 3.0800e+02 9.4630e+03 1.0000e+00 1.0000e+00 2.0000e+00 9.0000e+00
0.0000e+00 2.0000e+00 7.8380e+03 1.3800e+02 7.0000e+00 3.0000e+00 1.0000e+00 5.0000e+01 0.0000e+00 6.0000e+00
4.7000e+01 1.0000e+00 0.0000e+00 1.0000e+00 1.0100e+02 8.0000e+00 8.4470e+03 3.8400e+02 1.0000e+00 3.6000e+01
7.1990e+03 1.9000e+01 2.0000e+00 6.0000e+00 4.5400e+02 4.3000e+01 2.3000e+01 3.0000e+00 3.6000e+01 3.6000e+01
1.2000e+01 9.0200e+02 1.0050e+03 5.0000e+00 0.0000e+00 5.0000e+00 1.5000e+01 7.0120e+03 2.3000e+01 0.0000e+00
4.0000e+00 2.3000e+01 4.0000e+00 3.7380e+03 2.1000e+01 0.0000e+00 3.0000e+00 7.8000e+01 3.7580e+03 5.0000e+00
1.0000e+00 8.8430e+03 3.0000e+00 4.0000e+00 1.0000e+00 0.0000e+00 6.0000e+00 2.9000e+01 2.0000e+01 2.0000e+01
