4.2400e+02 6.0000e+00 6.0000e+00 5.3000e+01 1.2100e+02 2.9000e+01 2.1000e+01 1.1000e+01 9.6900e+03 7.4550e+03
1.0000e+01 3.3000e+01 1.0000e+01 9.6960e+03 1.3000e+02 1.6000e+01 2.3000e+01 8.0000e+00 7.0000e+00 2.4720e+03
9.5920e+03 1.4000e+01 6.0000e+00 0.0000e+00 8.7610e+03 2.5000e+01 7.9460e+03 6.4400e+02 6.0000e+01 0.0000e+00
0.0000e+00 6.7000e+01 1.4100e+02 0.0000e+00 8.6500e+02 9.9150e+03 8.0000e+00 7.4000e+01 1.4000e+01 0.0000e+00
0.0000e+00 1.0000e+01 4.5200e+02 0.0000e+00 2.7000e+01 0.0000e+00 6.0000e+00 7.4000e+01 1.3000e+01 0.0000e+00
0.0000e+00 1.4000e+01 1.2000e+01 0.0000e+00 3.8000e+01 0.0000e+00 2.1080e+03 8.9500e+02 7.0000e+00 0.0000e+00
0.0000e+00 2.7000e+01 1.3000e+01 0.0000e+00 1.4600e+02 0.0000e+00 0.0000e+00 2.8000e+01 1.4000e+01 0.0000e+00
0.0000e+00 5.2370e+03 9.3690e+03 0.0000e+00 9.0000e+00 0.0000e+00 0.0000e+00 8.3320e+03 1.4000e+01 0.0000e+00
0.0000e+00 1.4000e+01 8.0000e+00 0.0000e+00 1.8000e+01 0.0000e+00 0.0000e+00 6.4000e+01 1.6000e+02 0.0000e+00
0.0000e+00 4.4650e+03 1.5000e+01 0.0000e+00 9.0000e+00 0.0000e+00 0.0000e+00 3.5000e+01 1.4000e+01 0.0000e+00
