3.7400e+02 0.0000e+00 0.0000e+00 3.5000e+01 7.1000e+01 1.6000e+01 1.0000e+01 1.0000e+00 8.8170e+03 7.2510e+03
2.0000e+00 1.9000e+01 2.0000e+00 9.6810e+03 7.8000e+01 6.0000e+00 1.1000e+01 0.0000e+00 0.0000e+00 2.3880e+03
9.3660e+03 5.0000e+00 0.0000e+00 0.0000e+00 6.8770e+03 1.3000e+01 7.7320e+03 4.8600e+02 3.7000e+01 0.0000e+00
0.0000e+00 4.7000e+01 1.1000e+02 0.0000e+00 6.3000e+02 9.7250e+03 1.0000e+00 4.2000e+01 4.0000e+00 0.0000e+00
0.0000e+00 2.0000e+00 3.9300e+02 0.0000e+00 9.0000e+00 0.0000e+00 0.0000e+00 4.2000e+01 3.0000e+00 0.0000e+00
0.0000e+00 5.0000e+00 3.0000e+00 0.0000e+00 1.6000e+01 0.0000e+00 2.0260e+03 6.8800e+02 0.0000e+00 0.0000e+00
0.0000e+00 1.4000e+01 4.0000e+00 0.0000e+00 8.9000e+01 0.0000e+00 0.0000e+00 1.1000e+01 4.0000e+00 0.0000e+00
0.0000e+00 5.0630e+03 8.9750e+03 0.0000e+00 0.0000e+00 0.0000e+00 0.0000e+00 6.8650e+03 4.0000e+00 0.0000e+00
0.0000e+00 5.0000e+00 1.0000e+00 0.0000e+00 4.0000e+00 0.0000e+00 0.0000e+00 3.5000e+01 1.1900e+02 0.0000e+00
0.0000e+00 4.4490e+03 5.0000e+00 0.0000e+00 0.0000e+00 0.0000e+00 0.0000e+00 1.5000e+01 4.0000e+00 0.0000e+00
