0.0000e+00 1.0000e+00 0.0000e+00 5.0000e-01 0.0000e+00 0.0000e+00 0.0000e+00 0.0000e+00 9.1743e-01 9.7276e-01
0.0000e+00 1.0000e+00 0.0000e+00 9.9850e-01 5.0000e-01 0.0000e+00 0.0000e+00 0.0000e+00 0.0000e+00 9.0909e-01
9.7385e-01 0.0000e+00 0.0000e+00 5.0000e-01 7.8043e-01 6.6667e-01 9.7507e-01 0.0000e+00 5.0000e-01 6.6667e-01
9.2857e-01 1.0000e+00 1.0000e+00 5.0000e-01 0.0000e+00 9.7848e-01 0.0000e+00 8.3333e-01 0.0000e+00 8.5714e-01
0.0000e+00 0.0000e+00 8.7402e-01 6.6667e-01 5.0000e-01 5.0000e-01 0.0000e+00 6.6667e-01 0.0000e+00 5.0000e-01
5.0000e-01 7.5000e-01 0.0000e+00 0.0000e+00 0.0000e+00 0.0000e+00 9.6761e-01 7.7465e-01 0.0000e+00 0.0000e+00
8.2514e-01 7.1429e-01 0.0000e+00 5.0000e-01 5.0000e-01 5.0000e-01 0.0000e+00 5.0000e-01 5.0000e-01 5.7143e-01
7.5000e-01 9.8643e-01 9.6040e-01 5.0000e-01 0.0000e+00 5.0000e-01 0.0000e+00 8.2184e-01 0.0000e+00 0.0000e+00
0.0000e+00 0.0000e+00 3.3333e-01 0.0000e+00 5.5172e-01 0.0000e+00 5.0000e-01 4.0000e-01 7.3594e-01 3.3333e-01
0.0000e+00 9.9433e-01 0.0000e+00 0.0000e+00 0.0000e+00 6.6667e-01 0.0000e+00 6.6667e-01 5.0000e-01 6.0000e-01
