5.7000e+01 4.0000e+00 0.0000e+00 5.6000e+01 3.4000e+01 1.8000e+01 6.0000e+00 2.0000e+00 3.7660e+03 5.3830e+03
2.0000e+00 9.0000e+00 5.0000e+00 5.1800e+03 3.0000e+01 1.0000e+00 4.7000e+01 1.0000e+00 0.0000e+00 4.0530e+03
2.0560e+03 1.0000e+00 0.0000e+00 4.5000e+01 5.7830e+03 2.7000e+01 9.2300e+02 2.5400e+02 1.3000e+01 1.0000e+01
1.1000e+01 6.0000e+00 6.0000e+00 7.0000e+00 1.9400e+02 9.5130e+03 0.0000e+00 3.3000e+01 1.1000e+01 1.3000e+01
0.0000e+00 1.0000e+00 8.0230e+03 1.4700e+02 3.0000e+00 3.0000e+00 0.0000e+00 3.9000e+01 1.1000e+01 3.0000e+00
3.7000e+01 5.0000e+00 1.0000e+00 3.0000e+00 3.6000e+01 1.5000e+01 8.6030e+03 3.4400e+02 5.0000e+00 1.3000e+01
6.4250e+03 2.1000e+01 9.0000e+00 5.0000e+00 1.2770e+03 5.4000e+01 1.0000e+01 7.0000e+00 1.8000e+01 2.3000e+01
9.0000e+00 7.0400e+02 7.8600e+02 5.0000e+00 0.0000e+00 1.2000e+01 7.2000e+01 7.4830e+03 9.0000e+00 0.0000e+00
3.0000e+00 6.0000e+00 1.0000e+00 3.1960e+03 1.2400e+02 2.0000e+00 1.4000e+01 3.1000e+01 4.1340e+03 1.3000e+01
0.0000e+00 8.9930e+03 2.0000e+00 1.0000e+00 1.0000e+00 5.0000e+00 6.0000e+00 8.0000e+00 1.1000e+01 2.7000e+01
