6.9000e+01 2.1000e+01 2.7400e+02 1.0900e+02 2.9000e+01 8.0000e+00 3.3000e+01 9.0000e+00 5.9130e+03 5.9960e+03 5.4700e+02 5.2810e+03 1.0300e+02 4.4690e+03 4.7690e+03 6.1000e+01 6.4300e+02 1.1340e+03 6.8900e+02 8.2000e+01 5.7000e+01 6.0270e+03 3.2010e+03 5.9870e+03 3.0000e+01 5.1820e+03 6.8000e+01 3.3400e+02 3.7000e+01 5.3360e+03 3.5600e+02 2.2000e+01 4.9760e+03 5.9770e+03 1.4000e+01 3.3000e+01 1.8590e+03 9.1000e+01 4.2000e+01 1.0090e+03 1.4450e+03 1.8000e+01 6.0300e+03 6.0270e+03 1.4000e+01 2.0000e+01 2.7000e+01 1.8000e+01 2.8000e+01 7.6000e+01
7.0000e+00 1.8000e+01 2.8000e+01 1.1000e+01 1.1000e+01 1.6000e+01 7.0000e+00 2.2000e+01 0.0000e+00 0.0000e+00 1.3000e+01 1.5000e+01 1.2000e+01 1.0000e+01 4.0000e+01 1.1000e+01 3.9000e+01 1.6000e+02 2.8000e+01 2.7000e+01 1.2000e+01 0.0000e+00 1.8000e+01 0.0000e+00 3.1000e+01 2.1000e+01 7.0000e+00 1.7000e+01 9.0000e+00 1.4000e+01 9.0000e+00 4.2000e+01 1.0000e+01 0.0000e+00 2.8000e+01 1.8000e+01 7.0000e+00 7.0000e+00 7.0000e+00 9.0000e+00 7.0000e+00 9.0000e+00 0.0000e+00 0.0000e+00 7.0000e+00 3.4000e+01 1.0000e+01 7.0000e+00 1.0000e+01 2.8000e+01
3.6200e+02 4.3000e+01 5.6620e+03 7.0000e+00 1.1000e+01 3.5000e+01 6.0400e+03 2.6000e+01 0.0000e+00 0.0000e+00 5.1110e+03 7.0000e+00 1.0000e+01 1.3000e+01 1.5900e+02 1.1000e+01 2.6000e+01 3.4000e+01 1.8800e+02 3.8800e+02 1.2000e+01 0.0000e+00 3.5000e+01 0.0000e+00 4.5000e+01 3.1000e+01 5.0000e+01 1.0500e+02 2.0710e+03 1.9000e+01 2.5000e+01 6.0140e+03 5.9400e+02 0.0000e+00 7.0000e+00 3.5000e+01 1.3000e+01 7.5000e+01 9.0000e+00 2.4700e+02 9.0000e+00 1.4000e+01 0.0000e+00 0.0000e+00 1.8000e+01 2.0000e+01 1.0000e+01 5.8760e+03 5.8000e+01 4.1400e+03
1.5000e+01 1.8000e+01 0.0000e+00 7.0000e+00 9.0000e+00 2.5000e+01 0.0000e+00 7.0000e+00 0.0000e+00 0.0000e+00 1.7000e+01 1.5000e+01 1.2000e+01 3.8000e+01 1.0000e+01 1.4000e+01 9.0000e+00 2.1700e+02 3.2000e+01 2.4600e+02 7.7000e+01 0.0000e+00 1.8000e+01 0.0000e+00 5.9000e+01 1.0100e+02 7.2000e+01 3.0930e+03 7.7000e+01 2.8000e+01 2.2000e+02 0.0000e+00 2.3000e+01 0.0000e+00 5.6000e+01 3.8000e+01 7.0000e+00 1.5000e+01 1.7500e+02 1.4000e+01 2.7000e+01 5.1000e+01 0.0000e+00 0.0000e+00 4.8000e+01 5.0000e+03 1.4900e+02 0.0000e+00 3.7000e+01 4.3000e+01
2.6000e+01 4.4000e+01 0.0000e+00 1.8000e+01 6.3000e+01 4.4000e+01 0.0000e+00 1.0700e+02 0.0000e+00 0.0000e+00 7.4000e+01 2.9000e+01 1.5200e+02 1.3000e+01 4.4000e+01 3.2000e+01 3.5010e+03 2.3330e+03 7.8000e+01 3.1550e+03 9.0000e+01 0.0000e+00 7.0000e+00 0.0000e+00 1.4000e+01 1.5000e+01 7.8500e+02 2.9000e+01 2.7700e+02 1.4000e+01 3.4000e+01 0.0000e+00 4.9000e+01 0.0000e+00 7.4100e+02 1.8900e+02 8.4000e+01 3.9000e+01 3.8000e+01 1.2000e+01 4.0000e+01 4.6000e+01 0.0000e+00 0.0000e+00 2.9000e+01 5.3000e+01 1.2700e+02 0.0000e+00 1.2800e+02 9.6700e+02
5.5090e+03 5.7530e+03 0.0000e+00 3.4530e+03 2.2290e+03 4.0000e+01 0.0000e+00 2.3140e+03 0.0000e+00 0.0000e+00 1.2700e+02 2.3300e+02 5.7240e+03 8.0900e+02 1.4400e+02 1.1000e+01 2.7700e+02 3.7000e+01 4.3670e+03 2.5000e+01 5.0810e+03 0.0000e+00 2.6050e+03 0.0000e+00 5.6800e+03 1.2400e+02 5.0050e+03 1.0730e+03 2.5100e+03 8.0000e+00 5.4070e+03 0.0000e+00 5.3000e+01 0.0000e+00 5.2580e+03 5.8150e+03 2.6030e+03 5.6160e+03 5.6140e+03 4.8240e+03 4.1230e+03 5.7350e+03 0.0000e+00 0.0000e+00 5.8620e+03 7.0000e+01 1.4000e+01 0.0000e+00 5.7000e+01 2.8000e+01
0.0000e+00 0.0000e+00 0.0000e+00 5.5000e+01 3.5680e+03 1.9000e+01 0.0000e+00 3.6460e+03 0.0000e+00 0.0000e+00 7.0000e+00 7.0000e+00 0.0000e+00 2.4000e+01 2.3000e+01 5.7620e+03 1.3550e+03 2.1000e+01 1.8000e+01 3.8900e+02 1.4800e+02 0.0000e+00 0.0000e+00 0.0000e+00 0.0000e+00 1.5000e+01 0.0000e+00 7.6600e+02 1.6300e+02 1.4000e+01 0.0000e+00 0.0000e+00 1.5000e+01 0.0000e+00 0.0000e+00 0.0000e+00 2.4000e+01 9.0000e+00 3.7000e+01 0.0000e+00 1.3800e+02 1.2000e+01 0.0000e+00 0.0000e+00 0.0000e+00 2.5000e+01 2.2000e+01 0.0000e+00 4.5970e+03 1.1000e+01
0.0000e+00 0.0000e+00 0.0000e+00 2.9000e+01 8.6000e+01 3.1000e+01 0.0000e+00 0.0000e+00 0.0000e+00 0.0000e+00 9.0000e+00 1.1900e+02 0.0000e+00 4.4300e+02 4.6600e+02 7.8000e+01 2.6000e+01 2.9400e+02 1.6000e+01 4.2600e+02 3.0700e+02 0.0000e+00 0.0000e+00 0.0000e+00 0.0000e+00 2.7000e+01 0.0000e+00 1.2300e+02 3.4900e+02 8.0000e+00 0.0000e+00 0.0000e+00 1.2600e+02 0.0000e+00 0.0000e+00 0.0000e+00 9.0000e+00 3.0000e+01 3.7000e+01 0.0000e+00 3.2000e+01 9.0000e+00 0.0000e+00 0.0000e+00 0.0000e+00 2.5700e+02 6.7000e+01 0.0000e+00 7.4400e+02 2.6200e+02
0.0000e+00 0.0000e+00 0.0000e+00 2.2160e+03 1.1100e+02 5.5750e+03 0.0000e+00 0.0000e+00 0.0000e+00 0.0000e+00 4.3000e+01 4.3000e+01 0.0000e+00 2.0500e+02 4.0500e+02 2.0000e+01 6.5000e+01 1.1900e+03 4.9200e+02 1.1220e+03 7.5000e+01 0.0000e+00 0.0000e+00 0.0000e+00 0.0000e+00 1.6800e+02 0.0000e+00 3.5600e+02 3.8400e+02 5.0000e+02 0.0000e+00 0.0000e+00 1.4700e+02 0.0000e+00 0.0000e+00 0.0000e+00 1.4010e+03 2.2000e+01 2.1000e+01 0.0000e+00 5.5000e+01 1.8000e+01 0.0000e+00 0.0000e+00 0.0000e+00 4.4600e+02 5.4540e+03 0.0000e+00 3.2900e+02 2.0500e+02
0.0000e+00 0.0000e+00 0.0000e+00 9.0000e+00 7.0000e+00 1.8900e+02 0.0000e+00 0.0000e+00 0.0000e+00 0.0000e+00 4.0000e+01 1.7000e+02 0.0000e+00 3.1000e+01 1.3000e+01 1.1000e+01 1.1500e+02 4.7600e+02 5.8000e+01 1.8300e+02 2.1600e+02 0.0000e+00 0.0000e+00 0.0000e+00 0.0000e+00 4.2200e+02 0.0000e+00 1.3000e+02 3.2000e+01 4.1000e+01 0.0000e+00 0.0000e+00 8.0000e+00 0.0000e+00 0.0000e+00 0.0000e+00 7.0000e+00 2.1000e+01 5.0000e+01 0.0000e+00 5.6000e+01 3.3000e+01 0.0000e+00 0.0000e+00 0.0000e+00 6.6000e+01 6.7000e+01 0.0000e+00 1.2000e+02 1.0700e+02
