6.9565e-01 4.2857e-01 8.4672e-01 7.5229e-01 4.8276e-01 0.0000e+00 5.4545e-01 1.1111e-01 9.7869e-01 9.9683e-01 8.6472e-01 9.6535e-01 7.4757e-01 8.9975e-01 7.6431e-01 4.4262e-01 7.5272e-01 4.9295e-01 6.6473e-01 3.5366e-01 6.4912e-01 9.6930e-01 9.5533e-01 9.9415e-01 5.3333e-01 9.1142e-01 6.9118e-01 5.3892e-01 5.4054e-01 8.8418e-01 8.6517e-01 4.5455e-01 8.8384e-01 9.8695e-01 2.8571e-01 5.4545e-01 8.9510e-01 7.2527e-01 5.9524e-01 9.2071e-01 9.2042e-01 3.8889e-01 9.6998e-01 9.8374e-01 2.8571e-01 2.5000e-01 3.3333e-01 3.8889e-01 3.5714e-01 6.5789e-01
0.0000e+00 3.8889e-01 5.0000e-01 1.8182e-01 1.8182e-01 3.1250e-01 0.0000e+00 4.5455e-01 1.0000e+00 1.0000e+00 2.3077e-01 3.3333e-01 2.5000e-01 1.0000e-01 4.0000e-01 0.0000e+00 4.3590e-01 3.5625e-01 2.8571e-01 1.4815e-01 2.5000e-01 1.0000e+00 3.8889e-01 1.0000e+00 5.4839e-01 3.8095e-01 0.0000e+00 5.8824e-02 1.1111e-01 2.1429e-01 1.1111e-01 5.9524e-01 1.0000e-01 1.0000e+00 5.0000e-01 3.8889e-01 0.0000e+00 0.0000e+00 0.0000e+00 1.1111e-01 0.0000e+00 1.1111e-01 1.0000e+00 1.0000e+00 0.0000e+00 3.8235e-01 0.0000e+00 0.0000e+00 0.0000e+00 4.6429e-01
8.6740e-01 6.0465e-01 9.9329e-01 0.0000e+00 1.8182e-01 5.1429e-01 1.0000e+00 5.0000e-01 1.0000e+00 1.0000e+00 9.3798e-01 0.0000e+00 2.0000e-01 2.3077e-01 5.9748e-01 0.0000e+00 3.4615e-01 1.1765e-01 5.7447e-01 5.0515e-01 2.5000e-01 1.0000e+00 5.7143e-01 1.0000e+00 6.2222e-01 4.8387e-01 6.4000e-01 4.2857e-01 9.0922e-01 3.1579e-01 4.8000e-01 1.0000e+00 8.1481e-01 1.0000e+00 0.0000e+00 5.7143e-01 2.3077e-01 6.9333e-01 1.1111e-01 8.3806e-01 1.1111e-01 2.8571e-01 1.0000e+00 1.0000e+00 3.8889e-01 2.5000e-01 0.0000e+00 9.8230e-01 5.0000e-01 9.0942e-01
3.3333e-01 3.8889e-01 1.0000e+00 0.0000e+00 1.1111e-01 4.4000e-01 1.0000e+00 0.0000e+00 1.0000e+00 1.0000e+00 3.5294e-01 3.3333e-01 2.5000e-01 5.2632e-01 0.0000e+00 7.1429e-02 0.0000e+00 3.8249e-01 3.1250e-01 4.7154e-01 7.0130e-01 1.0000e+00 3.8889e-01 1.0000e+00 6.6102e-01 6.9307e-01 6.9444e-01 6.3143e-01 6.7532e-01 4.2857e-01 8.2727e-01 1.0000e+00 3.9130e-01 1.0000e+00 6.6071e-01 5.7895e-01 0.0000e+00 3.3333e-01 8.0571e-01 2.8571e-01 4.8148e-01 6.2745e-01 1.0000e+00 1.0000e+00 6.2500e-01 7.9320e-01 6.2416e-01 1.0000e+00 4.0541e-01 5.5814e-01
5.0000e-01 6.1364e-01 1.0000e+00 3.8889e-01 6.3492e-01 5.6818e-01 1.0000e+00 7.5701e-01 1.0000e+00 1.0000e+00 6.7568e-01 5.1724e-01 7.9605e-01 2.3077e-01 4.0909e-01 3.1250e-01 8.0977e-01 5.0236e-01 4.7436e-01 5.9017e-01 7.2222e-01 1.0000e+00 0.0000e+00 1.0000e+00 2.8571e-01 2.6667e-01 9.0955e-01 2.0690e-01 8.1227e-01 2.1429e-01 5.5882e-01 1.0000e+00 5.5102e-01 1.0000e+00 9.0688e-01 8.1481e-01 6.7857e-01 5.8974e-01 5.7895e-01 2.5000e-01 5.7500e-01 6.0870e-01 1.0000e+00 1.0000e+00 5.1724e-01 4.7170e-01 6.0630e-01 1.0000e+00 6.0938e-01 8.6660e-01
9.9710e-01 1.0000e+00 1.0000e+00 9.5077e-01 9.0668e-01 5.5000e-01 1.0000e+00 9.4771e-01 1.0000e+00 1.0000e+00 7.4803e-01 8.3262e-01 9.7170e-01 8.4796e-01 5.9028e-01 0.0000e+00 7.0036e-01 1.3514e-01 7.2338e-01 1.2000e-01 9.5532e-01 1.0000e+00 9.9770e-01 1.0000e+00 1.0000e+00 7.1774e-01 9.7223e-01 5.9925e-01 9.1394e-01 0.0000e+00 9.8372e-01 1.0000e+00 5.6604e-01 1.0000e+00 9.7356e-01 9.7197e-01 9.0434e-01 9.5851e-01 9.6224e-01 9.9461e-01 9.4785e-01 9.5955e-01 1.0000e+00 1.0000e+00 9.9045e-01 5.2857e-01 1.4286e-01 1.0000e+00 4.9123e-01 4.6429e-01
1.0000e+00 1.0000e+00 1.0000e+00 6.5455e-01 9.1760e-01 3.6842e-01 1.0000e+00 9.7010e-01 1.0000e+00 1.0000e+00 0.0000e+00 0.0000e+00 1.0000e+00 4.1667e-01 2.6087e-01 7.4019e-01 7.8376e-01 0.0000e+00 1.6667e-01 5.0643e-01 7.8378e-01 1.0000e+00 1.0000e+00 1.0000e+00 1.0000e+00 2.6667e-01 1.0000e+00 5.8486e-01 7.6687e-01 2.1429e-01 1.0000e+00 1.0000e+00 2.6667e-01 1.0000e+00 1.0000e+00 1.0000e+00 4.1667e-01 1.1111e-01 5.6757e-01 1.0000e+00 7.6812e-01 2.5000e-01 1.0000e+00 1.0000e+00 1.0000e+00 3.2000e-01 2.7273e-01 1.0000e+00 7.9530e-01 1.8182e-01
1.0000e+00 1.0000e+00 1.0000e+00 5.1724e-01 6.8605e-01 4.8387e-01 1.0000e+00 1.0000e+00 1.0000e+00 1.0000e+00 1.1111e-01 7.6471e-01 1.0000e+00 8.1716e-01 6.8240e-01 4.8718e-01 3.4615e-01 4.0816e-01 1.2500e-01 5.1174e-01 8.4691e-01 1.0000e+00 1.0000e+00 1.0000e+00 1.0000e+00 4.4444e-01 1.0000e+00 4.4715e-01 8.2808e-01 0.0000e+00 1.0000e+00 1.0000e+00 6.9048e-01 1.0000e+00 1.0000e+00 1.0000e+00 1.1111e-01 5.3333e-01 5.6757e-01 1.0000e+00 5.3125e-01 1.1111e-01 1.0000e+00 1.0000e+00 1.0000e+00 6.6926e-01 5.2239e-01 1.0000e+00 7.3925e-01 7.9008e-01
1.0000e+00 1.0000e+00 1.0000e+00 9.3953e-01 7.2072e-01 9.1354e-01 1.0000e+00 1.0000e+00 1.0000e+00 1.0000e+00 5.8140e-01 6.0465e-01 1.0000e+00 7.6098e-01 6.7407e-01 2.0000e-01 5.3846e-01 4.8151e-01 6.4634e-01 5.5882e-01 6.9333e-01 1.0000e+00 1.0000e+00 1.0000e+00 1.0000e+00 7.5000e-01 1.0000e+00 5.4213e-01 8.3594e-01 8.0600e-01 1.0000e+00 1.0000e+00 7.0748e-01 1.0000e+00 1.0000e+00 1.0000e+00 8.8580e-01 4.5455e-01 4.2857e-01 1.0000e+00 6.3636e-01 3.8889e-01 1.0000e+00 1.0000e+00 1.0000e+00 7.0852e-01 7.9758e-01 1.0000e+00 6.9301e-01 7.7073e-01
1.0000e+00 1.0000e+00 1.0000e+00 1.1111e-01 0.0000e+00 7.6190e-01 1.0000e+00 1.0000e+00 1.0000e+00 1.0000e+00 5.7500e-01 8.2353e-01 1.0000e+00 4.8387e-01 7.6923e-02 0.0000e+00 6.1739e-01 4.3908e-01 4.3103e-01 4.4809e-01 8.1944e-01 1.0000e+00 1.0000e+00 1.0000e+00 1.0000e+00 8.2227e-01 1.0000e+00 4.5385e-01 5.0000e-01 5.1220e-01 1.0000e+00 1.0000e+00 0.0000e+00 1.0000e+00 1.0000e+00 1.0000e+00 0.0000e+00 4.2857e-01 6.4000e-01 1.0000e+00 6.4286e-01 5.4545e-01 1.0000e+00 1.0000e+00 1.0000e+00 5.1515e-01 5.2239e-01 1.0000e+00 6.0000e-01 7.0093e-01
