1.0000e+00 0.0000e+00 0.0000e+00 5.0000e+00 1.0000e+00 9.0000e+00 1.0000e+00 4.0000e+00 1.5000e+01 9.8760e+03
1.0000e+00 2.0000e+00 0.0000e+00 9.7700e+03 7.2600e+02 1.0000e+00 8.0000e+00 1.0000e+00 2.0000e+00 1.5000e+01
3.2340e+03 2.0000e+00 0.0000e+00 2.0000e+00 1.0000e+00 2.0000e+00 7.0000e+00 7.1680e+03 7.0000e+00 1.0000e+00
3.5000e+01 1.0000e+00 1.0000e+00 3.0000e+00 9.2000e+03 6.6000e+03 1.0000e+00 1.0000e+00 2.0000e+00 2.0000e+00
1.0000e+00 1.0000e+00 5.3440e+03 2.6200e+02 1.0000e+00 1.0000e+00 1.0000e+00 2.8180e+03 1.0000e+00 1.0000e+00
2.0000e+00 1.0000e+00 1.0000e+00 1.0000e+00 1.0000e+01 3.0000e+00 1.0045e+04 2.0000e+00 1.0000e+00 2.0000e+00
6.7340e+03 2.0000e+00 1.0000e+00 1.0000e+00 1.0000e+00 3.3100e+03 1.0000e+00 2.0000e+00 1.0000e+00 1.0000e+00
1.0000e+00 2.6630e+03 4.7360e+03 1.0000e+00 1.0000e+00 1.0000e+00 2.0000e+00 1.0000e+00 1.0000e+00 1.0000e+00
1.0000e+00 4.0000e+00 1.0000e+00 5.0000e+00 3.0000e+00 1.0000e+00 1.0000e+00 3.0000e+00 9.9770e+03 1.0000e+00
1.0000e+00 7.3160e+03 1.0000e+00 1.0000e+00 1.0000e+00 1.0000e+00 1.0000e+00 2.0000e+00 9.0000e+00 1.0000e+00
