0.0000e+00 1.0000e+00 1.0000e+00 8.0000e-01 0.0000e+00 6.6667e-01 0.0000e+00 7.5000e-01 8.6667e-01 9.7276e-01
0.0000e+00 1.0000e+00 1.0000e+00 9.9754e-01 5.5234e-01 0.0000e+00 8.7500e-01 0.0000e+00 5.0000e-01 8.6667e-01
9.7093e-01 5.0000e-01 1.0000e+00 5.0000e-01 0.0000e+00 5.0000e-01 8.5714e-01 7.7958e-01 8.5714e-01 0.0000e+00
8.5714e-01 0.0000e+00 0.0000e+00 6.6667e-01 7.0837e-01 9.7909e-01 0.0000e+00 0.0000e+00 5.0000e-01 5.0000e-01
0.0000e+00 0.0000e+00 8.8510e-01 6.2977e-01 0.0000e+00 0.0000e+00 0.0000e+00 5.8055e-01 0.0000e+00 0.0000e+00
5.0000e-01 0.0000e+00 0.0000e+00 0.0000e+00 5.0000e-01 6.6667e-01 9.6924e-01 5.0000e-01 0.0000e+00 5.0000e-01
8.2833e-01 5.0000e-01 0.0000e+00 0.0000e+00 0.0000e+00 5.6314e-01 0.0000e+00 5.0000e-01 0.0000e+00 0.0000e+00
0.0000e+00 9.6658e-01 9.5629e-01 0.0000e+00 0.0000e+00 0.0000e+00 5.0000e-01 0.0000e+00 0.0000e+00 0.0000e+00
0.0000e+00 7.5000e-01 0.0000e+00 6.0000e-01 3.3333e-01 0.0000e+00 0.0000e+00 3.3333e-01 7.2928e-01 0.0000e+00
0.0000e+00 9.9549e-01 0.0000e+00 0.0000e+00 0.0000e+00 0.0000e+00 0.0000e+00 5.0000e-01 6.6667e-01 0.0000e+00
