0.0000e+00 0.0000e+00 0.0000e+00 4.0000e+00 0.0000e+00 6.0000e+00 0.0000e+00 3.0000e+00 1.3000e+01 9.6070e+03
0.0000e+00 2.0000e+00 0.0000e+00 9.7460e+03 4.0100e+02 0.0000e+00 7.0000e+00 0.0000e+00 1.0000e+00 1.3000e+01
3.1400e+03 1.0000e+00 0.0000e+00 1.0000e+00 0.0000e+00 1.0000e+00 6.0000e+00 5.5880e+03 6.0000e+00 0.0000e+00
3.0000e+01 0.0000e+00 0.0000e+00 2.0000e+00 6.5170e+03 6.4620e+03 0.0000e+00 0.0000e+00 1.0000e+00 1.0000e+00
0.0000e+00 0.0000e+00 4.7300e+03 1.6500e+02 0.0000e+00 0.0000e+00 0.0000e+00 1.6360e+03 0.0000e+00 0.0000e+00
1.0000e+00 0.0000e+00 0.0000e+00 0.0000e+00 5.0000e+00 2.0000e+00 9.7360e+03 1.0000e+00 0.0000e+00 1.0000e+00
5.5780e+03 1.0000e+00 0.0000e+00 0.0000e+00 0.0000e+00 1.8640e+03 0.0000e+00 1.0000e+00 0.0000e+00 0.0000e+00
0.0000e+00 2.5740e+03 4.5290e+03 0.0000e+00 0.0000e+00 0.0000e+00 1.0000e+00 0.0000e+00 0.0000e+00 0.0000e+00
0.0000e+00 3.0000e+00 0.0000e+00 3.0000e+00 1.0000e+00 0.0000e+00 0.0000e+00 1.0000e+00 7.2760e+03 0.0000e+00
0.0000e+00 7.2830e+03 0.0000e+00 0.0000e+00 0.0000e+00 0.0000e+00 0.0000e+00 1.0000e+00 6.0000e+00 0.0000e+00
