5.0000e-01 3.8182e-01 7.3770e-01 0.0000e+00 5.8000e-01 5.5000e-01 5.5882e-01 6.7513e-01 6.2893e-01 5.8491e-01 1.5789e-01 5.3846e-01 1.7647e-01 7.6923e-02 3.0556e-01 4.1176e-01 2.4000e-01 0.0000e+00 0.0000e+00 2.5000e-01 6.6667e-01 2.6667e-01 2.6230e-01 2.5000e-01 1.9231e-01 2.3333e-01 6.0924e-01 1.7647e-01 7.1447e-01 5.3922e-01 6.4921e-01 7.6543e-01 5.0000e-01 6.3281e-01 3.0769e-01 2.3077e-01 2.3077e-01 5.3333e-01 2.8571e-01 4.1489e-01 5.5357e-01 0.0000e+00 2.0000e-01 4.8438e-01 7.8195e-01 2.5000e-01 5.2941e-01 7.0500e-01 3.5294e-01 6.2366e-01
0.0000e+00 3.8182e-01 0.0000e+00 0.0000e+00 7.2065e-01 0.0000e+00 2.5000e-01 6.3359e-01 0.0000e+00 0.0000e+00 0.0000e+00 0.0000e+00 0.0000e+00 0.0000e+00 1.1765e-01 4.7706e-01 1.5789e-01 0.0000e+00 1.5789e-01 3.0435e-01 1.1111e-01 1.0000e-01 4.6759e-01 0.0000e+00 1.0526e-01 1.4286e-01 1.6667e-01 0.0000e+00 5.3488e-01 6.8016e-01 5.8824e-02 0.0000e+00 0.0000e+00 1.5385e-01 2.4138e-01 1.8182e-01 2.6667e-01 2.8571e-01 3.8889e-01 0.0000e+00 0.0000e+00 1.9048e-01 2.0000e-01 1.3333e-01 1.0000e+00 7.7344e-01 0.0000e+00 9.0909e-02 1.1111e-01 1.5385e-01
2.0000e-01 2.5806e-01 0.0000e+00 5.7018e-01 3.1250e-01 5.7447e-01 6.1702e-01 3.3333e-01 5.3896e-01 4.1667e-01 7.0318e-01 3.1250e-01 5.4167e-01 6.6034e-01 6.6667e-02 6.0837e-01 5.6497e-01 3.1579e-01 4.6053e-01 3.0435e-01 7.0238e-01 4.6875e-01 1.2903e-01 6.4151e-01 6.5280e-01 3.8095e-01 2.5000e-01 2.8814e-01 7.1252e-01 4.8485e-01 3.2692e-01 4.5000e-01 4.0625e-01 6.1111e-01 6.5241e-01 3.8095e-01 6.1905e-01 4.8000e-01 6.5455e-01 1.8519e-01 6.6667e-01 1.1765e-01 8.1818e-01 5.2874e-01 1.0000e+00 3.3333e-01 2.3077e-01 3.3333e-01 6.1224e-01 2.7778e-01
1.0000e+00 3.3333e-01 9.3584e-01 7.7493e-01 1.9048e-01 9.1332e-01 1.0000e+00 6.9804e-01 7.0940e-01 9.0967e-01 2.5000e-01 9.1465e-01 7.7219e-01 7.4146e-01 1.5000e-01 6.7882e-01 1.2500e-01 7.6602e-01 6.4953e-01 1.4286e-01 9.4269e-01 8.9928e-01 1.0714e-01 9.8265e-01 0.0000e+00 6.5276e-01 7.3635e-01 3.3735e-01 3.3333e-01 7.3375e-01 1.6667e-01 6.6848e-01 6.5385e-01 1.5385e-01 2.2222e-01 0.0000e+00 8.9059e-01 9.5732e-01 6.3265e-01 1.3636e-01 8.6884e-01 7.1820e-01 2.0000e-01 7.2431e-01 1.0000e+00 9.8891e-01 9.3278e-01 8.5089e-01 9.3847e-01 2.7778e-01
1.0000e+00 6.6667e-02 0.0000e+00 0.0000e+00 0.0000e+00 0.0000e+00 1.0000e+00 0.0000e+00 0.0000e+00 0.0000e+00 6.6667e-02 4.0909e-01 0.0000e+00 7.6923e-02 0.0000e+00 4.0909e-01 2.7586e-01 0.0000e+00 1.1765e-01 4.3590e-01 3.5294e-01 1.0000e-01 2.6984e-01 1.0000e+00 1.6667e-01 1.0526e-01 0.0000e+00 0.0000e+00 0.0000e+00 2.1053e-01 1.6667e-01 3.3333e-01 0.0000e+00 0.0000e+00 1.8182e-01 0.0000e+00 0.0000e+00 0.0000e+00 9.2213e-01 0.0000e+00 1.6667e-01 0.0000e+00 0.0000e+00 0.0000e+00 1.0000e+00 1.0000e+00 1.1111e-01 7.3004e-01 0.0000e+00 0.0000e+00
1.0000e+00 1.8182e-01 1.1111e-01 0.0000e+00 0.0000e+00 1.0000e-01 1.0000e+00 0.0000e+00 0.0000e+00 1.0000e-01 3.3333e-01 2.3077e-01 1.3333e-01 2.5000e-01 3.4091e-01 5.2096e-01 7.1429e-02 0.0000e+00 7.1429e-02 0.0000e+00 4.0000e-01 0.0000e+00 0.0000e+00 1.0000e+00 2.7027e-01 1.0526e-01 0.0000e+00 0.0000e+00 3.3333e-01 7.5108e-01 1.6667e-01 3.3333e-01 2.8571e-01 0.0000e+00 2.9730e-01 1.1111e-01 0.0000e+00 1.0000e+00 1.0000e+00 5.8824e-02 0.0000e+00 2.4000e-01 1.0000e+00 0.0000e+00 1.0000e+00 1.0000e+00 1.1111e-01 2.1429e-01 1.1111e-01 0.0000e+00
1.0000e+00 0.0000e+00 3.6842e-01 1.3333e-01 0.0000e+00 1.8182e-01 1.0000e+00 0.0000e+00 0.0000e+00 0.0000e+00 1.5789e-01 0.0000e+00 0.0000e+00 0.0000e+00 1.1765e-01 6.1352e-01 7.1429e-02 0.0000e+00 0.0000e+00 8.3333e-02 1.8182e-01 1.6667e-01 1.7949e-01 1.0000e+00 1.9231e-01 1.0526e-01 7.1429e-02 1.7647e-01 2.3810e-01 6.2150e-01 1.0526e-01 9.0909e-02 0.0000e+00 0.0000e+00 6.6667e-02 0.0000e+00 0.0000e+00 1.0000e+00 1.0000e+00 1.0000e-01 0.0000e+00 7.1429e-02 1.0000e+00 0.0000e+00 1.0000e+00 1.0000e+00 1.1111e-01 2.5000e-01 0.0000e+00 0.0000e+00
1.0000e+00 4.9180e-01 4.0000e-01 3.0769e-01 3.7209e-01 3.3333e-01 1.0000e+00 3.8710e-01 6.3498e-01 5.6522e-01 6.6667e-02 3.1250e-01 3.7838e-01 2.2727e-01 5.5399e-01 6.0479e-01 5.9925e-01 7.3128e-01 2.5926e-01 6.3158e-01 5.6410e-01 3.8095e-01 5.5247e-01 1.0000e+00 4.4037e-01 6.5208e-01 3.0000e-01 5.8496e-01 6.9759e-01 4.0909e-01 4.0909e-01 4.6512e-01 1.5385e-01 2.6316e-01 5.2601e-01 5.1515e-01 1.6667e-01 1.0000e+00 1.0000e+00 6.1600e-01 3.3333e-01 4.1071e-01 1.0000e+00 3.9474e-01 1.0000e+00 1.0000e+00 5.0000e-01 6.9613e-01 5.8696e-01 2.5000e-01
1.0000e+00 1.8182e-01 4.3478e-01 4.2222e-01 5.5901e-01 0.0000e+00 1.0000e+00 2.6316e-01 2.4000e-01 0.0000e+00 1.8182e-01 2.6667e-01 2.1053e-01 2.2727e-01 0.0000e+00 3.8983e-01 4.3548e-01 0.0000e+00 2.1739e-01 2.8571e-01 1.1111e-01 1.0000e-01 3.0380e-01 1.0000e+00 1.0526e-01 4.2529e-01 0.0000e+00 0.0000e+00 1.7647e-01 4.6667e-01 3.9744e-01 2.6316e-01 9.0909e-02 3.3333e-01 4.5055e-01 4.8276e-01 0.0000e+00 1.0000e+00 1.0000e+00 1.8519e-01 2.5000e-01 1.1765e-01 1.0000e+00 1.3333e-01 1.0000e+00 1.0000e+00 5.6410e-01 9.0909e-02 1.8182e-01 2.5000e-01
1.0000e+00 6.8827e-01 1.8182e-01 3.0769e-01 6.7495e-01 8.3622e-01 1.0000e+00 8.2290e-01 3.9623e-01 3.3333e-01 2.3077e-01 8.7866e-01 5.1899e-01 7.0140e-01 6.9581e-01 2.7273e-01 7.2097e-01 8.6618e-01 7.1390e-01 8.0582e-01 7.9902e-01 2.6667e-01 1.4706e-01 1.0000e+00 4.9102e-01 4.4444e-01 6.9450e-01 3.5165e-01 7.6643e-01 2.1053e-01 2.2581e-01 8.1870e-01 8.2514e-01 8.2285e-01 6.7925e-01 9.1971e-01 8.9262e-01 1.0000e+00 1.0000e+00 6.3476e-01 0.0000e+00 3.8298e-01 1.0000e+00 7.6896e-01 1.0000e+00 1.0000e+00 8.5429e-01 3.4783e-01 3.6842e-01 8.5267e-01
