1.4000e+01 7.0000e+00 7.0000e+00 2.6000e+01 1.2000e+01 5.4000e+01 5.8700e+02 9.0000e+00 1.4000e+01 1.0000e+01 3.2000e+01 1.4000e+01 1.2000e+01 1.1000e+01 9.0000e+00 1.8000e+01 1.7000e+01 1.0000e+01 7.0000e+00 1.7000e+01 1.0000e+01 2.2000e+01 1.0000e+01 1.6000e+01 1.1000e+01 1.0000e+01 1.9000e+01 9.0000e+00 2.5000e+01 1.7000e+01 9.0000e+00 1.0000e+01 1.0000e+01 3.0000e+01 1.8000e+01 3.9000e+01 7.0000e+00 5.4000e+01 9.9900e+02 4.2000e+01 1.2000e+01 1.1000e+01 6.0000e+01 1.1000e+01 1.5000e+01 1.9000e+01 3.5000e+01 1.8000e+01 7.0000e+00 1.0000e+01
9.0000e+00 7.0000e+00 7.0000e+00 6.4000e+01 2.2000e+01 3.9000e+01 1.0000e+01 2.3000e+01 1.8000e+01 2.2000e+01 1.0000e+01 3.2000e+01 1.2000e+01 7.0000e+00 1.8000e+01 4.7000e+01 7.7000e+01 7.0000e+00 7.0000e+00 7.0000e+00 9.0000e+01 2.5000e+01 1.8000e+01 1.1000e+01 2.0000e+01 1.5000e+01 1.8000e+01 1.4000e+01 1.4000e+01 1.1500e+02 1.0000e+01 5.8200e+02 2.4000e+01 9.0000e+00 5.8530e+03 1.4000e+01 1.3000e+01 3.3000e+01 5.1060e+03 8.0000e+00 7.0000e+00 9.0000e+00 1.7200e+02 2.5000e+01 1.8100e+02 1.5000e+01 7.0000e+00 1.2000e+01 1.0000e+01 7.0000e+00
1.5000e+01 1.0000e+01 1.5000e+01 2.0000e+01 1.4000e+01 1.5000e+01 2.5000e+01 7.0000e+00 7.0000e+00 1.2000e+01 1.5000e+01 1.2000e+01 8.0000e+00 7.0000e+00 1.0000e+01 1.7000e+01 9.0000e+00 7.0000e+00 1.2000e+01 7.0000e+00 1.0000e+01 1.9000e+01 1.8000e+01 1.4000e+01 7.0000e+00 9.0000e+00 7.0000e+00 7.0000e+00 9.0000e+00 9.6000e+01 1.5000e+01 9.0000e+00 8.0000e+00 9.0000e+00 0.0000e+00 1.9000e+01 7.0000e+00 4.4000e+01 0.0000e+00 1.1000e+01 7.0000e+00 7.0000e+00 2.3000e+01 7.0000e+00 1.5000e+01 1.1000e+01 1.0000e+01 1.7000e+01 1.0000e+01 1.2000e+01
9.0000e+00 7.0000e+00 9.0000e+00 1.3000e+01 8.0000e+00 7.0000e+00 3.0000e+01 7.0000e+00 1.0000e+01 1.2000e+01 9.0000e+00 1.2000e+01 8.0000e+00 9.0000e+00 9.0000e+00 1.5000e+01 1.1000e+01 7.0000e+00 9.0000e+00 7.0000e+00 7.0000e+00 2.1000e+01 2.7000e+01 7.0000e+00 1.1000e+01 7.0000e+00 1.4000e+01 7.0000e+00 9.0000e+00 2.6000e+01 7.0000e+00 9.0000e+00 8.0000e+00 9.0000e+00 0.0000e+00 9.0000e+00 7.0000e+00 7.0000e+00 0.0000e+00 1.8000e+01 7.0000e+00 7.0000e+00 3.0000e+01 7.0000e+00 7.0000e+00 1.9000e+01 1.0000e+01 1.2000e+01 7.0000e+00 9.0000e+00
1.4000e+01 7.0000e+00 7.0000e+00 1.7000e+01 1.0000e+01 1.4000e+01 5.3280e+03 9.0000e+00 7.0000e+00 1.4000e+01 1.4000e+01 1.1000e+01 1.2000e+01 9.0000e+00 1.2000e+01 1.7000e+01 9.0000e+00 7.0000e+00 7.0000e+00 7.0000e+00 1.2000e+01 1.3000e+01 1.5000e+01 1.1000e+01 1.1000e+01 1.9000e+01 2.6000e+01 1.4000e+01 5.1500e+02 3.9000e+01 9.0000e+00 9.0000e+00 2.6000e+01 1.2000e+01 0.0000e+00 1.2000e+01 7.0000e+00 1.7000e+01 0.0000e+00 1.1000e+01 1.0000e+01 1.2000e+01 2.7000e+01 9.0000e+00 1.5000e+01 1.1000e+01 7.0000e+00 1.4000e+01 7.0000e+00 9.0000e+00
1.1000e+01 9.0000e+00 7.0000e+00 2.0000e+01 1.8000e+01 1.2000e+01 0.0000e+00 7.0000e+00 1.2000e+01 8.0000e+00 1.7000e+01 9.0000e+00 8.0000e+00 7.0000e+00 7.0000e+00 1.2000e+01 9.0000e+00 1.0000e+01 7.0000e+00 7.0000e+00 7.0000e+00 7.0000e+00 8.0000e+00 7.0000e+00 1.1000e+01 1.4000e+01 7.0000e+00 1.5000e+01 1.6000e+01 1.0000e+01 7.0000e+00 1.5000e+01 8.0000e+00 7.0000e+00 0.0000e+00 1.5000e+01 9.0000e+00 1.0000e+01 0.0000e+00 2.7300e+02 7.0000e+00 7.0000e+00 2.3000e+01 7.0000e+00 1.8000e+01 1.3000e+01 1.7000e+01 9.0000e+00 7.0000e+00 7.0000e+00
3.8000e+01 7.0000e+00 7.0000e+00 1.0000e+01 8.0000e+00 1.0000e+01 0.0000e+00 7.0000e+00 7.0000e+00 8.0000e+00 1.7000e+01 7.0000e+00 1.0000e+01 9.0000e+00 7.0000e+00 7.0000e+00 9.0000e+00 7.0000e+00 7.0000e+00 1.0000e+01 9.0000e+00 7.0000e+00 1.0000e+01 7.0000e+00 9.0000e+00 7.0000e+00 7.0000e+00 9.0000e+00 1.4000e+01 2.6000e+01 7.0000e+00 7.0000e+00 8.0000e+00 1.2000e+01 0.0000e+00 9.0000e+00 7.0000e+00 1.0000e+01 0.0000e+00 8.0000e+00 7.0000e+00 7.0000e+00 9.0000e+00 7.0000e+00 7.0000e+00 1.0000e+01 9.0000e+00 9.0000e+00 7.0000e+00 7.0000e+00
1.2000e+01 7.0000e+00 9.0000e+00 1.5000e+01 1.0000e+01 1.2000e+01 0.0000e+00 9.0000e+00 7.0000e+00 1.0000e+01 1.2000e+01 1.2000e+01 8.0000e+00 7.0000e+00 1.0000e+01 1.4000e+01 9.0000e+00 1.0000e+01 7.0000e+00 7.0000e+00 9.0000e+00 7.0000e+00 1.1000e+01 7.0000e+00 7.0000e+00 7.0000e+00 9.0000e+00 1.0000e+01 9.0000e+00 1.9000e+01 9.0000e+00 9.0000e+00 8.0000e+00 7.0000e+00 0.0000e+00 9.0000e+00 7.0000e+00 1.5000e+01 0.0000e+00 8.0000e+00 7.0000e+00 9.0000e+00 9.0000e+00 7.0000e+00 7.0000e+00 8.0000e+00 7.0000e+00 1.0000e+01 7.0000e+00 7.0000e+00
7.0000e+00 1.5000e+01 9.0000e+00 1.0000e+01 2.0000e+01 7.0000e+00 0.0000e+00 9.0000e+00 1.4000e+01 8.0000e+00 7.0000e+00 7.0000e+00 8.0000e+00 7.0000e+00 7.0000e+00 2.2000e+01 1.7000e+01 9.0000e+00 9.0000e+00 7.0000e+00 7.0000e+00 9.0000e+00 8.0000e+00 1.6000e+01 7.0000e+00 9.0000e+00 9.0000e+00 1.7000e+01 1.1000e+01 1.5000e+01 7.0000e+00 7.0000e+00 1.2000e+01 9.0000e+00 0.0000e+00 1.4000e+01 7.0000e+00 2.4000e+01 0.0000e+00 1.0000e+01 7.0000e+00 9.0000e+00 9.0000e+00 7.0000e+00 2.5000e+01 1.0000e+01 7.0000e+00 1.2000e+01 9.0000e+00 1.0000e+01
1.1000e+01 9.0000e+00 7.0000e+00 1.0000e+01 5.6000e+01 1.9000e+01 0.0000e+00 9.0000e+00 1.2000e+01 1.0000e+01 9.0000e+00 1.2000e+01 1.2000e+01 7.0000e+00 1.2000e+01 1.0000e+01 1.3000e+01 9.0000e+00 1.2000e+01 2.6000e+01 1.0000e+01 1.5000e+01 8.0000e+00 1.3000e+01 7.0000e+00 7.0000e+00 9.0000e+00 7.0000e+00 1.3000e+01 9.0000e+00 7.0000e+00 2.1000e+01 1.0000e+01 1.5000e+01 0.0000e+00 9.0000e+00 7.0000e+00 9.0000e+00 0.0000e+00 1.1000e+01 1.0000e+01 9.0000e+00 1.2000e+01 1.1000e+01 9.0000e+00 1.5000e+01 2.6000e+01 1.2000e+01 1.5000e+01 7.0000e+00
4.2300e+02 9.0000e+00 2.4000e+01 3.9100e+02 1.7000e+01 1.4000e+01 0.0000e+00 7.0000e+00 1.2000e+01 1.6000e+01 1.2000e+01 1.1000e+01 1.2000e+01 1.1000e+01 6.6200e+02 4.3000e+01 2.3000e+01 2.1000e+01 3.9000e+01 7.0000e+00 5.6000e+01 1.8500e+02 2.4000e+01 1.1510e+03 2.0000e+01 2.6000e+01 5.1000e+01 9.0000e+00 9.0000e+00 2.4000e+01 9.8000e+01 5.7000e+01 2.1000e+01 3.9000e+01 0.0000e+00 1.0500e+02 9.0000e+00 3.1000e+01 0.0000e+00 4.5800e+02 7.0000e+00 2.2500e+02 5.0000e+01 4.5000e+01 4.2000e+01 9.0000e+01 1.8000e+01 5.5000e+01 1.0000e+01 1.7000e+01
1.4000e+01 1.0000e+01 1.2000e+01 1.0000e+01 1.0000e+01 3.1000e+01 0.0000e+00 7.0000e+00 7.0000e+00 8.0000e+00 9.0000e+00 1.2000e+01 1.2000e+01 7.0000e+00 1.2000e+01 5.6000e+01 9.0000e+00 7.0000e+00 1.4000e+01 7.0000e+00 1.2000e+01 1.6000e+01 8.0000e+00 9.0000e+00 1.1000e+01 1.4000e+01 9.0000e+00 9.0000e+00 1.3000e+01 1.7000e+01 1.5000e+01 9.0000e+00 8.0000e+00 7.0000e+00 0.0000e+00 7.0000e+00 7.0000e+00 2.1000e+01 0.0000e+00 8.0000e+00 7.0000e+00 1.9000e+01 9.0000e+00 7.0000e+00 7.0000e+00 1.3000e+01 7.0000e+00 9.0000e+00 1.7000e+01 9.0000e+00
2.6900e+02 4.8000e+01 1.0000e+02 2.7000e+01 1.1600e+02 1.0700e+02 0.0000e+00 1.1900e+02 3.0000e+01 3.6400e+02 4.3000e+01 6.2000e+01 9.6000e+01 1.7800e+02 3.7000e+01 1.9000e+01 1.5200e+02 2.6000e+01 1.6500e+02 1.8900e+02 3.9000e+01 2.8000e+01 4.7000e+01 6.6000e+01 3.1800e+02 1.4000e+02 9.0000e+00 2.9000e+01 2.1000e+01 3.0000e+01 2.0400e+02 4.9500e+02 8.0000e+01 1.2000e+01 0.0000e+00 1.5000e+01 1.4000e+02 1.3700e+02 0.0000e+00 1.0500e+02 6.6000e+01 1.9500e+02 1.2000e+01 1.4500e+02 2.4000e+01 8.0000e+01 1.0500e+02 1.0000e+01 3.4000e+01 6.1000e+01
7.0000e+00 9.0000e+00 1.4000e+01 2.7000e+01 3.0000e+01 1.0000e+01 0.0000e+00 7.0000e+00 1.5000e+01 1.9000e+01 7.0000e+00 1.6000e+01 1.0000e+01 7.0000e+00 2.6000e+01 1.0000e+01 2.0000e+01 1.0000e+01 7.0000e+00 9.0000e+00 1.2000e+01 5.2000e+01 1.0000e+01 2.3000e+01 9.0000e+00 9.0000e+00 9.0000e+00 1.0000e+01 1.3000e+01 1.2000e+01 7.0000e+00 1.2000e+01 1.7000e+01 9.0000e+00 0.0000e+00 9.0000e+00 9.0000e+00 4.0000e+01 0.0000e+00 8.1000e+01 7.0000e+00 7.0000e+00 1.4000e+01 9.0000e+00 1.5000e+01 3.1000e+01 7.0000e+00 1.0000e+01 9.0000e+00 1.0000e+01
9.0000e+00 1.0000e+01 1.1000e+01 2.1000e+01 2.3000e+01 1.5000e+01 0.0000e+00 1.6000e+01 2.0000e+01 8.0000e+00 2.1000e+01 7.0000e+00 3.3000e+01 3.3000e+01 1.0000e+01 1.0000e+01 1.3000e+01 1.4000e+01 9.0000e+00 7.0000e+00 7.0000e+00 1.6000e+01 1.3000e+01 1.3000e+01 1.1000e+01 2.2000e+01 9.0000e+00 1.8000e+01 1.4000e+01 9.0000e+00 9.0000e+00 1.5000e+01 2.1000e+01 1.0000e+01 0.0000e+00 1.4000e+01 1.3000e+01 1.9000e+01 0.0000e+00 1.0000e+01 1.0000e+01 1.2000e+01 1.9000e+01 2.6000e+01 3.0000e+01 1.0000e+01 2.4000e+01 1.8000e+01 5.6000e+01 1.4000e+01
7.0000e+00 1.0000e+01 9.0000e+00 1.0000e+01 1.4000e+01 9.0000e+00 0.0000e+00 7.0000e+00 7.0000e+00 1.2000e+01 1.0000e+01 9.0000e+00 1.0000e+01 9.0000e+00 2.4000e+01 1.5000e+01 9.0000e+00 7.0000e+00 7.0000e+00 7.0000e+00 7.0000e+00 1.3000e+01 8.0000e+00 9.0000e+00 9.0000e+00 9.0000e+00 7.0000e+00 7.0000e+00 9.0000e+00 7.0000e+00 7.0000e+00 1.4000e+01 1.0000e+01 7.4000e+01 0.0000e+00 1.5000e+01 7.0000e+00 1.2300e+02 0.0000e+00 1.1000e+01 7.0000e+00 7.0000e+00 3.9000e+01 7.0000e+00 2.5000e+01 8.0000e+00 7.0000e+00 4.2000e+01 7.0000e+00 7.0000e+00
7.0000e+00 9.0000e+00 9.0000e+00 8.0000e+00 1.0000e+01 9.0000e+00 0.0000e+00 7.0000e+00 7.0000e+00 8.0000e+00 2.1000e+01 7.0000e+00 1.0000e+01 7.0000e+00 1.0000e+01 7.0000e+00 1.1000e+01 9.0000e+00 7.0000e+00 1.0000e+01 1.2000e+01 9.0000e+00 8.0000e+00 7.0000e+00 9.0000e+00 7.0000e+00 7.0000e+00 1.4000e+01 1.6000e+01 7.0000e+00 7.0000e+00 7.0000e+00 1.0000e+01 7.0000e+00 0.0000e+00 9.0000e+00 7.0000e+00 7.0000e+00 0.0000e+00 8.0000e+00 7.0000e+00 7.0000e+00 7.0000e+00 9.0000e+00 7.0000e+00 1.1000e+01 7.0000e+00 9.0000e+00 1.0000e+01 7.0000e+00
2.0000e+01 2.2600e+02 7.0000e+00 7.1000e+01 1.3100e+02 3.1000e+01 0.0000e+00 3.0300e+02 9.0000e+00 1.0000e+01 6.7000e+01 2.0000e+01 3.3000e+01 7.1000e+01 1.0000e+01 1.2800e+02 6.0000e+01 7.0000e+00 1.0000e+01 7.0000e+00 7.0000e+00 7.0000e+00 8.0000e+00 7.0000e+00 1.3700e+02 5.0000e+01 1.4000e+01 1.8000e+01 1.4000e+01 9.0000e+00 7.0000e+00 3.1000e+01 8.0000e+00 1.7000e+01 0.0000e+00 6.3000e+01 1.1800e+02 7.0000e+00 0.0000e+00 8.0000e+00 7.0000e+00 1.2000e+01 1.1300e+02 7.0000e+00 5.5140e+03 3.1000e+01 9.0000e+00 1.0700e+02 1.9000e+01 4.0000e+01
1.1000e+01 7.0000e+00 7.0000e+00 1.5000e+01 1.7000e+01 7.0000e+00 0.0000e+00 7.0000e+00 9.0000e+00 8.0000e+00 2.5000e+01 7.0000e+00 8.0000e+00 7.0000e+00 9.0000e+00 2.8000e+01 1.1000e+01 7.0000e+00 7.0000e+00 7.0000e+00 1.0000e+01 9.0000e+00 8.0000e+00 1.1000e+01 7.0000e+00 7.0000e+00 9.0000e+00 7.0000e+00 2.0000e+01 1.0000e+01 1.0000e+01 9.0000e+00 1.0000e+01 7.0000e+00 0.0000e+00 7.0000e+00 7.0000e+00 9.0000e+00 0.0000e+00 1.1000e+01 7.0000e+00 9.0000e+00 3.1000e+01 7.0000e+00 0.0000e+00 1.5000e+01 1.2000e+01 7.0000e+00 7.0000e+00 9.0000e+00
1.4000e+01 7.0000e+00 7.0000e+00 8.0000e+00 8.0000e+00 1.0000e+01 0.0000e+00 7.0000e+00 9.0000e+00 8.0000e+00 1.2000e+01 1.1000e+01 1.0000e+01 7.0000e+00 1.9000e+01 7.0000e+00 1.1000e+01 7.0000e+00 9.0000e+00 7.0000e+00 7.0000e+00 9.0000e+00 8.0000e+00 7.0000e+00 7.0000e+00 7.0000e+00 7.0000e+00 7.0000e+00 1.1000e+01 1.4000e+01 7.0000e+00 9.0000e+00 1.0000e+01 7.0000e+00 0.0000e+00 7.0000e+00 7.0000e+00 9.0000e+00 0.0000e+00 1.1000e+01 7.0000e+00 7.0000e+00 1.2000e+01 7.0000e+00 0.0000e+00 1.1000e+01 1.0000e+01 9.0000e+00 7.0000e+00 7.0000e+00
3.1000e+01 7.0000e+00 7.0000e+00 1.0000e+01 1.0000e+01 3.1000e+01 0.0000e+00 9.0000e+00 7.0000e+00 1.0000e+01 2.5000e+01 7.0000e+00 8.0000e+00 1.4000e+01 7.0000e+00 8.2000e+01 1.1000e+01 1.2000e+01 1.2000e+01 9.0000e+00 1.5000e+01 9.0000e+00 1.0000e+01 7.0000e+00 7.0000e+00 9.0000e+00 9.0000e+00 9.0000e+00 9.0000e+00 9.0000e+00 1.0000e+01 1.0000e+01 1.2000e+01 7.0000e+00 0.0000e+00 1.0000e+01 1.7000e+01 7.0000e+00 0.0000e+00 1.0000e+01 9.0000e+00 9.0000e+00 2.3000e+01 1.7000e+01 0.0000e+00 2.1000e+01 1.0000e+01 9.0000e+00 9.0000e+00 6.2000e+01
2.1000e+01 7.0000e+00 7.0000e+00 3.6000e+01 4.6000e+01 7.0000e+00 0.0000e+00 7.0000e+00 9.0000e+00 1.2000e+01 1.2000e+01 7.0000e+00 8.0000e+00 7.0000e+00 1.0000e+01 1.2000e+01 9.0000e+00 1.0000e+01 9.0000e+00 7.0000e+00 1.0000e+01 1.1000e+01 2.0000e+01 2.1000e+01 1.1000e+01 1.5000e+01 1.4000e+01 7.0000e+00 3.1000e+01 1.2000e+01 7.0000e+00 7.0000e+00 8.0000e+00 5.6990e+03 0.0000e+00 1.0000e+01 7.0000e+00 5.1000e+01 0.0000e+00 3.0000e+01 1.7000e+01 9.0000e+00 1.6000e+01 7.0000e+00 0.0000e+00 1.6000e+01 9.0000e+00 1.0000e+01 7.0000e+00 1.0000e+01
9.0000e+00 1.0000e+01 1.2000e+01 4.0000e+01 1.7000e+01 1.5000e+01 0.0000e+00 9.0000e+00 1.8000e+01 1.7000e+01 1.4000e+01 7.0000e+00 1.2000e+01 7.0000e+00 7.0000e+00 3.5000e+01 3.9000e+01 1.4000e+01 7.0000e+00 1.4000e+01 9.0000e+00 1.3000e+01 3.5000e+01 1.4000e+01 1.1000e+01 1.5000e+01 1.7000e+01 2.5000e+01 2.6000e+01 2.6000e+01 1.5000e+01 9.8000e+01 2.0000e+01 0.0000e+00 0.0000e+00 1.2000e+01 1.4000e+01 5.9000e+01 0.0000e+00 5.0000e+01 9.0000e+00 7.0000e+00 3.2000e+01 7.0000e+00 0.0000e+00 1.0000e+01 7.0000e+00 1.8000e+01 1.0000e+01 9.0000e+00
7.0000e+00 7.0000e+00 7.0000e+00 8.0000e+00 8.0000e+00 6.7000e+01 0.0000e+00 1.7000e+01 1.5000e+01 8.0000e+00 3.0000e+01 7.0000e+00 8.0000e+00 9.0000e+00 4.4000e+01 7.0000e+00 1.7000e+01 7.0000e+00 9.0000e+00 4.5000e+01 1.7000e+01 4.9000e+01 8.3000e+01 7.0000e+00 7.0000e+00 5.5000e+01 1.0000e+01 1.2000e+01 9.0000e+00 7.0000e+00 2.5000e+01 7.0000e+00 8.0000e+00 0.0000e+00 0.0000e+00 5.0000e+01 7.0000e+00 9.0000e+00 0.0000e+00 1.1000e+01 7.0000e+00 7.0000e+00 9.0000e+00 7.0000e+00 0.0000e+00 8.0000e+00 6.8000e+01 1.5000e+01 2.5000e+01 1.8000e+01
9.0000e+00 7.0000e+00 9.0000e+00 8.0000e+00 1.5000e+01 1.0000e+01 0.0000e+00 7.0000e+00 7.0000e+00 2.1000e+01 7.0000e+00 1.7000e+01 8.0000e+00 9.0000e+00 1.2000e+01 1.8000e+01 1.1000e+01 7.0000e+00 1.4000e+01 7.0000e+00 9.0000e+00 9.0000e+00 8.0000e+00 7.0000e+00 7.0000e+00 1.5000e+01 1.5000e+01 3.1000e+01 9.0000e+00 1.2000e+01 9.0000e+00 1.9000e+01 1.0000e+01 0.0000e+00 0.0000e+00 1.8000e+01 7.0000e+00 5.2150e+03 0.0000e+00 1.0000e+01 7.0000e+00 1.4000e+01 8.1000e+01 7.0000e+00 0.0000e+00 1.5000e+01 1.4000e+01 1.0000e+01 9.0000e+00 7.0000e+00
1.4400e+02 7.0000e+00 1.2000e+01 7.6000e+01 3.7700e+02 5.7000e+01 0.0000e+00 1.1000e+01 1.0000e+01 1.6900e+02 1.0000e+01 7.1000e+01 1.3000e+01 9.0000e+00 2.1000e+01 3.9000e+01 1.3000e+01 1.4000e+01 1.2000e+01 1.0000e+01 1.9000e+01 1.3000e+01 8.0000e+00 6.8000e+01 2.2000e+01 7.0000e+00 9.0000e+00 7.0000e+00 1.4000e+01 1.2000e+01 9.0000e+00 1.5000e+01 1.3000e+01 0.0000e+00 0.0000e+00 1.5000e+01 9.0000e+00 0.0000e+00 0.0000e+00 1.2100e+02 9.0000e+00 1.1000e+01 5.0000e+01 1.9000e+01 0.0000e+00 4.9000e+01 1.4000e+01 6.8000e+01 1.8000e+01 9.0000e+00
2.5000e+01 9.0000e+00 7.0000e+00 8.0000e+00 8.0000e+00 1.2000e+01 0.0000e+00 7.0000e+00 9.0000e+00 8.0000e+00 1.0000e+01 7.0000e+00 8.0000e+00 7.0000e+00 1.9000e+01 2.6000e+01 9.0000e+00 7.0000e+00 7.0000e+00 1.0000e+01 7.0000e+00 1.5000e+01 8.0000e+00 9.0000e+00 7.0000e+00 1.2000e+01 7.0000e+00 7.0000e+00 2.3000e+01 1.5000e+01 7.0000e+00 7.0000e+00 8.0000e+00 0.0000e+00 0.0000e+00 1.4000e+01 7.0000e+00 0.0000e+00 0.0000e+00 8.0000e+00 7.0000e+00 1.6000e+01 1.2000e+01 9.0000e+00 0.0000e+00 8.0000e+00 1.2000e+01 1.0000e+01 7.0000e+00 9.0000e+00
7.0000e+00 1.0000e+01 7.0000e+00 8.0000e+00 8.0000e+00 1.0000e+01 0.0000e+00 7.0000e+00 9.0000e+00 1.0000e+01 1.2000e+01 9.0000e+00 8.0000e+00 7.0000e+00 1.0000e+01 9.0000e+00 9.0000e+00 7.0000e+00 7.0000e+00 9.0000e+00 7.0000e+00 7.0000e+00 8.0000e+00 7.0000e+00 7.0000e+00 7.0000e+00 7.0000e+00 7.0000e+00 1.3000e+01 9.0000e+00 7.0000e+00 7.0000e+00 8.0000e+00 0.0000e+00 0.0000e+00 7.0000e+00 9.0000e+00 0.0000e+00 0.0000e+00 8.0000e+00 7.0000e+00 9.0000e+00 9.0000e+00 7.0000e+00 0.0000e+00 3.1000e+01 7.0000e+00 9.0000e+00 9.0000e+00 7.0000e+00
1.4000e+01 1.0000e+01 2.8000e+01 1.6600e+02 4.8000e+01 8.1000e+01 0.0000e+00 9.0000e+00 1.8000e+01 6.2000e+01 3.0000e+01 1.2000e+01 2.1000e+01 1.4000e+01 4.4000e+01 1.4000e+01 2.7000e+01 1.0000e+01 1.5000e+01 2.9000e+01 1.7000e+01 1.1000e+01 2.4000e+01 1.1000e+01 2.6000e+01 1.4000e+01 2.1000e+01 1.0000e+01 1.3000e+01 2.2000e+01 1.4000e+01 1.2000e+01 2.0000e+01 0.0000e+00 0.0000e+00 2.1000e+01 1.1000e+01 0.0000e+00 0.0000e+00 1.6000e+01 1.5000e+01 1.7000e+01 1.2000e+01 1.4000e+01 0.0000e+00 1.1000e+01 1.9000e+01 1.8000e+01 1.4000e+01 7.0000e+00
7.0000e+00 9.0000e+00 1.4000e+01 1.3000e+01 1.4000e+01 1.5000e+01 0.0000e+00 9.0000e+00 2.2000e+01 1.7000e+01 3.4000e+01 1.2000e+01 1.2000e+01 1.3000e+01 1.7000e+01 1.5000e+01 1.8000e+01 9.0000e+00 7.0000e+00 1.0000e+01 1.9000e+01 1.1000e+01 8.0000e+00 1.3000e+01 1.4000e+01 9.0000e+00 3.4000e+01 7.0000e+00 1.8000e+01 2.2000e+01 9.0000e+00 7.0000e+00 8.0000e+00 0.0000e+00 0.0000e+00 7.0000e+00 7.0000e+00 0.0000e+00 0.0000e+00 2.0000e+01 9.0000e+00 1.1000e+01 3.9000e+01 1.1000e+01 0.0000e+00 1.3000e+01 2.2000e+01 3.0000e+01 7.0000e+00 1.0000e+01
9.0000e+00 9.0000e+00 7.0000e+00 8.0000e+00 1.0000e+01 9.0000e+00 0.0000e+00 9.0000e+00 7.0000e+00 1.5200e+02 1.0620e+03 9.0000e+00 1.2000e+01 1.9000e+01 3.8000e+01 1.9600e+02 1.1000e+01 7.0000e+00 9.0000e+00 1.2000e+01 3.1000e+01 1.1000e+01 1.3000e+01 1.1000e+01 6.7000e+01 1.0000e+01 1.4000e+01 7.0000e+00 1.6000e+01 5.6000e+01 1.2000e+01 1.2000e+01 2.1000e+01 0.0000e+00 0.0000e+00 2.9000e+01 1.1000e+01 0.0000e+00 0.0000e+00 1.3000e+01 1.4000e+01 1.1000e+01 1.4900e+02 1.9000e+01 0.0000e+00 1.6000e+01 5.7000e+01 2.0300e+02 1.0000e+01 1.8000e+01
2.3000e+01 1.2000e+01 9.0000e+00 1.2000e+01 1.4000e+01 1.9000e+01 0.0000e+00 1.1000e+01 7.0000e+00 8.0000e+00 7.0000e+00 5.9000e+01 1.2000e+01 1.1000e+01 9.8000e+01 1.3000e+02 1.1000e+01 9.0000e+00 9.0000e+00 1.4000e+01 7.0000e+00 7.0000e+00 1.1000e+01 1.1000e+01 1.1000e+01 4.4000e+01 1.0000e+01 7.0000e+00 1.8000e+01 2.1000e+02 9.0000e+00 2.1000e+01 1.0000e+01 0.0000e+00 0.0000e+00 3.0000e+01 9.0000e+00 0.0000e+00 0.0000e+00 3.3000e+01 7.0000e+00 9.0000e+00 5.0000e+01 1.3000e+01 0.0000e+00 1.1000e+01 2.6000e+01 5.0000e+01 7.0000e+00 1.0000e+01
1.1000e+01 7.0000e+00 1.2000e+01 3.6000e+01 1.4000e+01 3.0000e+01 0.0000e+00 9.0000e+00 9.0000e+00 1.6000e+01 7.0000e+00 7.0000e+00 1.2000e+01 9.0000e+00 3.1000e+01 3.4000e+01 1.7000e+01 7.0000e+00 7.0000e+00 7.0000e+00 9.0000e+00 1.5000e+01 8.0000e+00 1.1000e+01 7.0000e+00 1.4000e+01 1.9000e+01 9.0000e+00 1.3000e+01 1.8000e+01 7.0000e+00 7.0000e+00 1.0000e+01 0.0000e+00 0.0000e+00 1.0000e+01 7.0000e+00 0.0000e+00 0.0000e+00 1.1000e+01 1.2000e+01 2.0000e+01 7.0000e+00 7.0000e+00 0.0000e+00 1.3000e+01 9.0000e+00 1.5000e+01 1.0000e+01 1.0000e+01
3.8000e+01 3.5000e+01 4.5000e+01 1.3900e+02 4.3000e+01 3.1000e+01 0.0000e+00 5.9600e+02 9.3000e+01 4.5000e+01 3.7000e+01 3.6000e+01 5.5100e+02 9.3000e+01 8.0000e+01 2.1100e+02 2.7000e+01 1.7000e+01 4.7000e+01 3.5000e+01 2.6000e+01 6.7000e+01 9.9000e+01 1.1000e+01 2.0000e+01 3.5000e+01 2.2000e+01 1.5000e+01 1.4900e+02 2.8000e+01 4.9000e+01 2.5000e+01 1.3600e+02 0.0000e+00 0.0000e+00 2.5000e+01 9.2000e+01 0.0000e+00 0.0000e+00 2.4300e+02 7.4000e+01 2.3000e+01 7.9000e+01 7.2000e+01 0.0000e+00 2.3100e+02 2.9000e+01 6.2000e+01 5.6000e+01 6.0000e+01
7.0000e+00 7.0000e+00 7.0000e+00 8.0000e+00 8.0000e+00 1.2000e+01 0.0000e+00 7.0000e+00 9.0000e+00 1.2000e+01 1.0000e+01 9.0000e+00 8.0000e+00 7.0000e+00 1.2000e+01 7.0000e+00 9.0000e+00 7.0000e+00 7.0000e+00 7.0000e+00 9.0000e+00 1.1000e+01 8.0000e+00 7.0000e+00 7.0000e+00 1.4000e+01 7.0000e+00 7.0000e+00 1.1000e+01 7.0000e+00 9.0000e+00 7.0000e+00 8.0000e+00 0.0000e+00 0.0000e+00 9.0000e+00 7.0000e+00 0.0000e+00 0.0000e+00 8.0000e+00 7.0000e+00 7.0000e+00 1.6000e+01 2.9000e+01 0.0000e+00 1.3000e+01 9.0000e+00 1.4000e+01 9.0000e+00 7.0000e+00
1.8200e+02 8.3000e+01 2.9500e+02 2.6100e+02 2.9380e+03 5.2220e+03 0.0000e+00 2.2800e+02 6.2000e+01 8.5700e+02 3.5300e+02 2.1600e+03 2.8400e+02 1.5000e+02 4.7290e+03 2.4500e+02 2.0430e+03 2.9900e+02 5.4730e+03 2.5000e+02 5.5220e+03 1.4900e+02 1.6120e+03 4.0200e+02 2.1000e+02 5.2660e+03 2.6600e+02 1.0400e+02 2.6700e+03 4.8900e+03 4.7000e+02 4.3850e+03 2.7100e+02 0.0000e+00 0.0000e+00 2.8400e+02 3.1660e+03 0.0000e+00 0.0000e+00 1.2700e+02 1.3300e+02 4.3730e+03 2.0200e+02 2.7800e+02 0.0000e+00 2.1800e+02 9.1000e+01 1.1900e+02 1.3200e+02 5.3640e+03
1.4000e+01 7.0000e+00 7.0000e+00 1.3000e+01 8.0000e+00 0.0000e+00 0.0000e+00 9.0000e+00 7.0000e+00 1.6000e+01 9.0000e+00 7.0000e+00 1.0000e+01 7.0000e+00 0.0000e+00 7.0000e+00 1.1000e+01 1.2000e+01 0.0000e+00 1.0000e+01 0.0000e+00 1.5000e+01 8.0000e+00 1.6000e+01 7.0000e+00 0.0000e+00 1.4000e+01 7.0000e+00 9.0000e+00 0.0000e+00 7.0000e+00 0.0000e+00 1.2000e+01 0.0000e+00 0.0000e+00 1.2000e+01 9.0000e+00 0.0000e+00 0.0000e+00 1.1000e+01 7.0000e+00 9.0000e+00 1.7000e+01 7.0000e+00 0.0000e+00 8.0000e+00 1.8000e+01 1.0000e+01 7.0000e+00 0.0000e+00
9.0000e+00 7.0000e+00 1.1000e+01 5.5000e+01 1.2000e+01 0.0000e+00 0.0000e+00 2.0000e+01 9.0000e+00 1.4000e+01 3.0000e+01 2.0000e+01 1.2000e+01 1.1000e+01 0.0000e+00 2.2000e+01 1.1000e+01 7.0000e+00 0.0000e+00 9.0000e+00 0.0000e+00 3.1000e+01 8.0000e+00 2.6000e+01 3.8000e+01 0.0000e+00 1.2000e+01 1.0000e+01 2.6000e+01 0.0000e+00 7.0000e+00 0.0000e+00 1.0000e+01 0.0000e+00 0.0000e+00 7.0000e+00 1.1000e+01 0.0000e+00 0.0000e+00 4.8000e+01 7.0000e+00 7.0000e+00 1.6300e+02 7.0000e+00 0.0000e+00 1.1000e+01 1.7000e+01 3.0000e+01 7.0000e+00 0.0000e+00
4.3000e+01 4.5900e+02 2.9400e+02 1.0600e+02 8.0000e+00 0.0000e+00 0.0000e+00 1.9000e+01 5.2000e+01 2.9400e+02 1.0000e+01 9.7000e+01 5.9600e+02 9.0600e+02 0.0000e+00 5.7100e+02 1.8000e+01 2.3500e+02 0.0000e+00 3.1100e+02 0.0000e+00 9.0000e+00 1.6000e+01 3.3700e+02 4.3500e+02 0.0000e+00 1.2800e+02 6.1000e+01 2.3700e+02 0.0000e+00 1.0000e+01 0.0000e+00 1.0000e+01 0.0000e+00 0.0000e+00 5.0660e+03 1.4000e+01 0.0000e+00 0.0000e+00 8.0000e+00 7.6000e+01 4.0000e+01 4.0100e+02 2.2000e+01 0.0000e+00 8.0000e+00 2.6200e+02 2.5700e+02 7.0000e+00 0.0000e+00
2.0500e+02 6.6000e+01 3.6920e+03 8.3000e+02 7.9000e+01 0.0000e+00 0.0000e+00 1.6000e+02 7.2000e+01 3.4000e+02 1.9300e+02 9.8000e+01 1.2900e+02 2.4200e+02 0.0000e+00 2.8200e+02 2.1200e+02 4.4700e+02 0.0000e+00 6.8000e+01 0.0000e+00 2.0500e+02 1.0300e+02 3.2600e+02 1.7300e+02 0.0000e+00 1.5700e+02 9.9000e+01 4.0500e+02 0.0000e+00 4.7840e+03 0.0000e+00 3.0500e+02 0.0000e+00 0.0000e+00 0.0000e+00 1.3300e+02 0.0000e+00 0.0000e+00 2.5100e+02 7.2000e+01 6.5000e+01 1.0900e+02 1.8000e+02 0.0000e+00 3.4700e+03 1.1500e+02 1.4600e+02 3.0400e+02 0.0000e+00
7.1000e+01 1.0000e+01 1.1000e+01 8.0000e+00 2.5000e+01 0.0000e+00 0.0000e+00 1.6000e+01 7.0000e+00 1.9000e+01 1.0000e+01 9.0000e+00 1.2000e+01 7.0000e+00 0.0000e+00 7.0000e+00 1.1000e+01 1.0000e+01 0.0000e+00 7.0000e+00 0.0000e+00 9.0000e+00 2.8000e+01 7.0000e+00 1.4000e+01 0.0000e+00 9.0000e+00 7.0000e+00 1.4000e+01 0.0000e+00 0.0000e+00 0.0000e+00 1.2000e+01 0.0000e+00 0.0000e+00 0.0000e+00 9.0000e+00 0.0000e+00 0.0000e+00 8.0000e+00 7.0000e+00 2.6000e+01 1.2000e+01 9.0000e+00 0.0000e+00 3.5000e+01 9.0000e+00 5.1000e+01 1.8000e+01 0.0000e+00
4.0140e+03 4.6690e+03 1.0150e+03 3.1130e+03 1.6280e+03 0.0000e+00 0.0000e+00 4.0980e+03 5.1710e+03 2.3360e+03 3.7050e+03 3.0290e+03 3.8900e+03 4.1350e+03 0.0000e+00 3.3390e+03 2.8780e+03 4.5450e+03 0.0000e+00 4.7940e+03 0.0000e+00 4.8500e+03 3.3730e+03 3.2310e+03 4.1640e+03 0.0000e+00 4.9300e+03 5.2590e+03 1.3440e+03 0.0000e+00 0.0000e+00 0.0000e+00 4.5610e+03 0.0000e+00 0.0000e+00 0.0000e+00 1.9170e+03 0.0000e+00 0.0000e+00 3.5120e+03 5.3690e+03 6.3000e+02 3.5960e+03 4.7600e+03 0.0000e+00 1.1880e+03 4.9630e+03 4.5210e+03 4.9760e+03 0.0000e+00
7.0000e+00 0.0000e+00 7.0000e+00 8.0000e+00 2.3000e+01 0.0000e+00 0.0000e+00 7.0000e+00 7.0000e+00 1.0000e+01 7.0000e+00 9.0000e+00 8.0000e+00 7.0000e+00 0.0000e+00 1.8000e+01 1.5000e+01 7.0000e+00 0.0000e+00 0.0000e+00 0.0000e+00 1.6000e+01 1.1000e+01 7.0000e+00 7.0000e+00 0.0000e+00 0.0000e+00 0.0000e+00 1.3000e+01 0.0000e+00 0.0000e+00 0.0000e+00 8.0000e+00 0.0000e+00 0.0000e+00 0.0000e+00 1.3000e+01 0.0000e+00 0.0000e+00 8.0000e+00 0.0000e+00 7.0000e+00 9.0000e+00 7.0000e+00 0.0000e+00 8.0000e+00 0.0000e+00 0.0000e+00 0.0000e+00 0.0000e+00
7.0000e+00 0.0000e+00 1.1000e+01 1.3000e+01 1.5000e+01 0.0000e+00 0.0000e+00 1.1000e+01 7.0000e+00 1.0000e+01 1.5000e+01 9.0000e+00 8.0000e+00 9.0000e+00 0.0000e+00 9.0000e+00 9.0000e+00 1.2000e+01 0.0000e+00 0.0000e+00 0.0000e+00 7.0000e+00 1.5000e+01 9.0000e+00 7.0000e+00 0.0000e+00 0.0000e+00 0.0000e+00 1.1000e+01 0.0000e+00 0.0000e+00 0.0000e+00 8.0000e+00 0.0000e+00 0.0000e+00 0.0000e+00 7.0000e+00 0.0000e+00 0.0000e+00 1.3300e+02 0.0000e+00 7.0000e+00 9.0000e+00 9.0000e+00 0.0000e+00 1.0000e+01 0.0000e+00 0.0000e+00 0.0000e+00 0.0000e+00
7.0000e+00 0.0000e+00 9.0000e+00 2.3000e+01 1.4000e+01 0.0000e+00 0.0000e+00 1.1000e+01 7.0000e+00 1.6000e+01 1.0000e+01 2.4000e+01 1.0000e+01 1.3000e+01 0.0000e+00 4.8000e+01 1.1000e+01 1.8000e+01 0.0000e+00 0.0000e+00 0.0000e+00 9.0000e+00 1.0000e+01 1.4000e+01 7.0000e+00 0.0000e+00 0.0000e+00 0.0000e+00 1.3000e+01 0.0000e+00 0.0000e+00 0.0000e+00 1.8000e+01 0.0000e+00 0.0000e+00 0.0000e+00 9.0000e+00 0.0000e+00 0.0000e+00 1.1000e+01 0.0000e+00 9.0000e+00 1.9000e+01 9.0000e+00 0.0000e+00 1.1000e+01 0.0000e+00 0.0000e+00 0.0000e+00 0.0000e+00
7.0000e+00 0.0000e+00 1.1000e+01 8.0000e+00 5.0000e+01 0.0000e+00 0.0000e+00 9.0000e+00 7.0000e+00 1.4000e+01 1.5000e+01 1.2000e+01 1.0000e+01 1.4000e+01 0.0000e+00 2.6000e+01 9.0000e+00 1.4000e+01 0.0000e+00 0.0000e+00 0.0000e+00 7.0000e+00 1.0000e+01 2.3000e+01 7.0000e+00 0.0000e+00 0.0000e+00 0.0000e+00 1.3000e+01 0.0000e+00 0.0000e+00 0.0000e+00 2.1000e+01 0.0000e+00 0.0000e+00 0.0000e+00 9.0000e+00 0.0000e+00 0.0000e+00 3.0000e+01 0.0000e+00 7.0000e+00 1.2000e+01 4.1000e+01 0.0000e+00 8.0000e+00 0.0000e+00 0.0000e+00 0.0000e+00 0.0000e+00
9.0000e+00 0.0000e+00 7.0000e+00 8.0000e+00 1.2000e+01 0.0000e+00 0.0000e+00 1.3000e+01 1.4000e+01 8.0000e+00 7.0000e+00 9.0000e+00 1.5000e+01 1.1000e+01 0.0000e+00 7.0000e+00 9.0000e+00 7.0000e+00 0.0000e+00 0.0000e+00 0.0000e+00 7.0000e+00 8.0000e+00 7.0000e+00 1.1000e+01 0.0000e+00 0.0000e+00 0.0000e+00 2.0000e+01 0.0000e+00 0.0000e+00 0.0000e+00 1.0000e+01 0.0000e+00 0.0000e+00 0.0000e+00 7.0000e+00 0.0000e+00 0.0000e+00 8.0000e+00 0.0000e+00 9.0000e+00 9.0000e+00 9.0000e+00 0.0000e+00 1.0000e+01 0.0000e+00 0.0000e+00 0.0000e+00 0.0000e+00
4.0000e+01 0.0000e+00 1.7000e+01 1.3600e+02 1.0000e+01 0.0000e+00 0.0000e+00 1.3000e+01 9.0000e+00 1.2000e+01 3.9000e+01 1.7000e+01 3.2000e+01 7.0000e+00 0.0000e+00 2.4000e+01 3.1000e+01 7.0000e+00 0.0000e+00 0.0000e+00 0.0000e+00 2.5000e+01 2.0000e+01 7.0000e+00 1.1000e+01 0.0000e+00 0.0000e+00 0.0000e+00 2.1000e+01 0.0000e+00 0.0000e+00 0.0000e+00 8.0000e+00 0.0000e+00 0.0000e+00 0.0000e+00 7.0000e+00 0.0000e+00 0.0000e+00 2.0000e+01 0.0000e+00 1.6000e+01 6.6000e+01 9.0000e+00 0.0000e+00 1.1000e+01 0.0000e+00 0.0000e+00 0.0000e+00 0.0000e+00
1.5000e+01 0.0000e+00 7.0000e+00 1.8000e+01 1.5000e+01 0.0000e+00 0.0000e+00 7.0000e+00 9.0000e+00 2.1000e+01 1.2000e+01 1.7000e+01 8.0000e+00 9.0000e+00 0.0000e+00 7.0000e+00 9.0000e+00 1.0000e+01 0.0000e+00 0.0000e+00 0.0000e+00 9.0000e+00 1.0000e+01 9.0000e+00 1.4000e+01 0.0000e+00 0.0000e+00 0.0000e+00 2.6000e+01 0.0000e+00 0.0000e+00 0.0000e+00 8.0000e+00 0.0000e+00 0.0000e+00 0.0000e+00 9.0000e+00 0.0000e+00 0.0000e+00 8.0000e+00 0.0000e+00 7.0000e+00 1.2000e+01 1.1000e+01 0.0000e+00 1.3000e+01 0.0000e+00 0.0000e+00 0.0000e+00 0.0000e+00
2.1000e+01 0.0000e+00 1.5000e+01 1.7000e+01 6.4000e+01 0.0000e+00 0.0000e+00 1.3000e+01 1.5000e+01 1.0090e+03 7.0000e+00 1.4000e+01 1.7000e+01 7.0000e+00 0.0000e+00 1.5000e+01 9.0000e+00 1.0000e+01 0.0000e+00 0.0000e+00 0.0000e+00 1.6000e+01 1.5000e+01 1.4000e+01 1.1000e+01 0.0000e+00 0.0000e+00 0.0000e+00 1.4900e+02 0.0000e+00 0.0000e+00 0.0000e+00 7.2000e+01 0.0000e+00 0.0000e+00 0.0000e+00 7.0000e+00 0.0000e+00 0.0000e+00 2.4000e+01 0.0000e+00 7.0000e+00 6.6000e+01 2.2000e+01 0.0000e+00 1.8000e+01 0.0000e+00 0.0000e+00 0.0000e+00 0.0000e+00
