2.5000e+01 1.8000e+01 2.9000e+01 2.4000e+01 2.3000e+01 3.4700e+03 6.8800e+02 2.3000e+01 3.4000e+01 2.8000e+01 2.7000e+01 2.9000e+01 2.7000e+01 3.2000e+01 2.6000e+01 2.1000e+01 2.7000e+01 1.7000e+01 3.0000e+01 2.4000e+01 2.1000e+01 1.8000e+01 2.5000e+01 2.0000e+01 2.1000e+01 1.9000e+01 1.9000e+01 1.6000e+01 2.1000e+01 1.7000e+01 2.7000e+01 3.2000e+01 3.1000e+01 2.8000e+01 2.5000e+01 2.7000e+01 2.2000e+01 3.1000e+01 2.7000e+01 2.3000e+01 2.8000e+01 2.7000e+01 3.8000e+01 2.3000e+01 3.0000e+01 2.1000e+01 2.6000e+01 2.3000e+01 2.8000e+01 2.5000e+01
2.8000e+01 2.7000e+01 1.6000e+01 2.0000e+01 1.8000e+01 1.9000e+01 2.2000e+01 1.9000e+01 2.0000e+01 2.4000e+01 2.3000e+01 2.3000e+01 2.7000e+01 2.5000e+01 2.7000e+01 2.9000e+01 3.3000e+01 2.7000e+01 2.9000e+01 2.3000e+01 3.3000e+01 2.7000e+01 2.9000e+01 2.7000e+01 2.7000e+01 2.3000e+01 2.6000e+01 2.6000e+01 2.9000e+01 2.6000e+01 2.4000e+01 4.8910e+03 2.6000e+01 1.9000e+01 1.8300e+02 2.6000e+01 1.6000e+01 1.8000e+01 3.4000e+01 2.7000e+01 2.7000e+01 2.8000e+01 2.3000e+01 2.6000e+01 1.5000e+01 2.3000e+01 1.9000e+01 2.0000e+01 2.3000e+01 2.4000e+01
2.2000e+01 2.8000e+01 2.3000e+01 3.0000e+01 2.3000e+01 2.1000e+01 2.6000e+01 3.5000e+01 2.3000e+01 2.5000e+01 1.5000e+01 2.7000e+01 2.5000e+01 2.5000e+01 1.8000e+01 2.3000e+01 2.3000e+01 1.4000e+01 2.2000e+01 2.8000e+01 2.6000e+01 2.8000e+01 1.3000e+01 1.8000e+01 2.2000e+01 2.8000e+01 2.3000e+01 2.0000e+01 3.3000e+01 2.9700e+02 1.5000e+01 2.5000e+01 2.7000e+01 2.8000e+01 3.1000e+01 2.3000e+01 2.0000e+01 2.9000e+01 4.1480e+03 3.3000e+01 2.1000e+01 2.4000e+01 2.8000e+01 2.0000e+01 2.0000e+01 2.5000e+01 2.0000e+01 2.7000e+01 2.9000e+01 3.4000e+01
2.1000e+01 2.0000e+01 2.5000e+01 2.8000e+01 2.3000e+01 3.3000e+01 1.9000e+01 3.1000e+01 2.4000e+01 1.9000e+01 2.4000e+01 2.1000e+01 2.5000e+01 2.5000e+01 2.0000e+01 1.7000e+01 3.1000e+01 2.1000e+01 2.8000e+01 2.3000e+01 2.5000e+01 2.7000e+01 2.1000e+01 2.0000e+01 2.0000e+01 3.0000e+01 2.5000e+01 3.3000e+01 1.9000e+01 4.5730e+03 1.6000e+01 2.9000e+01 2.0000e+01 2.1000e+01 1.3000e+01 2.9000e+01 2.1000e+01 2.3000e+01 1.7000e+01 1.3000e+01 2.5000e+01 2.3000e+01 2.1000e+01 1.7000e+01 2.3000e+01 2.8000e+01 2.7000e+01 2.8000e+01 3.1000e+01 2.4000e+01
2.0000e+01 2.3000e+01 2.5000e+01 1.7000e+01 2.2000e+01 3.1000e+01 2.4000e+01 3.2000e+01 2.5000e+01 2.5000e+01 2.2000e+01 2.2000e+01 2.6000e+01 1.5000e+01 2.4000e+01 3.1000e+01 2.2000e+01 2.5000e+01 2.8000e+01 1.8000e+01 2.5000e+01 2.5000e+01 2.8000e+01 2.1000e+01 2.5000e+01 2.7000e+01 2.1000e+01 3.2000e+01 4.8010e+03 2.1000e+01 2.4000e+01 2.2000e+01 1.9000e+01 2.0000e+01 2.8000e+01 2.5000e+01 2.3000e+01 2.9000e+01 5.9000e+01 2.2000e+01 2.9000e+01 2.1000e+01 2.3000e+01 3.2000e+01 2.1000e+01 1.9000e+01 2.5000e+01 2.3000e+01 2.7000e+01 2.5000e+01
2.4000e+01 2.8000e+01 2.2000e+01 2.2000e+01 4.0000e+01 2.4000e+01 2.7000e+01 2.5000e+01 3.4000e+01 2.7000e+01 2.3000e+01 3.1000e+01 2.3000e+01 2.8000e+01 2.8000e+01 2.2000e+01 1.3000e+01 2.1000e+01 2.5000e+01 2.5000e+01 2.8000e+01 2.5000e+01 2.6000e+01 2.3000e+01 3.0000e+01 3.6000e+01 2.9000e+01 3.1000e+01 3.1000e+01 2.3000e+01 2.9000e+01 2.5000e+01 2.4000e+01 3.0000e+01 3.0000e+01 2.4000e+01 3.2000e+01 2.6000e+01 4.2400e+02 3.0910e+03 2.2000e+01 2.8000e+01 2.3000e+01 2.4000e+01 3.2000e+01 2.5000e+01 3.0000e+01 1.5000e+01 2.3000e+01 3.1000e+01
1.9000e+01 2.7000e+01 2.0000e+01 2.7000e+01 1.7000e+01 1.9000e+01 3.1000e+01 2.4000e+01 2.8000e+01 2.4000e+01 2.5000e+01 3.5000e+01 1.9000e+01 1.4000e+01 2.0000e+01 3.1000e+01 2.5000e+01 3.6000e+01 2.0000e+01 2.3000e+01 2.1000e+01 2.8000e+01 2.4000e+01 2.4000e+01 3.8000e+01 1.7000e+01 2.2000e+01 2.3000e+01 2.3000e+01 2.3000e+01 2.7000e+01 2.1000e+01 2.0000e+01 2.7000e+01 2.3000e+01 2.4000e+01 2.6000e+01 1.4000e+01 3.3000e+01 2.0000e+01 3.1000e+01 2.7000e+01 2.7000e+01 2.2000e+01 2.5000e+01 4.7400e+03 1.7000e+01 2.2000e+01 2.4000e+01 3.0000e+01
2.2000e+01 1.6000e+01 1.6000e+01 2.6000e+01 3.0000e+01 1.4000e+01 2.0000e+01 3.0000e+01 3.2000e+01 2.6000e+01 1.5000e+01 2.4000e+01 3.3000e+01 2.9000e+01 1.6000e+01 2.4000e+01 3.2000e+01 2.7000e+01 2.6000e+01 2.8000e+01 2.1000e+01 2.6000e+01 2.5000e+01 2.3000e+01 2.0000e+01 2.3000e+01 3.0000e+01 2.4000e+01 3.0000e+01 3.3000e+01 2.4000e+01 2.9000e+01 2.1000e+01 2.4000e+01 2.9000e+01 2.8000e+01 3.2000e+01 2.8000e+01 2.6000e+01 3.3000e+01 3.1000e+01 2.2000e+01 2.4000e+01 1.6000e+01 1.7000e+01 1.3000e+01 2.9000e+01 2.5000e+01 2.3000e+01 2.4000e+01
2.3000e+01 2.8000e+01 2.8000e+01 2.5000e+01 2.0000e+01 2.4000e+01 3.0000e+01 2.0000e+01 1.6000e+01 2.3000e+01 2.6000e+01 2.9000e+01 2.1000e+01 2.8000e+01 2.8000e+01 2.6000e+01 2.4000e+01 1.6000e+01 3.4000e+01 2.1000e+01 1.9000e+01 2.1000e+01 3.5000e+01 2.5000e+01 2.1000e+01 1.8000e+01 2.6000e+01 2.7000e+01 3.7000e+01 2.7000e+01 2.1000e+01 2.7000e+01 2.8000e+01 3.4000e+01 2.7000e+01 3.6000e+01 3.1000e+01 2.5000e+01 2.6000e+01 1.6000e+01 3.0000e+01 2.6000e+01 1.4000e+01 3.2000e+01 4.7550e+03 3.0000e+01 2.5000e+01 2.3000e+01 3.2000e+01 2.4000e+01
1.7000e+01 2.5000e+01 2.7000e+01 2.2000e+01 2.1000e+01 3.2000e+01 3.6000e+01 2.3000e+01 3.1000e+01 2.4000e+01 2.7000e+01 3.0000e+01 2.1000e+01 2.8000e+01 2.8000e+01 1.5000e+01 3.2000e+01 2.7000e+01 2.2000e+01 3.4000e+01 3.5000e+01 2.4000e+01 2.5000e+01 3.0000e+01 2.2000e+01 2.6000e+01 3.2000e+01 2.1000e+01 2.4000e+01 1.8000e+01 2.6000e+01 1.7000e+01 2.7000e+01 2.5000e+01 2.2000e+01 1.9000e+01 2.7000e+01 2.2000e+01 2.5000e+01 2.1000e+01 2.3000e+01 3.1000e+01 2.2000e+01 2.3000e+01 1.7000e+01 1.8000e+01 3.0000e+01 2.2000e+01 2.6000e+01 3.1000e+01
2.0000e+01 3.0000e+01 3.0000e+01 2.2000e+01 2.5000e+01 2.4000e+01 2.0000e+01 2.6000e+01 2.8000e+01 2.3000e+01 2.0000e+01 2.4000e+01 2.5000e+01 2.5000e+01 8.8000e+01 3.1000e+01 1.6000e+01 1.9000e+01 2.3000e+01 3.9000e+01 1.4000e+01 2.6000e+01 2.8000e+01 4.7770e+03 2.3000e+01 2.5000e+01 2.7000e+01 2.4000e+01 2.6000e+01 1.9000e+01 2.9000e+01 1.8000e+01 1.5000e+01 2.4000e+01 2.4000e+01 7.4000e+02 3.0000e+01 2.5000e+01 2.9000e+01 2.0000e+01 2.6000e+01 2.9000e+01 1.6000e+01 1.9000e+01 3.1000e+01 2.2000e+01 2.6000e+01 3.1000e+01 2.3000e+01 3.5000e+01
1.9000e+01 2.1000e+01 3.2000e+01 2.3000e+01 2.6000e+01 4.7000e+01 2.7000e+01 2.9000e+01 2.9000e+01 2.2000e+01 2.3000e+01 1.9000e+01 1.9000e+01 2.1000e+01 2.1000e+01 2.2000e+01 2.3000e+01 2.5000e+01 1.9000e+01 2.2000e+01 2.9000e+01 2.5000e+01 3.1000e+01 2.8000e+01 2.0000e+01 2.4000e+01 2.5000e+01 2.5000e+01 2.3000e+01 3.2000e+01 3.0000e+01 2.2000e+01 3.5000e+01 2.2000e+01 2.4000e+01 2.8000e+01 2.0000e+01 3.3000e+01 2.9200e+02 3.2000e+01 1.9000e+01 2.5000e+01 2.1000e+01 1.8000e+01 2.5000e+01 1.9000e+01 2.3000e+01 1.8000e+01 2.8000e+01 2.3000e+01
2.2000e+01 2.1000e+01 2.2000e+01 3.0000e+01 2.9000e+01 2.7000e+01 2.8000e+01 2.4000e+01 2.5000e+01 2.7000e+01 2.5000e+01 2.5000e+01 2.1000e+01 2.6000e+01 2.2000e+01 2.2000e+01 2.7000e+01 2.0000e+01 3.1000e+01 2.2550e+03 1.8000e+01 2.1000e+01 2.1000e+01 2.9000e+01 2.6000e+01 4.2000e+01 2.3000e+01 2.3000e+01 2.2000e+01 3.2000e+01 4.7580e+03 2.3000e+01 3.1000e+01 1.9000e+01 2.0000e+01 2.5000e+01 1.6700e+02 1.8000e+01 2.8000e+01 1.9000e+01 2.6000e+01 2.3000e+01 1.9000e+01 2.5000e+01 3.1000e+01 2.5000e+01 2.4000e+01 2.4000e+01 1.8000e+01 2.2000e+01
1.4000e+01 2.0000e+01 3.1000e+01 2.9000e+01 1.9000e+01 2.9000e+01 2.2000e+01 2.7000e+01 2.9000e+01 2.9000e+01 2.4000e+01 2.0000e+01 2.4000e+01 2.9000e+01 2.2000e+01 2.3000e+01 2.7000e+01 2.2000e+01 2.3000e+01 2.3000e+01 2.4000e+01 4.8420e+03 2.2000e+01 2.4000e+01 1.9000e+01 3.5000e+01 2.3000e+01 1.8000e+01 3.3000e+01 2.1000e+01 1.6000e+01 3.3000e+01 2.8000e+01 2.6000e+01 2.4000e+01 2.6000e+01 2.1000e+01 2.6000e+01 6.3000e+01 2.1000e+01 2.3000e+01 1.7000e+01 2.2000e+01 2.7000e+01 2.2000e+01 2.4000e+01 2.6000e+01 3.0000e+01 2.3000e+01 1.7000e+01
1.9000e+01 2.7000e+01 2.2000e+01 3.7000e+01 3.2000e+01 2.5000e+01 1.7000e+01 2.8000e+01 1.9000e+01 2.6000e+01 1.7000e+01 2.7000e+01 2.2000e+01 1.9000e+01 2.6000e+01 1.9000e+01 2.4000e+01 1.2000e+01 2.7000e+01 3.4000e+01 2.3000e+01 2.9000e+01 2.4000e+01 2.7000e+01 3.1000e+01 2.0000e+01 3.7000e+01 2.6000e+01 1.9000e+01 2.7000e+01 2.8000e+01 2.7000e+01 2.5000e+01 1.2000e+01 2.5000e+01 2.5000e+01 2.5000e+01 5.4800e+02 2.0000e+01 2.3000e+01 1.7000e+01 2.5000e+01 3.8000e+01 2.4000e+01 1.0500e+02 2.1000e+01 3.0000e+01 2.4000e+01 4.7900e+03 2.3000e+01
2.2000e+01 2.7000e+01 1.9000e+01 1.8000e+01 2.5000e+01 1.9000e+01 2.0000e+01 4.0000e+01 2.6000e+01 2.8000e+01 2.3000e+01 2.0000e+01 2.8000e+01 1.8000e+01 2.8000e+01 1.6000e+01 2.0000e+01 2.8000e+01 2.7000e+01 2.1000e+01 2.3000e+01 1.7000e+01 2.2000e+01 2.3000e+01 2.3000e+01 2.7000e+01 2.7000e+01 2.8000e+01 2.5000e+01 2.1000e+01 2.3000e+01 1.9000e+01 2.5000e+01 4.5000e+01 3.7970e+03 1.9000e+01 1.9000e+01 2.5000e+01 2.8000e+01 2.4000e+01 1.2000e+01 2.0000e+01 3.6000e+01 2.5000e+01 2.9000e+01 3.0000e+01 3.5000e+01 9.3000e+02 2.2000e+01 1.6000e+01
2.9000e+01 1.7000e+01 2.7000e+01 2.8000e+01 2.6000e+01 2.6000e+01 1.8000e+01 2.2000e+01 3.0000e+01 2.6000e+01 2.7000e+01 2.4000e+01 2.2000e+01 1.9000e+01 2.2000e+01 3.3000e+01 2.1000e+01 2.4000e+01 1.7000e+01 2.0000e+01 1.5000e+01 2.4000e+01 1.6000e+01 2.4000e+01 1.8000e+01 2.9000e+01 2.7000e+01 2.2000e+01 2.3000e+01 2.4000e+01 1.8000e+01 2.3000e+01 3.3000e+01 2.7000e+01 3.2000e+01 2.3000e+01 3.3000e+01 2.1000e+01 1.9000e+01 2.2000e+01 2.1000e+01 2.8000e+01 2.8000e+01 1.6000e+01 2.3000e+01 1.8000e+01 2.1000e+01 2.4000e+01 2.8000e+01 2.8000e+01
2.2000e+01 2.0000e+01 2.3000e+01 1.4000e+01 1.9000e+01 1.8000e+01 2.6000e+01 4.2000e+01 2.1000e+01 1.8000e+01 2.3000e+01 2.6000e+01 2.0000e+01 4.3920e+03 2.1000e+01 1.9000e+01 1.7000e+01 1.6000e+01 1.7000e+01 2.0000e+01 2.1000e+01 2.8000e+01 2.4000e+01 2.8000e+01 2.4000e+01 2.6000e+01 2.1000e+01 2.6000e+01 2.9000e+01 1.9000e+01 2.0000e+01 3.0000e+01 1.8000e+01 2.4000e+01 2.5000e+01 3.8090e+03 2.6000e+01 2.1000e+01 3.1000e+01 2.7000e+01 2.3000e+01 2.2000e+01 2.0000e+01 2.4000e+01 2.4000e+01 2.7000e+01 2.5000e+01 2.4000e+01 2.0000e+01 3.0000e+01
2.0000e+01 2.6000e+01 1.5000e+01 2.8000e+01 1.7000e+01 1.8000e+01 2.9000e+01 2.8000e+01 1.7000e+01 4.2000e+01 2.8000e+01 2.3000e+01 2.1000e+01 2.7000e+01 3.4000e+01 3.1000e+01 2.1000e+01 3.5000e+01 2.0000e+01 3.2000e+01 2.3000e+01 2.3000e+01 3.1000e+01 3.6000e+01 2.6000e+01 1.6000e+01 2.5000e+01 1.9000e+01 2.1000e+01 3.1000e+01 3.9000e+01 1.9000e+01 2.2000e+01 3.2000e+01 2.6000e+01 2.2000e+01 2.6000e+01 2.2000e+01 2.7000e+01 2.9000e+01 2.7000e+01 2.3000e+01 2.5000e+01 2.2000e+01 1.3000e+01 1.6000e+01 2.7000e+01 2.6000e+01 3.4000e+01 1.8000e+01
2.6000e+01 2.2000e+01 2.6000e+01 2.6000e+01 2.3000e+01 2.8000e+01 3.7000e+01 2.3000e+01 2.1000e+01 2.5000e+01 4.8670e+03 2.5000e+01 2.0000e+01 2.0000e+01 2.8000e+01 2.0000e+01 2.1000e+01 2.6000e+01 2.1000e+01 2.5000e+01 2.3000e+01 2.5000e+01 3.0000e+01 2.3000e+01 1.6000e+01 2.4000e+01 2.8000e+01 2.0000e+01 2.6000e+01 1.6000e+01 2.3000e+01 1.2000e+01 2.7000e+01 2.0000e+01 3.5000e+01 2.8000e+01 3.5000e+01 3.1000e+01 2.7000e+01 2.7000e+01 2.8000e+01 2.7000e+01 2.8000e+01 2.3000e+01 2.0000e+01 2.6000e+01 3.6000e+01 2.6000e+01 2.2000e+01 3.4000e+01
3.0000e+01 1.5000e+01 3.1000e+01 3.2000e+01 2.8000e+01 2.0000e+01 2.1000e+01 2.0000e+01 2.2000e+01 2.4000e+01 2.5000e+01 2.8000e+01 2.5000e+01 2.7000e+01 1.8000e+01 2.8000e+01 2.4000e+01 2.0000e+01 2.7000e+01 1.7000e+01 3.0000e+01 2.0000e+01 2.6000e+01 2.4000e+01 3.4000e+01 2.8000e+01 2.7000e+01 2.9000e+01 1.9000e+01 2.7000e+01 1.9000e+01 3.1000e+01 2.2000e+01 2.6000e+01 1.9000e+01 1.8000e+01 3.1000e+01 2.5000e+01 3.3000e+01 1.6000e+01 2.5000e+01 2.6000e+01 2.1000e+01 2.5000e+01 2.6000e+01 2.6000e+01 2.1000e+01 2.7000e+01 3.3000e+01 4.6770e+03
1.8000e+01 3.0000e+01 2.9000e+01 2.9000e+01 2.1000e+01 2.9000e+01 1.9000e+01 2.7000e+01 3.2000e+01 2.8000e+01 2.1000e+01 3.4000e+01 1.9000e+01 2.4000e+01 2.0000e+01 3.4000e+01 2.4000e+01 2.6000e+01 2.0000e+01 2.3000e+01 2.3000e+01 2.3000e+01 2.8000e+01 2.9000e+01 3.1000e+01 1.9000e+01 2.8000e+01 2.6000e+01 2.5000e+01 3.3000e+01 3.8000e+01 2.9000e+01 2.2000e+01 4.6890e+03 2.1000e+01 2.0000e+01 2.4000e+01 2.9000e+01 2.4000e+01 3.8000e+01 2.3000e+01 3.1000e+01 3.2000e+01 2.3000e+01 3.2000e+01 3.3000e+01 2.2000e+01 2.0000e+01 2.6000e+01 2.8000e+01
2.4000e+01 2.1000e+01 3.0000e+01 2.4000e+01 2.4000e+01 2.8000e+01 2.9000e+01 3.1000e+01 4.8300e+03 2.2000e+01 2.2000e+01 2.6000e+01 2.2000e+01 2.1000e+01 2.0000e+01 2.6000e+01 4.6880e+03 1.6000e+01 2.4000e+01 2.3000e+01 1.7000e+01 2.4000e+01 2.4000e+01 2.5000e+01 2.6000e+01 2.8000e+01 1.8000e+01 2.7000e+01 2.1000e+01 3.5000e+01 2.1000e+01 3.4000e+01 3.8000e+01 2.1000e+01 2.0000e+01 3.6000e+01 2.8000e+01 2.8000e+01 3.3000e+01 2.2000e+01 2.0000e+01 2.5000e+01 1.5000e+01 2.3000e+01 3.2000e+01 1.9000e+01 2.1000e+01 2.1000e+01 2.3000e+01 2.1000e+01
3.3000e+01 2.4000e+01 2.7000e+01 1.6000e+01 3.6000e+01 2.7000e+01 2.6000e+01 1.9000e+01 1.9000e+01 2.7000e+01 2.7000e+01 3.3000e+01 2.5000e+01 2.7000e+01 1.6000e+01 2.1000e+01 2.8000e+01 3.3000e+01 2.7000e+01 2.0000e+01 3.1000e+01 2.5000e+01 2.7520e+03 2.0000e+01 2.6000e+01 4.6830e+03 2.3000e+01 2.8000e+01 2.8000e+01 2.7000e+01 2.1000e+01 2.8000e+01 1.9000e+01 2.0000e+01 2.8000e+01 2.9000e+01 1.7000e+01 2.6000e+01 2.4000e+01 2.1000e+01 2.5000e+01 3.3000e+01 2.8000e+01 2.4000e+01 2.2000e+01 2.7000e+01 1.8000e+01 2.4000e+01 2.9000e+01 1.8000e+01
1.9000e+01 2.6000e+01 3.0000e+01 2.1000e+01 2.1000e+01 2.2000e+01 1.9000e+01 2.1000e+01 2.3000e+01 1.9000e+01 2.4000e+01 3.0000e+01 3.0000e+01 2.6000e+01 2.1000e+01 2.9000e+01 2.8000e+01 3.5000e+01 2.3000e+01 1.4000e+01 1.8000e+01 3.5000e+01 1.8000e+01 2.1000e+01 2.3000e+01 2.2000e+01 3.1000e+01 3.4000e+01 2.6000e+01 3.4000e+01 2.9000e+01 2.8000e+01 3.6000e+01 2.1000e+01 3.3000e+01 2.2000e+01 2.6000e+01 4.2070e+03 2.2000e+01 2.1000e+01 1.9000e+01 3.5000e+01 2.3000e+01 2.1000e+01 2.8000e+01 1.8000e+01 2.8000e+01 2.0000e+01 1.9000e+01 2.7000e+01
1.3500e+03 2.3000e+01 1.8000e+01 2.1000e+01 1.3700e+02 2.3000e+01 2.7000e+01 2.4000e+01 2.4000e+01 2.6000e+01 2.9000e+01 4.7600e+03 2.3000e+01 2.2000e+01 2.0000e+01 2.8000e+01 2.1000e+01 3.5000e+01 2.5000e+01 1.3000e+01 1.8000e+01 2.7000e+01 3.6000e+01 2.1000e+01 1.8000e+01 2.7000e+01 1.7000e+01 2.9000e+01 2.3000e+01 2.2000e+01 2.8000e+01 2.4000e+01 2.6000e+01 1.2000e+01 2.0000e+01 2.9000e+01 3.3000e+01 5.9000e+01 3.0000e+01 1.9000e+01 2.9000e+01 2.2000e+01 2.3000e+01 2.1000e+01 2.5000e+01 2.2000e+01 2.4000e+01 3.3000e+01 2.5000e+01 2.4000e+01
3.1000e+01 2.0000e+01 2.2000e+01 2.3000e+01 2.7000e+01 4.0000e+01 4.1670e+03 2.1000e+01 2.9000e+01 1.7000e+01 2.1000e+01 2.2000e+01 7.0000e+00 2.2000e+01 2.1000e+01 1.9000e+01 2.9000e+01 2.9000e+01 2.8000e+01 1.9000e+01 1.9000e+01 3.2000e+01 3.1000e+01 2.5000e+01 2.8000e+01 2.2000e+01 2.0000e+01 2.8000e+01 1.9000e+01 1.8000e+01 2.4000e+01 2.3000e+01 3.4000e+01 2.3000e+01 2.3000e+01 3.7000e+01 1.7000e+01 2.8000e+01 1.9000e+01 2.4000e+01 2.5000e+01 2.3000e+01 2.0000e+01 1.9000e+01 1.6000e+01 3.3000e+01 1.7000e+01 2.2000e+01 2.1000e+01 1.9000e+01
2.7000e+01 2.6000e+01 2.9000e+01 3.5000e+01 2.7000e+01 2.4000e+01 3.2000e+01 2.4000e+01 2.2000e+01 2.6000e+01 3.1000e+01 2.6000e+01 1.8000e+01 1.7000e+01 1.9000e+01 2.6000e+01 2.2000e+01 3.1000e+01 1.9000e+01 2.9000e+01 2.2000e+01 2.5000e+01 2.2000e+01 2.1000e+01 1.9000e+01 2.9000e+01 2.8000e+01 1.4000e+01 2.3000e+01 2.2000e+01 1.9000e+01 2.8000e+01 2.7000e+01 2.7000e+01 1.9000e+01 2.3000e+01 2.9000e+01 2.3000e+01 3.2000e+01 1.8000e+01 2.9000e+01 2.4000e+01 3.1000e+01 2.3000e+01 2.0000e+01 6.2000e+01 1.4000e+01 2.1000e+01 2.8000e+01 2.8000e+01
2.6000e+01 2.2000e+01 3.0000e+01 2.2000e+01 2.9000e+01 2.3000e+01 3.0000e+01 2.1000e+01 2.4000e+01 3.9110e+03 3.4000e+01 2.0000e+01 3.0000e+01 2.2000e+01 2.7000e+01 2.2000e+01 2.2000e+01 1.5000e+01 1.6000e+01 2.0000e+01 2.6000e+01 1.6000e+01 2.2000e+01 2.1000e+01 2.8000e+01 2.7000e+01 3.5000e+01 2.5000e+01 1.8000e+01 2.5000e+01 1.8000e+01 1.2000e+01 2.8000e+01 2.6000e+01 2.3000e+01 2.1000e+01 2.0000e+01 1.9000e+01 2.3000e+01 1.8000e+01 4.9010e+03 2.5000e+01 2.7000e+01 2.2000e+01 2.8000e+01 2.0000e+01 2.6000e+01 2.4000e+01 1.7000e+01 1.5000e+01
2.4000e+01 2.0000e+01 2.5000e+01 3.0000e+01 2.3000e+01 2.6000e+01 2.3000e+01 1.9000e+01 2.4000e+01 3.3000e+01 3.3000e+01 3.4000e+01 1.9000e+01 2.3000e+01 1.7000e+01 2.6000e+01 3.3000e+01 2.0000e+01 1.9000e+01 2.8000e+01 2.7000e+01 2.8000e+01 2.4000e+01 2.6000e+01 2.3000e+01 2.6000e+01 4.7990e+03 2.8000e+01 2.6000e+01 2.6000e+01 2.1000e+01 2.2000e+01 2.6000e+01 2.5000e+01 7.0200e+02 2.0000e+01 3.6000e+01 1.5000e+01 2.3000e+01 2.8000e+01 2.7000e+01 2.4000e+01 5.3200e+02 2.7000e+01 3.1000e+01 2.5000e+01 2.2000e+01 2.9000e+01 2.4000e+01 2.1000e+01
1.6000e+01 2.8000e+01 3.2000e+01 2.8000e+01 2.9000e+01 2.1000e+01 2.3000e+01 2.4000e+01 1.9000e+01 3.2000e+01 4.3000e+01 3.1000e+01 2.4000e+01 2.4000e+01 2.2000e+01 3.2000e+01 2.0000e+01 2.2000e+01 3.3000e+01 3.0000e+01 1.5700e+03 2.6000e+01 1.8000e+01 2.4000e+01 2.3000e+01 2.0000e+01 2.5000e+01 2.6000e+01 2.7000e+01 2.6000e+01 2.8000e+01 3.4000e+01 1.8000e+01 2.9000e+01 2.3000e+01 2.2000e+01 3.3000e+01 2.3000e+01 2.3000e+01 2.2000e+01 1.8000e+01 2.4000e+01 2.8000e+01 2.9000e+01 1.6000e+01 3.5000e+01 4.8920e+03 1.6000e+01 4.0000e+01 2.5000e+01
1.9000e+01 2.0000e+01 2.3000e+01 2.5000e+01 2.5000e+01 1.6000e+01 1.6000e+01 2.2000e+01 1.8000e+01 3.2000e+01 3.3000e+01 2.8000e+01 2.6000e+01 2.2000e+01 2.7120e+03 2.2000e+01 2.9000e+01 2.7000e+01 3.0000e+01 3.7000e+01 1.8000e+01 2.2000e+01 2.1000e+01 2.4000e+01 2.4000e+01 2.3000e+01 2.5000e+01 2.6000e+01 2.3000e+01 2.7000e+01 2.5000e+01 2.2000e+01 3.5000e+01 2.7000e+01 2.4000e+01 2.6000e+01 2.2000e+01 2.4000e+01 2.6000e+01 3.1000e+01 2.5000e+01 2.3000e+01 2.3000e+01 2.5000e+01 2.1000e+01 2.7000e+01 2.9000e+01 4.1260e+03 2.3000e+01 2.6000e+01
2.0000e+01 2.3000e+01 2.1000e+01 2.4000e+01 2.2000e+01 1.3100e+03 2.0000e+01 1.4000e+01 1.5000e+01 2.0000e+01 2.1000e+01 2.6000e+01 1.9000e+01 3.0000e+01 2.2000e+01 3.1890e+03 2.7000e+01 2.7000e+01 2.7000e+01 2.1000e+01 2.7000e+01 2.4000e+01 2.4000e+01 2.4000e+01 1.8000e+01 2.5000e+01 1.3000e+01 2.1000e+01 2.6000e+01 2.8000e+01 2.4000e+01 2.4000e+01 2.9000e+01 2.0000e+01 3.4000e+01 2.7000e+01 2.3000e+01 1.6000e+01 2.2000e+01 2.1000e+01 3.0000e+01 2.4000e+01 2.3000e+01 2.3000e+01 2.4000e+01 2.4000e+01 2.2000e+01 3.2000e+01 1.9000e+01 2.7000e+01
2.0000e+01 2.8000e+01 2.8000e+01 2.0000e+01 2.4000e+01 3.0000e+01 2.9000e+01 4.7880e+03 2.6000e+01 2.4000e+01 3.2000e+01 1.8000e+01 2.5870e+03 2.4000e+01 2.2000e+01 2.8000e+01 2.7000e+01 2.3000e+01 2.7000e+01 2.6000e+01 2.1000e+01 2.1000e+01 2.8000e+01 2.8000e+01 2.9000e+01 2.2000e+01 2.5000e+01 2.2000e+01 1.6000e+01 2.5000e+01 1.7000e+01 1.8000e+01 2.7000e+01 1.6000e+01 2.1000e+01 2.4000e+01 2.4000e+01 2.3000e+01 3.3000e+01 2.4000e+01 2.6000e+01 2.6000e+01 2.8000e+01 2.8000e+01 2.3000e+01 3.2000e+01 3.3000e+01 2.7000e+01 2.3000e+01 2.6000e+01
3.8000e+01 2.5000e+01 2.9000e+01 2.4000e+01 3.2000e+01 2.1000e+01 2.4000e+01 1.8000e+01 1.8000e+01 2.1000e+01 1.8000e+01 1.8000e+01 2.1000e+01 3.0000e+01 2.7000e+01 2.3000e+01 2.8000e+01 2.9000e+01 2.6000e+01 3.2000e+01 3.0000e+01 1.5000e+01 2.0000e+01 2.5000e+01 2.0000e+01 1.9000e+01 2.0000e+01 2.5000e+01 2.6000e+01 3.4000e+01 1.7000e+01 2.0000e+01 1.9000e+01 2.7000e+01 2.3000e+01 2.2000e+01 2.7000e+01 1.7000e+01 2.5000e+01 3.2000e+01 2.6000e+01 3.0000e+01 2.5000e+01 4.8250e+03 1.7000e+01 2.4000e+01 2.3000e+01 2.4000e+01 2.1000e+01 2.9000e+01
2.9000e+01 2.8000e+01 2.6000e+01 2.9000e+01 2.5000e+01 1.1000e+01 2.4000e+01 2.7000e+01 2.5000e+01 2.6000e+01 1.9000e+01 2.6000e+01 2.2000e+01 2.7000e+01 2.7000e+01 2.9000e+01 2.4000e+01 2.7000e+01 3.3200e+03 3.1000e+01 6.1000e+01 2.5000e+01 2.5000e+01 3.0000e+01 1.7000e+01 4.7000e+01 2.3000e+01 2.5000e+01 2.9000e+01 2.9000e+01 3.4000e+01 2.7000e+01 1.3000e+01 3.1000e+01 2.1000e+01 3.3000e+01 3.1610e+03 2.1000e+01 2.4000e+01 3.1000e+01 2.1000e+01 2.0000e+01 2.7000e+01 2.4000e+01 3.2000e+01 2.8000e+01 2.1000e+01 2.0000e+01 2.2000e+01 3.1000e+01
2.4000e+01 3.6000e+01 2.0000e+01 3.9000e+01 3.0000e+01 3.3000e+01 2.5000e+01 1.6000e+01 2.5000e+01 2.5000e+01 2.2000e+01 2.7000e+01 1.7000e+01 2.9000e+01 8.5400e+02 2.0000e+01 3.2000e+01 1.9000e+03 2.0000e+01 2.2000e+01 1.9000e+01 1.9000e+01 3.1000e+01 2.9000e+01 2.1000e+01 2.7000e+01 3.2000e+01 1.7000e+01 3.1000e+01 3.4000e+01 2.6000e+01 2.5000e+01 3.1000e+01 3.0000e+01 1.9000e+01 2.5000e+01 2.9000e+01 2.5000e+01 2.7000e+01 2.5000e+01 1.9000e+01 4.7440e+03 2.5000e+01 2.1000e+01 2.1000e+01 2.0000e+01 2.2000e+01 2.6000e+01 2.5000e+01 3.1000e+01
2.1000e+01 2.1000e+01 2.4000e+01 2.2000e+01 3.2000e+01 1.9000e+01 2.2000e+01 2.7000e+01 2.4000e+01 2.2000e+01 3.0000e+01 2.3000e+01 2.4000e+01 2.1000e+01 2.7000e+01 1.2400e+02 1.6000e+01 2.8000e+01 2.5000e+01 2.1000e+01 1.6000e+01 1.9000e+01 2.0000e+01 1.9000e+01 3.2000e+01 2.1000e+01 2.4000e+01 2.8000e+01 2.4000e+01 2.9000e+01 2.5000e+01 2.3000e+01 2.3000e+01 1.9000e+01 1.8000e+01 2.7000e+01 2.6000e+01 2.6000e+01 1.9000e+01 2.0000e+01 2.3000e+01 2.5000e+01 4.1670e+03 2.8000e+01 3.0000e+01 1.8000e+01 2.5000e+01 2.8000e+01 2.5000e+01 2.8000e+01
2.5000e+01 4.7310e+03 1.9000e+01 2.2000e+01 2.2000e+01 1.9000e+01 2.1000e+01 3.3000e+01 2.2000e+01 3.1000e+01 2.6000e+01 2.9000e+01 2.2020e+03 1.2200e+02 3.2000e+01 2.2000e+01 2.5000e+01 2.0000e+01 2.3000e+01 3.4000e+01 2.1000e+01 2.2000e+01 2.4000e+01 1.7000e+01 1.9000e+01 2.5000e+01 2.6000e+01 3.1000e+01 3.4000e+01 2.8000e+01 2.8000e+01 3.1000e+01 2.3000e+01 2.3000e+01 1.7000e+01 2.7000e+01 1.9000e+01 2.2000e+01 2.6000e+01 2.3000e+01 2.9000e+01 2.4000e+01 2.9000e+01 1.7000e+01 2.8000e+01 2.8000e+01 2.5000e+01 2.4000e+01 2.1000e+01 3.0000e+01
2.9000e+01 2.6000e+01 4.8220e+03 2.6000e+01 2.1000e+01 2.0000e+01 2.3000e+01 2.4000e+01 2.1000e+01 3.1000e+01 2.9000e+01 2.1000e+01 2.9000e+01 2.2000e+01 2.9000e+01 2.2000e+01 1.5800e+02 2.1000e+01 2.5000e+01 1.6000e+01 1.4000e+01 2.6000e+01 2.3000e+01 1.8000e+01 2.0000e+01 2.7000e+01 3.6000e+01 2.6000e+01 3.0000e+01 2.1000e+01 7.3000e+01 2.4000e+01 2.1000e+01 3.0000e+01 2.9000e+01 2.3700e+02 1.5310e+03 1.8000e+01 2.4000e+01 3.4000e+01 3.2000e+01 3.1000e+01 2.1000e+01 2.2000e+01 2.6000e+01 2.1000e+01 3.4000e+01 2.2000e+01 3.7000e+01 2.8000e+01
2.9440e+03 2.1000e+01 1.6000e+01 2.2000e+01 2.0000e+01 2.6000e+01 2.5000e+01 2.5000e+01 2.3000e+01 2.4000e+01 2.9000e+01 2.2000e+01 3.8000e+01 2.9000e+01 1.4000e+01 1.4000e+01 2.1000e+01 2.4000e+01 3.1000e+01 2.3000e+01 3.2580e+03 2.7000e+01 2.1000e+01 2.0000e+01 1.8000e+01 2.0000e+01 2.2000e+01 2.9000e+01 2.8000e+01 2.2000e+01 2.7000e+01 2.8000e+01 3.0000e+01 1.6000e+01 2.4000e+01 2.1000e+01 2.0000e+01 2.4000e+01 3.7000e+01 2.8000e+01 2.6000e+01 3.5000e+01 2.7000e+01 1.4000e+01 2.5000e+01 2.1000e+01 3.3000e+01 2.0000e+01 2.1000e+01 3.1000e+01
3.1000e+01 2.5000e+01 2.4000e+01 2.4000e+01 2.1000e+01 2.5000e+01 2.4000e+01 3.5000e+01 1.9000e+01 2.1000e+01 1.9000e+01 1.9000e+01 2.3000e+01 3.5700e+02 2.6000e+01 2.3000e+01 3.2000e+01 3.1000e+01 1.9000e+01 1.9140e+03 1.5000e+01 2.9000e+01 2.6000e+01 2.8000e+01 2.2000e+01 2.5000e+01 2.3000e+01 4.7120e+03 2.4000e+01 2.9000e+01 2.7000e+01 2.3000e+01 1.8000e+01 1.8000e+01 1.9000e+01 2.5000e+01 2.6000e+01 2.2000e+01 2.0000e+01 2.1000e+01 3.3000e+01 2.3000e+01 1.7000e+01 3.3000e+01 1.8000e+01 1.5000e+01 2.6000e+01 1.9000e+01 3.4000e+01 1.6000e+01
1.5000e+01 2.1000e+01 2.8000e+01 2.7000e+01 2.7000e+01 3.4000e+01 1.9000e+01 2.1000e+01 2.2000e+01 2.5000e+01 1.9000e+01 2.4000e+01 2.9000e+01 2.5000e+01 1.8000e+01 2.0000e+01 1.5000e+01 3.6000e+01 2.4000e+01 1.6000e+01 2.0000e+01 1.3000e+01 2.2000e+01 2.7000e+01 1.9000e+01 3.2000e+01 1.9000e+01 2.5000e+01 2.1000e+01 2.2000e+01 2.3000e+01 2.6000e+01 2.9000e+01 3.1000e+01 2.3000e+01 2.4000e+01 2.4000e+01 2.0000e+01 3.0000e+01 2.5000e+01 2.7000e+01 2.2000e+01 2.8000e+01 2.4000e+01 1.7000e+01 1.8000e+01 2.4000e+01 3.0000e+01 2.6000e+01 2.1000e+01
3.8000e+01 2.1000e+01 2.8000e+01 2.7000e+01 2.9000e+01 2.8000e+01 2.9000e+01 2.7000e+01 2.5000e+01 2.2000e+01 2.5000e+01 3.3000e+01 2.8000e+01 2.5000e+01 2.4000e+01 3.3000e+01 3.0000e+01 2.9990e+03 3.3000e+01 1.5000e+01 3.7000e+01 2.3000e+01 2.0550e+03 2.4000e+01 2.3000e+01 2.5000e+01 2.5000e+01 1.9000e+01 2.5000e+01 2.5000e+01 2.2000e+01 2.6000e+01 2.1000e+01 2.3000e+01 2.0000e+01 3.6000e+01 2.7000e+01 2.7000e+01 1.9000e+01 1.5800e+03 2.0000e+01 1.6000e+01 2.1000e+01 2.5000e+01 2.3000e+01 2.3000e+01 1.2000e+01 2.0000e+01 1.3000e+01 3.9000e+01
1.8000e+01 2.0000e+01 2.4000e+01 1.6000e+01 1.9000e+01 2.5000e+01 2.4000e+01 1.6000e+01 2.3000e+01 2.7000e+01 2.5000e+01 1.6000e+01 2.8000e+01 2.0000e+01 2.3000e+01 1.5610e+03 2.3000e+01 3.6000e+01 2.8000e+01 3.0000e+01 2.2000e+01 2.4000e+01 2.3000e+01 2.0000e+01 2.4000e+01 3.0000e+01 1.9000e+01 2.4000e+01 2.8000e+01 1.6000e+01 2.7000e+01 2.5000e+01 2.3000e+01 2.7000e+01 5.9000e+01 2.6000e+01 2.8000e+01 2.5000e+01 2.0000e+01 1.5000e+01 1.8000e+01 2.1000e+01 2.9000e+01 2.0000e+01 2.3000e+01 3.4000e+01 2.6000e+01 2.3000e+01 3.7000e+01 2.0000e+01
2.7000e+01 3.1000e+01 2.7000e+01 3.2000e+01 4.7500e+03 1.8000e+01 2.3000e+01 2.3000e+01 2.4000e+01 1.4000e+01 1.9000e+01 2.9000e+01 2.9000e+01 2.0000e+01 1.2030e+03 2.2000e+01 2.6000e+01 2.0000e+01 2.3000e+01 1.7000e+01 3.0000e+01 3.5000e+01 2.2000e+01 1.7000e+01 2.5000e+01 2.1000e+01 3.2000e+01 2.5000e+01 2.1000e+01 2.3000e+01 2.7000e+01 2.4000e+01 1.0800e+02 3.1000e+01 2.5000e+01 2.4000e+01 2.8000e+01 2.0000e+01 2.0000e+01 2.1000e+01 2.4000e+01 2.7000e+01 3.0000e+01 2.8000e+01 3.0000e+01 3.3000e+01 3.0000e+01 2.0000e+01 2.4000e+01 1.8000e+01
3.3000e+01 1.6000e+01 2.0000e+01 1.9000e+01 2.0000e+01 2.1000e+01 2.2000e+01 2.8000e+01 2.5000e+01 3.3000e+01 2.3000e+01 2.1000e+01 2.8000e+01 2.1000e+01 1.7000e+01 2.4000e+01 2.1000e+01 2.4000e+01 2.4000e+01 3.6000e+01 2.0000e+01 2.6000e+01 2.5000e+01 2.3000e+01 2.9000e+01 1.4000e+01 2.0000e+01 2.3000e+01 2.2000e+01 2.2000e+01 2.2000e+01 2.5000e+01 3.1000e+01 2.9000e+01 2.0000e+01 2.0000e+01 2.4000e+01 2.7000e+01 2.5000e+01 2.2000e+01 2.5000e+01 2.4000e+01 2.4000e+01 2.7000e+01 3.4000e+01 2.6000e+01 2.1000e+01 2.2000e+01 3.8000e+01 2.9000e+01
5.8900e+02 3.2000e+01 2.1000e+01 4.8120e+03 1.9000e+01 2.2000e+01 3.4000e+01 2.4000e+01 3.1000e+01 2.6000e+01 3.0000e+01 2.1000e+01 2.3000e+01 2.7000e+01 3.1000e+01 1.9000e+01 2.5000e+01 2.9000e+01 2.0000e+01 1.9000e+01 2.1000e+01 3.1000e+01 2.3000e+01 2.0000e+01 2.3000e+01 2.7000e+01 1.8000e+01 2.6000e+01 2.1000e+01 1.3000e+01 1.6000e+01 3.5000e+01 2.9000e+01 2.3000e+01 2.7000e+01 3.6000e+01 2.3000e+01 2.2000e+01 2.2000e+01 2.4000e+01 2.3000e+01 2.8000e+01 1.5000e+01 2.3000e+01 2.6000e+01 2.5000e+01 1.9000e+01 3.3000e+01 2.8000e+01 2.1000e+01
2.6000e+01 2.3000e+01 1.6000e+01 2.5000e+01 2.1000e+01 2.6000e+01 2.3000e+01 2.6000e+01 2.6000e+01 2.7000e+01 2.5000e+01 2.6000e+01 2.0000e+01 2.4000e+01 2.3000e+01 2.4000e+01 2.6000e+01 1.8000e+01 1.4860e+03 7.2600e+02 2.7000e+01 2.4000e+01 2.9000e+01 3.0000e+01 4.7270e+03 1.8000e+01 3.6000e+01 2.3000e+01 1.7000e+01 2.6000e+01 2.7000e+01 1.8000e+01 2.6000e+01 2.5000e+01 1.9000e+01 3.0000e+01 1.9000e+01 5.2000e+01 1.9000e+01 2.9000e+01 2.6000e+01 2.4000e+01 2.0000e+01 2.7000e+01 2.1000e+01 2.9000e+01 1.5000e+01 1.8000e+01 2.3000e+01 2.6000e+01
2.4000e+01 3.4000e+01 3.0000e+01 1.5000e+01 3.1000e+01 2.4000e+01 2.1000e+01 2.6000e+01 2.7000e+01 8.6200e+02 2.4000e+01 2.4000e+01 2.6000e+01 2.3000e+01 2.9000e+01 2.8000e+01 2.1000e+01 2.1000e+01 3.3000e+01 2.9000e+01 2.6000e+01 1.9000e+01 2.3000e+01 2.1000e+01 2.6000e+01 1.9000e+01 1.7000e+01 3.1000e+01 2.7000e+01 2.0000e+01 2.4000e+01 2.9000e+01 4.7910e+03 2.3000e+01 2.0000e+01 2.2000e+01 2.1000e+01 2.3000e+01 3.8000e+01 2.6000e+01 2.4000e+01 2.0000e+01 1.7000e+01 1.9000e+01 1.7000e+01 2.0000e+01 3.7000e+01 2.3000e+01 1.9000e+01 2.1000e+01
